1 4 0 2 1.81265
1 4 0 3 1.41421
1 4 0 5 1.90693
1 4 0 6 2.13664
1 4 0 7 1.81265
1 4 0 8 2.19089
1 4 0 9 2.16025
1 4 0 10 2.19089
1 4 0 11 2
1 4 0 12 2.19089
1 4 0 13 2.19089
1 4 0 14 2.19089
1 4 2 3 1.41421
1 4 2 5 1.73205
1 4 2 6 1.62019
1 4 2 7 1.62019
1 4 2 8 1.81265
1 4 2 9 1.73205
1 4 2 10 1.81265
1 4 2 11 1.41421
1 4 2 12 1.81265
1 4 2 13 1.81265
1 4 2 14 1.81265
1 4 3 5 1.41421
1 4 3 6 1.41421
1 4 3 7 1.41421
1 4 3 8 1.41421
1 4 3 9 1.41421
1 4 3 10 1.41421
1 4 3 11 1.41421
1 4 3 12 1.41421
1 4 3 13 1.41421
1 4 3 14 1.41421
1 4 5 6 1.73205
1 4 5 7 1.73205
1 4 5 8 1.90693
1 4 5 9 1.85164
1 4 5 10 1.90693
1 4 5 11 1.41421
1 4 5 12 1.90693
1 4 5 13 1.90693
1 4 5 14 1.90693
1 4 6 7 1.62019
1 4 6 8 2.13664
1 4 6 9 2.13664
1 4 6 10 2.13664
1 4 6 11 2
1 4 6 12 2.13664
1 4 6 13 2.13664
1 4 6 14 2.13664
1 4 7 8 1.81265
1 4 7 9 1.73205
1 4 7 10 1.81265
1 4 7 11 1.41421
1 4 7 12 1.81265
1 4 7 13 1.81265
1 4 7 14 1.81265
1 4 8 9 2.16025
1 4 8 10 2.19089
1 4 8 11 2
1 4 8 12 2.19089
1 4 8 13 2.19089
1 4 8 14 2.19089
1 4 9 10 2.16025
1 4 9 11 2
1 4 9 12 2.16025
1 4 9 13 2.16025
1 4 9 14 2.16025
1 4 10 11 2
1 4 10 12 2.19089
1 4 10 13 2.19089
1 4 10 14 2.19089
1 4 11 12 2
1 4 11 13 2
1 4 11 14 2
1 4 12 13 2.19089
1 4 12 14 2.19089
1 4 13 14 2.19089
