6 8 0 1 2.28446
6 8 0 2 2.1391
6 8 0 3 2.389
6 8 0 4 2.66231
6 8 0 5 2.35488
6 8 0 7 2.1391
6 8 0 9 2.7314
6 8 0 10 2.71163
6 8 0 11 2.68408
6 8 0 12 2.65417
6 8 0 13 2.65417
6 8 0 14 2.72172
6 8 1 2 2
6 8 1 3 1.90693
6 8 1 4 2.13664
6 8 1 5 1.73205
6 8 1 7 2
6 8 1 9 2.28446
6 8 1 10 2.23607
6 8 1 11 2.19089
6 8 1 12 2.28446
6 8 1 13 2.28446
6 8 1 14 2.26385
6 8 2 3 2.02367
6 8 2 4 2.09938
6 8 2 5 2
6 8 2 7 1.62019
6 8 2 9 2.1693
6 8 2 10 2.13809
6 8 2 11 2.14154
6 8 2 12 2.08167
6 8 2 13 2.08167
6 8 2 14 2.15322
6 8 3 4 2.32266
6 8 3 5 2.07802
6 8 3 7 2.02367
6 8 3 9 2.42507
6 8 3 10 2.39046
6 8 3 11 2.42507
6 8 3 12 2.3094
6 8 3 13 2.28446
6 8 3 14 2.40662
6 8 4 5 2.39046
6 8 4 7 2.09938
6 8 4 9 2.68164
6 8 4 10 2.68164
6 8 4 11 2.62216
6 8 4 12 2.60419
6 8 4 13 2.58844
6 8 4 14 2.68164
6 8 5 7 2
6 8 5 9 2.39046
6 8 5 10 2.39046
6 8 5 11 2.32266
6 8 5 12 2.26385
6 8 5 13 2.23607
6 8 5 14 2.39046
6 8 7 9 2.1693
6 8 7 10 2.13809
6 8 7 11 2.14154
6 8 7 12 2.08167
6 8 7 13 2.08167
6 8 7 14 2.15322
6 8 9 10 2.72185
6 8 9 11 2.69472
6 8 9 12 2.67706
6 8 9 13 2.65417
6 8 9 14 2.73139
6 8 10 11 2.68164
6 8 10 12 2.66288
6 8 10 13 2.64575
6 8 10 14 2.72185
6 8 11 12 2.62912
6 8 11 13 2.64575
6 8 11 14 2.69077
6 8 12 13 2.64575
6 8 12 14 2.67842
6 8 13 14 2.66288
