6 8 0 1 2 3 4 5 7 9 10 0
6 8 0 1 2 3 4 5 7 9 11 1
6 8 0 1 2 3 4 5 7 9 12 1
6 8 0 1 2 3 4 5 7 9 13 1
6 8 0 1 2 3 4 5 7 9 14 0
6 8 0 1 2 3 4 5 7 10 11 0
6 8 0 1 2 3 4 5 7 10 12 0
6 8 0 1 2 3 4 5 7 10 13 0
6 8 0 1 2 3 4 5 7 10 14 0
6 8 0 1 2 3 4 5 7 11 12 1
6 8 0 1 2 3 4 5 7 11 13 1
6 8 0 1 2 3 4 5 7 11 14 0
6 8 0 1 2 3 4 5 7 12 13 1
6 8 0 1 2 3 4 5 7 12 14 0
6 8 0 1 2 3 4 5 7 13 14 0
6 8 0 1 2 3 4 5 9 10 11 0
6 8 0 1 2 3 4 5 9 10 12 0
6 8 0 1 2 3 4 5 9 10 13 0
6 8 0 1 2 3 4 5 9 10 14 0
6 8 0 1 2 3 4 5 9 11 12 1
6 8 0 1 2 3 4 5 9 11 13 1
6 8 0 1 2 3 4 5 9 11 14 0
6 8 0 1 2 3 4 5 9 12 13 1
6 8 0 1 2 3 4 5 9 12 14 0
6 8 0 1 2 3 4 5 9 13 14 0
6 8 0 1 2 3 4 5 10 11 12 0
6 8 0 1 2 3 4 5 10 11 13 0
6 8 0 1 2 3 4 5 10 11 14 0
6 8 0 1 2 3 4 5 10 12 13 0
6 8 0 1 2 3 4 5 10 12 14 0
6 8 0 1 2 3 4 5 10 13 14 0
6 8 0 1 2 3 4 5 11 12 13 1
6 8 0 1 2 3 4 5 11 12 14 0
6 8 0 1 2 3 4 5 11 13 14 0
6 8 0 1 2 3 4 5 12 13 14 0
6 8 0 1 2 3 4 7 9 10 11 0
6 8 0 1 2 3 4 7 9 10 12 0
6 8 0 1 2 3 4 7 9 10 13 0
6 8 0 1 2 3 4 7 9 10 14 0
6 8 0 1 2 3 4 7 9 11 12 1
6 8 0 1 2 3 4 7 9 11 13 1
6 8 0 1 2 3 4 7 9 11 14 0
6 8 0 1 2 3 4 7 9 12 13 1
6 8 0 1 2 3 4 7 9 12 14 0
6 8 0 1 2 3 4 7 9 13 14 0
6 8 0 1 2 3 4 7 10 11 12 0
6 8 0 1 2 3 4 7 10 11 13 0
6 8 0 1 2 3 4 7 10 11 14 0
6 8 0 1 2 3 4 7 10 12 13 0
6 8 0 1 2 3 4 7 10 12 14 0
6 8 0 1 2 3 4 7 10 13 14 0
6 8 0 1 2 3 4 7 11 12 13 1
6 8 0 1 2 3 4 7 11 12 14 0
6 8 0 1 2 3 4 7 11 13 14 0
6 8 0 1 2 3 4 7 12 13 14 0
6 8 0 1 2 3 4 9 10 11 12 1
6 8 0 1 2 3 4 9 10 11 13 1
6 8 0 1 2 3 4 9 10 11 14 1
6 8 0 1 2 3 4 9 10 12 13 1
6 8 0 1 2 3 4 9 10 12 14 1
6 8 0 1 2 3 4 9 10 13 14 1
6 8 0 1 2 3 4 9 11 12 13 1
6 8 0 1 2 3 4 9 11 12 14 1
6 8 0 1 2 3 4 9 11 13 14 1
6 8 0 1 2 3 4 9 12 13 14 1
6 8 0 1 2 3 4 10 11 12 13 1
6 8 0 1 2 3 4 10 11 12 14 1
6 8 0 1 2 3 4 10 11 13 14 1
6 8 0 1 2 3 4 10 12 13 14 1
6 8 0 1 2 3 4 11 12 13 14 1
6 8 0 1 2 3 5 7 9 10 11 0
6 8 0 1 2 3 5 7 9 10 12 0
6 8 0 1 2 3 5 7 9 10 13 0
6 8 0 1 2 3 5 7 9 10 14 0
6 8 0 1 2 3 5 7 9 11 12 1.41421
6 8 0 1 2 3 5 7 9 11 13 1.41421
6 8 0 1 2 3 5 7 9 11 14 1
6 8 0 1 2 3 5 7 9 12 13 1.41421
6 8 0 1 2 3 5 7 9 12 14 1
6 8 0 1 2 3 5 7 9 13 14 1
6 8 0 1 2 3 5 7 10 11 12 0
6 8 0 1 2 3 5 7 10 11 13 0
6 8 0 1 2 3 5 7 10 11 14 0
6 8 0 1 2 3 5 7 10 12 13 0
6 8 0 1 2 3 5 7 10 12 14 0
6 8 0 1 2 3 5 7 10 13 14 0
6 8 0 1 2 3 5 7 11 12 13 1.41421
6 8 0 1 2 3 5 7 11 12 14 1
6 8 0 1 2 3 5 7 11 13 14 1
6 8 0 1 2 3 5 7 12 13 14 1
6 8 0 1 2 3 5 9 10 11 12 0
6 8 0 1 2 3 5 9 10 11 13 0
6 8 0 1 2 3 5 9 10 11 14 0
6 8 0 1 2 3 5 9 10 12 13 0
6 8 0 1 2 3 5 9 10 12 14 0
6 8 0 1 2 3 5 9 10 13 14 0
6 8 0 1 2 3 5 9 11 12 13 1.41421
6 8 0 1 2 3 5 9 11 12 14 1
6 8 0 1 2 3 5 9 11 13 14 1
6 8 0 1 2 3 5 9 12 13 14 1
6 8 0 1 2 3 5 10 11 12 13 0
6 8 0 1 2 3 5 10 11 12 14 0
6 8 0 1 2 3 5 10 11 13 14 0
6 8 0 1 2 3 5 10 12 13 14 0
6 8 0 1 2 3 5 11 12 13 14 1
6 8 0 1 2 3 7 9 10 11 12 1
6 8 0 1 2 3 7 9 10 11 13 1
6 8 0 1 2 3 7 9 10 11 14 1
6 8 0 1 2 3 7 9 10 12 13 1
6 8 0 1 2 3 7 9 10 12 14 1
6 8 0 1 2 3 7 9 10 13 14 1
6 8 0 1 2 3 7 9 11 12 13 1.62019
6 8 0 1 2 3 7 9 11 12 14 1.41421
6 8 0 1 2 3 7 9 11 13 14 1.41421
6 8 0 1 2 3 7 9 12 13 14 1.41421
6 8 0 1 2 3 7 10 11 12 13 1
6 8 0 1 2 3 7 10 11 12 14 1
6 8 0 1 2 3 7 10 11 13 14 1
6 8 0 1 2 3 7 10 12 13 14 1
6 8 0 1 2 3 7 11 12 13 14 1.41421
6 8 0 1 2 3 9 10 11 12 13 1.41421
6 8 0 1 2 3 9 10 11 12 14 1.41421
6 8 0 1 2 3 9 10 11 13 14 1.41421
6 8 0 1 2 3 9 10 12 13 14 1.41421
6 8 0 1 2 3 9 11 12 13 14 1.62019
6 8 0 1 2 3 10 11 12 13 14 1.41421
6 8 0 1 2 4 5 7 9 10 11 0
6 8 0 1 2 4 5 7 9 10 12 1
6 8 0 1 2 4 5 7 9 10 13 1
6 8 0 1 2 4 5 7 9 10 14 1
6 8 0 1 2 4 5 7 9 11 12 1
6 8 0 1 2 4 5 7 9 11 13 1
6 8 0 1 2 4 5 7 9 11 14 0
6 8 0 1 2 4 5 7 9 12 13 1
6 8 0 1 2 4 5 7 9 12 14 1
6 8 0 1 2 4 5 7 9 13 14 1
6 8 0 1 2 4 5 7 10 11 12 0
6 8 0 1 2 4 5 7 10 11 13 0
6 8 0 1 2 4 5 7 10 11 14 0
6 8 0 1 2 4 5 7 10 12 13 1
6 8 0 1 2 4 5 7 10 12 14 1
6 8 0 1 2 4 5 7 10 13 14 1
6 8 0 1 2 4 5 7 11 12 13 1
6 8 0 1 2 4 5 7 11 12 14 0
6 8 0 1 2 4 5 7 11 13 14 0
6 8 0 1 2 4 5 7 12 13 14 1
6 8 0 1 2 4 5 9 10 11 12 1
6 8 0 1 2 4 5 9 10 11 13 1
6 8 0 1 2 4 5 9 10 11 14 1
6 8 0 1 2 4 5 9 10 12 13 1.41421
6 8 0 1 2 4 5 9 10 12 14 1.41421
6 8 0 1 2 4 5 9 10 13 14 1.41421
6 8 0 1 2 4 5 9 11 12 13 1
6 8 0 1 2 4 5 9 11 12 14 1
6 8 0 1 2 4 5 9 11 13 14 1
6 8 0 1 2 4 5 9 12 13 14 1.41421
6 8 0 1 2 4 5 10 11 12 13 1
6 8 0 1 2 4 5 10 11 12 14 1
6 8 0 1 2 4 5 10 11 13 14 1
6 8 0 1 2 4 5 10 12 13 14 1.41421
6 8 0 1 2 4 5 11 12 13 14 1
6 8 0 1 2 4 7 9 10 11 12 0
6 8 0 1 2 4 7 9 10 11 13 0
6 8 0 1 2 4 7 9 10 11 14 0
6 8 0 1 2 4 7 9 10 12 13 1
6 8 0 1 2 4 7 9 10 12 14 1
6 8 0 1 2 4 7 9 10 13 14 1
6 8 0 1 2 4 7 9 11 12 13 1
6 8 0 1 2 4 7 9 11 12 14 0
6 8 0 1 2 4 7 9 11 13 14 0
6 8 0 1 2 4 7 9 12 13 14 1
6 8 0 1 2 4 7 10 11 12 13 0
6 8 0 1 2 4 7 10 11 12 14 0
6 8 0 1 2 4 7 10 11 13 14 0
6 8 0 1 2 4 7 10 12 13 14 1
6 8 0 1 2 4 7 11 12 13 14 0
6 8 0 1 2 4 9 10 11 12 13 1.41421
6 8 0 1 2 4 9 10 11 12 14 1.41421
6 8 0 1 2 4 9 10 11 13 14 1.41421
6 8 0 1 2 4 9 10 12 13 14 1.62019
6 8 0 1 2 4 9 11 12 13 14 1.41421
6 8 0 1 2 4 10 11 12 13 14 1.41421
6 8 0 1 2 5 7 9 10 11 12 0
6 8 0 1 2 5 7 9 10 11 13 0
6 8 0 1 2 5 7 9 10 11 14 0
6 8 0 1 2 5 7 9 10 12 13 1
6 8 0 1 2 5 7 9 10 12 14 1
6 8 0 1 2 5 7 9 10 13 14 1
6 8 0 1 2 5 7 9 11 12 13 1.41421
6 8 0 1 2 5 7 9 11 12 14 1
6 8 0 1 2 5 7 9 11 13 14 1
6 8 0 1 2 5 7 9 12 13 14 1
6 8 0 1 2 5 7 10 11 12 13 0
6 8 0 1 2 5 7 10 11 12 14 0
6 8 0 1 2 5 7 10 11 13 14 0
6 8 0 1 2 5 7 10 12 13 14 1
6 8 0 1 2 5 7 11 12 13 14 1
6 8 0 1 2 5 9 10 11 12 13 1
6 8 0 1 2 5 9 10 11 12 14 1
6 8 0 1 2 5 9 10 11 13 14 1
6 8 0 1 2 5 9 10 12 13 14 1.41421
6 8 0 1 2 5 9 11 12 13 14 1
6 8 0 1 2 5 10 11 12 13 14 1
6 8 0 1 2 7 9 10 11 12 13 1
6 8 0 1 2 7 9 10 11 12 14 1
6 8 0 1 2 7 9 10 11 13 14 1
6 8 0 1 2 7 9 10 12 13 14 1
6 8 0 1 2 7 9 11 12 13 14 1.41421
6 8 0 1 2 7 10 11 12 13 14 1
6 8 0 1 2 9 10 11 12 13 14 1.62019
6 8 0 1 3 4 5 7 9 10 11 0
6 8 0 1 3 4 5 7 9 10 12 0
6 8 0 1 3 4 5 7 9 10 13 0
6 8 0 1 3 4 5 7 9 10 14 0
6 8 0 1 3 4 5 7 9 11 12 1
6 8 0 1 3 4 5 7 9 11 13 1
6 8 0 1 3 4 5 7 9 11 14 0
6 8 0 1 3 4 5 7 9 12 13 1
6 8 0 1 3 4 5 7 9 12 14 0
6 8 0 1 3 4 5 7 9 13 14 0
6 8 0 1 3 4 5 7 10 11 12 0
6 8 0 1 3 4 5 7 10 11 13 0
6 8 0 1 3 4 5 7 10 11 14 0
6 8 0 1 3 4 5 7 10 12 13 0
6 8 0 1 3 4 5 7 10 12 14 0
6 8 0 1 3 4 5 7 10 13 14 0
6 8 0 1 3 4 5 7 11 12 13 1
6 8 0 1 3 4 5 7 11 12 14 0
6 8 0 1 3 4 5 7 11 13 14 0
6 8 0 1 3 4 5 7 12 13 14 0
6 8 0 1 3 4 5 9 10 11 12 0
6 8 0 1 3 4 5 9 10 11 13 0
6 8 0 1 3 4 5 9 10 11 14 0
6 8 0 1 3 4 5 9 10 12 13 0
6 8 0 1 3 4 5 9 10 12 14 0
6 8 0 1 3 4 5 9 10 13 14 0
6 8 0 1 3 4 5 9 11 12 13 1
6 8 0 1 3 4 5 9 11 12 14 0
6 8 0 1 3 4 5 9 11 13 14 0
6 8 0 1 3 4 5 9 12 13 14 0
6 8 0 1 3 4 5 10 11 12 13 0
6 8 0 1 3 4 5 10 11 12 14 0
6 8 0 1 3 4 5 10 11 13 14 0
6 8 0 1 3 4 5 10 12 13 14 0
6 8 0 1 3 4 5 11 12 13 14 0
6 8 0 1 3 4 7 9 10 11 12 1
6 8 0 1 3 4 7 9 10 11 13 1
6 8 0 1 3 4 7 9 10 11 14 1
6 8 0 1 3 4 7 9 10 12 13 1
6 8 0 1 3 4 7 9 10 12 14 1
6 8 0 1 3 4 7 9 10 13 14 1
6 8 0 1 3 4 7 9 11 12 13 1
6 8 0 1 3 4 7 9 11 12 14 1
6 8 0 1 3 4 7 9 11 13 14 1
6 8 0 1 3 4 7 9 12 13 14 1
6 8 0 1 3 4 7 10 11 12 13 1
6 8 0 1 3 4 7 10 11 12 14 1
6 8 0 1 3 4 7 10 11 13 14 1
6 8 0 1 3 4 7 10 12 13 14 1
6 8 0 1 3 4 7 11 12 13 14 1
6 8 0 1 3 4 9 10 11 12 13 1.41421
6 8 0 1 3 4 9 10 11 12 14 1.41421
6 8 0 1 3 4 9 10 11 13 14 1.41421
6 8 0 1 3 4 9 10 12 13 14 1.41421
6 8 0 1 3 4 9 11 12 13 14 1.41421
6 8 0 1 3 4 10 11 12 13 14 1.41421
6 8 0 1 3 5 7 9 10 11 12 0
6 8 0 1 3 5 7 9 10 11 13 0
6 8 0 1 3 5 7 9 10 11 14 0
6 8 0 1 3 5 7 9 10 12 13 0
6 8 0 1 3 5 7 9 10 12 14 0
6 8 0 1 3 5 7 9 10 13 14 0
6 8 0 1 3 5 7 9 11 12 13 1.41421
6 8 0 1 3 5 7 9 11 12 14 1
6 8 0 1 3 5 7 9 11 13 14 1
6 8 0 1 3 5 7 9 12 13 14 1
6 8 0 1 3 5 7 10 11 12 13 0
6 8 0 1 3 5 7 10 11 12 14 0
6 8 0 1 3 5 7 10 11 13 14 0
6 8 0 1 3 5 7 10 12 13 14 0
6 8 0 1 3 5 7 11 12 13 14 1
6 8 0 1 3 5 9 10 11 12 13 0
6 8 0 1 3 5 9 10 11 12 14 0
6 8 0 1 3 5 9 10 11 13 14 0
6 8 0 1 3 5 9 10 12 13 14 0
6 8 0 1 3 5 9 11 12 13 14 1
6 8 0 1 3 5 10 11 12 13 14 0
6 8 0 1 3 7 9 10 11 12 13 1.41421
6 8 0 1 3 7 9 10 11 12 14 1.41421
6 8 0 1 3 7 9 10 11 13 14 1.41421
6 8 0 1 3 7 9 10 12 13 14 1.41421
6 8 0 1 3 7 9 11 12 13 14 1.62019
6 8 0 1 3 7 10 11 12 13 14 1.41421
6 8 0 1 3 9 10 11 12 13 14 1.73205
6 8 0 1 4 5 7 9 10 11 12 1
6 8 0 1 4 5 7 9 10 11 13 1
6 8 0 1 4 5 7 9 10 11 14 1
6 8 0 1 4 5 7 9 10 12 13 1.41421
6 8 0 1 4 5 7 9 10 12 14 1.41421
6 8 0 1 4 5 7 9 10 13 14 1.41421
6 8 0 1 4 5 7 9 11 12 13 1
6 8 0 1 4 5 7 9 11 12 14 1
6 8 0 1 4 5 7 9 11 13 14 1
6 8 0 1 4 5 7 9 12 13 14 1.41421
6 8 0 1 4 5 7 10 11 12 13 1
6 8 0 1 4 5 7 10 11 12 14 1
6 8 0 1 4 5 7 10 11 13 14 1
6 8 0 1 4 5 7 10 12 13 14 1.41421
6 8 0 1 4 5 7 11 12 13 14 1
6 8 0 1 4 5 9 10 11 12 13 1.41421
6 8 0 1 4 5 9 10 11 12 14 1.41421
6 8 0 1 4 5 9 10 11 13 14 1.41421
6 8 0 1 4 5 9 10 12 13 14 1.73205
6 8 0 1 4 5 9 11 12 13 14 1.41421
6 8 0 1 4 5 10 11 12 13 14 1.41421
6 8 0 1 4 7 9 10 11 12 13 1.41421
6 8 0 1 4 7 9 10 11 12 14 1.41421
6 8 0 1 4 7 9 10 11 13 14 1.41421
6 8 0 1 4 7 9 10 12 13 14 1.62019
6 8 0 1 4 7 9 11 12 13 14 1.41421
6 8 0 1 4 7 10 11 12 13 14 1.41421
6 8 0 1 4 9 10 11 12 13 14 2
6 8 0 1 5 7 9 10 11 12 13 1
6 8 0 1 5 7 9 10 11 12 14 1
6 8 0 1 5 7 9 10 11 13 14 1
6 8 0 1 5 7 9 10 12 13 14 1.41421
6 8 0 1 5 7 9 11 12 13 14 1
6 8 0 1 5 7 10 11 12 13 14 1
6 8 0 1 5 9 10 11 12 13 14 1.41421
6 8 0 1 7 9 10 11 12 13 14 1.62019
6 8 0 2 3 4 5 7 9 10 11 1.41421
6 8 0 2 3 4 5 7 9 10 12 1
6 8 0 2 3 4 5 7 9 10 13 1
6 8 0 2 3 4 5 7 9 10 14 1.41421
6 8 0 2 3 4 5 7 9 11 12 1
6 8 0 2 3 4 5 7 9 11 13 1
6 8 0 2 3 4 5 7 9 11 14 1.41421
6 8 0 2 3 4 5 7 9 12 13 1
6 8 0 2 3 4 5 7 9 12 14 1
6 8 0 2 3 4 5 7 9 13 14 1
6 8 0 2 3 4 5 7 10 11 12 1
6 8 0 2 3 4 5 7 10 11 13 1
6 8 0 2 3 4 5 7 10 11 14 1.41421
6 8 0 2 3 4 5 7 10 12 13 0
6 8 0 2 3 4 5 7 10 12 14 1
6 8 0 2 3 4 5 7 10 13 14 1
6 8 0 2 3 4 5 7 11 12 13 1
6 8 0 2 3 4 5 7 11 12 14 1
6 8 0 2 3 4 5 7 11 13 14 1
6 8 0 2 3 4 5 7 12 13 14 0
6 8 0 2 3 4 5 9 10 11 12 1.41421
6 8 0 2 3 4 5 9 10 11 13 1.41421
6 8 0 2 3 4 5 9 10 11 14 1.73205
6 8 0 2 3 4 5 9 10 12 13 1
6 8 0 2 3 4 5 9 10 12 14 1.41421
6 8 0 2 3 4 5 9 10 13 14 1.41421
6 8 0 2 3 4 5 9 11 12 13 1
6 8 0 2 3 4 5 9 11 12 14 1.41421
6 8 0 2 3 4 5 9 11 13 14 1.41421
6 8 0 2 3 4 5 9 12 13 14 1
6 8 0 2 3 4 5 10 11 12 13 1
6 8 0 2 3 4 5 10 11 12 14 1.41421
6 8 0 2 3 4 5 10 11 13 14 1.41421
6 8 0 2 3 4 5 10 12 13 14 1
6 8 0 2 3 4 5 11 12 13 14 1
6 8 0 2 3 4 7 9 10 11 12 1
6 8 0 2 3 4 7 9 10 11 13 1
6 8 0 2 3 4 7 9 10 11 14 1.41421
6 8 0 2 3 4 7 9 10 12 13 0
6 8 0 2 3 4 7 9 10 12 14 1
6 8 0 2 3 4 7 9 10 13 14 1
6 8 0 2 3 4 7 9 11 12 13 1
6 8 0 2 3 4 7 9 11 12 14 1
6 8 0 2 3 4 7 9 11 13 14 1
6 8 0 2 3 4 7 9 12 13 14 0
6 8 0 2 3 4 7 10 11 12 13 0
6 8 0 2 3 4 7 10 11 12 14 1
6 8 0 2 3 4 7 10 11 13 14 1
6 8 0 2 3 4 7 10 12 13 14 0
6 8 0 2 3 4 7 11 12 13 14 0
6 8 0 2 3 4 9 10 11 12 13 1.41421
6 8 0 2 3 4 9 10 11 12 14 1.62019
6 8 0 2 3 4 9 10 11 13 14 1.62019
6 8 0 2 3 4 9 10 12 13 14 1.41421
6 8 0 2 3 4 9 11 12 13 14 1.41421
6 8 0 2 3 4 10 11 12 13 14 1.41421
6 8 0 2 3 5 7 9 10 11 12 1
6 8 0 2 3 5 7 9 10 11 13 1
6 8 0 2 3 5 7 9 10 11 14 1.41421
6 8 0 2 3 5 7 9 10 12 13 0
6 8 0 2 3 5 7 9 10 12 14 1
6 8 0 2 3 5 7 9 10 13 14 1
6 8 0 2 3 5 7 9 11 12 13 1.41421
6 8 0 2 3 5 7 9 11 12 14 1
6 8 0 2 3 5 7 9 11 13 14 1
6 8 0 2 3 5 7 9 12 13 14 1
6 8 0 2 3 5 7 10 11 12 13 0
6 8 0 2 3 5 7 10 11 12 14 1
6 8 0 2 3 5 7 10 11 13 14 1
6 8 0 2 3 5 7 10 12 13 14 0
6 8 0 2 3 5 7 11 12 13 14 1
6 8 0 2 3 5 9 10 11 12 13 1
6 8 0 2 3 5 9 10 11 12 14 1.41421
6 8 0 2 3 5 9 10 11 13 14 1.41421
6 8 0 2 3 5 9 10 12 13 14 1
6 8 0 2 3 5 9 11 12 13 14 1
6 8 0 2 3 5 10 11 12 13 14 1
6 8 0 2 3 7 9 10 11 12 13 1
6 8 0 2 3 7 9 10 11 12 14 1
6 8 0 2 3 7 9 10 11 13 14 1
6 8 0 2 3 7 9 10 12 13 14 1
6 8 0 2 3 7 9 11 12 13 14 1.41421
6 8 0 2 3 7 10 11 12 13 14 1
6 8 0 2 3 9 10 11 12 13 14 1.62019
6 8 0 2 4 5 7 9 10 11 12 1
6 8 0 2 4 5 7 9 10 11 13 1
6 8 0 2 4 5 7 9 10 11 14 1.41421
6 8 0 2 4 5 7 9 10 12 13 1
6 8 0 2 4 5 7 9 10 12 14 1
6 8 0 2 4 5 7 9 10 13 14 1
6 8 0 2 4 5 7 9 11 12 13 1
6 8 0 2 4 5 7 9 11 12 14 1
6 8 0 2 4 5 7 9 11 13 14 1
6 8 0 2 4 5 7 9 12 13 14 1
6 8 0 2 4 5 7 10 11 12 13 0
6 8 0 2 4 5 7 10 11 12 14 1
6 8 0 2 4 5 7 10 11 13 14 1
6 8 0 2 4 5 7 10 12 13 14 1
6 8 0 2 4 5 7 11 12 13 14 0
6 8 0 2 4 5 9 10 11 12 13 1.41421
6 8 0 2 4 5 9 10 11 12 14 1.62019
6 8 0 2 4 5 9 10 11 13 14 1.62019
6 8 0 2 4 5 9 10 12 13 14 1.62019
6 8 0 2 4 5 9 11 12 13 14 1.41421
6 8 0 2 4 5 10 11 12 13 14 1.41421
6 8 0 2 4 7 9 10 11 12 13 0
6 8 0 2 4 7 9 10 11 12 14 1
6 8 0 2 4 7 9 10 11 13 14 1
6 8 0 2 4 7 9 10 12 13 14 1
6 8 0 2 4 7 9 11 12 13 14 0
6 8 0 2 4 7 10 11 12 13 14 0
6 8 0 2 4 9 10 11 12 13 14 1.73205
6 8 0 2 5 7 9 10 11 12 13 0
6 8 0 2 5 7 9 10 11 12 14 1
6 8 0 2 5 7 9 10 11 13 14 1
6 8 0 2 5 7 9 10 12 13 14 1
6 8 0 2 5 7 9 11 12 13 14 1
6 8 0 2 5 7 10 11 12 13 14 0
6 8 0 2 5 9 10 11 12 13 14 1.41421
6 8 0 2 7 9 10 11 12 13 14 1
6 8 0 3 4 5 7 9 10 11 12 1.41421
6 8 0 3 4 5 7 9 10 11 13 1.41421
6 8 0 3 4 5 7 9 10 11 14 1.73205
6 8 0 3 4 5 7 9 10 12 13 1
6 8 0 3 4 5 7 9 10 12 14 1.41421
6 8 0 3 4 5 7 9 10 13 14 1.41421
6 8 0 3 4 5 7 9 11 12 13 1
6 8 0 3 4 5 7 9 11 12 14 1.41421
6 8 0 3 4 5 7 9 11 13 14 1.41421
6 8 0 3 4 5 7 9 12 13 14 1
6 8 0 3 4 5 7 10 11 12 13 1
6 8 0 3 4 5 7 10 11 12 14 1.41421
6 8 0 3 4 5 7 10 11 13 14 1.41421
6 8 0 3 4 5 7 10 12 13 14 1
6 8 0 3 4 5 7 11 12 13 14 1
6 8 0 3 4 5 9 10 11 12 13 1.41421
6 8 0 3 4 5 9 10 11 12 14 1.73205
6 8 0 3 4 5 9 10 11 13 14 1.73205
6 8 0 3 4 5 9 10 12 13 14 1.41421
6 8 0 3 4 5 9 11 12 13 14 1.41421
6 8 0 3 4 5 10 11 12 13 14 1.41421
6 8 0 3 4 7 9 10 11 12 13 1.41421
6 8 0 3 4 7 9 10 11 12 14 1.62019
6 8 0 3 4 7 9 10 11 13 14 1.62019
6 8 0 3 4 7 9 10 12 13 14 1.41421
6 8 0 3 4 7 9 11 12 13 14 1.41421
6 8 0 3 4 7 10 11 12 13 14 1.41421
6 8 0 3 4 9 10 11 12 13 14 2
6 8 0 3 5 7 9 10 11 12 13 1
6 8 0 3 5 7 9 10 11 12 14 1.41421
6 8 0 3 5 7 9 10 11 13 14 1.41421
6 8 0 3 5 7 9 10 12 13 14 1
6 8 0 3 5 7 9 11 12 13 14 1
6 8 0 3 5 7 10 11 12 13 14 1
6 8 0 3 5 9 10 11 12 13 14 1.41421
6 8 0 3 7 9 10 11 12 13 14 1.62019
6 8 0 4 5 7 9 10 11 12 13 1.41421
6 8 0 4 5 7 9 10 11 12 14 1.62019
6 8 0 4 5 7 9 10 11 13 14 1.62019
6 8 0 4 5 7 9 10 12 13 14 1.62019
6 8 0 4 5 7 9 11 12 13 14 1.41421
6 8 0 4 5 7 10 11 12 13 14 1.41421
6 8 0 4 5 9 10 11 12 13 14 2
6 8 0 4 7 9 10 11 12 13 14 1.73205
6 8 0 5 7 9 10 11 12 13 14 1.41421
6 8 1 2 3 4 5 7 9 10 11 1
6 8 1 2 3 4 5 7 9 10 12 1
6 8 1 2 3 4 5 7 9 10 13 0
6 8 1 2 3 4 5 7 9 10 14 1
6 8 1 2 3 4 5 7 9 11 12 1
6 8 1 2 3 4 5 7 9 11 13 1
6 8 1 2 3 4 5 7 9 11 14 1
6 8 1 2 3 4 5 7 9 12 13 1
6 8 1 2 3 4 5 7 9 12 14 1
6 8 1 2 3 4 5 7 9 13 14 0
6 8 1 2 3 4 5 7 10 11 12 1
6 8 1 2 3 4 5 7 10 11 13 0
6 8 1 2 3 4 5 7 10 11 14 1
6 8 1 2 3 4 5 7 10 12 13 0
6 8 1 2 3 4 5 7 10 12 14 1
6 8 1 2 3 4 5 7 10 13 14 0
6 8 1 2 3 4 5 7 11 12 13 1
6 8 1 2 3 4 5 7 11 12 14 1
6 8 1 2 3 4 5 7 11 13 14 0
6 8 1 2 3 4 5 7 12 13 14 0
6 8 1 2 3 4 5 9 10 11 12 1
6 8 1 2 3 4 5 9 10 11 13 0
6 8 1 2 3 4 5 9 10 11 14 1
6 8 1 2 3 4 5 9 10 12 13 0
6 8 1 2 3 4 5 9 10 12 14 1
6 8 1 2 3 4 5 9 10 13 14 0
6 8 1 2 3 4 5 9 11 12 13 1
6 8 1 2 3 4 5 9 11 12 14 1
6 8 1 2 3 4 5 9 11 13 14 0
6 8 1 2 3 4 5 9 12 13 14 0
6 8 1 2 3 4 5 10 11 12 13 0
6 8 1 2 3 4 5 10 11 12 14 1
6 8 1 2 3 4 5 10 11 13 14 0
6 8 1 2 3 4 5 10 12 13 14 0
6 8 1 2 3 4 5 11 12 13 14 0
6 8 1 2 3 4 7 9 10 11 12 1
6 8 1 2 3 4 7 9 10 11 13 0
6 8 1 2 3 4 7 9 10 11 14 1
6 8 1 2 3 4 7 9 10 12 13 0
6 8 1 2 3 4 7 9 10 12 14 1
6 8 1 2 3 4 7 9 10 13 14 0
6 8 1 2 3 4 7 9 11 12 13 1
6 8 1 2 3 4 7 9 11 12 14 1
6 8 1 2 3 4 7 9 11 13 14 0
6 8 1 2 3 4 7 9 12 13 14 0
6 8 1 2 3 4 7 10 11 12 13 0
6 8 1 2 3 4 7 10 11 12 14 1
6 8 1 2 3 4 7 10 11 13 14 0
6 8 1 2 3 4 7 10 12 13 14 0
6 8 1 2 3 4 7 11 12 13 14 0
6 8 1 2 3 4 9 10 11 12 13 1
6 8 1 2 3 4 9 10 11 12 14 1
6 8 1 2 3 4 9 10 11 13 14 1
6 8 1 2 3 4 9 10 12 13 14 1
6 8 1 2 3 4 9 11 12 13 14 1
6 8 1 2 3 4 10 11 12 13 14 1
6 8 1 2 3 5 7 9 10 11 12 1
6 8 1 2 3 5 7 9 10 11 13 0
6 8 1 2 3 5 7 9 10 11 14 1
6 8 1 2 3 5 7 9 10 12 13 0
6 8 1 2 3 5 7 9 10 12 14 1
6 8 1 2 3 5 7 9 10 13 14 0
6 8 1 2 3 5 7 9 11 12 13 1.41421
6 8 1 2 3 5 7 9 11 12 14 1
6 8 1 2 3 5 7 9 11 13 14 1
6 8 1 2 3 5 7 9 12 13 14 1
6 8 1 2 3 5 7 10 11 12 13 0
6 8 1 2 3 5 7 10 11 12 14 1
6 8 1 2 3 5 7 10 11 13 14 0
6 8 1 2 3 5 7 10 12 13 14 0
6 8 1 2 3 5 7 11 12 13 14 1
6 8 1 2 3 5 9 10 11 12 13 0
6 8 1 2 3 5 9 10 11 12 14 1
6 8 1 2 3 5 9 10 11 13 14 0
6 8 1 2 3 5 9 10 12 13 14 0
6 8 1 2 3 5 9 11 12 13 14 1
6 8 1 2 3 5 10 11 12 13 14 0
6 8 1 2 3 7 9 10 11 12 13 1
6 8 1 2 3 7 9 10 11 12 14 1
6 8 1 2 3 7 9 10 11 13 14 1
6 8 1 2 3 7 9 10 12 13 14 1
6 8 1 2 3 7 9 11 12 13 14 1.41421
6 8 1 2 3 7 10 11 12 13 14 1
6 8 1 2 3 9 10 11 12 13 14 1.41421
6 8 1 2 4 5 7 9 10 11 12 1
6 8 1 2 4 5 7 9 10 11 13 0
6 8 1 2 4 5 7 9 10 11 14 1
6 8 1 2 4 5 7 9 10 12 13 1
6 8 1 2 4 5 7 9 10 12 14 1
6 8 1 2 4 5 7 9 10 13 14 1
6 8 1 2 4 5 7 9 11 12 13 1
6 8 1 2 4 5 7 9 11 12 14 1
6 8 1 2 4 5 7 9 11 13 14 0
6 8 1 2 4 5 7 9 12 13 14 1
6 8 1 2 4 5 7 10 11 12 13 0
6 8 1 2 4 5 7 10 11 12 14 1
6 8 1 2 4 5 7 10 11 13 14 0
6 8 1 2 4 5 7 10 12 13 14 1
6 8 1 2 4 5 7 11 12 13 14 0
6 8 1 2 4 5 9 10 11 12 13 1
6 8 1 2 4 5 9 10 11 12 14 1
6 8 1 2 4 5 9 10 11 13 14 1
6 8 1 2 4 5 9 10 12 13 14 1.41421
6 8 1 2 4 5 9 11 12 13 14 1
6 8 1 2 4 5 10 11 12 13 14 1
6 8 1 2 4 7 9 10 11 12 13 0
6 8 1 2 4 7 9 10 11 12 14 1
6 8 1 2 4 7 9 10 11 13 14 0
6 8 1 2 4 7 9 10 12 13 14 1
6 8 1 2 4 7 9 11 12 13 14 0
6 8 1 2 4 7 10 11 12 13 14 0
6 8 1 2 4 9 10 11 12 13 14 1.41421
6 8 1 2 5 7 9 10 11 12 13 0
6 8 1 2 5 7 9 10 11 12 14 1
6 8 1 2 5 7 9 10 11 13 14 0
6 8 1 2 5 7 9 10 12 13 14 1
6 8 1 2 5 7 9 11 12 13 14 1
6 8 1 2 5 7 10 11 12 13 14 0
6 8 1 2 5 9 10 11 12 13 14 1
6 8 1 2 7 9 10 11 12 13 14 1
6 8 1 3 4 5 7 9 10 11 12 1
6 8 1 3 4 5 7 9 10 11 13 0
6 8 1 3 4 5 7 9 10 11 14 1
6 8 1 3 4 5 7 9 10 12 13 0
6 8 1 3 4 5 7 9 10 12 14 1
6 8 1 3 4 5 7 9 10 13 14 0
6 8 1 3 4 5 7 9 11 12 13 1
6 8 1 3 4 5 7 9 11 12 14 1
6 8 1 3 4 5 7 9 11 13 14 0
6 8 1 3 4 5 7 9 12 13 14 0
6 8 1 3 4 5 7 10 11 12 13 0
6 8 1 3 4 5 7 10 11 12 14 1
6 8 1 3 4 5 7 10 11 13 14 0
6 8 1 3 4 5 7 10 12 13 14 0
6 8 1 3 4 5 7 11 12 13 14 0
6 8 1 3 4 5 9 10 11 12 13 0
6 8 1 3 4 5 9 10 11 12 14 1
6 8 1 3 4 5 9 10 11 13 14 0
6 8 1 3 4 5 9 10 12 13 14 0
6 8 1 3 4 5 9 11 12 13 14 0
6 8 1 3 4 5 10 11 12 13 14 0
6 8 1 3 4 7 9 10 11 12 13 1
6 8 1 3 4 7 9 10 11 12 14 1
6 8 1 3 4 7 9 10 11 13 14 1
6 8 1 3 4 7 9 10 12 13 14 1
6 8 1 3 4 7 9 11 12 13 14 1
6 8 1 3 4 7 10 11 12 13 14 1
6 8 1 3 4 9 10 11 12 13 14 1.41421
6 8 1 3 5 7 9 10 11 12 13 0
6 8 1 3 5 7 9 10 11 12 14 1
6 8 1 3 5 7 9 10 11 13 14 0
6 8 1 3 5 7 9 10 12 13 14 0
6 8 1 3 5 7 9 11 12 13 14 1
6 8 1 3 5 7 10 11 12 13 14 0
6 8 1 3 5 9 10 11 12 13 14 0
6 8 1 3 7 9 10 11 12 13 14 1.41421
6 8 1 4 5 7 9 10 11 12 13 1
6 8 1 4 5 7 9 10 11 12 14 1
6 8 1 4 5 7 9 10 11 13 14 1
6 8 1 4 5 7 9 10 12 13 14 1.41421
6 8 1 4 5 7 9 11 12 13 14 1
6 8 1 4 5 7 10 11 12 13 14 1
6 8 1 4 5 9 10 11 12 13 14 1.41421
6 8 1 4 7 9 10 11 12 13 14 1.41421
6 8 1 5 7 9 10 11 12 13 14 1
6 8 2 3 4 5 7 9 10 11 12 1.41421
6 8 2 3 4 5 7 9 10 11 13 1
6 8 2 3 4 5 7 9 10 11 14 1.62019
6 8 2 3 4 5 7 9 10 12 13 0
6 8 2 3 4 5 7 9 10 12 14 1.41421
6 8 2 3 4 5 7 9 10 13 14 1
6 8 2 3 4 5 7 9 11 12 13 1
6 8 2 3 4 5 7 9 11 12 14 1.41421
6 8 2 3 4 5 7 9 11 13 14 1
6 8 2 3 4 5 7 9 12 13 14 0
6 8 2 3 4 5 7 10 11 12 13 0
6 8 2 3 4 5 7 10 11 12 14 1.41421
6 8 2 3 4 5 7 10 11 13 14 1
6 8 2 3 4 5 7 10 12 13 14 0
6 8 2 3 4 5 7 11 12 13 14 0
6 8 2 3 4 5 9 10 11 12 13 1
6 8 2 3 4 5 9 10 11 12 14 1.62019
6 8 2 3 4 5 9 10 11 13 14 1.41421
6 8 2 3 4 5 9 10 12 13 14 1
6 8 2 3 4 5 9 11 12 13 14 1
6 8 2 3 4 5 10 11 12 13 14 1
6 8 2 3 4 7 9 10 11 12 13 0
6 8 2 3 4 7 9 10 11 12 14 1.41421
6 8 2 3 4 7 9 10 11 13 14 1
6 8 2 3 4 7 9 10 12 13 14 0
6 8 2 3 4 7 9 11 12 13 14 0
6 8 2 3 4 7 10 11 12 13 14 0
6 8 2 3 4 9 10 11 12 13 14 1.41421
6 8 2 3 5 7 9 10 11 12 13 0
6 8 2 3 5 7 9 10 11 12 14 1.41421
6 8 2 3 5 7 9 10 11 13 14 1
6 8 2 3 5 7 9 10 12 13 14 0
6 8 2 3 5 7 9 11 12 13 14 1
6 8 2 3 5 7 10 11 12 13 14 0
6 8 2 3 5 9 10 11 12 13 14 1
6 8 2 3 7 9 10 11 12 13 14 1
6 8 2 4 5 7 9 10 11 12 13 0
6 8 2 4 5 7 9 10 11 12 14 1.41421
6 8 2 4 5 7 9 10 11 13 14 1
6 8 2 4 5 7 9 10 12 13 14 1
6 8 2 4 5 7 9 11 12 13 14 0
6 8 2 4 5 7 10 11 12 13 14 0
6 8 2 4 5 9 10 11 12 13 14 1.41421
6 8 2 4 7 9 10 11 12 13 14 0
6 8 2 5 7 9 10 11 12 13 14 0
6 8 3 4 5 7 9 10 11 12 13 1
6 8 3 4 5 7 9 10 11 12 14 1.62019
6 8 3 4 5 7 9 10 11 13 14 1.41421
6 8 3 4 5 7 9 10 12 13 14 1
6 8 3 4 5 7 9 11 12 13 14 1
6 8 3 4 5 7 10 11 12 13 14 1
6 8 3 4 5 9 10 11 12 13 14 1.41421
6 8 3 4 7 9 10 11 12 13 14 1.41421
6 8 3 5 7 9 10 11 12 13 14 1
6 8 4 5 7 9 10 11 12 13 14 1.41421
