7 11 0 1 2 3 4 5 6 8 9 10 12 0
7 11 0 1 2 3 4 5 6 8 9 10 13 0
7 11 0 1 2 3 4 5 6 8 9 10 14 0
7 11 0 1 2 3 4 5 6 8 9 12 13 1
7 11 0 1 2 3 4 5 6 8 9 12 14 0
7 11 0 1 2 3 4 5 6 8 9 13 14 0
7 11 0 1 2 3 4 5 6 8 10 12 13 0
7 11 0 1 2 3 4 5 6 8 10 12 14 0
7 11 0 1 2 3 4 5 6 8 10 13 14 0
7 11 0 1 2 3 4 5 6 8 12 13 14 0
7 11 0 1 2 3 4 5 6 9 10 12 13 0
7 11 0 1 2 3 4 5 6 9 10 12 14 0
7 11 0 1 2 3 4 5 6 9 10 13 14 0
7 11 0 1 2 3 4 5 6 9 12 13 14 1
7 11 0 1 2 3 4 5 6 10 12 13 14 0
7 11 0 1 2 3 4 5 8 9 10 12 13 0
7 11 0 1 2 3 4 5 8 9 10 12 14 0
7 11 0 1 2 3 4 5 8 9 10 13 14 0
7 11 0 1 2 3 4 5 8 9 12 13 14 0
7 11 0 1 2 3 4 5 8 10 12 13 14 1
7 11 0 1 2 3 4 5 9 10 12 13 14 0
7 11 0 1 2 3 4 6 8 9 10 12 13 0
7 11 0 1 2 3 4 6 8 9 10 12 14 0
7 11 0 1 2 3 4 6 8 9 10 13 14 0
7 11 0 1 2 3 4 6 8 9 12 13 14 0
7 11 0 1 2 3 4 6 8 10 12 13 14 0
7 11 0 1 2 3 4 6 9 10 12 13 14 0
7 11 0 1 2 3 4 8 9 10 12 13 14 0
7 11 0 1 2 3 5 6 8 9 10 12 13 0
7 11 0 1 2 3 5 6 8 9 10 12 14 0
7 11 0 1 2 3 5 6 8 9 10 13 14 0
7 11 0 1 2 3 5 6 8 9 12 13 14 1
7 11 0 1 2 3 5 6 8 10 12 13 14 0
7 11 0 1 2 3 5 6 9 10 12 13 14 0
7 11 0 1 2 3 5 8 9 10 12 13 14 0
7 11 0 1 2 3 6 8 9 10 12 13 14 1
7 11 0 1 2 4 5 6 8 9 10 12 13 0
7 11 0 1 2 4 5 6 8 9 10 12 14 0
7 11 0 1 2 4 5 6 8 9 10 13 14 0
7 11 0 1 2 4 5 6 8 9 12 13 14 0
7 11 0 1 2 4 5 6 8 10 12 13 14 0
7 11 0 1 2 4 5 6 9 10 12 13 14 0
7 11 0 1 2 4 5 8 9 10 12 13 14 0
7 11 0 1 2 4 6 8 9 10 12 13 14 0
7 11 0 1 2 5 6 8 9 10 12 13 14 0
7 11 0 1 3 4 5 6 8 9 10 12 13 0
7 11 0 1 3 4 5 6 8 9 10 12 14 0
7 11 0 1 3 4 5 6 8 9 10 13 14 0
7 11 0 1 3 4 5 6 8 9 12 13 14 0
7 11 0 1 3 4 5 6 8 10 12 13 14 0
7 11 0 1 3 4 5 6 9 10 12 13 14 0
7 11 0 1 3 4 5 8 9 10 12 13 14 0
7 11 0 1 3 4 6 8 9 10 12 13 14 1
7 11 0 1 3 5 6 8 9 10 12 13 14 0
7 11 0 1 4 5 6 8 9 10 12 13 14 1
7 11 0 2 3 4 5 6 8 9 10 12 13 0
7 11 0 2 3 4 5 6 8 9 10 12 14 1
7 11 0 2 3 4 5 6 8 9 10 13 14 1
7 11 0 2 3 4 5 6 8 9 12 13 14 0
7 11 0 2 3 4 5 6 8 10 12 13 14 0
7 11 0 2 3 4 5 6 9 10 12 13 14 1
7 11 0 2 3 4 5 8 9 10 12 13 14 0
7 11 0 2 3 4 6 8 9 10 12 13 14 0
7 11 0 2 3 5 6 8 9 10 12 13 14 0
7 11 0 2 4 5 6 8 9 10 12 13 14 0
7 11 0 3 4 5 6 8 9 10 12 13 14 1
7 11 1 2 3 4 5 6 8 9 10 12 13 0
7 11 1 2 3 4 5 6 8 9 10 12 14 1
7 11 1 2 3 4 5 6 8 9 10 13 14 0
7 11 1 2 3 4 5 6 8 9 12 13 14 0
7 11 1 2 3 4 5 6 8 10 12 13 14 0
7 11 1 2 3 4 5 6 9 10 12 13 14 0
7 11 1 2 3 4 5 8 9 10 12 13 14 0
7 11 1 2 3 4 6 8 9 10 12 13 14 0
7 11 1 2 3 5 6 8 9 10 12 13 14 0
7 11 1 2 4 5 6 8 9 10 12 13 14 0
7 11 1 3 4 5 6 8 9 10 12 13 14 0
7 11 2 3 4 5 6 8 9 10 12 13 14 0
