7 11 0 1 2 1.85164
7 11 0 1 3 1.90693
7 11 0 1 4 1.41421
7 11 0 1 5 1.73205
7 11 0 1 6 1.93309
7 11 0 1 8 1.81265
7 11 0 1 9 1.93309
7 11 0 1 10 1.62019
7 11 0 1 12 1.93309
7 11 0 1 13 1.93309
7 11 0 1 14 1.81265
7 11 0 2 3 2.04939
7 11 0 2 4 1.90693
7 11 0 2 5 2
7 11 0 2 6 2.04939
7 11 0 2 8 1.62019
7 11 0 2 9 2.04939
7 11 0 2 10 1.73205
7 11 0 2 12 2
7 11 0 2 13 2
7 11 0 2 14 1.93309
7 11 0 3 4 2.16556
7 11 0 3 5 2.15297
7 11 0 3 6 2.27913
7 11 0 3 8 1.96214
7 11 0 3 9 2.27913
7 11 0 3 10 2.10357
7 11 0 3 12 2.16025
7 11 0 3 13 2.16025
7 11 0 3 14 2.24038
7 11 0 4 5 2.16556
7 11 0 4 6 2.23846
7 11 0 4 8 2.00294
7 11 0 4 9 2.23846
7 11 0 4 10 2.17945
7 11 0 4 12 2.08167
7 11 0 4 13 2.08167
7 11 0 4 14 2.22354
7 11 0 5 6 2.19034
7 11 0 5 8 1.85164
7 11 0 5 9 2.19034
7 11 0 5 10 2.07802
7 11 0 5 12 2.04939
7 11 0 5 13 2.04939
7 11 0 5 14 2.16556
7 11 0 6 8 2.09069
7 11 0 6 9 2.35855
7 11 0 6 10 2.21037
7 11 0 6 12 2.2563
7 11 0 6 13 2.2563
7 11 0 6 14 2.31349
7 11 0 8 9 2.09069
7 11 0 8 10 2.04939
7 11 0 8 12 2
7 11 0 8 13 2
7 11 0 8 14 2.08167
7 11 0 9 10 2.21037
7 11 0 9 12 2.2563
7 11 0 9 13 2.2563
7 11 0 9 14 2.31349
7 11 0 10 12 2.04939
7 11 0 10 13 2.04939
7 11 0 10 14 2.21037
7 11 0 12 13 2.173
7 11 0 12 14 2.19745
7 11 0 13 14 2.19745
7 11 1 2 3 1.85164
7 11 1 2 4 1.41421
7 11 1 2 5 1.73205
7 11 1 2 6 1.85164
7 11 1 2 8 1.62019
7 11 1 2 9 1.85164
7 11 1 2 10 1
7 11 1 2 12 1.85164
7 11 1 2 13 1.85164
7 11 1 2 14 1.62019
7 11 1 3 4 1.41421
7 11 1 3 5 1.73205
7 11 1 3 6 1.90693
7 11 1 3 8 1.73205
7 11 1 3 9 1.90693
7 11 1 3 10 1.41421
7 11 1 3 12 1.90693
7 11 1 3 13 1.90693
7 11 1 3 14 1.73205
7 11 1 4 5 1.41421
7 11 1 4 6 1.41421
7 11 1 4 8 1.41421
7 11 1 4 9 1.41421
7 11 1 4 10 1.41421
7 11 1 4 12 1.41421
7 11 1 4 13 1.41421
7 11 1 4 14 1.41421
7 11 1 5 6 1.73205
7 11 1 5 8 1.41421
7 11 1 5 9 1.73205
7 11 1 5 10 1
7 11 1 5 12 1.73205
7 11 1 5 13 1.73205
7 11 1 5 14 1.41421
7 11 1 6 8 1.81265
7 11 1 6 9 1.93309
7 11 1 6 10 1.62019
7 11 1 6 12 1.93309
7 11 1 6 13 1.93309
7 11 1 6 14 1.81265
7 11 1 8 9 1.81265
7 11 1 8 10 1.62019
7 11 1 8 12 1.81265
7 11 1 8 13 1.81265
7 11 1 8 14 1.73205
7 11 1 9 10 1.62019
7 11 1 9 12 1.93309
7 11 1 9 13 1.93309
7 11 1 9 14 1.81265
7 11 1 10 12 1.62019
7 11 1 10 13 1.62019
7 11 1 10 14 1.62019
7 11 1 12 13 1.93309
7 11 1 12 14 1.81265
7 11 1 13 14 1.81265
7 11 2 3 4 2
7 11 2 3 5 2.04939
7 11 2 3 6 2.08167
7 11 2 3 8 1.62019
7 11 2 3 9 2.08167
7 11 2 3 10 1.85164
7 11 2 3 12 2
7 11 2 3 13 2
7 11 2 3 14 2
7 11 2 4 5 2
7 11 2 4 6 2
7 11 2 4 8 1.62019
7 11 2 4 9 2
7 11 2 4 10 1.85164
7 11 2 4 12 1.81265
7 11 2 4 13 1.73205
7 11 2 4 14 1.93309
7 11 2 5 6 2.04939
7 11 2 5 8 1.62019
7 11 2 5 9 2.04939
7 11 2 5 10 1.85164
7 11 2 5 12 1.93309
7 11 2 5 13 1.90693
7 11 2 5 14 2
7 11 2 6 8 1.62019
7 11 2 6 9 2.08167
7 11 2 6 10 1.85164
7 11 2 6 12 2
7 11 2 6 13 2
7 11 2 6 14 2
7 11 2 8 9 1.62019
7 11 2 8 10 1.62019
7 11 2 8 12 1.62019
7 11 2 8 13 1.62019
7 11 2 8 14 1.62019
7 11 2 9 10 1.85164
7 11 2 9 12 2
7 11 2 9 13 2
7 11 2 9 14 2
7 11 2 10 12 1.62019
7 11 2 10 13 1.41421
7 11 2 10 14 1.85164
7 11 2 12 13 1.93309
7 11 2 12 14 2
7 11 2 13 14 1.81265
7 11 3 4 5 2.16556
7 11 3 4 6 2.23607
7 11 3 4 8 1.93309
7 11 3 4 9 2.23607
7 11 3 4 10 2.13809
7 11 3 4 12 2.0381
7 11 3 4 13 2
7 11 3 4 14 2.18955
7 11 3 5 6 2.19034
7 11 3 5 8 1.85164
7 11 3 5 9 2.19034
7 11 3 5 10 2.07802
7 11 3 5 12 2.04939
7 11 3 5 13 2
7 11 3 5 14 2.16556
7 11 3 6 8 2.02367
7 11 3 6 9 2.326
7 11 3 6 10 2.16556
7 11 3 6 12 2.20605
7 11 3 6 13 2.16025
7 11 3 6 14 2.27837
7 11 3 8 9 2.02367
7 11 3 8 10 2
7 11 3 8 12 2
7 11 3 8 13 2
7 11 3 8 14 2
7 11 3 9 10 2.16556
7 11 3 9 12 2.20605
7 11 3 9 13 2.16025
7 11 3 9 14 2.27837
7 11 3 10 12 2
7 11 3 10 13 1.90693
7 11 3 10 14 2.16556
7 11 3 12 13 2.10639
7 11 3 12 14 2.16025
7 11 3 13 14 2.10639
7 11 4 5 6 2.23607
7 11 4 5 8 1.93309
7 11 4 5 9 2.23607
7 11 4 5 10 2.13809
7 11 4 5 12 2.0381
7 11 4 5 13 2
7 11 4 5 14 2.18955
7 11 4 6 8 2.04939
7 11 4 6 9 2.28239
7 11 4 6 10 2.22354
7 11 4 6 12 2.12132
7 11 4 6 13 2.08167
7 11 4 6 14 2.26779
7 11 4 8 9 2.04939
7 11 4 8 10 2.04939
7 11 4 8 12 1.90693
7 11 4 8 13 1.85164
7 11 4 8 14 2.04939
7 11 4 9 10 2.22354
7 11 4 9 12 2.12132
7 11 4 9 13 2.08167
7 11 4 9 14 2.26779
7 11 4 10 12 2.04939
7 11 4 10 13 2.00294
7 11 4 10 14 2.22354
7 11 4 12 13 1.93309
7 11 4 12 14 2.10223
7 11 4 13 14 2.04939
7 11 5 6 8 1.93309
7 11 5 6 9 2.24649
7 11 5 6 10 2.13809
7 11 5 6 12 2.081
7 11 5 6 13 2.04939
7 11 5 6 14 2.23607
7 11 5 8 9 1.93309
7 11 5 8 10 1.93309
7 11 5 8 12 1.73205
7 11 5 8 13 1.62019
7 11 5 8 14 1.93309
7 11 5 9 10 2.13809
7 11 5 9 12 2.081
7 11 5 9 13 2.04939
7 11 5 9 14 2.23607
7 11 5 10 12 1.93309
7 11 5 10 13 1.85164
7 11 5 10 14 2.13809
7 11 5 12 13 1.93309
7 11 5 12 14 2.0381
7 11 5 13 14 2
7 11 6 8 9 2.14154
7 11 6 8 10 2.09938
7 11 6 8 12 2.04495
7 11 6 8 13 2
7 11 6 8 14 2.16025
7 11 6 9 10 2.2514
7 11 6 9 12 2.27761
7 11 6 9 13 2.2563
7 11 6 9 14 2.34937
7 11 6 10 12 2.09938
7 11 6 10 13 2.04939
7 11 6 10 14 2.2514
7 11 6 12 13 2.173
7 11 6 12 14 2.23607
7 11 6 13 14 2.19745
7 11 8 9 10 2.09938
7 11 8 9 12 2.04495
7 11 8 9 13 2
7 11 8 9 14 2.16025
7 11 8 10 12 2
7 11 8 10 13 1.93309
7 11 8 10 14 2.09938
7 11 8 12 13 1.93309
7 11 8 12 14 2.01187
7 11 8 13 14 2
7 11 9 10 12 2.09938
7 11 9 10 13 2.04939
7 11 9 10 14 2.2514
7 11 9 12 13 2.173
7 11 9 12 14 2.23607
7 11 9 13 14 2.19745
7 11 10 12 13 1.93309
7 11 10 12 14 2.09938
7 11 10 13 14 2.04939
7 11 12 13 14 2.10639
