0 12 1 2 1.97531
0 12 1 3 2
0 12 1 4 2.19089
0 12 1 5 1.90693
0 12 1 6 2.44949
0 12 1 7 1.97531
0 12 1 8 2.38048
0 12 1 9 2.44949
0 12 1 10 2.28446
0 12 1 11 2.23607
0 12 1 13 2.44949
0 12 1 14 2.38048
0 12 2 3 2.16025
0 12 2 4 2.14542
0 12 2 5 2.08484
0 12 2 6 2.27798
0 12 2 7 2
0 12 2 8 2.16025
0 12 2 9 2.28841
0 12 2 10 2.1391
0 12 2 11 2.2563
0 12 2 13 2.20678
0 12 2 14 2.24812
0 12 3 4 2.33699
0 12 3 5 2.15297
0 12 3 6 2.50333
0 12 3 7 2.16025
0 12 3 8 2.28446
0 12 3 9 2.50333
0 12 3 10 2.35488
0 12 3 11 2.50333
0 12 3 13 2.44949
0 12 3 14 2.46311
0 12 4 5 2.43521
0 12 4 6 2.67896
0 12 4 7 2.14542
0 12 4 8 2.64575
0 12 4 9 2.68845
0 12 4 10 2.68408
0 12 4 11 2.62202
0 12 4 13 2.63923
0 12 4 14 2.69472
0 12 5 6 2.42997
0 12 5 7 2.08484
0 12 5 8 2.28446
0 12 5 9 2.50713
0 12 5 10 2.389
0 12 5 11 2.39046
0 12 5 13 2.44949
0 12 5 14 2.43521
0 12 6 7 2.27798
0 12 6 8 2.65417
0 12 6 9 2.77833
0 12 6 10 2.71163
0 12 6 11 2.74064
0 12 6 13 2.71341
0 12 6 14 2.76353
0 12 7 8 2.16025
0 12 7 9 2.28841
0 12 7 10 2.1391
0 12 7 11 2.2563
0 12 7 13 2.20678
0 12 7 14 2.24812
0 12 8 9 2.67706
0 12 8 10 2.65417
0 12 8 11 2.64575
0 12 8 13 2.63923
0 12 8 14 2.67706
0 12 9 10 2.72172
0 12 9 11 2.74064
0 12 9 13 2.736
0 12 9 14 2.76677
0 12 10 11 2.66231
0 12 10 13 2.65417
0 12 10 14 2.7314
0 12 11 13 2.68949
0 12 11 14 2.72279
0 12 13 14 2.71042
