0 9 1 2 1.96769
0 9 1 3 2
0 9 1 4 2.16025
0 9 1 5 1.85164
0 9 1 6 2.44949
0 9 1 7 1.96769
0 9 1 8 2.3094
0 9 1 10 2.26385
0 9 1 11 2.23607
0 9 1 12 2.44949
0 9 1 13 2.44949
0 9 1 14 2.3094
0 9 2 3 2.27913
0 9 2 4 2.27907
0 9 2 5 2.21986
0 9 2 6 2.39792
0 9 2 7 2.04939
0 9 2 8 2.1557
0 9 2 10 2.24695
0 9 2 11 2.35855
0 9 2 12 2.28841
0 9 2 13 2.28841
0 9 2 14 2.34284
0 9 3 4 2.49313
0 9 3 5 2.32279
0 9 3 6 2.60641
0 9 3 7 2.27913
0 9 3 8 2.389
0 9 3 10 2.49516
0 9 3 11 2.60641
0 9 3 12 2.50333
0 9 3 13 2.50333
0 9 3 14 2.58404
0 9 4 5 2.54598
0 9 4 6 2.77146
0 9 4 7 2.27907
0 9 4 8 2.67435
0 9 4 10 2.7663
0 9 4 11 2.73434
0 9 4 12 2.68845
0 9 4 13 2.68845
0 9 4 14 2.77766
0 9 5 6 2.59808
0 9 5 7 2.21986
0 9 5 8 2.37697
0 9 5 10 2.50881
0 9 5 11 2.51151
0 9 5 12 2.50713
0 9 5 13 2.50713
0 9 5 14 2.54598
0 9 6 7 2.39792
0 9 6 8 2.7314
0 9 6 10 2.79903
0 9 6 11 2.82373
0 9 6 12 2.77833
0 9 6 13 2.77833
0 9 6 14 2.84346
0 9 7 8 2.1557
0 9 7 10 2.24695
0 9 7 11 2.35855
0 9 7 12 2.28841
0 9 7 13 2.28841
0 9 7 14 2.34284
0 9 8 10 2.72172
0 9 8 11 2.68408
0 9 8 12 2.67706
0 9 8 13 2.67706
0 9 8 14 2.7338
0 9 10 11 2.75936
0 9 10 12 2.72172
0 9 10 13 2.72172
0 9 10 14 2.79933
0 9 11 12 2.74064
0 9 11 13 2.74064
0 9 11 14 2.80938
0 9 12 13 2.736
0 9 12 14 2.76677
0 9 13 14 2.76677
