0 9 1 2 3 1.90693
0 9 1 2 4 1.73205
0 9 1 2 5 1.73205
0 9 1 2 6 1.96214
0 9 1 2 7 1.85164
0 9 1 2 8 2
0 9 1 2 10 1.81265
0 9 1 2 11 1.93309
0 9 1 2 12 1.96769
0 9 1 2 13 1.96769
0 9 1 2 14 2
0 9 1 3 4 1.41421
0 9 1 3 5 1.73205
0 9 1 3 6 2
0 9 1 3 7 1.90693
0 9 1 3 8 1.90693
0 9 1 3 10 1.73205
0 9 1 3 11 2
0 9 1 3 12 2
0 9 1 3 13 2
0 9 1 3 14 1.90693
0 9 1 4 5 1.85164
0 9 1 4 6 2.13664
0 9 1 4 7 1.73205
0 9 1 4 8 2.16025
0 9 1 4 10 2.16025
0 9 1 4 11 2
0 9 1 4 12 2.16025
0 9 1 4 13 2.16025
0 9 1 4 14 2.16025
0 9 1 5 6 1.73205
0 9 1 5 7 1.73205
0 9 1 5 8 1.85164
0 9 1 5 10 1.85164
0 9 1 5 11 1.73205
0 9 1 5 12 1.85164
0 9 1 5 13 1.85164
0 9 1 5 14 1.85164
0 9 1 6 7 1.96214
0 9 1 6 8 2.28446
0 9 1 6 10 2.23607
0 9 1 6 11 2.23607
0 9 1 6 12 2.44949
0 9 1 6 13 2.44949
0 9 1 6 14 2.28446
0 9 1 7 8 2
0 9 1 7 10 1.81265
0 9 1 7 11 1.93309
0 9 1 7 12 1.96769
0 9 1 7 13 1.96769
0 9 1 7 14 2
0 9 1 8 10 2.26385
0 9 1 8 11 2.19089
0 9 1 8 12 2.3094
0 9 1 8 13 2.3094
0 9 1 8 14 2.3094
0 9 1 10 11 2.13664
0 9 1 10 12 2.26385
0 9 1 10 13 2.26385
0 9 1 10 14 2.26385
0 9 1 11 12 2.23607
0 9 1 11 13 2.23607
0 9 1 11 14 2.19089
0 9 1 12 13 2.44949
0 9 1 12 14 2.3094
0 9 1 13 14 2.3094
0 9 2 3 4 2.16556
0 9 2 3 5 2.15297
0 9 2 3 6 2.27913
0 9 2 3 7 2.04939
0 9 2 3 8 1.96214
0 9 2 3 10 2.10357
0 9 2 3 11 2.27913
0 9 2 3 12 2.16025
0 9 2 3 13 2.16025
0 9 2 3 14 2.24038
0 9 2 4 5 2.19449
0 9 2 4 6 2.27689
0 9 2 4 7 1.90693
0 9 2 4 8 2.08167
0 9 2 4 10 2.21675
0 9 2 4 11 2.23846
0 9 2 4 12 2.13535
0 9 2 4 13 2.13535
0 9 2 4 14 2.26747
0 9 2 5 6 2.21303
0 9 2 5 7 2
0 9 2 5 8 1.93309
0 9 2 5 10 2.12132
0 9 2 5 11 2.19034
0 9 2 5 12 2.08296
0 9 2 5 13 2.08296
0 9 2 5 14 2.19449
0 9 2 6 7 2.04939
0 9 2 6 8 2.1391
0 9 2 6 10 2.23607
0 9 2 6 11 2.35855
0 9 2 6 12 2.27798
0 9 2 6 13 2.27798
0 9 2 6 14 2.34521
0 9 2 7 8 1.62019
0 9 2 7 10 1.73205
0 9 2 7 11 2.04939
0 9 2 7 12 2
0 9 2 7 13 2
0 9 2 7 14 1.93309
0 9 2 8 10 2.12132
0 9 2 8 11 2.09069
0 9 2 8 12 2.08167
0 9 2 8 13 2.08167
0 9 2 8 14 2.1391
0 9 2 10 11 2.21037
0 9 2 10 12 2.12132
0 9 2 10 13 2.12132
0 9 2 10 14 2.24695
0 9 2 11 12 2.2563
0 9 2 11 13 2.2563
0 9 2 11 14 2.31349
0 9 2 12 13 2.1965
0 9 2 12 14 2.23607
0 9 2 13 14 2.23607
0 9 3 4 5 2.29907
0 9 3 4 6 2.49313
0 9 3 4 7 2.16556
0 9 3 4 8 2.28709
0 9 3 4 10 2.44831
0 9 3 4 11 2.49313
0 9 3 4 12 2.33699
0 9 3 4 13 2.33699
0 9 3 4 14 2.48193
0 9 3 5 6 2.32279
0 9 3 5 7 2.15297
0 9 3 5 8 2
0 9 3 5 10 2.23607
0 9 3 5 11 2.32279
0 9 3 5 12 2.15297
0 9 3 5 13 2.15297
0 9 3 5 14 2.29907
0 9 3 6 7 2.27913
0 9 3 6 8 2.389
0 9 3 6 10 2.49516
0 9 3 6 11 2.60641
0 9 3 6 12 2.50333
0 9 3 6 13 2.50333
0 9 3 6 14 2.58404
0 9 3 7 8 1.96214
0 9 3 7 10 2.10357
0 9 3 7 11 2.27913
0 9 3 7 12 2.16025
0 9 3 7 13 2.16025
0 9 3 7 14 2.24038
0 9 3 8 10 2.35488
0 9 3 8 11 2.389
0 9 3 8 12 2.28446
0 9 3 8 13 2.28446
0 9 3 8 14 2.37697
0 9 3 10 11 2.49516
0 9 3 10 12 2.35488
0 9 3 10 13 2.35488
0 9 3 10 14 2.49516
0 9 3 11 12 2.50333
0 9 3 11 13 2.50333
0 9 3 11 14 2.58404
0 9 3 12 13 2.44949
0 9 3 12 14 2.46311
0 9 3 13 14 2.46311
0 9 4 5 6 2.57391
0 9 4 5 7 2.19449
0 9 4 5 8 2.37697
0 9 4 5 10 2.50881
0 9 4 5 11 2.49313
0 9 4 5 12 2.41291
0 9 4 5 13 2.41291
0 9 4 5 14 2.54058
0 9 4 6 7 2.27689
0 9 4 6 8 2.66231
0 9 4 6 10 2.75936
0 9 4 6 11 2.73434
0 9 4 6 12 2.67896
0 9 4 6 13 2.67896
0 9 4 6 14 2.77498
0 9 4 7 8 2.08167
0 9 4 7 10 2.21675
0 9 4 7 11 2.23846
0 9 4 7 12 2.13535
0 9 4 7 13 2.13535
0 9 4 7 14 2.26747
0 9 4 8 10 2.67435
0 9 4 8 11 2.61406
0 9 4 8 12 2.60419
0 9 4 8 13 2.60419
0 9 4 8 14 2.67435
0 9 4 10 11 2.71343
0 9 4 10 12 2.67435
0 9 4 10 13 2.67435
0 9 4 10 14 2.7663
0 9 4 11 12 2.62202
0 9 4 11 13 2.62202
0 9 4 11 14 2.72385
0 9 4 12 13 2.62912
0 9 4 12 14 2.69077
0 9 4 13 14 2.69077
0 9 5 6 7 2.21303
0 9 5 6 8 2.35488
0 9 5 6 10 2.49516
0 9 5 6 11 2.51151
0 9 5 6 12 2.42997
0 9 5 6 13 2.42997
0 9 5 6 14 2.57391
0 9 5 7 8 1.93309
0 9 5 7 10 2.12132
0 9 5 7 11 2.19034
0 9 5 7 12 2.08296
0 9 5 7 13 2.08296
0 9 5 7 14 2.19449
0 9 5 8 10 2.37697
0 9 5 8 11 2.28709
0 9 5 8 12 2.26385
0 9 5 8 13 2.26385
0 9 5 8 14 2.37697
0 9 5 10 11 2.44831
0 9 5 10 12 2.37697
0 9 5 10 13 2.37697
0 9 5 10 14 2.50881
0 9 5 11 12 2.39046
0 9 5 11 13 2.39046
0 9 5 11 14 2.49313
0 9 5 12 13 2.44949
0 9 5 12 14 2.41291
0 9 5 13 14 2.41291
0 9 6 7 8 2.1391
0 9 6 7 10 2.23607
0 9 6 7 11 2.35855
0 9 6 7 12 2.27798
0 9 6 7 13 2.27798
0 9 6 7 14 2.34521
0 9 6 8 10 2.71163
0 9 6 8 11 2.68408
0 9 6 8 12 2.65417
0 9 6 8 13 2.65417
0 9 6 8 14 2.72172
0 9 6 10 11 2.75936
0 9 6 10 12 2.71163
0 9 6 10 13 2.71163
0 9 6 10 14 2.79903
0 9 6 11 12 2.74064
0 9 6 11 13 2.74064
0 9 6 11 14 2.80938
0 9 6 12 13 2.71341
0 9 6 12 14 2.76353
0 9 6 13 14 2.76353
0 9 7 8 10 2.12132
0 9 7 8 11 2.09069
0 9 7 8 12 2.08167
0 9 7 8 13 2.08167
0 9 7 8 14 2.1391
0 9 7 10 11 2.21037
0 9 7 10 12 2.12132
0 9 7 10 13 2.12132
0 9 7 10 14 2.24695
0 9 7 11 12 2.2563
0 9 7 11 13 2.2563
0 9 7 11 14 2.31349
0 9 7 12 13 2.1965
0 9 7 12 14 2.23607
0 9 7 13 14 2.23607
0 9 8 10 11 2.66231
0 9 8 10 12 2.66288
0 9 8 10 13 2.66288
0 9 8 10 14 2.72172
0 9 8 11 12 2.64575
0 9 8 11 13 2.64575
0 9 8 11 14 2.67435
0 9 8 12 13 2.62912
0 9 8 12 14 2.67842
0 9 8 13 14 2.67842
0 9 10 11 12 2.66231
0 9 10 11 13 2.66231
0 9 10 11 14 2.75936
0 9 10 12 13 2.66288
0 9 10 12 14 2.72172
0 9 10 13 14 2.72172
0 9 11 12 13 2.68949
0 9 11 12 14 2.72279
0 9 11 13 14 2.72279
0 9 12 13 14 2.70663
