3 5 0 1 1.73205
3 5 0 2 2.15297
3 5 0 4 2.29907
3 5 0 6 2.32279
3 5 0 7 2.15297
3 5 0 8 2
3 5 0 9 2.32279
3 5 0 10 2.23607
3 5 0 11 2.32279
3 5 0 12 2.15297
3 5 0 13 2.15297
3 5 0 14 2.29907
3 5 1 2 1.73205
3 5 1 4 1.41421
3 5 1 6 1.73205
3 5 1 7 1.73205
3 5 1 8 1.41421
3 5 1 9 1.73205
3 5 1 10 1.41421
3 5 1 11 1.73205
3 5 1 12 1.73205
3 5 1 13 1.73205
3 5 1 14 1.41421
3 5 2 4 2.16556
3 5 2 6 2.19034
3 5 2 7 2.04939
3 5 2 8 1.85164
3 5 2 9 2.19034
3 5 2 10 2.07802
3 5 2 11 2.19034
3 5 2 12 2.04939
3 5 2 13 2
3 5 2 14 2.16556
3 5 4 6 2.35584
3 5 4 7 2.16556
3 5 4 8 2.07802
3 5 4 9 2.35584
3 5 4 10 2.29129
3 5 4 11 2.35584
3 5 4 12 2.16556
3 5 4 13 2.10357
3 5 4 14 2.33699
3 5 6 7 2.19034
3 5 6 8 2.07802
3 5 6 9 2.37
3 5 6 10 2.29129
3 5 6 11 2.37
3 5 6 12 2.19034
3 5 6 13 2.15297
3 5 6 14 2.35584
3 5 7 8 1.85164
3 5 7 9 2.19034
3 5 7 10 2.07802
3 5 7 11 2.19034
3 5 7 12 2.04939
3 5 7 13 2
3 5 7 14 2.16556
3 5 8 9 2.07802
3 5 8 10 2.07802
3 5 8 11 2.07802
3 5 8 12 1.85164
3 5 8 13 1.73205
3 5 8 14 2.07802
3 5 9 10 2.29129
3 5 9 11 2.37
3 5 9 12 2.19034
3 5 9 13 2.15297
3 5 9 14 2.35584
3 5 10 11 2.29129
3 5 10 12 2.07802
3 5 10 13 2
3 5 10 14 2.29129
3 5 11 12 2.19034
3 5 11 13 2.15297
3 5 11 14 2.35584
3 5 12 13 2
3 5 12 14 2.16556
3 5 13 14 2.10357
