4 10 0 1 2.19089
4 10 0 2 2.22892
4 10 0 3 2.44831
4 10 0 5 2.51534
4 10 0 6 2.75936
4 10 0 7 2.22892
4 10 0 8 2.68408
4 10 0 9 2.7663
4 10 0 11 2.71343
4 10 0 12 2.68408
4 10 0 13 2.68408
4 10 0 14 2.76819
4 10 1 2 1.81265
4 10 1 3 1.41421
4 10 1 5 1.90693
4 10 1 6 2.13664
4 10 1 7 1.81265
4 10 1 8 2.19089
4 10 1 9 2.16025
4 10 1 11 2
4 10 1 12 2.19089
4 10 1 13 2.19089
4 10 1 14 2.19089
4 10 2 3 2.13809
4 10 2 5 2.19848
4 10 2 6 2.2514
4 10 2 7 1.85164
4 10 2 8 2.14154
4 10 2 9 2.26747
4 10 2 11 2.22354
4 10 2 12 2.14154
4 10 2 13 2.09069
4 10 2 14 2.27395
4 10 3 5 2.29129
4 10 3 6 2.48193
4 10 3 7 2.13809
4 10 3 8 2.32266
4 10 3 9 2.48193
4 10 3 11 2.48193
4 10 3 12 2.32266
4 10 3 13 2.28709
4 10 3 14 2.48193
4 10 5 6 2.52678
4 10 5 7 2.19848
4 10 5 8 2.42507
4 10 5 9 2.54058
4 10 5 11 2.48193
4 10 5 12 2.42507
4 10 5 13 2.389
4 10 5 14 2.54674
4 10 6 7 2.2514
4 10 6 8 2.68164
4 10 6 9 2.77498
4 10 6 11 2.72385
4 10 6 12 2.68164
4 10 6 13 2.66231
4 10 6 14 2.77498
4 10 7 8 2.14154
4 10 7 9 2.26747
4 10 7 11 2.22354
4 10 7 12 2.14154
4 10 7 13 2.09069
4 10 7 14 2.27395
4 10 8 9 2.69077
4 10 8 11 2.62216
4 10 8 12 2.62912
4 10 8 13 2.64575
4 10 8 14 2.69472
4 10 9 11 2.72385
4 10 9 12 2.69077
4 10 9 13 2.67435
4 10 9 14 2.77766
4 10 11 12 2.62216
4 10 11 13 2.61406
4 10 11 14 2.72385
4 10 12 13 2.64575
4 10 12 14 2.69472
4 10 13 14 2.68408
