4 10 0 1 2 1.81265
4 10 0 1 3 1.41421
4 10 0 1 5 1.90693
4 10 0 1 6 2.13664
4 10 0 1 7 1.81265
4 10 0 1 8 2.19089
4 10 0 1 9 2.16025
4 10 0 1 11 2
4 10 0 1 12 2.19089
4 10 0 1 13 2.19089
4 10 0 1 14 2.19089
4 10 0 2 3 2.07802
4 10 0 2 5 2.12993
4 10 0 2 6 2.21037
4 10 0 2 7 1.73205
4 10 0 2 8 2.09069
4 10 0 2 9 2.21675
4 10 0 2 11 2.17945
4 10 0 2 12 2.09069
4 10 0 2 13 2.09069
4 10 0 2 14 2.22892
4 10 0 3 5 2.23607
4 10 0 3 6 2.44831
4 10 0 3 7 2.07802
4 10 0 3 8 2.28709
4 10 0 3 9 2.44831
4 10 0 3 11 2.44831
4 10 0 3 12 2.28709
4 10 0 3 13 2.28709
4 10 0 3 14 2.44831
4 10 0 5 6 2.49516
4 10 0 5 7 2.12993
4 10 0 5 8 2.389
4 10 0 5 9 2.50881
4 10 0 5 11 2.44831
4 10 0 5 12 2.389
4 10 0 5 13 2.389
4 10 0 5 14 2.51534
4 10 0 6 7 2.21037
4 10 0 6 8 2.66231
4 10 0 6 9 2.75936
4 10 0 6 11 2.71343
4 10 0 6 12 2.66231
4 10 0 6 13 2.66231
4 10 0 6 14 2.75936
4 10 0 7 8 2.09069
4 10 0 7 9 2.21675
4 10 0 7 11 2.17945
4 10 0 7 12 2.09069
4 10 0 7 13 2.09069
4 10 0 7 14 2.22892
4 10 0 8 9 2.67435
4 10 0 8 11 2.61406
4 10 0 8 12 2.64575
4 10 0 8 13 2.64575
4 10 0 8 14 2.68408
4 10 0 9 11 2.71343
4 10 0 9 12 2.67435
4 10 0 9 13 2.67435
4 10 0 9 14 2.7663
4 10 0 11 12 2.61406
4 10 0 11 13 2.61406
4 10 0 11 14 2.71343
4 10 0 12 13 2.64575
4 10 0 12 14 2.68408
4 10 0 13 14 2.68408
4 10 1 2 3 1.41421
4 10 1 2 5 1.73205
4 10 1 2 6 1.62019
4 10 1 2 7 1.62019
4 10 1 2 8 1.81265
4 10 1 2 9 1.73205
4 10 1 2 11 1.41421
4 10 1 2 12 1.81265
4 10 1 2 13 1.81265
4 10 1 2 14 1.81265
4 10 1 3 5 1.41421
4 10 1 3 6 1.41421
4 10 1 3 7 1.41421
4 10 1 3 8 1.41421
4 10 1 3 9 1.41421
4 10 1 3 11 1.41421
4 10 1 3 12 1.41421
4 10 1 3 13 1.41421
4 10 1 3 14 1.41421
4 10 1 5 6 1.73205
4 10 1 5 7 1.73205
4 10 1 5 8 1.90693
4 10 1 5 9 1.85164
4 10 1 5 11 1.41421
4 10 1 5 12 1.90693
4 10 1 5 13 1.90693
4 10 1 5 14 1.90693
4 10 1 6 7 1.62019
4 10 1 6 8 2.13664
4 10 1 6 9 2.13664
4 10 1 6 11 2
4 10 1 6 12 2.13664
4 10 1 6 13 2.13664
4 10 1 6 14 2.13664
4 10 1 7 8 1.81265
4 10 1 7 9 1.73205
4 10 1 7 11 1.41421
4 10 1 7 12 1.81265
4 10 1 7 13 1.81265
4 10 1 7 14 1.81265
4 10 1 8 9 2.16025
4 10 1 8 11 2
4 10 1 8 12 2.19089
4 10 1 8 13 2.19089
4 10 1 8 14 2.19089
4 10 1 9 11 2
4 10 1 9 12 2.16025
4 10 1 9 13 2.16025
4 10 1 9 14 2.16025
4 10 1 11 12 2
4 10 1 11 13 2
4 10 1 11 14 2
4 10 1 12 13 2.19089
4 10 1 12 14 2.19089
4 10 1 13 14 2.19089
4 10 2 3 5 2.07802
4 10 2 3 6 2.13809
4 10 2 3 7 1.85164
4 10 2 3 8 1.93309
4 10 2 3 9 2.13809
4 10 2 3 11 2.13809
4 10 2 3 12 1.93309
4 10 2 3 13 1.85164
4 10 2 3 14 2.13809
4 10 2 5 6 2.16556
4 10 2 5 7 1.85164
4 10 2 5 8 2.02367
4 10 2 5 9 2.17626
4 10 2 5 11 2.13809
4 10 2 5 12 2.02367
4 10 2 5 13 1.96214
4 10 2 5 14 2.19848
4 10 2 6 7 1.85164
4 10 2 6 8 2.09938
4 10 2 6 9 2.2514
4 10 2 6 11 2.22354
4 10 2 6 12 2.09938
4 10 2 6 13 2.04939
4 10 2 6 14 2.2514
4 10 2 7 8 1.62019
4 10 2 7 9 1.85164
4 10 2 7 11 1.85164
4 10 2 7 12 1.62019
4 10 2 7 13 1.62019
4 10 2 7 14 1.85164
4 10 2 8 9 2.16025
4 10 2 8 11 2.04939
4 10 2 8 12 2.04495
4 10 2 8 13 2
4 10 2 8 14 2.14154
4 10 2 9 11 2.22354
4 10 2 9 12 2.16025
4 10 2 9 13 2.08167
4 10 2 9 14 2.26747
4 10 2 11 12 2.04939
4 10 2 11 13 2.00294
4 10 2 11 14 2.22354
4 10 2 12 13 2
4 10 2 12 14 2.14154
4 10 2 13 14 2.09069
4 10 3 5 6 2.29129
4 10 3 5 7 2.07802
4 10 3 5 8 2.07802
4 10 3 5 9 2.29129
4 10 3 5 11 2.29129
4 10 3 5 12 2.07802
4 10 3 5 13 2
4 10 3 5 14 2.29129
4 10 3 6 7 2.13809
4 10 3 6 8 2.32266
4 10 3 6 9 2.48193
4 10 3 6 11 2.48193
4 10 3 6 12 2.32266
4 10 3 6 13 2.28709
4 10 3 6 14 2.48193
4 10 3 7 8 1.93309
4 10 3 7 9 2.13809
4 10 3 7 11 2.13809
4 10 3 7 12 1.93309
4 10 3 7 13 1.85164
4 10 3 7 14 2.13809
4 10 3 8 9 2.32266
4 10 3 8 11 2.32266
4 10 3 8 12 2.16025
4 10 3 8 13 2.13664
4 10 3 8 14 2.32266
4 10 3 9 11 2.48193
4 10 3 9 12 2.32266
4 10 3 9 13 2.28709
4 10 3 9 14 2.48193
4 10 3 11 12 2.32266
4 10 3 11 13 2.28709
4 10 3 11 14 2.48193
4 10 3 12 13 2.13664
4 10 3 12 14 2.32266
4 10 3 13 14 2.28709
4 10 5 6 7 2.16556
4 10 5 6 8 2.39046
4 10 5 6 9 2.52678
4 10 5 6 11 2.48193
4 10 5 6 12 2.39046
4 10 5 6 13 2.35488
4 10 5 6 14 2.52678
4 10 5 7 8 2.02367
4 10 5 7 9 2.17626
4 10 5 7 11 2.13809
4 10 5 7 12 2.02367
4 10 5 7 13 1.96214
4 10 5 7 14 2.19848
4 10 5 8 9 2.40662
4 10 5 8 11 2.32266
4 10 5 8 12 2.3094
4 10 5 8 13 2.28446
4 10 5 8 14 2.42507
4 10 5 9 11 2.48193
4 10 5 9 12 2.40662
4 10 5 9 13 2.37697
4 10 5 9 14 2.54058
4 10 5 11 12 2.32266
4 10 5 11 13 2.28709
4 10 5 11 14 2.48193
4 10 5 12 13 2.28446
4 10 5 12 14 2.42507
4 10 5 13 14 2.389
4 10 6 7 8 2.09938
4 10 6 7 9 2.2514
4 10 6 7 11 2.22354
4 10 6 7 12 2.09938
4 10 6 7 13 2.04939
4 10 6 7 14 2.2514
4 10 6 8 9 2.68164
4 10 6 8 11 2.62216
4 10 6 8 12 2.60419
4 10 6 8 13 2.58844
4 10 6 8 14 2.68164
4 10 6 9 11 2.72385
4 10 6 9 12 2.68164
4 10 6 9 13 2.66231
4 10 6 9 14 2.77498
4 10 6 11 12 2.62216
4 10 6 11 13 2.61406
4 10 6 11 14 2.72385
4 10 6 12 13 2.58844
4 10 6 12 14 2.68164
4 10 6 13 14 2.66231
4 10 7 8 9 2.16025
4 10 7 8 11 2.04939
4 10 7 8 12 2.04495
4 10 7 8 13 2
4 10 7 8 14 2.14154
4 10 7 9 11 2.22354
4 10 7 9 12 2.16025
4 10 7 9 13 2.08167
4 10 7 9 14 2.26747
4 10 7 11 12 2.04939
4 10 7 11 13 2.00294
4 10 7 11 14 2.22354
4 10 7 12 13 2
4 10 7 12 14 2.14154
4 10 7 13 14 2.09069
4 10 8 9 11 2.62216
4 10 8 9 12 2.61861
4 10 8 9 13 2.60419
4 10 8 9 14 2.69077
4 10 8 11 12 2.53722
4 10 8 11 13 2.52543
4 10 8 11 14 2.62216
4 10 8 12 13 2.53899
4 10 8 12 14 2.62912
4 10 8 13 14 2.64575
4 10 9 11 12 2.62216
4 10 9 11 13 2.61406
4 10 9 11 14 2.72385
4 10 9 12 13 2.60419
4 10 9 12 14 2.69077
4 10 9 13 14 2.67435
4 10 11 12 13 2.52543
4 10 11 12 14 2.62216
4 10 11 13 14 2.61406
4 10 12 13 14 2.64575
