4 10 0 1 2 3 5 6 7 0
4 10 0 1 2 3 5 6 8 0
4 10 0 1 2 3 5 6 9 0
4 10 0 1 2 3 5 6 11 0
4 10 0 1 2 3 5 6 12 0
4 10 0 1 2 3 5 6 13 0
4 10 0 1 2 3 5 6 14 0
4 10 0 1 2 3 5 7 8 1.41421
4 10 0 1 2 3 5 7 9 1
4 10 0 1 2 3 5 7 11 1
4 10 0 1 2 3 5 7 12 1.41421
4 10 0 1 2 3 5 7 13 1.41421
4 10 0 1 2 3 5 7 14 1.41421
4 10 0 1 2 3 5 8 9 1
4 10 0 1 2 3 5 8 11 1
4 10 0 1 2 3 5 8 12 1.41421
4 10 0 1 2 3 5 8 13 1.41421
4 10 0 1 2 3 5 8 14 1.41421
4 10 0 1 2 3 5 9 11 0
4 10 0 1 2 3 5 9 12 1
4 10 0 1 2 3 5 9 13 1
4 10 0 1 2 3 5 9 14 1
4 10 0 1 2 3 5 11 12 1
4 10 0 1 2 3 5 11 13 1
4 10 0 1 2 3 5 11 14 1
4 10 0 1 2 3 5 12 13 1.41421
4 10 0 1 2 3 5 12 14 1.41421
4 10 0 1 2 3 5 13 14 1.41421
4 10 0 1 2 3 6 7 8 0
4 10 0 1 2 3 6 7 9 0
4 10 0 1 2 3 6 7 11 0
4 10 0 1 2 3 6 7 12 0
4 10 0 1 2 3 6 7 13 0
4 10 0 1 2 3 6 7 14 0
4 10 0 1 2 3 6 8 9 1
4 10 0 1 2 3 6 8 11 1
4 10 0 1 2 3 6 8 12 1
4 10 0 1 2 3 6 8 13 1
4 10 0 1 2 3 6 8 14 1
4 10 0 1 2 3 6 9 11 1
4 10 0 1 2 3 6 9 12 1
4 10 0 1 2 3 6 9 13 1
4 10 0 1 2 3 6 9 14 1
4 10 0 1 2 3 6 11 12 1
4 10 0 1 2 3 6 11 13 1
4 10 0 1 2 3 6 11 14 1
4 10 0 1 2 3 6 12 13 1
4 10 0 1 2 3 6 12 14 1
4 10 0 1 2 3 6 13 14 1
4 10 0 1 2 3 7 8 9 1
4 10 0 1 2 3 7 8 11 1
4 10 0 1 2 3 7 8 12 1.41421
4 10 0 1 2 3 7 8 13 1.41421
4 10 0 1 2 3 7 8 14 1.41421
4 10 0 1 2 3 7 9 11 0
4 10 0 1 2 3 7 9 12 1
4 10 0 1 2 3 7 9 13 1
4 10 0 1 2 3 7 9 14 1
4 10 0 1 2 3 7 11 12 1
4 10 0 1 2 3 7 11 13 1
4 10 0 1 2 3 7 11 14 1
4 10 0 1 2 3 7 12 13 1.41421
4 10 0 1 2 3 7 12 14 1.41421
4 10 0 1 2 3 7 13 14 1.41421
4 10 0 1 2 3 8 9 11 1
4 10 0 1 2 3 8 9 12 1
4 10 0 1 2 3 8 9 13 1
4 10 0 1 2 3 8 9 14 1
4 10 0 1 2 3 8 11 12 1
4 10 0 1 2 3 8 11 13 1
4 10 0 1 2 3 8 11 14 1
4 10 0 1 2 3 8 12 13 1.41421
4 10 0 1 2 3 8 12 14 1.41421
4 10 0 1 2 3 8 13 14 1.41421
4 10 0 1 2 3 9 11 12 1
4 10 0 1 2 3 9 11 13 1
4 10 0 1 2 3 9 11 14 1
4 10 0 1 2 3 9 12 13 1
4 10 0 1 2 3 9 12 14 1
4 10 0 1 2 3 9 13 14 1
4 10 0 1 2 3 11 12 13 1
4 10 0 1 2 3 11 12 14 1
4 10 0 1 2 3 11 13 14 1
4 10 0 1 2 3 12 13 14 1.41421
4 10 0 1 2 5 6 7 8 1
4 10 0 1 2 5 6 7 9 1
4 10 0 1 2 5 6 7 11 0
4 10 0 1 2 5 6 7 12 1
4 10 0 1 2 5 6 7 13 1
4 10 0 1 2 5 6 7 14 1
4 10 0 1 2 5 6 8 9 1.41421
4 10 0 1 2 5 6 8 11 1
4 10 0 1 2 5 6 8 12 1.41421
4 10 0 1 2 5 6 8 13 1.41421
4 10 0 1 2 5 6 8 14 1.41421
4 10 0 1 2 5 6 9 11 1
4 10 0 1 2 5 6 9 12 1.41421
4 10 0 1 2 5 6 9 13 1.41421
4 10 0 1 2 5 6 9 14 1.41421
4 10 0 1 2 5 6 11 12 1
4 10 0 1 2 5 6 11 13 1
4 10 0 1 2 5 6 11 14 1
4 10 0 1 2 5 6 12 13 1.41421
4 10 0 1 2 5 6 12 14 1.41421
4 10 0 1 2 5 6 13 14 1.41421
4 10 0 1 2 5 7 8 9 1.41421
4 10 0 1 2 5 7 8 11 1
4 10 0 1 2 5 7 8 12 1.62019
4 10 0 1 2 5 7 8 13 1.62019
4 10 0 1 2 5 7 8 14 1.62019
4 10 0 1 2 5 7 9 11 0
4 10 0 1 2 5 7 9 12 1.41421
4 10 0 1 2 5 7 9 13 1.41421
4 10 0 1 2 5 7 9 14 1.41421
4 10 0 1 2 5 7 11 12 1
4 10 0 1 2 5 7 11 13 1
4 10 0 1 2 5 7 11 14 1
4 10 0 1 2 5 7 12 13 1.62019
4 10 0 1 2 5 7 12 14 1.62019
4 10 0 1 2 5 7 13 14 1.62019
4 10 0 1 2 5 8 9 11 1
4 10 0 1 2 5 8 9 12 1.62019
4 10 0 1 2 5 8 9 13 1.62019
4 10 0 1 2 5 8 9 14 1.62019
4 10 0 1 2 5 8 11 12 1
4 10 0 1 2 5 8 11 13 1
4 10 0 1 2 5 8 11 14 1
4 10 0 1 2 5 8 12 13 1.73205
4 10 0 1 2 5 8 12 14 1.73205
4 10 0 1 2 5 8 13 14 1.73205
4 10 0 1 2 5 9 11 12 1
4 10 0 1 2 5 9 11 13 1
4 10 0 1 2 5 9 11 14 1
4 10 0 1 2 5 9 12 13 1.62019
4 10 0 1 2 5 9 12 14 1.62019
4 10 0 1 2 5 9 13 14 1.62019
4 10 0 1 2 5 11 12 13 1
4 10 0 1 2 5 11 12 14 1
4 10 0 1 2 5 11 13 14 1
4 10 0 1 2 5 12 13 14 1.73205
4 10 0 1 2 6 7 8 9 1
4 10 0 1 2 6 7 8 11 0
4 10 0 1 2 6 7 8 12 1
4 10 0 1 2 6 7 8 13 1
4 10 0 1 2 6 7 8 14 1
4 10 0 1 2 6 7 9 11 0
4 10 0 1 2 6 7 9 12 1
4 10 0 1 2 6 7 9 13 1
4 10 0 1 2 6 7 9 14 1
4 10 0 1 2 6 7 11 12 0
4 10 0 1 2 6 7 11 13 0
4 10 0 1 2 6 7 11 14 0
4 10 0 1 2 6 7 12 13 1
4 10 0 1 2 6 7 12 14 1
4 10 0 1 2 6 7 13 14 1
4 10 0 1 2 6 8 9 11 1.41421
4 10 0 1 2 6 8 9 12 1.62019
4 10 0 1 2 6 8 9 13 1.62019
4 10 0 1 2 6 8 9 14 1.62019
4 10 0 1 2 6 8 11 12 1.41421
4 10 0 1 2 6 8 11 13 1.41421
4 10 0 1 2 6 8 11 14 1.41421
4 10 0 1 2 6 8 12 13 1.62019
4 10 0 1 2 6 8 12 14 1.62019
4 10 0 1 2 6 8 13 14 1.62019
4 10 0 1 2 6 9 11 12 1.41421
4 10 0 1 2 6 9 11 13 1.41421
4 10 0 1 2 6 9 11 14 1.41421
4 10 0 1 2 6 9 12 13 1.62019
4 10 0 1 2 6 9 12 14 1.62019
4 10 0 1 2 6 9 13 14 1.62019
4 10 0 1 2 6 11 12 13 1.41421
4 10 0 1 2 6 11 12 14 1.41421
4 10 0 1 2 6 11 13 14 1.41421
4 10 0 1 2 6 12 13 14 1.62019
4 10 0 1 2 7 8 9 11 0
4 10 0 1 2 7 8 9 12 1.41421
4 10 0 1 2 7 8 9 13 1.41421
4 10 0 1 2 7 8 9 14 1.41421
4 10 0 1 2 7 8 11 12 1
4 10 0 1 2 7 8 11 13 1
4 10 0 1 2 7 8 11 14 1
4 10 0 1 2 7 8 12 13 1.62019
4 10 0 1 2 7 8 12 14 1.62019
4 10 0 1 2 7 8 13 14 1.62019
4 10 0 1 2 7 9 11 12 0
4 10 0 1 2 7 9 11 13 0
4 10 0 1 2 7 9 11 14 0
4 10 0 1 2 7 9 12 13 1.41421
4 10 0 1 2 7 9 12 14 1.41421
4 10 0 1 2 7 9 13 14 1.41421
4 10 0 1 2 7 11 12 13 1
4 10 0 1 2 7 11 12 14 1
4 10 0 1 2 7 11 13 14 1
4 10 0 1 2 7 12 13 14 1.62019
4 10 0 1 2 8 9 11 12 1.41421
4 10 0 1 2 8 9 11 13 1.41421
4 10 0 1 2 8 9 11 14 1.41421
4 10 0 1 2 8 9 12 13 1.73205
4 10 0 1 2 8 9 12 14 1.73205
4 10 0 1 2 8 9 13 14 1.73205
4 10 0 1 2 8 11 12 13 1.41421
4 10 0 1 2 8 11 12 14 1.41421
4 10 0 1 2 8 11 13 14 1.41421
4 10 0 1 2 8 12 13 14 1.81265
4 10 0 1 2 9 11 12 13 1.41421
4 10 0 1 2 9 11 12 14 1.41421
4 10 0 1 2 9 11 13 14 1.41421
4 10 0 1 2 9 12 13 14 1.73205
4 10 0 1 2 11 12 13 14 1.41421
4 10 0 1 3 5 6 7 8 0
4 10 0 1 3 5 6 7 9 0
4 10 0 1 3 5 6 7 11 0
4 10 0 1 3 5 6 7 12 0
4 10 0 1 3 5 6 7 13 0
4 10 0 1 3 5 6 7 14 0
4 10 0 1 3 5 6 8 9 0
4 10 0 1 3 5 6 8 11 0
4 10 0 1 3 5 6 8 12 0
4 10 0 1 3 5 6 8 13 0
4 10 0 1 3 5 6 8 14 0
4 10 0 1 3 5 6 9 11 0
4 10 0 1 3 5 6 9 12 0
4 10 0 1 3 5 6 9 13 0
4 10 0 1 3 5 6 9 14 0
4 10 0 1 3 5 6 11 12 0
4 10 0 1 3 5 6 11 13 0
4 10 0 1 3 5 6 11 14 0
4 10 0 1 3 5 6 12 13 0
4 10 0 1 3 5 6 12 14 0
4 10 0 1 3 5 6 13 14 0
4 10 0 1 3 5 7 8 9 1
4 10 0 1 3 5 7 8 11 1
4 10 0 1 3 5 7 8 12 1.41421
4 10 0 1 3 5 7 8 13 1.41421
4 10 0 1 3 5 7 8 14 1.41421
4 10 0 1 3 5 7 9 11 0
4 10 0 1 3 5 7 9 12 1
4 10 0 1 3 5 7 9 13 1
4 10 0 1 3 5 7 9 14 1
4 10 0 1 3 5 7 11 12 1
4 10 0 1 3 5 7 11 13 1
4 10 0 1 3 5 7 11 14 1
4 10 0 1 3 5 7 12 13 1.41421
4 10 0 1 3 5 7 12 14 1.41421
4 10 0 1 3 5 7 13 14 1.41421
4 10 0 1 3 5 8 9 11 0
4 10 0 1 3 5 8 9 12 1
4 10 0 1 3 5 8 9 13 1
4 10 0 1 3 5 8 9 14 1
4 10 0 1 3 5 8 11 12 1
4 10 0 1 3 5 8 11 13 1
4 10 0 1 3 5 8 11 14 1
4 10 0 1 3 5 8 12 13 1.41421
4 10 0 1 3 5 8 12 14 1.41421
4 10 0 1 3 5 8 13 14 1.41421
4 10 0 1 3 5 9 11 12 0
4 10 0 1 3 5 9 11 13 0
4 10 0 1 3 5 9 11 14 0
4 10 0 1 3 5 9 12 13 1
4 10 0 1 3 5 9 12 14 1
4 10 0 1 3 5 9 13 14 1
4 10 0 1 3 5 11 12 13 1
4 10 0 1 3 5 11 12 14 1
4 10 0 1 3 5 11 13 14 1
4 10 0 1 3 5 12 13 14 1.41421
4 10 0 1 3 6 7 8 9 1
4 10 0 1 3 6 7 8 11 1
4 10 0 1 3 6 7 8 12 1
4 10 0 1 3 6 7 8 13 1
4 10 0 1 3 6 7 8 14 1
4 10 0 1 3 6 7 9 11 1
4 10 0 1 3 6 7 9 12 1
4 10 0 1 3 6 7 9 13 1
4 10 0 1 3 6 7 9 14 1
4 10 0 1 3 6 7 11 12 1
4 10 0 1 3 6 7 11 13 1
4 10 0 1 3 6 7 11 14 1
4 10 0 1 3 6 7 12 13 1
4 10 0 1 3 6 7 12 14 1
4 10 0 1 3 6 7 13 14 1
4 10 0 1 3 6 8 9 11 1.41421
4 10 0 1 3 6 8 9 12 1.41421
4 10 0 1 3 6 8 9 13 1.41421
4 10 0 1 3 6 8 9 14 1.41421
4 10 0 1 3 6 8 11 12 1.41421
4 10 0 1 3 6 8 11 13 1.41421
4 10 0 1 3 6 8 11 14 1.41421
4 10 0 1 3 6 8 12 13 1.41421
4 10 0 1 3 6 8 12 14 1.41421
4 10 0 1 3 6 8 13 14 1.41421
4 10 0 1 3 6 9 11 12 1.41421
4 10 0 1 3 6 9 11 13 1.41421
4 10 0 1 3 6 9 11 14 1.41421
4 10 0 1 3 6 9 12 13 1.41421
4 10 0 1 3 6 9 12 14 1.41421
4 10 0 1 3 6 9 13 14 1.41421
4 10 0 1 3 6 11 12 13 1.41421
4 10 0 1 3 6 11 12 14 1.41421
4 10 0 1 3 6 11 13 14 1.41421
4 10 0 1 3 6 12 13 14 1.41421
4 10 0 1 3 7 8 9 11 1
4 10 0 1 3 7 8 9 12 1
4 10 0 1 3 7 8 9 13 1
4 10 0 1 3 7 8 9 14 1
4 10 0 1 3 7 8 11 12 1
4 10 0 1 3 7 8 11 13 1
4 10 0 1 3 7 8 11 14 1
4 10 0 1 3 7 8 12 13 1.41421
4 10 0 1 3 7 8 12 14 1.41421
4 10 0 1 3 7 8 13 14 1.41421
4 10 0 1 3 7 9 11 12 1
4 10 0 1 3 7 9 11 13 1
4 10 0 1 3 7 9 11 14 1
4 10 0 1 3 7 9 12 13 1
4 10 0 1 3 7 9 12 14 1
4 10 0 1 3 7 9 13 14 1
4 10 0 1 3 7 11 12 13 1
4 10 0 1 3 7 11 12 14 1
4 10 0 1 3 7 11 13 14 1
4 10 0 1 3 7 12 13 14 1.41421
4 10 0 1 3 8 9 11 12 1.41421
4 10 0 1 3 8 9 11 13 1.41421
4 10 0 1 3 8 9 11 14 1.41421
4 10 0 1 3 8 9 12 13 1.41421
4 10 0 1 3 8 9 12 14 1.41421
4 10 0 1 3 8 9 13 14 1.41421
4 10 0 1 3 8 11 12 13 1.41421
4 10 0 1 3 8 11 12 14 1.41421
4 10 0 1 3 8 11 13 14 1.41421
4 10 0 1 3 8 12 13 14 1.41421
4 10 0 1 3 9 11 12 13 1.41421
4 10 0 1 3 9 11 12 14 1.41421
4 10 0 1 3 9 11 13 14 1.41421
4 10 0 1 3 9 12 13 14 1.41421
4 10 0 1 3 11 12 13 14 1.41421
4 10 0 1 5 6 7 8 9 1.41421
4 10 0 1 5 6 7 8 11 1
4 10 0 1 5 6 7 8 12 1.41421
4 10 0 1 5 6 7 8 13 1.41421
4 10 0 1 5 6 7 8 14 1.41421
4 10 0 1 5 6 7 9 11 1
4 10 0 1 5 6 7 9 12 1.41421
4 10 0 1 5 6 7 9 13 1.41421
4 10 0 1 5 6 7 9 14 1.41421
4 10 0 1 5 6 7 11 12 1
4 10 0 1 5 6 7 11 13 1
4 10 0 1 5 6 7 11 14 1
4 10 0 1 5 6 7 12 13 1.41421
4 10 0 1 5 6 7 12 14 1.41421
4 10 0 1 5 6 7 13 14 1.41421
4 10 0 1 5 6 8 9 11 1.41421
4 10 0 1 5 6 8 9 12 1.73205
4 10 0 1 5 6 8 9 13 1.73205
4 10 0 1 5 6 8 9 14 1.73205
4 10 0 1 5 6 8 11 12 1.41421
4 10 0 1 5 6 8 11 13 1.41421
4 10 0 1 5 6 8 11 14 1.41421
4 10 0 1 5 6 8 12 13 1.73205
4 10 0 1 5 6 8 12 14 1.73205
4 10 0 1 5 6 8 13 14 1.73205
4 10 0 1 5 6 9 11 12 1.41421
4 10 0 1 5 6 9 11 13 1.41421
4 10 0 1 5 6 9 11 14 1.41421
4 10 0 1 5 6 9 12 13 1.73205
4 10 0 1 5 6 9 12 14 1.73205
4 10 0 1 5 6 9 13 14 1.73205
4 10 0 1 5 6 11 12 13 1.41421
4 10 0 1 5 6 11 12 14 1.41421
4 10 0 1 5 6 11 13 14 1.41421
4 10 0 1 5 6 12 13 14 1.73205
4 10 0 1 5 7 8 9 11 1
4 10 0 1 5 7 8 9 12 1.62019
4 10 0 1 5 7 8 9 13 1.62019
4 10 0 1 5 7 8 9 14 1.62019
4 10 0 1 5 7 8 11 12 1
4 10 0 1 5 7 8 11 13 1
4 10 0 1 5 7 8 11 14 1
4 10 0 1 5 7 8 12 13 1.73205
4 10 0 1 5 7 8 12 14 1.73205
4 10 0 1 5 7 8 13 14 1.73205
4 10 0 1 5 7 9 11 12 1
4 10 0 1 5 7 9 11 13 1
4 10 0 1 5 7 9 11 14 1
4 10 0 1 5 7 9 12 13 1.62019
4 10 0 1 5 7 9 12 14 1.62019
4 10 0 1 5 7 9 13 14 1.62019
4 10 0 1 5 7 11 12 13 1
4 10 0 1 5 7 11 12 14 1
4 10 0 1 5 7 11 13 14 1
4 10 0 1 5 7 12 13 14 1.73205
4 10 0 1 5 8 9 11 12 1.41421
4 10 0 1 5 8 9 11 13 1.41421
4 10 0 1 5 8 9 11 14 1.41421
4 10 0 1 5 8 9 12 13 1.85164
4 10 0 1 5 8 9 12 14 1.85164
4 10 0 1 5 8 9 13 14 1.85164
4 10 0 1 5 8 11 12 13 1.41421
4 10 0 1 5 8 11 12 14 1.41421
4 10 0 1 5 8 11 13 14 1.41421
4 10 0 1 5 8 12 13 14 1.90693
4 10 0 1 5 9 11 12 13 1.41421
4 10 0 1 5 9 11 12 14 1.41421
4 10 0 1 5 9 11 13 14 1.41421
4 10 0 1 5 9 12 13 14 1.85164
4 10 0 1 5 11 12 13 14 1.41421
4 10 0 1 6 7 8 9 11 1.41421
4 10 0 1 6 7 8 9 12 1.62019
4 10 0 1 6 7 8 9 13 1.62019
4 10 0 1 6 7 8 9 14 1.62019
4 10 0 1 6 7 8 11 12 1.41421
4 10 0 1 6 7 8 11 13 1.41421
4 10 0 1 6 7 8 11 14 1.41421
4 10 0 1 6 7 8 12 13 1.62019
4 10 0 1 6 7 8 12 14 1.62019
4 10 0 1 6 7 8 13 14 1.62019
4 10 0 1 6 7 9 11 12 1.41421
4 10 0 1 6 7 9 11 13 1.41421
4 10 0 1 6 7 9 11 14 1.41421
4 10 0 1 6 7 9 12 13 1.62019
4 10 0 1 6 7 9 12 14 1.62019
4 10 0 1 6 7 9 13 14 1.62019
4 10 0 1 6 7 11 12 13 1.41421
4 10 0 1 6 7 11 12 14 1.41421
4 10 0 1 6 7 11 13 14 1.41421
4 10 0 1 6 7 12 13 14 1.62019
4 10 0 1 6 8 9 11 12 2
4 10 0 1 6 8 9 11 13 2
4 10 0 1 6 8 9 11 14 2
4 10 0 1 6 8 9 12 13 2.13664
4 10 0 1 6 8 9 12 14 2.13664
4 10 0 1 6 8 9 13 14 2.13664
4 10 0 1 6 8 11 12 13 2
4 10 0 1 6 8 11 12 14 2
4 10 0 1 6 8 11 13 14 2
4 10 0 1 6 8 12 13 14 2.13664
4 10 0 1 6 9 11 12 13 2
4 10 0 1 6 9 11 12 14 2
4 10 0 1 6 9 11 13 14 2
4 10 0 1 6 9 12 13 14 2.13664
4 10 0 1 6 11 12 13 14 2
4 10 0 1 7 8 9 11 12 1.41421
4 10 0 1 7 8 9 11 13 1.41421
4 10 0 1 7 8 9 11 14 1.41421
4 10 0 1 7 8 9 12 13 1.73205
4 10 0 1 7 8 9 12 14 1.73205
4 10 0 1 7 8 9 13 14 1.73205
4 10 0 1 7 8 11 12 13 1.41421
4 10 0 1 7 8 11 12 14 1.41421
4 10 0 1 7 8 11 13 14 1.41421
4 10 0 1 7 8 12 13 14 1.81265
4 10 0 1 7 9 11 12 13 1.41421
4 10 0 1 7 9 11 12 14 1.41421
4 10 0 1 7 9 11 13 14 1.41421
4 10 0 1 7 9 12 13 14 1.73205
4 10 0 1 7 11 12 13 14 1.41421
4 10 0 1 8 9 11 12 13 2
4 10 0 1 8 9 11 12 14 2
4 10 0 1 8 9 11 13 14 2
4 10 0 1 8 9 12 13 14 2.16025
4 10 0 1 8 11 12 13 14 2
4 10 0 1 9 11 12 13 14 2
4 10 0 2 3 5 6 7 8 1.41421
4 10 0 2 3 5 6 7 9 1.73205
4 10 0 2 3 5 6 7 11 1.73205
4 10 0 2 3 5 6 7 12 1.41421
4 10 0 2 3 5 6 7 13 1.41421
4 10 0 2 3 5 6 7 14 1.73205
4 10 0 2 3 5 6 8 9 1.73205
4 10 0 2 3 5 6 8 11 1.73205
4 10 0 2 3 5 6 8 12 1.41421
4 10 0 2 3 5 6 8 13 1.41421
4 10 0 2 3 5 6 8 14 1.73205
4 10 0 2 3 5 6 9 11 2
4 10 0 2 3 5 6 9 12 1.73205
4 10 0 2 3 5 6 9 13 1.73205
4 10 0 2 3 5 6 9 14 2
4 10 0 2 3 5 6 11 12 1.73205
4 10 0 2 3 5 6 11 13 1.73205
4 10 0 2 3 5 6 11 14 2
4 10 0 2 3 5 6 12 13 1.41421
4 10 0 2 3 5 6 12 14 1.73205
4 10 0 2 3 5 6 13 14 1.73205
4 10 0 2 3 5 7 8 9 1.41421
4 10 0 2 3 5 7 8 11 1.41421
4 10 0 2 3 5 7 8 12 1.41421
4 10 0 2 3 5 7 8 13 1.41421
4 10 0 2 3 5 7 8 14 1.41421
4 10 0 2 3 5 7 9 11 1.73205
4 10 0 2 3 5 7 9 12 1.41421
4 10 0 2 3 5 7 9 13 1.41421
4 10 0 2 3 5 7 9 14 1.73205
4 10 0 2 3 5 7 11 12 1.41421
4 10 0 2 3 5 7 11 13 1.41421
4 10 0 2 3 5 7 11 14 1.73205
4 10 0 2 3 5 7 12 13 1.41421
4 10 0 2 3 5 7 12 14 1.41421
4 10 0 2 3 5 7 13 14 1.41421
4 10 0 2 3 5 8 9 11 1.73205
4 10 0 2 3 5 8 9 12 1.41421
4 10 0 2 3 5 8 9 13 1.41421
4 10 0 2 3 5 8 9 14 1.73205
4 10 0 2 3 5 8 11 12 1.41421
4 10 0 2 3 5 8 11 13 1.41421
4 10 0 2 3 5 8 11 14 1.73205
4 10 0 2 3 5 8 12 13 1.41421
4 10 0 2 3 5 8 12 14 1.41421
4 10 0 2 3 5 8 13 14 1.41421
4 10 0 2 3 5 9 11 12 1.73205
4 10 0 2 3 5 9 11 13 1.73205
4 10 0 2 3 5 9 11 14 2
4 10 0 2 3 5 9 12 13 1.41421
4 10 0 2 3 5 9 12 14 1.73205
4 10 0 2 3 5 9 13 14 1.73205
4 10 0 2 3 5 11 12 13 1.41421
4 10 0 2 3 5 11 12 14 1.73205
4 10 0 2 3 5 11 13 14 1.73205
4 10 0 2 3 5 12 13 14 1.41421
4 10 0 2 3 6 7 8 9 1.41421
4 10 0 2 3 6 7 8 11 1.41421
4 10 0 2 3 6 7 8 12 1
4 10 0 2 3 6 7 8 13 1
4 10 0 2 3 6 7 8 14 1.41421
4 10 0 2 3 6 7 9 11 1.73205
4 10 0 2 3 6 7 9 12 1.41421
4 10 0 2 3 6 7 9 13 1.41421
4 10 0 2 3 6 7 9 14 1.73205
4 10 0 2 3 6 7 11 12 1.41421
4 10 0 2 3 6 7 11 13 1.41421
4 10 0 2 3 6 7 11 14 1.73205
4 10 0 2 3 6 7 12 13 1
4 10 0 2 3 6 7 12 14 1.41421
4 10 0 2 3 6 7 13 14 1.41421
4 10 0 2 3 6 8 9 11 1.85164
4 10 0 2 3 6 8 9 12 1.62019
4 10 0 2 3 6 8 9 13 1.62019
4 10 0 2 3 6 8 9 14 1.85164
4 10 0 2 3 6 8 11 12 1.62019
4 10 0 2 3 6 8 11 13 1.62019
4 10 0 2 3 6 8 11 14 1.85164
4 10 0 2 3 6 8 12 13 1.41421
4 10 0 2 3 6 8 12 14 1.62019
4 10 0 2 3 6 8 13 14 1.62019
4 10 0 2 3 6 9 11 12 1.85164
4 10 0 2 3 6 9 11 13 1.85164
4 10 0 2 3 6 9 11 14 2.07802
4 10 0 2 3 6 9 12 13 1.62019
4 10 0 2 3 6 9 12 14 1.85164
4 10 0 2 3 6 9 13 14 1.85164
4 10 0 2 3 6 11 12 13 1.62019
4 10 0 2 3 6 11 12 14 1.85164
4 10 0 2 3 6 11 13 14 1.85164
4 10 0 2 3 6 12 13 14 1.62019
4 10 0 2 3 7 8 9 11 1.41421
4 10 0 2 3 7 8 9 12 1
4 10 0 2 3 7 8 9 13 1
4 10 0 2 3 7 8 9 14 1.41421
4 10 0 2 3 7 8 11 12 1
4 10 0 2 3 7 8 11 13 1
4 10 0 2 3 7 8 11 14 1.41421
4 10 0 2 3 7 8 12 13 1.41421
4 10 0 2 3 7 8 12 14 1.41421
4 10 0 2 3 7 8 13 14 1.41421
4 10 0 2 3 7 9 11 12 1.41421
4 10 0 2 3 7 9 11 13 1.41421
4 10 0 2 3 7 9 11 14 1.73205
4 10 0 2 3 7 9 12 13 1
4 10 0 2 3 7 9 12 14 1.41421
4 10 0 2 3 7 9 13 14 1.41421
4 10 0 2 3 7 11 12 13 1
4 10 0 2 3 7 11 12 14 1.41421
4 10 0 2 3 7 11 13 14 1.41421
4 10 0 2 3 7 12 13 14 1.41421
4 10 0 2 3 8 9 11 12 1.62019
4 10 0 2 3 8 9 11 13 1.62019
4 10 0 2 3 8 9 11 14 1.85164
4 10 0 2 3 8 9 12 13 1.41421
4 10 0 2 3 8 9 12 14 1.62019
4 10 0 2 3 8 9 13 14 1.62019
4 10 0 2 3 8 11 12 13 1.41421
4 10 0 2 3 8 11 12 14 1.62019
4 10 0 2 3 8 11 13 14 1.62019
4 10 0 2 3 8 12 13 14 1.41421
4 10 0 2 3 9 11 12 13 1.62019
4 10 0 2 3 9 11 12 14 1.85164
4 10 0 2 3 9 11 13 14 1.85164
4 10 0 2 3 9 12 13 14 1.62019
4 10 0 2 3 11 12 13 14 1.62019
4 10 0 2 5 6 7 8 9 1.41421
4 10 0 2 5 6 7 8 11 1.41421
4 10 0 2 5 6 7 8 12 1
4 10 0 2 5 6 7 8 13 1
4 10 0 2 5 6 7 8 14 1.41421
4 10 0 2 5 6 7 9 11 1.73205
4 10 0 2 5 6 7 9 12 1.41421
4 10 0 2 5 6 7 9 13 1.41421
4 10 0 2 5 6 7 9 14 1.73205
4 10 0 2 5 6 7 11 12 1.41421
4 10 0 2 5 6 7 11 13 1.41421
4 10 0 2 5 6 7 11 14 1.73205
4 10 0 2 5 6 7 12 13 1
4 10 0 2 5 6 7 12 14 1.41421
4 10 0 2 5 6 7 13 14 1.41421
4 10 0 2 5 6 8 9 11 1.85164
4 10 0 2 5 6 8 9 12 1.73205
4 10 0 2 5 6 8 9 13 1.73205
4 10 0 2 5 6 8 9 14 1.90693
4 10 0 2 5 6 8 11 12 1.62019
4 10 0 2 5 6 8 11 13 1.62019
4 10 0 2 5 6 8 11 14 1.85164
4 10 0 2 5 6 8 12 13 1.62019
4 10 0 2 5 6 8 12 14 1.73205
4 10 0 2 5 6 8 13 14 1.73205
4 10 0 2 5 6 9 11 12 1.85164
4 10 0 2 5 6 9 11 13 1.85164
4 10 0 2 5 6 9 11 14 2.07802
4 10 0 2 5 6 9 12 13 1.73205
4 10 0 2 5 6 9 12 14 1.90693
4 10 0 2 5 6 9 13 14 1.90693
4 10 0 2 5 6 11 12 13 1.62019
4 10 0 2 5 6 11 12 14 1.85164
4 10 0 2 5 6 11 13 14 1.85164
4 10 0 2 5 6 12 13 14 1.73205
4 10 0 2 5 7 8 9 11 1.41421
4 10 0 2 5 7 8 9 12 1.41421
4 10 0 2 5 7 8 9 13 1.41421
4 10 0 2 5 7 8 9 14 1.41421
4 10 0 2 5 7 8 11 12 1
4 10 0 2 5 7 8 11 13 1
4 10 0 2 5 7 8 11 14 1.41421
4 10 0 2 5 7 8 12 13 1.62019
4 10 0 2 5 7 8 12 14 1.62019
4 10 0 2 5 7 8 13 14 1.62019
4 10 0 2 5 7 9 11 12 1.41421
4 10 0 2 5 7 9 11 13 1.41421
4 10 0 2 5 7 9 11 14 1.73205
4 10 0 2 5 7 9 12 13 1.41421
4 10 0 2 5 7 9 12 14 1.41421
4 10 0 2 5 7 9 13 14 1.41421
4 10 0 2 5 7 11 12 13 1
4 10 0 2 5 7 11 12 14 1.41421
4 10 0 2 5 7 11 13 14 1.41421
4 10 0 2 5 7 12 13 14 1.62019
4 10 0 2 5 8 9 11 12 1.62019
4 10 0 2 5 8 9 11 13 1.62019
4 10 0 2 5 8 9 11 14 1.85164
4 10 0 2 5 8 9 12 13 1.73205
4 10 0 2 5 8 9 12 14 1.81265
4 10 0 2 5 8 9 13 14 1.81265
4 10 0 2 5 8 11 12 13 1.41421
4 10 0 2 5 8 11 12 14 1.62019
4 10 0 2 5 8 11 13 14 1.62019
4 10 0 2 5 8 12 13 14 1.81265
4 10 0 2 5 9 11 12 13 1.62019
4 10 0 2 5 9 11 12 14 1.85164
4 10 0 2 5 9 11 13 14 1.85164
4 10 0 2 5 9 12 13 14 1.81265
4 10 0 2 5 11 12 13 14 1.62019
4 10 0 2 6 7 8 9 11 1.41421
4 10 0 2 6 7 8 9 12 1
4 10 0 2 6 7 8 9 13 1
4 10 0 2 6 7 8 9 14 1.41421
4 10 0 2 6 7 8 11 12 1
4 10 0 2 6 7 8 11 13 1
4 10 0 2 6 7 8 11 14 1.41421
4 10 0 2 6 7 8 12 13 1
4 10 0 2 6 7 8 12 14 1
4 10 0 2 6 7 8 13 14 1
4 10 0 2 6 7 9 11 12 1.41421
4 10 0 2 6 7 9 11 13 1.41421
4 10 0 2 6 7 9 11 14 1.73205
4 10 0 2 6 7 9 12 13 1
4 10 0 2 6 7 9 12 14 1.41421
4 10 0 2 6 7 9 13 14 1.41421
4 10 0 2 6 7 11 12 13 1
4 10 0 2 6 7 11 12 14 1.41421
4 10 0 2 6 7 11 13 14 1.41421
4 10 0 2 6 7 12 13 14 1
4 10 0 2 6 8 9 11 12 1.85164
4 10 0 2 6 8 9 11 13 1.85164
4 10 0 2 6 8 9 11 14 2.00294
4 10 0 2 6 8 9 12 13 1.85164
4 10 0 2 6 8 9 12 14 1.93309
4 10 0 2 6 8 9 13 14 1.93309
4 10 0 2 6 8 11 12 13 1.73205
4 10 0 2 6 8 11 12 14 1.85164
4 10 0 2 6 8 11 13 14 1.85164
4 10 0 2 6 8 12 13 14 1.85164
4 10 0 2 6 9 11 12 13 1.85164
4 10 0 2 6 9 11 12 14 2.00294
4 10 0 2 6 9 11 13 14 2.00294
4 10 0 2 6 9 12 13 14 1.93309
4 10 0 2 6 11 12 13 14 1.85164
4 10 0 2 7 8 9 11 12 1
4 10 0 2 7 8 9 11 13 1
4 10 0 2 7 8 9 11 14 1.41421
4 10 0 2 7 8 9 12 13 1.41421
4 10 0 2 7 8 9 12 14 1.41421
4 10 0 2 7 8 9 13 14 1.41421
4 10 0 2 7 8 11 12 13 1
4 10 0 2 7 8 11 12 14 1
4 10 0 2 7 8 11 13 14 1
4 10 0 2 7 8 12 13 14 1.62019
4 10 0 2 7 9 11 12 13 1
4 10 0 2 7 9 11 12 14 1.41421
4 10 0 2 7 9 11 13 14 1.41421
4 10 0 2 7 9 12 13 14 1.41421
4 10 0 2 7 11 12 13 14 1
4 10 0 2 8 9 11 12 13 1.73205
4 10 0 2 8 9 11 12 14 1.85164
4 10 0 2 8 9 11 13 14 1.85164
4 10 0 2 8 9 12 13 14 1.90693
4 10 0 2 8 11 12 13 14 1.73205
4 10 0 2 9 11 12 13 14 1.85164
4 10 0 3 5 6 7 8 9 1.73205
4 10 0 3 5 6 7 8 11 1.73205
4 10 0 3 5 6 7 8 12 1.41421
4 10 0 3 5 6 7 8 13 1.41421
4 10 0 3 5 6 7 8 14 1.73205
4 10 0 3 5 6 7 9 11 2
4 10 0 3 5 6 7 9 12 1.73205
4 10 0 3 5 6 7 9 13 1.73205
4 10 0 3 5 6 7 9 14 2
4 10 0 3 5 6 7 11 12 1.73205
4 10 0 3 5 6 7 11 13 1.73205
4 10 0 3 5 6 7 11 14 2
4 10 0 3 5 6 7 12 13 1.41421
4 10 0 3 5 6 7 12 14 1.73205
4 10 0 3 5 6 7 13 14 1.73205
4 10 0 3 5 6 8 9 11 2
4 10 0 3 5 6 8 9 12 1.73205
4 10 0 3 5 6 8 9 13 1.73205
4 10 0 3 5 6 8 9 14 2
4 10 0 3 5 6 8 11 12 1.73205
4 10 0 3 5 6 8 11 13 1.73205
4 10 0 3 5 6 8 11 14 2
4 10 0 3 5 6 8 12 13 1.41421
4 10 0 3 5 6 8 12 14 1.73205
4 10 0 3 5 6 8 13 14 1.73205
4 10 0 3 5 6 9 11 12 2
4 10 0 3 5 6 9 11 13 2
4 10 0 3 5 6 9 11 14 2.23607
4 10 0 3 5 6 9 12 13 1.73205
4 10 0 3 5 6 9 12 14 2
4 10 0 3 5 6 9 13 14 2
4 10 0 3 5 6 11 12 13 1.73205
4 10 0 3 5 6 11 12 14 2
4 10 0 3 5 6 11 13 14 2
4 10 0 3 5 6 12 13 14 1.73205
4 10 0 3 5 7 8 9 11 1.73205
4 10 0 3 5 7 8 9 12 1.41421
4 10 0 3 5 7 8 9 13 1.41421
4 10 0 3 5 7 8 9 14 1.73205
4 10 0 3 5 7 8 11 12 1.41421
4 10 0 3 5 7 8 11 13 1.41421
4 10 0 3 5 7 8 11 14 1.73205
4 10 0 3 5 7 8 12 13 1.41421
4 10 0 3 5 7 8 12 14 1.41421
4 10 0 3 5 7 8 13 14 1.41421
4 10 0 3 5 7 9 11 12 1.73205
4 10 0 3 5 7 9 11 13 1.73205
4 10 0 3 5 7 9 11 14 2
4 10 0 3 5 7 9 12 13 1.41421
4 10 0 3 5 7 9 12 14 1.73205
4 10 0 3 5 7 9 13 14 1.73205
4 10 0 3 5 7 11 12 13 1.41421
4 10 0 3 5 7 11 12 14 1.73205
4 10 0 3 5 7 11 13 14 1.73205
4 10 0 3 5 7 12 13 14 1.41421
4 10 0 3 5 8 9 11 12 1.73205
4 10 0 3 5 8 9 11 13 1.73205
4 10 0 3 5 8 9 11 14 2
4 10 0 3 5 8 9 12 13 1.41421
4 10 0 3 5 8 9 12 14 1.73205
4 10 0 3 5 8 9 13 14 1.73205
4 10 0 3 5 8 11 12 13 1.41421
4 10 0 3 5 8 11 12 14 1.73205
4 10 0 3 5 8 11 13 14 1.73205
4 10 0 3 5 8 12 13 14 1.41421
4 10 0 3 5 9 11 12 13 1.73205
4 10 0 3 5 9 11 12 14 2
4 10 0 3 5 9 11 13 14 2
4 10 0 3 5 9 12 13 14 1.73205
4 10 0 3 5 11 12 13 14 1.73205
4 10 0 3 6 7 8 9 11 1.85164
4 10 0 3 6 7 8 9 12 1.62019
4 10 0 3 6 7 8 9 13 1.62019
4 10 0 3 6 7 8 9 14 1.85164
4 10 0 3 6 7 8 11 12 1.62019
4 10 0 3 6 7 8 11 13 1.62019
4 10 0 3 6 7 8 11 14 1.85164
4 10 0 3 6 7 8 12 13 1.41421
4 10 0 3 6 7 8 12 14 1.62019
4 10 0 3 6 7 8 13 14 1.62019
4 10 0 3 6 7 9 11 12 1.85164
4 10 0 3 6 7 9 11 13 1.85164
4 10 0 3 6 7 9 11 14 2.07802
4 10 0 3 6 7 9 12 13 1.62019
4 10 0 3 6 7 9 12 14 1.85164
4 10 0 3 6 7 9 13 14 1.85164
4 10 0 3 6 7 11 12 13 1.62019
4 10 0 3 6 7 11 12 14 1.85164
4 10 0 3 6 7 11 13 14 1.85164
4 10 0 3 6 7 12 13 14 1.62019
4 10 0 3 6 8 9 11 12 2.13664
4 10 0 3 6 8 9 11 13 2.13664
4 10 0 3 6 8 9 11 14 2.28709
4 10 0 3 6 8 9 12 13 2
4 10 0 3 6 8 9 12 14 2.13664
4 10 0 3 6 8 9 13 14 2.13664
4 10 0 3 6 8 11 12 13 2
4 10 0 3 6 8 11 12 14 2.13664
4 10 0 3 6 8 11 13 14 2.13664
4 10 0 3 6 8 12 13 14 2
4 10 0 3 6 9 11 12 13 2.13664
4 10 0 3 6 9 11 12 14 2.28709
4 10 0 3 6 9 11 13 14 2.28709
4 10 0 3 6 9 12 13 14 2.13664
4 10 0 3 6 11 12 13 14 2.13664
4 10 0 3 7 8 9 11 12 1.62019
4 10 0 3 7 8 9 11 13 1.62019
4 10 0 3 7 8 9 11 14 1.85164
4 10 0 3 7 8 9 12 13 1.41421
4 10 0 3 7 8 9 12 14 1.62019
4 10 0 3 7 8 9 13 14 1.62019
4 10 0 3 7 8 11 12 13 1.41421
4 10 0 3 7 8 11 12 14 1.62019
4 10 0 3 7 8 11 13 14 1.62019
4 10 0 3 7 8 12 13 14 1.41421
4 10 0 3 7 9 11 12 13 1.62019
4 10 0 3 7 9 11 12 14 1.85164
4 10 0 3 7 9 11 13 14 1.85164
4 10 0 3 7 9 12 13 14 1.62019
4 10 0 3 7 11 12 13 14 1.62019
4 10 0 3 8 9 11 12 13 2
4 10 0 3 8 9 11 12 14 2.13664
4 10 0 3 8 9 11 13 14 2.13664
4 10 0 3 8 9 12 13 14 2
4 10 0 3 8 11 12 13 14 2
4 10 0 3 9 11 12 13 14 2.13664
4 10 0 5 6 7 8 9 11 1.85164
4 10 0 5 6 7 8 9 12 1.73205
4 10 0 5 6 7 8 9 13 1.73205
4 10 0 5 6 7 8 9 14 1.90693
4 10 0 5 6 7 8 11 12 1.62019
4 10 0 5 6 7 8 11 13 1.62019
4 10 0 5 6 7 8 11 14 1.85164
4 10 0 5 6 7 8 12 13 1.62019
4 10 0 5 6 7 8 12 14 1.73205
4 10 0 5 6 7 8 13 14 1.73205
4 10 0 5 6 7 9 11 12 1.85164
4 10 0 5 6 7 9 11 13 1.85164
4 10 0 5 6 7 9 11 14 2.07802
4 10 0 5 6 7 9 12 13 1.73205
4 10 0 5 6 7 9 12 14 1.90693
4 10 0 5 6 7 9 13 14 1.90693
4 10 0 5 6 7 11 12 13 1.62019
4 10 0 5 6 7 11 12 14 1.85164
4 10 0 5 6 7 11 13 14 1.85164
4 10 0 5 6 7 12 13 14 1.73205
4 10 0 5 6 8 9 11 12 2.13664
4 10 0 5 6 8 9 11 13 2.13664
4 10 0 5 6 8 9 11 14 2.28709
4 10 0 5 6 8 9 12 13 2.13664
4 10 0 5 6 8 9 12 14 2.23607
4 10 0 5 6 8 9 13 14 2.23607
4 10 0 5 6 8 11 12 13 2
4 10 0 5 6 8 11 12 14 2.13664
4 10 0 5 6 8 11 13 14 2.13664
4 10 0 5 6 8 12 13 14 2.13664
4 10 0 5 6 9 11 12 13 2.13664
4 10 0 5 6 9 11 12 14 2.28709
4 10 0 5 6 9 11 13 14 2.28709
4 10 0 5 6 9 12 13 14 2.23607
4 10 0 5 6 11 12 13 14 2.13664
4 10 0 5 7 8 9 11 12 1.62019
4 10 0 5 7 8 9 11 13 1.62019
4 10 0 5 7 8 9 11 14 1.85164
4 10 0 5 7 8 9 12 13 1.73205
4 10 0 5 7 8 9 12 14 1.81265
4 10 0 5 7 8 9 13 14 1.81265
4 10 0 5 7 8 11 12 13 1.41421
4 10 0 5 7 8 11 12 14 1.62019
4 10 0 5 7 8 11 13 14 1.62019
4 10 0 5 7 8 12 13 14 1.81265
4 10 0 5 7 9 11 12 13 1.62019
4 10 0 5 7 9 11 12 14 1.85164
4 10 0 5 7 9 11 13 14 1.85164
4 10 0 5 7 9 12 13 14 1.81265
4 10 0 5 7 11 12 13 14 1.62019
4 10 0 5 8 9 11 12 13 2
4 10 0 5 8 9 11 12 14 2.13664
4 10 0 5 8 9 11 13 14 2.13664
4 10 0 5 8 9 12 13 14 2.16025
4 10 0 5 8 11 12 13 14 2
4 10 0 5 9 11 12 13 14 2.13664
4 10 0 6 7 8 9 11 12 1.85164
4 10 0 6 7 8 9 11 13 1.85164
4 10 0 6 7 8 9 11 14 2.00294
4 10 0 6 7 8 9 12 13 1.85164
4 10 0 6 7 8 9 12 14 1.93309
4 10 0 6 7 8 9 13 14 1.93309
4 10 0 6 7 8 11 12 13 1.73205
4 10 0 6 7 8 11 12 14 1.85164
4 10 0 6 7 8 11 13 14 1.85164
4 10 0 6 7 8 12 13 14 1.85164
4 10 0 6 7 9 11 12 13 1.85164
4 10 0 6 7 9 11 12 14 2.00294
4 10 0 6 7 9 11 13 14 2.00294
4 10 0 6 7 9 12 13 14 1.93309
4 10 0 6 7 11 12 13 14 1.85164
4 10 0 6 8 9 11 12 13 2.44949
4 10 0 6 8 9 11 12 14 2.52543
4 10 0 6 8 9 11 13 14 2.52543
4 10 0 6 8 9 12 13 14 2.52543
4 10 0 6 8 11 12 13 14 2.44949
4 10 0 6 9 11 12 13 14 2.52543
4 10 0 7 8 9 11 12 13 1.73205
4 10 0 7 8 9 11 12 14 1.85164
4 10 0 7 8 9 11 13 14 1.85164
4 10 0 7 8 9 12 13 14 1.90693
4 10 0 7 8 11 12 13 14 1.73205
4 10 0 7 9 11 12 13 14 1.85164
4 10 0 8 9 11 12 13 14 2.44949
4 10 1 2 3 5 6 7 8 1
4 10 1 2 3 5 6 7 9 1
4 10 1 2 3 5 6 7 11 1
4 10 1 2 3 5 6 7 12 1
4 10 1 2 3 5 6 7 13 0
4 10 1 2 3 5 6 7 14 1
4 10 1 2 3 5 6 8 9 1
4 10 1 2 3 5 6 8 11 1
4 10 1 2 3 5 6 8 12 1
4 10 1 2 3 5 6 8 13 0
4 10 1 2 3 5 6 8 14 1
4 10 1 2 3 5 6 9 11 1
4 10 1 2 3 5 6 9 12 1
4 10 1 2 3 5 6 9 13 0
4 10 1 2 3 5 6 9 14 1
4 10 1 2 3 5 6 11 12 1
4 10 1 2 3 5 6 11 13 0
4 10 1 2 3 5 6 11 14 1
4 10 1 2 3 5 6 12 13 0
4 10 1 2 3 5 6 12 14 1
4 10 1 2 3 5 6 13 14 0
4 10 1 2 3 5 7 8 9 1
4 10 1 2 3 5 7 8 11 1
4 10 1 2 3 5 7 8 12 1.41421
4 10 1 2 3 5 7 8 13 1.41421
4 10 1 2 3 5 7 8 14 1.41421
4 10 1 2 3 5 7 9 11 1
4 10 1 2 3 5 7 9 12 1
4 10 1 2 3 5 7 9 13 1
4 10 1 2 3 5 7 9 14 1
4 10 1 2 3 5 7 11 12 1
4 10 1 2 3 5 7 11 13 1
4 10 1 2 3 5 7 11 14 1
4 10 1 2 3 5 7 12 13 1.41421
4 10 1 2 3 5 7 12 14 1.41421
4 10 1 2 3 5 7 13 14 1.41421
4 10 1 2 3 5 8 9 11 1
4 10 1 2 3 5 8 9 12 1
4 10 1 2 3 5 8 9 13 1
4 10 1 2 3 5 8 9 14 1
4 10 1 2 3 5 8 11 12 1
4 10 1 2 3 5 8 11 13 1
4 10 1 2 3 5 8 11 14 1
4 10 1 2 3 5 8 12 13 1.41421
4 10 1 2 3 5 8 12 14 1.41421
4 10 1 2 3 5 8 13 14 1.41421
4 10 1 2 3 5 9 11 12 1
4 10 1 2 3 5 9 11 13 0
4 10 1 2 3 5 9 11 14 1
4 10 1 2 3 5 9 12 13 1
4 10 1 2 3 5 9 12 14 1
4 10 1 2 3 5 9 13 14 1
4 10 1 2 3 5 11 12 13 1
4 10 1 2 3 5 11 12 14 1
4 10 1 2 3 5 11 13 14 1
4 10 1 2 3 5 12 13 14 1.41421
4 10 1 2 3 6 7 8 9 1
4 10 1 2 3 6 7 8 11 1
4 10 1 2 3 6 7 8 12 1
4 10 1 2 3 6 7 8 13 0
4 10 1 2 3 6 7 8 14 1
4 10 1 2 3 6 7 9 11 1
4 10 1 2 3 6 7 9 12 1
4 10 1 2 3 6 7 9 13 0
4 10 1 2 3 6 7 9 14 1
4 10 1 2 3 6 7 11 12 1
4 10 1 2 3 6 7 11 13 0
4 10 1 2 3 6 7 11 14 1
4 10 1 2 3 6 7 12 13 0
4 10 1 2 3 6 7 12 14 1
4 10 1 2 3 6 7 13 14 0
4 10 1 2 3 6 8 9 11 1
4 10 1 2 3 6 8 9 12 1
4 10 1 2 3 6 8 9 13 1
4 10 1 2 3 6 8 9 14 1
4 10 1 2 3 6 8 11 12 1
4 10 1 2 3 6 8 11 13 1
4 10 1 2 3 6 8 11 14 1
4 10 1 2 3 6 8 12 13 1
4 10 1 2 3 6 8 12 14 1
4 10 1 2 3 6 8 13 14 1
4 10 1 2 3 6 9 11 12 1
4 10 1 2 3 6 9 11 13 1
4 10 1 2 3 6 9 11 14 1
4 10 1 2 3 6 9 12 13 1
4 10 1 2 3 6 9 12 14 1
4 10 1 2 3 6 9 13 14 1
4 10 1 2 3 6 11 12 13 1
4 10 1 2 3 6 11 12 14 1
4 10 1 2 3 6 11 13 14 1
4 10 1 2 3 6 12 13 14 1
4 10 1 2 3 7 8 9 11 1
4 10 1 2 3 7 8 9 12 1
4 10 1 2 3 7 8 9 13 1
4 10 1 2 3 7 8 9 14 1
4 10 1 2 3 7 8 11 12 1
4 10 1 2 3 7 8 11 13 1
4 10 1 2 3 7 8 11 14 1
4 10 1 2 3 7 8 12 13 1.41421
4 10 1 2 3 7 8 12 14 1.41421
4 10 1 2 3 7 8 13 14 1.41421
4 10 1 2 3 7 9 11 12 1
4 10 1 2 3 7 9 11 13 0
4 10 1 2 3 7 9 11 14 1
4 10 1 2 3 7 9 12 13 1
4 10 1 2 3 7 9 12 14 1
4 10 1 2 3 7 9 13 14 1
4 10 1 2 3 7 11 12 13 1
4 10 1 2 3 7 11 12 14 1
4 10 1 2 3 7 11 13 14 1
4 10 1 2 3 7 12 13 14 1.41421
4 10 1 2 3 8 9 11 12 1
4 10 1 2 3 8 9 11 13 1
4 10 1 2 3 8 9 11 14 1
4 10 1 2 3 8 9 12 13 1
4 10 1 2 3 8 9 12 14 1
4 10 1 2 3 8 9 13 14 1
4 10 1 2 3 8 11 12 13 1
4 10 1 2 3 8 11 12 14 1
4 10 1 2 3 8 11 13 14 1
4 10 1 2 3 8 12 13 14 1.41421
4 10 1 2 3 9 11 12 13 1
4 10 1 2 3 9 11 12 14 1
4 10 1 2 3 9 11 13 14 1
4 10 1 2 3 9 12 13 14 1
4 10 1 2 3 11 12 13 14 1
4 10 1 2 5 6 7 8 9 1
4 10 1 2 5 6 7 8 11 1
4 10 1 2 5 6 7 8 12 1
4 10 1 2 5 6 7 8 13 1
4 10 1 2 5 6 7 8 14 1
4 10 1 2 5 6 7 9 11 1
4 10 1 2 5 6 7 9 12 1
4 10 1 2 5 6 7 9 13 1
4 10 1 2 5 6 7 9 14 1
4 10 1 2 5 6 7 11 12 1
4 10 1 2 5 6 7 11 13 0
4 10 1 2 5 6 7 11 14 1
4 10 1 2 5 6 7 12 13 1
4 10 1 2 5 6 7 12 14 1
4 10 1 2 5 6 7 13 14 1
4 10 1 2 5 6 8 9 11 1
4 10 1 2 5 6 8 9 12 1.41421
4 10 1 2 5 6 8 9 13 1.41421
4 10 1 2 5 6 8 9 14 1.41421
4 10 1 2 5 6 8 11 12 1
4 10 1 2 5 6 8 11 13 1
4 10 1 2 5 6 8 11 14 1
4 10 1 2 5 6 8 12 13 1.41421
4 10 1 2 5 6 8 12 14 1.41421
4 10 1 2 5 6 8 13 14 1.41421
4 10 1 2 5 6 9 11 12 1
4 10 1 2 5 6 9 11 13 1
4 10 1 2 5 6 9 11 14 1
4 10 1 2 5 6 9 12 13 1.41421
4 10 1 2 5 6 9 12 14 1.41421
4 10 1 2 5 6 9 13 14 1.41421
4 10 1 2 5 6 11 12 13 1
4 10 1 2 5 6 11 12 14 1
4 10 1 2 5 6 11 13 14 1
4 10 1 2 5 6 12 13 14 1.41421
4 10 1 2 5 7 8 9 11 1
4 10 1 2 5 7 8 9 12 1.41421
4 10 1 2 5 7 8 9 13 1.41421
4 10 1 2 5 7 8 9 14 1.41421
4 10 1 2 5 7 8 11 12 1
4 10 1 2 5 7 8 11 13 1
4 10 1 2 5 7 8 11 14 1
4 10 1 2 5 7 8 12 13 1.62019
4 10 1 2 5 7 8 12 14 1.62019
4 10 1 2 5 7 8 13 14 1.62019
4 10 1 2 5 7 9 11 12 1
4 10 1 2 5 7 9 11 13 0
4 10 1 2 5 7 9 11 14 1
4 10 1 2 5 7 9 12 13 1.41421
4 10 1 2 5 7 9 12 14 1.41421
4 10 1 2 5 7 9 13 14 1.41421
4 10 1 2 5 7 11 12 13 1
4 10 1 2 5 7 11 12 14 1
4 10 1 2 5 7 11 13 14 1
4 10 1 2 5 7 12 13 14 1.62019
4 10 1 2 5 8 9 11 12 1
4 10 1 2 5 8 9 11 13 1
4 10 1 2 5 8 9 11 14 1
4 10 1 2 5 8 9 12 13 1.62019
4 10 1 2 5 8 9 12 14 1.62019
4 10 1 2 5 8 9 13 14 1.62019
4 10 1 2 5 8 11 12 13 1
4 10 1 2 5 8 11 12 14 1
4 10 1 2 5 8 11 13 14 1
4 10 1 2 5 8 12 13 14 1.73205
4 10 1 2 5 9 11 12 13 1
4 10 1 2 5 9 11 12 14 1
4 10 1 2 5 9 11 13 14 1
4 10 1 2 5 9 12 13 14 1.62019
4 10 1 2 5 11 12 13 14 1
4 10 1 2 6 7 8 9 11 1
4 10 1 2 6 7 8 9 12 1
4 10 1 2 6 7 8 9 13 1
4 10 1 2 6 7 8 9 14 1
4 10 1 2 6 7 8 11 12 1
4 10 1 2 6 7 8 11 13 0
4 10 1 2 6 7 8 11 14 1
4 10 1 2 6 7 8 12 13 1
4 10 1 2 6 7 8 12 14 1
4 10 1 2 6 7 8 13 14 1
4 10 1 2 6 7 9 11 12 1
4 10 1 2 6 7 9 11 13 0
4 10 1 2 6 7 9 11 14 1
4 10 1 2 6 7 9 12 13 1
4 10 1 2 6 7 9 12 14 1
4 10 1 2 6 7 9 13 14 1
4 10 1 2 6 7 11 12 13 0
4 10 1 2 6 7 11 12 14 1
4 10 1 2 6 7 11 13 14 0
4 10 1 2 6 7 12 13 14 1
4 10 1 2 6 8 9 11 12 1.41421
4 10 1 2 6 8 9 11 13 1.41421
4 10 1 2 6 8 9 11 14 1.41421
4 10 1 2 6 8 9 12 13 1.62019
4 10 1 2 6 8 9 12 14 1.62019
4 10 1 2 6 8 9 13 14 1.62019
4 10 1 2 6 8 11 12 13 1.41421
4 10 1 2 6 8 11 12 14 1.41421
4 10 1 2 6 8 11 13 14 1.41421
4 10 1 2 6 8 12 13 14 1.62019
4 10 1 2 6 9 11 12 13 1.41421
4 10 1 2 6 9 11 12 14 1.41421
4 10 1 2 6 9 11 13 14 1.41421
4 10 1 2 6 9 12 13 14 1.62019
4 10 1 2 6 11 12 13 14 1.41421
4 10 1 2 7 8 9 11 12 1
4 10 1 2 7 8 9 11 13 0
4 10 1 2 7 8 9 11 14 1
4 10 1 2 7 8 9 12 13 1.41421
4 10 1 2 7 8 9 12 14 1.41421
4 10 1 2 7 8 9 13 14 1.41421
4 10 1 2 7 8 11 12 13 1
4 10 1 2 7 8 11 12 14 1
4 10 1 2 7 8 11 13 14 1
4 10 1 2 7 8 12 13 14 1.62019
4 10 1 2 7 9 11 12 13 0
4 10 1 2 7 9 11 12 14 1
4 10 1 2 7 9 11 13 14 0
4 10 1 2 7 9 12 13 14 1.41421
4 10 1 2 7 11 12 13 14 1
4 10 1 2 8 9 11 12 13 1.41421
4 10 1 2 8 9 11 12 14 1.41421
4 10 1 2 8 9 11 13 14 1.41421
4 10 1 2 8 9 12 13 14 1.73205
4 10 1 2 8 11 12 13 14 1.41421
4 10 1 2 9 11 12 13 14 1.41421
4 10 1 3 5 6 7 8 9 1
4 10 1 3 5 6 7 8 11 1
4 10 1 3 5 6 7 8 12 1
4 10 1 3 5 6 7 8 13 0
4 10 1 3 5 6 7 8 14 1
4 10 1 3 5 6 7 9 11 1
4 10 1 3 5 6 7 9 12 1
4 10 1 3 5 6 7 9 13 0
4 10 1 3 5 6 7 9 14 1
4 10 1 3 5 6 7 11 12 1
4 10 1 3 5 6 7 11 13 0
4 10 1 3 5 6 7 11 14 1
4 10 1 3 5 6 7 12 13 0
4 10 1 3 5 6 7 12 14 1
4 10 1 3 5 6 7 13 14 0
4 10 1 3 5 6 8 9 11 1
4 10 1 3 5 6 8 9 12 1
4 10 1 3 5 6 8 9 13 0
4 10 1 3 5 6 8 9 14 1
4 10 1 3 5 6 8 11 12 1
4 10 1 3 5 6 8 11 13 0
4 10 1 3 5 6 8 11 14 1
4 10 1 3 5 6 8 12 13 0
4 10 1 3 5 6 8 12 14 1
4 10 1 3 5 6 8 13 14 0
4 10 1 3 5 6 9 11 12 1
4 10 1 3 5 6 9 11 13 0
4 10 1 3 5 6 9 11 14 1
4 10 1 3 5 6 9 12 13 0
4 10 1 3 5 6 9 12 14 1
4 10 1 3 5 6 9 13 14 0
4 10 1 3 5 6 11 12 13 0
4 10 1 3 5 6 11 12 14 1
4 10 1 3 5 6 11 13 14 0
4 10 1 3 5 6 12 13 14 0
4 10 1 3 5 7 8 9 11 1
4 10 1 3 5 7 8 9 12 1
4 10 1 3 5 7 8 9 13 1
4 10 1 3 5 7 8 9 14 1
4 10 1 3 5 7 8 11 12 1
4 10 1 3 5 7 8 11 13 1
4 10 1 3 5 7 8 11 14 1
4 10 1 3 5 7 8 12 13 1.41421
4 10 1 3 5 7 8 12 14 1.41421
4 10 1 3 5 7 8 13 14 1.41421
4 10 1 3 5 7 9 11 12 1
4 10 1 3 5 7 9 11 13 0
4 10 1 3 5 7 9 11 14 1
4 10 1 3 5 7 9 12 13 1
4 10 1 3 5 7 9 12 14 1
4 10 1 3 5 7 9 13 14 1
4 10 1 3 5 7 11 12 13 1
4 10 1 3 5 7 11 12 14 1
4 10 1 3 5 7 11 13 14 1
4 10 1 3 5 7 12 13 14 1.41421
4 10 1 3 5 8 9 11 12 1
4 10 1 3 5 8 9 11 13 0
4 10 1 3 5 8 9 11 14 1
4 10 1 3 5 8 9 12 13 1
4 10 1 3 5 8 9 12 14 1
4 10 1 3 5 8 9 13 14 1
4 10 1 3 5 8 11 12 13 1
4 10 1 3 5 8 11 12 14 1
4 10 1 3 5 8 11 13 14 1
4 10 1 3 5 8 12 13 14 1.41421
4 10 1 3 5 9 11 12 13 0
4 10 1 3 5 9 11 12 14 1
4 10 1 3 5 9 11 13 14 0
4 10 1 3 5 9 12 13 14 1
4 10 1 3 5 11 12 13 14 1
4 10 1 3 6 7 8 9 11 1
4 10 1 3 6 7 8 9 12 1
4 10 1 3 6 7 8 9 13 1
4 10 1 3 6 7 8 9 14 1
4 10 1 3 6 7 8 11 12 1
4 10 1 3 6 7 8 11 13 1
4 10 1 3 6 7 8 11 14 1
4 10 1 3 6 7 8 12 13 1
4 10 1 3 6 7 8 12 14 1
4 10 1 3 6 7 8 13 14 1
4 10 1 3 6 7 9 11 12 1
4 10 1 3 6 7 9 11 13 1
4 10 1 3 6 7 9 11 14 1
4 10 1 3 6 7 9 12 13 1
4 10 1 3 6 7 9 12 14 1
4 10 1 3 6 7 9 13 14 1
4 10 1 3 6 7 11 12 13 1
4 10 1 3 6 7 11 12 14 1
4 10 1 3 6 7 11 13 14 1
4 10 1 3 6 7 12 13 14 1
4 10 1 3 6 8 9 11 12 1.41421
4 10 1 3 6 8 9 11 13 1.41421
4 10 1 3 6 8 9 11 14 1.41421
4 10 1 3 6 8 9 12 13 1.41421
4 10 1 3 6 8 9 12 14 1.41421
4 10 1 3 6 8 9 13 14 1.41421
4 10 1 3 6 8 11 12 13 1.41421
4 10 1 3 6 8 11 12 14 1.41421
4 10 1 3 6 8 11 13 14 1.41421
4 10 1 3 6 8 12 13 14 1.41421
4 10 1 3 6 9 11 12 13 1.41421
4 10 1 3 6 9 11 12 14 1.41421
4 10 1 3 6 9 11 13 14 1.41421
4 10 1 3 6 9 12 13 14 1.41421
4 10 1 3 6 11 12 13 14 1.41421
4 10 1 3 7 8 9 11 12 1
4 10 1 3 7 8 9 11 13 1
4 10 1 3 7 8 9 11 14 1
4 10 1 3 7 8 9 12 13 1
4 10 1 3 7 8 9 12 14 1
4 10 1 3 7 8 9 13 14 1
4 10 1 3 7 8 11 12 13 1
4 10 1 3 7 8 11 12 14 1
4 10 1 3 7 8 11 13 14 1
4 10 1 3 7 8 12 13 14 1.41421
4 10 1 3 7 9 11 12 13 1
4 10 1 3 7 9 11 12 14 1
4 10 1 3 7 9 11 13 14 1
4 10 1 3 7 9 12 13 14 1
4 10 1 3 7 11 12 13 14 1
4 10 1 3 8 9 11 12 13 1.41421
4 10 1 3 8 9 11 12 14 1.41421
4 10 1 3 8 9 11 13 14 1.41421
4 10 1 3 8 9 12 13 14 1.41421
4 10 1 3 8 11 12 13 14 1.41421
4 10 1 3 9 11 12 13 14 1.41421
4 10 1 5 6 7 8 9 11 1
4 10 1 5 6 7 8 9 12 1.41421
4 10 1 5 6 7 8 9 13 1.41421
4 10 1 5 6 7 8 9 14 1.41421
4 10 1 5 6 7 8 11 12 1
4 10 1 5 6 7 8 11 13 1
4 10 1 5 6 7 8 11 14 1
4 10 1 5 6 7 8 12 13 1.41421
4 10 1 5 6 7 8 12 14 1.41421
4 10 1 5 6 7 8 13 14 1.41421
4 10 1 5 6 7 9 11 12 1
4 10 1 5 6 7 9 11 13 1
4 10 1 5 6 7 9 11 14 1
4 10 1 5 6 7 9 12 13 1.41421
4 10 1 5 6 7 9 12 14 1.41421
4 10 1 5 6 7 9 13 14 1.41421
4 10 1 5 6 7 11 12 13 1
4 10 1 5 6 7 11 12 14 1
4 10 1 5 6 7 11 13 14 1
4 10 1 5 6 7 12 13 14 1.41421
4 10 1 5 6 8 9 11 12 1.41421
4 10 1 5 6 8 9 11 13 1.41421
4 10 1 5 6 8 9 11 14 1.41421
4 10 1 5 6 8 9 12 13 1.73205
4 10 1 5 6 8 9 12 14 1.73205
4 10 1 5 6 8 9 13 14 1.73205
4 10 1 5 6 8 11 12 13 1.41421
4 10 1 5 6 8 11 12 14 1.41421
4 10 1 5 6 8 11 13 14 1.41421
4 10 1 5 6 8 12 13 14 1.73205
4 10 1 5 6 9 11 12 13 1.41421
4 10 1 5 6 9 11 12 14 1.41421
4 10 1 5 6 9 11 13 14 1.41421
4 10 1 5 6 9 12 13 14 1.73205
4 10 1 5 6 11 12 13 14 1.41421
4 10 1 5 7 8 9 11 12 1
4 10 1 5 7 8 9 11 13 1
4 10 1 5 7 8 9 11 14 1
4 10 1 5 7 8 9 12 13 1.62019
4 10 1 5 7 8 9 12 14 1.62019
4 10 1 5 7 8 9 13 14 1.62019
4 10 1 5 7 8 11 12 13 1
4 10 1 5 7 8 11 12 14 1
4 10 1 5 7 8 11 13 14 1
4 10 1 5 7 8 12 13 14 1.73205
4 10 1 5 7 9 11 12 13 1
4 10 1 5 7 9 11 12 14 1
4 10 1 5 7 9 11 13 14 1
4 10 1 5 7 9 12 13 14 1.62019
4 10 1 5 7 11 12 13 14 1
4 10 1 5 8 9 11 12 13 1.41421
4 10 1 5 8 9 11 12 14 1.41421
4 10 1 5 8 9 11 13 14 1.41421
4 10 1 5 8 9 12 13 14 1.85164
4 10 1 5 8 11 12 13 14 1.41421
4 10 1 5 9 11 12 13 14 1.41421
4 10 1 6 7 8 9 11 12 1.41421
4 10 1 6 7 8 9 11 13 1.41421
4 10 1 6 7 8 9 11 14 1.41421
4 10 1 6 7 8 9 12 13 1.62019
4 10 1 6 7 8 9 12 14 1.62019
4 10 1 6 7 8 9 13 14 1.62019
4 10 1 6 7 8 11 12 13 1.41421
4 10 1 6 7 8 11 12 14 1.41421
4 10 1 6 7 8 11 13 14 1.41421
4 10 1 6 7 8 12 13 14 1.62019
4 10 1 6 7 9 11 12 13 1.41421
4 10 1 6 7 9 11 12 14 1.41421
4 10 1 6 7 9 11 13 14 1.41421
4 10 1 6 7 9 12 13 14 1.62019
4 10 1 6 7 11 12 13 14 1.41421
4 10 1 6 8 9 11 12 13 2
4 10 1 6 8 9 11 12 14 2
4 10 1 6 8 9 11 13 14 2
4 10 1 6 8 9 12 13 14 2.13664
4 10 1 6 8 11 12 13 14 2
4 10 1 6 9 11 12 13 14 2
4 10 1 7 8 9 11 12 13 1.41421
4 10 1 7 8 9 11 12 14 1.41421
4 10 1 7 8 9 11 13 14 1.41421
4 10 1 7 8 9 12 13 14 1.73205
4 10 1 7 8 11 12 13 14 1.41421
4 10 1 7 9 11 12 13 14 1.41421
4 10 1 8 9 11 12 13 14 2
4 10 2 3 5 6 7 8 9 1.62019
4 10 2 3 5 6 7 8 11 1.62019
4 10 2 3 5 6 7 8 12 1.41421
4 10 2 3 5 6 7 8 13 1
4 10 2 3 5 6 7 8 14 1.62019
4 10 2 3 5 6 7 9 11 1.85164
4 10 2 3 5 6 7 9 12 1.62019
4 10 2 3 5 6 7 9 13 1.41421
4 10 2 3 5 6 7 9 14 1.85164
4 10 2 3 5 6 7 11 12 1.62019
4 10 2 3 5 6 7 11 13 1.41421
4 10 2 3 5 6 7 11 14 1.85164
4 10 2 3 5 6 7 12 13 1
4 10 2 3 5 6 7 12 14 1.62019
4 10 2 3 5 6 7 13 14 1.41421
4 10 2 3 5 6 8 9 11 1.85164
4 10 2 3 5 6 8 9 12 1.62019
4 10 2 3 5 6 8 9 13 1.41421
4 10 2 3 5 6 8 9 14 1.85164
4 10 2 3 5 6 8 11 12 1.62019
4 10 2 3 5 6 8 11 13 1.41421
4 10 2 3 5 6 8 11 14 1.85164
4 10 2 3 5 6 8 12 13 1
4 10 2 3 5 6 8 12 14 1.62019
4 10 2 3 5 6 8 13 14 1.41421
4 10 2 3 5 6 9 11 12 1.85164
4 10 2 3 5 6 9 11 13 1.73205
4 10 2 3 5 6 9 11 14 2.07802
4 10 2 3 5 6 9 12 13 1.41421
4 10 2 3 5 6 9 12 14 1.85164
4 10 2 3 5 6 9 13 14 1.73205
4 10 2 3 5 6 11 12 13 1.41421
4 10 2 3 5 6 11 12 14 1.85164
4 10 2 3 5 6 11 13 14 1.73205
4 10 2 3 5 6 12 13 14 1.41421
4 10 2 3 5 7 8 9 11 1.62019
4 10 2 3 5 7 8 9 12 1.41421
4 10 2 3 5 7 8 9 13 1
4 10 2 3 5 7 8 9 14 1.62019
4 10 2 3 5 7 8 11 12 1.41421
4 10 2 3 5 7 8 11 13 1
4 10 2 3 5 7 8 11 14 1.62019
4 10 2 3 5 7 8 12 13 1.41421
4 10 2 3 5 7 8 12 14 1.41421
4 10 2 3 5 7 8 13 14 1.41421
4 10 2 3 5 7 9 11 12 1.62019
4 10 2 3 5 7 9 11 13 1.41421
4 10 2 3 5 7 9 11 14 1.85164
4 10 2 3 5 7 9 12 13 1
4 10 2 3 5 7 9 12 14 1.62019
4 10 2 3 5 7 9 13 14 1.41421
4 10 2 3 5 7 11 12 13 1
4 10 2 3 5 7 11 12 14 1.62019
4 10 2 3 5 7 11 13 14 1.41421
4 10 2 3 5 7 12 13 14 1.41421
4 10 2 3 5 8 9 11 12 1.62019
4 10 2 3 5 8 9 11 13 1.41421
4 10 2 3 5 8 9 11 14 1.85164
4 10 2 3 5 8 9 12 13 1
4 10 2 3 5 8 9 12 14 1.62019
4 10 2 3 5 8 9 13 14 1.41421
4 10 2 3 5 8 11 12 13 1
4 10 2 3 5 8 11 12 14 1.62019
4 10 2 3 5 8 11 13 14 1.41421
4 10 2 3 5 8 12 13 14 1.41421
4 10 2 3 5 9 11 12 13 1.41421
4 10 2 3 5 9 11 12 14 1.85164
4 10 2 3 5 9 11 13 14 1.73205
4 10 2 3 5 9 12 13 14 1.41421
4 10 2 3 5 11 12 13 14 1.41421
4 10 2 3 6 7 8 9 11 1.62019
4 10 2 3 6 7 8 9 12 1.41421
4 10 2 3 6 7 8 9 13 1
4 10 2 3 6 7 8 9 14 1.62019
4 10 2 3 6 7 8 11 12 1.41421
4 10 2 3 6 7 8 11 13 1
4 10 2 3 6 7 8 11 14 1.62019
4 10 2 3 6 7 8 12 13 0
4 10 2 3 6 7 8 12 14 1.41421
4 10 2 3 6 7 8 13 14 1
4 10 2 3 6 7 9 11 12 1.62019
4 10 2 3 6 7 9 11 13 1.41421
4 10 2 3 6 7 9 11 14 1.85164
4 10 2 3 6 7 9 12 13 1
4 10 2 3 6 7 9 12 14 1.62019
4 10 2 3 6 7 9 13 14 1.41421
4 10 2 3 6 7 11 12 13 1
4 10 2 3 6 7 11 12 14 1.62019
4 10 2 3 6 7 11 13 14 1.41421
4 10 2 3 6 7 12 13 14 1
4 10 2 3 6 8 9 11 12 1.73205
4 10 2 3 6 8 9 11 13 1.62019
4 10 2 3 6 8 9 11 14 1.93309
4 10 2 3 6 8 9 12 13 1.41421
4 10 2 3 6 8 9 12 14 1.73205
4 10 2 3 6 8 9 13 14 1.62019
4 10 2 3 6 8 11 12 13 1.41421
4 10 2 3 6 8 11 12 14 1.73205
4 10 2 3 6 8 11 13 14 1.62019
4 10 2 3 6 8 12 13 14 1.41421
4 10 2 3 6 9 11 12 13 1.62019
4 10 2 3 6 9 11 12 14 1.93309
4 10 2 3 6 9 11 13 14 1.85164
4 10 2 3 6 9 12 13 14 1.62019
4 10 2 3 6 11 12 13 14 1.62019
4 10 2 3 7 8 9 11 12 1.41421
4 10 2 3 7 8 9 11 13 1
4 10 2 3 7 8 9 11 14 1.62019
4 10 2 3 7 8 9 12 13 1
4 10 2 3 7 8 9 12 14 1.41421
4 10 2 3 7 8 9 13 14 1
4 10 2 3 7 8 11 12 13 1
4 10 2 3 7 8 11 12 14 1.41421
4 10 2 3 7 8 11 13 14 1
4 10 2 3 7 8 12 13 14 1.41421
4 10 2 3 7 9 11 12 13 1
4 10 2 3 7 9 11 12 14 1.62019
4 10 2 3 7 9 11 13 14 1.41421
4 10 2 3 7 9 12 13 14 1
4 10 2 3 7 11 12 13 14 1
4 10 2 3 8 9 11 12 13 1.41421
4 10 2 3 8 9 11 12 14 1.73205
4 10 2 3 8 9 11 13 14 1.62019
4 10 2 3 8 9 12 13 14 1.41421
4 10 2 3 8 11 12 13 14 1.41421
4 10 2 3 9 11 12 13 14 1.62019
4 10 2 5 6 7 8 9 11 1.62019
4 10 2 5 6 7 8 9 12 1.41421
4 10 2 5 6 7 8 9 13 1
4 10 2 5 6 7 8 9 14 1.62019
4 10 2 5 6 7 8 11 12 1.41421
4 10 2 5 6 7 8 11 13 1
4 10 2 5 6 7 8 11 14 1.62019
4 10 2 5 6 7 8 12 13 1
4 10 2 5 6 7 8 12 14 1.41421
4 10 2 5 6 7 8 13 14 1
4 10 2 5 6 7 9 11 12 1.62019
4 10 2 5 6 7 9 11 13 1.41421
4 10 2 5 6 7 9 11 14 1.85164
4 10 2 5 6 7 9 12 13 1
4 10 2 5 6 7 9 12 14 1.62019
4 10 2 5 6 7 9 13 14 1.41421
4 10 2 5 6 7 11 12 13 1
4 10 2 5 6 7 11 12 14 1.62019
4 10 2 5 6 7 11 13 14 1.41421
4 10 2 5 6 7 12 13 14 1
4 10 2 5 6 8 9 11 12 1.73205
4 10 2 5 6 8 9 11 13 1.62019
4 10 2 5 6 8 9 11 14 1.93309
4 10 2 5 6 8 9 12 13 1.62019
4 10 2 5 6 8 9 12 14 1.81265
4 10 2 5 6 8 9 13 14 1.73205
4 10 2 5 6 8 11 12 13 1.41421
4 10 2 5 6 8 11 12 14 1.73205
4 10 2 5 6 8 11 13 14 1.62019
4 10 2 5 6 8 12 13 14 1.62019
4 10 2 5 6 9 11 12 13 1.62019
4 10 2 5 6 9 11 12 14 1.93309
4 10 2 5 6 9 11 13 14 1.85164
4 10 2 5 6 9 12 13 14 1.73205
4 10 2 5 6 11 12 13 14 1.62019
4 10 2 5 7 8 9 11 12 1.41421
4 10 2 5 7 8 9 11 13 1
4 10 2 5 7 8 9 11 14 1.62019
4 10 2 5 7 8 9 12 13 1.41421
4 10 2 5 7 8 9 12 14 1.41421
4 10 2 5 7 8 9 13 14 1.41421
4 10 2 5 7 8 11 12 13 1
4 10 2 5 7 8 11 12 14 1.41421
4 10 2 5 7 8 11 13 14 1
4 10 2 5 7 8 12 13 14 1.62019
4 10 2 5 7 9 11 12 13 1
4 10 2 5 7 9 11 12 14 1.62019
4 10 2 5 7 9 11 13 14 1.41421
4 10 2 5 7 9 12 13 14 1.41421
4 10 2 5 7 11 12 13 14 1
4 10 2 5 8 9 11 12 13 1.41421
4 10 2 5 8 9 11 12 14 1.73205
4 10 2 5 8 9 11 13 14 1.62019
4 10 2 5 8 9 12 13 14 1.73205
4 10 2 5 8 11 12 13 14 1.41421
4 10 2 5 9 11 12 13 14 1.62019
4 10 2 6 7 8 9 11 12 1.41421
4 10 2 6 7 8 9 11 13 1
4 10 2 6 7 8 9 11 14 1.62019
4 10 2 6 7 8 9 12 13 1
4 10 2 6 7 8 9 12 14 1.41421
4 10 2 6 7 8 9 13 14 1
4 10 2 6 7 8 11 12 13 0
4 10 2 6 7 8 11 12 14 1.41421
4 10 2 6 7 8 11 13 14 1
4 10 2 6 7 8 12 13 14 1
4 10 2 6 7 9 11 12 13 1
4 10 2 6 7 9 11 12 14 1.62019
4 10 2 6 7 9 11 13 14 1.41421
4 10 2 6 7 9 12 13 14 1
4 10 2 6 7 11 12 13 14 1
4 10 2 6 8 9 11 12 13 1.73205
4 10 2 6 8 9 11 12 14 1.90693
4 10 2 6 8 9 11 13 14 1.85164
4 10 2 6 8 9 12 13 14 1.85164
4 10 2 6 8 11 12 13 14 1.73205
4 10 2 6 9 11 12 13 14 1.85164
4 10 2 7 8 9 11 12 13 0
4 10 2 7 8 9 11 12 14 1.41421
4 10 2 7 8 9 11 13 14 1
4 10 2 7 8 9 12 13 14 1.41421
4 10 2 7 8 11 12 13 14 1
4 10 2 7 9 11 12 13 14 1
4 10 2 8 9 11 12 13 14 1.73205
4 10 3 5 6 7 8 9 11 1.85164
4 10 3 5 6 7 8 9 12 1.62019
4 10 3 5 6 7 8 9 13 1.41421
4 10 3 5 6 7 8 9 14 1.85164
4 10 3 5 6 7 8 11 12 1.62019
4 10 3 5 6 7 8 11 13 1.41421
4 10 3 5 6 7 8 11 14 1.85164
4 10 3 5 6 7 8 12 13 1
4 10 3 5 6 7 8 12 14 1.62019
4 10 3 5 6 7 8 13 14 1.41421
4 10 3 5 6 7 9 11 12 1.85164
4 10 3 5 6 7 9 11 13 1.73205
4 10 3 5 6 7 9 11 14 2.07802
4 10 3 5 6 7 9 12 13 1.41421
4 10 3 5 6 7 9 12 14 1.85164
4 10 3 5 6 7 9 13 14 1.73205
4 10 3 5 6 7 11 12 13 1.41421
4 10 3 5 6 7 11 12 14 1.85164
4 10 3 5 6 7 11 13 14 1.73205
4 10 3 5 6 7 12 13 14 1.41421
4 10 3 5 6 8 9 11 12 1.85164
4 10 3 5 6 8 9 11 13 1.73205
4 10 3 5 6 8 9 11 14 2.07802
4 10 3 5 6 8 9 12 13 1.41421
4 10 3 5 6 8 9 12 14 1.85164
4 10 3 5 6 8 9 13 14 1.73205
4 10 3 5 6 8 11 12 13 1.41421
4 10 3 5 6 8 11 12 14 1.85164
4 10 3 5 6 8 11 13 14 1.73205
4 10 3 5 6 8 12 13 14 1.41421
4 10 3 5 6 9 11 12 13 1.73205
4 10 3 5 6 9 11 12 14 2.07802
4 10 3 5 6 9 11 13 14 2
4 10 3 5 6 9 12 13 14 1.73205
4 10 3 5 6 11 12 13 14 1.73205
4 10 3 5 7 8 9 11 12 1.62019
4 10 3 5 7 8 9 11 13 1.41421
4 10 3 5 7 8 9 11 14 1.85164
4 10 3 5 7 8 9 12 13 1
4 10 3 5 7 8 9 12 14 1.62019
4 10 3 5 7 8 9 13 14 1.41421
4 10 3 5 7 8 11 12 13 1
4 10 3 5 7 8 11 12 14 1.62019
4 10 3 5 7 8 11 13 14 1.41421
4 10 3 5 7 8 12 13 14 1.41421
4 10 3 5 7 9 11 12 13 1.41421
4 10 3 5 7 9 11 12 14 1.85164
4 10 3 5 7 9 11 13 14 1.73205
4 10 3 5 7 9 12 13 14 1.41421
4 10 3 5 7 11 12 13 14 1.41421
4 10 3 5 8 9 11 12 13 1.41421
4 10 3 5 8 9 11 12 14 1.85164
4 10 3 5 8 9 11 13 14 1.73205
4 10 3 5 8 9 12 13 14 1.41421
4 10 3 5 8 11 12 13 14 1.41421
4 10 3 5 9 11 12 13 14 1.73205
4 10 3 6 7 8 9 11 12 1.73205
4 10 3 6 7 8 9 11 13 1.62019
4 10 3 6 7 8 9 11 14 1.93309
4 10 3 6 7 8 9 12 13 1.41421
4 10 3 6 7 8 9 12 14 1.73205
4 10 3 6 7 8 9 13 14 1.62019
4 10 3 6 7 8 11 12 13 1.41421
4 10 3 6 7 8 11 12 14 1.73205
4 10 3 6 7 8 11 13 14 1.62019
4 10 3 6 7 8 12 13 14 1.41421
4 10 3 6 7 9 11 12 13 1.62019
4 10 3 6 7 9 11 12 14 1.93309
4 10 3 6 7 9 11 13 14 1.85164
4 10 3 6 7 9 12 13 14 1.62019
4 10 3 6 7 11 12 13 14 1.62019
4 10 3 6 8 9 11 12 13 2
4 10 3 6 8 9 11 12 14 2.16025
4 10 3 6 8 9 11 13 14 2.13664
4 10 3 6 8 9 12 13 14 2
4 10 3 6 8 11 12 13 14 2
4 10 3 6 9 11 12 13 14 2.13664
4 10 3 7 8 9 11 12 13 1.41421
4 10 3 7 8 9 11 12 14 1.73205
4 10 3 7 8 9 11 13 14 1.62019
4 10 3 7 8 9 12 13 14 1.41421
4 10 3 7 8 11 12 13 14 1.41421
4 10 3 7 9 11 12 13 14 1.62019
4 10 3 8 9 11 12 13 14 2
4 10 5 6 7 8 9 11 12 1.73205
4 10 5 6 7 8 9 11 13 1.62019
4 10 5 6 7 8 9 11 14 1.93309
4 10 5 6 7 8 9 12 13 1.62019
4 10 5 6 7 8 9 12 14 1.81265
4 10 5 6 7 8 9 13 14 1.73205
4 10 5 6 7 8 11 12 13 1.41421
4 10 5 6 7 8 11 12 14 1.73205
4 10 5 6 7 8 11 13 14 1.62019
4 10 5 6 7 8 12 13 14 1.62019
4 10 5 6 7 9 11 12 13 1.62019
4 10 5 6 7 9 11 12 14 1.93309
4 10 5 6 7 9 11 13 14 1.85164
4 10 5 6 7 9 12 13 14 1.73205
4 10 5 6 7 11 12 13 14 1.62019
4 10 5 6 8 9 11 12 13 2
4 10 5 6 8 9 11 12 14 2.16025
4 10 5 6 8 9 11 13 14 2.13664
4 10 5 6 8 9 12 13 14 2.13664
4 10 5 6 8 11 12 13 14 2
4 10 5 6 9 11 12 13 14 2.13664
4 10 5 7 8 9 11 12 13 1.41421
4 10 5 7 8 9 11 12 14 1.73205
4 10 5 7 8 9 11 13 14 1.62019
4 10 5 7 8 9 12 13 14 1.73205
4 10 5 7 8 11 12 13 14 1.41421
4 10 5 7 9 11 12 13 14 1.62019
4 10 5 8 9 11 12 13 14 2
4 10 6 7 8 9 11 12 13 1.73205
4 10 6 7 8 9 11 12 14 1.90693
4 10 6 7 8 9 11 13 14 1.85164
4 10 6 7 8 9 12 13 14 1.85164
4 10 6 7 8 11 12 13 14 1.73205
4 10 6 7 9 11 12 13 14 1.85164
4 10 6 8 9 11 12 13 14 2.44949
4 10 7 8 9 11 12 13 14 1.73205
