7 10 0 1 2 3 1.41421
7 10 0 1 2 4 1.62019
7 10 0 1 2 5 1.62019
7 10 0 1 2 6 1
7 10 0 1 2 8 1.62019
7 10 0 1 2 9 1.41421
7 10 0 1 2 11 1
7 10 0 1 2 12 1.62019
7 10 0 1 2 13 1.62019
7 10 0 1 2 14 1.62019
7 10 0 1 3 4 1.41421
7 10 0 1 3 5 1.41421
7 10 0 1 3 6 1.41421
7 10 0 1 3 8 1.41421
7 10 0 1 3 9 1.41421
7 10 0 1 3 11 1.41421
7 10 0 1 3 12 1.41421
7 10 0 1 3 13 1.41421
7 10 0 1 3 14 1.41421
7 10 0 1 4 5 1.73205
7 10 0 1 4 6 1.62019
7 10 0 1 4 8 1.81265
7 10 0 1 4 9 1.73205
7 10 0 1 4 11 1.41421
7 10 0 1 4 12 1.81265
7 10 0 1 4 13 1.81265
7 10 0 1 4 14 1.81265
7 10 0 1 5 6 1.41421
7 10 0 1 5 8 1.73205
7 10 0 1 5 9 1.62019
7 10 0 1 5 11 1
7 10 0 1 5 12 1.73205
7 10 0 1 5 13 1.73205
7 10 0 1 5 14 1.73205
7 10 0 1 6 8 1.73205
7 10 0 1 6 9 1.73205
7 10 0 1 6 11 1.62019
7 10 0 1 6 12 1.73205
7 10 0 1 6 13 1.73205
7 10 0 1 6 14 1.73205
7 10 0 1 8 9 1.81265
7 10 0 1 8 11 1.62019
7 10 0 1 8 12 2
7 10 0 1 8 13 2
7 10 0 1 8 14 2
7 10 0 1 9 11 1.62019
7 10 0 1 9 12 1.81265
7 10 0 1 9 13 1.81265
7 10 0 1 9 14 1.81265
7 10 0 1 11 12 1.62019
7 10 0 1 11 13 1.62019
7 10 0 1 11 14 1.62019
7 10 0 1 12 13 2
7 10 0 1 12 14 2
7 10 0 1 13 14 2
7 10 0 2 3 4 1.73205
7 10 0 2 3 5 1.73205
7 10 0 2 3 6 1.73205
7 10 0 2 3 8 1.41421
7 10 0 2 3 9 1.73205
7 10 0 2 3 11 1.73205
7 10 0 2 3 12 1.41421
7 10 0 2 3 13 1.41421
7 10 0 2 3 14 1.73205
7 10 0 2 4 5 1.73205
7 10 0 2 4 6 1.73205
7 10 0 2 4 8 1.62019
7 10 0 2 4 9 1.73205
7 10 0 2 4 11 1.73205
7 10 0 2 4 12 1.62019
7 10 0 2 4 13 1.62019
7 10 0 2 4 14 1.73205
7 10 0 2 5 6 1.73205
7 10 0 2 5 8 1.62019
7 10 0 2 5 9 1.73205
7 10 0 2 5 11 1.73205
7 10 0 2 5 12 1.62019
7 10 0 2 5 13 1.62019
7 10 0 2 5 14 1.73205
7 10 0 2 6 8 1.41421
7 10 0 2 6 9 1.73205
7 10 0 2 6 11 1.73205
7 10 0 2 6 12 1.41421
7 10 0 2 6 13 1.41421
7 10 0 2 6 14 1.73205
7 10 0 2 8 9 1.41421
7 10 0 2 8 11 1.41421
7 10 0 2 8 12 1.62019
7 10 0 2 8 13 1.62019
7 10 0 2 8 14 1.62019
7 10 0 2 9 11 1.73205
7 10 0 2 9 12 1.41421
7 10 0 2 9 13 1.41421
7 10 0 2 9 14 1.73205
7 10 0 2 11 12 1.41421
7 10 0 2 11 13 1.41421
7 10 0 2 11 14 1.73205
7 10 0 2 12 13 1.62019
7 10 0 2 12 14 1.62019
7 10 0 2 13 14 1.62019
7 10 0 3 4 5 2
7 10 0 3 4 6 2.07802
7 10 0 3 4 8 1.85164
7 10 0 3 4 9 2.07802
7 10 0 3 4 11 2.07802
7 10 0 3 4 12 1.85164
7 10 0 3 4 13 1.85164
7 10 0 3 4 14 2.07802
7 10 0 3 5 6 2
7 10 0 3 5 8 1.73205
7 10 0 3 5 9 2
7 10 0 3 5 11 2
7 10 0 3 5 12 1.73205
7 10 0 3 5 13 1.73205
7 10 0 3 5 14 2
7 10 0 3 6 8 1.90693
7 10 0 3 6 9 2.10357
7 10 0 3 6 11 2.10357
7 10 0 3 6 12 1.90693
7 10 0 3 6 13 1.90693
7 10 0 3 6 14 2.10357
7 10 0 3 8 9 1.90693
7 10 0 3 8 11 1.90693
7 10 0 3 8 12 1.73205
7 10 0 3 8 13 1.73205
7 10 0 3 8 14 1.90693
7 10 0 3 9 11 2.10357
7 10 0 3 9 12 1.90693
7 10 0 3 9 13 1.90693
7 10 0 3 9 14 2.10357
7 10 0 3 11 12 1.90693
7 10 0 3 11 13 1.90693
7 10 0 3 11 14 2.10357
7 10 0 3 12 13 1.73205
7 10 0 3 12 14 1.90693
7 10 0 3 13 14 1.90693
7 10 0 4 5 6 2.10357
7 10 0 4 5 8 1.96214
7 10 0 4 5 9 2.12132
7 10 0 4 5 11 2.07802
7 10 0 4 5 12 1.96214
7 10 0 4 5 13 1.96214
7 10 0 4 5 14 2.12993
7 10 0 4 6 8 2.04939
7 10 0 4 6 9 2.21037
7 10 0 4 6 11 2.17945
7 10 0 4 6 12 2.04939
7 10 0 4 6 13 2.04939
7 10 0 4 6 14 2.21037
7 10 0 4 8 9 2.08167
7 10 0 4 8 11 2.00294
7 10 0 4 8 12 2
7 10 0 4 8 13 2
7 10 0 4 8 14 2.09069
7 10 0 4 9 11 2.17945
7 10 0 4 9 12 2.08167
7 10 0 4 9 13 2.08167
7 10 0 4 9 14 2.21675
7 10 0 4 11 12 2.00294
7 10 0 4 11 13 2.00294
7 10 0 4 11 14 2.17945
7 10 0 4 12 13 2
7 10 0 4 12 14 2.09069
7 10 0 4 13 14 2.09069
7 10 0 5 6 8 1.90693
7 10 0 5 6 9 2.10357
7 10 0 5 6 11 2.07802
7 10 0 5 6 12 1.90693
7 10 0 5 6 13 1.90693
7 10 0 5 6 14 2.10357
7 10 0 5 8 9 1.93309
7 10 0 5 8 11 1.85164
7 10 0 5 8 12 2
7 10 0 5 8 13 2
7 10 0 5 8 14 1.96214
7 10 0 5 9 11 2.07802
7 10 0 5 9 12 1.93309
7 10 0 5 9 13 1.93309
7 10 0 5 9 14 2.12132
7 10 0 5 11 12 1.85164
7 10 0 5 11 13 1.85164
7 10 0 5 11 14 2.07802
7 10 0 5 12 13 2
7 10 0 5 12 14 1.96214
7 10 0 5 13 14 1.96214
7 10 0 6 8 9 2.10223
7 10 0 6 8 11 2.04939
7 10 0 6 8 12 2
7 10 0 6 8 13 2
7 10 0 6 8 14 2.10223
7 10 0 6 9 11 2.21037
7 10 0 6 9 12 2.10223
7 10 0 6 9 13 2.10223
7 10 0 6 9 14 2.23607
7 10 0 6 11 12 2.04939
7 10 0 6 11 13 2.04939
7 10 0 6 11 14 2.21037
7 10 0 6 12 13 2
7 10 0 6 12 14 2.10223
7 10 0 6 13 14 2.10223
7 10 0 8 9 11 2.04939
7 10 0 8 9 12 2.0381
7 10 0 8 9 13 2.0381
7 10 0 8 9 14 2.12132
7 10 0 8 11 12 1.93309
7 10 0 8 11 13 1.93309
7 10 0 8 11 14 2.04939
7 10 0 8 12 13 2
7 10 0 8 12 14 2.08167
7 10 0 8 13 14 2.08167
7 10 0 9 11 12 2.04939
7 10 0 9 11 13 2.04939
7 10 0 9 11 14 2.21037
7 10 0 9 12 13 2.0381
7 10 0 9 12 14 2.12132
7 10 0 9 13 14 2.12132
7 10 0 11 12 13 1.93309
7 10 0 11 12 14 2.04939
7 10 0 11 13 14 2.04939
7 10 0 12 13 14 2.08167
7 10 1 2 3 4 1.41421
7 10 1 2 3 5 1.41421
7 10 1 2 3 6 1
7 10 1 2 3 8 1.41421
7 10 1 2 3 9 1
7 10 1 2 3 11 1
7 10 1 2 3 12 1.41421
7 10 1 2 3 13 1.41421
7 10 1 2 3 14 1.41421
7 10 1 2 4 5 1.62019
7 10 1 2 4 6 1
7 10 1 2 4 8 1.62019
7 10 1 2 4 9 1.41421
7 10 1 2 4 11 1
7 10 1 2 4 12 1.62019
7 10 1 2 4 13 1.62019
7 10 1 2 4 14 1.62019
7 10 1 2 5 6 1
7 10 1 2 5 8 1.62019
7 10 1 2 5 9 1.41421
7 10 1 2 5 11 1
7 10 1 2 5 12 1.62019
7 10 1 2 5 13 1.62019
7 10 1 2 5 14 1.62019
7 10 1 2 6 8 1
7 10 1 2 6 9 1
7 10 1 2 6 11 1
7 10 1 2 6 12 1
7 10 1 2 6 13 1
7 10 1 2 6 14 1
7 10 1 2 8 9 1.41421
7 10 1 2 8 11 1
7 10 1 2 8 12 1.62019
7 10 1 2 8 13 1.62019
7 10 1 2 8 14 1.62019
7 10 1 2 9 11 1
7 10 1 2 9 12 1.41421
7 10 1 2 9 13 1.41421
7 10 1 2 9 14 1.41421
7 10 1 2 11 12 1
7 10 1 2 11 13 1
7 10 1 2 11 14 1
7 10 1 2 12 13 1.62019
7 10 1 2 12 14 1.62019
7 10 1 2 13 14 1.62019
7 10 1 3 4 5 1.41421
7 10 1 3 4 6 1
7 10 1 3 4 8 1.41421
7 10 1 3 4 9 1
7 10 1 3 4 11 1
7 10 1 3 4 12 1.41421
7 10 1 3 4 13 1.41421
7 10 1 3 4 14 1.41421
7 10 1 3 5 6 1
7 10 1 3 5 8 1.41421
7 10 1 3 5 9 1
7 10 1 3 5 11 1
7 10 1 3 5 12 1.41421
7 10 1 3 5 13 1.41421
7 10 1 3 5 14 1.41421
7 10 1 3 6 8 1.41421
7 10 1 3 6 9 1.41421
7 10 1 3 6 11 1.41421
7 10 1 3 6 12 1.41421
7 10 1 3 6 13 1.41421
7 10 1 3 6 14 1.41421
7 10 1 3 8 9 1.41421
7 10 1 3 8 11 1.41421
7 10 1 3 8 12 1.41421
7 10 1 3 8 13 1.41421
7 10 1 3 8 14 1.41421
7 10 1 3 9 11 1.41421
7 10 1 3 9 12 1.41421
7 10 1 3 9 13 1.41421
7 10 1 3 9 14 1.41421
7 10 1 3 11 12 1.41421
7 10 1 3 11 13 1.41421
7 10 1 3 11 14 1.41421
7 10 1 3 12 13 1.41421
7 10 1 3 12 14 1.41421
7 10 1 3 13 14 1.41421
7 10 1 4 5 6 1.41421
7 10 1 4 5 8 1.73205
7 10 1 4 5 9 1.62019
7 10 1 4 5 11 1
7 10 1 4 5 12 1.73205
7 10 1 4 5 13 1.73205
7 10 1 4 5 14 1.73205
7 10 1 4 6 8 1.62019
7 10 1 4 6 9 1.62019
7 10 1 4 6 11 1.41421
7 10 1 4 6 12 1.62019
7 10 1 4 6 13 1.62019
7 10 1 4 6 14 1.62019
7 10 1 4 8 9 1.73205
7 10 1 4 8 11 1.41421
7 10 1 4 8 12 1.81265
7 10 1 4 8 13 1.81265
7 10 1 4 8 14 1.81265
7 10 1 4 9 11 1.41421
7 10 1 4 9 12 1.73205
7 10 1 4 9 13 1.73205
7 10 1 4 9 14 1.73205
7 10 1 4 11 12 1.41421
7 10 1 4 11 13 1.41421
7 10 1 4 11 14 1.41421
7 10 1 4 12 13 1.81265
7 10 1 4 12 14 1.81265
7 10 1 4 13 14 1.81265
7 10 1 5 6 8 1.41421
7 10 1 5 6 9 1.41421
7 10 1 5 6 11 1
7 10 1 5 6 12 1.41421
7 10 1 5 6 13 1.41421
7 10 1 5 6 14 1.41421
7 10 1 5 8 9 1.62019
7 10 1 5 8 11 1
7 10 1 5 8 12 1.73205
7 10 1 5 8 13 1.73205
7 10 1 5 8 14 1.73205
7 10 1 5 9 11 1
7 10 1 5 9 12 1.62019
7 10 1 5 9 13 1.62019
7 10 1 5 9 14 1.62019
7 10 1 5 11 12 1
7 10 1 5 11 13 1
7 10 1 5 11 14 1
7 10 1 5 12 13 1.73205
7 10 1 5 12 14 1.73205
7 10 1 5 13 14 1.73205
7 10 1 6 8 9 1.73205
7 10 1 6 8 11 1.62019
7 10 1 6 8 12 1.73205
7 10 1 6 8 13 1.73205
7 10 1 6 8 14 1.73205
7 10 1 6 9 11 1.62019
7 10 1 6 9 12 1.73205
7 10 1 6 9 13 1.73205
7 10 1 6 9 14 1.73205
7 10 1 6 11 12 1.62019
7 10 1 6 11 13 1.62019
7 10 1 6 11 14 1.62019
7 10 1 6 12 13 1.73205
7 10 1 6 12 14 1.73205
7 10 1 6 13 14 1.73205
7 10 1 8 9 11 1.62019
7 10 1 8 9 12 1.81265
7 10 1 8 9 13 1.81265
7 10 1 8 9 14 1.81265
7 10 1 8 11 12 1.62019
7 10 1 8 11 13 1.62019
7 10 1 8 11 14 1.62019
7 10 1 8 12 13 2
7 10 1 8 12 14 2
7 10 1 8 13 14 2
7 10 1 9 11 12 1.62019
7 10 1 9 11 13 1.62019
7 10 1 9 11 14 1.62019
7 10 1 9 12 13 1.81265
7 10 1 9 12 14 1.81265
7 10 1 9 13 14 1.81265
7 10 1 11 12 13 1.62019
7 10 1 11 12 14 1.62019
7 10 1 11 13 14 1.62019
7 10 1 12 13 14 2
7 10 2 3 4 5 1.85164
7 10 2 3 4 6 1.85164
7 10 2 3 4 8 1.62019
7 10 2 3 4 9 1.85164
7 10 2 3 4 11 1.85164
7 10 2 3 4 12 1.62019
7 10 2 3 4 13 1.41421
7 10 2 3 4 14 1.85164
7 10 2 3 5 6 1.85164
7 10 2 3 5 8 1.62019
7 10 2 3 5 9 1.85164
7 10 2 3 5 11 1.85164
7 10 2 3 5 12 1.62019
7 10 2 3 5 13 1.41421
7 10 2 3 5 14 1.85164
7 10 2 3 6 8 1.62019
7 10 2 3 6 9 1.85164
7 10 2 3 6 11 1.85164
7 10 2 3 6 12 1.62019
7 10 2 3 6 13 1.41421
7 10 2 3 6 14 1.85164
7 10 2 3 8 9 1.62019
7 10 2 3 8 11 1.62019
7 10 2 3 8 12 1.41421
7 10 2 3 8 13 1.41421
7 10 2 3 8 14 1.62019
7 10 2 3 9 11 1.85164
7 10 2 3 9 12 1.62019
7 10 2 3 9 13 1.41421
7 10 2 3 9 14 1.85164
7 10 2 3 11 12 1.62019
7 10 2 3 11 13 1.41421
7 10 2 3 11 14 1.85164
7 10 2 3 12 13 1.41421
7 10 2 3 12 14 1.62019
7 10 2 3 13 14 1.41421
7 10 2 4 5 6 1.85164
7 10 2 4 5 8 1.62019
7 10 2 4 5 9 1.85164
7 10 2 4 5 11 1.85164
7 10 2 4 5 12 1.62019
7 10 2 4 5 13 1.62019
7 10 2 4 5 14 1.85164
7 10 2 4 6 8 1.62019
7 10 2 4 6 9 1.85164
7 10 2 4 6 11 1.85164
7 10 2 4 6 12 1.62019
7 10 2 4 6 13 1.41421
7 10 2 4 6 14 1.85164
7 10 2 4 8 9 1.62019
7 10 2 4 8 11 1.62019
7 10 2 4 8 12 1.62019
7 10 2 4 8 13 1.62019
7 10 2 4 8 14 1.62019
7 10 2 4 9 11 1.85164
7 10 2 4 9 12 1.62019
7 10 2 4 9 13 1.41421
7 10 2 4 9 14 1.85164
7 10 2 4 11 12 1.62019
7 10 2 4 11 13 1.41421
7 10 2 4 11 14 1.85164
7 10 2 4 12 13 1.62019
7 10 2 4 12 14 1.62019
7 10 2 4 13 14 1.62019
7 10 2 5 6 8 1.62019
7 10 2 5 6 9 1.85164
7 10 2 5 6 11 1.85164
7 10 2 5 6 12 1.62019
7 10 2 5 6 13 1.41421
7 10 2 5 6 14 1.85164
7 10 2 5 8 9 1.62019
7 10 2 5 8 11 1.62019
7 10 2 5 8 12 1.62019
7 10 2 5 8 13 1.62019
7 10 2 5 8 14 1.62019
7 10 2 5 9 11 1.85164
7 10 2 5 9 12 1.62019
7 10 2 5 9 13 1.41421
7 10 2 5 9 14 1.85164
7 10 2 5 11 12 1.62019
7 10 2 5 11 13 1.41421
7 10 2 5 11 14 1.85164
7 10 2 5 12 13 1.62019
7 10 2 5 12 14 1.62019
7 10 2 5 13 14 1.62019
7 10 2 6 8 9 1.62019
7 10 2 6 8 11 1.62019
7 10 2 6 8 12 1.41421
7 10 2 6 8 13 1
7 10 2 6 8 14 1.62019
7 10 2 6 9 11 1.85164
7 10 2 6 9 12 1.62019
7 10 2 6 9 13 1.41421
7 10 2 6 9 14 1.85164
7 10 2 6 11 12 1.62019
7 10 2 6 11 13 1.41421
7 10 2 6 11 14 1.85164
7 10 2 6 12 13 1
7 10 2 6 12 14 1.62019
7 10 2 6 13 14 1.41421
7 10 2 8 9 11 1.62019
7 10 2 8 9 12 1.41421
7 10 2 8 9 13 1.41421
7 10 2 8 9 14 1.62019
7 10 2 8 11 12 1.41421
7 10 2 8 11 13 1
7 10 2 8 11 14 1.62019
7 10 2 8 12 13 1.62019
7 10 2 8 12 14 1.62019
7 10 2 8 13 14 1.62019
7 10 2 9 11 12 1.62019
7 10 2 9 11 13 1.41421
7 10 2 9 11 14 1.85164
7 10 2 9 12 13 1.41421
7 10 2 9 12 14 1.62019
7 10 2 9 13 14 1.41421
7 10 2 11 12 13 1
7 10 2 11 12 14 1.62019
7 10 2 11 13 14 1.41421
7 10 2 12 13 14 1.62019
7 10 3 4 5 6 2.07802
7 10 3 4 5 8 1.85164
7 10 3 4 5 9 2.07802
7 10 3 4 5 11 2.07802
7 10 3 4 5 12 1.85164
7 10 3 4 5 13 1.73205
7 10 3 4 5 14 2.07802
7 10 3 4 6 8 1.93309
7 10 3 4 6 9 2.13809
7 10 3 4 6 11 2.13809
7 10 3 4 6 12 1.93309
7 10 3 4 6 13 1.85164
7 10 3 4 6 14 2.13809
7 10 3 4 8 9 1.93309
7 10 3 4 8 11 1.93309
7 10 3 4 8 12 1.73205
7 10 3 4 8 13 1.62019
7 10 3 4 8 14 1.93309
7 10 3 4 9 11 2.13809
7 10 3 4 9 12 1.93309
7 10 3 4 9 13 1.85164
7 10 3 4 9 14 2.13809
7 10 3 4 11 12 1.93309
7 10 3 4 11 13 1.85164
7 10 3 4 11 14 2.13809
7 10 3 4 12 13 1.62019
7 10 3 4 12 14 1.93309
7 10 3 4 13 14 1.85164
7 10 3 5 6 8 1.85164
7 10 3 5 6 9 2.07802
7 10 3 5 6 11 2.07802
7 10 3 5 6 12 1.85164
7 10 3 5 6 13 1.73205
7 10 3 5 6 14 2.07802
7 10 3 5 8 9 1.85164
7 10 3 5 8 11 1.85164
7 10 3 5 8 12 1.62019
7 10 3 5 8 13 1.41421
7 10 3 5 8 14 1.85164
7 10 3 5 9 11 2.07802
7 10 3 5 9 12 1.85164
7 10 3 5 9 13 1.73205
7 10 3 5 9 14 2.07802
7 10 3 5 11 12 1.85164
7 10 3 5 11 13 1.73205
7 10 3 5 11 14 2.07802
7 10 3 5 12 13 1.41421
7 10 3 5 12 14 1.85164
7 10 3 5 13 14 1.73205
7 10 3 6 8 9 2
7 10 3 6 8 11 2
7 10 3 6 8 12 1.81265
7 10 3 6 8 13 1.73205
7 10 3 6 8 14 2
7 10 3 6 9 11 2.16556
7 10 3 6 9 12 2
7 10 3 6 9 13 1.90693
7 10 3 6 9 14 2.16556
7 10 3 6 11 12 2
7 10 3 6 11 13 1.90693
7 10 3 6 11 14 2.16556
7 10 3 6 12 13 1.73205
7 10 3 6 12 14 2
7 10 3 6 13 14 1.90693
7 10 3 8 9 11 2
7 10 3 8 9 12 1.81265
7 10 3 8 9 13 1.73205
7 10 3 8 9 14 2
7 10 3 8 11 12 1.81265
7 10 3 8 11 13 1.73205
7 10 3 8 11 14 2
7 10 3 8 12 13 1.62019
7 10 3 8 12 14 1.81265
7 10 3 8 13 14 1.73205
7 10 3 9 11 12 2
7 10 3 9 11 13 1.90693
7 10 3 9 11 14 2.16556
7 10 3 9 12 13 1.73205
7 10 3 9 12 14 2
7 10 3 9 13 14 1.90693
7 10 3 11 12 13 1.73205
7 10 3 11 12 14 2
7 10 3 11 13 14 1.90693
7 10 3 12 13 14 1.73205
7 10 4 5 6 8 2
7 10 4 5 6 9 2.16556
7 10 4 5 6 11 2.13809
7 10 4 5 6 12 2
7 10 4 5 6 13 1.90693
7 10 4 5 6 14 2.16556
7 10 4 5 8 9 2
7 10 4 5 8 11 1.93309
7 10 4 5 8 12 2
7 10 4 5 8 13 2
7 10 4 5 8 14 2.02367
7 10 4 5 9 11 2.13809
7 10 4 5 9 12 2
7 10 4 5 9 13 1.93309
7 10 4 5 9 14 2.17626
7 10 4 5 11 12 1.93309
7 10 4 5 11 13 1.85164
7 10 4 5 11 14 2.13809
7 10 4 5 12 13 2
7 10 4 5 12 14 2.02367
7 10 4 5 13 14 1.96214
7 10 4 6 8 9 2.09938
7 10 4 6 8 11 2.04939
7 10 4 6 8 12 2
7 10 4 6 8 13 1.93309
7 10 4 6 8 14 2.09938
7 10 4 6 9 11 2.22354
7 10 4 6 9 12 2.09938
7 10 4 6 9 13 2.04939
7 10 4 6 9 14 2.2514
7 10 4 6 11 12 2.04939
7 10 4 6 11 13 2.00294
7 10 4 6 11 14 2.22354
7 10 4 6 12 13 1.93309
7 10 4 6 12 14 2.09938
7 10 4 6 13 14 2.04939
7 10 4 8 9 11 2.04939
7 10 4 8 9 12 2.01187
7 10 4 8 9 13 2
7 10 4 8 9 14 2.16025
7 10 4 8 11 12 1.90693
7 10 4 8 11 13 1.85164
7 10 4 8 11 14 2.04939
7 10 4 8 12 13 1.93309
7 10 4 8 12 14 2.04495
7 10 4 8 13 14 2
7 10 4 9 11 12 2.04939
7 10 4 9 11 13 2.00294
7 10 4 9 11 14 2.22354
7 10 4 9 12 13 2
7 10 4 9 12 14 2.16025
7 10 4 9 13 14 2.08167
7 10 4 11 12 13 1.85164
7 10 4 11 12 14 2.04939
7 10 4 11 13 14 2.00294
7 10 4 12 13 14 2
7 10 5 6 8 9 2
7 10 5 6 8 11 1.93309
7 10 5 6 8 12 1.81265
7 10 5 6 8 13 1.73205
7 10 5 6 8 14 2
7 10 5 6 9 11 2.13809
7 10 5 6 9 12 2
7 10 5 6 9 13 1.90693
7 10 5 6 9 14 2.16556
7 10 5 6 11 12 1.93309
7 10 5 6 11 13 1.85164
7 10 5 6 11 14 2.13809
7 10 5 6 12 13 1.73205
7 10 5 6 12 14 2
7 10 5 6 13 14 1.90693
7 10 5 8 9 11 1.93309
7 10 5 8 9 12 2
7 10 5 8 9 13 1.81265
7 10 5 8 9 14 2
7 10 5 8 11 12 1.73205
7 10 5 8 11 13 1.62019
7 10 5 8 11 14 1.93309
7 10 5 8 12 13 1.81265
7 10 5 8 12 14 2
7 10 5 8 13 14 2
7 10 5 9 11 12 1.93309
7 10 5 9 11 13 1.85164
7 10 5 9 11 14 2.13809
7 10 5 9 12 13 1.81265
7 10 5 9 12 14 2
7 10 5 9 13 14 1.93309
7 10 5 11 12 13 1.62019
7 10 5 11 12 14 1.93309
7 10 5 11 13 14 1.85164
7 10 5 12 13 14 2
7 10 6 8 9 11 2.09938
7 10 6 8 9 12 2.0381
7 10 6 8 9 13 2
7 10 6 8 9 14 2.13809
7 10 6 8 11 12 2
7 10 6 8 11 13 1.93309
7 10 6 8 11 14 2.09938
7 10 6 8 12 13 1.93309
7 10 6 8 12 14 2.0381
7 10 6 8 13 14 2
7 10 6 9 11 12 2.09938
7 10 6 9 11 13 2.04939
7 10 6 9 11 14 2.2514
7 10 6 9 12 13 2
7 10 6 9 12 14 2.13809
7 10 6 9 13 14 2.10223
7 10 6 11 12 13 1.93309
7 10 6 11 12 14 2.09938
7 10 6 11 13 14 2.04939
7 10 6 12 13 14 2
7 10 8 9 11 12 2
7 10 8 9 11 13 1.93309
7 10 8 9 11 14 2.09938
7 10 8 9 12 13 2
7 10 8 9 12 14 2.05751
7 10 8 9 13 14 2.0381
7 10 8 11 12 13 1.85164
7 10 8 11 12 14 2
7 10 8 11 13 14 1.93309
7 10 8 12 13 14 2
7 10 9 11 12 13 1.93309
7 10 9 11 12 14 2.09938
7 10 9 11 13 14 2.04939
7 10 9 12 13 14 2.0381
7 10 11 12 13 14 1.93309
