4 9 0 1 2 3 5 1.41421
4 9 0 1 2 3 6 1.41421
4 9 0 1 2 3 7 1.41421
4 9 0 1 2 3 8 1
4 9 0 1 2 3 10 1
4 9 0 1 2 3 11 1.41421
4 9 0 1 2 3 12 1.41421
4 9 0 1 2 3 13 1.41421
4 9 0 1 2 3 14 1
4 9 0 1 2 5 6 1.41421
4 9 0 1 2 5 7 1.41421
4 9 0 1 2 5 8 1.62019
4 9 0 1 2 5 10 1.62019
4 9 0 1 2 5 11 1.41421
4 9 0 1 2 5 12 1.62019
4 9 0 1 2 5 13 1.62019
4 9 0 1 2 5 14 1.62019
4 9 0 1 2 6 7 1.41421
4 9 0 1 2 6 8 1.62019
4 9 0 1 2 6 10 1.62019
4 9 0 1 2 6 11 1.41421
4 9 0 1 2 6 12 1.62019
4 9 0 1 2 6 13 1.62019
4 9 0 1 2 6 14 1.62019
4 9 0 1 2 7 8 1.41421
4 9 0 1 2 7 10 1.41421
4 9 0 1 2 7 11 1.41421
4 9 0 1 2 7 12 1.41421
4 9 0 1 2 7 13 1.41421
4 9 0 1 2 7 14 1.41421
4 9 0 1 2 8 10 1.73205
4 9 0 1 2 8 11 1.41421
4 9 0 1 2 8 12 1.73205
4 9 0 1 2 8 13 1.73205
4 9 0 1 2 8 14 1.73205
4 9 0 1 2 10 11 1.41421
4 9 0 1 2 10 12 1.73205
4 9 0 1 2 10 13 1.73205
4 9 0 1 2 10 14 1.73205
4 9 0 1 2 11 12 1.41421
4 9 0 1 2 11 13 1.41421
4 9 0 1 2 11 14 1.41421
4 9 0 1 2 12 13 1.73205
4 9 0 1 2 12 14 1.73205
4 9 0 1 2 13 14 1.73205
4 9 0 1 3 5 6 1.41421
4 9 0 1 3 5 7 1.41421
4 9 0 1 3 5 8 1
4 9 0 1 3 5 10 1
4 9 0 1 3 5 11 1.41421
4 9 0 1 3 5 12 1.41421
4 9 0 1 3 5 13 1.41421
4 9 0 1 3 5 14 1
4 9 0 1 3 6 7 1.41421
4 9 0 1 3 6 8 1.41421
4 9 0 1 3 6 10 1.41421
4 9 0 1 3 6 11 1.41421
4 9 0 1 3 6 12 1.41421
4 9 0 1 3 6 13 1.41421
4 9 0 1 3 6 14 1.41421
4 9 0 1 3 7 8 1
4 9 0 1 3 7 10 1
4 9 0 1 3 7 11 1.41421
4 9 0 1 3 7 12 1.41421
4 9 0 1 3 7 13 1.41421
4 9 0 1 3 7 14 1
4 9 0 1 3 8 10 1.41421
4 9 0 1 3 8 11 1.41421
4 9 0 1 3 8 12 1.41421
4 9 0 1 3 8 13 1.41421
4 9 0 1 3 8 14 1.41421
4 9 0 1 3 10 11 1.41421
4 9 0 1 3 10 12 1.41421
4 9 0 1 3 10 13 1.41421
4 9 0 1 3 10 14 1.41421
4 9 0 1 3 11 12 1.41421
4 9 0 1 3 11 13 1.41421
4 9 0 1 3 11 14 1.41421
4 9 0 1 3 12 13 1.41421
4 9 0 1 3 12 14 1.41421
4 9 0 1 3 13 14 1.41421
4 9 0 1 5 6 7 1.41421
4 9 0 1 5 6 8 1.73205
4 9 0 1 5 6 10 1.73205
4 9 0 1 5 6 11 1.41421
4 9 0 1 5 6 12 1.73205
4 9 0 1 5 6 13 1.73205
4 9 0 1 5 6 14 1.73205
4 9 0 1 5 7 8 1.62019
4 9 0 1 5 7 10 1.62019
4 9 0 1 5 7 11 1.41421
4 9 0 1 5 7 12 1.62019
4 9 0 1 5 7 13 1.62019
4 9 0 1 5 7 14 1.62019
4 9 0 1 5 8 10 1.85164
4 9 0 1 5 8 11 1.41421
4 9 0 1 5 8 12 1.85164
4 9 0 1 5 8 13 1.85164
4 9 0 1 5 8 14 1.85164
4 9 0 1 5 10 11 1.41421
4 9 0 1 5 10 12 1.85164
4 9 0 1 5 10 13 1.85164
4 9 0 1 5 10 14 1.85164
4 9 0 1 5 11 12 1.41421
4 9 0 1 5 11 13 1.41421
4 9 0 1 5 11 14 1.41421
4 9 0 1 5 12 13 1.85164
4 9 0 1 5 12 14 1.85164
4 9 0 1 5 13 14 1.85164
4 9 0 1 6 7 8 1.62019
4 9 0 1 6 7 10 1.62019
4 9 0 1 6 7 11 1.41421
4 9 0 1 6 7 12 1.62019
4 9 0 1 6 7 13 1.62019
4 9 0 1 6 7 14 1.62019
4 9 0 1 6 8 10 2.13664
4 9 0 1 6 8 11 2
4 9 0 1 6 8 12 2.13664
4 9 0 1 6 8 13 2.13664
4 9 0 1 6 8 14 2.13664
4 9 0 1 6 10 11 2
4 9 0 1 6 10 12 2.13664
4 9 0 1 6 10 13 2.13664
4 9 0 1 6 10 14 2.13664
4 9 0 1 6 11 12 2
4 9 0 1 6 11 13 2
4 9 0 1 6 11 14 2
4 9 0 1 6 12 13 2.13664
4 9 0 1 6 12 14 2.13664
4 9 0 1 6 13 14 2.13664
4 9 0 1 7 8 10 1.73205
4 9 0 1 7 8 11 1.41421
4 9 0 1 7 8 12 1.73205
4 9 0 1 7 8 13 1.73205
4 9 0 1 7 8 14 1.73205
4 9 0 1 7 10 11 1.41421
4 9 0 1 7 10 12 1.73205
4 9 0 1 7 10 13 1.73205
4 9 0 1 7 10 14 1.73205
4 9 0 1 7 11 12 1.41421
4 9 0 1 7 11 13 1.41421
4 9 0 1 7 11 14 1.41421
4 9 0 1 7 12 13 1.73205
4 9 0 1 7 12 14 1.73205
4 9 0 1 7 13 14 1.73205
4 9 0 1 8 10 11 2
4 9 0 1 8 10 12 2.16025
4 9 0 1 8 10 13 2.16025
4 9 0 1 8 10 14 2.16025
4 9 0 1 8 11 12 2
4 9 0 1 8 11 13 2
4 9 0 1 8 11 14 2
4 9 0 1 8 12 13 2.16025
4 9 0 1 8 12 14 2.16025
4 9 0 1 8 13 14 2.16025
4 9 0 1 10 11 12 2
4 9 0 1 10 11 13 2
4 9 0 1 10 11 14 2
4 9 0 1 10 12 13 2.16025
4 9 0 1 10 12 14 2.16025
4 9 0 1 10 13 14 2.16025
4 9 0 1 11 12 13 2
4 9 0 1 11 12 14 2
4 9 0 1 11 13 14 2
4 9 0 1 12 13 14 2.16025
4 9 0 2 3 5 6 2.10357
4 9 0 2 3 5 7 1.90693
4 9 0 2 3 5 8 1.73205
4 9 0 2 3 5 10 2
4 9 0 2 3 5 11 2.10357
4 9 0 2 3 5 12 1.90693
4 9 0 2 3 5 13 1.90693
4 9 0 2 3 5 14 2.07802
4 9 0 2 3 6 7 1.90693
4 9 0 2 3 6 8 1.85164
4 9 0 2 3 6 10 2.07802
4 9 0 2 3 6 11 2.16556
4 9 0 2 3 6 12 2
4 9 0 2 3 6 13 2
4 9 0 2 3 6 14 2.13809
4 9 0 2 3 7 8 1.41421
4 9 0 2 3 7 10 1.73205
4 9 0 2 3 7 11 1.90693
4 9 0 2 3 7 12 1.73205
4 9 0 2 3 7 13 1.73205
4 9 0 2 3 7 14 1.85164
4 9 0 2 3 8 10 1.85164
4 9 0 2 3 8 11 1.85164
4 9 0 2 3 8 12 1.62019
4 9 0 2 3 8 13 1.62019
4 9 0 2 3 8 14 1.85164
4 9 0 2 3 10 11 2.07802
4 9 0 2 3 10 12 1.85164
4 9 0 2 3 10 13 1.85164
4 9 0 2 3 10 14 2.07802
4 9 0 2 3 11 12 2
4 9 0 2 3 11 13 2
4 9 0 2 3 11 14 2.13809
4 9 0 2 3 12 13 1.81265
4 9 0 2 3 12 14 1.93309
4 9 0 2 3 13 14 1.93309
4 9 0 2 5 6 7 1.90693
4 9 0 2 5 6 8 1.90693
4 9 0 2 5 6 10 2.10357
4 9 0 2 5 6 11 2.16556
4 9 0 2 5 6 12 2.01187
4 9 0 2 5 6 13 2.01187
4 9 0 2 5 6 14 2.16556
4 9 0 2 5 7 8 1.41421
4 9 0 2 5 7 10 1.73205
4 9 0 2 5 7 11 1.90693
4 9 0 2 5 7 12 1.73205
4 9 0 2 5 7 13 1.73205
4 9 0 2 5 7 14 1.85164
4 9 0 2 5 8 10 1.93309
4 9 0 2 5 8 11 1.85164
4 9 0 2 5 8 12 1.81265
4 9 0 2 5 8 13 1.81265
4 9 0 2 5 8 14 1.93309
4 9 0 2 5 10 11 2.07802
4 9 0 2 5 10 12 1.93309
4 9 0 2 5 10 13 1.93309
4 9 0 2 5 10 14 2.12132
4 9 0 2 5 11 12 2
4 9 0 2 5 11 13 2
4 9 0 2 5 11 14 2.13809
4 9 0 2 5 12 13 2
4 9 0 2 5 12 14 2
4 9 0 2 5 13 14 2
4 9 0 2 6 7 8 1.41421
4 9 0 2 6 7 10 1.73205
4 9 0 2 6 7 11 1.90693
4 9 0 2 6 7 12 1.73205
4 9 0 2 6 7 13 1.73205
4 9 0 2 6 7 14 1.85164
4 9 0 2 6 8 10 2.04939
4 9 0 2 6 8 11 2.00294
4 9 0 2 6 8 12 1.93309
4 9 0 2 6 8 13 1.93309
4 9 0 2 6 8 14 2.04939
4 9 0 2 6 10 11 2.17945
4 9 0 2 6 10 12 2.04939
4 9 0 2 6 10 13 2.04939
4 9 0 2 6 10 14 2.21037
4 9 0 2 6 11 12 2.08167
4 9 0 2 6 11 13 2.08167
4 9 0 2 6 11 14 2.22354
4 9 0 2 6 12 13 2
4 9 0 2 6 12 14 2.09938
4 9 0 2 6 13 14 2.09938
4 9 0 2 7 8 10 1.41421
4 9 0 2 7 8 11 1.41421
4 9 0 2 7 8 12 1.41421
4 9 0 2 7 8 13 1.41421
4 9 0 2 7 8 14 1.41421
4 9 0 2 7 10 11 1.73205
4 9 0 2 7 10 12 1.41421
4 9 0 2 7 10 13 1.41421
4 9 0 2 7 10 14 1.73205
4 9 0 2 7 11 12 1.73205
4 9 0 2 7 11 13 1.73205
4 9 0 2 7 11 14 1.85164
4 9 0 2 7 12 13 1.62019
4 9 0 2 7 12 14 1.62019
4 9 0 2 7 13 14 1.62019
4 9 0 2 8 10 11 2.00294
4 9 0 2 8 10 12 2
4 9 0 2 8 10 13 2
4 9 0 2 8 10 14 2.08167
4 9 0 2 8 11 12 1.85164
4 9 0 2 8 11 13 1.85164
4 9 0 2 8 11 14 2.00294
4 9 0 2 8 12 13 1.90693
4 9 0 2 8 12 14 2
4 9 0 2 8 13 14 2
4 9 0 2 10 11 12 2.00294
4 9 0 2 10 11 13 2.00294
4 9 0 2 10 11 14 2.17945
4 9 0 2 10 12 13 2
4 9 0 2 10 12 14 2.08167
4 9 0 2 10 13 14 2.08167
4 9 0 2 11 12 13 1.93309
4 9 0 2 11 12 14 2.04939
4 9 0 2 11 13 14 2.04939
4 9 0 2 12 13 14 2.01187
4 9 0 3 5 6 7 2.10357
4 9 0 3 5 6 8 2
4 9 0 3 5 6 10 2.23607
4 9 0 3 5 6 11 2.29907
4 9 0 3 5 6 12 2.10357
4 9 0 3 5 6 13 2.10357
4 9 0 3 5 6 14 2.29129
4 9 0 3 5 7 8 1.73205
4 9 0 3 5 7 10 2
4 9 0 3 5 7 11 2.10357
4 9 0 3 5 7 12 1.90693
4 9 0 3 5 7 13 1.90693
4 9 0 3 5 7 14 2.07802
4 9 0 3 5 8 10 2
4 9 0 3 5 8 11 2
4 9 0 3 5 8 12 1.73205
4 9 0 3 5 8 13 1.73205
4 9 0 3 5 8 14 2
4 9 0 3 5 10 11 2.23607
4 9 0 3 5 10 12 2
4 9 0 3 5 10 13 2
4 9 0 3 5 10 14 2.23607
4 9 0 3 5 11 12 2.10357
4 9 0 3 5 11 13 2.10357
4 9 0 3 5 11 14 2.29129
4 9 0 3 5 12 13 1.90693
4 9 0 3 5 12 14 2.07802
4 9 0 3 5 13 14 2.07802
4 9 0 3 6 7 8 1.85164
4 9 0 3 6 7 10 2.07802
4 9 0 3 6 7 11 2.16556
4 9 0 3 6 7 12 2
4 9 0 3 6 7 13 2
4 9 0 3 6 7 14 2.13809
4 9 0 3 6 8 10 2.28709
4 9 0 3 6 8 11 2.28709
4 9 0 3 6 8 12 2.13664
4 9 0 3 6 8 13 2.13664
4 9 0 3 6 8 14 2.28709
4 9 0 3 6 10 11 2.44831
4 9 0 3 6 10 12 2.28709
4 9 0 3 6 10 13 2.28709
4 9 0 3 6 10 14 2.44831
4 9 0 3 6 11 12 2.33699
4 9 0 3 6 11 13 2.33699
4 9 0 3 6 11 14 2.48193
4 9 0 3 6 12 13 2.19089
4 9 0 3 6 12 14 2.32266
4 9 0 3 6 13 14 2.32266
4 9 0 3 7 8 10 1.85164
4 9 0 3 7 8 11 1.85164
4 9 0 3 7 8 12 1.62019
4 9 0 3 7 8 13 1.62019
4 9 0 3 7 8 14 1.85164
4 9 0 3 7 10 11 2.07802
4 9 0 3 7 10 12 1.85164
4 9 0 3 7 10 13 1.85164
4 9 0 3 7 10 14 2.07802
4 9 0 3 7 11 12 2
4 9 0 3 7 11 13 2
4 9 0 3 7 11 14 2.13809
4 9 0 3 7 12 13 1.81265
4 9 0 3 7 12 14 1.93309
4 9 0 3 7 13 14 1.93309
4 9 0 3 8 10 11 2.28709
4 9 0 3 8 10 12 2.13664
4 9 0 3 8 10 13 2.13664
4 9 0 3 8 10 14 2.28709
4 9 0 3 8 11 12 2.13664
4 9 0 3 8 11 13 2.13664
4 9 0 3 8 11 14 2.28709
4 9 0 3 8 12 13 2
4 9 0 3 8 12 14 2.13664
4 9 0 3 8 13 14 2.13664
4 9 0 3 10 11 12 2.28709
4 9 0 3 10 11 13 2.28709
4 9 0 3 10 11 14 2.44831
4 9 0 3 10 12 13 2.13664
4 9 0 3 10 12 14 2.28709
4 9 0 3 10 13 14 2.28709
4 9 0 3 11 12 13 2.19089
4 9 0 3 11 12 14 2.32266
4 9 0 3 11 13 14 2.32266
4 9 0 3 12 13 14 2.16025
4 9 0 5 6 7 8 1.90693
4 9 0 5 6 7 10 2.10357
4 9 0 5 6 7 11 2.16556
4 9 0 5 6 7 12 2.01187
4 9 0 5 6 7 13 2.01187
4 9 0 5 6 7 14 2.16556
4 9 0 5 6 8 10 2.35488
4 9 0 5 6 8 11 2.28709
4 9 0 5 6 8 12 2.23607
4 9 0 5 6 8 13 2.23607
4 9 0 5 6 8 14 2.35488
4 9 0 5 6 10 11 2.44831
4 9 0 5 6 10 12 2.35488
4 9 0 5 6 10 13 2.35488
4 9 0 5 6 10 14 2.49516
4 9 0 5 6 11 12 2.33699
4 9 0 5 6 11 13 2.33699
4 9 0 5 6 11 14 2.48193
4 9 0 5 6 12 13 2.28446
4 9 0 5 6 12 14 2.39046
4 9 0 5 6 13 14 2.39046
4 9 0 5 7 8 10 1.93309
4 9 0 5 7 8 11 1.85164
4 9 0 5 7 8 12 1.81265
4 9 0 5 7 8 13 1.81265
4 9 0 5 7 8 14 1.93309
4 9 0 5 7 10 11 2.07802
4 9 0 5 7 10 12 1.93309
4 9 0 5 7 10 13 1.93309
4 9 0 5 7 10 14 2.12132
4 9 0 5 7 11 12 2
4 9 0 5 7 11 13 2
4 9 0 5 7 11 14 2.13809
4 9 0 5 7 12 13 2
4 9 0 5 7 12 14 2
4 9 0 5 7 13 14 2
4 9 0 5 8 10 11 2.28709
4 9 0 5 8 10 12 2.26385
4 9 0 5 8 10 13 2.26385
4 9 0 5 8 10 14 2.37697
4 9 0 5 8 11 12 2.13664
4 9 0 5 8 11 13 2.13664
4 9 0 5 8 11 14 2.28709
4 9 0 5 8 12 13 2.16025
4 9 0 5 8 12 14 2.26385
4 9 0 5 8 13 14 2.26385
4 9 0 5 10 11 12 2.28709
4 9 0 5 10 11 13 2.28709
4 9 0 5 10 11 14 2.44831
4 9 0 5 10 12 13 2.26385
4 9 0 5 10 12 14 2.37697
4 9 0 5 10 13 14 2.37697
4 9 0 5 11 12 13 2.19089
4 9 0 5 11 12 14 2.32266
4 9 0 5 11 13 14 2.32266
4 9 0 5 12 13 14 2.3094
4 9 0 6 7 8 10 2.04939
4 9 0 6 7 8 11 2.00294
4 9 0 6 7 8 12 1.93309
4 9 0 6 7 8 13 1.93309
4 9 0 6 7 8 14 2.04939
4 9 0 6 7 10 11 2.17945
4 9 0 6 7 10 12 2.04939
4 9 0 6 7 10 13 2.04939
4 9 0 6 7 10 14 2.21037
4 9 0 6 7 11 12 2.08167
4 9 0 6 7 11 13 2.08167
4 9 0 6 7 11 14 2.22354
4 9 0 6 7 12 13 2
4 9 0 6 7 12 14 2.09938
4 9 0 6 7 13 14 2.09938
4 9 0 6 8 10 11 2.61406
4 9 0 6 8 10 12 2.58844
4 9 0 6 8 10 13 2.58844
4 9 0 6 8 10 14 2.66231
4 9 0 6 8 11 12 2.52543
4 9 0 6 8 11 13 2.52543
4 9 0 6 8 11 14 2.61406
4 9 0 6 8 12 13 2.52543
4 9 0 6 8 12 14 2.58844
4 9 0 6 8 13 14 2.58844
4 9 0 6 10 11 12 2.61406
4 9 0 6 10 11 13 2.61406
4 9 0 6 10 11 14 2.71343
4 9 0 6 10 12 13 2.58844
4 9 0 6 10 12 14 2.66231
4 9 0 6 10 13 14 2.66231
4 9 0 6 11 12 13 2.53899
4 9 0 6 11 12 14 2.62216
4 9 0 6 11 13 14 2.62216
4 9 0 6 12 13 14 2.60419
4 9 0 7 8 10 11 2.00294
4 9 0 7 8 10 12 2
4 9 0 7 8 10 13 2
4 9 0 7 8 10 14 2.08167
4 9 0 7 8 11 12 1.85164
4 9 0 7 8 11 13 1.85164
4 9 0 7 8 11 14 2.00294
4 9 0 7 8 12 13 1.90693
4 9 0 7 8 12 14 2
4 9 0 7 8 13 14 2
4 9 0 7 10 11 12 2.00294
4 9 0 7 10 11 13 2.00294
4 9 0 7 10 11 14 2.17945
4 9 0 7 10 12 13 2
4 9 0 7 10 12 14 2.08167
4 9 0 7 10 13 14 2.08167
4 9 0 7 11 12 13 1.93309
4 9 0 7 11 12 14 2.04939
4 9 0 7 11 13 14 2.04939
4 9 0 7 12 13 14 2.01187
4 9 0 8 10 11 12 2.52543
4 9 0 8 10 11 13 2.52543
4 9 0 8 10 11 14 2.61406
4 9 0 8 10 12 13 2.53722
4 9 0 8 10 12 14 2.60419
4 9 0 8 10 13 14 2.60419
4 9 0 8 11 12 13 2.44949
4 9 0 8 11 12 14 2.52543
4 9 0 8 11 13 14 2.52543
4 9 0 8 12 13 14 2.53722
4 9 0 10 11 12 13 2.52543
4 9 0 10 11 12 14 2.61406
4 9 0 10 11 13 14 2.61406
4 9 0 10 12 13 14 2.60419
4 9 0 11 12 13 14 2.53722
4 9 1 2 3 5 6 1.41421
4 9 1 2 3 5 7 1.41421
4 9 1 2 3 5 8 1
4 9 1 2 3 5 10 1
4 9 1 2 3 5 11 1.41421
4 9 1 2 3 5 12 1.41421
4 9 1 2 3 5 13 1.41421
4 9 1 2 3 5 14 1
4 9 1 2 3 6 7 1.41421
4 9 1 2 3 6 8 1
4 9 1 2 3 6 10 1
4 9 1 2 3 6 11 1.41421
4 9 1 2 3 6 12 1.41421
4 9 1 2 3 6 13 1.41421
4 9 1 2 3 6 14 1
4 9 1 2 3 7 8 1
4 9 1 2 3 7 10 1
4 9 1 2 3 7 11 1.41421
4 9 1 2 3 7 12 1.41421
4 9 1 2 3 7 13 1.41421
4 9 1 2 3 7 14 1
4 9 1 2 3 8 10 1
4 9 1 2 3 8 11 1
4 9 1 2 3 8 12 1
4 9 1 2 3 8 13 1
4 9 1 2 3 8 14 1
4 9 1 2 3 10 11 1
4 9 1 2 3 10 12 1
4 9 1 2 3 10 13 1
4 9 1 2 3 10 14 1
4 9 1 2 3 11 12 1.41421
4 9 1 2 3 11 13 1.41421
4 9 1 2 3 11 14 1
4 9 1 2 3 12 13 1.41421
4 9 1 2 3 12 14 1
4 9 1 2 3 13 14 1
4 9 1 2 5 6 7 1.41421
4 9 1 2 5 6 8 1.41421
4 9 1 2 5 6 10 1.41421
4 9 1 2 5 6 11 1.41421
4 9 1 2 5 6 12 1.41421
4 9 1 2 5 6 13 1.41421
4 9 1 2 5 6 14 1.41421
4 9 1 2 5 7 8 1.41421
4 9 1 2 5 7 10 1.41421
4 9 1 2 5 7 11 1.41421
4 9 1 2 5 7 12 1.41421
4 9 1 2 5 7 13 1.41421
4 9 1 2 5 7 14 1.41421
4 9 1 2 5 8 10 1.62019
4 9 1 2 5 8 11 1
4 9 1 2 5 8 12 1.62019
4 9 1 2 5 8 13 1.62019
4 9 1 2 5 8 14 1.62019
4 9 1 2 5 10 11 1
4 9 1 2 5 10 12 1.62019
4 9 1 2 5 10 13 1.62019
4 9 1 2 5 10 14 1.62019
4 9 1 2 5 11 12 1.41421
4 9 1 2 5 11 13 1.41421
4 9 1 2 5 11 14 1
4 9 1 2 5 12 13 1.62019
4 9 1 2 5 12 14 1.62019
4 9 1 2 5 13 14 1.62019
4 9 1 2 6 7 8 1
4 9 1 2 6 7 10 1
4 9 1 2 6 7 11 1.41421
4 9 1 2 6 7 12 1.41421
4 9 1 2 6 7 13 1.41421
4 9 1 2 6 7 14 1
4 9 1 2 6 8 10 1.62019
4 9 1 2 6 8 11 1.41421
4 9 1 2 6 8 12 1.62019
4 9 1 2 6 8 13 1.62019
4 9 1 2 6 8 14 1.62019
4 9 1 2 6 10 11 1.41421
4 9 1 2 6 10 12 1.62019
4 9 1 2 6 10 13 1.62019
4 9 1 2 6 10 14 1.62019
4 9 1 2 6 11 12 1.41421
4 9 1 2 6 11 13 1.41421
4 9 1 2 6 11 14 1.41421
4 9 1 2 6 12 13 1.62019
4 9 1 2 6 12 14 1.62019
4 9 1 2 6 13 14 1.62019
4 9 1 2 7 8 10 1.41421
4 9 1 2 7 8 11 1
4 9 1 2 7 8 12 1.41421
4 9 1 2 7 8 13 1.41421
4 9 1 2 7 8 14 1.41421
4 9 1 2 7 10 11 1
4 9 1 2 7 10 12 1.41421
4 9 1 2 7 10 13 1.41421
4 9 1 2 7 10 14 1.41421
4 9 1 2 7 11 12 1.41421
4 9 1 2 7 11 13 1.41421
4 9 1 2 7 11 14 1
4 9 1 2 7 12 13 1.41421
4 9 1 2 7 12 14 1.41421
4 9 1 2 7 13 14 1.41421
4 9 1 2 8 10 11 1.41421
4 9 1 2 8 10 12 1.73205
4 9 1 2 8 10 13 1.73205
4 9 1 2 8 10 14 1.73205
4 9 1 2 8 11 12 1.41421
4 9 1 2 8 11 13 1.41421
4 9 1 2 8 11 14 1.41421
4 9 1 2 8 12 13 1.73205
4 9 1 2 8 12 14 1.73205
4 9 1 2 8 13 14 1.73205
4 9 1 2 10 11 12 1.41421
4 9 1 2 10 11 13 1.41421
4 9 1 2 10 11 14 1.41421
4 9 1 2 10 12 13 1.73205
4 9 1 2 10 12 14 1.73205
4 9 1 2 10 13 14 1.73205
4 9 1 2 11 12 13 1.41421
4 9 1 2 11 12 14 1.41421
4 9 1 2 11 13 14 1.41421
4 9 1 2 12 13 14 1.73205
4 9 1 3 5 6 7 1.41421
4 9 1 3 5 6 8 1
4 9 1 3 5 6 10 1
4 9 1 3 5 6 11 1.41421
4 9 1 3 5 6 12 1.41421
4 9 1 3 5 6 13 1.41421
4 9 1 3 5 6 14 1
4 9 1 3 5 7 8 1
4 9 1 3 5 7 10 1
4 9 1 3 5 7 11 1.41421
4 9 1 3 5 7 12 1.41421
4 9 1 3 5 7 13 1.41421
4 9 1 3 5 7 14 1
4 9 1 3 5 8 10 1
4 9 1 3 5 8 11 1
4 9 1 3 5 8 12 1
4 9 1 3 5 8 13 1
4 9 1 3 5 8 14 1
4 9 1 3 5 10 11 1
4 9 1 3 5 10 12 1
4 9 1 3 5 10 13 1
4 9 1 3 5 10 14 1
4 9 1 3 5 11 12 1.41421
4 9 1 3 5 11 13 1.41421
4 9 1 3 5 11 14 1
4 9 1 3 5 12 13 1.41421
4 9 1 3 5 12 14 1
4 9 1 3 5 13 14 1
4 9 1 3 6 7 8 1
4 9 1 3 6 7 10 1
4 9 1 3 6 7 11 1.41421
4 9 1 3 6 7 12 1.41421
4 9 1 3 6 7 13 1.41421
4 9 1 3 6 7 14 1
4 9 1 3 6 8 10 1.41421
4 9 1 3 6 8 11 1.41421
4 9 1 3 6 8 12 1.41421
4 9 1 3 6 8 13 1.41421
4 9 1 3 6 8 14 1.41421
4 9 1 3 6 10 11 1.41421
4 9 1 3 6 10 12 1.41421
4 9 1 3 6 10 13 1.41421
4 9 1 3 6 10 14 1.41421
4 9 1 3 6 11 12 1.41421
4 9 1 3 6 11 13 1.41421
4 9 1 3 6 11 14 1.41421
4 9 1 3 6 12 13 1.41421
4 9 1 3 6 12 14 1.41421
4 9 1 3 6 13 14 1.41421
4 9 1 3 7 8 10 1
4 9 1 3 7 8 11 1
4 9 1 3 7 8 12 1
4 9 1 3 7 8 13 1
4 9 1 3 7 8 14 1
4 9 1 3 7 10 11 1
4 9 1 3 7 10 12 1
4 9 1 3 7 10 13 1
4 9 1 3 7 10 14 1
4 9 1 3 7 11 12 1.41421
4 9 1 3 7 11 13 1.41421
4 9 1 3 7 11 14 1
4 9 1 3 7 12 13 1.41421
4 9 1 3 7 12 14 1
4 9 1 3 7 13 14 1
4 9 1 3 8 10 11 1.41421
4 9 1 3 8 10 12 1.41421
4 9 1 3 8 10 13 1.41421
4 9 1 3 8 10 14 1.41421
4 9 1 3 8 11 12 1.41421
4 9 1 3 8 11 13 1.41421
4 9 1 3 8 11 14 1.41421
4 9 1 3 8 12 13 1.41421
4 9 1 3 8 12 14 1.41421
4 9 1 3 8 13 14 1.41421
4 9 1 3 10 11 12 1.41421
4 9 1 3 10 11 13 1.41421
4 9 1 3 10 11 14 1.41421
4 9 1 3 10 12 13 1.41421
4 9 1 3 10 12 14 1.41421
4 9 1 3 10 13 14 1.41421
4 9 1 3 11 12 13 1.41421
4 9 1 3 11 12 14 1.41421
4 9 1 3 11 13 14 1.41421
4 9 1 3 12 13 14 1.41421
4 9 1 5 6 7 8 1.41421
4 9 1 5 6 7 10 1.41421
4 9 1 5 6 7 11 1.41421
4 9 1 5 6 7 12 1.41421
4 9 1 5 6 7 13 1.41421
4 9 1 5 6 7 14 1.41421
4 9 1 5 6 8 10 1.73205
4 9 1 5 6 8 11 1.41421
4 9 1 5 6 8 12 1.73205
4 9 1 5 6 8 13 1.73205
4 9 1 5 6 8 14 1.73205
4 9 1 5 6 10 11 1.41421
4 9 1 5 6 10 12 1.73205
4 9 1 5 6 10 13 1.73205
4 9 1 5 6 10 14 1.73205
4 9 1 5 6 11 12 1.41421
4 9 1 5 6 11 13 1.41421
4 9 1 5 6 11 14 1.41421
4 9 1 5 6 12 13 1.73205
4 9 1 5 6 12 14 1.73205
4 9 1 5 6 13 14 1.73205
4 9 1 5 7 8 10 1.62019
4 9 1 5 7 8 11 1
4 9 1 5 7 8 12 1.62019
4 9 1 5 7 8 13 1.62019
4 9 1 5 7 8 14 1.62019
4 9 1 5 7 10 11 1
4 9 1 5 7 10 12 1.62019
4 9 1 5 7 10 13 1.62019
4 9 1 5 7 10 14 1.62019
4 9 1 5 7 11 12 1.41421
4 9 1 5 7 11 13 1.41421
4 9 1 5 7 11 14 1
4 9 1 5 7 12 13 1.62019
4 9 1 5 7 12 14 1.62019
4 9 1 5 7 13 14 1.62019
4 9 1 5 8 10 11 1.41421
4 9 1 5 8 10 12 1.85164
4 9 1 5 8 10 13 1.85164
4 9 1 5 8 10 14 1.85164
4 9 1 5 8 11 12 1.41421
4 9 1 5 8 11 13 1.41421
4 9 1 5 8 11 14 1.41421
4 9 1 5 8 12 13 1.85164
4 9 1 5 8 12 14 1.85164
4 9 1 5 8 13 14 1.85164
4 9 1 5 10 11 12 1.41421
4 9 1 5 10 11 13 1.41421
4 9 1 5 10 11 14 1.41421
4 9 1 5 10 12 13 1.85164
4 9 1 5 10 12 14 1.85164
4 9 1 5 10 13 14 1.85164
4 9 1 5 11 12 13 1.41421
4 9 1 5 11 12 14 1.41421
4 9 1 5 11 13 14 1.41421
4 9 1 5 12 13 14 1.85164
4 9 1 6 7 8 10 1.62019
4 9 1 6 7 8 11 1.41421
4 9 1 6 7 8 12 1.62019
4 9 1 6 7 8 13 1.62019
4 9 1 6 7 8 14 1.62019
4 9 1 6 7 10 11 1.41421
4 9 1 6 7 10 12 1.62019
4 9 1 6 7 10 13 1.62019
4 9 1 6 7 10 14 1.62019
4 9 1 6 7 11 12 1.41421
4 9 1 6 7 11 13 1.41421
4 9 1 6 7 11 14 1.41421
4 9 1 6 7 12 13 1.62019
4 9 1 6 7 12 14 1.62019
4 9 1 6 7 13 14 1.62019
4 9 1 6 8 10 11 2
4 9 1 6 8 10 12 2.13664
4 9 1 6 8 10 13 2.13664
4 9 1 6 8 10 14 2.13664
4 9 1 6 8 11 12 2
4 9 1 6 8 11 13 2
4 9 1 6 8 11 14 2
4 9 1 6 8 12 13 2.13664
4 9 1 6 8 12 14 2.13664
4 9 1 6 8 13 14 2.13664
4 9 1 6 10 11 12 2
4 9 1 6 10 11 13 2
4 9 1 6 10 11 14 2
4 9 1 6 10 12 13 2.13664
4 9 1 6 10 12 14 2.13664
4 9 1 6 10 13 14 2.13664
4 9 1 6 11 12 13 2
4 9 1 6 11 12 14 2
4 9 1 6 11 13 14 2
4 9 1 6 12 13 14 2.13664
4 9 1 7 8 10 11 1.41421
4 9 1 7 8 10 12 1.73205
4 9 1 7 8 10 13 1.73205
4 9 1 7 8 10 14 1.73205
4 9 1 7 8 11 12 1.41421
4 9 1 7 8 11 13 1.41421
4 9 1 7 8 11 14 1.41421
4 9 1 7 8 12 13 1.73205
4 9 1 7 8 12 14 1.73205
4 9 1 7 8 13 14 1.73205
4 9 1 7 10 11 12 1.41421
4 9 1 7 10 11 13 1.41421
4 9 1 7 10 11 14 1.41421
4 9 1 7 10 12 13 1.73205
4 9 1 7 10 12 14 1.73205
4 9 1 7 10 13 14 1.73205
4 9 1 7 11 12 13 1.41421
4 9 1 7 11 12 14 1.41421
4 9 1 7 11 13 14 1.41421
4 9 1 7 12 13 14 1.73205
4 9 1 8 10 11 12 2
4 9 1 8 10 11 13 2
4 9 1 8 10 11 14 2
4 9 1 8 10 12 13 2.16025
4 9 1 8 10 12 14 2.16025
4 9 1 8 10 13 14 2.16025
4 9 1 8 11 12 13 2
4 9 1 8 11 12 14 2
4 9 1 8 11 13 14 2
4 9 1 8 12 13 14 2.16025
4 9 1 10 11 12 13 2
4 9 1 10 11 12 14 2
4 9 1 10 11 13 14 2
4 9 1 10 12 13 14 2.16025
4 9 1 11 12 13 14 2
4 9 2 3 5 6 7 2
4 9 2 3 5 6 8 1.85164
4 9 2 3 5 6 10 2.07802
4 9 2 3 5 6 11 2.16556
4 9 2 3 5 6 12 2
4 9 2 3 5 6 13 1.90693
4 9 2 3 5 6 14 2.13809
4 9 2 3 5 7 8 1.62019
4 9 2 3 5 7 10 1.85164
4 9 2 3 5 7 11 2
4 9 2 3 5 7 12 1.81265
4 9 2 3 5 7 13 1.73205
4 9 2 3 5 7 14 1.93309
4 9 2 3 5 8 10 1.85164
4 9 2 3 5 8 11 1.85164
4 9 2 3 5 8 12 1.62019
4 9 2 3 5 8 13 1.41421
4 9 2 3 5 8 14 1.85164
4 9 2 3 5 10 11 2.07802
4 9 2 3 5 10 12 1.85164
4 9 2 3 5 10 13 1.73205
4 9 2 3 5 10 14 2.07802
4 9 2 3 5 11 12 2
4 9 2 3 5 11 13 1.90693
4 9 2 3 5 11 14 2.13809
4 9 2 3 5 12 13 1.73205
4 9 2 3 5 12 14 1.93309
4 9 2 3 5 13 14 1.85164
4 9 2 3 6 7 8 1.62019
4 9 2 3 6 7 10 1.85164
4 9 2 3 6 7 11 2
4 9 2 3 6 7 12 1.81265
4 9 2 3 6 7 13 1.73205
4 9 2 3 6 7 14 1.93309
4 9 2 3 6 8 10 1.93309
4 9 2 3 6 8 11 1.93309
4 9 2 3 6 8 12 1.73205
4 9 2 3 6 8 13 1.62019
4 9 2 3 6 8 14 1.93309
4 9 2 3 6 10 11 2.13809
4 9 2 3 6 10 12 1.93309
4 9 2 3 6 10 13 1.85164
4 9 2 3 6 10 14 2.13809
4 9 2 3 6 11 12 2.0381
4 9 2 3 6 11 13 2
4 9 2 3 6 11 14 2.18955
4 9 2 3 6 12 13 1.81265
4 9 2 3 6 12 14 2
4 9 2 3 6 13 14 1.93309
4 9 2 3 7 8 10 1.62019
4 9 2 3 7 8 11 1.62019
4 9 2 3 7 8 12 1.41421
4 9 2 3 7 8 13 1
4 9 2 3 7 8 14 1.62019
4 9 2 3 7 10 11 1.85164
4 9 2 3 7 10 12 1.62019
4 9 2 3 7 10 13 1.41421
4 9 2 3 7 10 14 1.85164
4 9 2 3 7 11 12 1.81265
4 9 2 3 7 11 13 1.73205
4 9 2 3 7 11 14 1.93309
4 9 2 3 7 12 13 1.62019
4 9 2 3 7 12 14 1.73205
4 9 2 3 7 13 14 1.62019
4 9 2 3 8 10 11 1.93309
4 9 2 3 8 10 12 1.73205
4 9 2 3 8 10 13 1.62019
4 9 2 3 8 10 14 1.93309
4 9 2 3 8 11 12 1.73205
4 9 2 3 8 11 13 1.62019
4 9 2 3 8 11 14 1.93309
4 9 2 3 8 12 13 1.41421
4 9 2 3 8 12 14 1.73205
4 9 2 3 8 13 14 1.62019
4 9 2 3 10 11 12 1.93309
4 9 2 3 10 11 13 1.85164
4 9 2 3 10 11 14 2.13809
4 9 2 3 10 12 13 1.62019
4 9 2 3 10 12 14 1.93309
4 9 2 3 10 13 14 1.85164
4 9 2 3 11 12 13 1.81265
4 9 2 3 11 12 14 2
4 9 2 3 11 13 14 1.93309
4 9 2 3 12 13 14 1.73205
4 9 2 5 6 7 8 1.62019
4 9 2 5 6 7 10 1.85164
4 9 2 5 6 7 11 2
4 9 2 5 6 7 12 1.81265
4 9 2 5 6 7 13 1.73205
4 9 2 5 6 7 14 1.93309
4 9 2 5 6 8 10 2
4 9 2 5 6 8 11 1.93309
4 9 2 5 6 8 12 1.81265
4 9 2 5 6 8 13 1.73205
4 9 2 5 6 8 14 2
4 9 2 5 6 10 11 2.13809
4 9 2 5 6 10 12 2
4 9 2 5 6 10 13 1.90693
4 9 2 5 6 10 14 2.16556
4 9 2 5 6 11 12 2.0381
4 9 2 5 6 11 13 2
4 9 2 5 6 11 14 2.18955
4 9 2 5 6 12 13 2
4 9 2 5 6 12 14 2.0381
4 9 2 5 6 13 14 2
4 9 2 5 7 8 10 1.62019
4 9 2 5 7 8 11 1.62019
4 9 2 5 7 8 12 1.41421
4 9 2 5 7 8 13 1.41421
4 9 2 5 7 8 14 1.62019
4 9 2 5 7 10 11 1.85164
4 9 2 5 7 10 12 1.62019
4 9 2 5 7 10 13 1.41421
4 9 2 5 7 10 14 1.85164
4 9 2 5 7 11 12 1.81265
4 9 2 5 7 11 13 1.73205
4 9 2 5 7 11 14 1.93309
4 9 2 5 7 12 13 1.62019
4 9 2 5 7 12 14 1.73205
4 9 2 5 7 13 14 1.62019
4 9 2 5 8 10 11 1.93309
4 9 2 5 8 10 12 2
4 9 2 5 8 10 13 1.81265
4 9 2 5 8 10 14 2
4 9 2 5 8 11 12 1.73205
4 9 2 5 8 11 13 1.62019
4 9 2 5 8 11 14 1.93309
4 9 2 5 8 12 13 1.73205
4 9 2 5 8 12 14 2
4 9 2 5 8 13 14 1.81265
4 9 2 5 10 11 12 1.93309
4 9 2 5 10 11 13 1.85164
4 9 2 5 10 11 14 2.13809
4 9 2 5 10 12 13 1.81265
4 9 2 5 10 12 14 2
4 9 2 5 10 13 14 1.93309
4 9 2 5 11 12 13 1.81265
4 9 2 5 11 12 14 2
4 9 2 5 11 13 14 1.93309
4 9 2 5 12 13 14 2
4 9 2 6 7 8 10 1.62019
4 9 2 6 7 8 11 1.62019
4 9 2 6 7 8 12 1.41421
4 9 2 6 7 8 13 1
4 9 2 6 7 8 14 1.62019
4 9 2 6 7 10 11 1.85164
4 9 2 6 7 10 12 1.62019
4 9 2 6 7 10 13 1.41421
4 9 2 6 7 10 14 1.85164
4 9 2 6 7 11 12 1.81265
4 9 2 6 7 11 13 1.73205
4 9 2 6 7 11 14 1.93309
4 9 2 6 7 12 13 1.62019
4 9 2 6 7 12 14 1.73205
4 9 2 6 7 13 14 1.62019
4 9 2 6 8 10 11 2.04939
4 9 2 6 8 10 12 2
4 9 2 6 8 10 13 1.93309
4 9 2 6 8 10 14 2.09938
4 9 2 6 8 11 12 1.90693
4 9 2 6 8 11 13 1.85164
4 9 2 6 8 11 14 2.04939
4 9 2 6 8 12 13 1.85164
4 9 2 6 8 12 14 2
4 9 2 6 8 13 14 1.93309
4 9 2 6 10 11 12 2.04939
4 9 2 6 10 11 13 2.00294
4 9 2 6 10 11 14 2.22354
4 9 2 6 10 12 13 1.93309
4 9 2 6 10 12 14 2.09938
4 9 2 6 10 13 14 2.04939
4 9 2 6 11 12 13 1.93309
4 9 2 6 11 12 14 2.10223
4 9 2 6 11 13 14 2.04939
4 9 2 6 12 13 14 2
4 9 2 7 8 10 11 1.62019
4 9 2 7 8 10 12 1.41421
4 9 2 7 8 10 13 1.41421
4 9 2 7 8 10 14 1.62019
4 9 2 7 8 11 12 1.41421
4 9 2 7 8 11 13 1
4 9 2 7 8 11 14 1.62019
4 9 2 7 8 12 13 1.41421
4 9 2 7 8 12 14 1.41421
4 9 2 7 8 13 14 1.41421
4 9 2 7 10 11 12 1.62019
4 9 2 7 10 11 13 1.41421
4 9 2 7 10 11 14 1.85164
4 9 2 7 10 12 13 1.41421
4 9 2 7 10 12 14 1.62019
4 9 2 7 10 13 14 1.41421
4 9 2 7 11 12 13 1.62019
4 9 2 7 11 12 14 1.73205
4 9 2 7 11 13 14 1.62019
4 9 2 7 12 13 14 1.41421
4 9 2 8 10 11 12 1.90693
4 9 2 8 10 11 13 1.85164
4 9 2 8 10 11 14 2.04939
4 9 2 8 10 12 13 1.90693
4 9 2 8 10 12 14 2.01187
4 9 2 8 10 13 14 2
4 9 2 8 11 12 13 1.73205
4 9 2 8 11 12 14 1.90693
4 9 2 8 11 13 14 1.85164
4 9 2 8 12 13 14 1.90693
4 9 2 10 11 12 13 1.85164
4 9 2 10 11 12 14 2.04939
4 9 2 10 11 13 14 2.00294
4 9 2 10 12 13 14 2
4 9 2 11 12 13 14 1.90693
4 9 3 5 6 7 8 1.85164
4 9 3 5 6 7 10 2.07802
4 9 3 5 6 7 11 2.16556
4 9 3 5 6 7 12 2
4 9 3 5 6 7 13 1.90693
4 9 3 5 6 7 14 2.13809
4 9 3 5 6 8 10 2.07802
4 9 3 5 6 8 11 2.07802
4 9 3 5 6 8 12 1.85164
4 9 3 5 6 8 13 1.73205
4 9 3 5 6 8 14 2.07802
4 9 3 5 6 10 11 2.29129
4 9 3 5 6 10 12 2.07802
4 9 3 5 6 10 13 2
4 9 3 5 6 10 14 2.29129
4 9 3 5 6 11 12 2.16556
4 9 3 5 6 11 13 2.10357
4 9 3 5 6 11 14 2.33699
4 9 3 5 6 12 13 1.90693
4 9 3 5 6 12 14 2.13809
4 9 3 5 6 13 14 2.07802
4 9 3 5 7 8 10 1.85164
4 9 3 5 7 8 11 1.85164
4 9 3 5 7 8 12 1.62019
4 9 3 5 7 8 13 1.41421
4 9 3 5 7 8 14 1.85164
4 9 3 5 7 10 11 2.07802
4 9 3 5 7 10 12 1.85164
4 9 3 5 7 10 13 1.73205
4 9 3 5 7 10 14 2.07802
4 9 3 5 7 11 12 2
4 9 3 5 7 11 13 1.90693
4 9 3 5 7 11 14 2.13809
4 9 3 5 7 12 13 1.73205
4 9 3 5 7 12 14 1.93309
4 9 3 5 7 13 14 1.85164
4 9 3 5 8 10 11 2.07802
4 9 3 5 8 10 12 1.85164
4 9 3 5 8 10 13 1.73205
4 9 3 5 8 10 14 2.07802
4 9 3 5 8 11 12 1.85164
4 9 3 5 8 11 13 1.73205
4 9 3 5 8 11 14 2.07802
4 9 3 5 8 12 13 1.41421
4 9 3 5 8 12 14 1.85164
4 9 3 5 8 13 14 1.73205
4 9 3 5 10 11 12 2.07802
4 9 3 5 10 11 13 2
4 9 3 5 10 11 14 2.29129
4 9 3 5 10 12 13 1.73205
4 9 3 5 10 12 14 2.07802
4 9 3 5 10 13 14 2
4 9 3 5 11 12 13 1.90693
4 9 3 5 11 12 14 2.13809
4 9 3 5 11 13 14 2.07802
4 9 3 5 12 13 14 1.85164
4 9 3 6 7 8 10 1.93309
4 9 3 6 7 8 11 1.93309
4 9 3 6 7 8 12 1.73205
4 9 3 6 7 8 13 1.62019
4 9 3 6 7 8 14 1.93309
4 9 3 6 7 10 11 2.13809
4 9 3 6 7 10 12 1.93309
4 9 3 6 7 10 13 1.85164
4 9 3 6 7 10 14 2.13809
4 9 3 6 7 11 12 2.0381
4 9 3 6 7 11 13 2
4 9 3 6 7 11 14 2.18955
4 9 3 6 7 12 13 1.81265
4 9 3 6 7 12 14 2
4 9 3 6 7 13 14 1.93309
4 9 3 6 8 10 11 2.32266
4 9 3 6 8 10 12 2.16025
4 9 3 6 8 10 13 2.13664
4 9 3 6 8 10 14 2.32266
4 9 3 6 8 11 12 2.16025
4 9 3 6 8 11 13 2.13664
4 9 3 6 8 11 14 2.32266
4 9 3 6 8 12 13 2
4 9 3 6 8 12 14 2.16025
4 9 3 6 8 13 14 2.13664
4 9 3 6 10 11 12 2.32266
4 9 3 6 10 11 13 2.28709
4 9 3 6 10 11 14 2.48193
4 9 3 6 10 12 13 2.13664
4 9 3 6 10 12 14 2.32266
4 9 3 6 10 13 14 2.28709
4 9 3 6 11 12 13 2.19089
4 9 3 6 11 12 14 2.34521
4 9 3 6 11 13 14 2.32266
4 9 3 6 12 13 14 2.16025
4 9 3 7 8 10 11 1.93309
4 9 3 7 8 10 12 1.73205
4 9 3 7 8 10 13 1.62019
4 9 3 7 8 10 14 1.93309
4 9 3 7 8 11 12 1.73205
4 9 3 7 8 11 13 1.62019
4 9 3 7 8 11 14 1.93309
4 9 3 7 8 12 13 1.41421
4 9 3 7 8 12 14 1.73205
4 9 3 7 8 13 14 1.62019
4 9 3 7 10 11 12 1.93309
4 9 3 7 10 11 13 1.85164
4 9 3 7 10 11 14 2.13809
4 9 3 7 10 12 13 1.62019
4 9 3 7 10 12 14 1.93309
4 9 3 7 10 13 14 1.85164
4 9 3 7 11 12 13 1.81265
4 9 3 7 11 12 14 2
4 9 3 7 11 13 14 1.93309
4 9 3 7 12 13 14 1.73205
4 9 3 8 10 11 12 2.16025
4 9 3 8 10 11 13 2.13664
4 9 3 8 10 11 14 2.32266
4 9 3 8 10 12 13 2
4 9 3 8 10 12 14 2.16025
4 9 3 8 10 13 14 2.13664
4 9 3 8 11 12 13 2
4 9 3 8 11 12 14 2.16025
4 9 3 8 11 13 14 2.13664
4 9 3 8 12 13 14 2
4 9 3 10 11 12 13 2.13664
4 9 3 10 11 12 14 2.32266
4 9 3 10 11 13 14 2.28709
4 9 3 10 12 13 14 2.13664
4 9 3 11 12 13 14 2.16025
4 9 5 6 7 8 10 2
4 9 5 6 7 8 11 1.93309
4 9 5 6 7 8 12 1.81265
4 9 5 6 7 8 13 1.73205
4 9 5 6 7 8 14 2
4 9 5 6 7 10 11 2.13809
4 9 5 6 7 10 12 2
4 9 5 6 7 10 13 1.90693
4 9 5 6 7 10 14 2.16556
4 9 5 6 7 11 12 2.0381
4 9 5 6 7 11 13 2
4 9 5 6 7 11 14 2.18955
4 9 5 6 7 12 13 2
4 9 5 6 7 12 14 2.0381
4 9 5 6 7 13 14 2
4 9 5 6 8 10 11 2.32266
4 9 5 6 8 10 12 2.26385
4 9 5 6 8 10 13 2.23607
4 9 5 6 8 10 14 2.39046
4 9 5 6 8 11 12 2.16025
4 9 5 6 8 11 13 2.13664
4 9 5 6 8 11 14 2.32266
4 9 5 6 8 12 13 2.13664
4 9 5 6 8 12 14 2.26385
4 9 5 6 8 13 14 2.23607
4 9 5 6 10 11 12 2.32266
4 9 5 6 10 11 13 2.28709
4 9 5 6 10 11 14 2.48193
4 9 5 6 10 12 13 2.23607
4 9 5 6 10 12 14 2.39046
4 9 5 6 10 13 14 2.35488
4 9 5 6 11 12 13 2.19089
4 9 5 6 11 12 14 2.34521
4 9 5 6 11 13 14 2.32266
4 9 5 6 12 13 14 2.26385
4 9 5 7 8 10 11 1.93309
4 9 5 7 8 10 12 2
4 9 5 7 8 10 13 1.81265
4 9 5 7 8 10 14 2
4 9 5 7 8 11 12 1.73205
4 9 5 7 8 11 13 1.62019
4 9 5 7 8 11 14 1.93309
4 9 5 7 8 12 13 1.73205
4 9 5 7 8 12 14 2
4 9 5 7 8 13 14 1.81265
4 9 5 7 10 11 12 1.93309
4 9 5 7 10 11 13 1.85164
4 9 5 7 10 11 14 2.13809
4 9 5 7 10 12 13 1.81265
4 9 5 7 10 12 14 2
4 9 5 7 10 13 14 1.93309
4 9 5 7 11 12 13 1.81265
4 9 5 7 11 12 14 2
4 9 5 7 11 13 14 1.93309
4 9 5 7 12 13 14 2
4 9 5 8 10 11 12 2.16025
4 9 5 8 10 11 13 2.13664
4 9 5 8 10 11 14 2.32266
4 9 5 8 10 12 13 2.16025
4 9 5 8 10 12 14 2.3094
4 9 5 8 10 13 14 2.26385
4 9 5 8 11 12 13 2
4 9 5 8 11 12 14 2.16025
4 9 5 8 11 13 14 2.13664
4 9 5 8 12 13 14 2.16025
4 9 5 10 11 12 13 2.13664
4 9 5 10 11 12 14 2.32266
4 9 5 10 11 13 14 2.28709
4 9 5 10 12 13 14 2.26385
4 9 5 11 12 13 14 2.16025
4 9 6 7 8 10 11 2.04939
4 9 6 7 8 10 12 2
4 9 6 7 8 10 13 1.93309
4 9 6 7 8 10 14 2.09938
4 9 6 7 8 11 12 1.90693
4 9 6 7 8 11 13 1.85164
4 9 6 7 8 11 14 2.04939
4 9 6 7 8 12 13 1.85164
4 9 6 7 8 12 14 2
4 9 6 7 8 13 14 1.93309
4 9 6 7 10 11 12 2.04939
4 9 6 7 10 11 13 2.00294
4 9 6 7 10 11 14 2.22354
4 9 6 7 10 12 13 1.93309
4 9 6 7 10 12 14 2.09938
4 9 6 7 10 13 14 2.04939
4 9 6 7 11 12 13 1.93309
4 9 6 7 11 12 14 2.10223
4 9 6 7 11 13 14 2.04939
4 9 6 7 12 13 14 2
4 9 6 8 10 11 12 2.53722
4 9 6 8 10 11 13 2.52543
4 9 6 8 10 11 14 2.62216
4 9 6 8 10 12 13 2.52543
4 9 6 8 10 12 14 2.60419
4 9 6 8 10 13 14 2.58844
4 9 6 8 11 12 13 2.44949
4 9 6 8 11 12 14 2.53722
4 9 6 8 11 13 14 2.52543
4 9 6 8 12 13 14 2.52543
4 9 6 10 11 12 13 2.52543
4 9 6 10 11 12 14 2.62216
4 9 6 10 11 13 14 2.61406
4 9 6 10 12 13 14 2.58844
4 9 6 11 12 13 14 2.53722
4 9 7 8 10 11 12 1.90693
4 9 7 8 10 11 13 1.85164
4 9 7 8 10 11 14 2.04939
4 9 7 8 10 12 13 1.90693
4 9 7 8 10 12 14 2.01187
4 9 7 8 10 13 14 2
4 9 7 8 11 12 13 1.73205
4 9 7 8 11 12 14 1.90693
4 9 7 8 11 13 14 1.85164
4 9 7 8 12 13 14 1.90693
4 9 7 10 11 12 13 1.85164
4 9 7 10 11 12 14 2.04939
4 9 7 10 11 13 14 2.00294
4 9 7 10 12 13 14 2
4 9 7 11 12 13 14 1.90693
4 9 8 10 11 12 13 2.44949
4 9 8 10 11 12 14 2.53722
4 9 8 10 11 13 14 2.52543
4 9 8 10 12 13 14 2.53722
4 9 8 11 12 13 14 2.44949
4 9 10 11 12 13 14 2.52543
