6 11 0 1 2.23607
6 11 0 2 2.35855
6 11 0 3 2.60641
6 11 0 4 2.73434
6 11 0 5 2.51151
6 11 0 7 2.35855
6 11 0 8 2.68408
6 11 0 9 2.82373
6 11 0 10 2.75936
6 11 0 12 2.74064
6 11 0 13 2.74064
6 11 0 14 2.80938
6 11 1 2 1.93309
6 11 1 3 2
6 11 1 4 2
6 11 1 5 1.73205
6 11 1 7 1.93309
6 11 1 8 2.19089
6 11 1 9 2.23607
6 11 1 10 2.13664
6 11 1 12 2.23607
6 11 1 13 2.23607
6 11 1 14 2.19089
6 11 2 3 2.326
6 11 2 4 2.28239
6 11 2 5 2.24649
6 11 2 7 2.08167
6 11 2 8 2.14154
6 11 2 9 2.38791
6 11 2 10 2.2514
6 11 2 12 2.27761
6 11 2 13 2.2563
6 11 2 14 2.34937
6 11 3 4 2.53859
6 11 3 5 2.37
6 11 3 7 2.326
6 11 3 8 2.42507
6 11 3 9 2.63095
6 11 3 10 2.52678
6 11 3 12 2.51916
6 11 3 13 2.50333
6 11 3 14 2.60951
6 11 4 5 2.53859
6 11 4 7 2.28239
6 11 4 8 2.62216
6 11 4 9 2.74169
6 11 4 10 2.72385
6 11 4 12 2.6176
6 11 4 13 2.62202
6 11 4 14 2.74037
6 11 5 7 2.24649
6 11 5 8 2.32266
6 11 5 9 2.56038
6 11 5 10 2.48193
6 11 5 12 2.39792
6 11 5 13 2.39046
6 11 5 14 2.53859
6 11 7 8 2.14154
6 11 7 9 2.38791
6 11 7 10 2.2514
6 11 7 12 2.27761
6 11 7 13 2.2563
6 11 7 14 2.34937
6 11 8 9 2.69472
6 11 8 10 2.68164
6 11 8 12 2.62912
6 11 8 13 2.64575
6 11 8 14 2.69077
6 11 9 10 2.77498
6 11 9 12 2.73861
6 11 9 13 2.74064
6 11 9 14 2.81356
6 11 10 12 2.68164
6 11 10 13 2.66231
6 11 10 14 2.77498
6 11 12 13 2.68949
6 11 12 14 2.71649
6 11 13 14 2.72279
