0 5 1 2 3 4 6 7 8 9 10 11 12 0
0 5 1 2 3 4 6 7 8 9 10 11 13 0
0 5 1 2 3 4 6 7 8 9 10 11 14 0
0 5 1 2 3 4 6 7 8 9 10 12 13 0
0 5 1 2 3 4 6 7 8 9 10 12 14 0
0 5 1 2 3 4 6 7 8 9 10 13 14 0
0 5 1 2 3 4 6 7 8 9 11 12 13 1
0 5 1 2 3 4 6 7 8 9 11 12 14 0
0 5 1 2 3 4 6 7 8 9 11 13 14 0
0 5 1 2 3 4 6 7 8 9 12 13 14 0
0 5 1 2 3 4 6 7 8 10 11 12 13 0
0 5 1 2 3 4 6 7 8 10 11 12 14 0
0 5 1 2 3 4 6 7 8 10 11 13 14 0
0 5 1 2 3 4 6 7 8 10 12 13 14 0
0 5 1 2 3 4 6 7 8 11 12 13 14 0
0 5 1 2 3 4 6 7 9 10 11 12 13 0
0 5 1 2 3 4 6 7 9 10 11 12 14 0
0 5 1 2 3 4 6 7 9 10 11 13 14 0
0 5 1 2 3 4 6 7 9 10 12 13 14 0
0 5 1 2 3 4 6 7 9 11 12 13 14 1
0 5 1 2 3 4 6 7 10 11 12 13 14 0
0 5 1 2 3 4 6 8 9 10 11 12 13 0
0 5 1 2 3 4 6 8 9 10 11 12 14 0
0 5 1 2 3 4 6 8 9 10 11 13 14 0
0 5 1 2 3 4 6 8 9 10 12 13 14 0
0 5 1 2 3 4 6 8 9 11 12 13 14 0
0 5 1 2 3 4 6 8 10 11 12 13 14 0
0 5 1 2 3 4 6 9 10 11 12 13 14 0
0 5 1 2 3 4 7 8 9 10 11 12 13 0
0 5 1 2 3 4 7 8 9 10 11 12 14 0
0 5 1 2 3 4 7 8 9 10 11 13 14 0
0 5 1 2 3 4 7 8 9 10 12 13 14 1
0 5 1 2 3 4 7 8 9 11 12 13 14 0
0 5 1 2 3 4 7 8 10 11 12 13 14 1
0 5 1 2 3 4 7 9 10 11 12 13 14 0
0 5 1 2 3 4 8 9 10 11 12 13 14 0
0 5 1 2 3 6 7 8 9 10 11 12 13 0
0 5 1 2 3 6 7 8 9 10 11 12 14 0
0 5 1 2 3 6 7 8 9 10 11 13 14 0
0 5 1 2 3 6 7 8 9 10 12 13 14 0
0 5 1 2 3 6 7 8 9 11 12 13 14 1
0 5 1 2 3 6 7 8 10 11 12 13 14 0
0 5 1 2 3 6 7 9 10 11 12 13 14 0
0 5 1 2 3 6 8 9 10 11 12 13 14 0
0 5 1 2 3 7 8 9 10 11 12 13 14 0
0 5 1 2 4 6 7 8 9 10 11 12 13 0
0 5 1 2 4 6 7 8 9 10 11 12 14 0
0 5 1 2 4 6 7 8 9 10 11 13 14 0
0 5 1 2 4 6 7 8 9 10 12 13 14 1
0 5 1 2 4 6 7 8 9 11 12 13 14 0
0 5 1 2 4 6 7 8 10 11 12 13 14 0
0 5 1 2 4 6 7 9 10 11 12 13 14 0
0 5 1 2 4 6 8 9 10 11 12 13 14 1
0 5 1 2 4 7 8 9 10 11 12 13 14 0
0 5 1 2 6 7 8 9 10 11 12 13 14 0
0 5 1 3 4 6 7 8 9 10 11 12 13 0
0 5 1 3 4 6 7 8 9 10 11 12 14 0
0 5 1 3 4 6 7 8 9 10 11 13 14 0
0 5 1 3 4 6 7 8 9 10 12 13 14 0
0 5 1 3 4 6 7 8 9 11 12 13 14 0
0 5 1 3 4 6 7 8 10 11 12 13 14 0
0 5 1 3 4 6 7 9 10 11 12 13 14 0
0 5 1 3 4 6 8 9 10 11 12 13 14 0
0 5 1 3 4 7 8 9 10 11 12 13 14 0
0 5 1 3 6 7 8 9 10 11 12 13 14 0
0 5 1 4 6 7 8 9 10 11 12 13 14 1
0 5 2 3 4 6 7 8 9 10 11 12 13 0
0 5 2 3 4 6 7 8 9 10 11 12 14 1
0 5 2 3 4 6 7 8 9 10 11 13 14 1
0 5 2 3 4 6 7 8 9 10 12 13 14 0
0 5 2 3 4 6 7 8 9 11 12 13 14 0
0 5 2 3 4 6 7 8 10 11 12 13 14 0
0 5 2 3 4 6 7 9 10 11 12 13 14 1
0 5 2 3 4 6 8 9 10 11 12 13 14 1
0 5 2 3 4 7 8 9 10 11 12 13 14 0
0 5 2 3 6 7 8 9 10 11 12 13 14 0
0 5 2 4 6 7 8 9 10 11 12 13 14 0
0 5 3 4 6 7 8 9 10 11 12 13 14 1
