0 5 1 2 3 4 6 1.41421
0 5 1 2 3 4 7 1.41421
0 5 1 2 3 4 8 1.41421
0 5 1 2 3 4 9 1.41421
0 5 1 2 3 4 10 1.41421
0 5 1 2 3 4 11 1.41421
0 5 1 2 3 4 12 1.41421
0 5 1 2 3 4 13 1.41421
0 5 1 2 3 4 14 1.41421
0 5 1 2 3 6 7 1.73205
0 5 1 2 3 6 8 1.41421
0 5 1 2 3 6 9 1.73205
0 5 1 2 3 6 10 0
0 5 1 2 3 6 11 1.73205
0 5 1 2 3 6 12 1.73205
0 5 1 2 3 6 13 1.73205
0 5 1 2 3 6 14 1.41421
0 5 1 2 3 7 8 1.41421
0 5 1 2 3 7 9 1.73205
0 5 1 2 3 7 10 1.41421
0 5 1 2 3 7 11 1.73205
0 5 1 2 3 7 12 1.73205
0 5 1 2 3 7 13 1.73205
0 5 1 2 3 7 14 1.41421
0 5 1 2 3 8 9 1.41421
0 5 1 2 3 8 10 1.41421
0 5 1 2 3 8 11 1.41421
0 5 1 2 3 8 12 1.41421
0 5 1 2 3 8 13 1.41421
0 5 1 2 3 8 14 1.41421
0 5 1 2 3 9 10 1
0 5 1 2 3 9 11 1.73205
0 5 1 2 3 9 12 1.73205
0 5 1 2 3 9 13 1.73205
0 5 1 2 3 9 14 1.41421
0 5 1 2 3 10 11 1
0 5 1 2 3 10 12 1.41421
0 5 1 2 3 10 13 1.41421
0 5 1 2 3 10 14 1.41421
0 5 1 2 3 11 12 1.73205
0 5 1 2 3 11 13 1.73205
0 5 1 2 3 11 14 1.41421
0 5 1 2 3 12 13 1.73205
0 5 1 2 3 12 14 1.41421
0 5 1 2 3 13 14 1.41421
0 5 1 2 4 6 7 1.41421
0 5 1 2 4 6 8 1.41421
0 5 1 2 4 6 9 1.41421
0 5 1 2 4 6 10 1.41421
0 5 1 2 4 6 11 1.41421
0 5 1 2 4 6 12 1.41421
0 5 1 2 4 6 13 1.41421
0 5 1 2 4 6 14 1.41421
0 5 1 2 4 7 8 1.62019
0 5 1 2 4 7 9 1.41421
0 5 1 2 4 7 10 1.62019
0 5 1 2 4 7 11 1.41421
0 5 1 2 4 7 12 1.62019
0 5 1 2 4 7 13 1.62019
0 5 1 2 4 7 14 1.62019
0 5 1 2 4 8 9 1.62019
0 5 1 2 4 8 10 1.73205
0 5 1 2 4 8 11 1
0 5 1 2 4 8 12 1.73205
0 5 1 2 4 8 13 1.73205
0 5 1 2 4 8 14 1.73205
0 5 1 2 4 9 10 1.62019
0 5 1 2 4 9 11 1.41421
0 5 1 2 4 9 12 1.62019
0 5 1 2 4 9 13 1.62019
0 5 1 2 4 9 14 1.62019
0 5 1 2 4 10 11 1
0 5 1 2 4 10 12 1.73205
0 5 1 2 4 10 13 1.73205
0 5 1 2 4 10 14 1.73205
0 5 1 2 4 11 12 1.41421
0 5 1 2 4 11 13 1.41421
0 5 1 2 4 11 14 1
0 5 1 2 4 12 13 1.73205
0 5 1 2 4 12 14 1.73205
0 5 1 2 4 13 14 1.73205
0 5 1 2 6 7 8 1.41421
0 5 1 2 6 7 9 1.73205
0 5 1 2 6 7 10 1
0 5 1 2 6 7 11 1.73205
0 5 1 2 6 7 12 1.73205
0 5 1 2 6 7 13 1.73205
0 5 1 2 6 7 14 1.41421
0 5 1 2 6 8 9 1.41421
0 5 1 2 6 8 10 1.41421
0 5 1 2 6 8 11 1.41421
0 5 1 2 6 8 12 1.41421
0 5 1 2 6 8 13 1.41421
0 5 1 2 6 8 14 1.41421
0 5 1 2 6 9 10 1.41421
0 5 1 2 6 9 11 1.73205
0 5 1 2 6 9 12 1.73205
0 5 1 2 6 9 13 1.73205
0 5 1 2 6 9 14 1.41421
0 5 1 2 6 10 11 1
0 5 1 2 6 10 12 1.41421
0 5 1 2 6 10 13 1.41421
0 5 1 2 6 10 14 1.41421
0 5 1 2 6 11 12 1.73205
0 5 1 2 6 11 13 1.73205
0 5 1 2 6 11 14 1.41421
0 5 1 2 6 12 13 1.73205
0 5 1 2 6 12 14 1.41421
0 5 1 2 6 13 14 1.41421
0 5 1 2 7 8 9 1.41421
0 5 1 2 7 8 10 1.62019
0 5 1 2 7 8 11 1.41421
0 5 1 2 7 8 12 1.62019
0 5 1 2 7 8 13 1.62019
0 5 1 2 7 8 14 1.62019
0 5 1 2 7 9 10 1.41421
0 5 1 2 7 9 11 1.73205
0 5 1 2 7 9 12 1.73205
0 5 1 2 7 9 13 1.73205
0 5 1 2 7 9 14 1.41421
0 5 1 2 7 10 11 1
0 5 1 2 7 10 12 1.62019
0 5 1 2 7 10 13 1.62019
0 5 1 2 7 10 14 1.62019
0 5 1 2 7 11 12 1.73205
0 5 1 2 7 11 13 1.73205
0 5 1 2 7 11 14 1.41421
0 5 1 2 7 12 13 1.73205
0 5 1 2 7 12 14 1.62019
0 5 1 2 7 13 14 1.62019
0 5 1 2 8 9 10 1.62019
0 5 1 2 8 9 11 1.41421
0 5 1 2 8 9 12 1.62019
0 5 1 2 8 9 13 1.62019
0 5 1 2 8 9 14 1.62019
0 5 1 2 8 10 11 1
0 5 1 2 8 10 12 1.73205
0 5 1 2 8 10 13 1.73205
0 5 1 2 8 10 14 1.73205
0 5 1 2 8 11 12 1.41421
0 5 1 2 8 11 13 1.41421
0 5 1 2 8 11 14 1
0 5 1 2 8 12 13 1.73205
0 5 1 2 8 12 14 1.73205
0 5 1 2 8 13 14 1.73205
0 5 1 2 9 10 11 1
0 5 1 2 9 10 12 1.62019
0 5 1 2 9 10 13 1.62019
0 5 1 2 9 10 14 1.62019
0 5 1 2 9 11 12 1.73205
0 5 1 2 9 11 13 1.73205
0 5 1 2 9 11 14 1.41421
0 5 1 2 9 12 13 1.73205
0 5 1 2 9 12 14 1.62019
0 5 1 2 9 13 14 1.62019
0 5 1 2 10 11 12 1
0 5 1 2 10 11 13 1
0 5 1 2 10 11 14 1
0 5 1 2 10 12 13 1.73205
0 5 1 2 10 12 14 1.73205
0 5 1 2 10 13 14 1.73205
0 5 1 2 11 12 13 1.73205
0 5 1 2 11 12 14 1.41421
0 5 1 2 11 13 14 1.41421
0 5 1 2 12 13 14 1.73205
0 5 1 3 4 6 7 1.41421
0 5 1 3 4 6 8 1
0 5 1 3 4 6 9 1.41421
0 5 1 3 4 6 10 0
0 5 1 3 4 6 11 1.41421
0 5 1 3 4 6 12 1.41421
0 5 1 3 4 6 13 1.41421
0 5 1 3 4 6 14 1
0 5 1 3 4 7 8 1.41421
0 5 1 3 4 7 9 1.41421
0 5 1 3 4 7 10 1.41421
0 5 1 3 4 7 11 1.41421
0 5 1 3 4 7 12 1.41421
0 5 1 3 4 7 13 1.41421
0 5 1 3 4 7 14 1.41421
0 5 1 3 4 8 9 1
0 5 1 3 4 8 10 1.41421
0 5 1 3 4 8 11 1
0 5 1 3 4 8 12 1.41421
0 5 1 3 4 8 13 1.41421
0 5 1 3 4 8 14 1.41421
0 5 1 3 4 9 10 1
0 5 1 3 4 9 11 1.41421
0 5 1 3 4 9 12 1.41421
0 5 1 3 4 9 13 1.41421
0 5 1 3 4 9 14 1
0 5 1 3 4 10 11 1
0 5 1 3 4 10 12 1.41421
0 5 1 3 4 10 13 1.41421
0 5 1 3 4 10 14 1.41421
0 5 1 3 4 11 12 1.41421
0 5 1 3 4 11 13 1.41421
0 5 1 3 4 11 14 1
0 5 1 3 4 12 13 1.41421
0 5 1 3 4 12 14 1.41421
0 5 1 3 4 13 14 1.41421
0 5 1 3 6 7 8 1.41421
0 5 1 3 6 7 9 1.73205
0 5 1 3 6 7 10 0
0 5 1 3 6 7 11 1.73205
0 5 1 3 6 7 12 1.73205
0 5 1 3 6 7 13 1.73205
0 5 1 3 6 7 14 1.41421
0 5 1 3 6 8 9 1.41421
0 5 1 3 6 8 10 0
0 5 1 3 6 8 11 1.41421
0 5 1 3 6 8 12 1.41421
0 5 1 3 6 8 13 1.41421
0 5 1 3 6 8 14 1
0 5 1 3 6 9 10 0
0 5 1 3 6 9 11 1.73205
0 5 1 3 6 9 12 1.73205
0 5 1 3 6 9 13 1.73205
0 5 1 3 6 9 14 1.41421
0 5 1 3 6 10 11 0
0 5 1 3 6 10 12 0
0 5 1 3 6 10 13 0
0 5 1 3 6 10 14 0
0 5 1 3 6 11 12 1.73205
0 5 1 3 6 11 13 1.73205
0 5 1 3 6 11 14 1.41421
0 5 1 3 6 12 13 1.73205
0 5 1 3 6 12 14 1.41421
0 5 1 3 6 13 14 1.41421
0 5 1 3 7 8 9 1.41421
0 5 1 3 7 8 10 1.41421
0 5 1 3 7 8 11 1.41421
0 5 1 3 7 8 12 1.41421
0 5 1 3 7 8 13 1.41421
0 5 1 3 7 8 14 1.41421
0 5 1 3 7 9 10 1
0 5 1 3 7 9 11 1.73205
0 5 1 3 7 9 12 1.73205
0 5 1 3 7 9 13 1.73205
0 5 1 3 7 9 14 1.41421
0 5 1 3 7 10 11 1
0 5 1 3 7 10 12 1.41421
0 5 1 3 7 10 13 1.41421
0 5 1 3 7 10 14 1.41421
0 5 1 3 7 11 12 1.73205
0 5 1 3 7 11 13 1.73205
0 5 1 3 7 11 14 1.41421
0 5 1 3 7 12 13 1.73205
0 5 1 3 7 12 14 1.41421
0 5 1 3 7 13 14 1.41421
0 5 1 3 8 9 10 1
0 5 1 3 8 9 11 1.41421
0 5 1 3 8 9 12 1.41421
0 5 1 3 8 9 13 1.41421
0 5 1 3 8 9 14 1
0 5 1 3 8 10 11 1
0 5 1 3 8 10 12 1.41421
0 5 1 3 8 10 13 1.41421
0 5 1 3 8 10 14 1.41421
0 5 1 3 8 11 12 1.41421
0 5 1 3 8 11 13 1.41421
0 5 1 3 8 11 14 1
0 5 1 3 8 12 13 1.41421
0 5 1 3 8 12 14 1.41421
0 5 1 3 8 13 14 1.41421
0 5 1 3 9 10 11 0
0 5 1 3 9 10 12 1
0 5 1 3 9 10 13 1
0 5 1 3 9 10 14 1
0 5 1 3 9 11 12 1.73205
0 5 1 3 9 11 13 1.73205
0 5 1 3 9 11 14 1.41421
0 5 1 3 9 12 13 1.73205
0 5 1 3 9 12 14 1.41421
0 5 1 3 9 13 14 1.41421
0 5 1 3 10 11 12 1
0 5 1 3 10 11 13 1
0 5 1 3 10 11 14 1
0 5 1 3 10 12 13 1.41421
0 5 1 3 10 12 14 1.41421
0 5 1 3 10 13 14 1.41421
0 5 1 3 11 12 13 1.73205
0 5 1 3 11 12 14 1.41421
0 5 1 3 11 13 14 1.41421
0 5 1 3 12 13 14 1.41421
0 5 1 4 6 7 8 1.41421
0 5 1 4 6 7 9 1.41421
0 5 1 4 6 7 10 1.41421
0 5 1 4 6 7 11 1.41421
0 5 1 4 6 7 12 1.41421
0 5 1 4 6 7 13 1.41421
0 5 1 4 6 7 14 1.41421
0 5 1 4 6 8 9 1.73205
0 5 1 4 6 8 10 1.73205
0 5 1 4 6 8 11 1.41421
0 5 1 4 6 8 12 1.73205
0 5 1 4 6 8 13 1.73205
0 5 1 4 6 8 14 1.73205
0 5 1 4 6 9 10 1.73205
0 5 1 4 6 9 11 1.41421
0 5 1 4 6 9 12 1.73205
0 5 1 4 6 9 13 1.73205
0 5 1 4 6 9 14 1.73205
0 5 1 4 6 10 11 1.41421
0 5 1 4 6 10 12 1.73205
0 5 1 4 6 10 13 1.73205
0 5 1 4 6 10 14 1.73205
0 5 1 4 6 11 12 1.41421
0 5 1 4 6 11 13 1.41421
0 5 1 4 6 11 14 1.41421
0 5 1 4 6 12 13 1.73205
0 5 1 4 6 12 14 1.73205
0 5 1 4 6 13 14 1.73205
0 5 1 4 7 8 9 1.62019
0 5 1 4 7 8 10 1.73205
0 5 1 4 7 8 11 1
0 5 1 4 7 8 12 1.73205
0 5 1 4 7 8 13 1.73205
0 5 1 4 7 8 14 1.73205
0 5 1 4 7 9 10 1.62019
0 5 1 4 7 9 11 1.41421
0 5 1 4 7 9 12 1.62019
0 5 1 4 7 9 13 1.62019
0 5 1 4 7 9 14 1.62019
0 5 1 4 7 10 11 1
0 5 1 4 7 10 12 1.73205
0 5 1 4 7 10 13 1.73205
0 5 1 4 7 10 14 1.73205
0 5 1 4 7 11 12 1.41421
0 5 1 4 7 11 13 1.41421
0 5 1 4 7 11 14 1
0 5 1 4 7 12 13 1.73205
0 5 1 4 7 12 14 1.73205
0 5 1 4 7 13 14 1.73205
0 5 1 4 8 9 10 1.85164
0 5 1 4 8 9 11 1.41421
0 5 1 4 8 9 12 1.85164
0 5 1 4 8 9 13 1.85164
0 5 1 4 8 9 14 1.85164
0 5 1 4 8 10 11 1.41421
0 5 1 4 8 10 12 1.90693
0 5 1 4 8 10 13 1.90693
0 5 1 4 8 10 14 1.90693
0 5 1 4 8 11 12 1.41421
0 5 1 4 8 11 13 1.41421
0 5 1 4 8 11 14 1.41421
0 5 1 4 8 12 13 1.90693
0 5 1 4 8 12 14 1.90693
0 5 1 4 8 13 14 1.90693
0 5 1 4 9 10 11 1.41421
0 5 1 4 9 10 12 1.85164
0 5 1 4 9 10 13 1.85164
0 5 1 4 9 10 14 1.85164
0 5 1 4 9 11 12 1.41421
0 5 1 4 9 11 13 1.41421
0 5 1 4 9 11 14 1.41421
0 5 1 4 9 12 13 1.85164
0 5 1 4 9 12 14 1.85164
0 5 1 4 9 13 14 1.85164
0 5 1 4 10 11 12 1.41421
0 5 1 4 10 11 13 1.41421
0 5 1 4 10 11 14 1.41421
0 5 1 4 10 12 13 1.90693
0 5 1 4 10 12 14 1.90693
0 5 1 4 10 13 14 1.90693
0 5 1 4 11 12 13 1.41421
0 5 1 4 11 12 14 1.41421
0 5 1 4 11 13 14 1.41421
0 5 1 4 12 13 14 1.90693
0 5 1 6 7 8 9 1.41421
0 5 1 6 7 8 10 1.41421
0 5 1 6 7 8 11 1.41421
0 5 1 6 7 8 12 1.41421
0 5 1 6 7 8 13 1.41421
0 5 1 6 7 8 14 1.41421
0 5 1 6 7 9 10 1.41421
0 5 1 6 7 9 11 1.73205
0 5 1 6 7 9 12 1.73205
0 5 1 6 7 9 13 1.73205
0 5 1 6 7 9 14 1.41421
0 5 1 6 7 10 11 1
0 5 1 6 7 10 12 1.41421
0 5 1 6 7 10 13 1.41421
0 5 1 6 7 10 14 1.41421
0 5 1 6 7 11 12 1.73205
0 5 1 6 7 11 13 1.73205
0 5 1 6 7 11 14 1.41421
0 5 1 6 7 12 13 1.73205
0 5 1 6 7 12 14 1.41421
0 5 1 6 7 13 14 1.41421
0 5 1 6 8 9 10 1.73205
0 5 1 6 8 9 11 1.41421
0 5 1 6 8 9 12 1.73205
0 5 1 6 8 9 13 1.73205
0 5 1 6 8 9 14 1.73205
0 5 1 6 8 10 11 1.41421
0 5 1 6 8 10 12 1.73205
0 5 1 6 8 10 13 1.73205
0 5 1 6 8 10 14 1.73205
0 5 1 6 8 11 12 1.41421
0 5 1 6 8 11 13 1.41421
0 5 1 6 8 11 14 1.41421
0 5 1 6 8 12 13 1.73205
0 5 1 6 8 12 14 1.73205
0 5 1 6 8 13 14 1.73205
0 5 1 6 9 10 11 1.41421
0 5 1 6 9 10 12 1.73205
0 5 1 6 9 10 13 1.73205
0 5 1 6 9 10 14 1.73205
0 5 1 6 9 11 12 1.73205
0 5 1 6 9 11 13 1.73205
0 5 1 6 9 11 14 1.41421
0 5 1 6 9 12 13 1.73205
0 5 1 6 9 12 14 1.73205
0 5 1 6 9 13 14 1.73205
0 5 1 6 10 11 12 1.41421
0 5 1 6 10 11 13 1.41421
0 5 1 6 10 11 14 1.41421
0 5 1 6 10 12 13 1.73205
0 5 1 6 10 12 14 1.73205
0 5 1 6 10 13 14 1.73205
0 5 1 6 11 12 13 1.73205
0 5 1 6 11 12 14 1.41421
0 5 1 6 11 13 14 1.41421
0 5 1 6 12 13 14 1.73205
0 5 1 7 8 9 10 1.62019
0 5 1 7 8 9 11 1.41421
0 5 1 7 8 9 12 1.62019
0 5 1 7 8 9 13 1.62019
0 5 1 7 8 9 14 1.62019
0 5 1 7 8 10 11 1
0 5 1 7 8 10 12 1.73205
0 5 1 7 8 10 13 1.73205
0 5 1 7 8 10 14 1.73205
0 5 1 7 8 11 12 1.41421
0 5 1 7 8 11 13 1.41421
0 5 1 7 8 11 14 1
0 5 1 7 8 12 13 1.73205
0 5 1 7 8 12 14 1.73205
0 5 1 7 8 13 14 1.73205
0 5 1 7 9 10 11 1
0 5 1 7 9 10 12 1.62019
0 5 1 7 9 10 13 1.62019
0 5 1 7 9 10 14 1.62019
0 5 1 7 9 11 12 1.73205
0 5 1 7 9 11 13 1.73205
0 5 1 7 9 11 14 1.41421
0 5 1 7 9 12 13 1.73205
0 5 1 7 9 12 14 1.62019
0 5 1 7 9 13 14 1.62019
0 5 1 7 10 11 12 1
0 5 1 7 10 11 13 1
0 5 1 7 10 11 14 1
0 5 1 7 10 12 13 1.73205
0 5 1 7 10 12 14 1.73205
0 5 1 7 10 13 14 1.73205
0 5 1 7 11 12 13 1.73205
0 5 1 7 11 12 14 1.41421
0 5 1 7 11 13 14 1.41421
0 5 1 7 12 13 14 1.73205
0 5 1 8 9 10 11 1.41421
0 5 1 8 9 10 12 1.85164
0 5 1 8 9 10 13 1.85164
0 5 1 8 9 10 14 1.85164
0 5 1 8 9 11 12 1.41421
0 5 1 8 9 11 13 1.41421
0 5 1 8 9 11 14 1.41421
0 5 1 8 9 12 13 1.85164
0 5 1 8 9 12 14 1.85164
0 5 1 8 9 13 14 1.85164
0 5 1 8 10 11 12 1.41421
0 5 1 8 10 11 13 1.41421
0 5 1 8 10 11 14 1.41421
0 5 1 8 10 12 13 1.90693
0 5 1 8 10 12 14 1.90693
0 5 1 8 10 13 14 1.90693
0 5 1 8 11 12 13 1.41421
0 5 1 8 11 12 14 1.41421
0 5 1 8 11 13 14 1.41421
0 5 1 8 12 13 14 1.90693
0 5 1 9 10 11 12 1.41421
0 5 1 9 10 11 13 1.41421
0 5 1 9 10 11 14 1.41421
0 5 1 9 10 12 13 1.85164
0 5 1 9 10 12 14 1.85164
0 5 1 9 10 13 14 1.85164
0 5 1 9 11 12 13 1.73205
0 5 1 9 11 12 14 1.41421
0 5 1 9 11 13 14 1.41421
0 5 1 9 12 13 14 1.85164
0 5 1 10 11 12 13 1.41421
0 5 1 10 11 12 14 1.41421
0 5 1 10 11 13 14 1.41421
0 5 1 10 12 13 14 1.90693
0 5 1 11 12 13 14 1.41421
0 5 2 3 4 6 7 1.90693
0 5 2 3 4 6 8 1.73205
0 5 2 3 4 6 9 2.10357
0 5 2 3 4 6 10 2
0 5 2 3 4 6 11 2.10357
0 5 2 3 4 6 12 1.90693
0 5 2 3 4 6 13 1.90693
0 5 2 3 4 6 14 2.07802
0 5 2 3 4 7 8 1.41421
0 5 2 3 4 7 9 1.90693
0 5 2 3 4 7 10 1.73205
0 5 2 3 4 7 11 1.90693
0 5 2 3 4 7 12 1.73205
0 5 2 3 4 7 13 1.73205
0 5 2 3 4 7 14 1.85164
0 5 2 3 4 8 9 1.73205
0 5 2 3 4 8 10 1.73205
0 5 2 3 4 8 11 1.73205
0 5 2 3 4 8 12 1.41421
0 5 2 3 4 8 13 1.41421
0 5 2 3 4 8 14 1.73205
0 5 2 3 4 9 10 2
0 5 2 3 4 9 11 2.10357
0 5 2 3 4 9 12 1.90693
0 5 2 3 4 9 13 1.90693
0 5 2 3 4 9 14 2.07802
0 5 2 3 4 10 11 2
0 5 2 3 4 10 12 1.73205
0 5 2 3 4 10 13 1.73205
0 5 2 3 4 10 14 2
0 5 2 3 4 11 12 1.90693
0 5 2 3 4 11 13 1.90693
0 5 2 3 4 11 14 2.07802
0 5 2 3 4 12 13 1.73205
0 5 2 3 4 12 14 1.85164
0 5 2 3 4 13 14 1.85164
0 5 2 3 6 7 8 1.41421
0 5 2 3 6 7 9 2
0 5 2 3 6 7 10 1.73205
0 5 2 3 6 7 11 2
0 5 2 3 6 7 12 1.90693
0 5 2 3 6 7 13 1.90693
0 5 2 3 6 7 14 1.90693
0 5 2 3 6 8 9 1.73205
0 5 2 3 6 8 10 1.73205
0 5 2 3 6 8 11 1.73205
0 5 2 3 6 8 12 1.41421
0 5 2 3 6 8 13 1.41421
0 5 2 3 6 8 14 1.73205
0 5 2 3 6 9 10 2
0 5 2 3 6 9 11 2.15297
0 5 2 3 6 9 12 2
0 5 2 3 6 9 13 2
0 5 2 3 6 9 14 2.10357
0 5 2 3 6 10 11 2
0 5 2 3 6 10 12 1.73205
0 5 2 3 6 10 13 1.73205
0 5 2 3 6 10 14 2
0 5 2 3 6 11 12 2
0 5 2 3 6 11 13 2
0 5 2 3 6 11 14 2.10357
0 5 2 3 6 12 13 1.90693
0 5 2 3 6 12 14 1.90693
0 5 2 3 6 13 14 1.90693
0 5 2 3 7 8 9 1.41421
0 5 2 3 7 8 10 1.41421
0 5 2 3 7 8 11 1.41421
0 5 2 3 7 8 12 1.41421
0 5 2 3 7 8 13 1.41421
0 5 2 3 7 8 14 1.41421
0 5 2 3 7 9 10 1.73205
0 5 2 3 7 9 11 2
0 5 2 3 7 9 12 1.90693
0 5 2 3 7 9 13 1.90693
0 5 2 3 7 9 14 1.90693
0 5 2 3 7 10 11 1.73205
0 5 2 3 7 10 12 1.41421
0 5 2 3 7 10 13 1.41421
0 5 2 3 7 10 14 1.73205
0 5 2 3 7 11 12 1.90693
0 5 2 3 7 11 13 1.90693
0 5 2 3 7 11 14 1.90693
0 5 2 3 7 12 13 1.85164
0 5 2 3 7 12 14 1.73205
0 5 2 3 7 13 14 1.73205
0 5 2 3 8 9 10 1.73205
0 5 2 3 8 9 11 1.73205
0 5 2 3 8 9 12 1.41421
0 5 2 3 8 9 13 1.41421
0 5 2 3 8 9 14 1.73205
0 5 2 3 8 10 11 1.73205
0 5 2 3 8 10 12 1.41421
0 5 2 3 8 10 13 1.41421
0 5 2 3 8 10 14 1.73205
0 5 2 3 8 11 12 1.41421
0 5 2 3 8 11 13 1.41421
0 5 2 3 8 11 14 1.73205
0 5 2 3 8 12 13 1.41421
0 5 2 3 8 12 14 1.41421
0 5 2 3 8 13 14 1.41421
0 5 2 3 9 10 11 2
0 5 2 3 9 10 12 1.73205
0 5 2 3 9 10 13 1.73205
0 5 2 3 9 10 14 2
0 5 2 3 9 11 12 2
0 5 2 3 9 11 13 2
0 5 2 3 9 11 14 2.10357
0 5 2 3 9 12 13 1.90693
0 5 2 3 9 12 14 1.90693
0 5 2 3 9 13 14 1.90693
0 5 2 3 10 11 12 1.73205
0 5 2 3 10 11 13 1.73205
0 5 2 3 10 11 14 2
0 5 2 3 10 12 13 1.41421
0 5 2 3 10 12 14 1.73205
0 5 2 3 10 13 14 1.73205
0 5 2 3 11 12 13 1.90693
0 5 2 3 11 12 14 1.90693
0 5 2 3 11 13 14 1.90693
0 5 2 3 12 13 14 1.73205
0 5 2 4 6 7 8 1.41421
0 5 2 4 6 7 9 1.90693
0 5 2 4 6 7 10 1.73205
0 5 2 4 6 7 11 1.90693
0 5 2 4 6 7 12 1.73205
0 5 2 4 6 7 13 1.73205
0 5 2 4 6 7 14 1.85164
0 5 2 4 6 8 9 1.90693
0 5 2 4 6 8 10 1.90693
0 5 2 4 6 8 11 1.85164
0 5 2 4 6 8 12 1.73205
0 5 2 4 6 8 13 1.73205
0 5 2 4 6 8 14 1.90693
0 5 2 4 6 9 10 2.10357
0 5 2 4 6 9 11 2.16556
0 5 2 4 6 9 12 2.01187
0 5 2 4 6 9 13 2.01187
0 5 2 4 6 9 14 2.16556
0 5 2 4 6 10 11 2.07802
0 5 2 4 6 10 12 1.90693
0 5 2 4 6 10 13 1.90693
0 5 2 4 6 10 14 2.10357
0 5 2 4 6 11 12 2
0 5 2 4 6 11 13 2
0 5 2 4 6 11 14 2.13809
0 5 2 4 6 12 13 2
0 5 2 4 6 12 14 2
0 5 2 4 6 13 14 2
0 5 2 4 7 8 9 1.41421
0 5 2 4 7 8 10 1.62019
0 5 2 4 7 8 11 1.41421
0 5 2 4 7 8 12 1.62019
0 5 2 4 7 8 13 1.62019
0 5 2 4 7 8 14 1.62019
0 5 2 4 7 9 10 1.73205
0 5 2 4 7 9 11 1.90693
0 5 2 4 7 9 12 1.73205
0 5 2 4 7 9 13 1.73205
0 5 2 4 7 9 14 1.85164
0 5 2 4 7 10 11 1.73205
0 5 2 4 7 10 12 1.62019
0 5 2 4 7 10 13 1.62019
0 5 2 4 7 10 14 1.73205
0 5 2 4 7 11 12 1.73205
0 5 2 4 7 11 13 1.73205
0 5 2 4 7 11 14 1.85164
0 5 2 4 7 12 13 1.62019
0 5 2 4 7 12 14 1.62019
0 5 2 4 7 13 14 1.62019
0 5 2 4 8 9 10 1.93309
0 5 2 4 8 9 11 1.85164
0 5 2 4 8 9 12 1.81265
0 5 2 4 8 9 13 1.81265
0 5 2 4 8 9 14 1.93309
0 5 2 4 8 10 11 1.85164
0 5 2 4 8 10 12 2
0 5 2 4 8 10 13 2
0 5 2 4 8 10 14 1.96214
0 5 2 4 8 11 12 1.62019
0 5 2 4 8 11 13 1.62019
0 5 2 4 8 11 14 1.85164
0 5 2 4 8 12 13 1.81265
0 5 2 4 8 12 14 2
0 5 2 4 8 13 14 2
0 5 2 4 9 10 11 2.07802
0 5 2 4 9 10 12 1.93309
0 5 2 4 9 10 13 1.93309
0 5 2 4 9 10 14 2.12132
0 5 2 4 9 11 12 2
0 5 2 4 9 11 13 2
0 5 2 4 9 11 14 2.13809
0 5 2 4 9 12 13 2
0 5 2 4 9 12 14 2
0 5 2 4 9 13 14 2
0 5 2 4 10 11 12 1.85164
0 5 2 4 10 11 13 1.85164
0 5 2 4 10 11 14 2.07802
0 5 2 4 10 12 13 2
0 5 2 4 10 12 14 1.96214
0 5 2 4 10 13 14 1.96214
0 5 2 4 11 12 13 1.81265
0 5 2 4 11 12 14 1.93309
0 5 2 4 11 13 14 1.93309
0 5 2 4 12 13 14 2
0 5 2 6 7 8 9 1.41421
0 5 2 6 7 8 10 1.41421
0 5 2 6 7 8 11 1.41421
0 5 2 6 7 8 12 1.41421
0 5 2 6 7 8 13 1.41421
0 5 2 6 7 8 14 1.41421
0 5 2 6 7 9 10 1.73205
0 5 2 6 7 9 11 2
0 5 2 6 7 9 12 1.90693
0 5 2 6 7 9 13 1.90693
0 5 2 6 7 9 14 1.90693
0 5 2 6 7 10 11 1.73205
0 5 2 6 7 10 12 1.41421
0 5 2 6 7 10 13 1.41421
0 5 2 6 7 10 14 1.73205
0 5 2 6 7 11 12 1.90693
0 5 2 6 7 11 13 1.90693
0 5 2 6 7 11 14 1.90693
0 5 2 6 7 12 13 1.85164
0 5 2 6 7 12 14 1.73205
0 5 2 6 7 13 14 1.73205
0 5 2 6 8 9 10 1.90693
0 5 2 6 8 9 11 1.85164
0 5 2 6 8 9 12 1.73205
0 5 2 6 8 9 13 1.73205
0 5 2 6 8 9 14 1.90693
0 5 2 6 8 10 11 1.85164
0 5 2 6 8 10 12 1.73205
0 5 2 6 8 10 13 1.73205
0 5 2 6 8 10 14 1.90693
0 5 2 6 8 11 12 1.62019
0 5 2 6 8 11 13 1.62019
0 5 2 6 8 11 14 1.85164
0 5 2 6 8 12 13 1.62019
0 5 2 6 8 12 14 1.73205
0 5 2 6 8 13 14 1.73205
0 5 2 6 9 10 11 2.07802
0 5 2 6 9 10 12 1.90693
0 5 2 6 9 10 13 1.90693
0 5 2 6 9 10 14 2.10357
0 5 2 6 9 11 12 2.04939
0 5 2 6 9 11 13 2.04939
0 5 2 6 9 11 14 2.16556
0 5 2 6 9 12 13 1.96214
0 5 2 6 9 12 14 2.01187
0 5 2 6 9 13 14 2.01187
0 5 2 6 10 11 12 1.85164
0 5 2 6 10 11 13 1.85164
0 5 2 6 10 11 14 2.07802
0 5 2 6 10 12 13 1.73205
0 5 2 6 10 12 14 1.90693
0 5 2 6 10 13 14 1.90693
0 5 2 6 11 12 13 1.93309
0 5 2 6 11 12 14 2
0 5 2 6 11 13 14 2
0 5 2 6 12 13 14 2
0 5 2 7 8 9 10 1.41421
0 5 2 7 8 9 11 1.41421
0 5 2 7 8 9 12 1.41421
0 5 2 7 8 9 13 1.41421
0 5 2 7 8 9 14 1.41421
0 5 2 7 8 10 11 1.41421
0 5 2 7 8 10 12 1.62019
0 5 2 7 8 10 13 1.62019
0 5 2 7 8 10 14 1.62019
0 5 2 7 8 11 12 1.41421
0 5 2 7 8 11 13 1.41421
0 5 2 7 8 11 14 1.41421
0 5 2 7 8 12 13 1.62019
0 5 2 7 8 12 14 1.62019
0 5 2 7 8 13 14 1.62019
0 5 2 7 9 10 11 1.73205
0 5 2 7 9 10 12 1.41421
0 5 2 7 9 10 13 1.41421
0 5 2 7 9 10 14 1.73205
0 5 2 7 9 11 12 1.90693
0 5 2 7 9 11 13 1.90693
0 5 2 7 9 11 14 1.90693
0 5 2 7 9 12 13 1.85164
0 5 2 7 9 12 14 1.73205
0 5 2 7 9 13 14 1.73205
0 5 2 7 10 11 12 1.41421
0 5 2 7 10 11 13 1.41421
0 5 2 7 10 11 14 1.73205
0 5 2 7 10 12 13 1.62019
0 5 2 7 10 12 14 1.62019
0 5 2 7 10 13 14 1.62019
0 5 2 7 11 12 13 1.85164
0 5 2 7 11 12 14 1.73205
0 5 2 7 11 13 14 1.73205
0 5 2 7 12 13 14 1.62019
0 5 2 8 9 10 11 1.85164
0 5 2 8 9 10 12 1.81265
0 5 2 8 9 10 13 1.81265
0 5 2 8 9 10 14 1.93309
0 5 2 8 9 11 12 1.62019
0 5 2 8 9 11 13 1.62019
0 5 2 8 9 11 14 1.85164
0 5 2 8 9 12 13 1.73205
0 5 2 8 9 12 14 1.81265
0 5 2 8 9 13 14 1.81265
0 5 2 8 10 11 12 1.62019
0 5 2 8 10 11 13 1.62019
0 5 2 8 10 11 14 1.85164
0 5 2 8 10 12 13 1.81265
0 5 2 8 10 12 14 2
0 5 2 8 10 13 14 2
0 5 2 8 11 12 13 1.41421
0 5 2 8 11 12 14 1.62019
0 5 2 8 11 13 14 1.62019
0 5 2 8 12 13 14 1.81265
0 5 2 9 10 11 12 1.85164
0 5 2 9 10 11 13 1.85164
0 5 2 9 10 11 14 2.07802
0 5 2 9 10 12 13 1.81265
0 5 2 9 10 12 14 1.93309
0 5 2 9 10 13 14 1.93309
0 5 2 9 11 12 13 1.93309
0 5 2 9 11 12 14 2
0 5 2 9 11 13 14 2
0 5 2 9 12 13 14 2
0 5 2 10 11 12 13 1.62019
0 5 2 10 11 12 14 1.85164
0 5 2 10 11 13 14 1.85164
0 5 2 10 12 13 14 2
0 5 2 11 12 13 14 1.81265
0 5 3 4 6 7 8 1.73205
0 5 3 4 6 7 9 2.10357
0 5 3 4 6 7 10 2
0 5 3 4 6 7 11 2.10357
0 5 3 4 6 7 12 1.90693
0 5 3 4 6 7 13 1.90693
0 5 3 4 6 7 14 2.07802
0 5 3 4 6 8 9 2
0 5 3 4 6 8 10 2
0 5 3 4 6 8 11 2
0 5 3 4 6 8 12 1.73205
0 5 3 4 6 8 13 1.73205
0 5 3 4 6 8 14 2
0 5 3 4 6 9 10 2.23607
0 5 3 4 6 9 11 2.29907
0 5 3 4 6 9 12 2.10357
0 5 3 4 6 9 13 2.10357
0 5 3 4 6 9 14 2.29129
0 5 3 4 6 10 11 2.23607
0 5 3 4 6 10 12 2
0 5 3 4 6 10 13 2
0 5 3 4 6 10 14 2.23607
0 5 3 4 6 11 12 2.10357
0 5 3 4 6 11 13 2.10357
0 5 3 4 6 11 14 2.29129
0 5 3 4 6 12 13 1.90693
0 5 3 4 6 12 14 2.07802
0 5 3 4 6 13 14 2.07802
0 5 3 4 7 8 9 1.73205
0 5 3 4 7 8 10 1.73205
0 5 3 4 7 8 11 1.73205
0 5 3 4 7 8 12 1.41421
0 5 3 4 7 8 13 1.41421
0 5 3 4 7 8 14 1.73205
0 5 3 4 7 9 10 2
0 5 3 4 7 9 11 2.10357
0 5 3 4 7 9 12 1.90693
0 5 3 4 7 9 13 1.90693
0 5 3 4 7 9 14 2.07802
0 5 3 4 7 10 11 2
0 5 3 4 7 10 12 1.73205
0 5 3 4 7 10 13 1.73205
0 5 3 4 7 10 14 2
0 5 3 4 7 11 12 1.90693
0 5 3 4 7 11 13 1.90693
0 5 3 4 7 11 14 2.07802
0 5 3 4 7 12 13 1.73205
0 5 3 4 7 12 14 1.85164
0 5 3 4 7 13 14 1.85164
0 5 3 4 8 9 10 2
0 5 3 4 8 9 11 2
0 5 3 4 8 9 12 1.73205
0 5 3 4 8 9 13 1.73205
0 5 3 4 8 9 14 2
0 5 3 4 8 10 11 2
0 5 3 4 8 10 12 1.73205
0 5 3 4 8 10 13 1.73205
0 5 3 4 8 10 14 2
0 5 3 4 8 11 12 1.73205
0 5 3 4 8 11 13 1.73205
0 5 3 4 8 11 14 2
0 5 3 4 8 12 13 1.41421
0 5 3 4 8 12 14 1.73205
0 5 3 4 8 13 14 1.73205
0 5 3 4 9 10 11 2.23607
0 5 3 4 9 10 12 2
0 5 3 4 9 10 13 2
0 5 3 4 9 10 14 2.23607
0 5 3 4 9 11 12 2.10357
0 5 3 4 9 11 13 2.10357
0 5 3 4 9 11 14 2.29129
0 5 3 4 9 12 13 1.90693
0 5 3 4 9 12 14 2.07802
0 5 3 4 9 13 14 2.07802
0 5 3 4 10 11 12 2
0 5 3 4 10 11 13 2
0 5 3 4 10 11 14 2.23607
0 5 3 4 10 12 13 1.73205
0 5 3 4 10 12 14 2
0 5 3 4 10 13 14 2
0 5 3 4 11 12 13 1.90693
0 5 3 4 11 12 14 2.07802
0 5 3 4 11 13 14 2.07802
0 5 3 4 12 13 14 1.85164
0 5 3 6 7 8 9 1.73205
0 5 3 6 7 8 10 1.73205
0 5 3 6 7 8 11 1.73205
0 5 3 6 7 8 12 1.41421
0 5 3 6 7 8 13 1.41421
0 5 3 6 7 8 14 1.73205
0 5 3 6 7 9 10 2
0 5 3 6 7 9 11 2.15297
0 5 3 6 7 9 12 2
0 5 3 6 7 9 13 2
0 5 3 6 7 9 14 2.10357
0 5 3 6 7 10 11 2
0 5 3 6 7 10 12 1.73205
0 5 3 6 7 10 13 1.73205
0 5 3 6 7 10 14 2
0 5 3 6 7 11 12 2
0 5 3 6 7 11 13 2
0 5 3 6 7 11 14 2.10357
0 5 3 6 7 12 13 1.90693
0 5 3 6 7 12 14 1.90693
0 5 3 6 7 13 14 1.90693
0 5 3 6 8 9 10 2
0 5 3 6 8 9 11 2
0 5 3 6 8 9 12 1.73205
0 5 3 6 8 9 13 1.73205
0 5 3 6 8 9 14 2
0 5 3 6 8 10 11 2
0 5 3 6 8 10 12 1.73205
0 5 3 6 8 10 13 1.73205
0 5 3 6 8 10 14 2
0 5 3 6 8 11 12 1.73205
0 5 3 6 8 11 13 1.73205
0 5 3 6 8 11 14 2
0 5 3 6 8 12 13 1.41421
0 5 3 6 8 12 14 1.73205
0 5 3 6 8 13 14 1.73205
0 5 3 6 9 10 11 2.23607
0 5 3 6 9 10 12 2
0 5 3 6 9 10 13 2
0 5 3 6 9 10 14 2.23607
0 5 3 6 9 11 12 2.15297
0 5 3 6 9 11 13 2.15297
0 5 3 6 9 11 14 2.29907
0 5 3 6 9 12 13 2
0 5 3 6 9 12 14 2.10357
0 5 3 6 9 13 14 2.10357
0 5 3 6 10 11 12 2
0 5 3 6 10 11 13 2
0 5 3 6 10 11 14 2.23607
0 5 3 6 10 12 13 1.73205
0 5 3 6 10 12 14 2
0 5 3 6 10 13 14 2
0 5 3 6 11 12 13 2
0 5 3 6 11 12 14 2.10357
0 5 3 6 11 13 14 2.10357
0 5 3 6 12 13 14 1.90693
0 5 3 7 8 9 10 1.73205
0 5 3 7 8 9 11 1.73205
0 5 3 7 8 9 12 1.41421
0 5 3 7 8 9 13 1.41421
0 5 3 7 8 9 14 1.73205
0 5 3 7 8 10 11 1.73205
0 5 3 7 8 10 12 1.41421
0 5 3 7 8 10 13 1.41421
0 5 3 7 8 10 14 1.73205
0 5 3 7 8 11 12 1.41421
0 5 3 7 8 11 13 1.41421
0 5 3 7 8 11 14 1.73205
0 5 3 7 8 12 13 1.41421
0 5 3 7 8 12 14 1.41421
0 5 3 7 8 13 14 1.41421
0 5 3 7 9 10 11 2
0 5 3 7 9 10 12 1.73205
0 5 3 7 9 10 13 1.73205
0 5 3 7 9 10 14 2
0 5 3 7 9 11 12 2
0 5 3 7 9 11 13 2
0 5 3 7 9 11 14 2.10357
0 5 3 7 9 12 13 1.90693
0 5 3 7 9 12 14 1.90693
0 5 3 7 9 13 14 1.90693
0 5 3 7 10 11 12 1.73205
0 5 3 7 10 11 13 1.73205
0 5 3 7 10 11 14 2
0 5 3 7 10 12 13 1.41421
0 5 3 7 10 12 14 1.73205
0 5 3 7 10 13 14 1.73205
0 5 3 7 11 12 13 1.90693
0 5 3 7 11 12 14 1.90693
0 5 3 7 11 13 14 1.90693
0 5 3 7 12 13 14 1.73205
0 5 3 8 9 10 11 2
0 5 3 8 9 10 12 1.73205
0 5 3 8 9 10 13 1.73205
0 5 3 8 9 10 14 2
0 5 3 8 9 11 12 1.73205
0 5 3 8 9 11 13 1.73205
0 5 3 8 9 11 14 2
0 5 3 8 9 12 13 1.41421
0 5 3 8 9 12 14 1.73205
0 5 3 8 9 13 14 1.73205
0 5 3 8 10 11 12 1.73205
0 5 3 8 10 11 13 1.73205
0 5 3 8 10 11 14 2
0 5 3 8 10 12 13 1.41421
0 5 3 8 10 12 14 1.73205
0 5 3 8 10 13 14 1.73205
0 5 3 8 11 12 13 1.41421
0 5 3 8 11 12 14 1.73205
0 5 3 8 11 13 14 1.73205
0 5 3 8 12 13 14 1.41421
0 5 3 9 10 11 12 2
0 5 3 9 10 11 13 2
0 5 3 9 10 11 14 2.23607
0 5 3 9 10 12 13 1.73205
0 5 3 9 10 12 14 2
0 5 3 9 10 13 14 2
0 5 3 9 11 12 13 2
0 5 3 9 11 12 14 2.10357
0 5 3 9 11 13 14 2.10357
0 5 3 9 12 13 14 1.90693
0 5 3 10 11 12 13 1.73205
0 5 3 10 11 12 14 2
0 5 3 10 11 13 14 2
0 5 3 10 12 13 14 1.73205
0 5 3 11 12 13 14 1.90693
0 5 4 6 7 8 9 1.90693
0 5 4 6 7 8 10 1.90693
0 5 4 6 7 8 11 1.85164
0 5 4 6 7 8 12 1.73205
0 5 4 6 7 8 13 1.73205
0 5 4 6 7 8 14 1.90693
0 5 4 6 7 9 10 2.10357
0 5 4 6 7 9 11 2.16556
0 5 4 6 7 9 12 2.01187
0 5 4 6 7 9 13 2.01187
0 5 4 6 7 9 14 2.16556
0 5 4 6 7 10 11 2.07802
0 5 4 6 7 10 12 1.90693
0 5 4 6 7 10 13 1.90693
0 5 4 6 7 10 14 2.10357
0 5 4 6 7 11 12 2
0 5 4 6 7 11 13 2
0 5 4 6 7 11 14 2.13809
0 5 4 6 7 12 13 2
0 5 4 6 7 12 14 2
0 5 4 6 7 13 14 2
0 5 4 6 8 9 10 2.35488
0 5 4 6 8 9 11 2.28709
0 5 4 6 8 9 12 2.23607
0 5 4 6 8 9 13 2.23607
0 5 4 6 8 9 14 2.35488
0 5 4 6 8 10 11 2.28709
0 5 4 6 8 10 12 2.23607
0 5 4 6 8 10 13 2.23607
0 5 4 6 8 10 14 2.35488
0 5 4 6 8 11 12 2.13664
0 5 4 6 8 11 13 2.13664
0 5 4 6 8 11 14 2.28709
0 5 4 6 8 12 13 2.13664
0 5 4 6 8 12 14 2.23607
0 5 4 6 8 13 14 2.23607
0 5 4 6 9 10 11 2.44831
0 5 4 6 9 10 12 2.35488
0 5 4 6 9 10 13 2.35488
0 5 4 6 9 10 14 2.49516
0 5 4 6 9 11 12 2.33699
0 5 4 6 9 11 13 2.33699
0 5 4 6 9 11 14 2.48193
0 5 4 6 9 12 13 2.28446
0 5 4 6 9 12 14 2.39046
0 5 4 6 9 13 14 2.39046
0 5 4 6 10 11 12 2.28709
0 5 4 6 10 11 13 2.28709
0 5 4 6 10 11 14 2.44831
0 5 4 6 10 12 13 2.23607
0 5 4 6 10 12 14 2.35488
0 5 4 6 10 13 14 2.35488
0 5 4 6 11 12 13 2.19089
0 5 4 6 11 12 14 2.32266
0 5 4 6 11 13 14 2.32266
0 5 4 6 12 13 14 2.26385
0 5 4 7 8 9 10 1.93309
0 5 4 7 8 9 11 1.85164
0 5 4 7 8 9 12 1.81265
0 5 4 7 8 9 13 1.81265
0 5 4 7 8 9 14 1.93309
0 5 4 7 8 10 11 1.85164
0 5 4 7 8 10 12 2
0 5 4 7 8 10 13 2
0 5 4 7 8 10 14 1.96214
0 5 4 7 8 11 12 1.62019
0 5 4 7 8 11 13 1.62019
0 5 4 7 8 11 14 1.85164
0 5 4 7 8 12 13 1.81265
0 5 4 7 8 12 14 2
0 5 4 7 8 13 14 2
0 5 4 7 9 10 11 2.07802
0 5 4 7 9 10 12 1.93309
0 5 4 7 9 10 13 1.93309
0 5 4 7 9 10 14 2.12132
0 5 4 7 9 11 12 2
0 5 4 7 9 11 13 2
0 5 4 7 9 11 14 2.13809
0 5 4 7 9 12 13 2
0 5 4 7 9 12 14 2
0 5 4 7 9 13 14 2
0 5 4 7 10 11 12 1.85164
0 5 4 7 10 11 13 1.85164
0 5 4 7 10 11 14 2.07802
0 5 4 7 10 12 13 2
0 5 4 7 10 12 14 1.96214
0 5 4 7 10 13 14 1.96214
0 5 4 7 11 12 13 1.81265
0 5 4 7 11 12 14 1.93309
0 5 4 7 11 13 14 1.93309
0 5 4 7 12 13 14 2
0 5 4 8 9 10 11 2.28709
0 5 4 8 9 10 12 2.26385
0 5 4 8 9 10 13 2.26385
0 5 4 8 9 10 14 2.37697
0 5 4 8 9 11 12 2.13664
0 5 4 8 9 11 13 2.13664
0 5 4 8 9 11 14 2.28709
0 5 4 8 9 12 13 2.16025
0 5 4 8 9 12 14 2.26385
0 5 4 8 9 13 14 2.26385
0 5 4 8 10 11 12 2.13664
0 5 4 8 10 11 13 2.13664
0 5 4 8 10 11 14 2.28709
0 5 4 8 10 12 13 2.19089
0 5 4 8 10 12 14 2.28446
0 5 4 8 10 13 14 2.28446
0 5 4 8 11 12 13 2
0 5 4 8 11 12 14 2.13664
0 5 4 8 11 13 14 2.13664
0 5 4 8 12 13 14 2.19089
0 5 4 9 10 11 12 2.28709
0 5 4 9 10 11 13 2.28709
0 5 4 9 10 11 14 2.44831
0 5 4 9 10 12 13 2.26385
0 5 4 9 10 12 14 2.37697
0 5 4 9 10 13 14 2.37697
0 5 4 9 11 12 13 2.19089
0 5 4 9 11 12 14 2.32266
0 5 4 9 11 13 14 2.32266
0 5 4 9 12 13 14 2.3094
0 5 4 10 11 12 13 2.13664
0 5 4 10 11 12 14 2.28709
0 5 4 10 11 13 14 2.28709
0 5 4 10 12 13 14 2.28446
0 5 4 11 12 13 14 2.16025
0 5 6 7 8 9 10 1.90693
0 5 6 7 8 9 11 1.85164
0 5 6 7 8 9 12 1.73205
0 5 6 7 8 9 13 1.73205
0 5 6 7 8 9 14 1.90693
0 5 6 7 8 10 11 1.85164
0 5 6 7 8 10 12 1.73205
0 5 6 7 8 10 13 1.73205
0 5 6 7 8 10 14 1.90693
0 5 6 7 8 11 12 1.62019
0 5 6 7 8 11 13 1.62019
0 5 6 7 8 11 14 1.85164
0 5 6 7 8 12 13 1.62019
0 5 6 7 8 12 14 1.73205
0 5 6 7 8 13 14 1.73205
0 5 6 7 9 10 11 2.07802
0 5 6 7 9 10 12 1.90693
0 5 6 7 9 10 13 1.90693
0 5 6 7 9 10 14 2.10357
0 5 6 7 9 11 12 2.04939
0 5 6 7 9 11 13 2.04939
0 5 6 7 9 11 14 2.16556
0 5 6 7 9 12 13 1.96214
0 5 6 7 9 12 14 2.01187
0 5 6 7 9 13 14 2.01187
0 5 6 7 10 11 12 1.85164
0 5 6 7 10 11 13 1.85164
0 5 6 7 10 11 14 2.07802
0 5 6 7 10 12 13 1.73205
0 5 6 7 10 12 14 1.90693
0 5 6 7 10 13 14 1.90693
0 5 6 7 11 12 13 1.93309
0 5 6 7 11 12 14 2
0 5 6 7 11 13 14 2
0 5 6 7 12 13 14 2
0 5 6 8 9 10 11 2.28709
0 5 6 8 9 10 12 2.23607
0 5 6 8 9 10 13 2.23607
0 5 6 8 9 10 14 2.35488
0 5 6 8 9 11 12 2.13664
0 5 6 8 9 11 13 2.13664
0 5 6 8 9 11 14 2.28709
0 5 6 8 9 12 13 2.13664
0 5 6 8 9 12 14 2.23607
0 5 6 8 9 13 14 2.23607
0 5 6 8 10 11 12 2.13664
0 5 6 8 10 11 13 2.13664
0 5 6 8 10 11 14 2.28709
0 5 6 8 10 12 13 2.13664
0 5 6 8 10 12 14 2.23607
0 5 6 8 10 13 14 2.23607
0 5 6 8 11 12 13 2
0 5 6 8 11 12 14 2.13664
0 5 6 8 11 13 14 2.13664
0 5 6 8 12 13 14 2.13664
0 5 6 9 10 11 12 2.28709
0 5 6 9 10 11 13 2.28709
0 5 6 9 10 11 14 2.44831
0 5 6 9 10 12 13 2.23607
0 5 6 9 10 12 14 2.35488
0 5 6 9 10 13 14 2.35488
0 5 6 9 11 12 13 2.23607
0 5 6 9 11 12 14 2.33699
0 5 6 9 11 13 14 2.33699
0 5 6 9 12 13 14 2.28446
0 5 6 10 11 12 13 2.13664
0 5 6 10 11 12 14 2.28709
0 5 6 10 11 13 14 2.28709
0 5 6 10 12 13 14 2.23607
0 5 6 11 12 13 14 2.19089
0 5 7 8 9 10 11 1.85164
0 5 7 8 9 10 12 1.81265
0 5 7 8 9 10 13 1.81265
0 5 7 8 9 10 14 1.93309
0 5 7 8 9 11 12 1.62019
0 5 7 8 9 11 13 1.62019
0 5 7 8 9 11 14 1.85164
0 5 7 8 9 12 13 1.73205
0 5 7 8 9 12 14 1.81265
0 5 7 8 9 13 14 1.81265
0 5 7 8 10 11 12 1.62019
0 5 7 8 10 11 13 1.62019
0 5 7 8 10 11 14 1.85164
0 5 7 8 10 12 13 1.81265
0 5 7 8 10 12 14 2
0 5 7 8 10 13 14 2
0 5 7 8 11 12 13 1.41421
0 5 7 8 11 12 14 1.62019
0 5 7 8 11 13 14 1.62019
0 5 7 8 12 13 14 1.81265
0 5 7 9 10 11 12 1.85164
0 5 7 9 10 11 13 1.85164
0 5 7 9 10 11 14 2.07802
0 5 7 9 10 12 13 1.81265
0 5 7 9 10 12 14 1.93309
0 5 7 9 10 13 14 1.93309
0 5 7 9 11 12 13 1.93309
0 5 7 9 11 12 14 2
0 5 7 9 11 13 14 2
0 5 7 9 12 13 14 2
0 5 7 10 11 12 13 1.62019
0 5 7 10 11 12 14 1.85164
0 5 7 10 11 13 14 1.85164
0 5 7 10 12 13 14 2
0 5 7 11 12 13 14 1.81265
0 5 8 9 10 11 12 2.13664
0 5 8 9 10 11 13 2.13664
0 5 8 9 10 11 14 2.28709
0 5 8 9 10 12 13 2.16025
0 5 8 9 10 12 14 2.26385
0 5 8 9 10 13 14 2.26385
0 5 8 9 11 12 13 2
0 5 8 9 11 12 14 2.13664
0 5 8 9 11 13 14 2.13664
0 5 8 9 12 13 14 2.16025
0 5 8 10 11 12 13 2
0 5 8 10 11 12 14 2.13664
0 5 8 10 11 13 14 2.13664
0 5 8 10 12 13 14 2.19089
0 5 8 11 12 13 14 2
0 5 9 10 11 12 13 2.13664
0 5 9 10 11 12 14 2.28709
0 5 9 10 11 13 14 2.28709
0 5 9 10 12 13 14 2.26385
0 5 9 11 12 13 14 2.19089
0 5 10 11 12 13 14 2.13664
