0.574576 8 1 10 0 2 3 4 6 7 
0.861864 8 1 10 0 2 3 4 6 7 
1.14915 6 1 3 2 4 6 8 
1.14915 6 1 4 2 3 6 8 
1.14915 6 1 10 2 3 4 6 
1.14915 6 1 11 2 3 4 8 
1.43644 5 1 4 2 5 6 
1.43644 5 1 10 2 4 11 
1.72373 5 1 2 3 5 8 
1.72373 5 1 3 2 7 8 
1.72373 5 1 4 2 5 9 
1.72373 5 1 5 2 4 6 
1.72373 5 1 7 3 5 8 
1.72373 5 1 8 2 3 10 
1.72373 5 1 10 2 4 6 
1.72373 5 1 14 2 3 8 
2.01102 2 1 2 
2.01102 2 1 3 
2.01102 2 1 5 
2.01102 2 1 7 
2.2983 2 1 2 
2.2983 2 1 3 
2.2983 2 1 4 
2.2983 2 1 5 
2.2983 2 1 7 
2.2983 2 1 10 
2.2983 2 1 11 
2.2983 2 2 7 
2.2983 2 2 8 
2.2983 2 2 10 
2.2983 2 2 13 
2.2983 2 7 8 
2.2983 2 7 10 
2.2983 2 7 13 
2.58559 2 0 1 
2.58559 2 0 2 
2.58559 2 0 5 
2.58559 2 0 7 
2.58559 2 1 2 
2.58559 2 1 3 
2.58559 2 1 4 
2.58559 2 1 5 
2.58559 2 1 6 
2.58559 2 1 7 
2.58559 2 1 8 
2.58559 2 1 9 
2.58559 2 1 10 
2.58559 2 1 11 
2.58559 2 1 12 
2.58559 2 1 13 
2.58559 2 1 14 
2.58559 2 2 3 
2.58559 2 2 4 
2.58559 2 2 5 
2.58559 2 2 6 
2.58559 2 2 7 
2.58559 2 2 8 
2.58559 2 2 9 
2.58559 2 2 10 
2.58559 2 2 11 
2.58559 2 2 12 
2.58559 2 2 13 
2.58559 2 2 14 
2.58559 2 3 4 
2.58559 2 3 5 
2.58559 2 3 7 
2.58559 2 3 8 
2.58559 2 3 10 
2.58559 2 3 12 
2.58559 2 3 13 
2.58559 2 4 5 
2.58559 2 4 7 
2.58559 2 5 6 
2.58559 2 5 7 
2.58559 2 5 8 
2.58559 2 5 10 
2.58559 2 5 11 
2.58559 2 5 12 
2.58559 2 5 13 
2.58559 2 5 14 
2.58559 2 6 7 
2.58559 2 7 8 
2.58559 2 7 9 
2.58559 2 7 10 
2.58559 2 7 11 
2.58559 2 7 12 
2.58559 2 7 13 
2.58559 2 7 14 
