0.574576 6 0 1 3 5 6 10 
0.574576 7 0 2 1 3 5 6 10 
0.574576 6 0 3 1 5 6 10 
0.574576 7 0 4 1 3 5 6 10 
0.574576 6 0 5 1 3 6 10 
0.574576 6 0 6 1 3 5 10 
0.574576 7 0 7 1 3 5 6 10 
0.574576 7 0 8 1 3 5 6 10 
0.574576 7 0 9 1 3 5 6 10 
0.574576 6 0 10 1 3 5 6 
0.574576 7 0 11 1 3 5 6 10 
0.574576 7 0 12 1 3 5 6 10 
0.574576 7 0 13 1 3 5 6 10 
0.574576 7 0 14 1 3 5 6 10 
0.574576 7 1 2 0 3 5 6 10 
0.574576 6 1 3 0 5 6 10 
0.574576 7 1 4 0 3 5 6 10 
0.574576 6 1 5 0 3 6 10 
0.574576 6 1 6 0 3 5 10 
0.574576 7 1 7 0 3 5 6 10 
0.574576 7 1 8 0 3 5 6 10 
0.574576 7 1 9 0 3 5 6 10 
0.574576 6 1 10 0 3 5 6 
0.574576 7 1 11 0 3 5 6 10 
0.574576 7 1 12 0 3 5 6 10 
0.574576 6 1 13 3 5 6 10 
0.574576 7 1 14 0 3 5 6 10 
0.574576 7 2 3 0 1 5 6 10 
0.574576 8 2 4 0 1 3 5 6 10 
0.574576 7 2 5 0 1 3 6 10 
0.574576 7 2 6 0 1 3 5 10 
0.574576 8 2 7 0 1 3 4 6 10 
0.574576 8 2 8 0 1 3 5 6 10 
0.574576 8 2 9 0 1 3 5 6 10 
0.574576 7 2 10 0 1 3 5 6 
0.574576 8 2 11 0 1 3 5 6 10 
0.574576 8 2 12 0 1 3 5 6 10 
0.574576 7 2 13 1 3 5 6 10 
0.574576 8 2 14 0 1 3 5 6 10 
0.574576 7 3 4 0 1 5 6 10 
0.574576 6 3 5 0 1 6 10 
0.574576 6 3 6 0 1 5 10 
0.574576 7 3 7 0 1 5 6 10 
0.574576 7 3 8 0 1 5 6 10 
0.574576 7 3 9 0 1 5 6 10 
0.574576 6 3 10 0 1 5 6 
0.574576 7 3 11 0 1 5 6 10 
0.574576 7 3 12 0 1 5 6 10 
0.574576 6 3 13 1 5 6 10 
0.574576 7 3 14 0 1 5 6 10 
0.574576 7 4 5 0 1 3 6 10 
0.574576 7 4 6 0 1 3 5 10 
0.574576 8 4 7 0 1 2 3 6 10 
0.574576 8 4 8 0 1 3 5 6 10 
0.574576 8 4 9 0 1 2 7 10 11 
0.574576 7 4 10 0 1 3 5 6 
0.574576 8 4 11 0 1 2 6 7 10 
0.574576 8 4 12 0 1 3 5 6 10 
0.574576 7 4 13 1 3 5 6 10 
0.574576 8 4 14 0 1 3 5 6 8 
0.574576 6 5 6 0 1 3 10 
0.574576 7 5 7 0 1 3 6 10 
0.574576 7 5 8 0 1 3 6 10 
0.574576 7 5 9 0 1 3 6 10 
0.574576 6 5 10 0 1 3 6 
0.574576 7 5 11 0 1 3 6 10 
0.574576 7 5 12 0 1 3 6 10 
0.574576 6 5 13 1 3 6 10 
0.574576 7 5 14 0 1 3 6 10 
0.574576 7 6 7 0 1 3 5 10 
0.574576 7 6 8 0 1 3 5 10 
0.574576 7 6 9 0 1 3 5 10 
0.574576 6 6 10 0 1 3 5 
0.574576 7 6 11 0 1 3 5 10 
0.574576 7 6 12 0 1 3 5 10 
0.574576 6 6 13 1 3 5 10 
0.574576 7 6 14 0 1 3 5 10 
0.574576 8 7 8 0 1 3 5 6 10 
0.574576 8 7 9 0 1 2 4 10 11 
0.574576 7 7 10 0 1 3 5 6 
0.574576 8 7 11 0 1 2 4 6 10 
0.574576 8 7 12 0 1 3 5 6 10 
0.574576 7 7 13 1 3 5 6 10 
0.574576 8 7 14 0 1 3 5 6 10 
0.574576 8 8 9 0 1 3 5 6 10 
0.574576 7 8 10 0 1 3 5 6 
0.574576 8 8 11 0 1 3 5 6 10 
0.574576 8 8 12 0 1 3 5 6 10 
0.574576 7 8 13 1 3 5 6 10 
0.574576 8 8 14 0 1 3 4 5 6 
0.574576 7 9 10 0 1 3 5 6 
0.574576 7 9 11 0 1 3 5 10 
0.574576 8 9 12 0 1 3 5 6 10 
0.574576 7 9 13 1 3 5 6 10 
0.574576 8 9 14 0 1 3 5 6 10 
0.574576 7 10 11 0 1 3 5 6 
0.574576 7 10 12 0 1 3 5 6 
0.574576 6 10 13 1 3 5 6 
0.574576 7 10 14 0 1 3 5 6 
0.574576 8 11 12 0 1 3 5 6 10 
0.574576 7 11 13 1 3 5 6 10 
0.574576 8 11 14 0 1 3 5 6 10 
0.574576 7 12 13 1 3 5 6 10 
0.574576 8 12 14 0 1 3 5 6 10 
0.574576 7 13 14 1 3 5 6 10 
0.861864 6 0 1 3 5 6 10 
0.861864 7 0 2 1 3 5 6 10 
0.861864 6 0 3 1 5 6 10 
0.861864 7 0 4 1 3 5 6 10 
0.861864 6 0 5 1 3 6 10 
0.861864 6 0 6 1 3 5 10 
0.861864 7 0 7 1 3 5 6 10 
0.861864 7 0 8 1 3 5 6 10 
0.861864 7 0 9 1 3 5 6 10 
0.861864 6 0 10 1 3 5 6 
0.861864 7 0 11 1 3 5 6 10 
0.861864 7 0 12 1 3 5 6 10 
0.861864 7 0 13 1 3 5 6 10 
0.861864 7 0 14 1 3 5 6 10 
0.861864 7 1 2 0 3 5 6 10 
0.861864 6 1 3 0 5 6 10 
0.861864 7 1 4 0 3 5 6 10 
0.861864 6 1 5 0 3 6 10 
0.861864 6 1 6 0 3 5 10 
0.861864 7 1 7 0 3 5 6 10 
0.861864 7 1 8 0 3 5 6 10 
0.861864 7 1 9 0 3 5 6 10 
0.861864 6 1 10 0 3 5 6 
0.861864 7 1 11 0 3 5 6 10 
0.861864 7 1 12 0 3 5 6 10 
0.861864 6 1 13 3 5 6 10 
0.861864 7 1 14 0 3 5 6 10 
0.861864 7 2 3 0 1 5 6 10 
0.861864 8 2 4 0 1 3 5 6 10 
0.861864 7 2 5 0 1 3 6 10 
0.861864 7 2 6 0 1 3 5 10 
0.861864 8 2 7 0 1 3 4 6 10 
0.861864 8 2 8 0 1 3 5 6 10 
0.861864 8 2 9 0 1 3 5 6 10 
0.861864 7 2 10 0 1 3 5 6 
0.861864 8 2 11 0 1 3 5 6 10 
0.861864 8 2 12 0 1 3 5 6 10 
0.861864 7 2 13 1 3 5 6 10 
0.861864 8 2 14 0 1 3 5 6 10 
0.861864 7 3 4 0 1 5 6 10 
0.861864 6 3 5 0 1 6 10 
0.861864 6 3 6 0 1 5 10 
0.861864 7 3 7 0 1 5 6 10 
0.861864 7 3 8 0 1 5 6 10 
0.861864 7 3 9 0 1 5 6 10 
0.861864 6 3 10 0 1 5 6 
0.861864 7 3 11 0 1 5 6 10 
0.861864 7 3 12 0 1 5 6 10 
0.861864 6 3 13 1 5 6 10 
0.861864 7 3 14 0 1 5 6 10 
0.861864 7 4 5 0 1 3 6 10 
0.861864 7 4 6 0 1 3 5 10 
0.861864 8 4 7 0 1 2 3 6 10 
0.861864 8 4 8 0 1 3 5 6 10 
0.861864 8 4 9 0 1 2 7 10 11 
0.861864 7 4 10 0 1 3 5 6 
0.861864 8 4 11 0 1 2 6 7 10 
0.861864 8 4 12 0 1 3 5 6 10 
0.861864 7 4 13 1 3 5 6 10 
0.861864 8 4 14 0 1 3 5 6 8 
0.861864 6 5 6 0 1 3 10 
0.861864 7 5 7 0 1 3 6 10 
0.861864 7 5 8 0 1 3 6 10 
0.861864 7 5 9 0 1 3 6 10 
0.861864 6 5 10 0 1 3 6 
0.861864 7 5 11 0 1 3 6 10 
0.861864 7 5 12 0 1 3 6 10 
0.861864 6 5 13 1 3 6 10 
0.861864 7 5 14 0 1 3 6 10 
0.861864 7 6 7 0 1 3 5 10 
0.861864 7 6 8 0 1 3 5 10 
0.861864 7 6 9 0 1 3 5 10 
0.861864 6 6 10 0 1 3 5 
0.861864 7 6 11 0 1 3 5 10 
0.861864 7 6 12 0 1 3 5 10 
0.861864 6 6 13 1 3 5 10 
0.861864 7 6 14 0 1 3 5 10 
0.861864 8 7 8 0 1 3 5 6 10 
0.861864 8 7 9 0 1 2 4 10 11 
0.861864 7 7 10 0 1 3 5 6 
0.861864 8 7 11 0 1 2 4 6 10 
0.861864 8 7 12 0 1 3 5 6 10 
0.861864 7 7 13 1 3 5 6 10 
0.861864 8 7 14 0 1 3 5 6 10 
0.861864 8 8 9 0 1 3 5 6 10 
0.861864 7 8 10 0 1 3 5 6 
0.861864 8 8 11 0 1 3 5 6 10 
0.861864 8 8 12 0 1 3 5 6 10 
0.861864 7 8 13 1 3 5 6 10 
0.861864 8 8 14 0 1 3 4 5 6 
0.861864 7 9 10 0 1 3 5 6 
0.861864 7 9 11 0 1 3 5 10 
0.861864 8 9 12 0 1 3 5 6 10 
0.861864 7 9 13 1 3 5 6 10 
0.861864 8 9 14 0 1 3 5 6 10 
0.861864 7 10 11 0 1 3 5 6 
0.861864 7 10 12 0 1 3 5 6 
0.861864 6 10 13 1 3 5 6 
0.861864 7 10 14 0 1 3 5 6 
0.861864 8 11 12 0 1 3 5 6 10 
0.861864 7 11 13 1 3 5 6 10 
0.861864 8 11 14 0 1 3 5 6 10 
0.861864 7 12 13 1 3 5 6 10 
0.861864 8 12 14 0 1 3 5 6 10 
0.861864 7 13 14 1 3 5 6 10 
1.14915 6 0 1 2 5 10 11 
1.14915 6 0 2 1 5 10 11 
1.14915 6 0 3 1 5 6 10 
1.14915 7 0 4 1 2 3 6 8 
1.14915 6 0 5 1 2 10 11 
1.14915 6 0 6 1 2 7 10 
1.14915 6 0 7 1 2 6 10 
1.14915 7 0 8 1 2 3 4 6 
1.14915 6 0 9 1 3 5 10 
1.14915 6 0 10 1 2 5 11 
1.14915 6 0 11 1 2 5 10 
1.14915 7 0 12 1 2 5 10 11 
1.14915 7 0 13 1 2 5 10 11 
1.14915 7 0 14 1 2 3 4 6 
1.14915 5 1 2 5 10 11 
1.14915 5 1 3 5 6 10 
1.14915 6 1 4 2 3 6 8 
1.14915 5 1 5 2 10 11 
1.14915 5 1 6 2 7 10 
1.14915 5 1 7 2 6 10 
1.14915 6 1 8 2 3 4 6 
1.14915 5 1 9 3 5 10 
1.14915 5 1 10 2 5 11 
1.14915 5 1 11 2 5 10 
1.14915 6 1 12 2 5 10 11 
1.14915 6 1 13 2 5 10 11 
1.14915 6 1 14 2 3 4 6 
1.14915 6 2 3 1 4 6 8 
1.14915 6 2 4 1 3 6 8 
1.14915 5 2 5 1 10 11 
1.14915 5 2 6 1 7 10 
1.14915 5 2 7 1 6 10 
1.14915 6 2 8 1 3 4 6 
1.14915 6 2 9 1 3 4 8 
1.14915 5 2 10 1 5 11 
1.14915 5 2 11 1 5 10 
1.14915 6 2 12 1 5 10 11 
1.14915 6 2 13 1 5 10 11 
1.14915 6 2 14 1 3 4 6 
1.14915 6 3 4 1 2 6 8 
1.14915 5 3 5 1 6 10 
1.14915 5 3 6 1 5 10 
1.14915 6 3 7 1 2 6 10 
1.14915 6 3 8 1 2 4 6 
1.14915 5 3 9 1 5 10 
1.14915 5 3 10 1 5 6 
1.14915 5 3 11 1 5 10 
1.14915 6 3 12 1 5 6 10 
1.14915 6 3 13 1 5 6 10 
1.14915 6 3 14 1 2 4 6 
1.14915 6 4 5 1 2 8 11 
1.14915 6 4 6 1 2 3 8 
1.14915 6 4 7 1 2 6 8 
1.14915 6 4 8 1 2 3 6 
1.14915 6 4 9 1 2 3 8 
1.14915 6 4 10 1 2 3 6 
1.14915 6 4 11 1 2 3 8 
1.14915 7 4 12 0 2 6 7 8 
1.14915 6 4 13 2 6 7 8 
1.14915 6 4 14 1 2 3 6 
1.14915 5 5 6 1 3 10 
1.14915 5 5 7 1 10 11 
1.14915 6 5 8 1 2 4 11 
1.14915 5 5 9 1 3 10 
1.14915 5 5 10 1 2 11 
1.14915 5 5 11 1 2 10 
1.14915 6 5 12 1 2 10 11 
1.14915 6 5 13 1 2 10 11 
1.14915 6 5 14 1 2 4 11 
1.14915 5 6 7 1 2 10 
1.14915 6 6 8 1 2 3 4 
1.14915 6 6 9 1 2 7 10 
1.14915 5 6 10 1 2 7 
1.14915 6 6 11 1 2 5 10 
1.14915 6 6 12 1 2 7 10 
1.14915 6 6 13 1 2 7 10 
1.14915 6 6 14 1 2 3 4 
1.14915 6 7 8 1 2 4 6 
1.14915 6 7 9 1 2 3 10 
1.14915 5 7 10 1 2 6 
1.14915 5 7 11 1 2 10 
1.14915 6 7 12 1 2 6 10 
1.14915 6 7 13 1 2 6 10 
1.14915 6 7 14 1 2 4 6 
1.14915 6 8 9 1 2 3 4 
1.14915 6 8 10 1 2 5 11 
1.14915 6 8 11 1 2 3 4 
1.14915 7 8 12 0 2 4 6 7 
1.14915 6 8 13 2 4 6 7 
1.14915 6 8 14 1 2 5 11 
1.14915 5 9 10 1 3 5 
1.14915 6 9 11 1 2 5 10 
1.14915 6 9 12 1 3 5 10 
1.14915 6 9 13 1 3 5 10 
1.14915 6 9 14 1 2 3 4 
1.14915 5 10 11 1 2 5 
1.14915 6 10 12 1 2 5 11 
1.14915 6 10 13 1 2 5 11 
1.14915 6 10 14 1 2 5 11 
1.14915 6 11 12 1 2 5 10 
1.14915 6 11 13 1 2 5 10 
1.14915 6 11 14 1 2 3 4 
1.14915 6 12 13 2 6 7 10 
1.14915 7 12 14 1 2 3 4 6 
1.14915 7 13 14 1 2 3 4 6 
1.43644 4 0 1 3 4 
1.43644 5 0 2 1 3 4 
1.43644 4 0 3 1 4 
1.43644 4 0 4 1 3 
1.43644 5 0 5 1 3 4 
1.43644 5 0 6 1 3 4 
1.43644 5 0 7 1 3 4 
1.43644 5 0 8 1 3 4 
1.43644 5 0 9 1 3 4 
1.43644 5 0 10 1 2 3 
1.43644 5 0 11 1 2 4 
1.43644 5 0 12 1 3 4 
1.43644 5 0 13 1 3 4 
1.43644 5 0 14 1 3 4 
1.43644 4 1 2 3 4 
1.43644 3 1 3 4 
1.43644 3 1 4 3 
1.43644 4 1 5 3 4 
1.43644 4 1 6 3 4 
1.43644 4 1 7 3 4 
1.43644 4 1 8 3 4 
1.43644 4 1 9 3 4 
1.43644 4 1 10 2 3 
1.43644 4 1 11 2 4 
1.43644 4 1 12 3 4 
1.43644 4 1 13 3 4 
1.43644 4 1 14 3 4 
1.43644 4 2 3 1 4 
1.43644 4 2 4 1 3 
1.43644 5 2 5 1 3 4 
1.43644 5 2 6 1 3 4 
1.43644 5 2 7 1 3 4 
1.43644 5 2 8 1 3 4 
1.43644 5 2 9 1 3 4 
1.43644 4 2 10 1 3 
1.43644 4 2 11 1 4 
1.43644 5 2 12 1 3 4 
1.43644 5 2 13 1 3 4 
1.43644 5 2 14 1 3 4 
1.43644 3 3 4 1 
1.43644 4 3 5 1 4 
1.43644 4 3 6 1 4 
1.43644 4 3 7 1 4 
1.43644 4 3 8 1 4 
1.43644 4 3 9 1 4 
1.43644 4 3 10 1 2 
1.43644 4 3 11 1 4 
1.43644 4 3 12 1 4 
1.43644 4 3 13 1 4 
1.43644 4 3 14 1 4 
1.43644 4 4 5 1 3 
1.43644 4 4 6 1 3 
1.43644 4 4 7 1 3 
1.43644 4 4 8 1 3 
1.43644 4 4 9 1 3 
1.43644 4 4 10 1 3 
1.43644 4 4 11 1 2 
1.43644 4 4 12 1 3 
1.43644 4 4 13 1 3 
1.43644 4 4 14 1 3 
1.43644 5 5 6 1 2 4 
1.43644 5 5 7 1 3 4 
1.43644 4 5 8 1 3 
1.43644 5 5 9 1 3 4 
1.43644 4 5 10 1 3 
1.43644 4 5 11 1 4 
1.43644 5 5 12 1 3 4 
1.43644 5 5 13 1 3 4 
1.43644 4 5 14 1 3 
1.43644 5 6 7 1 2 4 
1.43644 5 6 8 1 2 5 
1.43644 5 6 9 1 3 4 
1.43644 5 6 10 1 2 3 
1.43644 5 6 11 1 2 4 
1.43644 5 6 12 1 3 4 
1.43644 5 6 13 1 3 4 
1.43644 5 6 14 1 2 5 
1.43644 5 7 8 1 3 4 
1.43644 5 7 9 1 2 4 
1.43644 4 7 10 1 3 
1.43644 4 7 11 1 4 
1.43644 5 7 12 1 3 4 
1.43644 5 7 13 1 3 4 
1.43644 5 7 14 1 3 4 
1.43644 5 8 9 1 3 4 
1.43644 5 8 10 1 2 3 
1.43644 4 8 11 1 5 
1.43644 5 8 12 1 3 4 
1.43644 5 8 13 1 3 4 
1.43644 5 8 14 1 3 4 
1.43644 5 9 10 1 2 3 
1.43644 5 9 11 1 2 4 
1.43644 5 9 12 1 3 4 
1.43644 5 9 13 1 3 4 
1.43644 5 9 14 1 3 4 
1.43644 4 10 11 1 5 
1.43644 5 10 12 1 2 3 
1.43644 5 10 13 1 2 3 
1.43644 5 10 14 1 2 3 
1.43644 5 11 12 1 2 4 
1.43644 5 11 13 1 2 4 
1.43644 4 11 14 1 5 
1.43644 5 12 13 1 3 4 
1.43644 5 12 14 1 3 4 
1.43644 5 13 14 1 3 4 
1.72373 4 0 1 3 4 
1.72373 4 0 2 7 8 
1.72373 4 0 3 1 4 
1.72373 4 0 4 1 3 
1.72373 5 0 5 1 3 4 
1.72373 5 0 6 1 2 4 
1.72373 4 0 7 2 8 
1.72373 4 0 8 2 7 
1.72373 5 0 9 1 3 4 
1.72373 5 0 10 1 2 3 
1.72373 5 0 11 1 2 4 
1.72373 5 0 12 1 3 4 
1.72373 5 0 13 1 3 4 
1.72373 5 0 14 1 2 7 
1.72373 4 1 2 3 4 
1.72373 3 1 3 4 
1.72373 3 1 4 3 
1.72373 4 1 5 3 4 
1.72373 4 1 6 2 4 
1.72373 4 1 7 2 4 
1.72373 4 1 8 2 7 
1.72373 4 1 9 3 4 
1.72373 4 1 10 2 3 
1.72373 4 1 11 2 4 
1.72373 4 1 12 3 4 
1.72373 4 1 13 3 4 
1.72373 4 1 14 2 7 
1.72373 4 2 3 1 4 
1.72373 4 2 4 1 3 
1.72373 4 2 5 7 8 
1.72373 4 2 6 1 4 
1.72373 3 2 7 8 
1.72373 3 2 8 7 
1.72373 4 2 9 7 8 
1.72373 4 2 10 1 3 
1.72373 4 2 11 1 4 
1.72373 4 2 12 7 8 
1.72373 4 2 13 7 8 
1.72373 4 2 14 1 7 
1.72373 3 3 4 1 
1.72373 4 3 5 1 4 
1.72373 4 3 6 1 4 
1.72373 4 3 7 1 4 
1.72373 4 3 8 1 4 
1.72373 4 3 9 1 4 
1.72373 4 3 10 1 2 
1.72373 4 3 11 1 4 
1.72373 4 3 12 1 4 
1.72373 4 3 13 1 4 
1.72373 4 3 14 1 4 
1.72373 4 4 5 1 3 
1.72373 4 4 6 1 2 
1.72373 4 4 7 1 2 
1.72373 4 4 8 1 3 
1.72373 4 4 9 1 3 
1.72373 4 4 10 1 3 
1.72373 4 4 11 1 2 
1.72373 4 4 12 1 3 
1.72373 4 4 13 1 3 
1.72373 4 4 14 1 3 
1.72373 5 5 6 1 2 4 
1.72373 4 5 7 2 8 
1.72373 4 5 8 1 3 
1.72373 5 5 9 1 2 4 
1.72373 4 5 10 1 3 
1.72373 4 5 11 1 4 
1.72373 5 5 12 1 3 4 
1.72373 5 5 13 1 3 4 
1.72373 4 5 14 1 3 
1.72373 4 6 7 1 4 
1.72373 4 6 8 2 7 
1.72373 5 6 9 1 2 4 
1.72373 5 6 10 1 2 3 
1.72373 5 6 11 1 2 4 
1.72373 5 6 12 1 2 4 
1.72373 5 6 13 1 2 4 
1.72373 5 6 14 1 2 4 
1.72373 3 7 8 2 
1.72373 4 7 9 2 8 
1.72373 4 7 10 1 2 
1.72373 4 7 11 1 4 
1.72373 4 7 12 2 8 
1.72373 4 7 13 2 8 
1.72373 4 7 14 1 2 
1.72373 4 8 9 2 7 
1.72373 4 8 10 2 7 
1.72373 4 8 11 1 5 
1.72373 4 8 12 2 7 
1.72373 4 8 13 2 7 
1.72373 4 8 14 2 7 
1.72373 5 9 10 1 2 3 
1.72373 5 9 11 1 2 4 
1.72373 5 9 12 1 3 4 
1.72373 5 9 13 1 3 4 
1.72373 5 9 14 1 2 5 
1.72373 4 10 11 1 2 
1.72373 4 10 12 2 7 
1.72373 4 10 13 2 7 
1.72373 5 10 14 1 2 3 
1.72373 5 11 12 1 2 4 
1.72373 5 11 13 1 2 4 
1.72373 4 11 14 1 5 
1.72373 5 12 13 1 3 4 
1.72373 5 12 14 1 2 7 
1.72373 5 13 14 1 2 7 
2.01102 3 0 1 2 
2.01102 3 0 2 1 
2.01102 3 0 3 1 
2.01102 4 0 4 1 2 
2.01102 3 0 5 1 
2.01102 4 0 6 1 2 
2.01102 3 0 7 1 
2.01102 4 0 8 1 2 
2.01102 4 0 9 1 2 
2.01102 4 0 10 1 2 
2.01102 4 0 11 1 2 
2.01102 4 0 12 1 2 
2.01102 4 0 13 1 2 
2.01102 4 0 14 1 2 
2.01102 2 1 2 
2.01102 2 1 3 
2.01102 3 1 4 2 
2.01102 2 1 5 
2.01102 3 1 6 2 
2.01102 2 1 7 
2.01102 3 1 8 2 
2.01102 3 1 9 2 
2.01102 3 1 10 2 
2.01102 3 1 11 2 
2.01102 3 1 12 2 
2.01102 3 1 13 2 
2.01102 3 1 14 2 
2.01102 3 2 3 1 
2.01102 3 2 4 1 
2.01102 3 2 5 1 
2.01102 3 2 6 1 
2.01102 3 2 7 1 
2.01102 3 2 8 1 
2.01102 3 2 9 1 
2.01102 3 2 10 1 
2.01102 3 2 11 1 
2.01102 3 2 12 1 
2.01102 3 2 13 1 
2.01102 3 2 14 1 
2.01102 3 3 4 1 
2.01102 3 3 5 1 
2.01102 3 3 6 1 
2.01102 3 3 7 1 
2.01102 3 3 8 1 
2.01102 3 3 9 1 
2.01102 3 3 10 1 
2.01102 3 3 11 1 
2.01102 3 3 12 1 
2.01102 3 3 13 1 
2.01102 3 3 14 1 
2.01102 3 4 5 1 
2.01102 4 4 6 1 2 
2.01102 3 4 7 1 
2.01102 4 4 8 1 2 
2.01102 4 4 9 1 2 
2.01102 4 4 10 1 2 
2.01102 3 4 11 1 
2.01102 4 4 12 1 2 
2.01102 4 4 13 1 2 
2.01102 4 4 14 1 2 
2.01102 3 5 6 1 
2.01102 3 5 7 1 
2.01102 3 5 8 1 
2.01102 3 5 9 1 
2.01102 3 5 10 1 
2.01102 3 5 11 1 
2.01102 3 5 12 1 
2.01102 3 5 13 1 
2.01102 3 5 14 1 
2.01102 3 6 7 1 
2.01102 4 6 8 1 2 
2.01102 4 6 9 1 2 
2.01102 4 6 10 1 2 
2.01102 4 6 11 1 2 
2.01102 4 6 12 1 2 
2.01102 4 6 13 1 2 
2.01102 4 6 14 1 2 
2.01102 3 7 8 1 
2.01102 3 7 9 1 
2.01102 3 7 10 1 
2.01102 3 7 11 1 
2.01102 3 7 12 1 
2.01102 3 7 13 1 
2.01102 3 7 14 1 
2.01102 4 8 9 1 2 
2.01102 4 8 10 1 2 
2.01102 4 8 11 1 2 
2.01102 4 8 12 1 2 
2.01102 4 8 13 1 2 
2.01102 4 8 14 1 2 
2.01102 4 9 10 1 2 
2.01102 4 9 11 1 2 
2.01102 4 9 12 1 2 
2.01102 4 9 13 1 2 
2.01102 4 9 14 1 2 
2.01102 4 10 11 1 2 
2.01102 4 10 12 1 2 
2.01102 4 10 13 1 2 
2.01102 4 10 14 1 2 
2.01102 4 11 12 1 2 
2.01102 4 11 13 1 2 
2.01102 4 11 14 1 2 
2.01102 4 12 13 1 2 
2.01102 4 12 14 1 2 
2.01102 4 13 14 1 2 
2.2983 3 0 1 2 
2.2983 3 0 2 1 
2.2983 3 0 3 1 
2.2983 3 0 4 1 
2.2983 3 0 5 1 
2.2983 4 0 6 1 2 
2.2983 3 0 7 1 
2.2983 3 0 8 2 
2.2983 4 0 9 1 2 
2.2983 3 0 10 1 
2.2983 3 0 11 1 
2.2983 3 0 12 2 
2.2983 3 0 13 2 
2.2983 4 0 14 1 2 
2.2983 2 1 2 
2.2983 2 1 3 
2.2983 2 1 4 
2.2983 2 1 5 
2.2983 3 1 6 2 
2.2983 2 1 7 
2.2983 3 1 8 2 
2.2983 3 1 9 2 
2.2983 2 1 10 
2.2983 2 1 11 
2.2983 3 1 12 2 
2.2983 3 1 13 2 
2.2983 3 1 14 2 
2.2983 3 2 3 0 
2.2983 3 2 4 0 
2.2983 2 2 5 
2.2983 3 2 6 1 
2.2983 2 2 7 
2.2983 2 2 8 
2.2983 3 2 9 1 
2.2983 2 2 10 
2.2983 3 2 11 1 
2.2983 3 2 12 0 
2.2983 2 2 13 
2.2983 3 2 14 1 
2.2983 3 3 4 1 
2.2983 3 3 5 1 
2.2983 3 3 6 1 
2.2983 3 3 7 0 
2.2983 3 3 8 1 
2.2983 3 3 9 1 
2.2983 3 3 10 1 
2.2983 3 3 11 1 
2.2983 3 3 12 1 
2.2983 3 3 13 1 
2.2983 3 3 14 1 
2.2983 3 4 5 1 
2.2983 3 4 6 1 
2.2983 3 4 7 0 
2.2983 3 4 8 1 
2.2983 3 4 9 1 
2.2983 3 4 10 1 
2.2983 3 4 11 1 
2.2983 3 4 12 1 
2.2983 3 4 13 1 
2.2983 3 4 14 1 
2.2983 3 5 6 1 
2.2983 2 5 7 
2.2983 3 5 8 1 
2.2983 3 5 9 1 
2.2983 3 5 10 1 
2.2983 3 5 11 1 
2.2983 3 5 12 1 
2.2983 3 5 13 1 
2.2983 3 5 14 1 
2.2983 3 6 7 1 
2.2983 3 6 8 1 
2.2983 4 6 9 1 2 
2.2983 3 6 10 1 
2.2983 3 6 11 1 
2.2983 4 6 12 0 2 
2.2983 3 6 13 2 
2.2983 3 6 14 1 
2.2983 2 7 8 
2.2983 3 7 9 1 
2.2983 2 7 10 
2.2983 3 7 11 1 
2.2983 3 7 12 0 
2.2983 2 7 13 
2.2983 3 7 14 1 
2.2983 3 8 9 2 
2.2983 3 8 10 1 
2.2983 3 8 11 1 
2.2983 3 8 12 2 
2.2983 3 8 13 2 
2.2983 3 8 14 2 
2.2983 3 9 10 1 
2.2983 3 9 11 1 
2.2983 4 9 12 0 2 
2.2983 3 9 13 2 
2.2983 4 9 14 1 2 
2.2983 3 10 11 1 
2.2983 3 10 12 1 
2.2983 3 10 13 1 
2.2983 3 10 14 1 
2.2983 3 11 12 1 
2.2983 3 11 13 1 
2.2983 3 11 14 1 
2.2983 3 12 13 2 
2.2983 3 12 14 2 
2.2983 3 13 14 2 
2.58559 2 0 1 
2.58559 2 0 2 
2.58559 3 0 3 1 
2.58559 3 0 4 1 
2.58559 2 0 5 
2.58559 3 0 6 1 
2.58559 2 0 7 
2.58559 3 0 8 1 
2.58559 3 0 9 1 
2.58559 3 0 10 1 
2.58559 3 0 11 1 
2.58559 3 0 12 1 
2.58559 3 0 13 1 
2.58559 3 0 14 1 
2.58559 2 1 2 
2.58559 2 1 3 
2.58559 2 1 4 
2.58559 2 1 5 
2.58559 2 1 6 
2.58559 2 1 7 
2.58559 2 1 8 
2.58559 2 1 9 
2.58559 2 1 10 
2.58559 2 1 11 
2.58559 2 1 12 
2.58559 2 1 13 
2.58559 2 1 14 
2.58559 2 2 3 
2.58559 2 2 4 
2.58559 2 2 5 
2.58559 2 2 6 
2.58559 2 2 7 
2.58559 2 2 8 
2.58559 2 2 9 
2.58559 2 2 10 
2.58559 2 2 11 
2.58559 2 2 12 
2.58559 2 2 13 
2.58559 2 2 14 
2.58559 2 3 4 
2.58559 2 3 5 
2.58559 3 3 6 1 
2.58559 2 3 7 
2.58559 2 3 8 
2.58559 3 3 9 1 
2.58559 2 3 10 
2.58559 3 3 11 1 
2.58559 2 3 12 
2.58559 2 3 13 
2.58559 3 3 14 0 
2.58559 2 4 5 
2.58559 3 4 6 1 
2.58559 2 4 7 
2.58559 3 4 8 1 
2.58559 3 4 9 1 
2.58559 3 4 10 1 
2.58559 3 4 11 1 
2.58559 3 4 12 1 
2.58559 3 4 13 1 
2.58559 3 4 14 1 
2.58559 2 5 6 
2.58559 2 5 7 
2.58559 2 5 8 
2.58559 3 5 9 0 
2.58559 2 5 10 
2.58559 2 5 11 
2.58559 2 5 12 
2.58559 2 5 13 
2.58559 2 5 14 
2.58559 2 6 7 
2.58559 3 6 8 1 
2.58559 3 6 9 1 
2.58559 3 6 10 1 
2.58559 3 6 11 1 
2.58559 3 6 12 1 
2.58559 3 6 13 1 
2.58559 3 6 14 1 
2.58559 2 7 8 
2.58559 2 7 9 
2.58559 2 7 10 
2.58559 2 7 11 
2.58559 2 7 12 
2.58559 2 7 13 
2.58559 2 7 14 
2.58559 3 8 9 1 
2.58559 3 8 10 1 
2.58559 3 8 11 1 
2.58559 3 8 12 1 
2.58559 3 8 13 1 
2.58559 3 8 14 1 
2.58559 3 9 10 1 
2.58559 3 9 11 1 
2.58559 3 9 12 1 
2.58559 3 9 13 1 
2.58559 3 9 14 1 
2.58559 3 10 11 1 
2.58559 3 10 12 1 
2.58559 3 10 13 1 
2.58559 3 10 14 1 
2.58559 3 11 12 1 
2.58559 3 11 13 1 
2.58559 3 11 14 1 
2.58559 3 12 13 1 
2.58559 3 12 14 1 
2.58559 3 13 14 1 
