0.574576 6 0 1 3 5 6 10 
0.574576 6 0 3 1 5 6 10 
0.574576 6 0 5 1 3 6 10 
0.574576 6 0 6 1 3 5 10 
0.574576 6 0 10 1 3 5 6 
0.574576 6 1 3 0 5 6 10 
0.574576 6 1 5 0 3 6 10 
0.574576 6 1 6 0 3 5 10 
0.574576 6 1 10 0 3 5 6 
0.574576 6 1 13 3 5 6 10 
0.574576 6 3 5 0 1 6 10 
0.574576 6 3 6 0 1 5 10 
0.574576 6 3 10 0 1 5 6 
0.574576 6 3 13 1 5 6 10 
0.574576 6 5 6 0 1 3 10 
0.574576 6 5 10 0 1 3 6 
0.574576 6 5 13 1 3 6 10 
0.574576 6 6 10 0 1 3 5 
0.574576 6 6 13 1 3 5 10 
0.574576 6 10 13 1 3 5 6 
0.861864 6 0 1 3 5 6 10 
0.861864 6 0 3 1 5 6 10 
0.861864 6 0 5 1 3 6 10 
0.861864 6 0 6 1 3 5 10 
0.861864 6 0 10 1 3 5 6 
0.861864 6 1 3 0 5 6 10 
0.861864 6 1 5 0 3 6 10 
0.861864 6 1 6 0 3 5 10 
0.861864 6 1 10 0 3 5 6 
0.861864 6 1 13 3 5 6 10 
0.861864 6 3 5 0 1 6 10 
0.861864 6 3 6 0 1 5 10 
0.861864 6 3 10 0 1 5 6 
0.861864 6 3 13 1 5 6 10 
0.861864 6 5 6 0 1 3 10 
0.861864 6 5 10 0 1 3 6 
0.861864 6 5 13 1 3 6 10 
0.861864 6 6 10 0 1 3 5 
0.861864 6 6 13 1 3 5 10 
0.861864 6 10 13 1 3 5 6 
1.14915 5 1 2 5 10 11 
1.14915 5 1 3 5 6 10 
1.14915 5 1 5 2 10 11 
1.14915 5 1 6 2 7 10 
1.14915 5 1 7 2 6 10 
1.14915 5 1 9 3 5 10 
1.14915 5 1 10 2 5 11 
1.14915 5 1 11 2 5 10 
1.14915 5 2 5 1 10 11 
1.14915 5 2 6 1 7 10 
1.14915 5 2 7 1 6 10 
1.14915 5 2 10 1 5 11 
1.14915 5 2 11 1 5 10 
1.14915 5 3 5 1 6 10 
1.14915 5 3 6 1 5 10 
1.14915 5 3 9 1 5 10 
1.14915 5 3 10 1 5 6 
1.14915 5 3 11 1 5 10 
1.14915 5 5 6 1 3 10 
1.14915 5 5 7 1 10 11 
1.14915 5 5 9 1 3 10 
1.14915 5 5 10 1 2 11 
1.14915 5 5 11 1 2 10 
1.14915 5 6 7 1 2 10 
1.14915 5 6 10 1 2 7 
1.14915 5 7 10 1 2 6 
1.14915 5 7 11 1 2 10 
1.14915 5 9 10 1 3 5 
1.14915 5 10 11 1 2 5 
1.43644 3 1 3 4 
1.43644 3 1 4 3 
1.43644 3 3 4 1 
1.72373 3 1 3 4 
1.72373 3 1 4 3 
1.72373 3 2 7 8 
1.72373 3 2 8 7 
1.72373 3 3 4 1 
1.72373 3 7 8 2 
2.01102 2 1 2 
2.01102 2 1 3 
2.01102 2 1 5 
2.01102 2 1 7 
2.2983 2 1 2 
2.2983 2 1 3 
2.2983 2 1 4 
2.2983 2 1 5 
2.2983 2 1 7 
2.2983 2 1 10 
2.2983 2 1 11 
2.2983 2 2 5 
2.2983 2 2 7 
2.2983 2 2 8 
2.2983 2 2 10 
2.2983 2 2 13 
2.2983 2 5 7 
2.2983 2 7 8 
2.2983 2 7 10 
2.2983 2 7 13 
2.58559 2 0 1 
2.58559 2 0 2 
2.58559 2 0 5 
2.58559 2 0 7 
2.58559 2 1 2 
2.58559 2 1 3 
2.58559 2 1 4 
2.58559 2 1 5 
2.58559 2 1 6 
2.58559 2 1 7 
2.58559 2 1 8 
2.58559 2 1 9 
2.58559 2 1 10 
2.58559 2 1 11 
2.58559 2 1 12 
2.58559 2 1 13 
2.58559 2 1 14 
2.58559 2 2 3 
2.58559 2 2 4 
2.58559 2 2 5 
2.58559 2 2 6 
2.58559 2 2 7 
2.58559 2 2 8 
2.58559 2 2 9 
2.58559 2 2 10 
2.58559 2 2 11 
2.58559 2 2 12 
2.58559 2 2 13 
2.58559 2 2 14 
2.58559 2 3 4 
2.58559 2 3 5 
2.58559 2 3 7 
2.58559 2 3 8 
2.58559 2 3 10 
2.58559 2 3 12 
2.58559 2 3 13 
2.58559 2 4 5 
2.58559 2 4 7 
2.58559 2 5 6 
2.58559 2 5 7 
2.58559 2 5 8 
2.58559 2 5 10 
2.58559 2 5 11 
2.58559 2 5 12 
2.58559 2 5 13 
2.58559 2 5 14 
2.58559 2 6 7 
2.58559 2 7 8 
2.58559 2 7 9 
2.58559 2 7 10 
2.58559 2 7 11 
2.58559 2 7 12 
2.58559 2 7 13 
2.58559 2 7 14 
