4 13 0 1 2.19089
4 13 0 2 2.14542
4 13 0 3 2.33699
4 13 0 5 2.43521
4 13 0 6 2.67896
4 13 0 7 2.14542
4 13 0 8 2.64575
4 13 0 9 2.68845
4 13 0 10 2.68408
4 13 0 11 2.62202
4 13 0 12 2.63923
4 13 0 14 2.69472
4 13 1 2 1.81265
4 13 1 3 1.41421
4 13 1 5 1.90693
4 13 1 6 2.13664
4 13 1 7 1.81265
4 13 1 8 2.19089
4 13 1 9 2.16025
4 13 1 10 2.19089
4 13 1 11 2
4 13 1 12 2.19089
4 13 1 14 2.19089
4 13 2 3 2
4 13 2 5 2.05603
4 13 2 6 2.16025
4 13 2 7 1.73205
4 13 2 8 2
4 13 2 9 2.13535
4 13 2 10 2.09069
4 13 2 11 2.08167
4 13 2 12 2.04742
4 13 2 14 2.14154
4 13 3 5 2.10357
4 13 3 6 2.33699
4 13 3 7 2
4 13 3 8 2.13664
4 13 3 9 2.33699
4 13 3 10 2.28709
4 13 3 11 2.33699
4 13 3 12 2.19089
4 13 3 14 2.32266
4 13 5 6 2.40426
4 13 5 7 2.05603
4 13 5 8 2.28446
4 13 5 9 2.41291
4 13 5 10 2.389
4 13 5 11 2.33699
4 13 5 12 2.38048
4 13 5 14 2.42507
4 13 6 7 2.16025
4 13 6 8 2.58844
4 13 6 9 2.67896
4 13 6 10 2.66231
4 13 6 11 2.62202
4 13 6 12 2.64575
4 13 6 14 2.68164
4 13 7 8 2
4 13 7 9 2.13535
4 13 7 10 2.09069
4 13 7 11 2.08167
4 13 7 12 2.04742
4 13 7 14 2.14154
4 13 8 9 2.60419
4 13 8 10 2.64575
4 13 8 11 2.52543
4 13 8 12 2.53899
4 13 8 14 2.64575
4 13 9 10 2.67435
4 13 9 11 2.62202
4 13 9 12 2.62912
4 13 9 14 2.69077
4 13 10 11 2.61406
4 13 10 12 2.64575
4 13 10 14 2.68408
4 13 11 12 2.53899
4 13 11 14 2.62216
4 13 12 14 2.62912
