4 13 0 1 2 3 1.41421
4 13 0 1 2 5 1.73205
4 13 0 1 2 6 1.62019
4 13 0 1 2 7 1.62019
4 13 0 1 2 8 1.81265
4 13 0 1 2 9 1.73205
4 13 0 1 2 10 1.81265
4 13 0 1 2 11 1.41421
4 13 0 1 2 12 1.81265
4 13 0 1 2 14 1.81265
4 13 0 1 3 5 1.41421
4 13 0 1 3 6 1.41421
4 13 0 1 3 7 1.41421
4 13 0 1 3 8 1.41421
4 13 0 1 3 9 1.41421
4 13 0 1 3 10 1.41421
4 13 0 1 3 11 1.41421
4 13 0 1 3 12 1.41421
4 13 0 1 3 14 1.41421
4 13 0 1 5 6 1.73205
4 13 0 1 5 7 1.73205
4 13 0 1 5 8 1.90693
4 13 0 1 5 9 1.85164
4 13 0 1 5 10 1.90693
4 13 0 1 5 11 1.41421
4 13 0 1 5 12 1.90693
4 13 0 1 5 14 1.90693
4 13 0 1 6 7 1.62019
4 13 0 1 6 8 2.13664
4 13 0 1 6 9 2.13664
4 13 0 1 6 10 2.13664
4 13 0 1 6 11 2
4 13 0 1 6 12 2.13664
4 13 0 1 6 14 2.13664
4 13 0 1 7 8 1.81265
4 13 0 1 7 9 1.73205
4 13 0 1 7 10 1.81265
4 13 0 1 7 11 1.41421
4 13 0 1 7 12 1.81265
4 13 0 1 7 14 1.81265
4 13 0 1 8 9 2.16025
4 13 0 1 8 10 2.19089
4 13 0 1 8 11 2
4 13 0 1 8 12 2.19089
4 13 0 1 8 14 2.19089
4 13 0 1 9 10 2.16025
4 13 0 1 9 11 2
4 13 0 1 9 12 2.16025
4 13 0 1 9 14 2.16025
4 13 0 1 10 11 2
4 13 0 1 10 12 2.19089
4 13 0 1 10 14 2.19089
4 13 0 1 11 12 2
4 13 0 1 11 14 2
4 13 0 1 12 14 2.19089
4 13 0 2 3 5 1.90693
4 13 0 2 3 6 2
4 13 0 2 3 7 1.73205
4 13 0 2 3 8 1.62019
4 13 0 2 3 9 2
4 13 0 2 3 10 1.85164
4 13 0 2 3 11 2
4 13 0 2 3 12 1.81265
4 13 0 2 3 14 1.93309
4 13 0 2 5 6 2.01187
4 13 0 2 5 7 1.73205
4 13 0 2 5 8 2
4 13 0 2 5 9 2.04495
4 13 0 2 5 10 1.96214
4 13 0 2 5 11 2
4 13 0 2 5 12 2
4 13 0 2 5 14 2.02367
4 13 0 2 6 7 1.73205
4 13 0 2 6 8 1.93309
4 13 0 2 6 9 2.16025
4 13 0 2 6 10 2.04939
4 13 0 2 6 11 2.08167
4 13 0 2 6 12 2
4 13 0 2 6 14 2.09938
4 13 0 2 7 8 1.62019
4 13 0 2 7 9 1.73205
4 13 0 2 7 10 1.62019
4 13 0 2 7 11 1.73205
4 13 0 2 7 12 1.62019
4 13 0 2 7 14 1.62019
4 13 0 2 8 9 2
4 13 0 2 8 10 2
4 13 0 2 8 11 1.85164
4 13 0 2 8 12 1.93309
4 13 0 2 8 14 2
4 13 0 2 9 10 2.08167
4 13 0 2 9 11 2.08167
4 13 0 2 9 12 2.04495
4 13 0 2 9 14 2.16025
4 13 0 2 10 11 2.00294
4 13 0 2 10 12 2
4 13 0 2 10 14 2.09069
4 13 0 2 11 12 1.93309
4 13 0 2 11 14 2.04939
4 13 0 2 12 14 2.04495
4 13 0 3 5 6 2.10357
4 13 0 3 5 7 1.90693
4 13 0 3 5 8 1.73205
4 13 0 3 5 9 2.10357
4 13 0 3 5 10 2
4 13 0 3 5 11 2.10357
4 13 0 3 5 12 1.90693
4 13 0 3 5 14 2.07802
4 13 0 3 6 7 2
4 13 0 3 6 8 2.13664
4 13 0 3 6 9 2.33699
4 13 0 3 6 10 2.28709
4 13 0 3 6 11 2.33699
4 13 0 3 6 12 2.19089
4 13 0 3 6 14 2.32266
4 13 0 3 7 8 1.62019
4 13 0 3 7 9 2
4 13 0 3 7 10 1.85164
4 13 0 3 7 11 2
4 13 0 3 7 12 1.81265
4 13 0 3 7 14 1.93309
4 13 0 3 8 9 2.13664
4 13 0 3 8 10 2.13664
4 13 0 3 8 11 2.13664
4 13 0 3 8 12 2
4 13 0 3 8 14 2.13664
4 13 0 3 9 10 2.28709
4 13 0 3 9 11 2.33699
4 13 0 3 9 12 2.19089
4 13 0 3 9 14 2.32266
4 13 0 3 10 11 2.28709
4 13 0 3 10 12 2.13664
4 13 0 3 10 14 2.28709
4 13 0 3 11 12 2.19089
4 13 0 3 11 14 2.32266
4 13 0 3 12 14 2.16025
4 13 0 5 6 7 2.01187
4 13 0 5 6 8 2.23607
4 13 0 5 6 9 2.40426
4 13 0 5 6 10 2.35488
4 13 0 5 6 11 2.33699
4 13 0 5 6 12 2.28446
4 13 0 5 6 14 2.39046
4 13 0 5 7 8 2
4 13 0 5 7 9 2.04495
4 13 0 5 7 10 1.96214
4 13 0 5 7 11 2
4 13 0 5 7 12 2
4 13 0 5 7 14 2.02367
4 13 0 5 8 9 2.26385
4 13 0 5 8 10 2.28446
4 13 0 5 8 11 2.13664
4 13 0 5 8 12 2.19089
4 13 0 5 8 14 2.28446
4 13 0 5 9 10 2.37697
4 13 0 5 9 11 2.33699
4 13 0 5 9 12 2.3094
4 13 0 5 9 14 2.40662
4 13 0 5 10 11 2.28709
4 13 0 5 10 12 2.28446
4 13 0 5 10 14 2.389
4 13 0 5 11 12 2.19089
4 13 0 5 11 14 2.32266
4 13 0 5 12 14 2.3094
4 13 0 6 7 8 1.93309
4 13 0 6 7 9 2.16025
4 13 0 6 7 10 2.04939
4 13 0 6 7 11 2.08167
4 13 0 6 7 12 2
4 13 0 6 7 14 2.09938
4 13 0 6 8 9 2.58844
4 13 0 6 8 10 2.58844
4 13 0 6 8 11 2.52543
4 13 0 6 8 12 2.52543
4 13 0 6 8 14 2.58844
4 13 0 6 9 10 2.66231
4 13 0 6 9 11 2.62202
4 13 0 6 9 12 2.64575
4 13 0 6 9 14 2.68164
4 13 0 6 10 11 2.61406
4 13 0 6 10 12 2.58844
4 13 0 6 10 14 2.66231
4 13 0 6 11 12 2.53899
4 13 0 6 11 14 2.62216
4 13 0 6 12 14 2.60419
4 13 0 7 8 9 2
4 13 0 7 8 10 2
4 13 0 7 8 11 1.85164
4 13 0 7 8 12 1.93309
4 13 0 7 8 14 2
4 13 0 7 9 10 2.08167
4 13 0 7 9 11 2.08167
4 13 0 7 9 12 2.04495
4 13 0 7 9 14 2.16025
4 13 0 7 10 11 2.00294
4 13 0 7 10 12 2
4 13 0 7 10 14 2.09069
4 13 0 7 11 12 1.93309
4 13 0 7 11 14 2.04939
4 13 0 7 12 14 2.04495
4 13 0 8 9 10 2.60419
4 13 0 8 9 11 2.52543
4 13 0 8 9 12 2.53722
4 13 0 8 9 14 2.60419
4 13 0 8 10 11 2.52543
4 13 0 8 10 12 2.53899
4 13 0 8 10 14 2.64575
4 13 0 8 11 12 2.44949
4 13 0 8 11 14 2.52543
4 13 0 8 12 14 2.53899
4 13 0 9 10 11 2.61406
4 13 0 9 10 12 2.60419
4 13 0 9 10 14 2.67435
4 13 0 9 11 12 2.53899
4 13 0 9 11 14 2.62216
4 13 0 9 12 14 2.61861
4 13 0 10 11 12 2.52543
4 13 0 10 11 14 2.61406
4 13 0 10 12 14 2.64575
4 13 0 11 12 14 2.53722
4 13 1 2 3 5 1.41421
4 13 1 2 3 6 1.41421
4 13 1 2 3 7 1.41421
4 13 1 2 3 8 1.41421
4 13 1 2 3 9 1.41421
4 13 1 2 3 10 1.41421
4 13 1 2 3 11 1.41421
4 13 1 2 3 12 1.41421
4 13 1 2 3 14 1.41421
4 13 1 2 5 6 1.41421
4 13 1 2 5 7 1.62019
4 13 1 2 5 8 1.73205
4 13 1 2 5 9 1.62019
4 13 1 2 5 10 1.73205
4 13 1 2 5 11 1.41421
4 13 1 2 5 12 1.73205
4 13 1 2 5 14 1.73205
4 13 1 2 6 7 1.41421
4 13 1 2 6 8 1.62019
4 13 1 2 6 9 1.62019
4 13 1 2 6 10 1.62019
4 13 1 2 6 11 1.41421
4 13 1 2 6 12 1.62019
4 13 1 2 6 14 1.62019
4 13 1 2 7 8 1.62019
4 13 1 2 7 9 1.41421
4 13 1 2 7 10 1.62019
4 13 1 2 7 11 1.41421
4 13 1 2 7 12 1.62019
4 13 1 2 7 14 1.62019
4 13 1 2 8 9 1.73205
4 13 1 2 8 10 1.81265
4 13 1 2 8 11 1.41421
4 13 1 2 8 12 1.81265
4 13 1 2 8 14 1.81265
4 13 1 2 9 10 1.73205
4 13 1 2 9 11 1.41421
4 13 1 2 9 12 1.73205
4 13 1 2 9 14 1.73205
4 13 1 2 10 11 1.41421
4 13 1 2 10 12 1.81265
4 13 1 2 10 14 1.81265
4 13 1 2 11 12 1.41421
4 13 1 2 11 14 1.41421
4 13 1 2 12 14 1.81265
4 13 1 3 5 6 1.41421
4 13 1 3 5 7 1.41421
4 13 1 3 5 8 1.41421
4 13 1 3 5 9 1.41421
4 13 1 3 5 10 1.41421
4 13 1 3 5 11 1.41421
4 13 1 3 5 12 1.41421
4 13 1 3 5 14 1.41421
4 13 1 3 6 7 1.41421
4 13 1 3 6 8 1.41421
4 13 1 3 6 9 1.41421
4 13 1 3 6 10 1.41421
4 13 1 3 6 11 1.41421
4 13 1 3 6 12 1.41421
4 13 1 3 6 14 1.41421
4 13 1 3 7 8 1.41421
4 13 1 3 7 9 1.41421
4 13 1 3 7 10 1.41421
4 13 1 3 7 11 1.41421
4 13 1 3 7 12 1.41421
4 13 1 3 7 14 1.41421
4 13 1 3 8 9 1.41421
4 13 1 3 8 10 1.41421
4 13 1 3 8 11 1.41421
4 13 1 3 8 12 1.41421
4 13 1 3 8 14 1.41421
4 13 1 3 9 10 1.41421
4 13 1 3 9 11 1.41421
4 13 1 3 9 12 1.41421
4 13 1 3 9 14 1.41421
4 13 1 3 10 11 1.41421
4 13 1 3 10 12 1.41421
4 13 1 3 10 14 1.41421
4 13 1 3 11 12 1.41421
4 13 1 3 11 14 1.41421
4 13 1 3 12 14 1.41421
4 13 1 5 6 7 1.41421
4 13 1 5 6 8 1.73205
4 13 1 5 6 9 1.73205
4 13 1 5 6 10 1.73205
4 13 1 5 6 11 1.41421
4 13 1 5 6 12 1.73205
4 13 1 5 6 14 1.73205
4 13 1 5 7 8 1.73205
4 13 1 5 7 9 1.62019
4 13 1 5 7 10 1.73205
4 13 1 5 7 11 1.41421
4 13 1 5 7 12 1.73205
4 13 1 5 7 14 1.73205
4 13 1 5 8 9 1.85164
4 13 1 5 8 10 1.90693
4 13 1 5 8 11 1.41421
4 13 1 5 8 12 1.90693
4 13 1 5 8 14 1.90693
4 13 1 5 9 10 1.85164
4 13 1 5 9 11 1.41421
4 13 1 5 9 12 1.85164
4 13 1 5 9 14 1.85164
4 13 1 5 10 11 1.41421
4 13 1 5 10 12 1.90693
4 13 1 5 10 14 1.90693
4 13 1 5 11 12 1.41421
4 13 1 5 11 14 1.41421
4 13 1 5 12 14 1.90693
4 13 1 6 7 8 1.62019
4 13 1 6 7 9 1.62019
4 13 1 6 7 10 1.62019
4 13 1 6 7 11 1.41421
4 13 1 6 7 12 1.62019
4 13 1 6 7 14 1.62019
4 13 1 6 8 9 2.13664
4 13 1 6 8 10 2.13664
4 13 1 6 8 11 2
4 13 1 6 8 12 2.13664
4 13 1 6 8 14 2.13664
4 13 1 6 9 10 2.13664
4 13 1 6 9 11 2
4 13 1 6 9 12 2.13664
4 13 1 6 9 14 2.13664
4 13 1 6 10 11 2
4 13 1 6 10 12 2.13664
4 13 1 6 10 14 2.13664
4 13 1 6 11 12 2
4 13 1 6 11 14 2
4 13 1 6 12 14 2.13664
4 13 1 7 8 9 1.73205
4 13 1 7 8 10 1.81265
4 13 1 7 8 11 1.41421
4 13 1 7 8 12 1.81265
4 13 1 7 8 14 1.81265
4 13 1 7 9 10 1.73205
4 13 1 7 9 11 1.41421
4 13 1 7 9 12 1.73205
4 13 1 7 9 14 1.73205
4 13 1 7 10 11 1.41421
4 13 1 7 10 12 1.81265
4 13 1 7 10 14 1.81265
4 13 1 7 11 12 1.41421
4 13 1 7 11 14 1.41421
4 13 1 7 12 14 1.81265
4 13 1 8 9 10 2.16025
4 13 1 8 9 11 2
4 13 1 8 9 12 2.16025
4 13 1 8 9 14 2.16025
4 13 1 8 10 11 2
4 13 1 8 10 12 2.19089
4 13 1 8 10 14 2.19089
4 13 1 8 11 12 2
4 13 1 8 11 14 2
4 13 1 8 12 14 2.19089
4 13 1 9 10 11 2
4 13 1 9 10 12 2.16025
4 13 1 9 10 14 2.16025
4 13 1 9 11 12 2
4 13 1 9 11 14 2
4 13 1 9 12 14 2.16025
4 13 1 10 11 12 2
4 13 1 10 11 14 2
4 13 1 10 12 14 2.19089
4 13 1 11 12 14 2
4 13 2 3 5 6 1.90693
4 13 2 3 5 7 1.73205
4 13 2 3 5 8 1.41421
4 13 2 3 5 9 1.90693
4 13 2 3 5 10 1.73205
4 13 2 3 5 11 1.90693
4 13 2 3 5 12 1.73205
4 13 2 3 5 14 1.85164
4 13 2 3 6 7 1.73205
4 13 2 3 6 8 1.62019
4 13 2 3 6 9 2
4 13 2 3 6 10 1.85164
4 13 2 3 6 11 2
4 13 2 3 6 12 1.81265
4 13 2 3 6 14 1.93309
4 13 2 3 7 8 1.41421
4 13 2 3 7 9 1.73205
4 13 2 3 7 10 1.41421
4 13 2 3 7 11 1.73205
4 13 2 3 7 12 1.62019
4 13 2 3 7 14 1.62019
4 13 2 3 8 9 1.62019
4 13 2 3 8 10 1.62019
4 13 2 3 8 11 1.62019
4 13 2 3 8 12 1.41421
4 13 2 3 8 14 1.62019
4 13 2 3 9 10 1.85164
4 13 2 3 9 11 2
4 13 2 3 9 12 1.81265
4 13 2 3 9 14 1.93309
4 13 2 3 10 11 1.85164
4 13 2 3 10 12 1.62019
4 13 2 3 10 14 1.85164
4 13 2 3 11 12 1.81265
4 13 2 3 11 14 1.93309
4 13 2 3 12 14 1.73205
4 13 2 5 6 7 1.73205
4 13 2 5 6 8 1.73205
4 13 2 5 6 9 2.01187
4 13 2 5 6 10 1.90693
4 13 2 5 6 11 2
4 13 2 5 6 12 2
4 13 2 5 6 14 2
4 13 2 5 7 8 1.62019
4 13 2 5 7 9 1.73205
4 13 2 5 7 10 1.62019
4 13 2 5 7 11 1.73205
4 13 2 5 7 12 1.62019
4 13 2 5 7 14 1.62019
4 13 2 5 8 9 1.81265
4 13 2 5 8 10 2
4 13 2 5 8 11 1.62019
4 13 2 5 8 12 1.81265
4 13 2 5 8 14 2
4 13 2 5 9 10 1.93309
4 13 2 5 9 11 2
4 13 2 5 9 12 2
4 13 2 5 9 14 2
4 13 2 5 10 11 1.85164
4 13 2 5 10 12 2
4 13 2 5 10 14 1.96214
4 13 2 5 11 12 1.81265
4 13 2 5 11 14 1.93309
4 13 2 5 12 14 2
4 13 2 6 7 8 1
4 13 2 6 7 9 1.73205
4 13 2 6 7 10 1.41421
4 13 2 6 7 11 1.73205
4 13 2 6 7 12 1.62019
4 13 2 6 7 14 1.62019
4 13 2 6 8 9 1.93309
4 13 2 6 8 10 1.93309
4 13 2 6 8 11 1.85164
4 13 2 6 8 12 1.85164
4 13 2 6 8 14 1.93309
4 13 2 6 9 10 2.04939
4 13 2 6 9 11 2.08167
4 13 2 6 9 12 2
4 13 2 6 9 14 2.09938
4 13 2 6 10 11 2.00294
4 13 2 6 10 12 1.93309
4 13 2 6 10 14 2.04939
4 13 2 6 11 12 1.93309
4 13 2 6 11 14 2.04939
4 13 2 6 12 14 2
4 13 2 7 8 9 1.41421
4 13 2 7 8 10 1.62019
4 13 2 7 8 11 1
4 13 2 7 8 12 1.62019
4 13 2 7 8 14 1.62019
4 13 2 7 9 10 1.41421
4 13 2 7 9 11 1.73205
4 13 2 7 9 12 1.62019
4 13 2 7 9 14 1.62019
4 13 2 7 10 11 1.41421
4 13 2 7 10 12 1.62019
4 13 2 7 10 14 1.62019
4 13 2 7 11 12 1.62019
4 13 2 7 11 14 1.62019
4 13 2 7 12 14 1.62019
4 13 2 8 9 10 2
4 13 2 8 9 11 1.85164
4 13 2 8 9 12 1.90693
4 13 2 8 9 14 2
4 13 2 8 10 11 1.85164
4 13 2 8 10 12 1.93309
4 13 2 8 10 14 2
4 13 2 8 11 12 1.73205
4 13 2 8 11 14 1.85164
4 13 2 8 12 14 1.93309
4 13 2 9 10 11 2.00294
4 13 2 9 10 12 2
4 13 2 9 10 14 2.08167
4 13 2 9 11 12 1.93309
4 13 2 9 11 14 2.04939
4 13 2 9 12 14 2.01187
4 13 2 10 11 12 1.85164
4 13 2 10 11 14 2.00294
4 13 2 10 12 14 2
4 13 2 11 12 14 1.90693
4 13 3 5 6 7 1.90693
4 13 3 5 6 8 1.73205
4 13 3 5 6 9 2.10357
4 13 3 5 6 10 2
4 13 3 5 6 11 2.10357
4 13 3 5 6 12 1.90693
4 13 3 5 6 14 2.07802
4 13 3 5 7 8 1.41421
4 13 3 5 7 9 1.90693
4 13 3 5 7 10 1.73205
4 13 3 5 7 11 1.90693
4 13 3 5 7 12 1.73205
4 13 3 5 7 14 1.85164
4 13 3 5 8 9 1.73205
4 13 3 5 8 10 1.73205
4 13 3 5 8 11 1.73205
4 13 3 5 8 12 1.41421
4 13 3 5 8 14 1.73205
4 13 3 5 9 10 2
4 13 3 5 9 11 2.10357
4 13 3 5 9 12 1.90693
4 13 3 5 9 14 2.07802
4 13 3 5 10 11 2
4 13 3 5 10 12 1.73205
4 13 3 5 10 14 2
4 13 3 5 11 12 1.90693
4 13 3 5 11 14 2.07802
4 13 3 5 12 14 1.85164
4 13 3 6 7 8 1.62019
4 13 3 6 7 9 2
4 13 3 6 7 10 1.85164
4 13 3 6 7 11 2
4 13 3 6 7 12 1.81265
4 13 3 6 7 14 1.93309
4 13 3 6 8 9 2.13664
4 13 3 6 8 10 2.13664
4 13 3 6 8 11 2.13664
4 13 3 6 8 12 2
4 13 3 6 8 14 2.13664
4 13 3 6 9 10 2.28709
4 13 3 6 9 11 2.33699
4 13 3 6 9 12 2.19089
4 13 3 6 9 14 2.32266
4 13 3 6 10 11 2.28709
4 13 3 6 10 12 2.13664
4 13 3 6 10 14 2.28709
4 13 3 6 11 12 2.19089
4 13 3 6 11 14 2.32266
4 13 3 6 12 14 2.16025
4 13 3 7 8 9 1.62019
4 13 3 7 8 10 1.62019
4 13 3 7 8 11 1.62019
4 13 3 7 8 12 1.41421
4 13 3 7 8 14 1.62019
4 13 3 7 9 10 1.85164
4 13 3 7 9 11 2
4 13 3 7 9 12 1.81265
4 13 3 7 9 14 1.93309
4 13 3 7 10 11 1.85164
4 13 3 7 10 12 1.62019
4 13 3 7 10 14 1.85164
4 13 3 7 11 12 1.81265
4 13 3 7 11 14 1.93309
4 13 3 7 12 14 1.73205
4 13 3 8 9 10 2.13664
4 13 3 8 9 11 2.13664
4 13 3 8 9 12 2
4 13 3 8 9 14 2.13664
4 13 3 8 10 11 2.13664
4 13 3 8 10 12 2
4 13 3 8 10 14 2.13664
4 13 3 8 11 12 2
4 13 3 8 11 14 2.13664
4 13 3 8 12 14 2
4 13 3 9 10 11 2.28709
4 13 3 9 10 12 2.13664
4 13 3 9 10 14 2.28709
4 13 3 9 11 12 2.19089
4 13 3 9 11 14 2.32266
4 13 3 9 12 14 2.16025
4 13 3 10 11 12 2.13664
4 13 3 10 11 14 2.28709
4 13 3 10 12 14 2.13664
4 13 3 11 12 14 2.16025
4 13 5 6 7 8 1.73205
4 13 5 6 7 9 2.01187
4 13 5 6 7 10 1.90693
4 13 5 6 7 11 2
4 13 5 6 7 12 2
4 13 5 6 7 14 2
4 13 5 6 8 9 2.23607
4 13 5 6 8 10 2.23607
4 13 5 6 8 11 2.13664
4 13 5 6 8 12 2.13664
4 13 5 6 8 14 2.23607
4 13 5 6 9 10 2.35488
4 13 5 6 9 11 2.33699
4 13 5 6 9 12 2.28446
4 13 5 6 9 14 2.39046
4 13 5 6 10 11 2.28709
4 13 5 6 10 12 2.23607
4 13 5 6 10 14 2.35488
4 13 5 6 11 12 2.19089
4 13 5 6 11 14 2.32266
4 13 5 6 12 14 2.26385
4 13 5 7 8 9 1.81265
4 13 5 7 8 10 2
4 13 5 7 8 11 1.62019
4 13 5 7 8 12 1.81265
4 13 5 7 8 14 2
4 13 5 7 9 10 1.93309
4 13 5 7 9 11 2
4 13 5 7 9 12 2
4 13 5 7 9 14 2
4 13 5 7 10 11 1.85164
4 13 5 7 10 12 2
4 13 5 7 10 14 1.96214
4 13 5 7 11 12 1.81265
4 13 5 7 11 14 1.93309
4 13 5 7 12 14 2
4 13 5 8 9 10 2.26385
4 13 5 8 9 11 2.13664
4 13 5 8 9 12 2.16025
4 13 5 8 9 14 2.26385
4 13 5 8 10 11 2.13664
4 13 5 8 10 12 2.19089
4 13 5 8 10 14 2.28446
4 13 5 8 11 12 2
4 13 5 8 11 14 2.13664
4 13 5 8 12 14 2.19089
4 13 5 9 10 11 2.28709
4 13 5 9 10 12 2.26385
4 13 5 9 10 14 2.37697
4 13 5 9 11 12 2.19089
4 13 5 9 11 14 2.32266
4 13 5 9 12 14 2.3094
4 13 5 10 11 12 2.13664
4 13 5 10 11 14 2.28709
4 13 5 10 12 14 2.28446
4 13 5 11 12 14 2.16025
4 13 6 7 8 9 1.93309
4 13 6 7 8 10 1.93309
4 13 6 7 8 11 1.85164
4 13 6 7 8 12 1.85164
4 13 6 7 8 14 1.93309
4 13 6 7 9 10 2.04939
4 13 6 7 9 11 2.08167
4 13 6 7 9 12 2
4 13 6 7 9 14 2.09938
4 13 6 7 10 11 2.00294
4 13 6 7 10 12 1.93309
4 13 6 7 10 14 2.04939
4 13 6 7 11 12 1.93309
4 13 6 7 11 14 2.04939
4 13 6 7 12 14 2
4 13 6 8 9 10 2.58844
4 13 6 8 9 11 2.52543
4 13 6 8 9 12 2.52543
4 13 6 8 9 14 2.58844
4 13 6 8 10 11 2.52543
4 13 6 8 10 12 2.52543
4 13 6 8 10 14 2.58844
4 13 6 8 11 12 2.44949
4 13 6 8 11 14 2.52543
4 13 6 8 12 14 2.52543
4 13 6 9 10 11 2.61406
4 13 6 9 10 12 2.58844
4 13 6 9 10 14 2.66231
4 13 6 9 11 12 2.53899
4 13 6 9 11 14 2.62216
4 13 6 9 12 14 2.60419
4 13 6 10 11 12 2.52543
4 13 6 10 11 14 2.61406
4 13 6 10 12 14 2.58844
4 13 6 11 12 14 2.53722
4 13 7 8 9 10 2
4 13 7 8 9 11 1.85164
4 13 7 8 9 12 1.90693
4 13 7 8 9 14 2
4 13 7 8 10 11 1.85164
4 13 7 8 10 12 1.93309
4 13 7 8 10 14 2
4 13 7 8 11 12 1.73205
4 13 7 8 11 14 1.85164
4 13 7 8 12 14 1.93309
4 13 7 9 10 11 2.00294
4 13 7 9 10 12 2
4 13 7 9 10 14 2.08167
4 13 7 9 11 12 1.93309
4 13 7 9 11 14 2.04939
4 13 7 9 12 14 2.01187
4 13 7 10 11 12 1.85164
4 13 7 10 11 14 2.00294
4 13 7 10 12 14 2
4 13 7 11 12 14 1.90693
4 13 8 9 10 11 2.52543
4 13 8 9 10 12 2.53722
4 13 8 9 10 14 2.60419
4 13 8 9 11 12 2.44949
4 13 8 9 11 14 2.52543
4 13 8 9 12 14 2.53722
4 13 8 10 11 12 2.44949
4 13 8 10 11 14 2.52543
4 13 8 10 12 14 2.53899
4 13 8 11 12 14 2.44949
4 13 9 10 11 12 2.52543
4 13 9 10 11 14 2.61406
4 13 9 10 12 14 2.60419
4 13 9 11 12 14 2.53722
4 13 10 11 12 14 2.52543
