3 13 0 1 2
3 13 0 2 2.16025
3 13 0 4 2.33699
3 13 0 5 2.15297
3 13 0 6 2.50333
3 13 0 7 2.16025
3 13 0 8 2.28446
3 13 0 9 2.50333
3 13 0 10 2.35488
3 13 0 11 2.50333
3 13 0 12 2.44949
3 13 0 14 2.46311
3 13 1 2 1.90693
3 13 1 4 1.41421
3 13 1 5 1.73205
3 13 1 6 2
3 13 1 7 1.90693
3 13 1 8 1.90693
3 13 1 9 2
3 13 1 10 1.73205
3 13 1 11 2
3 13 1 12 2
3 13 1 14 1.90693
3 13 2 4 2
3 13 2 5 2
3 13 2 6 2.16025
3 13 2 7 2
3 13 2 8 2
3 13 2 9 2.16025
3 13 2 10 1.90693
3 13 2 11 2.16025
3 13 2 12 2.10639
3 13 2 14 2.10639
3 13 4 5 2.10357
3 13 4 6 2.33699
3 13 4 7 2
3 13 4 8 2.13664
3 13 4 9 2.33699
3 13 4 10 2.28709
3 13 4 11 2.33699
3 13 4 12 2.19089
3 13 4 14 2.32266
3 13 5 6 2.15297
3 13 5 7 2
3 13 5 8 1.73205
3 13 5 9 2.15297
3 13 5 10 2
3 13 5 11 2.15297
3 13 5 12 2
3 13 5 14 2.10357
3 13 6 7 2.16025
3 13 6 8 2.28446
3 13 6 9 2.50333
3 13 6 10 2.35488
3 13 6 11 2.50333
3 13 6 12 2.44949
3 13 6 14 2.46311
3 13 7 8 2
3 13 7 9 2.16025
3 13 7 10 1.90693
3 13 7 11 2.16025
3 13 7 12 2.10639
3 13 7 14 2.10639
3 13 8 9 2.28446
3 13 8 10 2.23607
3 13 8 11 2.28446
3 13 8 12 2.19089
3 13 8 14 2.26385
3 13 9 10 2.35488
3 13 9 11 2.50333
3 13 9 12 2.44949
3 13 9 14 2.46311
3 13 10 11 2.35488
3 13 10 12 2.23607
3 13 10 14 2.35488
3 13 11 12 2.44949
3 13 11 14 2.46311
3 13 12 14 2.38048
