0 1
1 2
2 0
3 2
3 1
4 0
4 1
5 3
5 1
6 2
6 4
7 2
7 6
8 3
8 0
9 2
9 8
10 1
10 2
11 5
11 2
12 8
12 6
13 0
13 7
14 0
14 13
15 0
15 1
16 14
16 3
17 3
17 4
18 13
18 0
19 6
19 3
20 0
20 13
21 13
21 1
22 0
22 2
23 4
23 16
24 23
24 20
25 19
25 11
26 15
26 24
27 19
27 18
28 2
28 20
29 21
29 12
30 24
30 13
31 17
31 30
32 14
32 6
33 13
33 30
34 18
34 0
35 29
35 21
36 15
36 17
37 1
37 13
38 1
38 22
39 33
39 30
40 5
40 34
41 24
41 7
42 12
42 18
43 6
43 0
44 23
44 5
45 19
45 24
46 36
46 16
47 18
47 23
48 3
48 0
49 30
49 18
50 14
50 1
51 19
51 14
52 10
52 50
53 7
53 13
54 2
54 39
55 49
55 26
56 32
56 0
57 2
57 15
58 15
58 2
59 13
59 0
60 14
60 45
61 13
61 0
62 58
62 41
63 8
63 24
64 1
64 30
65 6
65 3
66 58
66 13
67 1
67 3
68 14
68 54
69 24
69 14
70 1
70 13
71 1
71 31
72 1
72 3
73 2
73 1
74 1
74 47
75 30
75 63
76 1
76 2
77 71
77 55
78 71
78 38
79 0
79 20
80 6
80 64
81 58
81 1
82 3
82 29
83 3
83 69
84 52
84 64
85 4
85 71
86 36
86 63
87 36
87 8
88 27
88 2
89 47
89 0
90 16
90 13
91 29
91 15
92 1
92 5
93 0
93 1
94 71
94 1
95 43
95 24
96 71
96 0
97 14
97 40
98 94
98 88
99 58
99 97
100 47
100 30
101 1
101 0
102 73
102 14
103 78
103 37
104 11
104 0
105 0
105 78
106 19
106 29
107 28
107 14
108 18
108 21
109 71
109 45
110 84
110 89
111 44
111 82
112 61
112 9
113 24
113 39
114 19
114 7
115 3
115 25
116 0
116 21
117 30
117 59
118 58
118 36
119 75
119 66
120 27
120 14
121 102
121 10
122 18
122 11
123 6
123 66
124 3
124 21
125 3
125 57
126 6
126 29
127 12
127 49
128 82
128 9
129 61
129 48
130 17
130 76
131 6
131 0
132 100
132 70
133 23
133 2
134 7
134 41
135 83
135 13
136 96
136 88
137 4
137 0
138 11
138 12
139 34
139 28
140 49
140 13
141 3
141 58
142 0
142 65
143 0
143 71
144 66
144 116
145 8
145 49
146 5
146 61
147 78
147 58
148 73
148 13
149 43
149 78
150 67
150 60
151 6
151 110
152 48
152 135
153 57
153 0
154 8
154 18
155 145
155 14
156 0
156 123
157 19
157 5
158 45
158 36
159 68
159 65
160 135
160 1
161 78
161 33
162 30
162 6
163 71
163 32
164 89
164 12
165 97
165 41
166 71
166 18
167 80
167 99
168 53
168 165
169 6
169 119
170 17
170 0
171 37
171 163
172 4
172 75
173 105
173 61
174 58
174 116
175 37
175 18
176 50
176 0
177 14
177 92
178 131
178 24
179 6
179 11
180 4
180 91
181 7
181 79
182 30
182 20
183 7
183 19
184 2
184 171
185 17
185 4
186 117
186 167
187 20
187 159
188 23
188 71
189 1
189 97
190 45
190 10
191 73
191 79
192 43
192 76
193 18
193 33
194 3
194 145
195 134
195 73
196 101
196 3
197 3
197 13
198 85
198 178
199 11
199 44
200 13
200 104
201 88
201 83
202 122
202 188
203 97
203 6
204 148
204 11
205 202
205 65
206 203
206 13
207 57
207 6
208 75
208 136
209 92
209 82
210 0
210 190
211 3
211 25
212 7
212 137
213 29
213 78
214 137
214 0
215 7
215 112
216 27
216 74
217 29
217 188
218 60
218 13
219 40
219 166
220 56
220 179
221 58
221 64
222 82
222 36
223 1
223 3
224 25
224 29
225 185
225 167
226 115
226 1
227 3
227 8
228 138
228 69
229 94
229 8
230 116
230 14
231 207
231 71
232 94
232 214
233 10
233 188
234 25
234 54
235 2
235 115
236 16
236 100
237 60
237 57
238 71
238 161
239 2
239 237
240 71
240 228
241 107
241 20
242 75
242 68
243 7
243 4
244 188
244 71
245 1
245 90
246 229
246 58
247 175
247 20
248 31
248 35
249 0
249 162
250 140
250 208
251 43
251 14
252 211
252 79
253 29
253 3
254 85
254 210
255 31
255 45
256 13
256 249
257 95
257 205
258 112
258 31
259 110
259 88
260 15
260 145
261 20
261 36
262 63
262 13
263 3
263 44
264 29
264 0
265 96
265 117
266 177
266 0
267 26
267 3
268 114
268 29
269 7
269 5
270 20
270 3
271 240
271 0
272 240
272 178
273 25
273 1
274 1
274 118
275 240
275 267
276 24
276 192
277 46
277 113
278 56
278 223
279 236
279 76
280 45
280 29
281 82
281 29
282 175
282 68
283 23
283 94
284 209
284 135
285 16
285 203
286 200
286 39
287 211
287 115
288 54
288 144
289 193
289 286
290 255
290 265
291 237
291 199
292 58
292 263
293 57
293 104
294 123
294 260
295 0
295 50
296 88
296 6
297 61
297 76
298 6
298 214
299 295
299 10
300 259
300 278
301 254
301 37
302 16
302 45
303 84
303 188
304 149
304 214
305 95
305 3
306 27
306 110
307 297
307 76
308 84
308 6
309 152
309 247
310 237
310 188
311 49
311 12
312 43
312 170
313 8
313 300
314 188
314 207
315 1
315 90
316 188
316 130
317 16
317 188
318 207
318 299
319 135
319 145
320 89
320 0
321 54
321 85
322 309
322 131
323 214
323 195
324 227
324 146
325 112
325 44
326 65
326 252
327 124
327 11
328 95
328 297
329 193
329 288
330 14
330 11
331 65
331 1
332 139
332 286
333 1
333 66
334 1
334 29
335 14
335 199
336 90
336 0
337 130
337 1
338 236
338 45
339 240
339 119
340 304
340 1
341 188
341 220
342 39
342 47
343 33
343 165
344 228
344 36
345 29
345 170
346 123
346 88
347 36
347 157
348 96
348 305
349 134
349 85
350 78
350 114
351 57
351 307
352 43
352 199
353 13
353 6
354 97
354 1
355 91
355 24
356 156
356 97
357 99
357 24
358 0
358 248
359 292
359 45
360 1
360 299
361 29
361 0
362 193
362 43
363 219
363 33
364 338
364 77
365 67
365 272
366 245
366 64
367 16
367 225
368 3
368 331
369 46
369 3
370 6
370 97
371 110
371 18
372 172
372 0
373 234
373 97
374 90
374 211
375 331
375 141
376 337
376 85
377 25
377 366
378 103
378 270
379 2
379 20
380 174
380 13
381 380
381 13
382 14
382 115
383 37
383 372
384 3
384 90
385 79
385 2
386 1
386 170
387 209
387 146
388 104
388 23
389 0
389 101
390 88
390 158
391 269
391 1
392 11
392 53
393 13
393 208
394 7
394 223
395 30
395 47
396 41
396 374
397 254
397 91
398 8
398 57
399 272
399 16
400 36
400 306
401 15
401 0
402 3
402 199
403 2
403 320
404 23
404 54
405 130
405 83
406 49
406 373
407 185
407 254
408 326
408 63
409 73
409 13
410 225
410 13
411 275
411 237
412 18
412 12
413 2
413 240
414 64
414 132
415 148
415 404
416 21
416 0
417 46
417 76
418 10
418 344
419 36
419 14
420 46
420 121
421 60
421 136
422 17
422 343
423 161
423 116
424 18
424 387
425 331
425 258
426 16
426 327
427 18
427 114
428 115
428 3
429 41
429 76
430 24
430 53
431 155
431 2
432 275
432 33
433 283
433 6
434 328
434 43
435 97
435 211
436 342
436 15
437 30
437 144
438 111
438 97
439 423
439 40
440 278
440 2
441 6
441 125
442 179
442 327
443 0
443 14
444 442
444 429
445 14
445 161
446 54
446 236
447 17
447 426
448 18
448 177
449 61
449 76
450 31
450 23
451 247
451 199
452 5
452 3
453 144
453 46
454 184
454 84
455 437
455 288
456 79
456 8
457 6
457 10
458 389
458 24
459 138
459 47
460 304
460 78
461 48
461 98
462 30
462 426
463 391
463 153
464 58
464 436
465 3
465 13
466 222
466 29
467 179
467 58
468 4
468 338
469 24
469 206
470 123
470 316
471 386
471 97
472 367
472 111
473 116
473 63
474 29
474 307
475 45
475 1
476 240
476 350
477 323
477 77
478 18
478 319
479 145
479 146
480 5
480 446
481 0
481 437
482 73
482 171
483 88
483 37
484 455
484 53
485 265
485 463
486 414
486 29
487 49
487 30
488 15
488 404
489 44
489 384
490 278
490 273
491 6
491 9
492 27
492 73
493 379
493 106
494 269
494 454
495 110
495 6
496 12
496 105
497 0
497 329
498 383
498 59
499 145
499 444
500 439
500 45
501 193
501 361
502 291
502 104
503 371
503 375
504 98
504 139
505 292
505 246
506 63
506 125
507 436
507 424
508 445
508 349
509 241
509 63
510 6
510 463
511 413
511 18
512 263
512 7
513 379
513 216
514 201
514 289
515 18
515 455
516 288
516 166
517 245
517 283
518 398
518 244
519 71
519 19
520 292
520 355
521 92
521 170
522 96
522 284
523 0
523 181
524 24
524 60
525 69
525 209
526 484
526 97
527 29
527 13
528 3
528 36
529 60
529 3
530 405
530 13
531 24
531 313
532 243
532 404
533 10
533 499
534 449
534 92
535 14
535 529
536 518
536 14
537 379
537 279
538 515
538 338
539 13
539 14
540 14
540 106
541 222
541 396
542 61
542 45
543 114
543 302
544 181
544 494
545 205
545 296
546 106
546 122
547 46
547 21
548 450
548 370
549 78
549 107
550 83
550 95
551 247
551 20
552 90
552 234
553 0
553 293
554 57
554 329
555 31
555 465
556 541
556 233
557 226
557 11
558 380
558 185
559 11
559 390
560 410
560 22
561 382
561 200
562 0
562 404
563 549
563 83
564 463
564 332
565 77
565 225
566 44
566 534
567 226
567 382
568 414
568 83
569 30
569 351
570 58
570 509
571 275
571 522
572 446
572 82
573 18
573 19
574 484
574 427
575 58
575 184
576 431
576 0
577 33
577 42
578 194
578 248
579 510
579 231
580 30
580 1
581 188
581 7
582 175
582 1
583 2
583 223
584 417
584 6
585 368
585 6
586 33
586 83
587 32
587 14
588 65
588 63
589 529
589 126
590 3
590 539
591 24
591 0
592 0
592 6
593 586
593 199
594 3
594 59
595 295
595 479
596 176
596 286
597 235
597 60
598 63
598 551
599 58
599 506
600 28
600 130
601 97
601 29
602 0
602 417
603 276
603 115
604 296
604 100
605 41
605 267
606 222
606 138
607 3
607 320
608 99
608 577
609 30
609 13
610 37
610 171
611 344
611 146
612 534
612 236
613 515
613 418
614 605
614 551
615 412
615 295
616 24
616 558
617 514
617 272
618 12
618 173
619 76
619 288
620 295
620 336
621 46
621 443
622 209
622 219
623 119
623 502
624 15
624 329
625 551
625 2
626 30
626 6
627 49
627 218
628 381
628 2
629 310
629 371
630 14
630 193
631 288
631 450
632 365
632 591
633 55
633 13
634 473
634 2
635 293
635 492
636 85
636 82
637 437
637 163
638 532
638 20
639 264
639 63
640 3
640 439
641 246
641 214
642 20
642 410
643 245
643 13
644 3
644 56
645 116
645 155
646 431
646 2
647 161
647 81
648 332
648 333
649 2
649 539
650 193
650 387
651 14
651 20
652 538
652 14
653 304
653 39
654 147
654 123
655 251
655 628
656 270
656 3
657 227
657 260
658 73
658 287
659 170
659 267
660 248
660 205
661 24
661 144
662 451
662 388
663 291
663 568
664 617
664 8
665 7
665 121
666 507
666 324
667 336
667 338
668 30
668 161
669 12
669 30
670 5
670 3
671 132
671 281
672 277
672 404
673 73
673 585
674 79
674 75
675 222
675 121
676 81
676 141
677 553
677 220
678 5
678 56
679 328
679 71
680 79
680 431
681 289
681 308
682 6
682 235
683 131
683 1
684 118
684 472
685 163
685 502
686 158
686 17
687 77
687 15
688 506
688 6
689 178
689 634
690 371
690 179
691 502
691 189
692 64
692 609
693 523
693 67
694 289
694 37
695 13
695 188
696 457
696 44
697 3
697 0
698 2
698 20
699 438
699 230
700 506
700 7
701 499
701 39
702 647
702 364
703 15
703 119
704 90
704 424
705 0
705 1
706 46
706 8
707 0
707 19
708 63
708 613
709 515
709 1
710 551
710 180
711 652
711 125
712 75
712 5
713 676
713 361
714 54
714 31
715 145
715 36
716 408
716 97
717 116
717 10
718 506
718 549
719 73
719 13
720 0
720 199
721 19
721 398
722 617
722 239
723 118
723 31
724 67
724 418
725 68
725 10
726 460
726 267
727 6
727 384
728 198
728 527
729 303
729 170
730 47
730 22
731 661
731 70
732 287
732 404
733 14
733 295
734 95
734 219
735 484
735 24
736 150
736 510
737 653
737 733
738 130
738 110
739 17
739 286
740 498
740 114
741 642
741 2
742 249
742 2
743 30
743 1
744 655
744 147
745 58
745 13
746 75
746 704
747 730
747 144
748 15
748 554
749 243
749 3
750 272
750 583
751 99
751 675
752 561
752 0
753 193
753 31
754 30
754 0
755 0
755 475
756 307
756 45
757 543
757 613
758 0
758 100
759 234
759 110
760 181
760 118
761 387
761 291
762 31
762 19
763 307
763 272
764 72
764 3
765 41
765 12
766 84
766 29
767 29
767 101
768 19
768 304
769 121
769 457
770 0
770 434
771 182
771 167
772 254
772 75
773 258
773 29
774 14
774 162
775 161
775 490
776 764
776 510
777 185
777 626
778 536
778 106
779 761
779 31
780 339
780 140
781 37
781 437
782 535
782 78
783 555
783 48
784 584
784 116
785 185
785 237
786 513
786 630
787 144
787 434
788 220
788 222
789 43
789 772
790 546
790 545
791 231
791 731
792 0
792 12
793 94
793 331
794 29
794 97
795 1
795 90
796 395
796 86
797 492
797 0
798 754
798 82
799 24
799 208
800 540
800 696
801 106
801 765
802 560
802 484
803 328
803 287
804 498
804 6
805 688
805 603
806 158
806 8
807 281
807 10
808 337
808 158
809 623
809 354
810 378
810 275
811 138
811 131
812 755
812 14
813 25
813 323
814 13
814 7
815 551
815 650
816 85
816 614
817 102
817 13
818 104
818 211
819 691
819 509
820 2
820 728
821 414
821 29
822 620
822 13
823 404
823 583
824 153
824 118
825 752
825 2
826 65
826 701
827 814
827 509
828 154
828 617
829 90
829 199
830 637
830 424
831 574
831 640
832 49
832 60
833 249
833 41
834 675
834 408
835 327
835 305
836 88
836 756
837 209
837 264
838 1
838 618
839 65
839 182
840 159
840 619
841 83
841 619
842 158
842 463
843 116
843 697
844 30
844 66
845 510
845 694
846 219
846 238
847 416
847 67
848 61
848 201
849 29
849 510
850 215
850 599
851 3
851 293
852 817
852 0
853 79
853 494
854 131
854 210
855 175
855 289
856 320
856 100
857 383
857 289
858 35
858 389
859 660
859 188
860 56
860 14
861 189
861 583
862 418
862 301
863 36
863 745
864 15
864 863
865 612
865 2
866 144
866 3
867 673
867 451
868 378
868 574
869 436
869 109
870 163
870 36
871 431
871 748
872 493
872 0
873 3
873 182
874 3
874 617
875 850
875 3
876 310
876 118
877 401
877 49
878 94
878 579
879 279
879 755
880 539
880 474
881 771
881 1
882 73
882 191
883 12
883 644
884 2
884 18
885 840
885 394
886 37
886 343
887 97
887 1
888 47
888 150
889 33
889 300
890 39
890 454
891 33
891 169
892 729
892 161
893 427
893 845
894 846
894 748
895 863
895 795
896 556
896 604
897 477
897 61
898 283
898 59
899 795
899 395
900 774
900 199
901 202
901 313
902 626
902 14
903 379
903 43
904 63
904 155
905 134
905 720
906 45
906 607
907 208
907 584
908 96
908 424
909 320
909 85
910 13
910 96
911 275
911 236
912 455
912 783
913 9
913 3
914 96
914 304
915 244
915 380
916 566
916 75
917 12
917 438
918 279
918 2
919 83
919 207
920 338
920 3
921 726
921 106
922 16
922 23
923 97
923 129
924 7
924 846
925 311
925 2
926 796
926 19
927 12
927 42
928 200
928 912
929 31
929 192
930 29
930 110
931 255
931 3
932 595
932 158
933 39
933 487
934 53
934 158
935 742
935 285
936 229
936 0
937 1
937 515
938 787
938 5
939 163
939 534
940 90
940 629
941 210
941 36
942 46
942 664
943 498
943 18
944 47
944 527
945 56
945 47
946 137
946 836
947 344
947 534
948 541
948 571
949 6
949 188
950 222
950 929
951 268
951 148
952 53
952 934
953 372
953 23
954 380
954 23
955 287
955 397
956 82
956 114
957 264
957 18
958 909
958 482
959 528
959 32
960 40
960 274
961 331
961 135
962 166
962 16
963 394
963 31
964 97
964 238
965 2
965 309
966 540
966 361
967 236
967 499
968 57
968 158
969 176
969 19
970 103
970 275
971 482
971 310
972 188
972 37
973 441
973 924
974 861
974 110
975 289
975 0
976 572
976 54
977 13
977 372
978 625
978 130
979 951
979 193
980 187
980 320
981 61
981 243
982 288
982 198
983 112
983 913
984 3
984 847
985 34
985 59
986 0
986 680
987 18
987 490
988 571
988 592
989 729
989 418
990 379
990 6
991 326
991 807
992 29
992 137
993 73
993 938
994 14
994 469
995 110
995 187
996 1
996 29
997 645
997 96
998 976
998 732
999 13
999 890
1000 61
1000 835
1001 129
1001 83
1002 16
1002 534
1003 12
1003 82
1004 331
1004 130
1005 767
1005 76
1006 3
1006 755
1007 0
1007 61
1008 146
1008 14
1009 122
1009 831
1010 79
1010 3
1011 566
1011 878
1012 188
1012 699
1013 859
1013 746
1014 1
1014 15
1015 6
1015 60
1016 54
1016 257
1017 818
1017 683
1018 149
1018 198
1019 13
1019 29
1020 866
1020 129
1021 20
1021 10
1022 452
1022 330
1023 500
1023 122
1024 119
1024 188
1025 3
1025 275
1026 302
1026 94
1027 130
1027 394
1028 90
1028 3
1029 399
1029 56
1030 469
1030 937
1031 1
1031 8
1032 20
1032 521
1033 2
1033 10
1034 126
1034 423
1035 889
1035 59
1036 106
1036 635
1037 57
1037 53
1038 123
1038 267
1039 13
1039 130
1040 125
1040 0
1041 14
1041 241
1042 71
1042 208
1043 989
1043 59
1044 682
1044 308
1045 69
1045 3
1046 69
1046 184
1047 324
1047 683
1048 61
1048 928
1049 964
1049 384
1050 540
1050 6
1051 437
1051 3
1052 739
1052 270
1053 477
1053 461
1054 36
1054 1024
1055 363
1055 216
1056 142
1056 1
1057 452
1057 17
1058 750
1058 451
1059 373
1059 573
1060 789
1060 496
1061 455
1061 831
1062 1
1062 2
1063 484
1063 3
1064 461
1064 265
1065 653
1065 442
1066 0
1066 580
1067 499
1067 326
1068 158
1068 48
1069 307
1069 33
1070 289
1070 424
1071 16
1071 14
1072 890
1072 60
1073 122
1073 366
1074 385
1074 475
1075 207
1075 13
1076 606
1076 23
1077 387
1077 18
1078 404
1078 105
1079 655
1079 217
1080 53
1080 7
1081 185
1081 188
1082 116
1082 76
1083 513
1083 772
1084 702
1084 14
1085 468
1085 436
1086 560
1086 824
1087 931
1087 257
1088 188
1088 273
1089 437
1089 860
1090 685
1090 924
1091 0
1091 73
1092 888
1092 426
1093 126
1093 389
1094 52
1094 991
1095 161
1095 1008
1096 112
1096 542
1097 18
1097 948
1098 219
1098 1067
1099 46
1099 650
1100 933
1100 869
1101 404
1101 979
1102 388
1102 89
1103 271
1103 119
1104 200
1104 155
1105 288
1105 0
1106 523
1106 772
1107 206
1107 6
1108 82
1108 0
1109 6
1109 25
1110 83
1110 1
1111 906
1111 243
1112 95
1112 1
1113 70
1113 19
1114 688
1114 3
1115 412
1115 0
1116 1096
1116 60
1117 244
1117 690
1118 977
1118 275
1119 29
1119 663
1120 177
1120 123
1121 149
1121 722
1122 88
1122 290
1123 53
1123 651
1124 1096
1124 84
1125 578
1125 606
1126 32
1126 16
1127 0
1127 3
1128 583
1128 404
1129 14
1129 108
1130 255
1130 310
1131 36
1131 114
1132 5
1132 1099
1133 379
1133 930
1134 1097
1134 926
1135 97
1135 207
1136 99
1136 28
1137 25
1137 606
1138 126
1138 577
1139 115
1139 783
1140 469
1140 719
1141 901
1141 429
1142 189
1142 252
1143 722
1143 814
1144 290
1144 736
1145 707
1145 408
1146 820
1146 201
1147 6
1147 29
1148 330
1148 13
1149 362
1149 188
1150 46
1150 1010
1151 2
1151 355
1152 130
1152 1074
1153 500
1153 1
1154 135
1154 545
1155 929
1155 618
1156 967
1156 76
1157 807
1157 637
1158 2
1158 464
1159 338
1159 90
1160 219
1160 1136
1161 3
1161 235
1162 436
1162 667
1163 275
1163 5
1164 177
1164 470
1165 488
1165 1106
1166 52
1166 899
1167 75
1167 679
1168 880
1168 110
1169 71
1169 289
1170 97
1170 769
1171 268
1171 673
1172 262
1172 1033
1173 1105
1173 188
1174 3
1174 18
1175 286
1175 986
1176 187
1176 23
1177 942
1177 518
1178 60
1178 382
1179 438
1179 414
1180 0
1180 42
1181 44
1181 125
1182 29
1182 97
1183 851
1183 185
1184 968
1184 30
1185 985
1185 3
1186 1099
1186 193
1187 928
1187 1067
1188 756
1188 69
1189 1091
1189 222
1190 379
1190 679
1191 832
1191 452
1192 934
1192 18
1193 83
1193 270
1194 240
1194 492
1195 177
1195 59
1196 138
1196 121
1197 223
1197 1042
1198 36
1198 128
1199 1103
1199 988
1200 605
1200 52
1201 703
1201 1031
1202 118
1202 1044
1203 33
1203 96
1204 20
1204 554
1205 94
1205 281
1206 787
1206 733
1207 842
1207 382
1208 243
1208 20
1209 20
1209 448
1210 15
1210 83
1211 1175
1211 143
1212 87
1212 84
1213 592
1213 502
1214 17
1214 885
1215 30
1215 128
1216 672
1216 1133
1217 29
1217 19
1218 1
1218 622
1219 752
1219 471
1220 121
1220 392
1221 3
1221 97
1222 1
1222 6
1223 1132
1223 239
1224 611
1224 321
1225 682
1225 200
1226 344
1226 188
1227 275
1227 556
1228 1121
1228 111
1229 689
1229 566
1230 722
1230 805
1231 371
1231 0
1232 550
1232 876
1233 964
1233 159
1234 722
1234 755
1235 665
1235 10
1236 744
1236 422
1237 146
1237 0
1238 13
1238 950
1239 2
1239 228
1240 188
1240 2
1241 1178
1241 0
1242 597
1242 700
1243 671
1243 677
1244 696
1244 688
1245 1
1245 326
1246 562
1246 110
1247 752
1247 843
1248 162
1248 102
1249 324
1249 311
1250 36
1250 635
1251 18
1251 28
1252 265
1252 11
1253 28
1253 924
1254 584
1254 442
1255 1228
1255 467
1256 25
1256 861
1257 201
1257 0
1258 337
1258 329
1259 60
1259 475
1260 33
1260 826
1261 418
1261 937
1262 18
1262 598
1263 337
1263 1171
1264 1
1264 273
1265 129
1265 1128
1266 455
1266 507
1267 110
1267 240
1268 758
1268 433
1269 29
1269 344
1270 211
1270 964
1271 71
1271 275
1272 642
1272 207
1273 437
1273 43
1274 1070
1274 3
1275 130
1275 913
1276 454
1276 176
1277 270
1277 47
1278 319
1278 3
1279 987
1279 615
1280 1190
1280 539
1281 573
1281 830
1282 1067
1282 648
1283 331
1283 881
1284 769
1284 608
1285 36
1285 214
1286 365
1286 1199
1287 437
1287 494
1288 1258
1288 375
1289 590
1289 617
1290 1225
1290 0
1291 71
1291 453
1292 530
1292 346
1293 145
1293 746
1294 623
1294 31
1295 1039
1295 19
1296 1132
1296 611
1297 144
1297 136
1298 681
1298 144
1299 0
1299 1213
1300 240
1300 627
1301 2
1301 984
1302 237
1302 687
1303 965
1303 624
1304 14
1304 337
1305 927
1305 1171
1306 1039
1306 13
1307 54
1307 82
1308 207
1308 738
1309 257
1309 1067
1310 71
1310 329
1311 23
1311 69
1312 1040
1312 405
1313 196
1313 506
1314 30
1314 476
1315 712
1315 164
1316 90
1316 817
1317 44
1317 1158
1318 789
1318 6
1319 13
1319 689
1320 970
1320 751
1321 1301
1321 37
1322 106
1322 974
1323 27
1323 29
1324 88
1324 324
1325 987
1325 14
1326 16
1326 1139
1327 881
1327 808
1328 868
1328 451
1329 110
1329 134
1330 475
1330 36
1331 136
1331 595
1332 36
1332 13
1333 47
1333 553
1334 1013
1334 94
1335 870
1335 806
1336 123
1336 252
1337 19
1337 13
1338 28
1338 24
1339 665
1339 804
1340 436
1340 49
1341 101
1341 13
1342 552
1342 21
1343 110
1343 228
1344 697
1344 185
1345 679
1345 110
1346 878
1346 274
1347 747
1347 463
1348 54
1348 211
1349 1087
1349 905
1350 720
1350 1283
1351 1
1351 452
1352 444
1352 755
1353 71
1353 537
1354 951
1354 7
1355 1261
1355 3
1356 136
1356 1343
1357 298
1357 289
1358 0
1358 634
1359 54
1359 1291
1360 47
1360 220
1361 248
1361 32
1362 474
1362 509
1363 63
1363 382
1364 975
1364 19
1365 440
1365 498
1366 595
1366 804
1367 846
1367 571
1368 920
1368 646
1369 2
1369 558
1370 291
1370 69
1371 177
1371 1175
1372 32
1372 589
1373 865
1373 1106
1374 1122
1374 188
1375 1147
1375 12
1376 161
1376 608
1377 1285
1377 23
1378 3
1378 118
1379 5
1379 704
1380 45
1380 830
1381 889
1381 170
1382 482
1382 57
1383 264
1383 16
1384 451
1384 625
1385 639
1385 1261
1386 3
1386 144
1387 1315
1387 288
1388 819
1388 500
1389 0
1389 1037
1390 371
1390 82
1391 3
1391 1104
1392 31
1392 170
1393 385
1393 125
1394 110
1394 450
1395 203
1395 1314
1396 135
1396 1283
1397 1132
1397 1223
1398 554
1398 296
1399 0
1399 53
1400 19
1400 996
1401 183
1401 1266
1402 90
1402 846
1403 1305
1403 30
1404 445
1404 54
1405 65
1405 379
1406 90
1406 142
1407 410
1407 729
1408 708
1408 1172
1409 512
1409 994
1410 1008
1410 229
1411 1391
1411 147
1412 451
1412 510
1413 36
1413 2
1414 146
1414 102
1415 215
1415 2
1416 57
1416 60
1417 499
1417 149
1418 285
1418 336
1419 110
1419 249
1420 79
1420 78
1421 0
1421 1054
1422 102
1422 1132
1423 651
1423 805
1424 1359
1424 203
1425 257
1425 273
1426 734
1426 876
1427 1386
1427 881
1428 134
1428 329
1429 112
1429 725
1430 617
1430 129
1431 286
1431 873
1432 755
1432 52
1433 1348
1433 439
1434 186
1434 619
1435 329
1435 11
1436 559
1436 207
1437 51
1437 40
1438 130
1438 79
1439 83
1439 0
1440 300
1440 0
1441 389
1441 531
1442 3
1442 453
1443 22
1443 20
1444 463
1444 614
1445 502
1445 3
1446 18
1446 171
1447 534
1447 27
1448 826
1448 458
1449 28
1449 249
1450 1010
1450 861
1451 467
1451 47
1452 1411
1452 1146
1453 0
1453 842
1454 498
1454 975
1455 869
1455 539
1456 60
1456 717
1457 1260
1457 1177
1458 404
1458 328
1459 605
1459 1215
1460 31
1460 0
1461 87
1461 1241
1462 225
1462 376
1463 29
1463 1148
1464 3
1464 46
1465 716
1465 554
1466 597
1466 223
1467 882
1467 6
1468 3
1468 1244
1469 241
1469 1342
1470 3
1470 1314
1471 584
1471 5
1472 82
1472 25
1473 1266
1473 74
1474 814
1474 694
1475 1077
1475 937
1476 450
1476 1290
1477 620
1477 1
1478 80
1478 10
1479 478
1479 418
1480 394
1480 934
1481 52
1481 387
1482 67
1482 172
1483 849
1483 951
1484 20
1484 451
1485 68
1485 1166
1486 88
1486 404
1487 689
1487 975
1488 73
1488 836
1489 711
1489 1092
1490 353
1490 222
1491 286
1491 1056
1492 566
1492 6
1493 612
1493 90
1494 515
1494 1
1495 506
1495 222
1496 47
1496 33
1497 129
1497 60
1498 192
1498 220
1499 344
1499 303
1500 886
1500 29
1501 288
1501 38
1502 239
1502 71
1503 12
1503 280
1504 368
1504 3
1505 367
1505 1181
1506 209
1506 509
1507 54
1507 7
1508 899
1508 1273
1509 1
1509 172
1510 680
1510 1279
1511 18
1511 344
1512 141
1512 0
1513 851
1513 906
1514 472
1514 3
1515 1147
1515 634
1516 3
1516 540
1517 382
1517 268
1518 14
1518 67
1519 1227
1519 1366
1520 19
1520 361
1521 1008
1521 178
1522 948
1522 531
1523 1201
1523 1211
1524 8
1524 494
1525 667
1525 1298
1526 877
1526 430
1527 71
1527 295
1528 1008
1528 45
1529 209
1529 0
1530 1149
1530 390
1531 10
1531 193
1532 2
1532 1465
1533 712
1533 7
1534 482
1534 3
1535 63
1535 1387
1536 33
1536 205
1537 180
1537 110
1538 141
1538 1174
1539 30
1539 257
1540 1137
1540 300
1541 1351
1541 475
1542 6
1542 11
1543 3
1543 13
1544 583
1544 3
1545 1156
1545 1385
1546 1354
1546 1359
1547 920
1547 18
1548 79
1548 424
1549 1408
1549 87
1550 121
1550 418
1551 1549
1551 69
1552 379
1552 348
1553 1099
1553 506
1554 910
1554 1455
1555 1165
1555 533
1556 163
1556 20
1557 1551
1557 116
1558 279
1558 398
1559 535
1559 601
1560 773
1560 23
1561 500
1561 1268
1562 424
1562 23
1563 61
1563 5
1564 1037
1564 71
1565 943
1565 93
1566 689
1566 1035
1567 1302
1567 772
1568 29
1568 455
1569 71
1569 267
1570 868
1570 620
1571 60
1571 1034
1572 901
1572 1083
1573 118
1573 1556
1574 1216
1574 1347
1575 97
1575 596
1576 56
1576 220
1577 1016
1577 955
1578 839
1578 598
1579 50
1579 921
1580 534
1580 0
1581 587
1581 1557
1582 121
1582 16
1583 60
1583 647
1584 175
1584 311
1585 71
1585 75
1586 209
1586 1533
1587 734
1587 20
1588 693
1588 894
1589 110
1589 653
1590 552
1590 636
1591 788
1591 570
1592 275
1592 1211
1593 185
1593 30
1594 565
1594 529
1595 697
1595 78
1596 5
1596 442
1597 74
1597 193
1598 1
1598 4
1599 903
1599 347
1600 384
1600 361
1601 1576
1601 1261
1602 178
1602 163
1603 695
1603 1141
1604 116
1604 500
1605 278
1605 47
1606 90
1606 743
1607 934
1607 601
1608 430
1608 1092
1609 665
1609 790
1610 788
1610 42
1611 50
1611 1091
1612 0
1612 371
1613 418
1613 90
1614 339
1614 1439
1615 862
1615 316
1616 105
1616 906
1617 1532
1617 97
1618 17
1618 616
1619 1116
1619 1490
1620 95
1620 521
1621 742
1621 1321
1622 468
1622 15
1623 792
1623 692
1624 2
1624 41
1625 96
1625 116
1626 90
1626 987
1627 303
1627 3
1628 72
1628 30
1629 1278
1629 1288
1630 1038
1630 702
1631 5
1631 362
1632 527
1632 1240
1633 6
1633 359
1634 510
1634 963
1635 172
1635 44
1636 344
1636 176
1637 71
1637 244
1638 308
1638 33
1639 807
1639 1241
1640 1061
1640 1347
1641 955
1641 1202
1642 430
1642 1563
1643 162
1643 27
1644 702
1644 1161
1645 1381
1645 616
1646 165
1646 119
1647 14
1647 60
1648 19
1648 765
1649 110
1649 786
1650 810
1650 903
1651 59
1651 73
1652 1121
1652 602
1653 24
1653 223
1654 6
1654 1
1655 680
1655 89
1656 300
1656 580
1657 768
1657 987
1658 202
1658 1051
1659 240
1659 53
1660 970
1660 636
1661 310
1661 329
1662 959
1662 392
1663 874
1663 1298
1664 305
1664 49
1665 1165
1665 307
1666 734
1666 660
1667 724
1667 209
1668 361
1668 962
1669 30
1669 210
1670 1012
1670 135
1671 1178
1671 116
1672 980
1672 1078
1673 1324
1673 711
1674 130
1674 826
1675 269
1675 18
1676 67
1676 148
1677 227
1677 16
1678 554
1678 252
1679 1069
1679 1065
1680 267
1680 1307
1681 199
1681 8
1682 32
1682 319
1683 1034
1683 2
1684 308
1684 599
1685 1583
1685 402
1686 172
1686 881
1687 502
1687 1632
1688 649
1688 656
1689 24
1689 15
1690 289
1690 106
1691 1266
1691 53
1692 97
1692 1259
1693 470
1693 166
1694 756
1694 63
1695 945
1695 1297
1696 1117
1696 834
1697 330
1697 251
1698 116
1698 1079
1699 804
1699 3
1700 1315
1700 278
1701 538
1701 83
1702 175
1702 1617
1703 848
1703 629
1704 131
1704 1546
1705 136
1705 0
1706 331
1706 545
1707 430
1707 936
1708 1555
1708 880
1709 1119
1709 223
1710 555
1710 286
1711 102
1711 274
1712 1116
1712 304
1713 69
1713 984
1714 17
1714 121
1715 891
1715 206
1716 547
1716 489
1717 225
1717 936
1718 287
1718 14
1719 1487
1719 1
1720 789
1720 228
1721 1055
1721 1056
1722 130
1722 688
1723 1548
1723 18
1724 694
1724 0
1725 148
1725 1103
1726 246
1726 1537
1727 685
1727 141
1728 844
1728 1490
1729 116
1729 554
1730 270
1730 795
1731 10
1731 23
1732 52
1732 14
1733 138
1733 202
1734 76
1734 1016
1735 1127
1735 1132
1736 1385
1736 270
1737 1594
1737 1073
1738 6
1738 1056
1739 309
1739 1051
1740 69
1740 1491
1741 1
1741 1395
1742 1079
1742 371
1743 5
1743 981
1744 268
1744 1691
1745 29
1745 243
1746 1423
1746 463
1747 850
1747 0
1748 6
1748 1465
1749 105
1749 1238
1750 1266
1750 438
1751 3
1751 721
1752 292
1752 924
1753 769
1753 929
1754 1056
1754 568
1755 1735
1755 608
1756 20
1756 751
1757 292
1757 810
1758 306
1758 854
1759 68
1759 696
1760 938
1760 0
1761 103
1761 62
1762 1549
1762 98
1763 711
1763 1135
1764 1291
1764 663
1765 71
1765 640
1766 21
1766 837
1767 188
1767 71
1768 14
1768 1018
1769 1066
1769 1739
1770 0
1770 933
1771 6
1771 214
1772 1605
1772 116
1773 1437
1773 1003
1774 1659
1774 600
1775 897
1775 422
1776 24
1776 708
1777 46
1777 21
1778 0
1778 244
1779 1040
1779 30
1780 29
1780 1477
1781 423
1781 455
1782 327
1782 1051
1783 25
1783 516
1784 1060
1784 31
1785 116
1785 784
1786 1114
1786 29
1787 18
1787 241
1788 637
1788 1121
1789 1711
1789 207
1790 514
1790 7
1791 1
1791 164
1792 769
1792 2
1793 1515
1793 61
1794 640
1794 577
1795 1395
1795 680
1796 5
1796 199
1797 0
1797 1517
1798 916
1798 1164
1799 13
1799 163
1800 1720
1800 1
1801 1262
1801 110
1802 300
1802 94
1803 1106
1803 351
1804 748
1804 829
1805 1738
1805 1513
1806 303
1806 692
1807 2
1807 33
1808 932
1808 478
1809 188
1809 422
1810 1471
1810 1122
1811 539
1811 311
1812 967
1812 69
1813 867
1813 89
1814 506
1814 282
1815 697
1815 1096
1816 326
1816 413
1817 2
1817 24
1818 796
1818 1339
1819 71
1819 700
1820 24
1820 134
1821 141
1821 1204
1822 1585
1822 1195
1823 10
1823 248
1824 23
1824 41
1825 1293
1825 29
1826 1642
1826 6
1827 629
1827 297
1828 368
1828 10
1829 1121
1829 674
1830 741
1830 248
1831 558
1831 1828
1832 875
1832 19
1833 450
1833 398
1834 19
1834 7
1835 658
1835 523
1836 2
1836 14
1837 1506
1837 626
1838 1204
1838 156
1839 977
1839 556
1840 515
1840 14
1841 99
1841 1261
1842 1124
1842 95
1843 28
1843 121
1844 1211
1844 385
1845 8
1845 340
1846 702
1846 106
1847 71
1847 85
1848 1465
1848 642
1849 78
1849 159
1850 183
1850 789
1851 564
1851 134
1852 1500
1852 3
1853 76
1853 1089
1854 1372
1854 59
1855 1643
1855 897
1856 71
1856 534
1857 591
1857 64
1858 526
1858 110
1859 510
1859 1238
1860 208
1860 13
1861 539
1861 0
1862 818
1862 1400
1863 739
1863 1398
1864 448
1864 1736
1865 107
1865 3
1866 1511
1866 115
1867 1553
1867 869
1868 1
1868 11
1869 185
1869 90
1870 18
1870 1532
1871 67
1871 1626
1872 538
1872 741
1873 57
1873 868
1874 27
1874 1478
1875 353
1875 1147
1876 788
1876 651
1877 3
1877 267
1878 5
1878 2
1879 854
1879 1073
1880 1399
1880 1878
1881 831
1881 824
1882 37
1882 16
1883 890
1883 76
1884 75
1884 427
1885 0
1885 244
1886 6
1886 1365
1887 568
1887 13
1888 1684
1888 172
1889 20
1889 1545
1890 357
1890 1570
1891 697
1891 5
1892 205
1892 836
1893 58
1893 2
1894 1342
1894 255
1895 719
1895 1490
1896 711
1896 41
1897 483
1897 118
1898 917
1898 211
1899 351
1899 956
1900 1165
1900 510
1901 422
1901 1605
1902 268
1902 427
1903 482
1903 14
1904 1465
1904 1
1905 1143
1905 45
1906 959
1906 1887
1907 1447
1907 207
1908 1344
1908 1625
1909 1298
1909 19
1910 36
1910 18
1911 17
1911 559
1912 1008
1912 15
1913 498
1913 1190
1914 209
1914 1533
1915 1550
1915 119
1916 1253
1916 996
1917 6
1917 482
1918 37
1918 972
1919 1576
1919 1640
1920 30
1920 1049
1921 936
1921 1
1922 856
1922 188
1923 1000
1923 290
1924 293
1924 19
1925 28
1925 470
1926 1367
1926 84
1927 1432
1927 901
1928 901
1928 12
1929 764
1929 0
1930 2
1930 119
1931 60
1931 1
1932 976
1932 1151
1933 483
1933 1069
1934 265
1934 715
1935 490
1935 1555
1936 1162
1936 860
1937 145
1937 1726
1938 13
1938 679
1939 851
1939 694
1940 29
1940 1329
1941 1334
1941 810
1942 899
1942 663
1943 1016
1943 626
1944 237
1944 169
1945 1145
1945 57
1946 876
1946 1189
1947 14
1947 1918
1948 293
1948 308
1949 584
1949 41
1950 1453
1950 739
1951 71
1951 1859
1952 0
1952 96
1953 1274
1953 224
1954 1178
1954 1
1955 99
1955 565
1956 1837
1956 19
1957 1563
1957 412
1958 1038
1958 325
1959 578
1959 81
1960 47
1960 235
1961 744
1961 61
1962 329
1962 725
1963 1321
1963 59
1964 738
1964 177
1965 264
1965 61
1966 152
1966 599
1967 1333
1967 507
1968 539
1968 537
1969 534
1969 293
1970 1936
1970 1496
1971 745
1971 741
1972 198
1972 720
1973 235
1973 33
1974 135
1974 148
1975 130
1975 656
1976 156
1976 219
1977 1091
1977 70
1978 612
1978 994
1979 1560
1979 7
1980 29
1980 3
1981 434
1981 450
1982 1691
1982 842
1983 1970
1983 36
1984 528
1984 998
1985 1851
1985 1342
1986 403
1986 40
1987 1188
1987 162
1988 2
1988 305
1989 0
1989 187
1990 732
1990 61
1991 1016
1991 346
1992 330
1992 71
1993 166
1993 3
1994 1490
1994 73
1995 1677
1995 270
1996 970
1996 371
1997 1167
1997 1639
1998 531
1998 73
1999 651
1999 747
2000 870
2000 71
2001 521
2001 118
2002 36
2002 110
2003 860
2003 629
2004 526
2004 1182
2005 225
2005 444
2006 1197
2006 1612
2007 831
2007 204
2008 571
2008 1296
2009 1211
2009 1136
2010 209
2010 840
2011 1285
2011 222
2012 459
2012 405
2013 70
2013 68
2014 742
2014 913
2015 38
2015 100
2016 949
2016 29
2017 175
2017 275
2018 150
2018 575
2019 1528
2019 359
2020 951
2020 303
2021 1018
2021 464
2022 220
2022 0
2023 155
2023 47
2024 851
2024 1897
2025 13
2025 73
2026 1297
2026 842
2027 1735
2027 639
2028 105
2028 1168
2029 47
2029 1155
2030 20
2030 1285
2031 1664
2031 1056
2032 240
2032 6
2033 1423
2033 1509
2034 324
2034 1580
2035 357
2035 19
2036 1920
2036 1610
2037 1412
2037 388
2038 1565
2038 33
2039 163
2039 583
2040 1383
2040 37
2041 1046
2041 48
2042 1473
2042 1316
2043 1762
2043 123
2044 1246
2044 644
2045 344
2045 779
2046 1095
2046 1079
2047 1876
2047 733
2048 845
2048 846
2049 389
2049 59
2050 1301
2050 1104
2051 5
2051 1249
2052 77
2052 8
2053 1167
2053 29
2054 751
2054 1494
2055 787
2055 50
2056 1605
2056 1870
2057 349
2057 640
2058 932
2058 965
2059 618
2059 801
2060 125
2060 788
2061 596
2061 209
2062 896
2062 1090
2063 1137
2063 927
2064 1567
2064 311
2065 76
2065 1351
2066 268
2066 1099
2067 454
2067 979
2068 1070
2068 1116
2069 116
2069 385
2070 744
2070 161
2071 681
2071 5
2072 748
2072 44
2073 286
2073 130
2074 937
2074 1292
2075 141
2075 699
2076 1942
2076 489
2077 13
2077 937
2078 1073
2078 628
2079 1077
2079 1514
2080 775
2080 1769
2081 275
2081 1578
2082 126
2082 918
2083 1162
2083 1641
2084 268
2084 433
2085 61
2085 2000
2086 78
2086 1878
2087 6
2087 1231
2088 210
2088 460
2089 606
2089 6
2090 1526
2090 3
2091 70
2091 427
2092 7
2092 159
2093 613
2093 61
2094 78
2094 3
2095 260
2095 1568
2096 0
2096 793
2097 267
2097 23
2098 23
2098 758
2099 67
2099 2097
2100 115
2100 1247
2101 765
2101 36
2102 1406
2102 31
2103 1702
2103 1
2104 1617
2104 188
2105 1342
2105 88
2106 307
2106 498
2107 382
2107 956
2108 1470
2108 1386
2109 110
2109 2071
2110 228
2110 311
2111 415
2111 1361
2112 1049
2112 1681
2113 424
2113 330
2114 45
2114 130
2115 310
2115 509
2116 68
2116 1278
2117 484
2117 920
2118 259
2118 848
2119 78
2119 1258
2120 1252
2120 227
2121 1541
2121 245
2122 946
2122 639
2123 1515
2123 626
2124 643
2124 424
2125 1751
2125 1
2126 528
2126 1065
2127 1625
2127 2069
2128 0
2128 2043
2129 1762
2129 168
2130 1812
2130 0
2131 837
2131 158
2132 653
2132 1225
2133 469
2133 81
2134 56
2134 706
2135 1561
2135 65
2136 599
2136 1576
2137 1134
2137 1205
2138 1266
2138 598
2139 69
2139 207
2140 28
2140 49
2141 1769
2141 5
2142 419
2142 1590
2143 963
2143 1059
2144 323
2144 189
2145 475
2145 70
2146 331
2146 1806
2147 680
2147 2119
2148 1920
2148 1361
2149 418
2149 85
2150 1517
2150 2011
2151 2014
2151 1155
2152 185
2152 14
2153 26
2153 80
2154 27
2154 193
2155 69
2155 768
2156 349
2156 1734
2157 234
2157 168
2158 677
2158 651
2159 1569
2159 1256
2160 963
2160 2011
2161 729
2161 478
2162 29
2162 1151
2163 0
2163 427
2164 882
2164 6
2165 347
2165 431
2166 1369
2166 546
2167 75
2167 660
2168 422
2168 734
2169 729
2169 1267
2170 1303
2170 1305
2171 529
2171 1345
2172 18
2172 1456
2173 1254
2173 793
2174 1090
2174 1585
2175 758
2175 1949
2176 752
2176 116
2177 1099
2177 311
2178 37
2178 1625
2179 661
2179 124
2180 8
2180 930
2181 1916
2181 953
2182 5
2182 1631
2183 197
2183 635
2184 71
2184 1349
2185 1848
2185 782
2186 405
2186 624
2187 2043
2187 48
2188 387
2188 1831
2189 1765
2189 136
2190 1192
2190 1028
2191 185
2191 1365
2192 0
2192 1550
2193 1078
2193 1725
2194 22
2194 1106
2195 962
2195 2117
2196 170
2196 1815
2197 623
2197 1430
2198 546
2198 12
2199 99
2199 571
2200 882
2200 1
2201 2
2201 1832
2202 1799
2202 1203
2203 170
2203 42
2204 2174
2204 61
2205 141
2205 199
2206 1
2206 1840
2207 551
2207 184
2208 917
2208 927
2209 2118
2209 450
2210 608
2210 1300
2211 165
2211 116
2212 332
2212 223
2213 623
2213 1823
2214 766
2214 433
2215 75
2215 86
2216 17
2216 37
2217 529
2217 2025
2218 1801
2218 1886
2219 952
2219 191
2220 887
2220 296
2221 369
2221 3
2222 562
2222 1098
2223 14
2223 29
2224 694
2224 57
2225 992
2225 688
2226 1056
2226 618
2227 494
2227 2043
2228 14
2228 1292
2229 1108
2229 559
2230 1460
2230 633
2231 18
2231 177
2232 695
2232 2144
2233 586
2233 516
2234 82
2234 1286
2235 811
2235 1243
2236 707
2236 243
2237 289
2237 859
2238 1820
2238 1430
2239 134
2239 15
2240 158
2240 31
2241 1601
2241 1781
2242 130
2242 57
2243 1244
2243 2172
2244 188
2244 214
2245 110
2245 1354
2246 1774
2246 156
2247 1760
2247 18
2248 123
2248 43
2249 144
2249 2195
2250 828
2250 1632
2251 537
2251 411
2252 251
2252 556
2253 1768
2253 1473
2254 1332
2254 2007
2255 1660
2255 219
2256 1004
2256 16
2257 161
2257 866
2258 530
2258 436
2259 797
2259 21
2260 764
2260 885
2261 36
2261 329
2262 147
2262 344
2263 1882
2263 2034
2264 482
2264 234
2265 161
2265 467
2266 24
2266 604
2267 199
2267 219
2268 1077
2268 1634
2269 1433
2269 1458
2270 1201
2270 413
2271 1282
2271 313
2272 1937
2272 152
2273 1057
2273 925
2274 748
2274 1149
2275 316
2275 6
2276 67
2276 505
2277 1834
2277 11
2278 14
2278 265
2279 438
2279 240
2280 1166
2280 162
2281 1797
2281 245
2282 131
2282 882
2283 795
2283 929
2284 1329
2284 303
2285 980
2285 2140
2286 2161
2286 596
2287 260
2287 682
2288 242
2288 2096
2289 546
2289 401
2290 1082
2290 103
2291 431
2291 83
2292 47
2292 240
2293 617
2293 263
2294 188
2294 57
2295 680
2295 2221
2296 440
2296 2019
2297 318
2297 23
2298 583
2298 88
2299 734
2299 5
2300 45
2300 963
2301 1077
2301 58
2302 7
2302 48
2303 747
2303 1776
2304 166
2304 559
2305 1101
2305 444
2306 1027
2306 30
2307 1979
2307 203
2308 19
2308 989
2309 2143
2309 1859
2310 41
2310 307
2311 0
2311 704
2312 222
2312 1375
2313 1164
2313 854
2314 1947
2314 739
2315 3
2315 846
2316 1487
2316 968
2317 744
2317 1384
2318 1456
2318 73
2319 464
2319 2070
2320 1333
2320 1561
2321 56
2321 289
2322 56
2322 118
2323 71
2323 2177
2324 36
2324 860
2325 7
2325 1455
2326 3
2326 1837
2327 76
2327 78
2328 1954
2328 166
2329 2245
2329 125
2330 1188
2330 1019
2331 17
2331 2190
2332 1262
2332 460
2333 259
2333 299
2334 1411
2334 285
2335 506
2335 868
2336 41
2336 1561
2337 444
2337 1920
2338 2233
2338 362
2339 442
2339 452
2340 379
2340 602
2341 1280
2341 629
2342 959
2342 1209
2343 1573
2343 675
2344 446
2344 2099
2345 1411
2345 2178
2346 674
2346 2248
2347 92
2347 1691
2348 33
2348 1423
2349 1273
2349 14
2350 1211
2350 540
2351 1221
2351 478
2352 2291
2352 222
2353 61
2353 1359
2354 996
2354 2235
2355 257
2355 73
2356 1257
2356 703
2357 25
2357 1409
2358 1800
2358 447
2359 6
2359 380
2360 184
2360 2125
2361 157
2361 1552
2362 1325
2362 441
2363 467
2363 752
2364 71
2364 141
2365 11
2365 50
2366 386
2366 3
2367 1170
2367 166
2368 2089
2368 270
2369 719
2369 349
2370 430
2370 185
2371 426
2371 259
2372 213
2372 495
2373 458
2373 6
2374 99
2374 305
2375 1254
2375 1575
2376 1371
2376 228
2377 2194
2377 603
2378 542
2378 248
2379 2108
2379 1797
2380 1726
2380 904
2381 454
2381 160
2382 837
2382 650
2383 14
2383 191
2384 1979
2384 2079
2385 1232
2385 837
2386 0
2386 1997
2387 24
2387 110
2388 1387
2388 264
2389 8
2389 446
2390 2314
2390 1235
2391 792
2391 87
2392 2279
2392 2278
2393 2101
2393 845
2394 745
2394 1107
2395 2262
2395 1555
2396 780
2396 244
2397 11
2397 2148
2398 17
2398 1651
2399 24
2399 1077
2400 115
2400 48
2401 388
2401 83
2402 2318
2402 271
2403 1828
2403 2329
2404 6
2404 280
2405 733
2405 1666
2406 1747
2406 793
2407 723
2407 1454
2408 1
2408 277
2409 13
2409 1072
2410 1279
2410 884
2411 475
2411 463
2412 326
2412 1664
2413 78
2413 1934
2414 1
2414 58
2415 2144
2415 527
2416 1152
2416 728
2417 1713
2417 13
2418 956
2418 610
2419 807
2419 331
2420 105
2420 554
2421 24
2421 1
2422 8
2422 19
2423 251
2423 1264
2424 112
2424 769
2425 355
2425 23
2426 1986
2426 65
2427 742
2427 2
2428 78
2428 913
2429 29
2429 2
2430 494
2430 137
2431 1981
2431 1576
2432 498
2432 45
2433 2269
2433 2418
2434 1294
2434 457
2435 2108
2435 1389
2436 390
2436 278
2437 125
2437 2
2438 430
2438 1498
2439 3
2439 82
2440 324
2440 3
2441 338
2441 1064
2442 1120
2442 1843
2443 1370
2443 89
2444 658
2444 2293
2445 161
2445 1121
2446 824
2446 1134
2447 49
2447 1820
2448 835
2448 1261
2449 329
2449 1042
2450 1
2450 382
2451 1570
2451 1879
2452 1266
2452 559
2453 0
2453 606
2454 111
2454 44
2455 79
2455 115
2456 810
2456 6
2457 1152
2457 1836
2458 1379
2458 1211
2459 126
2459 746
2460 2133
2460 959
2461 139
2461 1092
2462 1826
2462 2073
2463 507
2463 71
2464 1044
2464 976
2465 227
2465 1406
2466 577
2466 353
2467 1728
2467 455
2468 2315
2468 76
2469 97
2469 452
2470 439
2470 258
2471 1077
2471 228
2472 114
2472 1135
2473 1129
2473 927
2474 2119
2474 209
2475 1900
2475 322
2476 36
2476 694
2477 1121
2477 1264
2478 755
2478 1435
2479 1773
2479 0
2480 2085
2480 155
2481 299
2481 1335
2482 1254
2482 2379
2483 11
2483 876
2484 975
2484 1080
2485 852
2485 500
2486 2126
2486 1483
2487 737
2487 750
2488 693
2488 1979
2489 455
2489 471
2490 568
2490 1738
2491 425
2491 1302
2492 549
2492 135
2493 540
2493 732
2494 948
2494 107
2495 2468
2495 2041
2496 1583
2496 2135
2497 50
2497 723
2498 493
2498 168
2499 624
2499 1671
2500 1578
2500 0
2501 29
2501 1108
2502 58
2502 0
2503 5
2503 276
2504 168
2504 1962
2505 1532
2505 225
2506 2122
2506 308
2507 385
2507 1945
2508 627
2508 891
2509 703
2509 22
2510 1555
2510 254
2511 484
2511 188
2512 88
2512 1098
2513 1733
2513 2010
2514 994
2514 3
2515 674
2515 36
2516 1013
2516 1423
2517 1357
2517 1736
2518 2419
2518 66
2519 68
2519 895
2520 323
2520 40
2521 1674
2521 1623
2522 32
2522 968
2523 19
2523 5
2524 2
2524 82
2525 237
2525 256
2526 236
2526 1596
2527 29
2527 337
2528 220
2528 65
2529 455
2529 107
2530 320
2530 1054
2531 2234
2531 105
2532 457
2532 656
2533 1439
2533 326
2534 242
2534 1660
2535 2326
2535 595
2536 1413
2536 1042
2537 83
2537 2062
2538 724
2538 1060
2539 300
2539 2057
2540 410
2540 131
2541 1856
2541 1676
2542 1510
2542 61
2543 3
2543 371
2544 1766
2544 2272
2545 1000
2545 1558
2546 837
2546 506
2547 743
2547 15
2548 1312
2548 492
2549 97
2549 249
2550 323
2550 491
2551 36
2551 635
2552 57
2552 1956
2553 638
2553 937
2554 177
2554 1374
2555 270
2555 1580
2556 390
2556 662
2557 975
2557 1
2558 1231
2558 2326
2559 1186
2559 1307
2560 1711
2560 1716
2561 1119
2561 1626
2562 133
2562 79
2563 1851
2563 1
2564 263
2564 26
2565 1
2565 1657
2566 1282
2566 275
2567 3
2567 330
2568 114
2568 679
2569 1985
2569 1573
2570 2345
2570 2089
2571 274
2571 71
2572 1950
2572 55
2573 1490
2573 627
2574 477
2574 1558
2575 788
2575 475
2576 846
2576 1013
2577 1841
2577 223
2578 1268
2578 1302
2579 2263
2579 2542
2580 1493
2580 951
2581 29
2581 43
2582 1834
2582 1571
2583 1023
2583 755
2584 2419
2584 810
2585 909
2585 573
2586 1648
2586 468
2587 1534
2587 313
2588 2103
2588 606
2589 5
2589 137
2590 1412
2590 126
2591 970
2591 369
2592 270
2592 1058
2593 1579
2593 422
2594 97
2594 603
2595 200
2595 682
2596 781
2596 88
2597 1776
2597 29
2598 76
2598 1929
2599 200
2599 1408
2600 571
2600 71
2601 777
2601 1
2602 529
2602 331
2603 96
2603 1934
2604 350
2604 150
2605 856
2605 1728
2606 14
2606 1084
2607 17
2607 1495
2608 78
2608 2015
2609 39
2609 1087
2610 1799
2610 679
2611 3
2611 1348
2612 2078
2612 1564
2613 1218
2613 1027
2614 1412
2614 2606
2615 1949
2615 1594
2616 531
2616 170
2617 21
2617 137
2618 459
2618 1
2619 1
2619 2067
2620 152
2620 263
2621 188
2621 13
2622 141
2622 1409
2623 1852
2623 521
2624 437
2624 310
2625 798
2625 307
2626 2122
2626 362
2627 1853
2627 683
2628 913
2628 1500
2629 349
2629 878
2630 704
2630 2121
2631 1365
2631 446
2632 1365
2632 506
2633 2235
2633 200
2634 118
2634 1672
2635 41
2635 546
2636 1986
2636 663
2637 1757
2637 1929
2638 29
2638 476
2639 2365
2639 79
2640 2481
2640 1099
2641 2144
2641 35
2642 1232
2642 2532
2643 447
2643 155
2644 355
2644 815
2645 323
2645 1209
2646 69
2646 209
2647 1302
2647 84
2648 265
2648 31
2649 991
2649 1635
2650 2086
2650 137
2651 201
2651 726
2652 1072
2652 1949
2653 278
2653 72
2654 200
2654 185
2655 295
2655 620
2656 8
2656 656
2657 23
2657 635
2658 2279
2658 207
2659 1633
2659 1542
2660 1885
2660 1065
2661 732
2661 2550
2662 116
2662 666
2663 746
2663 76
2664 41
2664 148
2665 72
2665 29
2666 2281
2666 448
2667 1395
2667 0
2668 927
2668 344
2669 1520
2669 464
2670 175
2670 2080
2671 1440
2671 1255
2672 1226
2672 2039
2673 752
2673 24
2674 1456
2674 1381
2675 345
2675 1309
2676 27
2676 1
2677 82
2677 673
2678 2061
2678 835
2679 7
2679 101
2680 223
2680 234
2681 1559
2681 1043
2682 600
2682 258
2683 734
2683 991
2684 29
2684 78
2685 1165
2685 418
2686 22
2686 406
2687 45
2687 219
2688 852
2688 116
2689 591
2689 2058
2690 278
2690 366
2691 988
2691 1502
2692 2496
2692 2219
2693 1676
2693 959
2694 219
2694 44
2695 2099
2695 2356
2696 697
2696 916
2697 2466
2697 123
2698 970
2698 2541
2699 2058
2699 890
2700 1505
2700 240
2701 1171
2701 2002
2702 1465
2702 188
2703 751
2703 1138
2704 2543
2704 329
2705 878
2705 564
2706 251
2706 1281
2707 2403
2707 2656
2708 19
2708 2224
2709 1550
2709 591
2710 129
2710 12
2711 1409
2711 188
2712 927
2712 1837
2713 1756
2713 2438
2714 1847
2714 1670
2715 974
2715 502
2716 2169
2716 545
2717 1048
2717 451
2718 3
2718 378
2719 829
2719 1020
2720 1234
2720 1569
2721 2133
2721 340
2722 293
2722 2209
2723 755
2723 442
2724 503
2724 3
2725 32
2725 1292
2726 869
2726 1363
2727 2694
2727 1168
2728 331
2728 275
2729 560
2729 370
2730 160
2730 41
2731 83
2731 2614
2732 1349
2732 188
2733 6
2733 463
2734 46
2734 1734
2735 2617
2735 19
2736 918
2736 805
2737 455
2737 2560
2738 1276
2738 1495
2739 1330
2739 577
2740 0
2740 2690
2741 1278
2741 107
2742 334
2742 1462
2743 2021
2743 2099
2744 807
2744 609
2745 1985
2745 1457
2746 107
2746 2188
2747 1659
2747 869
2748 2394
2748 938
2749 340
2749 928
2750 1715
2750 19
2751 471
2751 1167
2752 1570
2752 836
2753 1413
2753 147
2754 1027
2754 565
2755 43
2755 378
2756 2580
2756 17
2757 143
2757 71
2758 375
2758 61
2759 2472
2759 13
2760 1531
2760 2106
2761 10
2761 1812
2762 446
2762 123
2763 6
2763 1944
2764 2117
2764 858
2765 426
2765 10
2766 379
2766 87
2767 196
2767 2278
2768 193
2768 155
2769 1959
2769 384
2770 559
2770 2672
2771 146
2771 155
2772 89
2772 3
2773 1067
2773 323
2774 1365
2774 115
2775 2
2775 707
2776 831
2776 868
2777 856
2777 679
2778 470
2778 1995
2779 24
2779 29
2780 2229
2780 484
2781 2480
2781 76
2782 1736
2782 607
2783 159
2783 2254
2784 70
2784 170
2785 29
2785 783
2786 2361
2786 441
2787 1701
2787 2313
2788 2682
2788 1883
2789 6
2789 1304
2790 1563
2790 321
2791 979
2791 2224
2792 106
2792 36
2793 43
2793 243
2794 188
2794 1232
2795 114
2795 1602
2796 707
2796 1541
2797 301
2797 268
2798 554
2798 30
2799 1912
2799 513
2800 413
2800 584
2801 956
2801 717
2802 607
2802 1880
2803 9
2803 67
2804 355
2804 2307
2805 3
2805 975
2806 2222
2806 1079
2807 533
2807 146
2808 1532
2808 898
2809 123
2809 1214
2810 83
2810 1175
2811 1440
2811 63
2812 44
2812 410
2813 2216
2813 1633
2814 265
2814 833
2815 1167
2815 687
2816 516
2816 23
2817 634
2817 2000
2818 45
2818 124
2819 8
2819 616
2820 1411
2820 263
2821 30
2821 267
2822 417
2822 1451
2823 955
2823 53
2824 693
2824 2796
2825 1839
2825 6
2826 2435
2826 2453
2827 2372
2827 254
2828 330
2828 151
2829 556
2829 61
2830 2129
2830 405
2831 2051
2831 6
2832 1236
2832 18
2833 519
2833 857
2834 292
2834 253
2835 627
2835 1454
2836 730
2836 1532
2837 739
2837 1076
2838 2383
2838 300
2839 863
2839 418
2840 41
2840 840
2841 230
2841 130
2842 1702
2842 43
2843 951
2843 2564
2844 452
2844 1
2845 1125
2845 1630
2846 1266
2846 1242
2847 5
2847 234
2848 2256
2848 63
2849 0
2849 1352
2850 64
2850 769
2851 1152
2851 1585
2852 243
2852 2254
2853 31
2853 521
2854 1090
2854 1271
2855 2442
2855 106
2856 343
2856 146
2857 2463
2857 337
2858 643
2858 1638
2859 200
2859 2338
2860 1
2860 1201
2861 1225
2861 2213
2862 863
2862 1679
2863 307
2863 515
2864 44
2864 2041
2865 2064
2865 1054
2866 453
2866 1298
2867 182
2867 726
2868 1669
2868 1027
2869 1728
2869 223
2870 392
2870 1574
2871 1047
2871 2237
2872 208
2872 265
2873 144
2873 357
2874 2671
2874 1439
2875 5
2875 1848
2876 47
2876 1094
2877 2361
2877 1533
2878 731
2878 195
2879 829
2879 975
2880 2034
2880 227
2881 1393
2881 834
2882 2296
2882 304
2883 254
2883 111
2884 143
2884 1738
2885 2213
2885 41
2886 209
2886 448
2887 162
2887 63
2888 2476
2888 399
2889 446
2889 1252
2890 2
2890 464
2891 732
2891 570
2892 850
2892 1018
2893 2397
2893 703
2894 534
2894 3
2895 2227
2895 2392
2896 2590
2896 2866
2897 1819
2897 856
2898 1299
2898 490
2899 2100
2899 1669
2900 3
2900 1694
2901 2694
2901 494
2902 408
2902 287
2903 426
2903 2869
2904 2892
2904 2853
2905 107
2905 1875
2906 779
2906 505
2907 144
2907 1585
2908 562
2908 2545
2909 2728
2909 2759
2910 1295
2910 1848
2911 19
2911 1291
2912 1790
2912 1330
2913 178
2913 802
2914 1176
2914 2211
2915 970
2915 118
2916 2026
2916 705
2917 414
2917 130
2918 47
2918 13
2919 538
2919 1162
2920 1008
2920 681
2921 1533
2921 337
2922 2018
2922 2762
2923 89
2923 1051
2924 1837
2924 15
2925 2387
2925 1044
2926 82
2926 1456
2927 1389
2927 715
2928 1783
2928 1236
2929 101
2929 178
2930 1460
2930 1215
2931 18
2931 41
2932 235
2932 2485
2933 1030
2933 29
2934 1266
2934 25
2935 2231
2935 1575
2936 2873
2936 2562
2937 1436
2937 103
2938 1520
2938 141
2939 135
2939 2043
2940 68
2940 27
2941 60
2941 46
2942 1742
2942 430
2943 342
2943 228
2944 507
2944 487
2945 831
2945 1515
2946 0
2946 700
2947 1973
2947 1951
2948 24
2948 134
2949 2874
2949 59
2950 1423
2950 2691
2951 30
2951 58
2952 2672
2952 423
2953 905
2953 409
2954 252
2954 10
2955 167
2955 2922
2956 18
2956 1505
2957 80
2957 2660
2958 722
2958 385
2959 2851
2959 33
2960 455
2960 648
2961 1545
2961 455
2962 65
2962 206
2963 451
2963 2203
2964 565
2964 418
2965 1810
2965 313
2966 408
2966 624
2967 1
2967 748
2968 0
2968 1564
2969 1423
2969 1026
2970 5
2970 1
2971 1517
2971 207
2972 71
2972 385
2973 1428
2973 1
2974 155
2974 225
2975 1013
2975 978
2976 700
2976 2263
2977 1039
2977 1562
2978 2343
2978 745
2979 1647
2979 556
2980 49
2980 0
2981 442
2981 1812
2982 91
2982 110
2983 2245
2983 13
2984 245
2984 1960
2985 792
2985 2117
2986 746
2986 1264
2987 1937
2987 0
2988 32
2988 49
2989 2117
2989 29
2990 2185
2990 54
2991 20
2991 134
2992 642
2992 3
2993 598
2993 466
2994 2195
2994 543
2995 1526
2995 58
2996 2618
2996 1643
2997 1165
2997 18
2998 573
2998 906
2999 265
2999 211
3000 54
3000 888
3001 911
3001 1105
3002 1019
3002 156
3003 1874
3003 91
3004 846
3004 1319
3005 19
3005 50
3006 199
3006 2409
3007 166
3007 1346
3008 29
3008 1797
3009 95
3009 1638
3010 1
3010 1070
3011 555
3011 1042
3012 308
3012 106
3013 2111
3013 39
3014 2671
3014 41
3015 610
3015 1719
3016 711
3016 2027
3017 200
3017 74
3018 1685
3018 2995
3019 2964
3019 1617
3020 987
3020 2705
3021 1489
3021 404
3022 2640
3022 2
3023 673
3023 1820
3024 1894
3024 746
3025 42
3025 65
3026 430
3026 29
3027 1534
3027 2530
3028 503
3028 2103
3029 2849
3029 4
3030 90
3030 159
3031 243
3031 1166
3032 837
3032 2793
3033 2323
3033 1565
3034 63
3034 538
3035 45
3035 263
3036 2669
3036 18
3037 1765
3037 328
3038 213
3038 628
3039 61
3039 492
3040 2547
3040 209
3041 134
3041 1751
3042 1570
3042 316
3043 2598
3043 75
3044 404
3044 1513
3045 45
3045 2213
3046 2626
3046 2154
3047 1284
3047 438
3048 1521
3048 1305
3049 1258
3049 455
3050 1521
3050 87
3051 2007
3051 2391
3052 275
3052 878
3053 293
3053 22
3054 17
3054 2363
3055 1826
3055 1515
3056 651
3056 956
3057 2709
3057 116
3058 2052
3058 36
3059 135
3059 1
3060 1530
3060 2595
3061 1576
3061 450
3062 241
3062 1428
3063 160
3063 402
3064 642
3064 1
3065 1170
3065 175
3066 2753
3066 2514
3067 1267
3067 432
3068 903
3068 1188
3069 1023
3069 810
3070 1388
3070 537
3071 2117
3071 1320
3072 3049
3072 2341
3073 1202
3073 1640
3074 333
3074 236
3075 555
3075 1536
3076 2151
3076 455
3077 258
3077 13
3078 13
3078 251
3079 15
3079 18
3080 369
3080 2768
3081 2015
3081 2666
3082 1366
3082 620
3083 2011
3083 1092
3084 2346
3084 183
3085 1185
3085 371
3086 710
3086 869
3087 52
3087 1280
3088 2345
3088 2068
3089 2757
3089 559
3090 145
3090 574
3091 149
3091 14
3092 811
3092 19
3093 2397
3093 363
3094 314
3094 1381
3095 1506
3095 2439
3096 733
3096 440
3097 1971
3097 1007
3098 1837
3098 751
3099 31
3099 223
3100 696
3100 1
3101 2783
3101 201
3102 76
3102 337
3103 90
3103 1761
3104 2709
3104 2926
3105 2091
3105 1472
3106 2225
3106 1584
3107 1097
3107 0
3108 56
3108 996
3109 1276
3109 1120
3110 2174
3110 23
3111 2195
3111 63
3112 882
3112 2209
3113 2905
3113 440
3114 500
3114 1670
3115 688
3115 158
3116 945
3116 174
3117 2198
3117 289
3118 1828
3118 404
3119 58
3119 351
3120 84
3120 41
3121 651
3121 629
3122 46
3122 36
3123 187
3123 792
3124 1338
3124 768
3125 214
3125 620
3126 799
3126 345
3127 2499
3127 344
3128 1235
3128 198
3129 2516
3129 806
3130 254
3130 1012
3131 732
3131 540
3132 2657
3132 6
3133 586
3133 275
3134 538
3134 70
3135 107
3135 307
3136 2326
3136 0
3137 453
3137 433
3138 37
3138 913
3139 439
3139 1327
3140 1162
3140 984
3141 3014
3141 371
3142 3
3142 944
3143 91
3143 575
3144 261
3144 14
3145 2949
3145 180
3146 2477
3146 436
3147 1967
3147 2789
3148 928
3148 989
3149 191
3149 2537
3150 65
3150 41
3151 57
3151 54
3152 2523
3152 1769
3153 130
3153 3033
3154 20
3154 6
3155 870
3155 641
3156 743
3156 1860
3157 1570
3157 76
3158 832
3158 139
3159 57
3159 1578
3160 1247
3160 24
3161 36
3161 2371
3162 2990
3162 1509
3163 539
3163 2632
3164 47
3164 2524
3165 15
3165 660
3166 1342
3166 1494
3167 599
3167 153
3168 617
3168 3136
3169 307
3169 3030
3170 177
3170 181
3171 542
3171 610
3172 258
3172 1851
3173 1421
3173 404
3174 952
3174 583
3175 591
3175 258
3176 1637
3176 2908
3177 1232
3177 2017
3178 137
3178 32
3179 300
3179 1
3180 503
3180 1097
3181 1669
3181 85
3182 106
3182 596
3183 991
3183 1178
3184 1703
3184 2005
3185 985
3185 2729
3186 436
3186 1757
3187 506
3187 1669
3188 2283
3188 1066
3189 1059
3189 105
3190 91
3190 353
3191 3158
3191 1776
3192 571
3192 881
3193 327
3193 326
3194 1930
3194 1069
3195 1450
3195 507
3196 2216
3196 31
3197 195
3197 2762
3198 1343
3198 73
3199 1159
3199 4
3200 1279
3200 83
3201 2293
3201 0
3202 1255
3202 1299
3203 2112
3203 580
3204 1318
3204 2514
3205 270
3205 980
3206 1067
3206 2098
3207 0
3207 6
3208 58
3208 1637
3209 73
3209 46
3210 2411
3210 1349
3211 2743
3211 2513
3212 2332
3212 792
3213 7
3213 1159
3214 2670
3214 2782
3215 546
3215 2295
3216 2682
3216 2904
3217 746
3217 2027
3218 59
3218 846
3219 1238
3219 0
3220 219
3220 1225
3221 2451
3221 870
3222 2213
3222 482
3223 1475
3223 1423
3224 2236
3224 1085
3225 1710
3225 354
3226 1137
3226 36
3227 1563
3227 1059
3228 2356
3228 2625
3229 559
3229 5
3230 770
3230 804
3231 431
3231 871
3232 464
3232 153
3233 651
3233 235
3234 1286
3234 634
3235 1097
3235 509
3236 1
3236 233
3237 10
3237 3119
3238 71
3238 2368
3239 792
3239 16
3240 979
3240 210
3241 1427
3241 1904
3242 1460
3242 472
3243 2279
3243 2496
3244 500
3244 1889
3245 1455
3245 1020
3246 1749
3246 130
3247 1599
3247 385
3248 3056
3248 2249
3249 14
3249 54
3250 418
3250 27
3251 468
3251 170
3252 88
3252 1875
3253 5
3253 45
3254 443
3254 1821
3255 344
3255 1252
3256 7
3256 2419
3257 2498
3257 240
3258 1304
3258 275
3259 768
3259 2975
3260 516
3260 75
3261 2236
3261 18
3262 10
3262 268
3263 45
3263 484
3264 1647
3264 627
3265 11
3265 1373
3266 447
3266 2282
3267 837
3267 3049
3268 327
3268 347
3269 580
3269 2301
3270 126
3270 3253
3271 146
3271 2769
3272 1535
3272 1245
3273 556
3273 438
3274 1140
3274 1986
3275 895
3275 2697
3276 609
3276 1040
3277 1625
3277 22
3278 3
3278 2964
3279 361
3279 484
3280 837
3280 1114
3281 3278
3281 254
3282 134
3282 690
3283 728
3283 434
3284 991
3284 624
3285 1941
3285 88
3286 1267
3286 83
3287 1951
3287 490
3288 580
3288 1188
3289 6
3289 1679
3290 1099
3290 1920
3291 1046
3291 901
3292 2663
3292 146
3293 2413
3293 1912
3294 1074
3294 613
3295 88
3295 3013
3296 33
3296 677
3297 329
3297 1077
3298 1093
3298 1216
3299 208
3299 5
3300 30
3300 463
3301 168
3301 1003
3302 3011
3302 1429
3303 2117
3303 163
3304 223
3304 2344
3305 2007
3305 118
3306 1256
3306 144
3307 847
3307 2667
3308 1324
3308 890
3309 755
3309 35
3310 616
3310 144
3311 1562
3311 2809
3312 2767
3312 2376
3313 2989
3313 929
3314 2165
3314 2263
3315 105
3315 617
3316 667
3316 2065
3317 1051
3317 3181
3318 1570
3318 267
3319 1126
3319 1670
3320 2279
3320 1103
3321 721
3321 1888
3322 1093
3322 3234
3323 3182
3323 766
3324 47
3324 1570
3325 87
3325 1859
3326 80
3326 1051
3327 14
3327 8
3328 3286
3328 1
3329 110
3329 107
3330 19
3330 1946
3331 340
3331 1666
3332 550
3332 2185
3333 1666
3333 463
3334 2939
3334 24
3335 374
3335 36
3336 2070
3336 3321
3337 442
3337 741
3338 946
3338 475
3339 1490
3339 2501
3340 121
3340 1
3341 36
3341 2447
3342 1965
3342 660
3343 243
3343 3089
3344 2503
3344 24
3345 1022
3345 821
3346 824
3346 11
3347 2218
3347 240
3348 576
3348 3200
3349 881
3349 118
3350 1927
3350 2733
3351 1465
3351 3142
3352 573
3352 2874
3353 123
3353 1809
3354 901
3354 1335
3355 18
3355 82
3356 2836
3356 703
3357 307
3357 97
3358 1944
3358 1714
3359 967
3359 446
3360 130
3360 1299
3361 18
3361 2110
3362 1
3362 198
3363 870
3363 192
3364 1513
3364 3218
3365 1209
3365 5
3366 1839
3366 2825
3367 181
3367 2807
3368 1288
3368 3
3369 131
3369 604
3370 1864
3370 3137
3371 313
3371 36
3372 1637
3372 1160
3373 372
3373 1656
3374 622
3374 245
3375 164
3375 364
3376 2991
3376 2
3377 82
3377 789
3378 134
3378 731
3379 17
3379 1781
3380 211
3380 13
3381 260
3381 360
3382 996
3382 1756
3383 154
3383 3366
3384 244
3384 209
3385 1321
3385 1028
3386 2922
3386 1979
3387 54
3387 1810
3388 2893
3388 301
3389 97
3389 664
3390 869
3390 1645
3391 603
3391 2115
3392 1321
3392 29
3393 326
3393 1
3394 525
3394 13
3395 3
3395 1056
3396 207
3396 3
3397 18
3397 1040
3398 54
3398 1681
3399 3091
3399 2891
3400 23
3400 1
3401 3025
3401 903
3402 2281
3402 12
3403 3249
3403 721
3404 1193
3404 2372
3405 963
3405 33
3406 1040
3406 1717
3407 2724
3407 265
3408 1
3408 76
3409 1208
3409 667
3410 307
3410 439
3411 33
3411 1338
3412 3083
3412 2658
3413 769
3413 635
3414 336
3414 1151
3415 217
3415 2729
3416 2855
3416 2660
3417 1380
3417 699
3418 1844
3418 3170
3419 105
3419 2601
3420 1273
3420 617
3421 59
3421 2361
3422 14
3422 3070
3423 562
3423 2843
3424 29
3424 2463
3425 227
3425 1859
3426 305
3426 2026
3427 461
3427 475
3428 17
3428 121
3429 45
3429 16
3430 1562
3430 847
3431 371
3431 3028
3432 1168
3432 614
3433 914
3433 2032
3434 244
3434 323
3435 1621
3435 975
3436 1768
3436 1715
3437 1292
3437 1445
3438 556
3438 1193
3439 1316
3439 1741
3440 2515
3440 679
3441 2250
3441 307
3442 1567
3442 205
3443 6
3443 3434
3444 2193
3444 185
3445 15
3445 23
3446 11
3446 79
3447 1659
3447 3143
3448 2099
3448 2143
3449 24
3449 1319
3450 178
3450 2801
3451 754
3451 3111
3452 2027
3452 992
3453 84
3453 983
3454 289
3454 736
3455 29
3455 1435
3456 141
3456 76
3457 118
3457 408
3458 3387
3458 539
3459 2939
3459 3065
3460 1179
3460 593
3461 115
3461 3417
3462 827
3462 69
3463 2405
3463 1435
3464 496
3464 805
3465 2024
3465 2730
3466 1721
3466 240
3467 2516
3467 812
3468 3034
3468 753
3469 1368
3469 1485
3470 1828
3470 0
3471 46
3471 119
3472 974
3472 1361
3473 2946
3473 3
3474 2695
3474 116
3475 0
3475 3439
3476 1175
3476 1648
3477 123
3477 681
3478 1123
3478 558
3479 7
3479 597
3480 1637
3480 843
3481 1567
3481 1617
3482 2079
3482 84
3483 327
3483 201
3484 380
3484 1288
3485 19
3485 3043
3486 3076
3486 119
3487 1072
3487 610
3488 1560
3488 1573
3489 2446
3489 0
3490 1858
3490 413
3491 2866
3491 1301
3492 682
3492 104
3493 3374
3493 63
3494 63
3494 220
3495 980
3495 542
3496 1265
3496 3153
3497 863
3497 1132
3498 522
3498 2263
3499 33
3499 3279
3500 175
3500 2226
3501 2293
3501 2726
3502 6
3502 18
3503 2870
3503 697
3504 216
3504 1153
3505 78
3505 1151
3506 129
3506 3021
3507 1064
3507 88
3508 2526
3508 2723
3509 3427
3509 1515
3510 2826
3510 88
3511 49
3511 63
3512 1513
3512 1832
3513 857
3513 111
3514 990
3514 257
3515 13
3515 621
3516 885
3516 742
3517 1774
3517 278
3518 3214
3518 1903
3519 177
3519 987
3520 3466
3520 3178
3521 146
3521 2723
3522 1573
3522 61
3523 13
3523 54
3524 482
3524 1538
3525 1331
3525 995
3526 451
3526 508
3527 29
3527 1299
3528 18
3528 2457
3529 54
3529 190
3530 906
3530 161
3531 570
3531 2428
3532 121
3532 817
3533 1530
3533 1114
3534 68
3534 10
3535 1175
3535 2757
3536 1425
3536 3092
3537 1832
3537 1716
3538 711
3538 529
3539 87
3539 1079
3540 114
3540 2937
3541 468
3541 2384
3542 2
3542 1370
3543 58
3543 166
3544 438
3544 2225
3545 2796
3545 1643
3546 135
3546 2243
3547 3451
3547 1211
3548 3034
3548 33
3549 6
3549 512
3550 390
3550 71
3551 1616
3551 1728
3552 2279
3552 1619
3553 166
3553 1961
3554 508
3554 1733
3555 1092
3555 3458
3556 25
3556 2804
3557 74
3557 2938
3558 1701
3558 1833
3559 295
3559 1596
3560 1423
3560 2154
3561 1120
3561 156
3562 967
3562 808
3563 3041
3563 54
3564 2858
3564 915
3565 782
3565 88
3566 31
3566 2315
3567 1455
3567 1023
3568 275
3568 106
3569 2141
3569 103
3570 2094
3570 1137
3571 518
3571 1996
3572 869
3572 1302
3573 516
3573 568
3574 839
3574 3513
3575 135
3575 2606
3576 1146
3576 2396
3577 2080
3577 88
3578 170
3578 472
3579 1038
3579 2743
3580 568
3580 3040
3581 286
3581 1360
3582 2979
3582 291
3583 10
3583 633
3584 5
3584 1340
3585 2190
3585 254
3586 1802
3586 76
3587 2545
3587 472
3588 561
3588 193
3589 4
3589 114
3590 2327
3590 2757
3591 558
3591 609
3592 1189
3592 255
3593 119
3593 60
3594 3418
3594 3428
3595 3548
3595 3332
3596 1
3596 606
3597 455
3597 459
3598 2662
3598 109
3599 1105
3599 125
3600 1473
3600 1831
3601 226
3601 105
3602 2096
3602 415
3603 752
3603 2271
3604 2850
3604 2375
3605 1770
3605 314
3606 3
3606 2942
3607 2248
3607 300
3608 639
3608 1162
3609 1846
3609 8
3610 154
3610 249
3611 1603
3611 874
3612 3161
3612 3016
3613 3395
3613 1801
3614 13
3614 475
3615 45
3615 2550
3616 523
3616 1707
3617 134
3617 2239
3618 2792
3618 1221
3619 697
3619 1261
3620 234
3620 682
3621 1342
3621 75
3622 1589
3622 1994
3623 229
3623 28
3624 1569
3624 203
3625 3285
3625 3528
3626 0
3626 36
3627 1365
3627 1622
3628 1567
3628 78
3629 11
3629 2969
3630 836
3630 195
3631 2728
3631 2194
3632 3143
3632 60
3633 3088
3633 3
3634 1543
3634 2223
3635 1038
3635 877
3636 270
3636 519
3637 567
3637 3084
3638 2296
3638 1439
3639 715
3639 1038
3640 2128
3640 2000
3641 21
3641 1214
3642 173
3642 640
3643 49
3643 2522
3644 152
3644 1807
3645 1
3645 2
3646 0
3646 15
3647 475
3647 1833
3648 296
3648 2392
3649 1785
3649 3146
3650 1082
3650 119
3651 2970
3651 430
3652 145
3652 1828
3653 33
3653 2460
3654 267
3654 49
3655 106
3655 3610
3656 1873
3656 293
3657 326
3657 2134
3658 2261
3658 3270
3659 2851
3659 932
3660 769
3660 499
3661 8
3661 24
3662 2860
3662 10
3663 983
3663 170
3664 2060
3664 59
3665 488
3665 1293
3666 423
3666 22
3667 1466
3667 2041
3668 1386
3668 79
3669 36
3669 3631
3670 1096
3670 2663
3671 3298
3671 1686
3672 1437
3672 3117
3673 1532
3673 13
3674 315
3674 3181
3675 157
3675 3040
3676 1900
3676 1831
3677 106
3677 244
3678 216
3678 7
3679 434
3679 59
3680 2857
3680 3633
3681 45
3681 1628
3682 54
3682 728
3683 2391
3683 1663
3684 2225
3684 24
3685 71
3685 653
3686 866
3686 1475
3687 1299
3687 1815
3688 1834
3688 1682
3689 362
3689 2372
3690 698
3690 1037
3691 554
3691 23
3692 2925
3692 1382
3693 463
3693 426
3694 521
3694 239
3695 216
3695 2026
3696 141
3696 1437
3697 3240
3697 2498
3698 484
3698 59
3699 1291
3699 2482
3700 469
3700 1065
3701 59
3701 642
3702 3398
3702 3435
3703 24
3703 67
3704 3474
3704 1641
3705 466
3705 2555
3706 1273
3706 35
3707 3016
3707 41
3708 61
3708 331
3709 12
3709 1250
3710 855
3710 624
3711 2114
3711 3026
3712 295
3712 1474
3713 475
3713 39
3714 317
3714 2874
3715 106
3715 1565
3716 3351
3716 45
3717 2507
3717 2097
3718 1979
3718 1230
3719 902
3719 52
3720 536
3720 484
3721 606
3721 313
3722 30
3722 2493
3723 394
3723 3286
3724 2526
3724 3202
3725 6
3725 2194
3726 679
3726 697
3727 694
3727 219
3728 2690
3728 1027
3729 2677
3729 18
3730 146
3730 3558
3731 1887
3731 145
3732 2754
3732 1284
3733 33
3733 704
3734 1725
3734 1510
3735 2315
3735 55
3736 1962
3736 2007
3737 3091
3737 1967
3738 2844
3738 239
3739 137
3739 14
3740 59
3740 3119
3741 1070
3741 18
3742 82
3742 0
3743 510
3743 3594
3744 1388
3744 1023
3745 1762
3745 17
3746 2112
3746 2926
3747 1947
3747 927
3748 663
3748 3
3749 2235
3749 19
3750 410
3750 220
3751 30
3751 64
3752 49
3752 1810
3753 485
3753 787
3754 2038
3754 89
3755 1907
3755 835
3756 219
3756 769
3757 132
3757 2151
3758 1557
3758 2811
3759 11
3759 2416
3760 3431
3760 1
3761 243
3761 1016
3762 974
3762 2277
3763 3705
3763 20
3764 1393
3764 792
3765 1759
3765 1783
3766 2005
3766 146
3767 2745
3767 1413
3768 2882
3768 617
3769 209
3769 375
3770 2312
3770 2345
3771 69
3771 1014
3772 2902
3772 2918
3773 1069
3773 1406
3774 37
3774 479
3775 1837
3775 937
3776 746
3776 472
3777 2069
3777 991
3778 121
3778 123
3779 3398
3779 3727
3780 2332
3780 2781
3781 199
3781 3760
3782 11
3782 1692
3783 3617
3783 450
3784 528
3784 30
3785 1554
3785 83
3786 697
3786 2152
3787 97
3787 13
3788 3403
3788 361
3789 2382
3789 1211
3790 1
3790 2253
3791 1542
3791 3082
3792 310
3792 2366
3793 661
3793 1027
3794 110
3794 181
3795 2570
3795 169
3796 50
3796 2946
3797 3794
3797 2386
3798 2412
3798 23
3799 3
3799 1245
3800 82
3800 405
3801 1031
3801 1714
3802 82
3802 110
3803 1414
3803 3455
3804 934
3804 3491
3805 369
3805 1364
3806 523
3806 42
3807 3577
3807 733
3808 975
3808 567
3809 3166
3809 3
3810 364
3810 13
3811 1461
3811 289
3812 0
3812 568
3813 17
3813 1176
3814 1273
3814 3
3815 332
3815 100
3816 3677
3816 1916
3817 931
3817 554
3818 3021
3818 748
3819 1319
3819 3169
3820 525
3820 3090
3821 1013
3821 1149
3822 3012
3822 391
3823 307
3823 2885
3824 2076
3824 1361
3825 177
3825 1056
3826 2227
3826 2481
3827 39
3827 133
3828 1439
3828 1858
3829 252
3829 2902
3830 2948
3830 1031
3831 12
3831 130
3832 19
3832 2293
3833 1855
3833 578
3834 1096
3834 305
3835 1607
3835 70
3836 2980
3836 2193
3837 2832
3837 98
3838 1
3838 5
3839 240
3839 1970
3840 2
3840 1254
3841 33
3841 3309
3842 965
3842 1255
3843 1765
3843 296
3844 1598
3844 42
3845 37
3845 601
3846 1031
3846 57
3847 2753
3847 2977
3848 690
3848 1563
3849 2071
3849 3062
3850 12
3850 105
3851 3017
3851 1338
3852 1919
3852 3490
3853 54
3853 1472
3854 3160
3854 1480
3855 7
3855 1080
3856 47
3856 2688
3857 2167
3857 351
3858 753
3858 2114
3859 1921
3859 3431
3860 293
3860 2391
3861 717
3861 3689
3862 670
3862 8
3863 595
3863 120
3864 937
3864 95
3865 510
3865 3211
3866 1225
3866 1874
3867 1185
3867 3272
3868 1214
3868 523
3869 10
3869 2087
3870 3739
3870 17
3871 3
3871 986
3872 0
3872 424
3873 1123
3873 518
3874 3506
3874 1622
3875 176
3875 115
3876 205
3876 1240
3877 63
3877 1092
3878 437
3878 203
3879 3639
3879 814
3880 1403
3880 2514
3881 1056
3881 2851
3882 620
3882 3
3883 451
3883 2869
3884 594
3884 1079
3885 579
3885 175
3886 16
3886 3525
3887 2079
3887 540
3888 156
3888 58
3889 13
3889 30
3890 3832
3890 3
3891 391
3891 3794
3892 3875
3892 8
3893 3099
3893 2842
3894 82
3894 199
3895 700
3895 0
3896 2286
3896 3757
3897 2427
3897 2043
3898 3045
3898 2494
3899 1161
3899 3038
3900 1878
3900 3
3901 1009
3901 275
3902 119
3902 2204
3903 2486
3903 1240
3904 620
3904 3719
3905 0
3905 3343
3906 195
3906 446
3907 1056
3907 570
3908 1547
3908 3137
3909 1201
3909 1142
3910 1650
3910 1565
3911 2974
3911 675
3912 97
3912 3555
3913 59
3913 139
3914 84
3914 482
3915 3127
3915 11
3916 716
3916 969
3917 1581
3917 1570
3918 1245
3918 3714
3919 615
3919 2546
3920 1334
3920 286
3921 784
3921 12
3922 1261
3922 554
3923 2138
3923 1753
3924 209
3924 2426
3925 969
3925 2448
3926 200
3926 13
3927 391
3927 2096
3928 933
3928 3754
3929 3
3929 47
3930 1635
3930 2239
3931 1057
3931 2232
3932 43
3932 2303
3933 894
3933 14
3934 0
3934 1794
3935 76
3935 275
3936 2656
3936 1385
3937 163
3937 3056
3938 3142
3938 469
3939 1769
3939 1122
3940 2868
3940 664
3941 3142
3941 321
3942 153
3942 2647
3943 2227
3943 568
3944 311
3944 80
3945 2873
3945 265
3946 3448
3946 281
3947 702
3947 29
3948 156
3948 3336
3949 179
3949 3457
3950 162
3950 779
3951 50
3951 110
3952 3704
3952 1329
3953 3840
3953 45
3954 0
3954 198
3955 1040
3955 3799
3956 986
3956 781
3957 3575
3957 1372
3958 2346
3958 1726
3959 509
3959 3734
3960 2671
3960 287
3961 2982
3961 2069
3962 3530
3962 234
3963 663
3963 1259
3964 2931
3964 466
3965 23
3965 2886
3966 2259
3966 1637
3967 3065
3967 2011
3968 729
3968 3932
3969 413
3969 594
3970 61
3970 2785
3971 1634
3971 1020
3972 379
3972 3254
3973 913
3973 3592
3974 260
3974 3316
3975 2
3975 2049
3976 1641
3976 2097
3977 1
3977 620
3978 1398
3978 2474
3979 2235
3979 288
3980 3832
3980 1944
3981 1803
3981 2413
3982 427
3982 2592
3983 966
3983 1423
3984 3092
3984 337
3985 3981
3985 1952
3986 71
3986 3843
3987 2202
3987 532
3988 2524
3988 3933
3989 2269
3989 3638
3990 2111
3990 380
3991 501
3991 3360
3992 1867
3992 273
3993 3768
3993 36
3994 860
3994 631
3995 2222
3995 2633
3996 1189
3996 3832
3997 0
3997 2175
3998 2723
3998 2449
3999 1517
3999 2157
4000 2656
4000 24
4001 2311
4001 1686
4002 870
4002 921
4003 2356
4003 2243
4004 765
4004 1177
4005 1291
4005 3706
4006 2637
4006 3767
4007 2510
4007 257
4008 442
4008 222
4009 349
4009 3099
4010 36
4010 220
4011 2895
4011 514
4012 3925
4012 1385
4013 3600
4013 1748
4014 425
4014 275
4015 3307
4015 35
4016 3630
4016 47
4017 2696
4017 97
4018 693
4018 2484
4019 540
4019 766
4020 3691
4020 1290
4021 2097
4021 1623
4022 24
4022 681
4023 722
4023 352
4024 8
4024 711
4025 84
4025 2528
4026 1675
4026 1484
4027 3544
4027 3000
4028 1645
4028 217
4029 1945
4029 123
4030 1064
4030 14
4031 2
4031 1927
4032 1563
4032 7
4033 455
4033 1271
4034 2480
4034 711
4035 371
4035 836
4036 1292
4036 1545
4037 2565
4037 296
4038 307
4038 1861
4039 887
4039 1292
4040 2568
4040 3642
4041 991
4041 45
4042 123
4042 268
4043 2441
4043 214
4044 39
4044 1920
4045 1334
4045 99
4046 3351
4046 991
4047 327
4047 582
4048 0
4048 269
4049 3500
4049 3875
4050 2004
4050 1634
4051 67
4051 107
4052 1125
4052 596
4053 3771
4053 48
4054 1211
4054 2953
4055 3471
4055 2402
4056 1751
4056 1437
4057 3162
4057 1595
4058 3501
4058 3867
4059 5
4059 3003
4060 3870
4060 3497
4061 1756
4061 455
4062 999
4062 1693
4063 306
4063 379
4064 1822
4064 713
4065 3347
4065 1550
4066 733
4066 1815
4067 20
4067 959
4068 161
4068 53
4069 899
4069 3382
4070 3
4070 220
4071 1
4071 1455
4072 1001
4072 2546
4073 725
4073 999
4074 335
4074 3
4075 13
4075 3287
4076 597
4076 1183
4077 570
4077 540
4078 916
4078 2332
4079 7
4079 554
4080 745
4080 0
4081 3013
4081 49
4082 3960
4082 3729
4083 3472
4083 1
4084 202
4084 3394
4085 184
4085 4039
4086 755
4086 1238
4087 1521
4087 1783
4088 1171
4088 1336
4089 3724
4089 82
4090 2393
4090 4083
4091 32
4091 2174
4092 2263
4092 1449
4093 2584
4093 571
4094 802
4094 3982
4095 1532
4095 7
4096 4007
4096 531
4097 4080
4097 3756
4098 1946
4098 43
4099 603
4099 1300
4100 2503
4100 1679
4101 3171
4101 0
4102 906
4102 144
4103 2188
4103 188
4104 686
4104 3726
4105 1299
4105 2055
4106 1307
4106 2939
4107 6
4107 1497
4108 1319
4108 14
4109 369
4109 350
4110 1786
4110 1720
4111 32
4111 36
4112 990
4112 3942
4113 209
4113 457
4114 4023
4114 2301
4115 2917
4115 492
4116 2268
4116 1617
4117 376
4117 322
4118 2
4118 62
4119 882
4119 83
4120 3018
4120 2179
4121 395
4121 2723
4122 1145
4122 1971
4123 186
4123 3669
4124 67
4124 1832
4125 78
4125 299
4126 899
4126 1837
4127 2247
4127 542
4128 2175
4128 75
4129 16
4129 125
4130 487
4130 711
4131 3272
4131 340
4132 1135
4132 135
4133 1406
4133 2897
4134 963
4134 1901
4135 3239
4135 588
4136 19
4136 2320
4137 2626
4137 144
4138 1216
4138 1461
4139 596
4139 1743
4140 858
4140 3116
4141 3427
4141 2831
4142 482
4142 26
4143 673
4143 23
4144 1365
4144 1373
4145 597
4145 179
4146 3837
4146 71
4147 694
4147 6
4148 2140
4148 975
4149 1613
4149 95
4150 1430
4150 2213
4151 519
4151 355
4152 560
4152 3012
4153 2382
4153 1067
4154 3695
4154 1754
4155 2937
4155 2071
4156 4034
4156 13
4157 3766
4157 1204
4158 275
4158 2916
4159 3198
4159 1980
4160 329
4160 1899
4161 3767
4161 24
4162 4044
4162 1449
4163 833
4163 1876
4164 2774
4164 2850
4165 3554
4165 1132
4166 78
4166 4007
4167 3094
4167 179
4168 1424
4168 1626
4169 0
4169 78
4170 216
4170 390
4171 2997
4171 1748
4172 1733
4172 1031
4173 640
4173 4015
4174 2211
4174 2047
4175 23
4175 2
4176 1734
4176 1305
4177 25
4177 20
4178 2462
4178 3496
4179 546
4179 351
4180 649
4180 1440
4181 853
4181 860
4182 205
4182 1433
4183 741
4183 19
4184 1975
4184 3503
4185 3941
4185 422
4186 799
4186 3882
4187 244
4187 192
4188 905
4188 1223
4189 244
4189 146
4190 954
4190 3541
4191 187
4191 2254
4192 1643
4192 712
4193 1200
4193 146
4194 110
4194 3266
4195 252
4195 1042
4196 45
4196 285
4197 583
4197 354
4198 382
4198 1357
4199 3767
4199 264
4200 0
4200 2415
4201 185
4201 2893
4202 287
4202 3655
4203 4180
4203 1513
4204 1387
4204 1474
4205 2040
4205 541
4206 92
4206 98
4207 1162
4207 3075
4208 1262
4208 2295
4209 3075
4209 2486
4210 763
4210 2255
4211 697
4211 384
4212 61
4212 287
4213 1602
4213 1680
4214 626
4214 603
4215 1994
4215 1560
4216 1428
4216 1735
4217 3586
4217 194
4218 14
4218 949
4219 65
4219 3735
4220 1388
4220 3746
4221 1542
4221 878
4222 1154
4222 1892
4223 2736
4223 258
4224 198
4224 1324
4225 2591
4225 538
4226 2682
4226 3811
4227 3962
4227 11
4228 911
4228 2738
4229 4154
4229 2211
4230 395
4230 3861
4231 975
4231 3320
4232 1179
4232 1596
4233 303
4233 13
4234 467
4234 88
4235 1691
4235 388
4236 2668
4236 3
4237 2637
4237 11
4238 2321
4238 107
4239 4059
4239 32
4240 1552
4240 2831
4241 1457
4241 4235
4242 3201
4242 58
4243 1
4243 19
4244 2887
4244 236
4245 2826
4245 659
4246 1473
4246 1502
4247 1698
4247 1202
4248 243
4248 16
4249 21
4249 1991
4250 79
4250 32
4251 3962
4251 1135
4252 4215
4252 1923
4253 3786
4253 46
4254 670
4254 159
4255 4254
4255 73
4256 3672
4256 1314
4257 3217
4257 4
4258 3392
4258 1173
4259 437
4259 3016
4260 263
4260 2164
4261 1969
4261 409
4262 3231
4262 822
4263 859
4263 214
4264 2234
4264 278
4265 1389
4265 4011
4266 80
4266 378
4267 412
4267 269
4268 2707
4268 17
4269 453
4269 2034
4270 2084
4270 1058
4271 1022
4271 1048
4272 88
4272 2069
4273 528
4273 18
4274 3367
4274 3151
4275 2667
4275 1
4276 198
4276 141
4277 3897
4277 561
4278 6
4278 3213
4279 100
4279 97
4280 2
4280 1757
4281 2481
4281 3047
4282 3294
4282 126
4283 506
4283 1425
4284 3
4284 3308
4285 5
4285 159
4286 2667
4286 1004
4287 3033
4287 1967
4288 231
4288 19
4289 3402
4289 2161
4290 3036
4290 2171
4291 209
4291 82
4292 13
4292 4088
4293 960
4293 1615
4294 122
4294 267
4295 1395
4295 655
4296 1177
4296 1013
4297 1998
4297 4247
4298 1498
4298 1815
4299 4019
4299 297
4300 4206
4300 4066
4301 3867
4301 3054
4302 2099
4302 76
4303 117
4303 3738
4304 869
4304 3236
4305 2458
4305 2971
4306 1175
4306 143
4307 654
4307 2
4308 529
4308 1118
4309 751
4309 1933
4310 659
4310 1165
4311 3077
4311 3792
4312 1861
4312 1429
4313 610
4313 1284
4314 3
4314 661
4315 572
4315 2466
4316 1345
4316 2922
4317 2672
4317 1378
4318 177
4318 2696
4319 3212
4319 3
4320 1996
4320 2190
4321 1432
4321 436
4322 16
4322 0
4323 2
4323 863
4324 3212
4324 2086
4325 83
4325 293
4326 121
4326 1827
4327 479
4327 712
4328 3374
4328 2649
4329 3120
4329 2049
4330 1583
4330 424
4331 3105
4331 58
4332 733
4332 308
4333 53
4333 187
4334 240
4334 110
4335 2163
4335 4161
4336 1295
4336 1320
4337 2851
4337 2083
4338 2869
4338 4191
4339 56
4339 967
4340 4232
4340 2676
4341 2822
4341 18
4342 2918
4342 1934
4343 3773
4343 1096
4344 1445
4344 1416
4345 97
4345 257
4346 573
4346 1127
4347 76
4347 3735
4348 499
4348 3689
4349 1820
4349 869
4350 1283
4350 3085
4351 518
4351 3
4352 24
4352 882
4353 153
4353 40
4354 3745
4354 1253
4355 313
4355 3382
4356 4226
4356 2159
4357 371
4357 263
4358 368
4358 1571
4359 2029
4359 3374
4360 2310
4360 1
4361 1398
4361 3719
4362 2321
4362 2614
4363 1832
4363 593
4364 36
4364 99
4365 2605
4365 77
4366 418
4366 1079
4367 1932
4367 0
4368 3161
4368 1241
4369 1
4369 747
4370 934
4370 2849
4371 244
4371 18
4372 769
4372 3099
4373 3967
4373 526
4374 2464
4374 748
4375 128
4375 3099
4376 1099
4376 448
4377 13
4377 3462
4378 379
4378 3566
4379 666
4379 2982
4380 327
4380 3284
4381 2182
4381 1290
4382 664
4382 765
4383 30
4383 49
4384 2728
4384 799
4385 2246
4385 219
4386 167
4386 712
4387 3118
4387 2846
4388 679
4388 103
4389 1229
4389 3301
4390 1325
4390 2573
4391 4175
4391 2221
4392 61
4392 822
4393 0
4393 93
4394 351
4394 2326
4395 233
4395 41
4396 1883
4396 382
4397 3126
4397 1065
4398 824
4398 3781
4399 99
4399 1924
4400 1254
4400 814
4401 2
4401 3519
4402 0
4402 1266
4403 729
4403 110
4404 1320
4404 699
4405 281
4405 610
4406 1834
4406 0
4407 36
4407 2017
4408 88
4408 1584
4409 14
4409 2487
4410 901
4410 1986
4411 656
4411 1624
4412 47
4412 63
4413 78
4413 6
4414 1834
4414 4179
4415 4107
4415 1051
4416 50
4416 46
4417 36
4417 4349
4418 18
4418 60
4419 568
4419 1988
4420 1355
4420 3475
4421 829
4421 3498
4422 2093
4422 1443
4423 4190
4423 2592
4424 254
4424 2922
4425 676
4425 3551
4426 546
4426 1095
4427 995
4427 88
4428 767
4428 3104
4429 2069
4429 59
4430 58
4430 59
4431 361
4431 1612
4432 188
4432 2256
4433 3205
4433 860
4434 3355
4434 4031
4435 3405
4435 220
4436 45
4436 780
4437 3075
4437 2683
4438 277
4438 1854
4439 4139
4439 3849
4440 3337
4440 79
4441 1111
4441 1993
4442 2098
4442 906
4443 54
4443 1516
4444 2077
4444 1496
4445 842
4445 640
4446 3141
4446 2799
4447 197
4447 2977
4448 1350
4448 1774
4449 580
4449 201
4450 1734
4450 6
4451 469
4451 267
4452 4385
4452 78
4453 3530
4453 987
4454 853
4454 1292
4455 200
4455 2376
4456 1811
4456 4053
4457 3941
4457 0
4458 2777
4458 172
4459 2950
4459 794
4460 2434
4460 1348
4461 1833
4461 3328
4462 94
4462 38
4463 1386
4463 80
4464 3205
4464 1487
4465 3049
4465 2187
4466 1081
4466 664
4467 4308
4467 975
4468 1172
4468 43
4469 1564
4469 413
4470 1216
4470 436
4471 4191
4471 3156
4472 4258
4472 2207
4473 3614
4473 3966
4474 10
4474 642
4475 30
4475 4438
4476 3007
4476 175
4477 1175
4477 733
4478 1075
4478 2639
4479 104
4479 96
4480 527
4480 275
4481 715
4481 3480
4482 3691
4482 399
4483 42
4483 1
4484 97
4484 359
4485 1510
4485 71
4486 1299
4486 738
4487 2281
4487 1668
4488 579
4488 10
4489 30
4489 1529
4490 264
4490 791
4491 2007
4491 1011
4492 3187
4492 371
4493 2762
4493 58
4494 2899
4494 1446
4495 249
4495 10
4496 992
4496 783
4497 1890
4497 2318
4498 29
4498 728
4499 1332
4499 156
4500 413
4500 2303
4501 4205
4501 198
4502 3119
4502 1325
4503 254
4503 1078
4504 42
4504 404
4505 3992
4505 267
4506 114
4506 2709
4507 2444
4507 79
4508 68
4508 252
4509 431
4509 477
4510 1395
4510 0
4511 102
4511 4459
4512 200
4512 1298
4513 2796
4513 39
4514 1
4514 107
4515 736
4515 703
4516 506
4516 2145
4517 2728
4517 3731
4518 116
4518 2091
4519 1472
4519 200
4520 1077
4520 3726
4521 23
4521 1526
4522 1862
4522 3
4523 69
4523 603
4524 371
4524 29
4525 1991
4525 225
4526 0
4526 4444
4527 261
4527 1728
4528 2745
4528 2
4529 289
4529 1891
4530 3545
4530 1410
4531 20
4531 3
4532 2744
4532 2321
4533 1264
4533 380
4534 199
4534 1073
4535 1585
4535 1616
4536 2297
4536 248
4537 1286
4537 240
4538 274
4538 876
4539 2057
4539 1200
4540 19
4540 2079
4541 2192
4541 3842
4542 1216
4542 225
4543 45
4543 885
4544 200
4544 45
4545 288
4545 13
4546 8
4546 4148
4547 66
4547 3283
4548 4345
4548 777
4549 3245
4549 167
4550 3398
4550 8
4551 3507
4551 47
4552 24
4552 1605
4553 0
4553 454
4554 1
4554 1232
4555 1645
4555 8
4556 4414
4556 1232
4557 3304
4557 0
4558 3
4558 46
4559 2685
4559 2
4560 1780
4560 3735
4561 13
4561 25
4562 1937
4562 36
4563 542
4563 375
4564 1883
4564 288
4565 3378
4565 1797
4566 163
4566 65
4567 2
4567 19
4568 636
4568 2596
4569 2839
4569 23
4570 1193
4570 2277
4571 610
4571 205
4572 403
4572 1225
4573 1096
4573 2706
4574 2958
4574 3
4575 1381
4575 4215
4576 2338
4576 83
4577 3411
4577 2169
4578 3349
4578 3091
4579 58
4579 3327
4580 1159
4580 0
4581 463
4581 522
4582 173
4582 138
4583 75
4583 3144
4584 4
4584 1473
4585 649
4585 3727
4586 3365
4586 4105
4587 1915
4587 980
4588 869
4588 861
4589 82
4589 446
4590 42
4590 257
4591 492
4591 348
4592 2590
4592 3866
4593 36
4593 71
4594 434
4594 61
4595 2749
4595 4164
4596 1188
4596 2964
4597 2194
4597 29
4598 697
4598 986
4599 994
4599 2262
4600 78
4600 722
4601 157
4601 509
4602 466
4602 2019
4603 188
4603 486
4604 511
4604 1259
4605 554
4605 835
4606 1292
4606 2671
4607 14
4607 1094
4608 2914
4608 4143
4609 553
4609 852
4610 3869
4610 3092
4611 260
4611 1333
4612 108
4612 63
4613 2462
4613 717
4614 37
4614 1376
4615 71
4615 4317
4616 2656
4616 2622
4617 3403
4617 3
4618 2290
4618 876
4619 3058
4619 31
4620 88
4620 980
4621 44
4621 492
4622 18
4622 2806
4623 3229
4623 1701
4624 619
4624 273
4625 3696
4625 558
4626 540
4626 2043
4627 155
4627 68
4628 977
4628 2335
4629 1784
4629 439
4630 967
4630 880
4631 865
4631 23
4632 200
4632 385
4633 2534
4633 3335
4634 24
4634 1639
4635 2463
4635 0
4636 3042
4636 1880
4637 47
4637 410
4638 2791
4638 290
4639 3761
4639 2323
4640 153
4640 694
4641 1038
4641 264
4642 725
4642 2392
4643 627
4643 913
4644 45
4644 4190
4645 1357
4645 3786
4646 3655
4646 438
4647 1944
4647 640
4648 2432
4648 1599
4649 1014
4649 75
4650 801
4650 671
4651 885
4651 311
4652 2766
4652 3933
4653 335
4653 1515
4654 3566
4654 209
4655 4142
4655 2240
4656 214
4656 1472
4657 868
4657 3482
4658 1064
4658 2230
4659 194
4659 3995
4660 1352
4660 773
4661 243
4661 195
4662 2618
4662 2179
4663 198
4663 18
4664 3883
4664 145
4665 299
4665 3393
4666 1649
4666 2335
4667 272
4667 287
4668 2112
4668 1597
4669 484
4669 340
4670 1803
4670 2
4671 289
4671 2500
4672 1780
4672 1037
4673 2458
4673 964
4674 92
4674 14
4675 438
4675 3932
4676 729
4676 23
4677 551
4677 509
4678 3289
4678 3141
4679 821
4679 1384
4680 3776
4680 1106
4681 385
4681 1
4682 901
4682 2453
4683 2311
4683 59
4684 2079
4684 2160
4685 3401
4685 1711
4686 323
4686 2235
4687 2877
4687 3246
4688 3671
4688 501
4689 6
4689 1058
4690 507
4690 54
4691 4191
4691 745
4692 130
4692 1411
4693 287
4693 170
4694 1517
4694 2561
4695 3817
4695 161
4696 188
4696 200
4697 667
4697 1357
4698 1954
4698 15
4699 2058
4699 455
4700 1
4700 1023
4701 3557
4701 3137
4702 917
4702 285
4703 3506
4703 305
4704 2469
4704 118
4705 154
4705 3378
4706 153
4706 2009
4707 693
4707 137
4708 2024
4708 248
4709 3539
4709 1594
4710 3185
4710 30
4711 4181
4711 1524
4712 368
4712 28
4713 2323
4713 274
4714 582
4714 29
4715 199
4715 861
4716 1986
4716 4206
4717 1648
4717 355
4718 1216
4718 3465
4719 36
4719 1725
4720 418
4720 131
4721 804
4721 1040
4722 3229
4722 4271
4723 13
4723 3217
4724 2379
4724 30
4725 483
4725 1072
4726 176
4726 1108
4727 441
4727 87
4728 448
4728 2874
4729 878
4729 837
4730 300
4730 1366
4731 18
4731 37
4732 76
4732 385
4733 3827
4733 4567
4734 14
4734 103
4735 3452
4735 1329
4736 4220
4736 1447
4737 375
4737 89
4738 2464
4738 4141
4739 1057
4739 29
4740 1038
4740 720
4741 21
4741 7
4742 1532
4742 768
4743 461
4743 593
4744 398
4744 129
4745 1807
4745 2133
4746 3113
4746 2670
4747 4491
4747 102
4748 3357
4748 527
4749 3213
4749 19
4750 2997
4750 4308
4751 76
4751 1206
4752 1765
4752 33
4753 692
4753 1342
4754 615
4754 52
4755 1443
4755 336
4756 1154
4756 3009
4757 1759
4757 882
4758 607
4758 3300
4759 66
4759 2464
4760 3
4760 431
4761 10
4761 4581
4762 36
4762 2371
4763 0
4763 27
4764 4605
4764 2310
4765 3770
4765 484
4766 1017
4766 338
4767 267
4767 4499
4768 1111
4768 18
4769 3136
4769 15
4770 1459
4770 663
4771 4730
4771 575
4772 1046
4772 500
4773 2180
4773 824
4774 29
4774 14
4775 3743
4775 681
4776 87
4776 3838
4777 134
4777 796
4778 92
4778 495
4779 13
4779 3634
4780 4007
4780 845
4781 2063
4781 3199
4782 1
4782 875
4783 18
4783 989
4784 2
4784 3462
4785 17
4785 326
4786 1181
4786 1375
4787 534
4787 1753
4788 704
4788 3134
4789 4046
4789 437
4790 665
4790 1889
4791 1876
4791 2383
4792 228
4792 1023
4793 275
4793 2065
4794 89
4794 639
4795 4085
4795 2664
4796 207
4796 64
4797 36
4797 178
4798 57
4798 1337
4799 1451
4799 493
4800 6
4800 529
4801 158
4801 4080
4802 404
4802 3434
4803 3706
4803 2133
4804 3106
4804 459
4805 3222
4805 3460
4806 4408
4806 2328
4807 52
4807 2307
4808 3076
4808 4699
4809 3296
4809 882
4810 2277
4810 2741
4811 24
4811 861
4812 2331
4812 4355
4813 1861
4813 319
4814 2322
4814 3447
4815 3002
4815 2079
4816 1561
4816 170
4817 3304
4817 715
4818 964
4818 1510
4819 0
4819 19
4820 3178
4820 3127
4821 2679
4821 149
4822 3060
4822 45
4823 3360
4823 1259
4824 4480
4824 1645
4825 2942
4825 18
4826 1368
4826 2247
4827 704
4827 1250
4828 4364
4828 1053
4829 13
4829 514
4830 2098
4830 3147
4831 101
4831 259
4832 4594
4832 4008
4833 158
4833 79
4834 13
4834 288
4835 267
4835 3074
4836 744
4836 1859
4837 484
4837 4418
4838 234
4838 3162
4839 711
4839 2940
4840 77
4840 647
4841 50
4841 3561
4842 2778
4842 3844
4843 1951
4843 1573
4844 4711
4844 4031
4845 61
4845 705
4846 2045
4846 3394
4847 3110
4847 3845
4848 3964
4848 2410
4849 846
4849 1327
4850 705
4850 1
4851 262
4851 4366
4852 1515
4852 656
4853 2726
4853 2791
4854 3376
4854 4387
4855 240
4855 1037
4856 2994
4856 426
4857 560
4857 2147
4858 2319
4858 3141
4859 3731
4859 842
4860 4638
4860 805
4861 2
4861 1565
4862 1628
4862 1641
4863 4823
4863 3789
4864 14
4864 3955
4865 277
4865 374
4866 30
4866 2806
4867 433
4867 245
4868 3744
4868 1399
4869 996
4869 295
4870 2490
4870 371
4871 1834
4871 299
4872 1100
4872 1621
4873 1302
4873 216
4874 1709
4874 2148
4875 12
4875 337
4876 4529
4876 4372
4877 2506
4877 24
4878 3664
4878 4499
4879 463
4879 1449
4880 1264
4880 901
4881 2919
4881 2160
4882 876
4882 4314
4883 2369
4883 37
4884 527
4884 123
4885 2851
4885 574
4886 4843
4886 3526
4887 217
4887 743
4888 4510
4888 3358
4889 50
4889 3116
4890 4085
4890 1013
4891 2910
4891 371
4892 371
4892 992
4893 687
4893 1738
4894 10
4894 1
4895 2282
4895 7
4896 88
4896 3187
4897 76
4897 4551
4898 17
4898 1735
4899 185
4899 1401
4900 3434
4900 1085
4901 2693
4901 1187
4902 2459
4902 4465
4903 1947
4903 1894
4904 441
4904 1569
4905 66
4905 1142
4906 3498
4906 15
4907 1202
4907 23
4908 611
4908 4364
4909 4801
4909 1452
4910 0
4910 479
4911 938
4911 185
4912 1807
4912 555
4913 117
4913 2363
4914 362
4914 2731
4915 836
4915 1679
4916 869
4916 4324
4917 1477
4917 1241
4918 4754
4918 1736
4919 20
4919 4358
4920 750
4920 1154
4921 2084
4921 42
4922 1010
4922 4005
4923 1285
4923 2703
4924 3477
4924 1165
4925 2302
4925 23
4926 55
4926 7
4927 2092
4927 50
4928 1455
4928 3390
4929 2567
4929 1904
4930 4266
4930 331
4931 1
4931 4160
4932 4740
4932 688
4933 4666
4933 1408
4934 378
4934 29
4935 4741
4935 2636
4936 1137
4936 4201
4937 492
4937 1225
4938 3172
4938 484
4939 3059
4939 2220
4940 109
4940 1365
4941 795
4941 31
4942 207
4942 1598
4943 4500
4943 4251
4944 30
4944 83
4945 616
4945 3455
4946 309
4946 389
4947 881
4947 4067
4948 583
4948 1430
4949 1067
4949 2083
4950 1510
4950 1361
4951 2705
4951 1014
4952 673
4952 45
4953 1076
4953 1204
4954 3185
4954 3745
4955 1943
4955 221
4956 3742
4956 209
4957 1301
4957 136
4958 2974
4958 4578
4959 4566
4959 1481
4960 3074
4960 1597
4961 18
4961 145
4962 484
4962 3256
4963 30
4963 1264
4964 49
4964 4702
4965 4550
4965 1
4966 11
4966 4228
4967 1329
4967 1429
4968 13
4968 309
4969 842
4969 2174
4970 1051
4970 1173
4971 4314
4971 1093
4972 624
4972 82
4973 836
4973 506
4974 269
4974 31
4975 4505
4975 28
4976 1201
4976 2022
4977 68
4977 2850
4978 2178
4978 135
4979 4183
4979 3291
4980 1174
4980 3815
4981 3428
4981 568
4982 20
4982 117
4983 597
4983 1439
4984 136
4984 4389
4985 3986
4985 4506
4986 19
4986 1204
4987 112
4987 0
4988 271
4988 1744
4989 2821
4989 1527
4990 79
4990 3235
4991 99
4991 1246
4992 1252
4992 3041
4993 1519
4993 1803
4994 1815
4994 4522
4995 161
4995 16
4996 1563
4996 512
4997 4731
4997 587
4998 1026
4998 1027
4999 289
4999 899
