2 11 0 1 1.93309
2 11 0 3 2.27913
2 11 0 4 2.23846
2 11 0 5 2.19034
2 11 0 6 2.35855
2 11 0 7 2.04939
2 11 0 8 2.09069
2 11 0 9 2.35855
2 11 0 10 2.21037
2 11 0 12 2.2563
2 11 0 13 2.2563
2 11 0 14 2.31349
2 11 1 3 1.90693
2 11 1 4 1.41421
2 11 1 5 1.73205
2 11 1 6 1.93309
2 11 1 7 1.85164
2 11 1 8 1.81265
2 11 1 9 1.93309
2 11 1 10 1.62019
2 11 1 12 1.93309
2 11 1 13 1.93309
2 11 1 14 1.81265
2 11 3 4 2.23607
2 11 3 5 2.19034
2 11 3 6 2.326
2 11 3 7 2.08167
2 11 3 8 2.02367
2 11 3 9 2.326
2 11 3 10 2.16556
2 11 3 12 2.20605
2 11 3 13 2.16025
2 11 3 14 2.27837
2 11 4 5 2.23607
2 11 4 6 2.28239
2 11 4 7 2
2 11 4 8 2.04939
2 11 4 9 2.28239
2 11 4 10 2.22354
2 11 4 12 2.12132
2 11 4 13 2.08167
2 11 4 14 2.26779
2 11 5 6 2.24649
2 11 5 7 2.04939
2 11 5 8 1.93309
2 11 5 9 2.24649
2 11 5 10 2.13809
2 11 5 12 2.081
2 11 5 13 2.04939
2 11 5 14 2.23607
2 11 6 7 2.08167
2 11 6 8 2.14154
2 11 6 9 2.38791
2 11 6 10 2.2514
2 11 6 12 2.27761
2 11 6 13 2.2563
2 11 6 14 2.34937
2 11 7 8 1.62019
2 11 7 9 2.08167
2 11 7 10 1.85164
2 11 7 12 2
2 11 7 13 2
2 11 7 14 2
2 11 8 9 2.14154
2 11 8 10 2.09938
2 11 8 12 2.04495
2 11 8 13 2
2 11 8 14 2.16025
2 11 9 10 2.2514
2 11 9 12 2.27761
2 11 9 13 2.2563
2 11 9 14 2.34937
2 11 10 12 2.09938
2 11 10 13 2.04939
2 11 10 14 2.2514
2 11 12 13 2.173
2 11 12 14 2.23607
2 11 13 14 2.19745
