2 11 0 1 3 4 1.41421
2 11 0 1 3 5 1.73205
2 11 0 1 3 6 1.90693
2 11 0 1 3 7 1.85164
2 11 0 1 3 8 1.73205
2 11 0 1 3 9 1.90693
2 11 0 1 3 10 1.41421
2 11 0 1 3 12 1.90693
2 11 0 1 3 13 1.90693
2 11 0 1 3 14 1.73205
2 11 0 1 4 5 1.41421
2 11 0 1 4 6 1.41421
2 11 0 1 4 7 1.41421
2 11 0 1 4 8 1.41421
2 11 0 1 4 9 1.41421
2 11 0 1 4 10 1.41421
2 11 0 1 4 12 1.41421
2 11 0 1 4 13 1.41421
2 11 0 1 4 14 1.41421
2 11 0 1 5 6 1.73205
2 11 0 1 5 7 1.73205
2 11 0 1 5 8 1.41421
2 11 0 1 5 9 1.73205
2 11 0 1 5 10 1
2 11 0 1 5 12 1.73205
2 11 0 1 5 13 1.73205
2 11 0 1 5 14 1.41421
2 11 0 1 6 7 1.85164
2 11 0 1 6 8 1.81265
2 11 0 1 6 9 1.93309
2 11 0 1 6 10 1.62019
2 11 0 1 6 12 1.93309
2 11 0 1 6 13 1.93309
2 11 0 1 6 14 1.81265
2 11 0 1 7 8 1.62019
2 11 0 1 7 9 1.85164
2 11 0 1 7 10 1
2 11 0 1 7 12 1.85164
2 11 0 1 7 13 1.85164
2 11 0 1 7 14 1.62019
2 11 0 1 8 9 1.81265
2 11 0 1 8 10 1.62019
2 11 0 1 8 12 1.81265
2 11 0 1 8 13 1.81265
2 11 0 1 8 14 1.73205
2 11 0 1 9 10 1.62019
2 11 0 1 9 12 1.93309
2 11 0 1 9 13 1.93309
2 11 0 1 9 14 1.81265
2 11 0 1 10 12 1.62019
2 11 0 1 10 13 1.62019
2 11 0 1 10 14 1.62019
2 11 0 1 12 13 1.93309
2 11 0 1 12 14 1.81265
2 11 0 1 13 14 1.81265
2 11 0 3 4 5 2.10357
2 11 0 3 4 6 2.16556
2 11 0 3 4 7 1.90693
2 11 0 3 4 8 1.85164
2 11 0 3 4 9 2.16556
2 11 0 3 4 10 2.07802
2 11 0 3 4 12 2
2 11 0 3 4 13 2
2 11 0 3 4 14 2.13809
2 11 0 3 5 6 2.15297
2 11 0 3 5 7 2
2 11 0 3 5 8 1.73205
2 11 0 3 5 9 2.15297
2 11 0 3 5 10 2
2 11 0 3 5 12 2
2 11 0 3 5 13 2
2 11 0 3 5 14 2.10357
2 11 0 3 6 7 2.04939
2 11 0 3 6 8 1.96214
2 11 0 3 6 9 2.27913
2 11 0 3 6 10 2.10357
2 11 0 3 6 12 2.16025
2 11 0 3 6 13 2.16025
2 11 0 3 6 14 2.24038
2 11 0 3 7 8 1.62019
2 11 0 3 7 9 2.04939
2 11 0 3 7 10 1.73205
2 11 0 3 7 12 2
2 11 0 3 7 13 2
2 11 0 3 7 14 1.93309
2 11 0 3 8 9 1.96214
2 11 0 3 8 10 1.90693
2 11 0 3 8 12 2
2 11 0 3 8 13 2
2 11 0 3 8 14 1.93309
2 11 0 3 9 10 2.10357
2 11 0 3 9 12 2.16025
2 11 0 3 9 13 2.16025
2 11 0 3 9 14 2.24038
2 11 0 3 10 12 1.90693
2 11 0 3 10 13 1.90693
2 11 0 3 10 14 2.10357
2 11 0 3 12 13 2.10639
2 11 0 3 12 14 2.10639
2 11 0 3 13 14 2.10639
2 11 0 4 5 6 2.16556
2 11 0 4 5 7 1.90693
2 11 0 4 5 8 1.85164
2 11 0 4 5 9 2.16556
2 11 0 4 5 10 2.07802
2 11 0 4 5 12 2
2 11 0 4 5 13 2
2 11 0 4 5 14 2.13809
2 11 0 4 6 7 1.90693
2 11 0 4 6 8 2.00294
2 11 0 4 6 9 2.23846
2 11 0 4 6 10 2.17945
2 11 0 4 6 12 2.08167
2 11 0 4 6 13 2.08167
2 11 0 4 6 14 2.22354
2 11 0 4 7 8 1.41421
2 11 0 4 7 9 1.90693
2 11 0 4 7 10 1.73205
2 11 0 4 7 12 1.73205
2 11 0 4 7 13 1.73205
2 11 0 4 7 14 1.85164
2 11 0 4 8 9 2.00294
2 11 0 4 8 10 2.00294
2 11 0 4 8 12 1.85164
2 11 0 4 8 13 1.85164
2 11 0 4 8 14 2.00294
2 11 0 4 9 10 2.17945
2 11 0 4 9 12 2.08167
2 11 0 4 9 13 2.08167
2 11 0 4 9 14 2.22354
2 11 0 4 10 12 2.00294
2 11 0 4 10 13 2.00294
2 11 0 4 10 14 2.17945
2 11 0 4 12 13 1.93309
2 11 0 4 12 14 2.04939
2 11 0 4 13 14 2.04939
2 11 0 5 6 7 2
2 11 0 5 6 8 1.85164
2 11 0 5 6 9 2.19034
2 11 0 5 6 10 2.07802
2 11 0 5 6 12 2.04939
2 11 0 5 6 13 2.04939
2 11 0 5 6 14 2.16556
2 11 0 5 7 8 1.41421
2 11 0 5 7 9 2
2 11 0 5 7 10 1.73205
2 11 0 5 7 12 1.90693
2 11 0 5 7 13 1.90693
2 11 0 5 7 14 1.90693
2 11 0 5 8 9 1.85164
2 11 0 5 8 10 1.85164
2 11 0 5 8 12 1.62019
2 11 0 5 8 13 1.62019
2 11 0 5 8 14 1.85164
2 11 0 5 9 10 2.07802
2 11 0 5 9 12 2.04939
2 11 0 5 9 13 2.04939
2 11 0 5 9 14 2.16556
2 11 0 5 10 12 1.85164
2 11 0 5 10 13 1.85164
2 11 0 5 10 14 2.07802
2 11 0 5 12 13 1.93309
2 11 0 5 12 14 2
2 11 0 5 13 14 2
2 11 0 6 7 8 1.62019
2 11 0 6 7 9 2.04939
2 11 0 6 7 10 1.73205
2 11 0 6 7 12 2
2 11 0 6 7 13 2
2 11 0 6 7 14 1.93309
2 11 0 6 8 9 2.09069
2 11 0 6 8 10 2.04939
2 11 0 6 8 12 2
2 11 0 6 8 13 2
2 11 0 6 8 14 2.08167
2 11 0 6 9 10 2.21037
2 11 0 6 9 12 2.2563
2 11 0 6 9 13 2.2563
2 11 0 6 9 14 2.31349
2 11 0 6 10 12 2.04939
2 11 0 6 10 13 2.04939
2 11 0 6 10 14 2.21037
2 11 0 6 12 13 2.173
2 11 0 6 12 14 2.19745
2 11 0 6 13 14 2.19745
2 11 0 7 8 9 1.62019
2 11 0 7 8 10 1.41421
2 11 0 7 8 12 1.62019
2 11 0 7 8 13 1.62019
2 11 0 7 8 14 1.41421
2 11 0 7 9 10 1.73205
2 11 0 7 9 12 2
2 11 0 7 9 13 2
2 11 0 7 9 14 1.93309
2 11 0 7 10 12 1.41421
2 11 0 7 10 13 1.41421
2 11 0 7 10 14 1.73205
2 11 0 7 12 13 1.93309
2 11 0 7 12 14 1.81265
2 11 0 7 13 14 1.81265
2 11 0 8 9 10 2.04939
2 11 0 8 9 12 2
2 11 0 8 9 13 2
2 11 0 8 9 14 2.08167
2 11 0 8 10 12 1.93309
2 11 0 8 10 13 1.93309
2 11 0 8 10 14 2.04939
2 11 0 8 12 13 1.93309
2 11 0 8 12 14 2
2 11 0 8 13 14 2
2 11 0 9 10 12 2.04939
2 11 0 9 10 13 2.04939
2 11 0 9 10 14 2.21037
2 11 0 9 12 13 2.173
2 11 0 9 12 14 2.19745
2 11 0 9 13 14 2.19745
2 11 0 10 12 13 1.93309
2 11 0 10 12 14 2.04939
2 11 0 10 13 14 2.04939
2 11 0 12 13 14 2.10639
2 11 1 3 4 5 1.41421
2 11 1 3 4 6 1.41421
2 11 1 3 4 7 1.41421
2 11 1 3 4 8 1
2 11 1 3 4 9 1.41421
2 11 1 3 4 10 1
2 11 1 3 4 12 1.41421
2 11 1 3 4 13 1.41421
2 11 1 3 4 14 1
2 11 1 3 5 6 1.73205
2 11 1 3 5 7 1.73205
2 11 1 3 5 8 1.41421
2 11 1 3 5 9 1.73205
2 11 1 3 5 10 1
2 11 1 3 5 12 1.73205
2 11 1 3 5 13 1.73205
2 11 1 3 5 14 1.41421
2 11 1 3 6 7 1.85164
2 11 1 3 6 8 1.73205
2 11 1 3 6 9 1.90693
2 11 1 3 6 10 1.41421
2 11 1 3 6 12 1.90693
2 11 1 3 6 13 1.90693
2 11 1 3 6 14 1.73205
2 11 1 3 7 8 1.62019
2 11 1 3 7 9 1.85164
2 11 1 3 7 10 1
2 11 1 3 7 12 1.85164
2 11 1 3 7 13 1.85164
2 11 1 3 7 14 1.62019
2 11 1 3 8 9 1.73205
2 11 1 3 8 10 1.41421
2 11 1 3 8 12 1.73205
2 11 1 3 8 13 1.73205
2 11 1 3 8 14 1.62019
2 11 1 3 9 10 1.41421
2 11 1 3 9 12 1.90693
2 11 1 3 9 13 1.90693
2 11 1 3 9 14 1.73205
2 11 1 3 10 12 1.41421
2 11 1 3 10 13 1.41421
2 11 1 3 10 14 1.41421
2 11 1 3 12 13 1.90693
2 11 1 3 12 14 1.73205
2 11 1 3 13 14 1.73205
2 11 1 4 5 6 1.41421
2 11 1 4 5 7 1.41421
2 11 1 4 5 8 1
2 11 1 4 5 9 1.41421
2 11 1 4 5 10 1
2 11 1 4 5 12 1.41421
2 11 1 4 5 13 1.41421
2 11 1 4 5 14 1
2 11 1 4 6 7 1.41421
2 11 1 4 6 8 1.41421
2 11 1 4 6 9 1.41421
2 11 1 4 6 10 1.41421
2 11 1 4 6 12 1.41421
2 11 1 4 6 13 1.41421
2 11 1 4 6 14 1.41421
2 11 1 4 7 8 1
2 11 1 4 7 9 1.41421
2 11 1 4 7 10 1
2 11 1 4 7 12 1.41421
2 11 1 4 7 13 1.41421
2 11 1 4 7 14 1
2 11 1 4 8 9 1.41421
2 11 1 4 8 10 1.41421
2 11 1 4 8 12 1.41421
2 11 1 4 8 13 1.41421
2 11 1 4 8 14 1.41421
2 11 1 4 9 10 1.41421
2 11 1 4 9 12 1.41421
2 11 1 4 9 13 1.41421
2 11 1 4 9 14 1.41421
2 11 1 4 10 12 1.41421
2 11 1 4 10 13 1.41421
2 11 1 4 10 14 1.41421
2 11 1 4 12 13 1.41421
2 11 1 4 12 14 1.41421
2 11 1 4 13 14 1.41421
2 11 1 5 6 7 1.73205
2 11 1 5 6 8 1.41421
2 11 1 5 6 9 1.73205
2 11 1 5 6 10 1
2 11 1 5 6 12 1.73205
2 11 1 5 6 13 1.73205
2 11 1 5 6 14 1.41421
2 11 1 5 7 8 1.41421
2 11 1 5 7 9 1.73205
2 11 1 5 7 10 1
2 11 1 5 7 12 1.73205
2 11 1 5 7 13 1.73205
2 11 1 5 7 14 1.41421
2 11 1 5 8 9 1.41421
2 11 1 5 8 10 1
2 11 1 5 8 12 1.41421
2 11 1 5 8 13 1.41421
2 11 1 5 8 14 1
2 11 1 5 9 10 1
2 11 1 5 9 12 1.73205
2 11 1 5 9 13 1.73205
2 11 1 5 9 14 1.41421
2 11 1 5 10 12 1
2 11 1 5 10 13 1
2 11 1 5 10 14 1
2 11 1 5 12 13 1.73205
2 11 1 5 12 14 1.41421
2 11 1 5 13 14 1.41421
2 11 1 6 7 8 1.62019
2 11 1 6 7 9 1.85164
2 11 1 6 7 10 1
2 11 1 6 7 12 1.85164
2 11 1 6 7 13 1.85164
2 11 1 6 7 14 1.62019
2 11 1 6 8 9 1.81265
2 11 1 6 8 10 1.62019
2 11 1 6 8 12 1.81265
2 11 1 6 8 13 1.81265
2 11 1 6 8 14 1.73205
2 11 1 6 9 10 1.62019
2 11 1 6 9 12 1.93309
2 11 1 6 9 13 1.93309
2 11 1 6 9 14 1.81265
2 11 1 6 10 12 1.62019
2 11 1 6 10 13 1.62019
2 11 1 6 10 14 1.62019
2 11 1 6 12 13 1.93309
2 11 1 6 12 14 1.81265
2 11 1 6 13 14 1.81265
2 11 1 7 8 9 1.62019
2 11 1 7 8 10 1
2 11 1 7 8 12 1.62019
2 11 1 7 8 13 1.62019
2 11 1 7 8 14 1.41421
2 11 1 7 9 10 1
2 11 1 7 9 12 1.85164
2 11 1 7 9 13 1.85164
2 11 1 7 9 14 1.62019
2 11 1 7 10 12 1
2 11 1 7 10 13 1
2 11 1 7 10 14 1
2 11 1 7 12 13 1.85164
2 11 1 7 12 14 1.62019
2 11 1 7 13 14 1.62019
2 11 1 8 9 10 1.62019
2 11 1 8 9 12 1.81265
2 11 1 8 9 13 1.81265
2 11 1 8 9 14 1.73205
2 11 1 8 10 12 1.62019
2 11 1 8 10 13 1.62019
2 11 1 8 10 14 1.62019
2 11 1 8 12 13 1.81265
2 11 1 8 12 14 1.73205
2 11 1 8 13 14 1.73205
2 11 1 9 10 12 1.62019
2 11 1 9 10 13 1.62019
2 11 1 9 10 14 1.62019
2 11 1 9 12 13 1.93309
2 11 1 9 12 14 1.81265
2 11 1 9 13 14 1.81265
2 11 1 10 12 13 1.62019
2 11 1 10 12 14 1.62019
2 11 1 10 13 14 1.62019
2 11 1 12 13 14 1.81265
2 11 3 4 5 6 2.16556
2 11 3 4 5 7 2
2 11 3 4 5 8 1.85164
2 11 3 4 5 9 2.16556
2 11 3 4 5 10 2.07802
2 11 3 4 5 12 2
2 11 3 4 5 13 1.90693
2 11 3 4 5 14 2.13809
2 11 3 4 6 7 2
2 11 3 4 6 8 1.93309
2 11 3 4 6 9 2.23607
2 11 3 4 6 10 2.13809
2 11 3 4 6 12 2.0381
2 11 3 4 6 13 2
2 11 3 4 6 14 2.18955
2 11 3 4 7 8 1.62019
2 11 3 4 7 9 2
2 11 3 4 7 10 1.85164
2 11 3 4 7 12 1.81265
2 11 3 4 7 13 1.73205
2 11 3 4 7 14 1.93309
2 11 3 4 8 9 1.93309
2 11 3 4 8 10 1.93309
2 11 3 4 8 12 1.73205
2 11 3 4 8 13 1.62019
2 11 3 4 8 14 1.93309
2 11 3 4 9 10 2.13809
2 11 3 4 9 12 2.0381
2 11 3 4 9 13 2
2 11 3 4 9 14 2.18955
2 11 3 4 10 12 1.93309
2 11 3 4 10 13 1.85164
2 11 3 4 10 14 2.13809
2 11 3 4 12 13 1.81265
2 11 3 4 12 14 2
2 11 3 4 13 14 1.93309
2 11 3 5 6 7 2.04939
2 11 3 5 6 8 1.85164
2 11 3 5 6 9 2.19034
2 11 3 5 6 10 2.07802
2 11 3 5 6 12 2.04939
2 11 3 5 6 13 2
2 11 3 5 6 14 2.16556
2 11 3 5 7 8 1.62019
2 11 3 5 7 9 2.04939
2 11 3 5 7 10 1.85164
2 11 3 5 7 12 1.93309
2 11 3 5 7 13 1.90693
2 11 3 5 7 14 2
2 11 3 5 8 9 1.85164
2 11 3 5 8 10 1.85164
2 11 3 5 8 12 1.62019
2 11 3 5 8 13 1.41421
2 11 3 5 8 14 1.85164
2 11 3 5 9 10 2.07802
2 11 3 5 9 12 2.04939
2 11 3 5 9 13 2
2 11 3 5 9 14 2.16556
2 11 3 5 10 12 1.85164
2 11 3 5 10 13 1.73205
2 11 3 5 10 14 2.07802
2 11 3 5 12 13 1.90693
2 11 3 5 12 14 2
2 11 3 5 13 14 1.90693
2 11 3 6 7 8 1.62019
2 11 3 6 7 9 2.08167
2 11 3 6 7 10 1.85164
2 11 3 6 7 12 2
2 11 3 6 7 13 2
2 11 3 6 7 14 2
2 11 3 6 8 9 2.02367
2 11 3 6 8 10 2
2 11 3 6 8 12 2
2 11 3 6 8 13 2
2 11 3 6 8 14 2
2 11 3 6 9 10 2.16556
2 11 3 6 9 12 2.20605
2 11 3 6 9 13 2.16025
2 11 3 6 9 14 2.27837
2 11 3 6 10 12 2
2 11 3 6 10 13 1.90693
2 11 3 6 10 14 2.16556
2 11 3 6 12 13 2.10639
2 11 3 6 12 14 2.16025
2 11 3 6 13 14 2.10639
2 11 3 7 8 9 1.62019
2 11 3 7 8 10 1.62019
2 11 3 7 8 12 1.62019
2 11 3 7 8 13 1.62019
2 11 3 7 8 14 1.62019
2 11 3 7 9 10 1.85164
2 11 3 7 9 12 2
2 11 3 7 9 13 2
2 11 3 7 9 14 2
2 11 3 7 10 12 1.62019
2 11 3 7 10 13 1.41421
2 11 3 7 10 14 1.85164
2 11 3 7 12 13 1.93309
2 11 3 7 12 14 2
2 11 3 7 13 14 1.81265
2 11 3 8 9 10 2
2 11 3 8 9 12 2
2 11 3 8 9 13 2
2 11 3 8 9 14 2
2 11 3 8 10 12 1.81265
2 11 3 8 10 13 1.73205
2 11 3 8 10 14 2
2 11 3 8 12 13 1.81265
2 11 3 8 12 14 2
2 11 3 8 13 14 1.81265
2 11 3 9 10 12 2
2 11 3 9 10 13 1.90693
2 11 3 9 10 14 2.16556
2 11 3 9 12 13 2.10639
2 11 3 9 12 14 2.16025
2 11 3 9 13 14 2.10639
2 11 3 10 12 13 1.73205
2 11 3 10 12 14 2
2 11 3 10 13 14 1.90693
2 11 3 12 13 14 2
2 11 4 5 6 7 2
2 11 4 5 6 8 1.93309
2 11 4 5 6 9 2.23607
2 11 4 5 6 10 2.13809
2 11 4 5 6 12 2.0381
2 11 4 5 6 13 2
2 11 4 5 6 14 2.18955
2 11 4 5 7 8 1.62019
2 11 4 5 7 9 2
2 11 4 5 7 10 1.85164
2 11 4 5 7 12 1.81265
2 11 4 5 7 13 1.73205
2 11 4 5 7 14 1.93309
2 11 4 5 8 9 1.93309
2 11 4 5 8 10 1.93309
2 11 4 5 8 12 1.73205
2 11 4 5 8 13 1.62019
2 11 4 5 8 14 1.93309
2 11 4 5 9 10 2.13809
2 11 4 5 9 12 2.0381
2 11 4 5 9 13 2
2 11 4 5 9 14 2.18955
2 11 4 5 10 12 1.93309
2 11 4 5 10 13 1.85164
2 11 4 5 10 14 2.13809
2 11 4 5 12 13 1.81265
2 11 4 5 12 14 2
2 11 4 5 13 14 1.93309
2 11 4 6 7 8 1.62019
2 11 4 6 7 9 2
2 11 4 6 7 10 1.85164
2 11 4 6 7 12 1.81265
2 11 4 6 7 13 1.73205
2 11 4 6 7 14 1.93309
2 11 4 6 8 9 2.04939
2 11 4 6 8 10 2.04939
2 11 4 6 8 12 1.90693
2 11 4 6 8 13 1.85164
2 11 4 6 8 14 2.04939
2 11 4 6 9 10 2.22354
2 11 4 6 9 12 2.12132
2 11 4 6 9 13 2.08167
2 11 4 6 9 14 2.26779
2 11 4 6 10 12 2.04939
2 11 4 6 10 13 2.00294
2 11 4 6 10 14 2.22354
2 11 4 6 12 13 1.93309
2 11 4 6 12 14 2.10223
2 11 4 6 13 14 2.04939
2 11 4 7 8 9 1.62019
2 11 4 7 8 10 1.62019
2 11 4 7 8 12 1.41421
2 11 4 7 8 13 1
2 11 4 7 8 14 1.62019
2 11 4 7 9 10 1.85164
2 11 4 7 9 12 1.81265
2 11 4 7 9 13 1.73205
2 11 4 7 9 14 1.93309
2 11 4 7 10 12 1.62019
2 11 4 7 10 13 1.41421
2 11 4 7 10 14 1.85164
2 11 4 7 12 13 1.62019
2 11 4 7 12 14 1.73205
2 11 4 7 13 14 1.62019
2 11 4 8 9 10 2.04939
2 11 4 8 9 12 1.90693
2 11 4 8 9 13 1.85164
2 11 4 8 9 14 2.04939
2 11 4 8 10 12 1.90693
2 11 4 8 10 13 1.85164
2 11 4 8 10 14 2.04939
2 11 4 8 12 13 1.73205
2 11 4 8 12 14 1.90693
2 11 4 8 13 14 1.85164
2 11 4 9 10 12 2.04939
2 11 4 9 10 13 2.00294
2 11 4 9 10 14 2.22354
2 11 4 9 12 13 1.93309
2 11 4 9 12 14 2.10223
2 11 4 9 13 14 2.04939
2 11 4 10 12 13 1.85164
2 11 4 10 12 14 2.04939
2 11 4 10 13 14 2.00294
2 11 4 12 13 14 1.90693
2 11 5 6 7 8 1.62019
2 11 5 6 7 9 2.04939
2 11 5 6 7 10 1.85164
2 11 5 6 7 12 1.93309
2 11 5 6 7 13 1.90693
2 11 5 6 7 14 2
2 11 5 6 8 9 1.93309
2 11 5 6 8 10 1.93309
2 11 5 6 8 12 1.73205
2 11 5 6 8 13 1.62019
2 11 5 6 8 14 1.93309
2 11 5 6 9 10 2.13809
2 11 5 6 9 12 2.081
2 11 5 6 9 13 2.04939
2 11 5 6 9 14 2.23607
2 11 5 6 10 12 1.93309
2 11 5 6 10 13 1.85164
2 11 5 6 10 14 2.13809
2 11 5 6 12 13 1.93309
2 11 5 6 12 14 2.0381
2 11 5 6 13 14 2
2 11 5 7 8 9 1.62019
2 11 5 7 8 10 1.62019
2 11 5 7 8 12 1.41421
2 11 5 7 8 13 1.41421
2 11 5 7 8 14 1.62019
2 11 5 7 9 10 1.85164
2 11 5 7 9 12 1.93309
2 11 5 7 9 13 1.90693
2 11 5 7 9 14 2
2 11 5 7 10 12 1.62019
2 11 5 7 10 13 1.41421
2 11 5 7 10 14 1.85164
2 11 5 7 12 13 1.85164
2 11 5 7 12 14 1.81265
2 11 5 7 13 14 1.73205
2 11 5 8 9 10 1.93309
2 11 5 8 9 12 1.73205
2 11 5 8 9 13 1.62019
2 11 5 8 9 14 1.93309
2 11 5 8 10 12 1.73205
2 11 5 8 10 13 1.62019
2 11 5 8 10 14 1.93309
2 11 5 8 12 13 1.41421
2 11 5 8 12 14 1.73205
2 11 5 8 13 14 1.62019
2 11 5 9 10 12 1.93309
2 11 5 9 10 13 1.85164
2 11 5 9 10 14 2.13809
2 11 5 9 12 13 1.93309
2 11 5 9 12 14 2.0381
2 11 5 9 13 14 2
2 11 5 10 12 13 1.62019
2 11 5 10 12 14 1.93309
2 11 5 10 13 14 1.85164
2 11 5 12 13 14 1.81265
2 11 6 7 8 9 1.62019
2 11 6 7 8 10 1.62019
2 11 6 7 8 12 1.62019
2 11 6 7 8 13 1.62019
2 11 6 7 8 14 1.62019
2 11 6 7 9 10 1.85164
2 11 6 7 9 12 2
2 11 6 7 9 13 2
2 11 6 7 9 14 2
2 11 6 7 10 12 1.62019
2 11 6 7 10 13 1.41421
2 11 6 7 10 14 1.85164
2 11 6 7 12 13 1.93309
2 11 6 7 12 14 2
2 11 6 7 13 14 1.81265
2 11 6 8 9 10 2.09938
2 11 6 8 9 12 2.04495
2 11 6 8 9 13 2
2 11 6 8 9 14 2.16025
2 11 6 8 10 12 2
2 11 6 8 10 13 1.93309
2 11 6 8 10 14 2.09938
2 11 6 8 12 13 1.93309
2 11 6 8 12 14 2.01187
2 11 6 8 13 14 2
2 11 6 9 10 12 2.09938
2 11 6 9 10 13 2.04939
2 11 6 9 10 14 2.2514
2 11 6 9 12 13 2.173
2 11 6 9 12 14 2.23607
2 11 6 9 13 14 2.19745
2 11 6 10 12 13 1.93309
2 11 6 10 12 14 2.09938
2 11 6 10 13 14 2.04939
2 11 6 12 13 14 2.10639
2 11 7 8 9 10 1.62019
2 11 7 8 9 12 1.62019
2 11 7 8 9 13 1.62019
2 11 7 8 9 14 1.62019
2 11 7 8 10 12 1.41421
2 11 7 8 10 13 1
2 11 7 8 10 14 1.62019
2 11 7 8 12 13 1.62019
2 11 7 8 12 14 1.41421
2 11 7 8 13 14 1.41421
2 11 7 9 10 12 1.62019
2 11 7 9 10 13 1.41421
2 11 7 9 10 14 1.85164
2 11 7 9 12 13 1.93309
2 11 7 9 12 14 2
2 11 7 9 13 14 1.81265
2 11 7 10 12 13 1
2 11 7 10 12 14 1.62019
2 11 7 10 13 14 1.41421
2 11 7 12 13 14 1.73205
2 11 8 9 10 12 2
2 11 8 9 10 13 1.93309
2 11 8 9 10 14 2.09938
2 11 8 9 12 13 1.93309
2 11 8 9 12 14 2.01187
2 11 8 9 13 14 2
2 11 8 10 12 13 1.85164
2 11 8 10 12 14 2
2 11 8 10 13 14 1.93309
2 11 8 12 13 14 1.90693
2 11 9 10 12 13 1.93309
2 11 9 10 12 14 2.09938
2 11 9 10 13 14 2.04939
2 11 9 12 13 14 2.10639
2 11 10 12 13 14 1.93309
