10 14 0 1 2 3 4 1.41421
10 14 0 1 2 3 5 1.41421
10 14 0 1 2 3 6 1.41421
10 14 0 1 2 3 7 1.41421
10 14 0 1 2 3 8 1.41421
10 14 0 1 2 3 9 1.41421
10 14 0 1 2 3 11 1.41421
10 14 0 1 2 3 12 1.41421
10 14 0 1 2 3 13 1.41421
10 14 0 1 2 4 5 1.73205
10 14 0 1 2 4 6 1.62019
10 14 0 1 2 4 7 1.62019
10 14 0 1 2 4 8 1.81265
10 14 0 1 2 4 9 1.73205
10 14 0 1 2 4 11 1.41421
10 14 0 1 2 4 12 1.81265
10 14 0 1 2 4 13 1.81265
10 14 0 1 2 5 6 1.41421
10 14 0 1 2 5 7 1.62019
10 14 0 1 2 5 8 1.73205
10 14 0 1 2 5 9 1.62019
10 14 0 1 2 5 11 1
10 14 0 1 2 5 12 1.73205
10 14 0 1 2 5 13 1.73205
10 14 0 1 2 6 7 1
10 14 0 1 2 6 8 1.73205
10 14 0 1 2 6 9 1.73205
10 14 0 1 2 6 11 1.62019
10 14 0 1 2 6 12 1.73205
10 14 0 1 2 6 13 1.73205
10 14 0 1 2 7 8 1.62019
10 14 0 1 2 7 9 1.41421
10 14 0 1 2 7 11 1
10 14 0 1 2 7 12 1.62019
10 14 0 1 2 7 13 1.62019
10 14 0 1 2 8 9 1.81265
10 14 0 1 2 8 11 1.62019
10 14 0 1 2 8 12 2
10 14 0 1 2 8 13 2
10 14 0 1 2 9 11 1.62019
10 14 0 1 2 9 12 1.81265
10 14 0 1 2 9 13 1.81265
10 14 0 1 2 11 12 1.62019
10 14 0 1 2 11 13 1.62019
10 14 0 1 2 12 13 2
10 14 0 1 3 4 5 1.41421
10 14 0 1 3 4 6 1.41421
10 14 0 1 3 4 7 1.41421
10 14 0 1 3 4 8 1.41421
10 14 0 1 3 4 9 1.41421
10 14 0 1 3 4 11 1.41421
10 14 0 1 3 4 12 1.41421
10 14 0 1 3 4 13 1.41421
10 14 0 1 3 5 6 0
10 14 0 1 3 5 7 1.41421
10 14 0 1 3 5 8 1.41421
10 14 0 1 3 5 9 1
10 14 0 1 3 5 11 1
10 14 0 1 3 5 12 1.41421
10 14 0 1 3 5 13 1.41421
10 14 0 1 3 6 7 1.41421
10 14 0 1 3 6 8 1.73205
10 14 0 1 3 6 9 1.73205
10 14 0 1 3 6 11 1.73205
10 14 0 1 3 6 12 1.73205
10 14 0 1 3 6 13 1.73205
10 14 0 1 3 7 8 1.41421
10 14 0 1 3 7 9 1.41421
10 14 0 1 3 7 11 1.41421
10 14 0 1 3 7 12 1.41421
10 14 0 1 3 7 13 1.41421
10 14 0 1 3 8 9 1.73205
10 14 0 1 3 8 11 1.73205
10 14 0 1 3 8 12 1.73205
10 14 0 1 3 8 13 1.73205
10 14 0 1 3 9 11 1.73205
10 14 0 1 3 9 12 1.73205
10 14 0 1 3 9 13 1.73205
10 14 0 1 3 11 12 1.73205
10 14 0 1 3 11 13 1.73205
10 14 0 1 3 12 13 1.73205
10 14 0 1 4 5 6 1.73205
10 14 0 1 4 5 7 1.73205
10 14 0 1 4 5 8 1.90693
10 14 0 1 4 5 9 1.85164
10 14 0 1 4 5 11 1.41421
10 14 0 1 4 5 12 1.90693
10 14 0 1 4 5 13 1.90693
10 14 0 1 4 6 7 1.62019
10 14 0 1 4 6 8 2.13664
10 14 0 1 4 6 9 2.13664
10 14 0 1 4 6 11 2
10 14 0 1 4 6 12 2.13664
10 14 0 1 4 6 13 2.13664
10 14 0 1 4 7 8 1.81265
10 14 0 1 4 7 9 1.73205
10 14 0 1 4 7 11 1.41421
10 14 0 1 4 7 12 1.81265
10 14 0 1 4 7 13 1.81265
10 14 0 1 4 8 9 2.16025
10 14 0 1 4 8 11 2
10 14 0 1 4 8 12 2.19089
10 14 0 1 4 8 13 2.19089
10 14 0 1 4 9 11 2
10 14 0 1 4 9 12 2.16025
10 14 0 1 4 9 13 2.16025
10 14 0 1 4 11 12 2
10 14 0 1 4 11 13 2
10 14 0 1 4 12 13 2.19089
10 14 0 1 5 6 7 1.41421
10 14 0 1 5 6 8 1.73205
10 14 0 1 5 6 9 1.73205
10 14 0 1 5 6 11 1.41421
10 14 0 1 5 6 12 1.73205
10 14 0 1 5 6 13 1.73205
10 14 0 1 5 7 8 1.73205
10 14 0 1 5 7 9 1.62019
10 14 0 1 5 7 11 1
10 14 0 1 5 7 12 1.73205
10 14 0 1 5 7 13 1.73205
10 14 0 1 5 8 9 1.85164
10 14 0 1 5 8 11 1.41421
10 14 0 1 5 8 12 1.90693
10 14 0 1 5 8 13 1.90693
10 14 0 1 5 9 11 1.41421
10 14 0 1 5 9 12 1.85164
10 14 0 1 5 9 13 1.85164
10 14 0 1 5 11 12 1.41421
10 14 0 1 5 11 13 1.41421
10 14 0 1 5 12 13 1.90693
10 14 0 1 6 7 8 1.73205
10 14 0 1 6 7 9 1.73205
10 14 0 1 6 7 11 1.62019
10 14 0 1 6 7 12 1.73205
10 14 0 1 6 7 13 1.73205
10 14 0 1 6 8 9 2.23607
10 14 0 1 6 8 11 2.13664
10 14 0 1 6 8 12 2.23607
10 14 0 1 6 8 13 2.23607
10 14 0 1 6 9 11 2.13664
10 14 0 1 6 9 12 2.23607
10 14 0 1 6 9 13 2.23607
10 14 0 1 6 11 12 2.13664
10 14 0 1 6 11 13 2.13664
10 14 0 1 6 12 13 2.23607
10 14 0 1 7 8 9 1.81265
10 14 0 1 7 8 11 1.62019
10 14 0 1 7 8 12 2
10 14 0 1 7 8 13 2
10 14 0 1 7 9 11 1.62019
10 14 0 1 7 9 12 1.81265
10 14 0 1 7 9 13 1.81265
10 14 0 1 7 11 12 1.62019
10 14 0 1 7 11 13 1.62019
10 14 0 1 7 12 13 2
10 14 0 1 8 9 11 2.13664
10 14 0 1 8 9 12 2.26385
10 14 0 1 8 9 13 2.26385
10 14 0 1 8 11 12 2.13664
10 14 0 1 8 11 13 2.13664
10 14 0 1 8 12 13 2.28446
10 14 0 1 9 11 12 2.13664
10 14 0 1 9 11 13 2.13664
10 14 0 1 9 12 13 2.26385
10 14 0 1 11 12 13 2.13664
10 14 0 2 3 4 5 2
10 14 0 2 3 4 6 2.07802
10 14 0 2 3 4 7 1.73205
10 14 0 2 3 4 8 1.85164
10 14 0 2 3 4 9 2.07802
10 14 0 2 3 4 11 2.07802
10 14 0 2 3 4 12 1.85164
10 14 0 2 3 4 13 1.85164
10 14 0 2 3 5 6 2
10 14 0 2 3 5 7 1.73205
10 14 0 2 3 5 8 1.73205
10 14 0 2 3 5 9 2
10 14 0 2 3 5 11 2
10 14 0 2 3 5 12 1.73205
10 14 0 2 3 5 13 1.73205
10 14 0 2 3 6 7 1.73205
10 14 0 2 3 6 8 1.90693
10 14 0 2 3 6 9 2.10357
10 14 0 2 3 6 11 2.10357
10 14 0 2 3 6 12 1.90693
10 14 0 2 3 6 13 1.90693
10 14 0 2 3 7 8 1.41421
10 14 0 2 3 7 9 1.73205
10 14 0 2 3 7 11 1.73205
10 14 0 2 3 7 12 1.41421
10 14 0 2 3 7 13 1.41421
10 14 0 2 3 8 9 1.90693
10 14 0 2 3 8 11 1.90693
10 14 0 2 3 8 12 1.73205
10 14 0 2 3 8 13 1.73205
10 14 0 2 3 9 11 2.10357
10 14 0 2 3 9 12 1.90693
10 14 0 2 3 9 13 1.90693
10 14 0 2 3 11 12 1.90693
10 14 0 2 3 11 13 1.90693
10 14 0 2 3 12 13 1.73205
10 14 0 2 4 5 6 2.10357
10 14 0 2 4 5 7 1.73205
10 14 0 2 4 5 8 1.96214
10 14 0 2 4 5 9 2.12132
10 14 0 2 4 5 11 2.07802
10 14 0 2 4 5 12 1.96214
10 14 0 2 4 5 13 1.96214
10 14 0 2 4 6 7 1.73205
10 14 0 2 4 6 8 2.04939
10 14 0 2 4 6 9 2.21037
10 14 0 2 4 6 11 2.17945
10 14 0 2 4 6 12 2.04939
10 14 0 2 4 6 13 2.04939
10 14 0 2 4 7 8 1.62019
10 14 0 2 4 7 9 1.73205
10 14 0 2 4 7 11 1.73205
10 14 0 2 4 7 12 1.62019
10 14 0 2 4 7 13 1.62019
10 14 0 2 4 8 9 2.08167
10 14 0 2 4 8 11 2.00294
10 14 0 2 4 8 12 2
10 14 0 2 4 8 13 2
10 14 0 2 4 9 11 2.17945
10 14 0 2 4 9 12 2.08167
10 14 0 2 4 9 13 2.08167
10 14 0 2 4 11 12 2.00294
10 14 0 2 4 11 13 2.00294
10 14 0 2 4 12 13 2
10 14 0 2 5 6 7 1.73205
10 14 0 2 5 6 8 1.90693
10 14 0 2 5 6 9 2.10357
10 14 0 2 5 6 11 2.07802
10 14 0 2 5 6 12 1.90693
10 14 0 2 5 6 13 1.90693
10 14 0 2 5 7 8 1.62019
10 14 0 2 5 7 9 1.73205
10 14 0 2 5 7 11 1.73205
10 14 0 2 5 7 12 1.62019
10 14 0 2 5 7 13 1.62019
10 14 0 2 5 8 9 1.93309
10 14 0 2 5 8 11 1.85164
10 14 0 2 5 8 12 2
10 14 0 2 5 8 13 2
10 14 0 2 5 9 11 2.07802
10 14 0 2 5 9 12 1.93309
10 14 0 2 5 9 13 1.93309
10 14 0 2 5 11 12 1.85164
10 14 0 2 5 11 13 1.85164
10 14 0 2 5 12 13 2
10 14 0 2 6 7 8 1.41421
10 14 0 2 6 7 9 1.73205
10 14 0 2 6 7 11 1.73205
10 14 0 2 6 7 12 1.41421
10 14 0 2 6 7 13 1.41421
10 14 0 2 6 8 9 2.10223
10 14 0 2 6 8 11 2.04939
10 14 0 2 6 8 12 2
10 14 0 2 6 8 13 2
10 14 0 2 6 9 11 2.21037
10 14 0 2 6 9 12 2.10223
10 14 0 2 6 9 13 2.10223
10 14 0 2 6 11 12 2.04939
10 14 0 2 6 11 13 2.04939
10 14 0 2 6 12 13 2
10 14 0 2 7 8 9 1.41421
10 14 0 2 7 8 11 1.41421
10 14 0 2 7 8 12 1.62019
10 14 0 2 7 8 13 1.62019
10 14 0 2 7 9 11 1.73205
10 14 0 2 7 9 12 1.41421
10 14 0 2 7 9 13 1.41421
10 14 0 2 7 11 12 1.41421
10 14 0 2 7 11 13 1.41421
10 14 0 2 7 12 13 1.62019
10 14 0 2 8 9 11 2.04939
10 14 0 2 8 9 12 2.0381
10 14 0 2 8 9 13 2.0381
10 14 0 2 8 11 12 1.93309
10 14 0 2 8 11 13 1.93309
10 14 0 2 8 12 13 2
10 14 0 2 9 11 12 2.04939
10 14 0 2 9 11 13 2.04939
10 14 0 2 9 12 13 2.0381
10 14 0 2 11 12 13 1.93309
10 14 0 3 4 5 6 2.23607
10 14 0 3 4 5 7 2
10 14 0 3 4 5 8 2
10 14 0 3 4 5 9 2.23607
10 14 0 3 4 5 11 2.23607
10 14 0 3 4 5 12 2
10 14 0 3 4 5 13 2
10 14 0 3 4 6 7 2.07802
10 14 0 3 4 6 8 2.28709
10 14 0 3 4 6 9 2.44831
10 14 0 3 4 6 11 2.44831
10 14 0 3 4 6 12 2.28709
10 14 0 3 4 6 13 2.28709
10 14 0 3 4 7 8 1.85164
10 14 0 3 4 7 9 2.07802
10 14 0 3 4 7 11 2.07802
10 14 0 3 4 7 12 1.85164
10 14 0 3 4 7 13 1.85164
10 14 0 3 4 8 9 2.28709
10 14 0 3 4 8 11 2.28709
10 14 0 3 4 8 12 2.13664
10 14 0 3 4 8 13 2.13664
10 14 0 3 4 9 11 2.44831
10 14 0 3 4 9 12 2.28709
10 14 0 3 4 9 13 2.28709
10 14 0 3 4 11 12 2.28709
10 14 0 3 4 11 13 2.28709
10 14 0 3 4 12 13 2.13664
10 14 0 3 5 6 7 2
10 14 0 3 5 6 8 2
10 14 0 3 5 6 9 2.23607
10 14 0 3 5 6 11 2.23607
10 14 0 3 5 6 12 2
10 14 0 3 5 6 13 2
10 14 0 3 5 7 8 1.73205
10 14 0 3 5 7 9 2
10 14 0 3 5 7 11 2
10 14 0 3 5 7 12 1.73205
10 14 0 3 5 7 13 1.73205
10 14 0 3 5 8 9 2
10 14 0 3 5 8 11 2
10 14 0 3 5 8 12 1.73205
10 14 0 3 5 8 13 1.73205
10 14 0 3 5 9 11 2.23607
10 14 0 3 5 9 12 2
10 14 0 3 5 9 13 2
10 14 0 3 5 11 12 2
10 14 0 3 5 11 13 2
10 14 0 3 5 12 13 1.73205
10 14 0 3 6 7 8 1.90693
10 14 0 3 6 7 9 2.10357
10 14 0 3 6 7 11 2.10357
10 14 0 3 6 7 12 1.90693
10 14 0 3 6 7 13 1.90693
10 14 0 3 6 8 9 2.35488
10 14 0 3 6 8 11 2.35488
10 14 0 3 6 8 12 2.23607
10 14 0 3 6 8 13 2.23607
10 14 0 3 6 9 11 2.49516
10 14 0 3 6 9 12 2.35488
10 14 0 3 6 9 13 2.35488
10 14 0 3 6 11 12 2.35488
10 14 0 3 6 11 13 2.35488
10 14 0 3 6 12 13 2.23607
10 14 0 3 7 8 9 1.90693
10 14 0 3 7 8 11 1.90693
10 14 0 3 7 8 12 1.73205
10 14 0 3 7 8 13 1.73205
10 14 0 3 7 9 11 2.10357
10 14 0 3 7 9 12 1.90693
10 14 0 3 7 9 13 1.90693
10 14 0 3 7 11 12 1.90693
10 14 0 3 7 11 13 1.90693
10 14 0 3 7 12 13 1.73205
10 14 0 3 8 9 11 2.35488
10 14 0 3 8 9 12 2.23607
10 14 0 3 8 9 13 2.23607
10 14 0 3 8 11 12 2.23607
10 14 0 3 8 11 13 2.23607
10 14 0 3 8 12 13 2.13664
10 14 0 3 9 11 12 2.35488
10 14 0 3 9 11 13 2.35488
10 14 0 3 9 12 13 2.23607
10 14 0 3 11 12 13 2.23607
10 14 0 4 5 6 7 2.10357
10 14 0 4 5 6 8 2.35488
10 14 0 4 5 6 9 2.49516
10 14 0 4 5 6 11 2.44831
10 14 0 4 5 6 12 2.35488
10 14 0 4 5 6 13 2.35488
10 14 0 4 5 7 8 1.96214
10 14 0 4 5 7 9 2.12132
10 14 0 4 5 7 11 2.07802
10 14 0 4 5 7 12 1.96214
10 14 0 4 5 7 13 1.96214
10 14 0 4 5 8 9 2.37697
10 14 0 4 5 8 11 2.28709
10 14 0 4 5 8 12 2.28446
10 14 0 4 5 8 13 2.28446
10 14 0 4 5 9 11 2.44831
10 14 0 4 5 9 12 2.37697
10 14 0 4 5 9 13 2.37697
10 14 0 4 5 11 12 2.28709
10 14 0 4 5 11 13 2.28709
10 14 0 4 5 12 13 2.28446
10 14 0 4 6 7 8 2.04939
10 14 0 4 6 7 9 2.21037
10 14 0 4 6 7 11 2.17945
10 14 0 4 6 7 12 2.04939
10 14 0 4 6 7 13 2.04939
10 14 0 4 6 8 9 2.66231
10 14 0 4 6 8 11 2.61406
10 14 0 4 6 8 12 2.58844
10 14 0 4 6 8 13 2.58844
10 14 0 4 6 9 11 2.71343
10 14 0 4 6 9 12 2.66231
10 14 0 4 6 9 13 2.66231
10 14 0 4 6 11 12 2.61406
10 14 0 4 6 11 13 2.61406
10 14 0 4 6 12 13 2.58844
10 14 0 4 7 8 9 2.08167
10 14 0 4 7 8 11 2.00294
10 14 0 4 7 8 12 2
10 14 0 4 7 8 13 2
10 14 0 4 7 9 11 2.17945
10 14 0 4 7 9 12 2.08167
10 14 0 4 7 9 13 2.08167
10 14 0 4 7 11 12 2.00294
10 14 0 4 7 11 13 2.00294
10 14 0 4 7 12 13 2
10 14 0 4 8 9 11 2.61406
10 14 0 4 8 9 12 2.60419
10 14 0 4 8 9 13 2.60419
10 14 0 4 8 11 12 2.52543
10 14 0 4 8 11 13 2.52543
10 14 0 4 8 12 13 2.53899
10 14 0 4 9 11 12 2.61406
10 14 0 4 9 11 13 2.61406
10 14 0 4 9 12 13 2.60419
10 14 0 4 11 12 13 2.52543
10 14 0 5 6 7 8 1.90693
10 14 0 5 6 7 9 2.10357
10 14 0 5 6 7 11 2.07802
10 14 0 5 6 7 12 1.90693
10 14 0 5 6 7 13 1.90693
10 14 0 5 6 8 9 2.35488
10 14 0 5 6 8 11 2.28709
10 14 0 5 6 8 12 2.23607
10 14 0 5 6 8 13 2.23607
10 14 0 5 6 9 11 2.44831
10 14 0 5 6 9 12 2.35488
10 14 0 5 6 9 13 2.35488
10 14 0 5 6 11 12 2.28709
10 14 0 5 6 11 13 2.28709
10 14 0 5 6 12 13 2.23607
10 14 0 5 7 8 9 1.93309
10 14 0 5 7 8 11 1.85164
10 14 0 5 7 8 12 2
10 14 0 5 7 8 13 2
10 14 0 5 7 9 11 2.07802
10 14 0 5 7 9 12 1.93309
10 14 0 5 7 9 13 1.93309
10 14 0 5 7 11 12 1.85164
10 14 0 5 7 11 13 1.85164
10 14 0 5 7 12 13 2
10 14 0 5 8 9 11 2.28709
10 14 0 5 8 9 12 2.26385
10 14 0 5 8 9 13 2.26385
10 14 0 5 8 11 12 2.13664
10 14 0 5 8 11 13 2.13664
10 14 0 5 8 12 13 2.19089
10 14 0 5 9 11 12 2.28709
10 14 0 5 9 11 13 2.28709
10 14 0 5 9 12 13 2.26385
10 14 0 5 11 12 13 2.13664
10 14 0 6 7 8 9 2.10223
10 14 0 6 7 8 11 2.04939
10 14 0 6 7 8 12 2
10 14 0 6 7 8 13 2
10 14 0 6 7 9 11 2.21037
10 14 0 6 7 9 12 2.10223
10 14 0 6 7 9 13 2.10223
10 14 0 6 7 11 12 2.04939
10 14 0 6 7 11 13 2.04939
10 14 0 6 7 12 13 2
10 14 0 6 8 9 11 2.66231
10 14 0 6 8 9 12 2.64575
10 14 0 6 8 9 13 2.64575
10 14 0 6 8 11 12 2.58844
10 14 0 6 8 11 13 2.58844
10 14 0 6 8 12 13 2.58844
10 14 0 6 9 11 12 2.66231
10 14 0 6 9 11 13 2.66231
10 14 0 6 9 12 13 2.64575
10 14 0 6 11 12 13 2.58844
10 14 0 7 8 9 11 2.04939
10 14 0 7 8 9 12 2.0381
10 14 0 7 8 9 13 2.0381
10 14 0 7 8 11 12 1.93309
10 14 0 7 8 11 13 1.93309
10 14 0 7 8 12 13 2
10 14 0 7 9 11 12 2.04939
10 14 0 7 9 11 13 2.04939
10 14 0 7 9 12 13 2.0381
10 14 0 7 11 12 13 1.93309
10 14 0 8 9 11 12 2.58844
10 14 0 8 9 11 13 2.58844
10 14 0 8 9 12 13 2.60419
10 14 0 8 11 12 13 2.52543
10 14 0 9 11 12 13 2.58844
10 14 1 2 3 4 5 1.41421
10 14 1 2 3 4 6 1
10 14 1 2 3 4 7 1.41421
10 14 1 2 3 4 8 1.41421
10 14 1 2 3 4 9 1
10 14 1 2 3 4 11 1
10 14 1 2 3 4 12 1.41421
10 14 1 2 3 4 13 1.41421
10 14 1 2 3 5 6 1
10 14 1 2 3 5 7 1.41421
10 14 1 2 3 5 8 1.41421
10 14 1 2 3 5 9 1
10 14 1 2 3 5 11 1
10 14 1 2 3 5 12 1.41421
10 14 1 2 3 5 13 1.41421
10 14 1 2 3 6 7 1
10 14 1 2 3 6 8 1.41421
10 14 1 2 3 6 9 1.41421
10 14 1 2 3 6 11 1.41421
10 14 1 2 3 6 12 1.41421
10 14 1 2 3 6 13 1.41421
10 14 1 2 3 7 8 1.41421
10 14 1 2 3 7 9 1
10 14 1 2 3 7 11 1
10 14 1 2 3 7 12 1.41421
10 14 1 2 3 7 13 1.41421
10 14 1 2 3 8 9 1.41421
10 14 1 2 3 8 11 1.41421
10 14 1 2 3 8 12 1.41421
10 14 1 2 3 8 13 1.41421
10 14 1 2 3 9 11 1.41421
10 14 1 2 3 9 12 1.41421
10 14 1 2 3 9 13 1.41421
10 14 1 2 3 11 12 1.41421
10 14 1 2 3 11 13 1.41421
10 14 1 2 3 12 13 1.41421
10 14 1 2 4 5 6 1.41421
10 14 1 2 4 5 7 1.62019
10 14 1 2 4 5 8 1.73205
10 14 1 2 4 5 9 1.62019
10 14 1 2 4 5 11 1
10 14 1 2 4 5 12 1.73205
10 14 1 2 4 5 13 1.73205
10 14 1 2 4 6 7 1
10 14 1 2 4 6 8 1.62019
10 14 1 2 4 6 9 1.62019
10 14 1 2 4 6 11 1.41421
10 14 1 2 4 6 12 1.62019
10 14 1 2 4 6 13 1.62019
10 14 1 2 4 7 8 1.62019
10 14 1 2 4 7 9 1.41421
10 14 1 2 4 7 11 1
10 14 1 2 4 7 12 1.62019
10 14 1 2 4 7 13 1.62019
10 14 1 2 4 8 9 1.73205
10 14 1 2 4 8 11 1.41421
10 14 1 2 4 8 12 1.81265
10 14 1 2 4 8 13 1.81265
10 14 1 2 4 9 11 1.41421
10 14 1 2 4 9 12 1.73205
10 14 1 2 4 9 13 1.73205
10 14 1 2 4 11 12 1.41421
10 14 1 2 4 11 13 1.41421
10 14 1 2 4 12 13 1.81265
10 14 1 2 5 6 7 1
10 14 1 2 5 6 8 1.41421
10 14 1 2 5 6 9 1.41421
10 14 1 2 5 6 11 1
10 14 1 2 5 6 12 1.41421
10 14 1 2 5 6 13 1.41421
10 14 1 2 5 7 8 1.62019
10 14 1 2 5 7 9 1.41421
10 14 1 2 5 7 11 1
10 14 1 2 5 7 12 1.62019
10 14 1 2 5 7 13 1.62019
10 14 1 2 5 8 9 1.62019
10 14 1 2 5 8 11 1
10 14 1 2 5 8 12 1.73205
10 14 1 2 5 8 13 1.73205
10 14 1 2 5 9 11 1
10 14 1 2 5 9 12 1.62019
10 14 1 2 5 9 13 1.62019
10 14 1 2 5 11 12 1
10 14 1 2 5 11 13 1
10 14 1 2 5 12 13 1.73205
10 14 1 2 6 7 8 1
10 14 1 2 6 7 9 1
10 14 1 2 6 7 11 1
10 14 1 2 6 7 12 1
10 14 1 2 6 7 13 1
10 14 1 2 6 8 9 1.73205
10 14 1 2 6 8 11 1.62019
10 14 1 2 6 8 12 1.73205
10 14 1 2 6 8 13 1.73205
10 14 1 2 6 9 11 1.62019
10 14 1 2 6 9 12 1.73205
10 14 1 2 6 9 13 1.73205
10 14 1 2 6 11 12 1.62019
10 14 1 2 6 11 13 1.62019
10 14 1 2 6 12 13 1.73205
10 14 1 2 7 8 9 1.41421
10 14 1 2 7 8 11 1
10 14 1 2 7 8 12 1.62019
10 14 1 2 7 8 13 1.62019
10 14 1 2 7 9 11 1
10 14 1 2 7 9 12 1.41421
10 14 1 2 7 9 13 1.41421
10 14 1 2 7 11 12 1
10 14 1 2 7 11 13 1
10 14 1 2 7 12 13 1.62019
10 14 1 2 8 9 11 1.62019
10 14 1 2 8 9 12 1.81265
10 14 1 2 8 9 13 1.81265
10 14 1 2 8 11 12 1.62019
10 14 1 2 8 11 13 1.62019
10 14 1 2 8 12 13 2
10 14 1 2 9 11 12 1.62019
10 14 1 2 9 11 13 1.62019
10 14 1 2 9 12 13 1.81265
10 14 1 2 11 12 13 1.62019
10 14 1 3 4 5 6 1
10 14 1 3 4 5 7 1.41421
10 14 1 3 4 5 8 1.41421
10 14 1 3 4 5 9 1
10 14 1 3 4 5 11 1
10 14 1 3 4 5 12 1.41421
10 14 1 3 4 5 13 1.41421
10 14 1 3 4 6 7 1
10 14 1 3 4 6 8 1.41421
10 14 1 3 4 6 9 1.41421
10 14 1 3 4 6 11 1.41421
10 14 1 3 4 6 12 1.41421
10 14 1 3 4 6 13 1.41421
10 14 1 3 4 7 8 1.41421
10 14 1 3 4 7 9 1
10 14 1 3 4 7 11 1
10 14 1 3 4 7 12 1.41421
10 14 1 3 4 7 13 1.41421
10 14 1 3 4 8 9 1.41421
10 14 1 3 4 8 11 1.41421
10 14 1 3 4 8 12 1.41421
10 14 1 3 4 8 13 1.41421
10 14 1 3 4 9 11 1.41421
10 14 1 3 4 9 12 1.41421
10 14 1 3 4 9 13 1.41421
10 14 1 3 4 11 12 1.41421
10 14 1 3 4 11 13 1.41421
10 14 1 3 4 12 13 1.41421
10 14 1 3 5 6 7 1
10 14 1 3 5 6 8 1
10 14 1 3 5 6 9 1
10 14 1 3 5 6 11 1
10 14 1 3 5 6 12 1
10 14 1 3 5 6 13 0
10 14 1 3 5 7 8 1.41421
10 14 1 3 5 7 9 1
10 14 1 3 5 7 11 1
10 14 1 3 5 7 12 1.41421
10 14 1 3 5 7 13 1.41421
10 14 1 3 5 8 9 1
10 14 1 3 5 8 11 1
10 14 1 3 5 8 12 1.41421
10 14 1 3 5 8 13 1.41421
10 14 1 3 5 9 11 1
10 14 1 3 5 9 12 1
10 14 1 3 5 9 13 1
10 14 1 3 5 11 12 1
10 14 1 3 5 11 13 1
10 14 1 3 5 12 13 1.41421
10 14 1 3 6 7 8 1.41421
10 14 1 3 6 7 9 1.41421
10 14 1 3 6 7 11 1.41421
10 14 1 3 6 7 12 1.41421
10 14 1 3 6 7 13 1.41421
10 14 1 3 6 8 9 1.73205
10 14 1 3 6 8 11 1.73205
10 14 1 3 6 8 12 1.73205
10 14 1 3 6 8 13 1.73205
10 14 1 3 6 9 11 1.73205
10 14 1 3 6 9 12 1.73205
10 14 1 3 6 9 13 1.73205
10 14 1 3 6 11 12 1.73205
10 14 1 3 6 11 13 1.73205
10 14 1 3 6 12 13 1.73205
10 14 1 3 7 8 9 1.41421
10 14 1 3 7 8 11 1.41421
10 14 1 3 7 8 12 1.41421
10 14 1 3 7 8 13 1.41421
10 14 1 3 7 9 11 1.41421
10 14 1 3 7 9 12 1.41421
10 14 1 3 7 9 13 1.41421
10 14 1 3 7 11 12 1.41421
10 14 1 3 7 11 13 1.41421
10 14 1 3 7 12 13 1.41421
10 14 1 3 8 9 11 1.73205
10 14 1 3 8 9 12 1.73205
10 14 1 3 8 9 13 1.73205
10 14 1 3 8 11 12 1.73205
10 14 1 3 8 11 13 1.73205
10 14 1 3 8 12 13 1.73205
10 14 1 3 9 11 12 1.73205
10 14 1 3 9 11 13 1.73205
10 14 1 3 9 12 13 1.73205
10 14 1 3 11 12 13 1.73205
10 14 1 4 5 6 7 1.41421
10 14 1 4 5 6 8 1.73205
10 14 1 4 5 6 9 1.73205
10 14 1 4 5 6 11 1.41421
10 14 1 4 5 6 12 1.73205
10 14 1 4 5 6 13 1.73205
10 14 1 4 5 7 8 1.73205
10 14 1 4 5 7 9 1.62019
10 14 1 4 5 7 11 1
10 14 1 4 5 7 12 1.73205
10 14 1 4 5 7 13 1.73205
10 14 1 4 5 8 9 1.85164
10 14 1 4 5 8 11 1.41421
10 14 1 4 5 8 12 1.90693
10 14 1 4 5 8 13 1.90693
10 14 1 4 5 9 11 1.41421
10 14 1 4 5 9 12 1.85164
10 14 1 4 5 9 13 1.85164
10 14 1 4 5 11 12 1.41421
10 14 1 4 5 11 13 1.41421
10 14 1 4 5 12 13 1.90693
10 14 1 4 6 7 8 1.62019
10 14 1 4 6 7 9 1.62019
10 14 1 4 6 7 11 1.41421
10 14 1 4 6 7 12 1.62019
10 14 1 4 6 7 13 1.62019
10 14 1 4 6 8 9 2.13664
10 14 1 4 6 8 11 2
10 14 1 4 6 8 12 2.13664
10 14 1 4 6 8 13 2.13664
10 14 1 4 6 9 11 2
10 14 1 4 6 9 12 2.13664
10 14 1 4 6 9 13 2.13664
10 14 1 4 6 11 12 2
10 14 1 4 6 11 13 2
10 14 1 4 6 12 13 2.13664
10 14 1 4 7 8 9 1.73205
10 14 1 4 7 8 11 1.41421
10 14 1 4 7 8 12 1.81265
10 14 1 4 7 8 13 1.81265
10 14 1 4 7 9 11 1.41421
10 14 1 4 7 9 12 1.73205
10 14 1 4 7 9 13 1.73205
10 14 1 4 7 11 12 1.41421
10 14 1 4 7 11 13 1.41421
10 14 1 4 7 12 13 1.81265
10 14 1 4 8 9 11 2
10 14 1 4 8 9 12 2.16025
10 14 1 4 8 9 13 2.16025
10 14 1 4 8 11 12 2
10 14 1 4 8 11 13 2
10 14 1 4 8 12 13 2.19089
10 14 1 4 9 11 12 2
10 14 1 4 9 11 13 2
10 14 1 4 9 12 13 2.16025
10 14 1 4 11 12 13 2
10 14 1 5 6 7 8 1.41421
10 14 1 5 6 7 9 1.41421
10 14 1 5 6 7 11 1
10 14 1 5 6 7 12 1.41421
10 14 1 5 6 7 13 1.41421
10 14 1 5 6 8 9 1.73205
10 14 1 5 6 8 11 1.41421
10 14 1 5 6 8 12 1.73205
10 14 1 5 6 8 13 1.73205
10 14 1 5 6 9 11 1.41421
10 14 1 5 6 9 12 1.73205
10 14 1 5 6 9 13 1.73205
10 14 1 5 6 11 12 1.41421
10 14 1 5 6 11 13 1.41421
10 14 1 5 6 12 13 1.73205
10 14 1 5 7 8 9 1.62019
10 14 1 5 7 8 11 1
10 14 1 5 7 8 12 1.73205
10 14 1 5 7 8 13 1.73205
10 14 1 5 7 9 11 1
10 14 1 5 7 9 12 1.62019
10 14 1 5 7 9 13 1.62019
10 14 1 5 7 11 12 1
10 14 1 5 7 11 13 1
10 14 1 5 7 12 13 1.73205
10 14 1 5 8 9 11 1.41421
10 14 1 5 8 9 12 1.85164
10 14 1 5 8 9 13 1.85164
10 14 1 5 8 11 12 1.41421
10 14 1 5 8 11 13 1.41421
10 14 1 5 8 12 13 1.90693
10 14 1 5 9 11 12 1.41421
10 14 1 5 9 11 13 1.41421
10 14 1 5 9 12 13 1.85164
10 14 1 5 11 12 13 1.41421
10 14 1 6 7 8 9 1.73205
10 14 1 6 7 8 11 1.62019
10 14 1 6 7 8 12 1.73205
10 14 1 6 7 8 13 1.73205
10 14 1 6 7 9 11 1.62019
10 14 1 6 7 9 12 1.73205
10 14 1 6 7 9 13 1.73205
10 14 1 6 7 11 12 1.62019
10 14 1 6 7 11 13 1.62019
10 14 1 6 7 12 13 1.73205
10 14 1 6 8 9 11 2.13664
10 14 1 6 8 9 12 2.23607
10 14 1 6 8 9 13 2.23607
10 14 1 6 8 11 12 2.13664
10 14 1 6 8 11 13 2.13664
10 14 1 6 8 12 13 2.23607
10 14 1 6 9 11 12 2.13664
10 14 1 6 9 11 13 2.13664
10 14 1 6 9 12 13 2.23607
10 14 1 6 11 12 13 2.13664
10 14 1 7 8 9 11 1.62019
10 14 1 7 8 9 12 1.81265
10 14 1 7 8 9 13 1.81265
10 14 1 7 8 11 12 1.62019
10 14 1 7 8 11 13 1.62019
10 14 1 7 8 12 13 2
10 14 1 7 9 11 12 1.62019
10 14 1 7 9 11 13 1.62019
10 14 1 7 9 12 13 1.81265
10 14 1 7 11 12 13 1.62019
10 14 1 8 9 11 12 2.13664
10 14 1 8 9 11 13 2.13664
10 14 1 8 9 12 13 2.26385
10 14 1 8 11 12 13 2.13664
10 14 1 9 11 12 13 2.13664
10 14 2 3 4 5 6 2.07802
10 14 2 3 4 5 7 1.85164
10 14 2 3 4 5 8 1.85164
10 14 2 3 4 5 9 2.07802
10 14 2 3 4 5 11 2.07802
10 14 2 3 4 5 12 1.85164
10 14 2 3 4 5 13 1.73205
10 14 2 3 4 6 7 1.85164
10 14 2 3 4 6 8 1.93309
10 14 2 3 4 6 9 2.13809
10 14 2 3 4 6 11 2.13809
10 14 2 3 4 6 12 1.93309
10 14 2 3 4 6 13 1.85164
10 14 2 3 4 7 8 1.62019
10 14 2 3 4 7 9 1.85164
10 14 2 3 4 7 11 1.85164
10 14 2 3 4 7 12 1.62019
10 14 2 3 4 7 13 1.41421
10 14 2 3 4 8 9 1.93309
10 14 2 3 4 8 11 1.93309
10 14 2 3 4 8 12 1.73205
10 14 2 3 4 8 13 1.62019
10 14 2 3 4 9 11 2.13809
10 14 2 3 4 9 12 1.93309
10 14 2 3 4 9 13 1.85164
10 14 2 3 4 11 12 1.93309
10 14 2 3 4 11 13 1.85164
10 14 2 3 4 12 13 1.62019
10 14 2 3 5 6 7 1.85164
10 14 2 3 5 6 8 1.85164
10 14 2 3 5 6 9 2.07802
10 14 2 3 5 6 11 2.07802
10 14 2 3 5 6 12 1.85164
10 14 2 3 5 6 13 1.73205
10 14 2 3 5 7 8 1.62019
10 14 2 3 5 7 9 1.85164
10 14 2 3 5 7 11 1.85164
10 14 2 3 5 7 12 1.62019
10 14 2 3 5 7 13 1.41421
10 14 2 3 5 8 9 1.85164
10 14 2 3 5 8 11 1.85164
10 14 2 3 5 8 12 1.62019
10 14 2 3 5 8 13 1.41421
10 14 2 3 5 9 11 2.07802
10 14 2 3 5 9 12 1.85164
10 14 2 3 5 9 13 1.73205
10 14 2 3 5 11 12 1.85164
10 14 2 3 5 11 13 1.73205
10 14 2 3 5 12 13 1.41421
10 14 2 3 6 7 8 1.62019
10 14 2 3 6 7 9 1.85164
10 14 2 3 6 7 11 1.85164
10 14 2 3 6 7 12 1.62019
10 14 2 3 6 7 13 1.41421
10 14 2 3 6 8 9 2
10 14 2 3 6 8 11 2
10 14 2 3 6 8 12 1.81265
10 14 2 3 6 8 13 1.73205
10 14 2 3 6 9 11 2.16556
10 14 2 3 6 9 12 2
10 14 2 3 6 9 13 1.90693
10 14 2 3 6 11 12 2
10 14 2 3 6 11 13 1.90693
10 14 2 3 6 12 13 1.73205
10 14 2 3 7 8 9 1.62019
10 14 2 3 7 8 11 1.62019
10 14 2 3 7 8 12 1.41421
10 14 2 3 7 8 13 1.41421
10 14 2 3 7 9 11 1.85164
10 14 2 3 7 9 12 1.62019
10 14 2 3 7 9 13 1.41421
10 14 2 3 7 11 12 1.62019
10 14 2 3 7 11 13 1.41421
10 14 2 3 7 12 13 1.41421
10 14 2 3 8 9 11 2
10 14 2 3 8 9 12 1.81265
10 14 2 3 8 9 13 1.73205
10 14 2 3 8 11 12 1.81265
10 14 2 3 8 11 13 1.73205
10 14 2 3 8 12 13 1.62019
10 14 2 3 9 11 12 2
10 14 2 3 9 11 13 1.90693
10 14 2 3 9 12 13 1.73205
10 14 2 3 11 12 13 1.73205
10 14 2 4 5 6 7 1.85164
10 14 2 4 5 6 8 2
10 14 2 4 5 6 9 2.16556
10 14 2 4 5 6 11 2.13809
10 14 2 4 5 6 12 2
10 14 2 4 5 6 13 1.90693
10 14 2 4 5 7 8 1.62019
10 14 2 4 5 7 9 1.85164
10 14 2 4 5 7 11 1.85164
10 14 2 4 5 7 12 1.62019
10 14 2 4 5 7 13 1.62019
10 14 2 4 5 8 9 2
10 14 2 4 5 8 11 1.93309
10 14 2 4 5 8 12 2
10 14 2 4 5 8 13 2
10 14 2 4 5 9 11 2.13809
10 14 2 4 5 9 12 2
10 14 2 4 5 9 13 1.93309
10 14 2 4 5 11 12 1.93309
10 14 2 4 5 11 13 1.85164
10 14 2 4 5 12 13 2
10 14 2 4 6 7 8 1.62019
10 14 2 4 6 7 9 1.85164
10 14 2 4 6 7 11 1.85164
10 14 2 4 6 7 12 1.62019
10 14 2 4 6 7 13 1.41421
10 14 2 4 6 8 9 2.09938
10 14 2 4 6 8 11 2.04939
10 14 2 4 6 8 12 2
10 14 2 4 6 8 13 1.93309
10 14 2 4 6 9 11 2.22354
10 14 2 4 6 9 12 2.09938
10 14 2 4 6 9 13 2.04939
10 14 2 4 6 11 12 2.04939
10 14 2 4 6 11 13 2.00294
10 14 2 4 6 12 13 1.93309
10 14 2 4 7 8 9 1.62019
10 14 2 4 7 8 11 1.62019
10 14 2 4 7 8 12 1.62019
10 14 2 4 7 8 13 1.62019
10 14 2 4 7 9 11 1.85164
10 14 2 4 7 9 12 1.62019
10 14 2 4 7 9 13 1.41421
10 14 2 4 7 11 12 1.62019
10 14 2 4 7 11 13 1.41421
10 14 2 4 7 12 13 1.62019
10 14 2 4 8 9 11 2.04939
10 14 2 4 8 9 12 2.01187
10 14 2 4 8 9 13 2
10 14 2 4 8 11 12 1.90693
10 14 2 4 8 11 13 1.85164
10 14 2 4 8 12 13 1.93309
10 14 2 4 9 11 12 2.04939
10 14 2 4 9 11 13 2.00294
10 14 2 4 9 12 13 2
10 14 2 4 11 12 13 1.85164
10 14 2 5 6 7 8 1.62019
10 14 2 5 6 7 9 1.85164
10 14 2 5 6 7 11 1.85164
10 14 2 5 6 7 12 1.62019
10 14 2 5 6 7 13 1.41421
10 14 2 5 6 8 9 2
10 14 2 5 6 8 11 1.93309
10 14 2 5 6 8 12 1.81265
10 14 2 5 6 8 13 1.73205
10 14 2 5 6 9 11 2.13809
10 14 2 5 6 9 12 2
10 14 2 5 6 9 13 1.90693
10 14 2 5 6 11 12 1.93309
10 14 2 5 6 11 13 1.85164
10 14 2 5 6 12 13 1.73205
10 14 2 5 7 8 9 1.62019
10 14 2 5 7 8 11 1.62019
10 14 2 5 7 8 12 1.62019
10 14 2 5 7 8 13 1.62019
10 14 2 5 7 9 11 1.85164
10 14 2 5 7 9 12 1.62019
10 14 2 5 7 9 13 1.41421
10 14 2 5 7 11 12 1.62019
10 14 2 5 7 11 13 1.41421
10 14 2 5 7 12 13 1.62019
10 14 2 5 8 9 11 1.93309
10 14 2 5 8 9 12 2
10 14 2 5 8 9 13 1.81265
10 14 2 5 8 11 12 1.73205
10 14 2 5 8 11 13 1.62019
10 14 2 5 8 12 13 1.81265
10 14 2 5 9 11 12 1.93309
10 14 2 5 9 11 13 1.85164
10 14 2 5 9 12 13 1.81265
10 14 2 5 11 12 13 1.62019
10 14 2 6 7 8 9 1.62019
10 14 2 6 7 8 11 1.62019
10 14 2 6 7 8 12 1.41421
10 14 2 6 7 8 13 1
10 14 2 6 7 9 11 1.85164
10 14 2 6 7 9 12 1.62019
10 14 2 6 7 9 13 1.41421
10 14 2 6 7 11 12 1.62019
10 14 2 6 7 11 13 1.41421
10 14 2 6 7 12 13 1
10 14 2 6 8 9 11 2.09938
10 14 2 6 8 9 12 2.0381
10 14 2 6 8 9 13 2
10 14 2 6 8 11 12 2
10 14 2 6 8 11 13 1.93309
10 14 2 6 8 12 13 1.93309
10 14 2 6 9 11 12 2.09938
10 14 2 6 9 11 13 2.04939
10 14 2 6 9 12 13 2
10 14 2 6 11 12 13 1.93309
10 14 2 7 8 9 11 1.62019
10 14 2 7 8 9 12 1.41421
10 14 2 7 8 9 13 1.41421
10 14 2 7 8 11 12 1.41421
10 14 2 7 8 11 13 1
10 14 2 7 8 12 13 1.62019
10 14 2 7 9 11 12 1.62019
10 14 2 7 9 11 13 1.41421
10 14 2 7 9 12 13 1.41421
10 14 2 7 11 12 13 1
10 14 2 8 9 11 12 2
10 14 2 8 9 11 13 1.93309
10 14 2 8 9 12 13 2
10 14 2 8 11 12 13 1.85164
10 14 2 9 11 12 13 1.93309
10 14 3 4 5 6 7 2.07802
10 14 3 4 5 6 8 2.07802
10 14 3 4 5 6 9 2.29129
10 14 3 4 5 6 11 2.29129
10 14 3 4 5 6 12 2.07802
10 14 3 4 5 6 13 2
10 14 3 4 5 7 8 1.85164
10 14 3 4 5 7 9 2.07802
10 14 3 4 5 7 11 2.07802
10 14 3 4 5 7 12 1.85164
10 14 3 4 5 7 13 1.73205
10 14 3 4 5 8 9 2.07802
10 14 3 4 5 8 11 2.07802
10 14 3 4 5 8 12 1.85164
10 14 3 4 5 8 13 1.73205
10 14 3 4 5 9 11 2.29129
10 14 3 4 5 9 12 2.07802
10 14 3 4 5 9 13 2
10 14 3 4 5 11 12 2.07802
10 14 3 4 5 11 13 2
10 14 3 4 5 12 13 1.73205
10 14 3 4 6 7 8 1.93309
10 14 3 4 6 7 9 2.13809
10 14 3 4 6 7 11 2.13809
10 14 3 4 6 7 12 1.93309
10 14 3 4 6 7 13 1.85164
10 14 3 4 6 8 9 2.32266
10 14 3 4 6 8 11 2.32266
10 14 3 4 6 8 12 2.16025
10 14 3 4 6 8 13 2.13664
10 14 3 4 6 9 11 2.48193
10 14 3 4 6 9 12 2.32266
10 14 3 4 6 9 13 2.28709
10 14 3 4 6 11 12 2.32266
10 14 3 4 6 11 13 2.28709
10 14 3 4 6 12 13 2.13664
10 14 3 4 7 8 9 1.93309
10 14 3 4 7 8 11 1.93309
10 14 3 4 7 8 12 1.73205
10 14 3 4 7 8 13 1.62019
10 14 3 4 7 9 11 2.13809
10 14 3 4 7 9 12 1.93309
10 14 3 4 7 9 13 1.85164
10 14 3 4 7 11 12 1.93309
10 14 3 4 7 11 13 1.85164
10 14 3 4 7 12 13 1.62019
10 14 3 4 8 9 11 2.32266
10 14 3 4 8 9 12 2.16025
10 14 3 4 8 9 13 2.13664
10 14 3 4 8 11 12 2.16025
10 14 3 4 8 11 13 2.13664
10 14 3 4 8 12 13 2
10 14 3 4 9 11 12 2.32266
10 14 3 4 9 11 13 2.28709
10 14 3 4 9 12 13 2.13664
10 14 3 4 11 12 13 2.13664
10 14 3 5 6 7 8 1.85164
10 14 3 5 6 7 9 2.07802
10 14 3 5 6 7 11 2.07802
10 14 3 5 6 7 12 1.85164
10 14 3 5 6 7 13 1.73205
10 14 3 5 6 8 9 2.07802
10 14 3 5 6 8 11 2.07802
10 14 3 5 6 8 12 1.85164
10 14 3 5 6 8 13 1.73205
10 14 3 5 6 9 11 2.29129
10 14 3 5 6 9 12 2.07802
10 14 3 5 6 9 13 2
10 14 3 5 6 11 12 2.07802
10 14 3 5 6 11 13 2
10 14 3 5 6 12 13 1.73205
10 14 3 5 7 8 9 1.85164
10 14 3 5 7 8 11 1.85164
10 14 3 5 7 8 12 1.62019
10 14 3 5 7 8 13 1.41421
10 14 3 5 7 9 11 2.07802
10 14 3 5 7 9 12 1.85164
10 14 3 5 7 9 13 1.73205
10 14 3 5 7 11 12 1.85164
10 14 3 5 7 11 13 1.73205
10 14 3 5 7 12 13 1.41421
10 14 3 5 8 9 11 2.07802
10 14 3 5 8 9 12 1.85164
10 14 3 5 8 9 13 1.73205
10 14 3 5 8 11 12 1.85164
10 14 3 5 8 11 13 1.73205
10 14 3 5 8 12 13 1.41421
10 14 3 5 9 11 12 2.07802
10 14 3 5 9 11 13 2
10 14 3 5 9 12 13 1.73205
10 14 3 5 11 12 13 1.73205
10 14 3 6 7 8 9 2
10 14 3 6 7 8 11 2
10 14 3 6 7 8 12 1.81265
10 14 3 6 7 8 13 1.73205
10 14 3 6 7 9 11 2.16556
10 14 3 6 7 9 12 2
10 14 3 6 7 9 13 1.90693
10 14 3 6 7 11 12 2
10 14 3 6 7 11 13 1.90693
10 14 3 6 7 12 13 1.73205
10 14 3 6 8 9 11 2.39046
10 14 3 6 8 9 12 2.26385
10 14 3 6 8 9 13 2.23607
10 14 3 6 8 11 12 2.26385
10 14 3 6 8 11 13 2.23607
10 14 3 6 8 12 13 2.13664
10 14 3 6 9 11 12 2.39046
10 14 3 6 9 11 13 2.35488
10 14 3 6 9 12 13 2.23607
10 14 3 6 11 12 13 2.23607
10 14 3 7 8 9 11 2
10 14 3 7 8 9 12 1.81265
10 14 3 7 8 9 13 1.73205
10 14 3 7 8 11 12 1.81265
10 14 3 7 8 11 13 1.73205
10 14 3 7 8 12 13 1.62019
10 14 3 7 9 11 12 2
10 14 3 7 9 11 13 1.90693
10 14 3 7 9 12 13 1.73205
10 14 3 7 11 12 13 1.73205
10 14 3 8 9 11 12 2.26385
10 14 3 8 9 11 13 2.23607
10 14 3 8 9 12 13 2.13664
10 14 3 8 11 12 13 2.13664
10 14 3 9 11 12 13 2.23607
10 14 4 5 6 7 8 2
10 14 4 5 6 7 9 2.16556
10 14 4 5 6 7 11 2.13809
10 14 4 5 6 7 12 2
10 14 4 5 6 7 13 1.90693
10 14 4 5 6 8 9 2.39046
10 14 4 5 6 8 11 2.32266
10 14 4 5 6 8 12 2.26385
10 14 4 5 6 8 13 2.23607
10 14 4 5 6 9 11 2.48193
10 14 4 5 6 9 12 2.39046
10 14 4 5 6 9 13 2.35488
10 14 4 5 6 11 12 2.32266
10 14 4 5 6 11 13 2.28709
10 14 4 5 6 12 13 2.23607
10 14 4 5 7 8 9 2
10 14 4 5 7 8 11 1.93309
10 14 4 5 7 8 12 2
10 14 4 5 7 8 13 2
10 14 4 5 7 9 11 2.13809
10 14 4 5 7 9 12 2
10 14 4 5 7 9 13 1.93309
10 14 4 5 7 11 12 1.93309
10 14 4 5 7 11 13 1.85164
10 14 4 5 7 12 13 2
10 14 4 5 8 9 11 2.32266
10 14 4 5 8 9 12 2.3094
10 14 4 5 8 9 13 2.26385
10 14 4 5 8 11 12 2.16025
10 14 4 5 8 11 13 2.13664
10 14 4 5 8 12 13 2.19089
10 14 4 5 9 11 12 2.32266
10 14 4 5 9 11 13 2.28709
10 14 4 5 9 12 13 2.26385
10 14 4 5 11 12 13 2.13664
10 14 4 6 7 8 9 2.09938
10 14 4 6 7 8 11 2.04939
10 14 4 6 7 8 12 2
10 14 4 6 7 8 13 1.93309
10 14 4 6 7 9 11 2.22354
10 14 4 6 7 9 12 2.09938
10 14 4 6 7 9 13 2.04939
10 14 4 6 7 11 12 2.04939
10 14 4 6 7 11 13 2.00294
10 14 4 6 7 12 13 1.93309
10 14 4 6 8 9 11 2.62216
10 14 4 6 8 9 12 2.60419
10 14 4 6 8 9 13 2.58844
10 14 4 6 8 11 12 2.53722
10 14 4 6 8 11 13 2.52543
10 14 4 6 8 12 13 2.52543
10 14 4 6 9 11 12 2.62216
10 14 4 6 9 11 13 2.61406
10 14 4 6 9 12 13 2.58844
10 14 4 6 11 12 13 2.52543
10 14 4 7 8 9 11 2.04939
10 14 4 7 8 9 12 2.01187
10 14 4 7 8 9 13 2
10 14 4 7 8 11 12 1.90693
10 14 4 7 8 11 13 1.85164
10 14 4 7 8 12 13 1.93309
10 14 4 7 9 11 12 2.04939
10 14 4 7 9 11 13 2.00294
10 14 4 7 9 12 13 2
10 14 4 7 11 12 13 1.85164
10 14 4 8 9 11 12 2.53722
10 14 4 8 9 11 13 2.52543
10 14 4 8 9 12 13 2.53722
10 14 4 8 11 12 13 2.44949
10 14 4 9 11 12 13 2.52543
10 14 5 6 7 8 9 2
10 14 5 6 7 8 11 1.93309
10 14 5 6 7 8 12 1.81265
10 14 5 6 7 8 13 1.73205
10 14 5 6 7 9 11 2.13809
10 14 5 6 7 9 12 2
10 14 5 6 7 9 13 1.90693
10 14 5 6 7 11 12 1.93309
10 14 5 6 7 11 13 1.85164
10 14 5 6 7 12 13 1.73205
10 14 5 6 8 9 11 2.32266
10 14 5 6 8 9 12 2.26385
10 14 5 6 8 9 13 2.23607
10 14 5 6 8 11 12 2.16025
10 14 5 6 8 11 13 2.13664
10 14 5 6 8 12 13 2.13664
10 14 5 6 9 11 12 2.32266
10 14 5 6 9 11 13 2.28709
10 14 5 6 9 12 13 2.23607
10 14 5 6 11 12 13 2.13664
10 14 5 7 8 9 11 1.93309
10 14 5 7 8 9 12 2
10 14 5 7 8 9 13 1.81265
10 14 5 7 8 11 12 1.73205
10 14 5 7 8 11 13 1.62019
10 14 5 7 8 12 13 1.81265
10 14 5 7 9 11 12 1.93309
10 14 5 7 9 11 13 1.85164
10 14 5 7 9 12 13 1.81265
10 14 5 7 11 12 13 1.62019
10 14 5 8 9 11 12 2.16025
10 14 5 8 9 11 13 2.13664
10 14 5 8 9 12 13 2.16025
10 14 5 8 11 12 13 2
10 14 5 9 11 12 13 2.13664
10 14 6 7 8 9 11 2.09938
10 14 6 7 8 9 12 2.0381
10 14 6 7 8 9 13 2
10 14 6 7 8 11 12 2
10 14 6 7 8 11 13 1.93309
10 14 6 7 8 12 13 1.93309
10 14 6 7 9 11 12 2.09938
10 14 6 7 9 11 13 2.04939
10 14 6 7 9 12 13 2
10 14 6 7 11 12 13 1.93309
10 14 6 8 9 11 12 2.60419
10 14 6 8 9 11 13 2.58844
10 14 6 8 9 12 13 2.58844
10 14 6 8 11 12 13 2.52543
10 14 6 9 11 12 13 2.58844
10 14 7 8 9 11 12 2
10 14 7 8 9 11 13 1.93309
10 14 7 8 9 12 13 2
10 14 7 8 11 12 13 1.85164
10 14 7 9 11 12 13 1.93309
10 14 8 9 11 12 13 2.52543
