2 9 0 1 3 4 1.41421
2 9 0 1 3 5 1.73205
2 9 0 1 3 6 1.90693
2 9 0 1 3 7 1.85164
2 9 0 1 3 8 1.73205
2 9 0 1 3 10 1.41421
2 9 0 1 3 11 1.90693
2 9 0 1 3 12 1.90693
2 9 0 1 3 13 1.90693
2 9 0 1 3 14 1.73205
2 9 0 1 4 5 1.62019
2 9 0 1 4 6 1.62019
2 9 0 1 4 7 1.41421
2 9 0 1 4 8 1.73205
2 9 0 1 4 10 1.73205
2 9 0 1 4 11 1.41421
2 9 0 1 4 12 1.73205
2 9 0 1 4 13 1.73205
2 9 0 1 4 14 1.73205
2 9 0 1 5 6 1.73205
2 9 0 1 5 7 1.73205
2 9 0 1 5 8 1.62019
2 9 0 1 5 10 1.62019
2 9 0 1 5 11 1.73205
2 9 0 1 5 12 1.73205
2 9 0 1 5 13 1.73205
2 9 0 1 5 14 1.62019
2 9 0 1 6 7 1.85164
2 9 0 1 6 8 2
2 9 0 1 6 10 1.73205
2 9 0 1 6 11 1.93309
2 9 0 1 6 12 1.96214
2 9 0 1 6 13 1.96214
2 9 0 1 6 14 2
2 9 0 1 7 8 1.62019
2 9 0 1 7 10 1.41421
2 9 0 1 7 11 1.85164
2 9 0 1 7 12 1.85164
2 9 0 1 7 13 1.85164
2 9 0 1 7 14 1.62019
2 9 0 1 8 10 1.81265
2 9 0 1 8 11 1.81265
2 9 0 1 8 12 2
2 9 0 1 8 13 2
2 9 0 1 8 14 2
2 9 0 1 10 11 1.62019
2 9 0 1 10 12 1.81265
2 9 0 1 10 13 1.81265
2 9 0 1 10 14 1.81265
2 9 0 1 11 12 1.93309
2 9 0 1 11 13 1.93309
2 9 0 1 11 14 1.81265
2 9 0 1 12 13 1.96769
2 9 0 1 12 14 2
2 9 0 1 13 14 2
2 9 0 3 4 5 2.10357
2 9 0 3 4 6 2.16556
2 9 0 3 4 7 1.90693
2 9 0 3 4 8 1.85164
2 9 0 3 4 10 2.07802
2 9 0 3 4 11 2.16556
2 9 0 3 4 12 2
2 9 0 3 4 13 2
2 9 0 3 4 14 2.13809
2 9 0 3 5 6 2.15297
2 9 0 3 5 7 2
2 9 0 3 5 8 1.73205
2 9 0 3 5 10 2
2 9 0 3 5 11 2.15297
2 9 0 3 5 12 2
2 9 0 3 5 13 2
2 9 0 3 5 14 2.10357
2 9 0 3 6 7 2.04939
2 9 0 3 6 8 1.96214
2 9 0 3 6 10 2.10357
2 9 0 3 6 11 2.27913
2 9 0 3 6 12 2.16025
2 9 0 3 6 13 2.16025
2 9 0 3 6 14 2.24038
2 9 0 3 7 8 1.62019
2 9 0 3 7 10 1.73205
2 9 0 3 7 11 2.04939
2 9 0 3 7 12 2
2 9 0 3 7 13 2
2 9 0 3 7 14 1.93309
2 9 0 3 8 10 1.90693
2 9 0 3 8 11 1.96214
2 9 0 3 8 12 2
2 9 0 3 8 13 2
2 9 0 3 8 14 1.93309
2 9 0 3 10 11 2.10357
2 9 0 3 10 12 1.90693
2 9 0 3 10 13 1.90693
2 9 0 3 10 14 2.10357
2 9 0 3 11 12 2.16025
2 9 0 3 11 13 2.16025
2 9 0 3 11 14 2.24038
2 9 0 3 12 13 2.10639
2 9 0 3 12 14 2.10639
2 9 0 3 13 14 2.10639
2 9 0 4 5 6 2.23607
2 9 0 4 5 7 1.90693
2 9 0 4 5 8 1.93309
2 9 0 4 5 10 2.12132
2 9 0 4 5 11 2.16556
2 9 0 4 5 12 2.04495
2 9 0 4 5 13 2.04495
2 9 0 4 5 14 2.17626
2 9 0 4 6 7 1.90693
2 9 0 4 6 8 2.04939
2 9 0 4 6 10 2.21037
2 9 0 4 6 11 2.23846
2 9 0 4 6 12 2.16025
2 9 0 4 6 13 2.16025
2 9 0 4 6 14 2.2514
2 9 0 4 7 8 1.41421
2 9 0 4 7 10 1.73205
2 9 0 4 7 11 1.90693
2 9 0 4 7 12 1.73205
2 9 0 4 7 13 1.73205
2 9 0 4 7 14 1.85164
2 9 0 4 8 10 2.08167
2 9 0 4 8 11 2.00294
2 9 0 4 8 12 2
2 9 0 4 8 13 2
2 9 0 4 8 14 2.08167
2 9 0 4 10 11 2.17945
2 9 0 4 10 12 2.08167
2 9 0 4 10 13 2.08167
2 9 0 4 10 14 2.21675
2 9 0 4 11 12 2.08167
2 9 0 4 11 13 2.08167
2 9 0 4 11 14 2.22354
2 9 0 4 12 13 2.04495
2 9 0 4 12 14 2.16025
2 9 0 4 13 14 2.16025
2 9 0 5 6 7 2
2 9 0 5 6 8 1.90693
2 9 0 5 6 10 2.10357
2 9 0 5 6 11 2.19034
2 9 0 5 6 12 2.08738
2 9 0 5 6 13 2.08738
2 9 0 5 6 14 2.23607
2 9 0 5 7 8 1.41421
2 9 0 5 7 10 1.73205
2 9 0 5 7 11 2
2 9 0 5 7 12 1.90693
2 9 0 5 7 13 1.90693
2 9 0 5 7 14 1.90693
2 9 0 5 8 10 1.93309
2 9 0 5 8 11 1.85164
2 9 0 5 8 12 1.81265
2 9 0 5 8 13 1.81265
2 9 0 5 8 14 1.93309
2 9 0 5 10 11 2.07802
2 9 0 5 10 12 1.93309
2 9 0 5 10 13 1.93309
2 9 0 5 10 14 2.12132
2 9 0 5 11 12 2.04939
2 9 0 5 11 13 2.04939
2 9 0 5 11 14 2.16556
2 9 0 5 12 13 1.96769
2 9 0 5 12 14 2.04495
2 9 0 5 13 14 2.04495
2 9 0 6 7 8 1.62019
2 9 0 6 7 10 1.73205
2 9 0 6 7 11 2.04939
2 9 0 6 7 12 2
2 9 0 6 7 13 2
2 9 0 6 7 14 1.93309
2 9 0 6 8 10 2.10223
2 9 0 6 8 11 2.09069
2 9 0 6 8 12 2.08167
2 9 0 6 8 13 2.08167
2 9 0 6 8 14 2.12132
2 9 0 6 10 11 2.21037
2 9 0 6 10 12 2.10223
2 9 0 6 10 13 2.10223
2 9 0 6 10 14 2.23607
2 9 0 6 11 12 2.2563
2 9 0 6 11 13 2.2563
2 9 0 6 11 14 2.31349
2 9 0 6 12 13 2.19644
2 9 0 6 12 14 2.23607
2 9 0 6 13 14 2.23607
2 9 0 7 8 10 1.41421
2 9 0 7 8 11 1.62019
2 9 0 7 8 12 1.62019
2 9 0 7 8 13 1.62019
2 9 0 7 8 14 1.41421
2 9 0 7 10 11 1.73205
2 9 0 7 10 12 1.41421
2 9 0 7 10 13 1.41421
2 9 0 7 10 14 1.73205
2 9 0 7 11 12 2
2 9 0 7 11 13 2
2 9 0 7 11 14 1.93309
2 9 0 7 12 13 1.93309
2 9 0 7 12 14 1.81265
2 9 0 7 13 14 1.81265
2 9 0 8 10 11 2.04939
2 9 0 8 10 12 2.0381
2 9 0 8 10 13 2.0381
2 9 0 8 10 14 2.12132
2 9 0 8 11 12 2
2 9 0 8 11 13 2
2 9 0 8 11 14 2.08167
2 9 0 8 12 13 2.04495
2 9 0 8 12 14 2.05751
2 9 0 8 13 14 2.05751
2 9 0 10 11 12 2.04939
2 9 0 10 11 13 2.04939
2 9 0 10 11 14 2.21037
2 9 0 10 12 13 2.0381
2 9 0 10 12 14 2.12132
2 9 0 10 13 14 2.12132
2 9 0 11 12 13 2.173
2 9 0 11 12 14 2.19745
2 9 0 11 13 14 2.19745
2 9 0 12 13 14 2.15758
2 9 1 3 4 5 1.41421
2 9 1 3 4 6 1.41421
2 9 1 3 4 7 1.41421
2 9 1 3 4 8 1
2 9 1 3 4 10 1
2 9 1 3 4 11 1.41421
2 9 1 3 4 12 1.41421
2 9 1 3 4 13 1.41421
2 9 1 3 4 14 1
2 9 1 3 5 6 1.73205
2 9 1 3 5 7 1.73205
2 9 1 3 5 8 1.41421
2 9 1 3 5 10 1
2 9 1 3 5 11 1.73205
2 9 1 3 5 12 1.73205
2 9 1 3 5 13 1.73205
2 9 1 3 5 14 1.41421
2 9 1 3 6 7 1.85164
2 9 1 3 6 8 1.73205
2 9 1 3 6 10 1.41421
2 9 1 3 6 11 1.90693
2 9 1 3 6 12 1.90693
2 9 1 3 6 13 1.90693
2 9 1 3 6 14 1.73205
2 9 1 3 7 8 1.62019
2 9 1 3 7 10 1
2 9 1 3 7 11 1.85164
2 9 1 3 7 12 1.85164
2 9 1 3 7 13 1.85164
2 9 1 3 7 14 1.62019
2 9 1 3 8 10 1.41421
2 9 1 3 8 11 1.73205
2 9 1 3 8 12 1.73205
2 9 1 3 8 13 1.73205
2 9 1 3 8 14 1.62019
2 9 1 3 10 11 1.41421
2 9 1 3 10 12 1.41421
2 9 1 3 10 13 1.41421
2 9 1 3 10 14 1.41421
2 9 1 3 11 12 1.90693
2 9 1 3 11 13 1.90693
2 9 1 3 11 14 1.73205
2 9 1 3 12 13 1.90693
2 9 1 3 12 14 1.73205
2 9 1 3 13 14 1.73205
2 9 1 4 5 6 1.41421
2 9 1 4 5 7 1.41421
2 9 1 4 5 8 1.62019
2 9 1 4 5 10 1.62019
2 9 1 4 5 11 1.41421
2 9 1 4 5 12 1.62019
2 9 1 4 5 13 1.62019
2 9 1 4 5 14 1.62019
2 9 1 4 6 7 1.41421
2 9 1 4 6 8 1.62019
2 9 1 4 6 10 1.62019
2 9 1 4 6 11 1.41421
2 9 1 4 6 12 1.62019
2 9 1 4 6 13 1.62019
2 9 1 4 6 14 1.62019
2 9 1 4 7 8 1.41421
2 9 1 4 7 10 1.41421
2 9 1 4 7 11 1.41421
2 9 1 4 7 12 1.41421
2 9 1 4 7 13 1.41421
2 9 1 4 7 14 1.41421
2 9 1 4 8 10 1.73205
2 9 1 4 8 11 1.41421
2 9 1 4 8 12 1.73205
2 9 1 4 8 13 1.73205
2 9 1 4 8 14 1.73205
2 9 1 4 10 11 1.41421
2 9 1 4 10 12 1.73205
2 9 1 4 10 13 1.73205
2 9 1 4 10 14 1.73205
2 9 1 4 11 12 1.41421
2 9 1 4 11 13 1.41421
2 9 1 4 11 14 1.41421
2 9 1 4 12 13 1.73205
2 9 1 4 12 14 1.73205
2 9 1 4 13 14 1.73205
2 9 1 5 6 7 1.73205
2 9 1 5 6 8 1.41421
2 9 1 5 6 10 1.41421
2 9 1 5 6 11 1.73205
2 9 1 5 6 12 1.73205
2 9 1 5 6 13 1.73205
2 9 1 5 6 14 1.41421
2 9 1 5 7 8 1.41421
2 9 1 5 7 10 1.41421
2 9 1 5 7 11 1.73205
2 9 1 5 7 12 1.73205
2 9 1 5 7 13 1.73205
2 9 1 5 7 14 1.41421
2 9 1 5 8 10 1.62019
2 9 1 5 8 11 1.41421
2 9 1 5 8 12 1.62019
2 9 1 5 8 13 1.62019
2 9 1 5 8 14 1.62019
2 9 1 5 10 11 1
2 9 1 5 10 12 1.62019
2 9 1 5 10 13 1.62019
2 9 1 5 10 14 1.62019
2 9 1 5 11 12 1.73205
2 9 1 5 11 13 1.73205
2 9 1 5 11 14 1.41421
2 9 1 5 12 13 1.73205
2 9 1 5 12 14 1.62019
2 9 1 5 13 14 1.62019
2 9 1 6 7 8 1.62019
2 9 1 6 7 10 1
2 9 1 6 7 11 1.85164
2 9 1 6 7 12 1.85164
2 9 1 6 7 13 1.85164
2 9 1 6 7 14 1.62019
2 9 1 6 8 10 1.73205
2 9 1 6 8 11 1.81265
2 9 1 6 8 12 2
2 9 1 6 8 13 2
2 9 1 6 8 14 1.81265
2 9 1 6 10 11 1.62019
2 9 1 6 10 12 1.73205
2 9 1 6 10 13 1.73205
2 9 1 6 10 14 1.73205
2 9 1 6 11 12 1.93309
2 9 1 6 11 13 1.93309
2 9 1 6 11 14 1.81265
2 9 1 6 12 13 1.96214
2 9 1 6 12 14 2
2 9 1 6 13 14 2
2 9 1 7 8 10 1.41421
2 9 1 7 8 11 1.62019
2 9 1 7 8 12 1.62019
2 9 1 7 8 13 1.62019
2 9 1 7 8 14 1.41421
2 9 1 7 10 11 1
2 9 1 7 10 12 1.41421
2 9 1 7 10 13 1.41421
2 9 1 7 10 14 1.41421
2 9 1 7 11 12 1.85164
2 9 1 7 11 13 1.85164
2 9 1 7 11 14 1.62019
2 9 1 7 12 13 1.85164
2 9 1 7 12 14 1.62019
2 9 1 7 13 14 1.62019
2 9 1 8 10 11 1.62019
2 9 1 8 10 12 1.81265
2 9 1 8 10 13 1.81265
2 9 1 8 10 14 1.81265
2 9 1 8 11 12 1.81265
2 9 1 8 11 13 1.81265
2 9 1 8 11 14 1.73205
2 9 1 8 12 13 2
2 9 1 8 12 14 2
2 9 1 8 13 14 2
2 9 1 10 11 12 1.62019
2 9 1 10 11 13 1.62019
2 9 1 10 11 14 1.62019
2 9 1 10 12 13 1.81265
2 9 1 10 12 14 1.81265
2 9 1 10 13 14 1.81265
2 9 1 11 12 13 1.93309
2 9 1 11 12 14 1.81265
2 9 1 11 13 14 1.81265
2 9 1 12 13 14 2
2 9 3 4 5 6 2.16556
2 9 3 4 5 7 2
2 9 3 4 5 8 1.85164
2 9 3 4 5 10 2.07802
2 9 3 4 5 11 2.16556
2 9 3 4 5 12 2
2 9 3 4 5 13 1.90693
2 9 3 4 5 14 2.13809
2 9 3 4 6 7 2
2 9 3 4 6 8 1.93309
2 9 3 4 6 10 2.13809
2 9 3 4 6 11 2.23607
2 9 3 4 6 12 2.0381
2 9 3 4 6 13 2
2 9 3 4 6 14 2.18955
2 9 3 4 7 8 1.62019
2 9 3 4 7 10 1.85164
2 9 3 4 7 11 2
2 9 3 4 7 12 1.81265
2 9 3 4 7 13 1.73205
2 9 3 4 7 14 1.93309
2 9 3 4 8 10 1.93309
2 9 3 4 8 11 1.93309
2 9 3 4 8 12 1.73205
2 9 3 4 8 13 1.62019
2 9 3 4 8 14 1.93309
2 9 3 4 10 11 2.13809
2 9 3 4 10 12 1.93309
2 9 3 4 10 13 1.85164
2 9 3 4 10 14 2.13809
2 9 3 4 11 12 2.0381
2 9 3 4 11 13 2
2 9 3 4 11 14 2.18955
2 9 3 4 12 13 1.81265
2 9 3 4 12 14 2
2 9 3 4 13 14 1.93309
2 9 3 5 6 7 2.04939
2 9 3 5 6 8 1.85164
2 9 3 5 6 10 2.07802
2 9 3 5 6 11 2.19034
2 9 3 5 6 12 2.04939
2 9 3 5 6 13 2
2 9 3 5 6 14 2.16556
2 9 3 5 7 8 1.62019
2 9 3 5 7 10 1.85164
2 9 3 5 7 11 2.04939
2 9 3 5 7 12 1.93309
2 9 3 5 7 13 1.90693
2 9 3 5 7 14 2
2 9 3 5 8 10 1.85164
2 9 3 5 8 11 1.85164
2 9 3 5 8 12 1.62019
2 9 3 5 8 13 1.41421
2 9 3 5 8 14 1.85164
2 9 3 5 10 11 2.07802
2 9 3 5 10 12 1.85164
2 9 3 5 10 13 1.73205
2 9 3 5 10 14 2.07802
2 9 3 5 11 12 2.04939
2 9 3 5 11 13 2
2 9 3 5 11 14 2.16556
2 9 3 5 12 13 1.90693
2 9 3 5 12 14 2
2 9 3 5 13 14 1.90693
2 9 3 6 7 8 1.62019
2 9 3 6 7 10 1.85164
2 9 3 6 7 11 2.08167
2 9 3 6 7 12 2
2 9 3 6 7 13 2
2 9 3 6 7 14 2
2 9 3 6 8 10 2
2 9 3 6 8 11 2.02367
2 9 3 6 8 12 2
2 9 3 6 8 13 2
2 9 3 6 8 14 2
2 9 3 6 10 11 2.16556
2 9 3 6 10 12 2
2 9 3 6 10 13 1.90693
2 9 3 6 10 14 2.16556
2 9 3 6 11 12 2.20605
2 9 3 6 11 13 2.16025
2 9 3 6 11 14 2.27837
2 9 3 6 12 13 2.10639
2 9 3 6 12 14 2.16025
2 9 3 6 13 14 2.10639
2 9 3 7 8 10 1.62019
2 9 3 7 8 11 1.62019
2 9 3 7 8 12 1.62019
2 9 3 7 8 13 1.62019
2 9 3 7 8 14 1.62019
2 9 3 7 10 11 1.85164
2 9 3 7 10 12 1.62019
2 9 3 7 10 13 1.41421
2 9 3 7 10 14 1.85164
2 9 3 7 11 12 2
2 9 3 7 11 13 2
2 9 3 7 11 14 2
2 9 3 7 12 13 1.93309
2 9 3 7 12 14 2
2 9 3 7 13 14 1.81265
2 9 3 8 10 11 2
2 9 3 8 10 12 1.81265
2 9 3 8 10 13 1.73205
2 9 3 8 10 14 2
2 9 3 8 11 12 2
2 9 3 8 11 13 2
2 9 3 8 11 14 2
2 9 3 8 12 13 1.81265
2 9 3 8 12 14 2
2 9 3 8 13 14 1.81265
2 9 3 10 11 12 2
2 9 3 10 11 13 1.90693
2 9 3 10 11 14 2.16556
2 9 3 10 12 13 1.73205
2 9 3 10 12 14 2
2 9 3 10 13 14 1.90693
2 9 3 11 12 13 2.10639
2 9 3 11 12 14 2.16025
2 9 3 11 13 14 2.10639
2 9 3 12 13 14 2
2 9 4 5 6 7 2
2 9 4 5 6 8 2
2 9 4 5 6 10 2.16556
2 9 4 5 6 11 2.23607
2 9 4 5 6 12 2.05751
2 9 4 5 6 13 2.01187
2 9 4 5 6 14 2.23607
2 9 4 5 7 8 1.62019
2 9 4 5 7 10 1.85164
2 9 4 5 7 11 2
2 9 4 5 7 12 1.81265
2 9 4 5 7 13 1.73205
2 9 4 5 7 14 1.93309
2 9 4 5 8 10 2
2 9 4 5 8 11 1.93309
2 9 4 5 8 12 2
2 9 4 5 8 13 1.81265
2 9 4 5 8 14 2
2 9 4 5 10 11 2.13809
2 9 4 5 10 12 2
2 9 4 5 10 13 1.93309
2 9 4 5 10 14 2.17626
2 9 4 5 11 12 2.0381
2 9 4 5 11 13 2
2 9 4 5 11 14 2.18955
2 9 4 5 12 13 2
2 9 4 5 12 14 2.08167
2 9 4 5 13 14 2
2 9 4 6 7 8 1.62019
2 9 4 6 7 10 1.85164
2 9 4 6 7 11 2
2 9 4 6 7 12 1.81265
2 9 4 6 7 13 1.73205
2 9 4 6 7 14 1.93309
2 9 4 6 8 10 2.09938
2 9 4 6 8 11 2.04939
2 9 4 6 8 12 2
2 9 4 6 8 13 1.93309
2 9 4 6 8 14 2.09938
2 9 4 6 10 11 2.22354
2 9 4 6 10 12 2.09938
2 9 4 6 10 13 2.04939
2 9 4 6 10 14 2.2514
2 9 4 6 11 12 2.12132
2 9 4 6 11 13 2.08167
2 9 4 6 11 14 2.26779
2 9 4 6 12 13 2
2 9 4 6 12 14 2.13809
2 9 4 6 13 14 2.09938
2 9 4 7 8 10 1.62019
2 9 4 7 8 11 1.62019
2 9 4 7 8 12 1.41421
2 9 4 7 8 13 1.41421
2 9 4 7 8 14 1.62019
2 9 4 7 10 11 1.85164
2 9 4 7 10 12 1.62019
2 9 4 7 10 13 1.41421
2 9 4 7 10 14 1.85164
2 9 4 7 11 12 1.81265
2 9 4 7 11 13 1.73205
2 9 4 7 11 14 1.93309
2 9 4 7 12 13 1.62019
2 9 4 7 12 14 1.73205
2 9 4 7 13 14 1.62019
2 9 4 8 10 11 2.04939
2 9 4 8 10 12 2.01187
2 9 4 8 10 13 2
2 9 4 8 10 14 2.16025
2 9 4 8 11 12 1.90693
2 9 4 8 11 13 1.85164
2 9 4 8 11 14 2.04939
2 9 4 8 12 13 1.90693
2 9 4 8 12 14 2.01187
2 9 4 8 13 14 2
2 9 4 10 11 12 2.04939
2 9 4 10 11 13 2.00294
2 9 4 10 11 14 2.22354
2 9 4 10 12 13 2
2 9 4 10 12 14 2.16025
2 9 4 10 13 14 2.08167
2 9 4 11 12 13 1.93309
2 9 4 11 12 14 2.10223
2 9 4 11 13 14 2.04939
2 9 4 12 13 14 2.01187
2 9 5 6 7 8 1.62019
2 9 5 6 7 10 1.85164
2 9 5 6 7 11 2.04939
2 9 5 6 7 12 1.93309
2 9 5 6 7 13 1.90693
2 9 5 6 7 14 2
2 9 5 6 8 10 2
2 9 5 6 8 11 1.93309
2 9 5 6 8 12 1.81265
2 9 5 6 8 13 1.73205
2 9 5 6 8 14 2
2 9 5 6 10 11 2.13809
2 9 5 6 10 12 2
2 9 5 6 10 13 1.90693
2 9 5 6 10 14 2.16556
2 9 5 6 11 12 2.081
2 9 5 6 11 13 2.04939
2 9 5 6 11 14 2.23607
2 9 5 6 12 13 1.96214
2 9 5 6 12 14 2.05751
2 9 5 6 13 14 2.01187
2 9 5 7 8 10 1.62019
2 9 5 7 8 11 1.62019
2 9 5 7 8 12 1.41421
2 9 5 7 8 13 1.41421
2 9 5 7 8 14 1.62019
2 9 5 7 10 11 1.85164
2 9 5 7 10 12 1.62019
2 9 5 7 10 13 1.41421
2 9 5 7 10 14 1.85164
2 9 5 7 11 12 1.93309
2 9 5 7 11 13 1.90693
2 9 5 7 11 14 2
2 9 5 7 12 13 1.85164
2 9 5 7 12 14 1.81265
2 9 5 7 13 14 1.73205
2 9 5 8 10 11 1.93309
2 9 5 8 10 12 2
2 9 5 8 10 13 1.81265
2 9 5 8 10 14 2
2 9 5 8 11 12 1.73205
2 9 5 8 11 13 1.62019
2 9 5 8 11 14 1.93309
2 9 5 8 12 13 1.73205
2 9 5 8 12 14 2
2 9 5 8 13 14 1.81265
2 9 5 10 11 12 1.93309
2 9 5 10 11 13 1.85164
2 9 5 10 11 14 2.13809
2 9 5 10 12 13 1.81265
2 9 5 10 12 14 2
2 9 5 10 13 14 1.93309
2 9 5 11 12 13 1.93309
2 9 5 11 12 14 2.0381
2 9 5 11 13 14 2
2 9 5 12 13 14 2
2 9 6 7 8 10 1.62019
2 9 6 7 8 11 1.62019
2 9 6 7 8 12 1.62019
2 9 6 7 8 13 1.62019
2 9 6 7 8 14 1.62019
2 9 6 7 10 11 1.85164
2 9 6 7 10 12 1.62019
2 9 6 7 10 13 1.41421
2 9 6 7 10 14 1.85164
2 9 6 7 11 12 2
2 9 6 7 11 13 2
2 9 6 7 11 14 2
2 9 6 7 12 13 1.93309
2 9 6 7 12 14 2
2 9 6 7 13 14 1.81265
2 9 6 8 10 11 2.09938
2 9 6 8 10 12 2.0381
2 9 6 8 10 13 2
2 9 6 8 10 14 2.13809
2 9 6 8 11 12 2.04495
2 9 6 8 11 13 2
2 9 6 8 11 14 2.16025
2 9 6 8 12 13 2
2 9 6 8 12 14 2.05751
2 9 6 8 13 14 2.0381
2 9 6 10 11 12 2.09938
2 9 6 10 11 13 2.04939
2 9 6 10 11 14 2.2514
2 9 6 10 12 13 2
2 9 6 10 12 14 2.13809
2 9 6 10 13 14 2.10223
2 9 6 11 12 13 2.173
2 9 6 11 12 14 2.23607
2 9 6 11 13 14 2.19745
2 9 6 12 13 14 2.16025
2 9 7 8 10 11 1.62019
2 9 7 8 10 12 1.41421
2 9 7 8 10 13 1.41421
2 9 7 8 10 14 1.62019
2 9 7 8 11 12 1.62019
2 9 7 8 11 13 1.62019
2 9 7 8 11 14 1.62019
2 9 7 8 12 13 1.62019
2 9 7 8 12 14 1.41421
2 9 7 8 13 14 1.41421
2 9 7 10 11 12 1.62019
2 9 7 10 11 13 1.41421
2 9 7 10 11 14 1.85164
2 9 7 10 12 13 1.41421
2 9 7 10 12 14 1.62019
2 9 7 10 13 14 1.41421
2 9 7 11 12 13 1.93309
2 9 7 11 12 14 2
2 9 7 11 13 14 1.81265
2 9 7 12 13 14 1.73205
2 9 8 10 11 12 2
2 9 8 10 11 13 1.93309
2 9 8 10 11 14 2.09938
2 9 8 10 12 13 2
2 9 8 10 12 14 2.05751
2 9 8 10 13 14 2.0381
2 9 8 11 12 13 1.93309
2 9 8 11 12 14 2.01187
2 9 8 11 13 14 2
2 9 8 12 13 14 2.01187
2 9 10 11 12 13 1.93309
2 9 10 11 12 14 2.09938
2 9 10 11 13 14 2.04939
2 9 10 12 13 14 2.0381
2 9 11 12 13 14 2.10639
