1 5 0 2 1.73205
1 5 0 3 1.73205
1 5 0 4 1.90693
1 5 0 6 1.73205
1 5 0 7 1.73205
1 5 0 8 1.90693
1 5 0 9 1.85164
1 5 0 10 1.90693
1 5 0 11 1.73205
1 5 0 12 1.90693
1 5 0 13 1.90693
1 5 0 14 1.90693
1 5 2 3 1.73205
1 5 2 4 1.73205
1 5 2 6 1.73205
1 5 2 7 1.73205
1 5 2 8 1.73205
1 5 2 9 1.73205
1 5 2 10 1.73205
1 5 2 11 1.73205
1 5 2 12 1.73205
1 5 2 13 1.73205
1 5 2 14 1.73205
1 5 3 4 1.41421
1 5 3 6 1.73205
1 5 3 7 1.73205
1 5 3 8 1.41421
1 5 3 9 1.73205
1 5 3 10 1.41421
1 5 3 11 1.73205
1 5 3 12 1.73205
1 5 3 13 1.73205
1 5 3 14 1.41421
1 5 4 6 1.73205
1 5 4 7 1.73205
1 5 4 8 1.90693
1 5 4 9 1.85164
1 5 4 10 1.90693
1 5 4 11 1.41421
1 5 4 12 1.90693
1 5 4 13 1.90693
1 5 4 14 1.90693
1 5 6 7 1.73205
1 5 6 8 1.73205
1 5 6 9 1.73205
1 5 6 10 1.73205
1 5 6 11 1.73205
1 5 6 12 1.73205
1 5 6 13 1.73205
1 5 6 14 1.73205
1 5 7 8 1.73205
1 5 7 9 1.73205
1 5 7 10 1.73205
1 5 7 11 1.73205
1 5 7 12 1.73205
1 5 7 13 1.73205
1 5 7 14 1.73205
1 5 8 9 1.85164
1 5 8 10 1.90693
1 5 8 11 1.41421
1 5 8 12 1.90693
1 5 8 13 1.90693
1 5 8 14 1.90693
1 5 9 10 1.85164
1 5 9 11 1.73205
1 5 9 12 1.85164
1 5 9 13 1.85164
1 5 9 14 1.85164
1 5 10 11 1.41421
1 5 10 12 1.90693
1 5 10 13 1.90693
1 5 10 14 1.90693
1 5 11 12 1.73205
1 5 11 13 1.73205
1 5 11 14 1.41421
1 5 12 13 1.90693
1 5 12 14 1.90693
1 5 13 14 1.90693
