1 5 0 2 3 4 1.41421
1 5 0 2 3 6 1.73205
1 5 0 2 3 7 1.73205
1 5 0 2 3 8 1.41421
1 5 0 2 3 9 1.73205
1 5 0 2 3 10 1.41421
1 5 0 2 3 11 1.73205
1 5 0 2 3 12 1.73205
1 5 0 2 3 13 1.73205
1 5 0 2 3 14 1.41421
1 5 0 2 4 6 1.41421
1 5 0 2 4 7 1.62019
1 5 0 2 4 8 1.73205
1 5 0 2 4 9 1.62019
1 5 0 2 4 10 1.73205
1 5 0 2 4 11 1.41421
1 5 0 2 4 12 1.73205
1 5 0 2 4 13 1.73205
1 5 0 2 4 14 1.73205
1 5 0 2 6 7 1.73205
1 5 0 2 6 8 1.41421
1 5 0 2 6 9 1.73205
1 5 0 2 6 10 1.41421
1 5 0 2 6 11 1.73205
1 5 0 2 6 12 1.73205
1 5 0 2 6 13 1.73205
1 5 0 2 6 14 1.41421
1 5 0 2 7 8 1.62019
1 5 0 2 7 9 1.73205
1 5 0 2 7 10 1.62019
1 5 0 2 7 11 1.73205
1 5 0 2 7 12 1.73205
1 5 0 2 7 13 1.73205
1 5 0 2 7 14 1.62019
1 5 0 2 8 9 1.62019
1 5 0 2 8 10 1.73205
1 5 0 2 8 11 1.41421
1 5 0 2 8 12 1.73205
1 5 0 2 8 13 1.73205
1 5 0 2 8 14 1.73205
1 5 0 2 9 10 1.62019
1 5 0 2 9 11 1.73205
1 5 0 2 9 12 1.73205
1 5 0 2 9 13 1.73205
1 5 0 2 9 14 1.62019
1 5 0 2 10 11 1
1 5 0 2 10 12 1.73205
1 5 0 2 10 13 1.73205
1 5 0 2 10 14 1.73205
1 5 0 2 11 12 1.73205
1 5 0 2 11 13 1.73205
1 5 0 2 11 14 1.41421
1 5 0 2 12 13 1.73205
1 5 0 2 12 14 1.73205
1 5 0 2 13 14 1.73205
1 5 0 3 4 6 1.41421
1 5 0 3 4 7 1.41421
1 5 0 3 4 8 1.41421
1 5 0 3 4 9 1.41421
1 5 0 3 4 10 1.41421
1 5 0 3 4 11 1.41421
1 5 0 3 4 12 1.41421
1 5 0 3 4 13 1.41421
1 5 0 3 4 14 1.41421
1 5 0 3 6 7 1.73205
1 5 0 3 6 8 1.41421
1 5 0 3 6 9 1.73205
1 5 0 3 6 10 0
1 5 0 3 6 11 1.73205
1 5 0 3 6 12 1.73205
1 5 0 3 6 13 1.73205
1 5 0 3 6 14 1.41421
1 5 0 3 7 8 1.41421
1 5 0 3 7 9 1.73205
1 5 0 3 7 10 1.41421
1 5 0 3 7 11 1.73205
1 5 0 3 7 12 1.73205
1 5 0 3 7 13 1.73205
1 5 0 3 7 14 1.41421
1 5 0 3 8 9 1.41421
1 5 0 3 8 10 1.41421
1 5 0 3 8 11 1.41421
1 5 0 3 8 12 1.41421
1 5 0 3 8 13 1.41421
1 5 0 3 8 14 1.41421
1 5 0 3 9 10 1
1 5 0 3 9 11 1.73205
1 5 0 3 9 12 1.73205
1 5 0 3 9 13 1.73205
1 5 0 3 9 14 1.41421
1 5 0 3 10 11 1
1 5 0 3 10 12 1.41421
1 5 0 3 10 13 1.41421
1 5 0 3 10 14 1.41421
1 5 0 3 11 12 1.73205
1 5 0 3 11 13 1.73205
1 5 0 3 11 14 1.41421
1 5 0 3 12 13 1.73205
1 5 0 3 12 14 1.41421
1 5 0 3 13 14 1.41421
1 5 0 4 6 7 1.41421
1 5 0 4 6 8 1.73205
1 5 0 4 6 9 1.73205
1 5 0 4 6 10 1.73205
1 5 0 4 6 11 1.41421
1 5 0 4 6 12 1.73205
1 5 0 4 6 13 1.73205
1 5 0 4 6 14 1.73205
1 5 0 4 7 8 1.73205
1 5 0 4 7 9 1.62019
1 5 0 4 7 10 1.73205
1 5 0 4 7 11 1.41421
1 5 0 4 7 12 1.73205
1 5 0 4 7 13 1.73205
1 5 0 4 7 14 1.73205
1 5 0 4 8 9 1.85164
1 5 0 4 8 10 1.90693
1 5 0 4 8 11 1.41421
1 5 0 4 8 12 1.90693
1 5 0 4 8 13 1.90693
1 5 0 4 8 14 1.90693
1 5 0 4 9 10 1.85164
1 5 0 4 9 11 1.41421
1 5 0 4 9 12 1.85164
1 5 0 4 9 13 1.85164
1 5 0 4 9 14 1.85164
1 5 0 4 10 11 1.41421
1 5 0 4 10 12 1.90693
1 5 0 4 10 13 1.90693
1 5 0 4 10 14 1.90693
1 5 0 4 11 12 1.41421
1 5 0 4 11 13 1.41421
1 5 0 4 11 14 1.41421
1 5 0 4 12 13 1.90693
1 5 0 4 12 14 1.90693
1 5 0 4 13 14 1.90693
1 5 0 6 7 8 1.41421
1 5 0 6 7 9 1.73205
1 5 0 6 7 10 1.41421
1 5 0 6 7 11 1.73205
1 5 0 6 7 12 1.73205
1 5 0 6 7 13 1.73205
1 5 0 6 7 14 1.41421
1 5 0 6 8 9 1.73205
1 5 0 6 8 10 1.73205
1 5 0 6 8 11 1.41421
1 5 0 6 8 12 1.73205
1 5 0 6 8 13 1.73205
1 5 0 6 8 14 1.73205
1 5 0 6 9 10 1.73205
1 5 0 6 9 11 1.73205
1 5 0 6 9 12 1.73205
1 5 0 6 9 13 1.73205
1 5 0 6 9 14 1.73205
1 5 0 6 10 11 1.41421
1 5 0 6 10 12 1.73205
1 5 0 6 10 13 1.73205
1 5 0 6 10 14 1.73205
1 5 0 6 11 12 1.73205
1 5 0 6 11 13 1.73205
1 5 0 6 11 14 1.41421
1 5 0 6 12 13 1.73205
1 5 0 6 12 14 1.73205
1 5 0 6 13 14 1.73205
1 5 0 7 8 9 1.62019
1 5 0 7 8 10 1.73205
1 5 0 7 8 11 1.41421
1 5 0 7 8 12 1.73205
1 5 0 7 8 13 1.73205
1 5 0 7 8 14 1.73205
1 5 0 7 9 10 1.62019
1 5 0 7 9 11 1.73205
1 5 0 7 9 12 1.73205
1 5 0 7 9 13 1.73205
1 5 0 7 9 14 1.62019
1 5 0 7 10 11 1
1 5 0 7 10 12 1.73205
1 5 0 7 10 13 1.73205
1 5 0 7 10 14 1.73205
1 5 0 7 11 12 1.73205
1 5 0 7 11 13 1.73205
1 5 0 7 11 14 1.41421
1 5 0 7 12 13 1.73205
1 5 0 7 12 14 1.73205
1 5 0 7 13 14 1.73205
1 5 0 8 9 10 1.85164
1 5 0 8 9 11 1.41421
1 5 0 8 9 12 1.85164
1 5 0 8 9 13 1.85164
1 5 0 8 9 14 1.85164
1 5 0 8 10 11 1.41421
1 5 0 8 10 12 1.90693
1 5 0 8 10 13 1.90693
1 5 0 8 10 14 1.90693
1 5 0 8 11 12 1.41421
1 5 0 8 11 13 1.41421
1 5 0 8 11 14 1.41421
1 5 0 8 12 13 1.90693
1 5 0 8 12 14 1.90693
1 5 0 8 13 14 1.90693
1 5 0 9 10 11 1.41421
1 5 0 9 10 12 1.85164
1 5 0 9 10 13 1.85164
1 5 0 9 10 14 1.85164
1 5 0 9 11 12 1.73205
1 5 0 9 11 13 1.73205
1 5 0 9 11 14 1.41421
1 5 0 9 12 13 1.85164
1 5 0 9 12 14 1.85164
1 5 0 9 13 14 1.85164
1 5 0 10 11 12 1.41421
1 5 0 10 11 13 1.41421
1 5 0 10 11 14 1.41421
1 5 0 10 12 13 1.90693
1 5 0 10 12 14 1.90693
1 5 0 10 13 14 1.90693
1 5 0 11 12 13 1.73205
1 5 0 11 12 14 1.41421
1 5 0 11 13 14 1.41421
1 5 0 12 13 14 1.90693
1 5 2 3 4 6 1.41421
1 5 2 3 4 7 1.41421
1 5 2 3 4 8 1.41421
1 5 2 3 4 9 1.41421
1 5 2 3 4 10 1.41421
1 5 2 3 4 11 1.41421
1 5 2 3 4 12 1.41421
1 5 2 3 4 13 1.41421
1 5 2 3 4 14 1.41421
1 5 2 3 6 7 1.73205
1 5 2 3 6 8 1.41421
1 5 2 3 6 9 1.73205
1 5 2 3 6 10 1
1 5 2 3 6 11 1.73205
1 5 2 3 6 12 1.73205
1 5 2 3 6 13 1.73205
1 5 2 3 6 14 1.41421
1 5 2 3 7 8 1.41421
1 5 2 3 7 9 1.73205
1 5 2 3 7 10 1.41421
1 5 2 3 7 11 1.73205
1 5 2 3 7 12 1.73205
1 5 2 3 7 13 1.73205
1 5 2 3 7 14 1.41421
1 5 2 3 8 9 1.41421
1 5 2 3 8 10 1.41421
1 5 2 3 8 11 1.41421
1 5 2 3 8 12 1.41421
1 5 2 3 8 13 1.41421
1 5 2 3 8 14 1.41421
1 5 2 3 9 10 1
1 5 2 3 9 11 1.73205
1 5 2 3 9 12 1.73205
1 5 2 3 9 13 1.73205
1 5 2 3 9 14 1.41421
1 5 2 3 10 11 1
1 5 2 3 10 12 1.41421
1 5 2 3 10 13 1.41421
1 5 2 3 10 14 1.41421
1 5 2 3 11 12 1.73205
1 5 2 3 11 13 1.73205
1 5 2 3 11 14 1.41421
1 5 2 3 12 13 1.73205
1 5 2 3 12 14 1.41421
1 5 2 3 13 14 1.41421
1 5 2 4 6 7 1.41421
1 5 2 4 6 8 1.41421
1 5 2 4 6 9 1.41421
1 5 2 4 6 10 1.41421
1 5 2 4 6 11 1.41421
1 5 2 4 6 12 1.41421
1 5 2 4 6 13 1.41421
1 5 2 4 6 14 1.41421
1 5 2 4 7 8 1.62019
1 5 2 4 7 9 1.41421
1 5 2 4 7 10 1.62019
1 5 2 4 7 11 1.41421
1 5 2 4 7 12 1.62019
1 5 2 4 7 13 1.62019
1 5 2 4 7 14 1.62019
1 5 2 4 8 9 1.62019
1 5 2 4 8 10 1.73205
1 5 2 4 8 11 1
1 5 2 4 8 12 1.73205
1 5 2 4 8 13 1.73205
1 5 2 4 8 14 1.73205
1 5 2 4 9 10 1.62019
1 5 2 4 9 11 1.41421
1 5 2 4 9 12 1.62019
1 5 2 4 9 13 1.62019
1 5 2 4 9 14 1.62019
1 5 2 4 10 11 1
1 5 2 4 10 12 1.73205
1 5 2 4 10 13 1.73205
1 5 2 4 10 14 1.73205
1 5 2 4 11 12 1.41421
1 5 2 4 11 13 1.41421
1 5 2 4 11 14 1
1 5 2 4 12 13 1.73205
1 5 2 4 12 14 1.73205
1 5 2 4 13 14 1.73205
1 5 2 6 7 8 1.41421
1 5 2 6 7 9 1.73205
1 5 2 6 7 10 1
1 5 2 6 7 11 1.73205
1 5 2 6 7 12 1.73205
1 5 2 6 7 13 1.73205
1 5 2 6 7 14 1.41421
1 5 2 6 8 9 1.41421
1 5 2 6 8 10 1.41421
1 5 2 6 8 11 1.41421
1 5 2 6 8 12 1.41421
1 5 2 6 8 13 1.41421
1 5 2 6 8 14 1.41421
1 5 2 6 9 10 1.41421
1 5 2 6 9 11 1.73205
1 5 2 6 9 12 1.73205
1 5 2 6 9 13 1.73205
1 5 2 6 9 14 1.41421
1 5 2 6 10 11 1
1 5 2 6 10 12 1.41421
1 5 2 6 10 13 1.41421
1 5 2 6 10 14 1.41421
1 5 2 6 11 12 1.73205
1 5 2 6 11 13 1.73205
1 5 2 6 11 14 1.41421
1 5 2 6 12 13 1.73205
1 5 2 6 12 14 1.41421
1 5 2 6 13 14 1.41421
1 5 2 7 8 9 1.41421
1 5 2 7 8 10 1.62019
1 5 2 7 8 11 1.41421
1 5 2 7 8 12 1.62019
1 5 2 7 8 13 1.62019
1 5 2 7 8 14 1.62019
1 5 2 7 9 10 1.41421
1 5 2 7 9 11 1.73205
1 5 2 7 9 12 1.73205
1 5 2 7 9 13 1.73205
1 5 2 7 9 14 1.41421
1 5 2 7 10 11 1
1 5 2 7 10 12 1.62019
1 5 2 7 10 13 1.62019
1 5 2 7 10 14 1.62019
1 5 2 7 11 12 1.73205
1 5 2 7 11 13 1.73205
1 5 2 7 11 14 1.41421
1 5 2 7 12 13 1.73205
1 5 2 7 12 14 1.62019
1 5 2 7 13 14 1.62019
1 5 2 8 9 10 1.62019
1 5 2 8 9 11 1.41421
1 5 2 8 9 12 1.62019
1 5 2 8 9 13 1.62019
1 5 2 8 9 14 1.62019
1 5 2 8 10 11 1
1 5 2 8 10 12 1.73205
1 5 2 8 10 13 1.73205
1 5 2 8 10 14 1.73205
1 5 2 8 11 12 1.41421
1 5 2 8 11 13 1.41421
1 5 2 8 11 14 1
1 5 2 8 12 13 1.73205
1 5 2 8 12 14 1.73205
1 5 2 8 13 14 1.73205
1 5 2 9 10 11 1
1 5 2 9 10 12 1.62019
1 5 2 9 10 13 1.62019
1 5 2 9 10 14 1.62019
1 5 2 9 11 12 1.73205
1 5 2 9 11 13 1.73205
1 5 2 9 11 14 1.41421
1 5 2 9 12 13 1.73205
1 5 2 9 12 14 1.62019
1 5 2 9 13 14 1.62019
1 5 2 10 11 12 1
1 5 2 10 11 13 1
1 5 2 10 11 14 1
1 5 2 10 12 13 1.73205
1 5 2 10 12 14 1.73205
1 5 2 10 13 14 1.73205
1 5 2 11 12 13 1.73205
1 5 2 11 12 14 1.41421
1 5 2 11 13 14 1.41421
1 5 2 12 13 14 1.73205
1 5 3 4 6 7 1.41421
1 5 3 4 6 8 1
1 5 3 4 6 9 1.41421
1 5 3 4 6 10 1
1 5 3 4 6 11 1.41421
1 5 3 4 6 12 1.41421
1 5 3 4 6 13 1.41421
1 5 3 4 6 14 1
1 5 3 4 7 8 1.41421
1 5 3 4 7 9 1.41421
1 5 3 4 7 10 1.41421
1 5 3 4 7 11 1.41421
1 5 3 4 7 12 1.41421
1 5 3 4 7 13 1.41421
1 5 3 4 7 14 1.41421
1 5 3 4 8 9 1
1 5 3 4 8 10 1.41421
1 5 3 4 8 11 1
1 5 3 4 8 12 1.41421
1 5 3 4 8 13 1.41421
1 5 3 4 8 14 1.41421
1 5 3 4 9 10 1
1 5 3 4 9 11 1.41421
1 5 3 4 9 12 1.41421
1 5 3 4 9 13 1.41421
1 5 3 4 9 14 1
1 5 3 4 10 11 1
1 5 3 4 10 12 1.41421
1 5 3 4 10 13 1.41421
1 5 3 4 10 14 1.41421
1 5 3 4 11 12 1.41421
1 5 3 4 11 13 1.41421
1 5 3 4 11 14 1
1 5 3 4 12 13 1.41421
1 5 3 4 12 14 1.41421
1 5 3 4 13 14 1.41421
1 5 3 6 7 8 1.41421
1 5 3 6 7 9 1.73205
1 5 3 6 7 10 1
1 5 3 6 7 11 1.73205
1 5 3 6 7 12 1.73205
1 5 3 6 7 13 1.73205
1 5 3 6 7 14 1.41421
1 5 3 6 8 9 1.41421
1 5 3 6 8 10 1
1 5 3 6 8 11 1.41421
1 5 3 6 8 12 1.41421
1 5 3 6 8 13 1.41421
1 5 3 6 8 14 1
1 5 3 6 9 10 1
1 5 3 6 9 11 1.73205
1 5 3 6 9 12 1.73205
1 5 3 6 9 13 1.73205
1 5 3 6 9 14 1.41421
1 5 3 6 10 11 1
1 5 3 6 10 12 1
1 5 3 6 10 13 0
1 5 3 6 10 14 1
1 5 3 6 11 12 1.73205
1 5 3 6 11 13 1.73205
1 5 3 6 11 14 1.41421
1 5 3 6 12 13 1.73205
1 5 3 6 12 14 1.41421
1 5 3 6 13 14 1.41421
1 5 3 7 8 9 1.41421
1 5 3 7 8 10 1.41421
1 5 3 7 8 11 1.41421
1 5 3 7 8 12 1.41421
1 5 3 7 8 13 1.41421
1 5 3 7 8 14 1.41421
1 5 3 7 9 10 1
1 5 3 7 9 11 1.73205
1 5 3 7 9 12 1.73205
1 5 3 7 9 13 1.73205
1 5 3 7 9 14 1.41421
1 5 3 7 10 11 1
1 5 3 7 10 12 1.41421
1 5 3 7 10 13 1.41421
1 5 3 7 10 14 1.41421
1 5 3 7 11 12 1.73205
1 5 3 7 11 13 1.73205
1 5 3 7 11 14 1.41421
1 5 3 7 12 13 1.73205
1 5 3 7 12 14 1.41421
1 5 3 7 13 14 1.41421
1 5 3 8 9 10 1
1 5 3 8 9 11 1.41421
1 5 3 8 9 12 1.41421
1 5 3 8 9 13 1.41421
1 5 3 8 9 14 1
1 5 3 8 10 11 1
1 5 3 8 10 12 1.41421
1 5 3 8 10 13 1.41421
1 5 3 8 10 14 1.41421
1 5 3 8 11 12 1.41421
1 5 3 8 11 13 1.41421
1 5 3 8 11 14 1
1 5 3 8 12 13 1.41421
1 5 3 8 12 14 1.41421
1 5 3 8 13 14 1.41421
1 5 3 9 10 11 1
1 5 3 9 10 12 1
1 5 3 9 10 13 1
1 5 3 9 10 14 1
1 5 3 9 11 12 1.73205
1 5 3 9 11 13 1.73205
1 5 3 9 11 14 1.41421
1 5 3 9 12 13 1.73205
1 5 3 9 12 14 1.41421
1 5 3 9 13 14 1.41421
1 5 3 10 11 12 1
1 5 3 10 11 13 1
1 5 3 10 11 14 1
1 5 3 10 12 13 1.41421
1 5 3 10 12 14 1.41421
1 5 3 10 13 14 1.41421
1 5 3 11 12 13 1.73205
1 5 3 11 12 14 1.41421
1 5 3 11 13 14 1.41421
1 5 3 12 13 14 1.41421
1 5 4 6 7 8 1.41421
1 5 4 6 7 9 1.41421
1 5 4 6 7 10 1.41421
1 5 4 6 7 11 1.41421
1 5 4 6 7 12 1.41421
1 5 4 6 7 13 1.41421
1 5 4 6 7 14 1.41421
1 5 4 6 8 9 1.73205
1 5 4 6 8 10 1.73205
1 5 4 6 8 11 1.41421
1 5 4 6 8 12 1.73205
1 5 4 6 8 13 1.73205
1 5 4 6 8 14 1.73205
1 5 4 6 9 10 1.73205
1 5 4 6 9 11 1.41421
1 5 4 6 9 12 1.73205
1 5 4 6 9 13 1.73205
1 5 4 6 9 14 1.73205
1 5 4 6 10 11 1.41421
1 5 4 6 10 12 1.73205
1 5 4 6 10 13 1.73205
1 5 4 6 10 14 1.73205
1 5 4 6 11 12 1.41421
1 5 4 6 11 13 1.41421
1 5 4 6 11 14 1.41421
1 5 4 6 12 13 1.73205
1 5 4 6 12 14 1.73205
1 5 4 6 13 14 1.73205
1 5 4 7 8 9 1.62019
1 5 4 7 8 10 1.73205
1 5 4 7 8 11 1
1 5 4 7 8 12 1.73205
1 5 4 7 8 13 1.73205
1 5 4 7 8 14 1.73205
1 5 4 7 9 10 1.62019
1 5 4 7 9 11 1.41421
1 5 4 7 9 12 1.62019
1 5 4 7 9 13 1.62019
1 5 4 7 9 14 1.62019
1 5 4 7 10 11 1
1 5 4 7 10 12 1.73205
1 5 4 7 10 13 1.73205
1 5 4 7 10 14 1.73205
1 5 4 7 11 12 1.41421
1 5 4 7 11 13 1.41421
1 5 4 7 11 14 1
1 5 4 7 12 13 1.73205
1 5 4 7 12 14 1.73205
1 5 4 7 13 14 1.73205
1 5 4 8 9 10 1.85164
1 5 4 8 9 11 1.41421
1 5 4 8 9 12 1.85164
1 5 4 8 9 13 1.85164
1 5 4 8 9 14 1.85164
1 5 4 8 10 11 1.41421
1 5 4 8 10 12 1.90693
1 5 4 8 10 13 1.90693
1 5 4 8 10 14 1.90693
1 5 4 8 11 12 1.41421
1 5 4 8 11 13 1.41421
1 5 4 8 11 14 1.41421
1 5 4 8 12 13 1.90693
1 5 4 8 12 14 1.90693
1 5 4 8 13 14 1.90693
1 5 4 9 10 11 1.41421
1 5 4 9 10 12 1.85164
1 5 4 9 10 13 1.85164
1 5 4 9 10 14 1.85164
1 5 4 9 11 12 1.41421
1 5 4 9 11 13 1.41421
1 5 4 9 11 14 1.41421
1 5 4 9 12 13 1.85164
1 5 4 9 12 14 1.85164
1 5 4 9 13 14 1.85164
1 5 4 10 11 12 1.41421
1 5 4 10 11 13 1.41421
1 5 4 10 11 14 1.41421
1 5 4 10 12 13 1.90693
1 5 4 10 12 14 1.90693
1 5 4 10 13 14 1.90693
1 5 4 11 12 13 1.41421
1 5 4 11 12 14 1.41421
1 5 4 11 13 14 1.41421
1 5 4 12 13 14 1.90693
1 5 6 7 8 9 1.41421
1 5 6 7 8 10 1.41421
1 5 6 7 8 11 1.41421
1 5 6 7 8 12 1.41421
1 5 6 7 8 13 1.41421
1 5 6 7 8 14 1.41421
1 5 6 7 9 10 1.41421
1 5 6 7 9 11 1.73205
1 5 6 7 9 12 1.73205
1 5 6 7 9 13 1.73205
1 5 6 7 9 14 1.41421
1 5 6 7 10 11 1
1 5 6 7 10 12 1.41421
1 5 6 7 10 13 1.41421
1 5 6 7 10 14 1.41421
1 5 6 7 11 12 1.73205
1 5 6 7 11 13 1.73205
1 5 6 7 11 14 1.41421
1 5 6 7 12 13 1.73205
1 5 6 7 12 14 1.41421
1 5 6 7 13 14 1.41421
1 5 6 8 9 10 1.73205
1 5 6 8 9 11 1.41421
1 5 6 8 9 12 1.73205
1 5 6 8 9 13 1.73205
1 5 6 8 9 14 1.73205
1 5 6 8 10 11 1.41421
1 5 6 8 10 12 1.73205
1 5 6 8 10 13 1.73205
1 5 6 8 10 14 1.73205
1 5 6 8 11 12 1.41421
1 5 6 8 11 13 1.41421
1 5 6 8 11 14 1.41421
1 5 6 8 12 13 1.73205
1 5 6 8 12 14 1.73205
1 5 6 8 13 14 1.73205
1 5 6 9 10 11 1.41421
1 5 6 9 10 12 1.73205
1 5 6 9 10 13 1.73205
1 5 6 9 10 14 1.73205
1 5 6 9 11 12 1.73205
1 5 6 9 11 13 1.73205
1 5 6 9 11 14 1.41421
1 5 6 9 12 13 1.73205
1 5 6 9 12 14 1.73205
1 5 6 9 13 14 1.73205
1 5 6 10 11 12 1.41421
1 5 6 10 11 13 1.41421
1 5 6 10 11 14 1.41421
1 5 6 10 12 13 1.73205
1 5 6 10 12 14 1.73205
1 5 6 10 13 14 1.73205
1 5 6 11 12 13 1.73205
1 5 6 11 12 14 1.41421
1 5 6 11 13 14 1.41421
1 5 6 12 13 14 1.73205
1 5 7 8 9 10 1.62019
1 5 7 8 9 11 1.41421
1 5 7 8 9 12 1.62019
1 5 7 8 9 13 1.62019
1 5 7 8 9 14 1.62019
1 5 7 8 10 11 1
1 5 7 8 10 12 1.73205
1 5 7 8 10 13 1.73205
1 5 7 8 10 14 1.73205
1 5 7 8 11 12 1.41421
1 5 7 8 11 13 1.41421
1 5 7 8 11 14 1
1 5 7 8 12 13 1.73205
1 5 7 8 12 14 1.73205
1 5 7 8 13 14 1.73205
1 5 7 9 10 11 1
1 5 7 9 10 12 1.62019
1 5 7 9 10 13 1.62019
1 5 7 9 10 14 1.62019
1 5 7 9 11 12 1.73205
1 5 7 9 11 13 1.73205
1 5 7 9 11 14 1.41421
1 5 7 9 12 13 1.73205
1 5 7 9 12 14 1.62019
1 5 7 9 13 14 1.62019
1 5 7 10 11 12 1
1 5 7 10 11 13 1
1 5 7 10 11 14 1
1 5 7 10 12 13 1.73205
1 5 7 10 12 14 1.73205
1 5 7 10 13 14 1.73205
1 5 7 11 12 13 1.73205
1 5 7 11 12 14 1.41421
1 5 7 11 13 14 1.41421
1 5 7 12 13 14 1.73205
1 5 8 9 10 11 1.41421
1 5 8 9 10 12 1.85164
1 5 8 9 10 13 1.85164
1 5 8 9 10 14 1.85164
1 5 8 9 11 12 1.41421
1 5 8 9 11 13 1.41421
1 5 8 9 11 14 1.41421
1 5 8 9 12 13 1.85164
1 5 8 9 12 14 1.85164
1 5 8 9 13 14 1.85164
1 5 8 10 11 12 1.41421
1 5 8 10 11 13 1.41421
1 5 8 10 11 14 1.41421
1 5 8 10 12 13 1.90693
1 5 8 10 12 14 1.90693
1 5 8 10 13 14 1.90693
1 5 8 11 12 13 1.41421
1 5 8 11 12 14 1.41421
1 5 8 11 13 14 1.41421
1 5 8 12 13 14 1.90693
1 5 9 10 11 12 1.41421
1 5 9 10 11 13 1.41421
1 5 9 10 11 14 1.41421
1 5 9 10 12 13 1.85164
1 5 9 10 12 14 1.85164
1 5 9 10 13 14 1.85164
1 5 9 11 12 13 1.73205
1 5 9 11 12 14 1.41421
1 5 9 11 13 14 1.41421
1 5 9 12 13 14 1.85164
1 5 10 11 12 13 1.41421
1 5 10 11 12 14 1.41421
1 5 10 11 13 14 1.41421
1 5 10 12 13 14 1.90693
1 5 11 12 13 14 1.41421
