4 7 0 1 2 3 5 6 8 9 10 0
4 7 0 1 2 3 5 6 8 9 11 1
4 7 0 1 2 3 5 6 8 9 12 1
4 7 0 1 2 3 5 6 8 9 13 1
4 7 0 1 2 3 5 6 8 9 14 0
4 7 0 1 2 3 5 6 8 10 11 0
4 7 0 1 2 3 5 6 8 10 12 0
4 7 0 1 2 3 5 6 8 10 13 0
4 7 0 1 2 3 5 6 8 10 14 0
4 7 0 1 2 3 5 6 8 11 12 1
4 7 0 1 2 3 5 6 8 11 13 1
4 7 0 1 2 3 5 6 8 11 14 0
4 7 0 1 2 3 5 6 8 12 13 1
4 7 0 1 2 3 5 6 8 12 14 0
4 7 0 1 2 3 5 6 8 13 14 0
4 7 0 1 2 3 5 6 9 10 11 0
4 7 0 1 2 3 5 6 9 10 12 0
4 7 0 1 2 3 5 6 9 10 13 0
4 7 0 1 2 3 5 6 9 10 14 0
4 7 0 1 2 3 5 6 9 11 12 1.41421
4 7 0 1 2 3 5 6 9 11 13 1.41421
4 7 0 1 2 3 5 6 9 11 14 1
4 7 0 1 2 3 5 6 9 12 13 1.41421
4 7 0 1 2 3 5 6 9 12 14 1
4 7 0 1 2 3 5 6 9 13 14 1
4 7 0 1 2 3 5 6 10 11 12 0
4 7 0 1 2 3 5 6 10 11 13 0
4 7 0 1 2 3 5 6 10 11 14 0
4 7 0 1 2 3 5 6 10 12 13 0
4 7 0 1 2 3 5 6 10 12 14 0
4 7 0 1 2 3 5 6 10 13 14 0
4 7 0 1 2 3 5 6 11 12 13 1.41421
4 7 0 1 2 3 5 6 11 12 14 1
4 7 0 1 2 3 5 6 11 13 14 1
4 7 0 1 2 3 5 6 12 13 14 1
4 7 0 1 2 3 5 8 9 10 11 0
4 7 0 1 2 3 5 8 9 10 12 1
4 7 0 1 2 3 5 8 9 10 13 1
4 7 0 1 2 3 5 8 9 10 14 1
4 7 0 1 2 3 5 8 9 11 12 1
4 7 0 1 2 3 5 8 9 11 13 1
4 7 0 1 2 3 5 8 9 11 14 0
4 7 0 1 2 3 5 8 9 12 13 1
4 7 0 1 2 3 5 8 9 12 14 1
4 7 0 1 2 3 5 8 9 13 14 1
4 7 0 1 2 3 5 8 10 11 12 1
4 7 0 1 2 3 5 8 10 11 13 1
4 7 0 1 2 3 5 8 10 11 14 1
4 7 0 1 2 3 5 8 10 12 13 1.41421
4 7 0 1 2 3 5 8 10 12 14 1.41421
4 7 0 1 2 3 5 8 10 13 14 1.41421
4 7 0 1 2 3 5 8 11 12 13 1
4 7 0 1 2 3 5 8 11 12 14 1
4 7 0 1 2 3 5 8 11 13 14 1
4 7 0 1 2 3 5 8 12 13 14 1.41421
4 7 0 1 2 3 5 9 10 11 12 0
4 7 0 1 2 3 5 9 10 11 13 0
4 7 0 1 2 3 5 9 10 11 14 0
4 7 0 1 2 3 5 9 10 12 13 1
4 7 0 1 2 3 5 9 10 12 14 1
4 7 0 1 2 3 5 9 10 13 14 1
4 7 0 1 2 3 5 9 11 12 13 1.41421
4 7 0 1 2 3 5 9 11 12 14 1
4 7 0 1 2 3 5 9 11 13 14 1
4 7 0 1 2 3 5 9 12 13 14 1
4 7 0 1 2 3 5 10 11 12 13 1
4 7 0 1 2 3 5 10 11 12 14 1
4 7 0 1 2 3 5 10 11 13 14 1
4 7 0 1 2 3 5 10 12 13 14 1.41421
4 7 0 1 2 3 5 11 12 13 14 1
4 7 0 1 2 3 6 8 9 10 11 0
4 7 0 1 2 3 6 8 9 10 12 0
4 7 0 1 2 3 6 8 9 10 13 0
4 7 0 1 2 3 6 8 9 10 14 0
4 7 0 1 2 3 6 8 9 11 12 1
4 7 0 1 2 3 6 8 9 11 13 1
4 7 0 1 2 3 6 8 9 11 14 0
4 7 0 1 2 3 6 8 9 12 13 1
4 7 0 1 2 3 6 8 9 12 14 0
4 7 0 1 2 3 6 8 9 13 14 0
4 7 0 1 2 3 6 8 10 11 12 0
4 7 0 1 2 3 6 8 10 11 13 0
4 7 0 1 2 3 6 8 10 11 14 0
4 7 0 1 2 3 6 8 10 12 13 0
4 7 0 1 2 3 6 8 10 12 14 0
4 7 0 1 2 3 6 8 10 13 14 0
4 7 0 1 2 3 6 8 11 12 13 1
4 7 0 1 2 3 6 8 11 12 14 0
4 7 0 1 2 3 6 8 11 13 14 0
4 7 0 1 2 3 6 8 12 13 14 0
4 7 0 1 2 3 6 9 10 11 12 0
4 7 0 1 2 3 6 9 10 11 13 0
4 7 0 1 2 3 6 9 10 11 14 0
4 7 0 1 2 3 6 9 10 12 13 0
4 7 0 1 2 3 6 9 10 12 14 0
4 7 0 1 2 3 6 9 10 13 14 0
4 7 0 1 2 3 6 9 11 12 13 1.41421
4 7 0 1 2 3 6 9 11 12 14 1
4 7 0 1 2 3 6 9 11 13 14 1
4 7 0 1 2 3 6 9 12 13 14 1
4 7 0 1 2 3 6 10 11 12 13 0
4 7 0 1 2 3 6 10 11 12 14 0
4 7 0 1 2 3 6 10 11 13 14 0
4 7 0 1 2 3 6 10 12 13 14 0
4 7 0 1 2 3 6 11 12 13 14 1
4 7 0 1 2 3 8 9 10 11 12 0
4 7 0 1 2 3 8 9 10 11 13 0
4 7 0 1 2 3 8 9 10 11 14 0
4 7 0 1 2 3 8 9 10 12 13 1
4 7 0 1 2 3 8 9 10 12 14 1
4 7 0 1 2 3 8 9 10 13 14 1
4 7 0 1 2 3 8 9 11 12 13 1
4 7 0 1 2 3 8 9 11 12 14 0
4 7 0 1 2 3 8 9 11 13 14 0
4 7 0 1 2 3 8 9 12 13 14 1
4 7 0 1 2 3 8 10 11 12 13 1
4 7 0 1 2 3 8 10 11 12 14 1
4 7 0 1 2 3 8 10 11 13 14 1
4 7 0 1 2 3 8 10 12 13 14 1.41421
4 7 0 1 2 3 8 11 12 13 14 1
4 7 0 1 2 3 9 10 11 12 13 0
4 7 0 1 2 3 9 10 11 12 14 0
4 7 0 1 2 3 9 10 11 13 14 0
4 7 0 1 2 3 9 10 12 13 14 1
4 7 0 1 2 3 9 11 12 13 14 1
4 7 0 1 2 3 10 11 12 13 14 1
4 7 0 1 2 5 6 8 9 10 11 0
4 7 0 1 2 5 6 8 9 10 12 1
4 7 0 1 2 5 6 8 9 10 13 1
4 7 0 1 2 5 6 8 9 10 14 1
4 7 0 1 2 5 6 8 9 11 12 1
4 7 0 1 2 5 6 8 9 11 13 1
4 7 0 1 2 5 6 8 9 11 14 0
4 7 0 1 2 5 6 8 9 12 13 1
4 7 0 1 2 5 6 8 9 12 14 1
4 7 0 1 2 5 6 8 9 13 14 1
4 7 0 1 2 5 6 8 10 11 12 0
4 7 0 1 2 5 6 8 10 11 13 0
4 7 0 1 2 5 6 8 10 11 14 0
4 7 0 1 2 5 6 8 10 12 13 1
4 7 0 1 2 5 6 8 10 12 14 1
4 7 0 1 2 5 6 8 10 13 14 1
4 7 0 1 2 5 6 8 11 12 13 1
4 7 0 1 2 5 6 8 11 12 14 0
4 7 0 1 2 5 6 8 11 13 14 0
4 7 0 1 2 5 6 8 12 13 14 1
4 7 0 1 2 5 6 9 10 11 12 0
4 7 0 1 2 5 6 9 10 11 13 0
4 7 0 1 2 5 6 9 10 11 14 0
4 7 0 1 2 5 6 9 10 12 13 1
4 7 0 1 2 5 6 9 10 12 14 1
4 7 0 1 2 5 6 9 10 13 14 1
4 7 0 1 2 5 6 9 11 12 13 1.41421
4 7 0 1 2 5 6 9 11 12 14 1
4 7 0 1 2 5 6 9 11 13 14 1
4 7 0 1 2 5 6 9 12 13 14 1
4 7 0 1 2 5 6 10 11 12 13 0
4 7 0 1 2 5 6 10 11 12 14 0
4 7 0 1 2 5 6 10 11 13 14 0
4 7 0 1 2 5 6 10 12 13 14 1
4 7 0 1 2 5 6 11 12 13 14 1
4 7 0 1 2 5 8 9 10 11 12 0
4 7 0 1 2 5 8 9 10 11 13 0
4 7 0 1 2 5 8 9 10 11 14 0
4 7 0 1 2 5 8 9 10 12 13 1.41421
4 7 0 1 2 5 8 9 10 12 14 1.41421
4 7 0 1 2 5 8 9 10 13 14 1.41421
4 7 0 1 2 5 8 9 11 12 13 1
4 7 0 1 2 5 8 9 11 12 14 0
4 7 0 1 2 5 8 9 11 13 14 0
4 7 0 1 2 5 8 9 12 13 14 1.41421
4 7 0 1 2 5 8 10 11 12 13 1
4 7 0 1 2 5 8 10 11 12 14 1
4 7 0 1 2 5 8 10 11 13 14 1
4 7 0 1 2 5 8 10 12 13 14 1.62019
4 7 0 1 2 5 8 11 12 13 14 1
4 7 0 1 2 5 9 10 11 12 13 0
4 7 0 1 2 5 9 10 11 12 14 0
4 7 0 1 2 5 9 10 11 13 14 0
4 7 0 1 2 5 9 10 12 13 14 1.41421
4 7 0 1 2 5 9 11 12 13 14 1
4 7 0 1 2 5 10 11 12 13 14 1
4 7 0 1 2 6 8 9 10 11 12 0
4 7 0 1 2 6 8 9 10 11 13 0
4 7 0 1 2 6 8 9 10 11 14 0
4 7 0 1 2 6 8 9 10 12 13 1
4 7 0 1 2 6 8 9 10 12 14 1
4 7 0 1 2 6 8 9 10 13 14 1
4 7 0 1 2 6 8 9 11 12 13 1
4 7 0 1 2 6 8 9 11 12 14 0
4 7 0 1 2 6 8 9 11 13 14 0
4 7 0 1 2 6 8 9 12 13 14 1
4 7 0 1 2 6 8 10 11 12 13 0
4 7 0 1 2 6 8 10 11 12 14 0
4 7 0 1 2 6 8 10 11 13 14 0
4 7 0 1 2 6 8 10 12 13 14 1
4 7 0 1 2 6 8 11 12 13 14 0
4 7 0 1 2 6 9 10 11 12 13 0
4 7 0 1 2 6 9 10 11 12 14 0
4 7 0 1 2 6 9 10 11 13 14 0
4 7 0 1 2 6 9 10 12 13 14 1
4 7 0 1 2 6 9 11 12 13 14 1
4 7 0 1 2 6 10 11 12 13 14 0
4 7 0 1 2 8 9 10 11 12 13 0
4 7 0 1 2 8 9 10 11 12 14 0
4 7 0 1 2 8 9 10 11 13 14 0
4 7 0 1 2 8 9 10 12 13 14 1.41421
4 7 0 1 2 8 9 11 12 13 14 0
4 7 0 1 2 8 10 11 12 13 14 1
4 7 0 1 2 9 10 11 12 13 14 0
4 7 0 1 3 5 6 8 9 10 11 0
4 7 0 1 3 5 6 8 9 10 12 0
4 7 0 1 3 5 6 8 9 10 13 0
4 7 0 1 3 5 6 8 9 10 14 0
4 7 0 1 3 5 6 8 9 11 12 1
4 7 0 1 3 5 6 8 9 11 13 1
4 7 0 1 3 5 6 8 9 11 14 0
4 7 0 1 3 5 6 8 9 12 13 1
4 7 0 1 3 5 6 8 9 12 14 0
4 7 0 1 3 5 6 8 9 13 14 0
4 7 0 1 3 5 6 8 10 11 12 0
4 7 0 1 3 5 6 8 10 11 13 0
4 7 0 1 3 5 6 8 10 11 14 0
4 7 0 1 3 5 6 8 10 12 13 0
4 7 0 1 3 5 6 8 10 12 14 0
4 7 0 1 3 5 6 8 10 13 14 0
4 7 0 1 3 5 6 8 11 12 13 1
4 7 0 1 3 5 6 8 11 12 14 0
4 7 0 1 3 5 6 8 11 13 14 0
4 7 0 1 3 5 6 8 12 13 14 0
4 7 0 1 3 5 6 9 10 11 12 0
4 7 0 1 3 5 6 9 10 11 13 0
4 7 0 1 3 5 6 9 10 11 14 0
4 7 0 1 3 5 6 9 10 12 13 0
4 7 0 1 3 5 6 9 10 12 14 0
4 7 0 1 3 5 6 9 10 13 14 0
4 7 0 1 3 5 6 9 11 12 13 1.41421
4 7 0 1 3 5 6 9 11 12 14 1
4 7 0 1 3 5 6 9 11 13 14 1
4 7 0 1 3 5 6 9 12 13 14 1
4 7 0 1 3 5 6 10 11 12 13 0
4 7 0 1 3 5 6 10 11 12 14 0
4 7 0 1 3 5 6 10 11 13 14 0
4 7 0 1 3 5 6 10 12 13 14 0
4 7 0 1 3 5 6 11 12 13 14 1
4 7 0 1 3 5 8 9 10 11 12 0
4 7 0 1 3 5 8 9 10 11 13 0
4 7 0 1 3 5 8 9 10 11 14 0
4 7 0 1 3 5 8 9 10 12 13 1
4 7 0 1 3 5 8 9 10 12 14 1
4 7 0 1 3 5 8 9 10 13 14 1
4 7 0 1 3 5 8 9 11 12 13 1
4 7 0 1 3 5 8 9 11 12 14 0
4 7 0 1 3 5 8 9 11 13 14 0
4 7 0 1 3 5 8 9 12 13 14 1
4 7 0 1 3 5 8 10 11 12 13 1
4 7 0 1 3 5 8 10 11 12 14 1
4 7 0 1 3 5 8 10 11 13 14 1
4 7 0 1 3 5 8 10 12 13 14 1.41421
4 7 0 1 3 5 8 11 12 13 14 1
4 7 0 1 3 5 9 10 11 12 13 0
4 7 0 1 3 5 9 10 11 12 14 0
4 7 0 1 3 5 9 10 11 13 14 0
4 7 0 1 3 5 9 10 12 13 14 1
4 7 0 1 3 5 9 11 12 13 14 1
4 7 0 1 3 5 10 11 12 13 14 1
4 7 0 1 3 6 8 9 10 11 12 1
4 7 0 1 3 6 8 9 10 11 13 1
4 7 0 1 3 6 8 9 10 11 14 1
4 7 0 1 3 6 8 9 10 12 13 1
4 7 0 1 3 6 8 9 10 12 14 1
4 7 0 1 3 6 8 9 10 13 14 1
4 7 0 1 3 6 8 9 11 12 13 1
4 7 0 1 3 6 8 9 11 12 14 1
4 7 0 1 3 6 8 9 11 13 14 1
4 7 0 1 3 6 8 9 12 13 14 1
4 7 0 1 3 6 8 10 11 12 13 1
4 7 0 1 3 6 8 10 11 12 14 1
4 7 0 1 3 6 8 10 11 13 14 1
4 7 0 1 3 6 8 10 12 13 14 1
4 7 0 1 3 6 8 11 12 13 14 1
4 7 0 1 3 6 9 10 11 12 13 1
4 7 0 1 3 6 9 10 11 12 14 1
4 7 0 1 3 6 9 10 11 13 14 1
4 7 0 1 3 6 9 10 12 13 14 1
4 7 0 1 3 6 9 11 12 13 14 1
4 7 0 1 3 6 10 11 12 13 14 1
4 7 0 1 3 8 9 10 11 12 13 1
4 7 0 1 3 8 9 10 11 12 14 1
4 7 0 1 3 8 9 10 11 13 14 1
4 7 0 1 3 8 9 10 12 13 14 1
4 7 0 1 3 8 9 11 12 13 14 1
4 7 0 1 3 8 10 11 12 13 14 1
4 7 0 1 3 9 10 11 12 13 14 1
4 7 0 1 5 6 8 9 10 11 12 1
4 7 0 1 5 6 8 9 10 11 13 1
4 7 0 1 5 6 8 9 10 11 14 1
4 7 0 1 5 6 8 9 10 12 13 1.41421
4 7 0 1 5 6 8 9 10 12 14 1.41421
4 7 0 1 5 6 8 9 10 13 14 1.41421
4 7 0 1 5 6 8 9 11 12 13 1
4 7 0 1 5 6 8 9 11 12 14 1
4 7 0 1 5 6 8 9 11 13 14 1
4 7 0 1 5 6 8 9 12 13 14 1.41421
4 7 0 1 5 6 8 10 11 12 13 1
4 7 0 1 5 6 8 10 11 12 14 1
4 7 0 1 5 6 8 10 11 13 14 1
4 7 0 1 5 6 8 10 12 13 14 1.41421
4 7 0 1 5 6 8 11 12 13 14 1
4 7 0 1 5 6 9 10 11 12 13 1
4 7 0 1 5 6 9 10 11 12 14 1
4 7 0 1 5 6 9 10 11 13 14 1
4 7 0 1 5 6 9 10 12 13 14 1.41421
4 7 0 1 5 6 9 11 12 13 14 1
4 7 0 1 5 6 10 11 12 13 14 1
4 7 0 1 5 8 9 10 11 12 13 1
4 7 0 1 5 8 9 10 11 12 14 1
4 7 0 1 5 8 9 10 11 13 14 1
4 7 0 1 5 8 9 10 12 13 14 1.62019
4 7 0 1 5 8 9 11 12 13 14 1
4 7 0 1 5 8 10 11 12 13 14 1
4 7 0 1 5 9 10 11 12 13 14 1
4 7 0 1 6 8 9 10 11 12 13 1.41421
4 7 0 1 6 8 9 10 11 12 14 1.41421
4 7 0 1 6 8 9 10 11 13 14 1.41421
4 7 0 1 6 8 9 10 12 13 14 1.62019
4 7 0 1 6 8 9 11 12 13 14 1.41421
4 7 0 1 6 8 10 11 12 13 14 1.41421
4 7 0 1 6 9 10 11 12 13 14 1.41421
4 7 0 1 8 9 10 11 12 13 14 1.41421
4 7 0 2 3 5 6 8 9 10 11 1.41421
4 7 0 2 3 5 6 8 9 10 12 1
4 7 0 2 3 5 6 8 9 10 13 1
4 7 0 2 3 5 6 8 9 10 14 1.41421
4 7 0 2 3 5 6 8 9 11 12 1
4 7 0 2 3 5 6 8 9 11 13 1
4 7 0 2 3 5 6 8 9 11 14 1.41421
4 7 0 2 3 5 6 8 9 12 13 1
4 7 0 2 3 5 6 8 9 12 14 1
4 7 0 2 3 5 6 8 9 13 14 1
4 7 0 2 3 5 6 8 10 11 12 1
4 7 0 2 3 5 6 8 10 11 13 1
4 7 0 2 3 5 6 8 10 11 14 1.41421
4 7 0 2 3 5 6 8 10 12 13 0
4 7 0 2 3 5 6 8 10 12 14 1
4 7 0 2 3 5 6 8 10 13 14 1
4 7 0 2 3 5 6 8 11 12 13 1
4 7 0 2 3 5 6 8 11 12 14 1
4 7 0 2 3 5 6 8 11 13 14 1
4 7 0 2 3 5 6 8 12 13 14 0
4 7 0 2 3 5 6 9 10 11 12 1.41421
4 7 0 2 3 5 6 9 10 11 13 1.41421
4 7 0 2 3 5 6 9 10 11 14 1.73205
4 7 0 2 3 5 6 9 10 12 13 1
4 7 0 2 3 5 6 9 10 12 14 1.41421
4 7 0 2 3 5 6 9 10 13 14 1.41421
4 7 0 2 3 5 6 9 11 12 13 1.62019
4 7 0 2 3 5 6 9 11 12 14 1.62019
4 7 0 2 3 5 6 9 11 13 14 1.62019
4 7 0 2 3 5 6 9 12 13 14 1.41421
4 7 0 2 3 5 6 10 11 12 13 1
4 7 0 2 3 5 6 10 11 12 14 1.41421
4 7 0 2 3 5 6 10 11 13 14 1.41421
4 7 0 2 3 5 6 10 12 13 14 1
4 7 0 2 3 5 6 11 12 13 14 1.41421
4 7 0 2 3 5 8 9 10 11 12 1
4 7 0 2 3 5 8 9 10 11 13 1
4 7 0 2 3 5 8 9 10 11 14 1.41421
4 7 0 2 3 5 8 9 10 12 13 1
4 7 0 2 3 5 8 9 10 12 14 1
4 7 0 2 3 5 8 9 10 13 14 1
4 7 0 2 3 5 8 9 11 12 13 1
4 7 0 2 3 5 8 9 11 12 14 1
4 7 0 2 3 5 8 9 11 13 14 1
4 7 0 2 3 5 8 9 12 13 14 1
4 7 0 2 3 5 8 10 11 12 13 1
4 7 0 2 3 5 8 10 11 12 14 1
4 7 0 2 3 5 8 10 11 13 14 1
4 7 0 2 3 5 8 10 12 13 14 1.41421
4 7 0 2 3 5 8 11 12 13 14 1
4 7 0 2 3 5 9 10 11 12 13 1
4 7 0 2 3 5 9 10 11 12 14 1.41421
4 7 0 2 3 5 9 10 11 13 14 1.41421
4 7 0 2 3 5 9 10 12 13 14 1
4 7 0 2 3 5 9 11 12 13 14 1.41421
4 7 0 2 3 5 10 11 12 13 14 1
4 7 0 2 3 6 8 9 10 11 12 1
4 7 0 2 3 6 8 9 10 11 13 1
4 7 0 2 3 6 8 9 10 11 14 1.41421
4 7 0 2 3 6 8 9 10 12 13 0
4 7 0 2 3 6 8 9 10 12 14 1
4 7 0 2 3 6 8 9 10 13 14 1
4 7 0 2 3 6 8 9 11 12 13 1
4 7 0 2 3 6 8 9 11 12 14 1
4 7 0 2 3 6 8 9 11 13 14 1
4 7 0 2 3 6 8 9 12 13 14 0
4 7 0 2 3 6 8 10 11 12 13 0
4 7 0 2 3 6 8 10 11 12 14 1
4 7 0 2 3 6 8 10 11 13 14 1
4 7 0 2 3 6 8 10 12 13 14 0
4 7 0 2 3 6 8 11 12 13 14 0
4 7 0 2 3 6 9 10 11 12 13 1
4 7 0 2 3 6 9 10 11 12 14 1.41421
4 7 0 2 3 6 9 10 11 13 14 1.41421
4 7 0 2 3 6 9 10 12 13 14 1
4 7 0 2 3 6 9 11 12 13 14 1.41421
4 7 0 2 3 6 10 11 12 13 14 1
4 7 0 2 3 8 9 10 11 12 13 0
4 7 0 2 3 8 9 10 11 12 14 1
4 7 0 2 3 8 9 10 11 13 14 1
4 7 0 2 3 8 9 10 12 13 14 1
4 7 0 2 3 8 9 11 12 13 14 0
4 7 0 2 3 8 10 11 12 13 14 1
4 7 0 2 3 9 10 11 12 13 14 1
4 7 0 2 5 6 8 9 10 11 12 1
4 7 0 2 5 6 8 9 10 11 13 1
4 7 0 2 5 6 8 9 10 11 14 1.41421
4 7 0 2 5 6 8 9 10 12 13 1
4 7 0 2 5 6 8 9 10 12 14 1
4 7 0 2 5 6 8 9 10 13 14 1
4 7 0 2 5 6 8 9 11 12 13 1
4 7 0 2 5 6 8 9 11 12 14 1
4 7 0 2 5 6 8 9 11 13 14 1
4 7 0 2 5 6 8 9 12 13 14 1
4 7 0 2 5 6 8 10 11 12 13 0
4 7 0 2 5 6 8 10 11 12 14 1
4 7 0 2 5 6 8 10 11 13 14 1
4 7 0 2 5 6 8 10 12 13 14 1
4 7 0 2 5 6 8 11 12 13 14 0
4 7 0 2 5 6 9 10 11 12 13 1
4 7 0 2 5 6 9 10 11 12 14 1.41421
4 7 0 2 5 6 9 10 11 13 14 1.41421
4 7 0 2 5 6 9 10 12 13 14 1
4 7 0 2 5 6 9 11 12 13 14 1.41421
4 7 0 2 5 6 10 11 12 13 14 1
4 7 0 2 5 8 9 10 11 12 13 0
4 7 0 2 5 8 9 10 11 12 14 1
4 7 0 2 5 8 9 10 11 13 14 1
4 7 0 2 5 8 9 10 12 13 14 1.41421
4 7 0 2 5 8 9 11 12 13 14 0
4 7 0 2 5 8 10 11 12 13 14 1
4 7 0 2 5 9 10 11 12 13 14 1
4 7 0 2 6 8 9 10 11 12 13 0
4 7 0 2 6 8 9 10 11 12 14 1
4 7 0 2 6 8 9 10 11 13 14 1
4 7 0 2 6 8 9 10 12 13 14 1
4 7 0 2 6 8 9 11 12 13 14 0
4 7 0 2 6 8 10 11 12 13 14 0
4 7 0 2 6 9 10 11 12 13 14 1
4 7 0 2 8 9 10 11 12 13 14 0
4 7 0 3 5 6 8 9 10 11 12 1.41421
4 7 0 3 5 6 8 9 10 11 13 1.41421
4 7 0 3 5 6 8 9 10 11 14 1.73205
4 7 0 3 5 6 8 9 10 12 13 1
4 7 0 3 5 6 8 9 10 12 14 1.41421
4 7 0 3 5 6 8 9 10 13 14 1.41421
4 7 0 3 5 6 8 9 11 12 13 1
4 7 0 3 5 6 8 9 11 12 14 1.41421
4 7 0 3 5 6 8 9 11 13 14 1.41421
4 7 0 3 5 6 8 9 12 13 14 1
4 7 0 3 5 6 8 10 11 12 13 1
4 7 0 3 5 6 8 10 11 12 14 1.41421
4 7 0 3 5 6 8 10 11 13 14 1.41421
4 7 0 3 5 6 8 10 12 13 14 1
4 7 0 3 5 6 8 11 12 13 14 1
4 7 0 3 5 6 9 10 11 12 13 1.41421
4 7 0 3 5 6 9 10 11 12 14 1.73205
4 7 0 3 5 6 9 10 11 13 14 1.73205
4 7 0 3 5 6 9 10 12 13 14 1.41421
4 7 0 3 5 6 9 11 12 13 14 1.62019
4 7 0 3 5 6 10 11 12 13 14 1.41421
4 7 0 3 5 8 9 10 11 12 13 1
4 7 0 3 5 8 9 10 11 12 14 1.41421
4 7 0 3 5 8 9 10 11 13 14 1.41421
4 7 0 3 5 8 9 10 12 13 14 1
4 7 0 3 5 8 9 11 12 13 14 1
4 7 0 3 5 8 10 11 12 13 14 1
4 7 0 3 5 9 10 11 12 13 14 1.41421
4 7 0 3 6 8 9 10 11 12 13 1.41421
4 7 0 3 6 8 9 10 11 12 14 1.62019
4 7 0 3 6 8 9 10 11 13 14 1.62019
4 7 0 3 6 8 9 10 12 13 14 1.41421
4 7 0 3 6 8 9 11 12 13 14 1.41421
4 7 0 3 6 8 10 11 12 13 14 1.41421
4 7 0 3 6 9 10 11 12 13 14 1.62019
4 7 0 3 8 9 10 11 12 13 14 1.41421
4 7 0 5 6 8 9 10 11 12 13 1.41421
4 7 0 5 6 8 9 10 11 12 14 1.62019
4 7 0 5 6 8 9 10 11 13 14 1.62019
4 7 0 5 6 8 9 10 12 13 14 1.62019
4 7 0 5 6 8 9 11 12 13 14 1.41421
4 7 0 5 6 8 10 11 12 13 14 1.41421
4 7 0 5 6 9 10 11 12 13 14 1.62019
4 7 0 5 8 9 10 11 12 13 14 1.41421
4 7 0 6 8 9 10 11 12 13 14 1.73205
4 7 1 2 3 5 6 8 9 10 11 1
4 7 1 2 3 5 6 8 9 10 12 1
4 7 1 2 3 5 6 8 9 10 13 0
4 7 1 2 3 5 6 8 9 10 14 1
4 7 1 2 3 5 6 8 9 11 12 1
4 7 1 2 3 5 6 8 9 11 13 1
4 7 1 2 3 5 6 8 9 11 14 1
4 7 1 2 3 5 6 8 9 12 13 1
4 7 1 2 3 5 6 8 9 12 14 1
4 7 1 2 3 5 6 8 9 13 14 0
4 7 1 2 3 5 6 8 10 11 12 1
4 7 1 2 3 5 6 8 10 11 13 0
4 7 1 2 3 5 6 8 10 11 14 1
4 7 1 2 3 5 6 8 10 12 13 0
4 7 1 2 3 5 6 8 10 12 14 1
4 7 1 2 3 5 6 8 10 13 14 0
4 7 1 2 3 5 6 8 11 12 13 1
4 7 1 2 3 5 6 8 11 12 14 1
4 7 1 2 3 5 6 8 11 13 14 0
4 7 1 2 3 5 6 8 12 13 14 0
4 7 1 2 3 5 6 9 10 11 12 1
4 7 1 2 3 5 6 9 10 11 13 0
4 7 1 2 3 5 6 9 10 11 14 1
4 7 1 2 3 5 6 9 10 12 13 0
4 7 1 2 3 5 6 9 10 12 14 1
4 7 1 2 3 5 6 9 10 13 14 0
4 7 1 2 3 5 6 9 11 12 13 1.41421
4 7 1 2 3 5 6 9 11 12 14 1
4 7 1 2 3 5 6 9 11 13 14 1
4 7 1 2 3 5 6 9 12 13 14 1
4 7 1 2 3 5 6 10 11 12 13 0
4 7 1 2 3 5 6 10 11 12 14 1
4 7 1 2 3 5 6 10 11 13 14 0
4 7 1 2 3 5 6 10 12 13 14 0
4 7 1 2 3 5 6 11 12 13 14 1
4 7 1 2 3 5 8 9 10 11 12 1
4 7 1 2 3 5 8 9 10 11 13 0
4 7 1 2 3 5 8 9 10 11 14 1
4 7 1 2 3 5 8 9 10 12 13 1
4 7 1 2 3 5 8 9 10 12 14 1
4 7 1 2 3 5 8 9 10 13 14 1
4 7 1 2 3 5 8 9 11 12 13 1
4 7 1 2 3 5 8 9 11 12 14 1
4 7 1 2 3 5 8 9 11 13 14 0
4 7 1 2 3 5 8 9 12 13 14 1
4 7 1 2 3 5 8 10 11 12 13 1
4 7 1 2 3 5 8 10 11 12 14 1
4 7 1 2 3 5 8 10 11 13 14 1
4 7 1 2 3 5 8 10 12 13 14 1.41421
4 7 1 2 3 5 8 11 12 13 14 1
4 7 1 2 3 5 9 10 11 12 13 0
4 7 1 2 3 5 9 10 11 12 14 1
4 7 1 2 3 5 9 10 11 13 14 0
4 7 1 2 3 5 9 10 12 13 14 1
4 7 1 2 3 5 9 11 12 13 14 1
4 7 1 2 3 5 10 11 12 13 14 1
4 7 1 2 3 6 8 9 10 11 12 1
4 7 1 2 3 6 8 9 10 11 13 0
4 7 1 2 3 6 8 9 10 11 14 1
4 7 1 2 3 6 8 9 10 12 13 0
4 7 1 2 3 6 8 9 10 12 14 1
4 7 1 2 3 6 8 9 10 13 14 0
4 7 1 2 3 6 8 9 11 12 13 1
4 7 1 2 3 6 8 9 11 12 14 1
4 7 1 2 3 6 8 9 11 13 14 0
4 7 1 2 3 6 8 9 12 13 14 0
4 7 1 2 3 6 8 10 11 12 13 0
4 7 1 2 3 6 8 10 11 12 14 1
4 7 1 2 3 6 8 10 11 13 14 0
4 7 1 2 3 6 8 10 12 13 14 0
4 7 1 2 3 6 8 11 12 13 14 0
4 7 1 2 3 6 9 10 11 12 13 0
4 7 1 2 3 6 9 10 11 12 14 1
4 7 1 2 3 6 9 10 11 13 14 0
4 7 1 2 3 6 9 10 12 13 14 0
4 7 1 2 3 6 9 11 12 13 14 1
4 7 1 2 3 6 10 11 12 13 14 0
4 7 1 2 3 8 9 10 11 12 13 0
4 7 1 2 3 8 9 10 11 12 14 1
4 7 1 2 3 8 9 10 11 13 14 0
4 7 1 2 3 8 9 10 12 13 14 1
4 7 1 2 3 8 9 11 12 13 14 0
4 7 1 2 3 8 10 11 12 13 14 1
4 7 1 2 3 9 10 11 12 13 14 0
4 7 1 2 5 6 8 9 10 11 12 1
4 7 1 2 5 6 8 9 10 11 13 0
4 7 1 2 5 6 8 9 10 11 14 1
4 7 1 2 5 6 8 9 10 12 13 1
4 7 1 2 5 6 8 9 10 12 14 1
4 7 1 2 5 6 8 9 10 13 14 1
4 7 1 2 5 6 8 9 11 12 13 1
4 7 1 2 5 6 8 9 11 12 14 1
4 7 1 2 5 6 8 9 11 13 14 0
4 7 1 2 5 6 8 9 12 13 14 1
4 7 1 2 5 6 8 10 11 12 13 0
4 7 1 2 5 6 8 10 11 12 14 1
4 7 1 2 5 6 8 10 11 13 14 0
4 7 1 2 5 6 8 10 12 13 14 1
4 7 1 2 5 6 8 11 12 13 14 0
4 7 1 2 5 6 9 10 11 12 13 0
4 7 1 2 5 6 9 10 11 12 14 1
4 7 1 2 5 6 9 10 11 13 14 0
4 7 1 2 5 6 9 10 12 13 14 1
4 7 1 2 5 6 9 11 12 13 14 1
4 7 1 2 5 6 10 11 12 13 14 0
4 7 1 2 5 8 9 10 11 12 13 0
4 7 1 2 5 8 9 10 11 12 14 1
4 7 1 2 5 8 9 10 11 13 14 0
4 7 1 2 5 8 9 10 12 13 14 1.41421
4 7 1 2 5 8 9 11 12 13 14 0
4 7 1 2 5 8 10 11 12 13 14 1
4 7 1 2 5 9 10 11 12 13 14 0
4 7 1 2 6 8 9 10 11 12 13 0
4 7 1 2 6 8 9 10 11 12 14 1
4 7 1 2 6 8 9 10 11 13 14 0
4 7 1 2 6 8 9 10 12 13 14 1
4 7 1 2 6 8 9 11 12 13 14 0
4 7 1 2 6 8 10 11 12 13 14 0
4 7 1 2 6 9 10 11 12 13 14 0
4 7 1 2 8 9 10 11 12 13 14 0
4 7 1 3 5 6 8 9 10 11 12 1
4 7 1 3 5 6 8 9 10 11 13 0
4 7 1 3 5 6 8 9 10 11 14 1
4 7 1 3 5 6 8 9 10 12 13 0
4 7 1 3 5 6 8 9 10 12 14 1
4 7 1 3 5 6 8 9 10 13 14 0
4 7 1 3 5 6 8 9 11 12 13 1
4 7 1 3 5 6 8 9 11 12 14 1
4 7 1 3 5 6 8 9 11 13 14 0
4 7 1 3 5 6 8 9 12 13 14 0
4 7 1 3 5 6 8 10 11 12 13 0
4 7 1 3 5 6 8 10 11 12 14 1
4 7 1 3 5 6 8 10 11 13 14 0
4 7 1 3 5 6 8 10 12 13 14 0
4 7 1 3 5 6 8 11 12 13 14 0
4 7 1 3 5 6 9 10 11 12 13 0
4 7 1 3 5 6 9 10 11 12 14 1
4 7 1 3 5 6 9 10 11 13 14 0
4 7 1 3 5 6 9 10 12 13 14 0
4 7 1 3 5 6 9 11 12 13 14 1
4 7 1 3 5 6 10 11 12 13 14 0
4 7 1 3 5 8 9 10 11 12 13 0
4 7 1 3 5 8 9 10 11 12 14 1
4 7 1 3 5 8 9 10 11 13 14 0
4 7 1 3 5 8 9 10 12 13 14 1
4 7 1 3 5 8 9 11 12 13 14 0
4 7 1 3 5 8 10 11 12 13 14 1
4 7 1 3 5 9 10 11 12 13 14 0
4 7 1 3 6 8 9 10 11 12 13 1
4 7 1 3 6 8 9 10 11 12 14 1
4 7 1 3 6 8 9 10 11 13 14 1
4 7 1 3 6 8 9 10 12 13 14 1
4 7 1 3 6 8 9 11 12 13 14 1
4 7 1 3 6 8 10 11 12 13 14 1
4 7 1 3 6 9 10 11 12 13 14 1
4 7 1 3 8 9 10 11 12 13 14 1
4 7 1 5 6 8 9 10 11 12 13 1
4 7 1 5 6 8 9 10 11 12 14 1
4 7 1 5 6 8 9 10 11 13 14 1
4 7 1 5 6 8 9 10 12 13 14 1.41421
4 7 1 5 6 8 9 11 12 13 14 1
4 7 1 5 6 8 10 11 12 13 14 1
4 7 1 5 6 9 10 11 12 13 14 1
4 7 1 5 8 9 10 11 12 13 14 1
4 7 1 6 8 9 10 11 12 13 14 1.41421
4 7 2 3 5 6 8 9 10 11 12 1.41421
4 7 2 3 5 6 8 9 10 11 13 1
4 7 2 3 5 6 8 9 10 11 14 1.62019
4 7 2 3 5 6 8 9 10 12 13 0
4 7 2 3 5 6 8 9 10 12 14 1.41421
4 7 2 3 5 6 8 9 10 13 14 1
4 7 2 3 5 6 8 9 11 12 13 1
4 7 2 3 5 6 8 9 11 12 14 1.41421
4 7 2 3 5 6 8 9 11 13 14 1
4 7 2 3 5 6 8 9 12 13 14 0
4 7 2 3 5 6 8 10 11 12 13 0
4 7 2 3 5 6 8 10 11 12 14 1.41421
4 7 2 3 5 6 8 10 11 13 14 1
4 7 2 3 5 6 8 10 12 13 14 0
4 7 2 3 5 6 8 11 12 13 14 0
4 7 2 3 5 6 9 10 11 12 13 1
4 7 2 3 5 6 9 10 11 12 14 1.62019
4 7 2 3 5 6 9 10 11 13 14 1.41421
4 7 2 3 5 6 9 10 12 13 14 1
4 7 2 3 5 6 9 11 12 13 14 1.41421
4 7 2 3 5 6 10 11 12 13 14 1
4 7 2 3 5 8 9 10 11 12 13 0
4 7 2 3 5 8 9 10 11 12 14 1.41421
4 7 2 3 5 8 9 10 11 13 14 1
4 7 2 3 5 8 9 10 12 13 14 1
4 7 2 3 5 8 9 11 12 13 14 0
4 7 2 3 5 8 10 11 12 13 14 1
4 7 2 3 5 9 10 11 12 13 14 1
4 7 2 3 6 8 9 10 11 12 13 0
4 7 2 3 6 8 9 10 11 12 14 1.41421
4 7 2 3 6 8 9 10 11 13 14 1
4 7 2 3 6 8 9 10 12 13 14 0
4 7 2 3 6 8 9 11 12 13 14 0
4 7 2 3 6 8 10 11 12 13 14 0
4 7 2 3 6 9 10 11 12 13 14 1
4 7 2 3 8 9 10 11 12 13 14 0
4 7 2 5 6 8 9 10 11 12 13 0
4 7 2 5 6 8 9 10 11 12 14 1.41421
4 7 2 5 6 8 9 10 11 13 14 1
4 7 2 5 6 8 9 10 12 13 14 1
4 7 2 5 6 8 9 11 12 13 14 0
4 7 2 5 6 8 10 11 12 13 14 0
4 7 2 5 6 9 10 11 12 13 14 1
4 7 2 5 8 9 10 11 12 13 14 0
4 7 2 6 8 9 10 11 12 13 14 0
4 7 3 5 6 8 9 10 11 12 13 1
4 7 3 5 6 8 9 10 11 12 14 1.62019
4 7 3 5 6 8 9 10 11 13 14 1.41421
4 7 3 5 6 8 9 10 12 13 14 1
4 7 3 5 6 8 9 11 12 13 14 1
4 7 3 5 6 8 10 11 12 13 14 1
4 7 3 5 6 9 10 11 12 13 14 1.41421
4 7 3 5 8 9 10 11 12 13 14 1
4 7 3 6 8 9 10 11 12 13 14 1.41421
4 7 5 6 8 9 10 11 12 13 14 1.41421
