0 2 1 3 1.90693
0 2 1 4 1.81265
0 2 1 5 1.73205
0 2 1 6 1.96214
0 2 1 7 1.85164
0 2 1 8 2
0 2 1 9 1.96769
0 2 1 10 2
0 2 1 11 1.93309
0 2 1 12 1.97531
0 2 1 13 1.97531
0 2 1 14 2
0 2 3 4 2.16556
0 2 3 5 2.15297
0 2 3 6 2.27913
0 2 3 7 2.04939
0 2 3 8 1.96214
0 2 3 9 2.27913
0 2 3 10 2.10357
0 2 3 11 2.27913
0 2 3 12 2.16025
0 2 3 13 2.16025
0 2 3 14 2.24038
0 2 4 5 2.22159
0 2 4 6 2.27689
0 2 4 7 1.90693
0 2 4 8 2.09069
0 2 4 9 2.27907
0 2 4 10 2.22892
0 2 4 11 2.23846
0 2 4 12 2.14542
0 2 4 13 2.14542
0 2 4 14 2.27395
0 2 5 6 2.21303
0 2 5 7 2
0 2 5 8 1.96214
0 2 5 9 2.21986
0 2 5 10 2.12993
0 2 5 11 2.19034
0 2 5 12 2.08484
0 2 5 13 2.08484
0 2 5 14 2.22159
0 2 6 7 2.04939
0 2 6 8 2.1391
0 2 6 9 2.39792
0 2 6 10 2.23607
0 2 6 11 2.35855
0 2 6 12 2.27798
0 2 6 13 2.27798
0 2 6 14 2.34521
0 2 7 8 1.62019
0 2 7 9 2.04939
0 2 7 10 1.73205
0 2 7 11 2.04939
0 2 7 12 2
0 2 7 13 2
0 2 7 14 1.93309
0 2 8 9 2.1557
0 2 8 10 2.1391
0 2 8 11 2.09069
0 2 8 12 2.16025
0 2 8 13 2.16025
0 2 8 14 2.1557
0 2 9 10 2.24695
0 2 9 11 2.35855
0 2 9 12 2.28841
0 2 9 13 2.28841
0 2 9 14 2.34284
0 2 10 11 2.21037
0 2 10 12 2.1391
0 2 10 13 2.1391
0 2 10 14 2.25726
0 2 11 12 2.2563
0 2 11 13 2.2563
0 2 11 14 2.31349
0 2 12 13 2.20678
0 2 12 14 2.24812
0 2 13 14 2.24812
