5 14 0 1 2 3 4 6 7 8 9 10 0
5 14 0 1 2 3 4 6 7 8 9 11 0
5 14 0 1 2 3 4 6 7 8 9 12 0
5 14 0 1 2 3 4 6 7 8 9 13 0
5 14 0 1 2 3 4 6 7 8 10 11 0
5 14 0 1 2 3 4 6 7 8 10 12 0
5 14 0 1 2 3 4 6 7 8 10 13 0
5 14 0 1 2 3 4 6 7 8 11 12 0
5 14 0 1 2 3 4 6 7 8 11 13 0
5 14 0 1 2 3 4 6 7 8 12 13 0
5 14 0 1 2 3 4 6 7 9 10 11 0
5 14 0 1 2 3 4 6 7 9 10 12 0
5 14 0 1 2 3 4 6 7 9 10 13 0
5 14 0 1 2 3 4 6 7 9 11 12 1
5 14 0 1 2 3 4 6 7 9 11 13 1
5 14 0 1 2 3 4 6 7 9 12 13 1
5 14 0 1 2 3 4 6 7 10 11 12 0
5 14 0 1 2 3 4 6 7 10 11 13 0
5 14 0 1 2 3 4 6 7 10 12 13 0
5 14 0 1 2 3 4 6 7 11 12 13 1
5 14 0 1 2 3 4 6 8 9 10 11 0
5 14 0 1 2 3 4 6 8 9 10 12 0
5 14 0 1 2 3 4 6 8 9 10 13 0
5 14 0 1 2 3 4 6 8 9 11 12 0
5 14 0 1 2 3 4 6 8 9 11 13 0
5 14 0 1 2 3 4 6 8 9 12 13 0
5 14 0 1 2 3 4 6 8 10 11 12 0
5 14 0 1 2 3 4 6 8 10 11 13 0
5 14 0 1 2 3 4 6 8 10 12 13 0
5 14 0 1 2 3 4 6 8 11 12 13 0
5 14 0 1 2 3 4 6 9 10 11 12 0
5 14 0 1 2 3 4 6 9 10 11 13 0
5 14 0 1 2 3 4 6 9 10 12 13 0
5 14 0 1 2 3 4 6 9 11 12 13 1
5 14 0 1 2 3 4 6 10 11 12 13 0
5 14 0 1 2 3 4 7 8 9 10 11 0
5 14 0 1 2 3 4 7 8 9 10 12 1
5 14 0 1 2 3 4 7 8 9 10 13 1
5 14 0 1 2 3 4 7 8 9 11 12 0
5 14 0 1 2 3 4 7 8 9 11 13 0
5 14 0 1 2 3 4 7 8 9 12 13 1
5 14 0 1 2 3 4 7 8 10 11 12 1
5 14 0 1 2 3 4 7 8 10 11 13 1
5 14 0 1 2 3 4 7 8 10 12 13 1.41421
5 14 0 1 2 3 4 7 8 11 12 13 1
5 14 0 1 2 3 4 7 9 10 11 12 0
5 14 0 1 2 3 4 7 9 10 11 13 0
5 14 0 1 2 3 4 7 9 10 12 13 1
5 14 0 1 2 3 4 7 9 11 12 13 1
5 14 0 1 2 3 4 7 10 11 12 13 1
5 14 0 1 2 3 4 8 9 10 11 12 0
5 14 0 1 2 3 4 8 9 10 11 13 0
5 14 0 1 2 3 4 8 9 10 12 13 1
5 14 0 1 2 3 4 8 9 11 12 13 0
5 14 0 1 2 3 4 8 10 11 12 13 1
5 14 0 1 2 3 4 9 10 11 12 13 0
5 14 0 1 2 3 6 7 8 9 10 11 0
5 14 0 1 2 3 6 7 8 9 10 12 0
5 14 0 1 2 3 6 7 8 9 10 13 0
5 14 0 1 2 3 6 7 8 9 11 12 1
5 14 0 1 2 3 6 7 8 9 11 13 1
5 14 0 1 2 3 6 7 8 9 12 13 1
5 14 0 1 2 3 6 7 8 10 11 12 0
5 14 0 1 2 3 6 7 8 10 11 13 0
5 14 0 1 2 3 6 7 8 10 12 13 0
5 14 0 1 2 3 6 7 8 11 12 13 1
5 14 0 1 2 3 6 7 9 10 11 12 0
5 14 0 1 2 3 6 7 9 10 11 13 0
5 14 0 1 2 3 6 7 9 10 12 13 0
5 14 0 1 2 3 6 7 9 11 12 13 1.41421
5 14 0 1 2 3 6 7 10 11 12 13 0
5 14 0 1 2 3 6 8 9 10 11 12 0
5 14 0 1 2 3 6 8 9 10 11 13 0
5 14 0 1 2 3 6 8 9 10 12 13 0
5 14 0 1 2 3 6 8 9 11 12 13 1
5 14 0 1 2 3 6 8 10 11 12 13 0
5 14 0 1 2 3 6 9 10 11 12 13 0
5 14 0 1 2 3 7 8 9 10 11 12 0
5 14 0 1 2 3 7 8 9 10 11 13 0
5 14 0 1 2 3 7 8 9 10 12 13 1
5 14 0 1 2 3 7 8 9 11 12 13 1
5 14 0 1 2 3 7 8 10 11 12 13 1
5 14 0 1 2 3 7 9 10 11 12 13 0
5 14 0 1 2 3 8 9 10 11 12 13 0
5 14 0 1 2 4 6 7 8 9 10 11 0
5 14 0 1 2 4 6 7 8 9 10 12 1
5 14 0 1 2 4 6 7 8 9 10 13 1
5 14 0 1 2 4 6 7 8 9 11 12 0
5 14 0 1 2 4 6 7 8 9 11 13 0
5 14 0 1 2 4 6 7 8 9 12 13 1
5 14 0 1 2 4 6 7 8 10 11 12 0
5 14 0 1 2 4 6 7 8 10 11 13 0
5 14 0 1 2 4 6 7 8 10 12 13 1
5 14 0 1 2 4 6 7 8 11 12 13 0
5 14 0 1 2 4 6 7 9 10 11 12 0
5 14 0 1 2 4 6 7 9 10 11 13 0
5 14 0 1 2 4 6 7 9 10 12 13 1
5 14 0 1 2 4 6 7 9 11 12 13 1
5 14 0 1 2 4 6 7 10 11 12 13 0
5 14 0 1 2 4 6 8 9 10 11 12 1
5 14 0 1 2 4 6 8 9 10 11 13 1
5 14 0 1 2 4 6 8 9 10 12 13 1.41421
5 14 0 1 2 4 6 8 9 11 12 13 1
5 14 0 1 2 4 6 8 10 11 12 13 1
5 14 0 1 2 4 6 9 10 11 12 13 1
5 14 0 1 2 4 7 8 9 10 11 12 0
5 14 0 1 2 4 7 8 9 10 11 13 0
5 14 0 1 2 4 7 8 9 10 12 13 1.41421
5 14 0 1 2 4 7 8 9 11 12 13 0
5 14 0 1 2 4 7 8 10 11 12 13 1
5 14 0 1 2 4 7 9 10 11 12 13 0
5 14 0 1 2 4 8 9 10 11 12 13 1
5 14 0 1 2 6 7 8 9 10 11 12 0
5 14 0 1 2 6 7 8 9 10 11 13 0
5 14 0 1 2 6 7 8 9 10 12 13 1
5 14 0 1 2 6 7 8 9 11 12 13 1
5 14 0 1 2 6 7 8 10 11 12 13 0
5 14 0 1 2 6 7 9 10 11 12 13 0
5 14 0 1 2 6 8 9 10 11 12 13 1
5 14 0 1 2 7 8 9 10 11 12 13 0
5 14 0 1 3 4 6 7 8 9 10 11 0
5 14 0 1 3 4 6 7 8 9 10 12 0
5 14 0 1 3 4 6 7 8 9 10 13 0
5 14 0 1 3 4 6 7 8 9 11 12 0
5 14 0 1 3 4 6 7 8 9 11 13 0
5 14 0 1 3 4 6 7 8 9 12 13 0
5 14 0 1 3 4 6 7 8 10 11 12 0
5 14 0 1 3 4 6 7 8 10 11 13 0
5 14 0 1 3 4 6 7 8 10 12 13 0
5 14 0 1 3 4 6 7 8 11 12 13 0
5 14 0 1 3 4 6 7 9 10 11 12 0
5 14 0 1 3 4 6 7 9 10 11 13 0
5 14 0 1 3 4 6 7 9 10 12 13 0
5 14 0 1 3 4 6 7 9 11 12 13 1
5 14 0 1 3 4 6 7 10 11 12 13 0
5 14 0 1 3 4 6 8 9 10 11 12 0
5 14 0 1 3 4 6 8 9 10 11 13 0
5 14 0 1 3 4 6 8 9 10 12 13 0
5 14 0 1 3 4 6 8 9 11 12 13 0
5 14 0 1 3 4 6 8 10 11 12 13 0
5 14 0 1 3 4 6 9 10 11 12 13 0
5 14 0 1 3 4 7 8 9 10 11 12 0
5 14 0 1 3 4 7 8 9 10 11 13 0
5 14 0 1 3 4 7 8 9 10 12 13 1
5 14 0 1 3 4 7 8 9 11 12 13 0
5 14 0 1 3 4 7 8 10 11 12 13 1
5 14 0 1 3 4 7 9 10 11 12 13 0
5 14 0 1 3 4 8 9 10 11 12 13 0
5 14 0 1 3 6 7 8 9 10 11 12 0
5 14 0 1 3 6 7 8 9 10 11 13 0
5 14 0 1 3 6 7 8 9 10 12 13 0
5 14 0 1 3 6 7 8 9 11 12 13 1
5 14 0 1 3 6 7 8 10 11 12 13 0
5 14 0 1 3 6 7 9 10 11 12 13 0
5 14 0 1 3 6 8 9 10 11 12 13 0
5 14 0 1 3 7 8 9 10 11 12 13 0
5 14 0 1 4 6 7 8 9 10 11 12 1
5 14 0 1 4 6 7 8 9 10 11 13 1
5 14 0 1 4 6 7 8 9 10 12 13 1.41421
5 14 0 1 4 6 7 8 9 11 12 13 1
5 14 0 1 4 6 7 8 10 11 12 13 1
5 14 0 1 4 6 7 9 10 11 12 13 1
5 14 0 1 4 6 8 9 10 11 12 13 1.41421
5 14 0 1 4 7 8 9 10 11 12 13 1
5 14 0 1 6 7 8 9 10 11 12 13 1
5 14 0 2 3 4 6 7 8 9 10 11 1.41421
5 14 0 2 3 4 6 7 8 9 10 12 1
5 14 0 2 3 4 6 7 8 9 10 13 1
5 14 0 2 3 4 6 7 8 9 11 12 1
5 14 0 2 3 4 6 7 8 9 11 13 1
5 14 0 2 3 4 6 7 8 9 12 13 0
5 14 0 2 3 4 6 7 8 10 11 12 1
5 14 0 2 3 4 6 7 8 10 11 13 1
5 14 0 2 3 4 6 7 8 10 12 13 0
5 14 0 2 3 4 6 7 8 11 12 13 0
5 14 0 2 3 4 6 7 9 10 11 12 1.41421
5 14 0 2 3 4 6 7 9 10 11 13 1.41421
5 14 0 2 3 4 6 7 9 10 12 13 1
5 14 0 2 3 4 6 7 9 11 12 13 1.41421
5 14 0 2 3 4 6 7 10 11 12 13 1
5 14 0 2 3 4 6 8 9 10 11 12 1.41421
5 14 0 2 3 4 6 8 9 10 11 13 1.41421
5 14 0 2 3 4 6 8 9 10 12 13 1
5 14 0 2 3 4 6 8 9 11 12 13 1
5 14 0 2 3 4 6 8 10 11 12 13 1
5 14 0 2 3 4 6 9 10 11 12 13 1.41421
5 14 0 2 3 4 7 8 9 10 11 12 1
5 14 0 2 3 4 7 8 9 10 11 13 1
5 14 0 2 3 4 7 8 9 10 12 13 1
5 14 0 2 3 4 7 8 9 11 12 13 0
5 14 0 2 3 4 7 8 10 11 12 13 1
5 14 0 2 3 4 7 9 10 11 12 13 1
5 14 0 2 3 4 8 9 10 11 12 13 1
5 14 0 2 3 6 7 8 9 10 11 12 1
5 14 0 2 3 6 7 8 9 10 11 13 1
5 14 0 2 3 6 7 8 9 10 12 13 0
5 14 0 2 3 6 7 8 9 11 12 13 1
5 14 0 2 3 6 7 8 10 11 12 13 0
5 14 0 2 3 6 7 9 10 11 12 13 1
5 14 0 2 3 6 8 9 10 11 12 13 1
5 14 0 2 3 7 8 9 10 11 12 13 0
5 14 0 2 4 6 7 8 9 10 11 12 1
5 14 0 2 4 6 7 8 9 10 11 13 1
5 14 0 2 4 6 7 8 9 10 12 13 1
5 14 0 2 4 6 7 8 9 11 12 13 0
5 14 0 2 4 6 7 8 10 11 12 13 0
5 14 0 2 4 6 7 9 10 11 12 13 1
5 14 0 2 4 6 8 9 10 11 12 13 1.41421
5 14 0 2 4 7 8 9 10 11 12 13 0
5 14 0 2 6 7 8 9 10 11 12 13 0
5 14 0 3 4 6 7 8 9 10 11 12 1.41421
5 14 0 3 4 6 7 8 9 10 11 13 1.41421
5 14 0 3 4 6 7 8 9 10 12 13 1
5 14 0 3 4 6 7 8 9 11 12 13 1
5 14 0 3 4 6 7 8 10 11 12 13 1
5 14 0 3 4 6 7 9 10 11 12 13 1.41421
5 14 0 3 4 6 8 9 10 11 12 13 1.41421
5 14 0 3 4 7 8 9 10 11 12 13 1
5 14 0 3 6 7 8 9 10 11 12 13 1
5 14 0 4 6 7 8 9 10 11 12 13 1.41421
5 14 1 2 3 4 6 7 8 9 10 11 1
5 14 1 2 3 4 6 7 8 9 10 12 1
5 14 1 2 3 4 6 7 8 9 10 13 0
5 14 1 2 3 4 6 7 8 9 11 12 1
5 14 1 2 3 4 6 7 8 9 11 13 0
5 14 1 2 3 4 6 7 8 9 12 13 0
5 14 1 2 3 4 6 7 8 10 11 12 1
5 14 1 2 3 4 6 7 8 10 11 13 0
5 14 1 2 3 4 6 7 8 10 12 13 0
5 14 1 2 3 4 6 7 8 11 12 13 0
5 14 1 2 3 4 6 7 9 10 11 12 1
5 14 1 2 3 4 6 7 9 10 11 13 0
5 14 1 2 3 4 6 7 9 10 12 13 0
5 14 1 2 3 4 6 7 9 11 12 13 1
5 14 1 2 3 4 6 7 10 11 12 13 0
5 14 1 2 3 4 6 8 9 10 11 12 1
5 14 1 2 3 4 6 8 9 10 11 13 0
5 14 1 2 3 4 6 8 9 10 12 13 0
5 14 1 2 3 4 6 8 9 11 12 13 0
5 14 1 2 3 4 6 8 10 11 12 13 0
5 14 1 2 3 4 6 9 10 11 12 13 0
5 14 1 2 3 4 7 8 9 10 11 12 1
5 14 1 2 3 4 7 8 9 10 11 13 0
5 14 1 2 3 4 7 8 9 10 12 13 1
5 14 1 2 3 4 7 8 9 11 12 13 0
5 14 1 2 3 4 7 8 10 11 12 13 1
5 14 1 2 3 4 7 9 10 11 12 13 0
5 14 1 2 3 4 8 9 10 11 12 13 0
5 14 1 2 3 6 7 8 9 10 11 12 1
5 14 1 2 3 6 7 8 9 10 11 13 0
5 14 1 2 3 6 7 8 9 10 12 13 0
5 14 1 2 3 6 7 8 9 11 12 13 1
5 14 1 2 3 6 7 8 10 11 12 13 0
5 14 1 2 3 6 7 9 10 11 12 13 0
5 14 1 2 3 6 8 9 10 11 12 13 0
5 14 1 2 3 7 8 9 10 11 12 13 0
5 14 1 2 4 6 7 8 9 10 11 12 1
5 14 1 2 4 6 7 8 9 10 11 13 0
5 14 1 2 4 6 7 8 9 10 12 13 1
5 14 1 2 4 6 7 8 9 11 12 13 0
5 14 1 2 4 6 7 8 10 11 12 13 0
5 14 1 2 4 6 7 9 10 11 12 13 0
5 14 1 2 4 6 8 9 10 11 12 13 1
5 14 1 2 4 7 8 9 10 11 12 13 0
5 14 1 2 6 7 8 9 10 11 12 13 0
5 14 1 3 4 6 7 8 9 10 11 12 1
5 14 1 3 4 6 7 8 9 10 11 13 0
5 14 1 3 4 6 7 8 9 10 12 13 0
5 14 1 3 4 6 7 8 9 11 12 13 0
5 14 1 3 4 6 7 8 10 11 12 13 0
5 14 1 3 4 6 7 9 10 11 12 13 0
5 14 1 3 4 6 8 9 10 11 12 13 0
5 14 1 3 4 7 8 9 10 11 12 13 0
5 14 1 3 6 7 8 9 10 11 12 13 0
5 14 1 4 6 7 8 9 10 11 12 13 1
5 14 2 3 4 6 7 8 9 10 11 12 1.41421
5 14 2 3 4 6 7 8 9 10 11 13 1
5 14 2 3 4 6 7 8 9 10 12 13 0
5 14 2 3 4 6 7 8 9 11 12 13 0
5 14 2 3 4 6 7 8 10 11 12 13 0
5 14 2 3 4 6 7 9 10 11 12 13 1
5 14 2 3 4 6 8 9 10 11 12 13 1
5 14 2 3 4 7 8 9 10 11 12 13 0
5 14 2 3 6 7 8 9 10 11 12 13 0
5 14 2 4 6 7 8 9 10 11 12 13 0
5 14 3 4 6 7 8 9 10 11 12 13 1
