5 14 0 1 1.90693
5 14 0 2 2.22159
5 14 0 3 2.29907
5 14 0 4 2.54674
5 14 0 6 2.57391
5 14 0 7 2.22159
5 14 0 8 2.389
5 14 0 9 2.54598
5 14 0 10 2.51534
5 14 0 11 2.49313
5 14 0 12 2.43521
5 14 0 13 2.43521
5 14 1 2 1.73205
5 14 1 3 1.41421
5 14 1 4 1.90693
5 14 1 6 1.73205
5 14 1 7 1.73205
5 14 1 8 1.90693
5 14 1 9 1.85164
5 14 1 10 1.90693
5 14 1 11 1.41421
5 14 1 12 1.90693
5 14 1 13 1.90693
5 14 2 3 2.16556
5 14 2 4 2.23607
5 14 2 6 2.22985
5 14 2 7 2
5 14 2 8 2.02367
5 14 2 9 2.29907
5 14 2 10 2.19848
5 14 2 11 2.23607
5 14 2 12 2.08683
5 14 2 13 2.05603
5 14 3 4 2.33699
5 14 3 6 2.35584
5 14 3 7 2.16556
5 14 3 8 2.07802
5 14 3 9 2.35584
5 14 3 10 2.29129
5 14 3 11 2.35584
5 14 3 12 2.16556
5 14 3 13 2.10357
5 14 4 6 2.56038
5 14 4 7 2.23607
5 14 4 8 2.42507
5 14 4 9 2.57032
5 14 4 10 2.54674
5 14 4 11 2.50805
5 14 4 12 2.44949
5 14 4 13 2.42507
5 14 6 7 2.22985
5 14 6 8 2.39046
5 14 6 9 2.55604
5 14 6 10 2.52678
5 14 6 11 2.53859
5 14 6 12 2.42487
5 14 6 13 2.40426
5 14 7 8 2.02367
5 14 7 9 2.29907
5 14 7 10 2.19848
5 14 7 11 2.23607
5 14 7 12 2.08683
5 14 7 13 2.05603
5 14 8 9 2.40662
5 14 8 10 2.42507
5 14 8 11 2.32266
5 14 8 12 2.3094
5 14 8 13 2.28446
5 14 9 10 2.54058
5 14 9 11 2.53859
5 14 9 12 2.44114
5 14 9 13 2.41291
5 14 10 11 2.48193
5 14 10 12 2.42507
5 14 10 13 2.389
5 14 11 12 2.36827
5 14 11 13 2.33699
5 14 12 13 2.38048
