5 14 0 1 2 1.73205
5 14 0 1 3 1.41421
5 14 0 1 4 1.90693
5 14 0 1 6 1.73205
5 14 0 1 7 1.73205
5 14 0 1 8 1.90693
5 14 0 1 9 1.85164
5 14 0 1 10 1.90693
5 14 0 1 11 1.41421
5 14 0 1 12 1.90693
5 14 0 1 13 1.90693
5 14 0 2 3 2.10357
5 14 0 2 4 2.19848
5 14 0 2 6 2.23607
5 14 0 2 7 1.90693
5 14 0 2 8 1.96214
5 14 0 2 9 2.19449
5 14 0 2 10 2.12993
5 14 0 2 11 2.16556
5 14 0 2 12 2.05603
5 14 0 2 13 2.05603
5 14 0 3 4 2.29129
5 14 0 3 6 2.29907
5 14 0 3 7 2.10357
5 14 0 3 8 2
5 14 0 3 9 2.29907
5 14 0 3 10 2.23607
5 14 0 3 11 2.29907
5 14 0 3 12 2.10357
5 14 0 3 13 2.10357
5 14 0 4 6 2.52678
5 14 0 4 7 2.19848
5 14 0 4 8 2.389
5 14 0 4 9 2.54058
5 14 0 4 10 2.51534
5 14 0 4 11 2.48193
5 14 0 4 12 2.42507
5 14 0 4 13 2.42507
5 14 0 6 7 2.23607
5 14 0 6 8 2.35488
5 14 0 6 9 2.57391
5 14 0 6 10 2.49516
5 14 0 6 11 2.49313
5 14 0 6 12 2.40426
5 14 0 6 13 2.40426
5 14 0 7 8 1.96214
5 14 0 7 9 2.19449
5 14 0 7 10 2.12993
5 14 0 7 11 2.16556
5 14 0 7 12 2.05603
5 14 0 7 13 2.05603
5 14 0 8 9 2.37697
5 14 0 8 10 2.389
5 14 0 8 11 2.28709
5 14 0 8 12 2.28446
5 14 0 8 13 2.28446
5 14 0 9 10 2.50881
5 14 0 9 11 2.49313
5 14 0 9 12 2.41291
5 14 0 9 13 2.41291
5 14 0 10 11 2.44831
5 14 0 10 12 2.389
5 14 0 10 13 2.389
5 14 0 11 12 2.33699
5 14 0 11 13 2.33699
5 14 0 12 13 2.38048
5 14 1 2 3 1.41421
5 14 1 2 4 1.73205
5 14 1 2 6 1.41421
5 14 1 2 7 1.62019
5 14 1 2 8 1.73205
5 14 1 2 9 1.62019
5 14 1 2 10 1.73205
5 14 1 2 11 1.41421
5 14 1 2 12 1.73205
5 14 1 2 13 1.73205
5 14 1 3 4 1.41421
5 14 1 3 6 1.41421
5 14 1 3 7 1.41421
5 14 1 3 8 1.41421
5 14 1 3 9 1.41421
5 14 1 3 10 1.41421
5 14 1 3 11 1.41421
5 14 1 3 12 1.41421
5 14 1 3 13 1.41421
5 14 1 4 6 1.73205
5 14 1 4 7 1.73205
5 14 1 4 8 1.90693
5 14 1 4 9 1.85164
5 14 1 4 10 1.90693
5 14 1 4 11 1.41421
5 14 1 4 12 1.90693
5 14 1 4 13 1.90693
5 14 1 6 7 1.41421
5 14 1 6 8 1.73205
5 14 1 6 9 1.73205
5 14 1 6 10 1.73205
5 14 1 6 11 1.41421
5 14 1 6 12 1.73205
5 14 1 6 13 1.73205
5 14 1 7 8 1.73205
5 14 1 7 9 1.62019
5 14 1 7 10 1.73205
5 14 1 7 11 1.41421
5 14 1 7 12 1.73205
5 14 1 7 13 1.73205
5 14 1 8 9 1.85164
5 14 1 8 10 1.90693
5 14 1 8 11 1.41421
5 14 1 8 12 1.90693
5 14 1 8 13 1.90693
5 14 1 9 10 1.85164
5 14 1 9 11 1.41421
5 14 1 9 12 1.85164
5 14 1 9 13 1.85164
5 14 1 10 11 1.41421
5 14 1 10 12 1.90693
5 14 1 10 13 1.90693
5 14 1 11 12 1.41421
5 14 1 11 13 1.41421
5 14 1 12 13 1.90693
5 14 2 3 4 2.13809
5 14 2 3 6 2.16556
5 14 2 3 7 2
5 14 2 3 8 1.85164
5 14 2 3 9 2.16556
5 14 2 3 10 2.07802
5 14 2 3 11 2.16556
5 14 2 3 12 2
5 14 2 3 13 1.90693
5 14 2 4 6 2.23607
5 14 2 4 7 1.93309
5 14 2 4 8 2.02367
5 14 2 4 9 2.22985
5 14 2 4 10 2.19848
5 14 2 4 11 2.18955
5 14 2 4 12 2.08167
5 14 2 4 13 2.02367
5 14 2 6 7 2
5 14 2 6 8 2
5 14 2 6 9 2.22985
5 14 2 6 10 2.16556
5 14 2 6 11 2.23607
5 14 2 6 12 2.05751
5 14 2 6 13 2.01187
5 14 2 7 8 1.62019
5 14 2 7 9 2
5 14 2 7 10 1.85164
5 14 2 7 11 2
5 14 2 7 12 1.81265
5 14 2 7 13 1.73205
5 14 2 8 9 2
5 14 2 8 10 2.02367
5 14 2 8 11 1.93309
5 14 2 8 12 2
5 14 2 8 13 2
5 14 2 9 10 2.17626
5 14 2 9 11 2.23607
5 14 2 9 12 2.08167
5 14 2 9 13 2.04495
5 14 2 10 11 2.13809
5 14 2 10 12 2.02367
5 14 2 10 13 1.96214
5 14 2 11 12 2.0381
5 14 2 11 13 2
5 14 2 12 13 2
5 14 3 4 6 2.33699
5 14 3 4 7 2.13809
5 14 3 4 8 2.07802
5 14 3 4 9 2.33699
5 14 3 4 10 2.29129
5 14 3 4 11 2.33699
5 14 3 4 12 2.13809
5 14 3 4 13 2.07802
5 14 3 6 7 2.16556
5 14 3 6 8 2.07802
5 14 3 6 9 2.35584
5 14 3 6 10 2.29129
5 14 3 6 11 2.35584
5 14 3 6 12 2.16556
5 14 3 6 13 2.10357
5 14 3 7 8 1.85164
5 14 3 7 9 2.16556
5 14 3 7 10 2.07802
5 14 3 7 11 2.16556
5 14 3 7 12 2
5 14 3 7 13 1.90693
5 14 3 8 9 2.07802
5 14 3 8 10 2.07802
5 14 3 8 11 2.07802
5 14 3 8 12 1.85164
5 14 3 8 13 1.73205
5 14 3 9 10 2.29129
5 14 3 9 11 2.35584
5 14 3 9 12 2.16556
5 14 3 9 13 2.10357
5 14 3 10 11 2.29129
5 14 3 10 12 2.07802
5 14 3 10 13 2
5 14 3 11 12 2.16556
5 14 3 11 13 2.10357
5 14 3 12 13 1.90693
5 14 4 6 7 2.23607
5 14 4 6 8 2.39046
5 14 4 6 9 2.56038
5 14 4 6 10 2.52678
5 14 4 6 11 2.50805
5 14 4 6 12 2.41424
5 14 4 6 13 2.39046
5 14 4 7 8 2.02367
5 14 4 7 9 2.22985
5 14 4 7 10 2.19848
5 14 4 7 11 2.18955
5 14 4 7 12 2.08167
5 14 4 7 13 2.02367
5 14 4 8 9 2.40662
5 14 4 8 10 2.42507
5 14 4 8 11 2.32266
5 14 4 8 12 2.3094
5 14 4 8 13 2.28446
5 14 4 9 10 2.54058
5 14 4 9 11 2.50805
5 14 4 9 12 2.44949
5 14 4 9 13 2.40662
5 14 4 10 11 2.48193
5 14 4 10 12 2.42507
5 14 4 10 13 2.389
5 14 4 11 12 2.34521
5 14 4 11 13 2.32266
5 14 4 12 13 2.3094
5 14 6 7 8 2
5 14 6 7 9 2.22985
5 14 6 7 10 2.16556
5 14 6 7 11 2.23607
5 14 6 7 12 2.05751
5 14 6 7 13 2.01187
5 14 6 8 9 2.39046
5 14 6 8 10 2.39046
5 14 6 8 11 2.32266
5 14 6 8 12 2.26385
5 14 6 8 13 2.23607
5 14 6 9 10 2.52678
5 14 6 9 11 2.53859
5 14 6 9 12 2.42487
5 14 6 9 13 2.40426
5 14 6 10 11 2.48193
5 14 6 10 12 2.39046
5 14 6 10 13 2.35488
5 14 6 11 12 2.36827
5 14 6 11 13 2.33699
5 14 6 12 13 2.28446
5 14 7 8 9 2
5 14 7 8 10 2.02367
5 14 7 8 11 1.93309
5 14 7 8 12 2
5 14 7 8 13 2
5 14 7 9 10 2.17626
5 14 7 9 11 2.23607
5 14 7 9 12 2.08167
5 14 7 9 13 2.04495
5 14 7 10 11 2.13809
5 14 7 10 12 2.02367
5 14 7 10 13 1.96214
5 14 7 11 12 2.0381
5 14 7 11 13 2
5 14 7 12 13 2
5 14 8 9 10 2.40662
5 14 8 9 11 2.32266
5 14 8 9 12 2.3094
5 14 8 9 13 2.26385
5 14 8 10 11 2.32266
5 14 8 10 12 2.3094
5 14 8 10 13 2.28446
5 14 8 11 12 2.16025
5 14 8 11 13 2.13664
5 14 8 12 13 2.19089
5 14 9 10 11 2.48193
5 14 9 10 12 2.40662
5 14 9 10 13 2.37697
5 14 9 11 12 2.36827
5 14 9 11 13 2.33699
5 14 9 12 13 2.3094
5 14 10 11 12 2.32266
5 14 10 11 13 2.28709
5 14 10 12 13 2.28446
5 14 11 12 13 2.19089
