8 11 0 1 2.19089
8 11 0 2 2.09069
8 11 0 3 2.389
8 11 0 4 2.61406
8 11 0 5 2.28709
8 11 0 6 2.68408
8 11 0 7 2.09069
8 11 0 9 2.68408
8 11 0 10 2.66231
8 11 0 12 2.64575
8 11 0 13 2.64575
8 11 0 14 2.67435
8 11 1 2 1.81265
8 11 1 3 1.90693
8 11 1 4 2
8 11 1 5 1.41421
8 11 1 6 2.19089
8 11 1 7 1.81265
8 11 1 9 2.19089
8 11 1 10 2.13664
8 11 1 12 2.19089
8 11 1 13 2.19089
8 11 1 14 2.16025
8 11 2 3 2.02367
8 11 2 4 2.04939
8 11 2 5 1.93309
8 11 2 6 2.14154
8 11 2 7 1.62019
8 11 2 9 2.14154
8 11 2 10 2.09938
8 11 2 12 2.04495
8 11 2 13 2
8 11 2 14 2.16025
8 11 3 4 2.32266
8 11 3 5 2.07802
8 11 3 6 2.42507
8 11 3 7 2.02367
8 11 3 9 2.42507
8 11 3 10 2.39046
8 11 3 12 2.3094
8 11 3 13 2.28446
8 11 3 14 2.40662
8 11 4 5 2.32266
8 11 4 6 2.62216
8 11 4 7 2.04939
8 11 4 9 2.62216
8 11 4 10 2.62216
8 11 4 12 2.53722
8 11 4 13 2.52543
8 11 4 14 2.62216
8 11 5 6 2.32266
8 11 5 7 1.93309
8 11 5 9 2.32266
8 11 5 10 2.32266
8 11 5 12 2.16025
8 11 5 13 2.13664
8 11 5 14 2.32266
8 11 6 7 2.14154
8 11 6 9 2.69472
8 11 6 10 2.68164
8 11 6 12 2.62912
8 11 6 13 2.64575
8 11 6 14 2.69077
8 11 7 9 2.14154
8 11 7 10 2.09938
8 11 7 12 2.04495
8 11 7 13 2
8 11 7 14 2.16025
8 11 9 10 2.68164
8 11 9 12 2.62912
8 11 9 13 2.64575
8 11 9 14 2.69077
8 11 10 12 2.60419
8 11 10 13 2.58844
8 11 10 14 2.68164
8 11 12 13 2.53899
8 11 12 14 2.61861
8 11 13 14 2.60419
