8 11 0 1 2 3 1.73205
8 11 0 1 2 4 1.41421
8 11 0 1 2 5 1.41421
8 11 0 1 2 6 1.81265
8 11 0 1 2 7 1.62019
8 11 0 1 2 9 1.81265
8 11 0 1 2 10 1.62019
8 11 0 1 2 12 1.81265
8 11 0 1 2 13 1.81265
8 11 0 1 2 14 1.73205
8 11 0 1 3 4 1.41421
8 11 0 1 3 5 1.41421
8 11 0 1 3 6 1.90693
8 11 0 1 3 7 1.73205
8 11 0 1 3 9 1.90693
8 11 0 1 3 10 1.73205
8 11 0 1 3 12 1.90693
8 11 0 1 3 13 1.90693
8 11 0 1 3 14 1.85164
8 11 0 1 4 5 1.41421
8 11 0 1 4 6 2
8 11 0 1 4 7 1.41421
8 11 0 1 4 9 2
8 11 0 1 4 10 2
8 11 0 1 4 12 2
8 11 0 1 4 13 2
8 11 0 1 4 14 2
8 11 0 1 5 6 1.41421
8 11 0 1 5 7 1.41421
8 11 0 1 5 9 1.41421
8 11 0 1 5 10 1.41421
8 11 0 1 5 12 1.41421
8 11 0 1 5 13 1.41421
8 11 0 1 5 14 1.41421
8 11 0 1 6 7 1.81265
8 11 0 1 6 9 2.19089
8 11 0 1 6 10 2.13664
8 11 0 1 6 12 2.19089
8 11 0 1 6 13 2.19089
8 11 0 1 6 14 2.16025
8 11 0 1 7 9 1.81265
8 11 0 1 7 10 1.62019
8 11 0 1 7 12 1.81265
8 11 0 1 7 13 1.81265
8 11 0 1 7 14 1.73205
8 11 0 1 9 10 2.13664
8 11 0 1 9 12 2.19089
8 11 0 1 9 13 2.19089
8 11 0 1 9 14 2.16025
8 11 0 1 10 12 2.13664
8 11 0 1 10 13 2.13664
8 11 0 1 10 14 2.13664
8 11 0 1 12 13 2.19089
8 11 0 1 12 14 2.16025
8 11 0 1 13 14 2.16025
8 11 0 2 3 4 1.85164
8 11 0 2 3 5 1.73205
8 11 0 2 3 6 1.96214
8 11 0 2 3 7 1.62019
8 11 0 2 3 9 1.96214
8 11 0 2 3 10 1.90693
8 11 0 2 3 12 2
8 11 0 2 3 13 2
8 11 0 2 3 14 1.93309
8 11 0 2 4 5 1.85164
8 11 0 2 4 6 2.00294
8 11 0 2 4 7 1.41421
8 11 0 2 4 9 2.00294
8 11 0 2 4 10 2.00294
8 11 0 2 4 12 1.85164
8 11 0 2 4 13 1.85164
8 11 0 2 4 14 2.00294
8 11 0 2 5 6 1.85164
8 11 0 2 5 7 1.41421
8 11 0 2 5 9 1.85164
8 11 0 2 5 10 1.85164
8 11 0 2 5 12 1.62019
8 11 0 2 5 13 1.62019
8 11 0 2 5 14 1.85164
8 11 0 2 6 7 1.62019
8 11 0 2 6 9 2.09069
8 11 0 2 6 10 2.04939
8 11 0 2 6 12 2
8 11 0 2 6 13 2
8 11 0 2 6 14 2.08167
8 11 0 2 7 9 1.62019
8 11 0 2 7 10 1.41421
8 11 0 2 7 12 1.62019
8 11 0 2 7 13 1.62019
8 11 0 2 7 14 1.41421
8 11 0 2 9 10 2.04939
8 11 0 2 9 12 2
8 11 0 2 9 13 2
8 11 0 2 9 14 2.08167
8 11 0 2 10 12 1.93309
8 11 0 2 10 13 1.93309
8 11 0 2 10 14 2.04939
8 11 0 2 12 13 1.93309
8 11 0 2 12 14 2
8 11 0 2 13 14 2
8 11 0 3 4 5 2
8 11 0 3 4 6 2.28709
8 11 0 3 4 7 1.85164
8 11 0 3 4 9 2.28709
8 11 0 3 4 10 2.28709
8 11 0 3 4 12 2.13664
8 11 0 3 4 13 2.13664
8 11 0 3 4 14 2.28709
8 11 0 3 5 6 2
8 11 0 3 5 7 1.73205
8 11 0 3 5 9 2
8 11 0 3 5 10 2
8 11 0 3 5 12 1.73205
8 11 0 3 5 13 1.73205
8 11 0 3 5 14 2
8 11 0 3 6 7 1.96214
8 11 0 3 6 9 2.389
8 11 0 3 6 10 2.35488
8 11 0 3 6 12 2.28446
8 11 0 3 6 13 2.28446
8 11 0 3 6 14 2.37697
8 11 0 3 7 9 1.96214
8 11 0 3 7 10 1.90693
8 11 0 3 7 12 2
8 11 0 3 7 13 2
8 11 0 3 7 14 1.93309
8 11 0 3 9 10 2.35488
8 11 0 3 9 12 2.28446
8 11 0 3 9 13 2.28446
8 11 0 3 9 14 2.37697
8 11 0 3 10 12 2.23607
8 11 0 3 10 13 2.23607
8 11 0 3 10 14 2.35488
8 11 0 3 12 13 2.19089
8 11 0 3 12 14 2.26385
8 11 0 3 13 14 2.26385
8 11 0 4 5 6 2.28709
8 11 0 4 5 7 1.85164
8 11 0 4 5 9 2.28709
8 11 0 4 5 10 2.28709
8 11 0 4 5 12 2.13664
8 11 0 4 5 13 2.13664
8 11 0 4 5 14 2.28709
8 11 0 4 6 7 2.00294
8 11 0 4 6 9 2.61406
8 11 0 4 6 10 2.61406
8 11 0 4 6 12 2.52543
8 11 0 4 6 13 2.52543
8 11 0 4 6 14 2.61406
8 11 0 4 7 9 2.00294
8 11 0 4 7 10 2.00294
8 11 0 4 7 12 1.85164
8 11 0 4 7 13 1.85164
8 11 0 4 7 14 2.00294
8 11 0 4 9 10 2.61406
8 11 0 4 9 12 2.52543
8 11 0 4 9 13 2.52543
8 11 0 4 9 14 2.61406
8 11 0 4 10 12 2.52543
8 11 0 4 10 13 2.52543
8 11 0 4 10 14 2.61406
8 11 0 4 12 13 2.44949
8 11 0 4 12 14 2.52543
8 11 0 4 13 14 2.52543
8 11 0 5 6 7 1.85164
8 11 0 5 6 9 2.28709
8 11 0 5 6 10 2.28709
8 11 0 5 6 12 2.13664
8 11 0 5 6 13 2.13664
8 11 0 5 6 14 2.28709
8 11 0 5 7 9 1.85164
8 11 0 5 7 10 1.85164
8 11 0 5 7 12 1.62019
8 11 0 5 7 13 1.62019
8 11 0 5 7 14 1.85164
8 11 0 5 9 10 2.28709
8 11 0 5 9 12 2.13664
8 11 0 5 9 13 2.13664
8 11 0 5 9 14 2.28709
8 11 0 5 10 12 2.13664
8 11 0 5 10 13 2.13664
8 11 0 5 10 14 2.28709
8 11 0 5 12 13 2
8 11 0 5 12 14 2.13664
8 11 0 5 13 14 2.13664
8 11 0 6 7 9 2.09069
8 11 0 6 7 10 2.04939
8 11 0 6 7 12 2
8 11 0 6 7 13 2
8 11 0 6 7 14 2.08167
8 11 0 6 9 10 2.66231
8 11 0 6 9 12 2.64575
8 11 0 6 9 13 2.64575
8 11 0 6 9 14 2.67435
8 11 0 6 10 12 2.58844
8 11 0 6 10 13 2.58844
8 11 0 6 10 14 2.66231
8 11 0 6 12 13 2.53899
8 11 0 6 12 14 2.60419
8 11 0 6 13 14 2.60419
8 11 0 7 9 10 2.04939
8 11 0 7 9 12 2
8 11 0 7 9 13 2
8 11 0 7 9 14 2.08167
8 11 0 7 10 12 1.93309
8 11 0 7 10 13 1.93309
8 11 0 7 10 14 2.04939
8 11 0 7 12 13 1.93309
8 11 0 7 12 14 2
8 11 0 7 13 14 2
8 11 0 9 10 12 2.58844
8 11 0 9 10 13 2.58844
8 11 0 9 10 14 2.66231
8 11 0 9 12 13 2.53899
8 11 0 9 12 14 2.60419
8 11 0 9 13 14 2.60419
8 11 0 10 12 13 2.52543
8 11 0 10 12 14 2.58844
8 11 0 10 13 14 2.58844
8 11 0 12 13 14 2.53722
8 11 1 2 3 4 1
8 11 1 2 3 5 1.41421
8 11 1 2 3 6 1.73205
8 11 1 2 3 7 1.62019
8 11 1 2 3 9 1.73205
8 11 1 2 3 10 1.41421
8 11 1 2 3 12 1.73205
8 11 1 2 3 13 1.73205
8 11 1 2 3 14 1.62019
8 11 1 2 4 5 1
8 11 1 2 4 6 1.41421
8 11 1 2 4 7 1
8 11 1 2 4 9 1.41421
8 11 1 2 4 10 1.41421
8 11 1 2 4 12 1.41421
8 11 1 2 4 13 1.41421
8 11 1 2 4 14 1.41421
8 11 1 2 5 6 1.41421
8 11 1 2 5 7 1.41421
8 11 1 2 5 9 1.41421
8 11 1 2 5 10 1
8 11 1 2 5 12 1.41421
8 11 1 2 5 13 1.41421
8 11 1 2 5 14 1
8 11 1 2 6 7 1.62019
8 11 1 2 6 9 1.81265
8 11 1 2 6 10 1.62019
8 11 1 2 6 12 1.81265
8 11 1 2 6 13 1.81265
8 11 1 2 6 14 1.73205
8 11 1 2 7 9 1.62019
8 11 1 2 7 10 1
8 11 1 2 7 12 1.62019
8 11 1 2 7 13 1.62019
8 11 1 2 7 14 1.41421
8 11 1 2 9 10 1.62019
8 11 1 2 9 12 1.81265
8 11 1 2 9 13 1.81265
8 11 1 2 9 14 1.73205
8 11 1 2 10 12 1.62019
8 11 1 2 10 13 1.62019
8 11 1 2 10 14 1.62019
8 11 1 2 12 13 1.81265
8 11 1 2 12 14 1.73205
8 11 1 2 13 14 1.73205
8 11 1 3 4 5 1
8 11 1 3 4 6 1.41421
8 11 1 3 4 7 1
8 11 1 3 4 9 1.41421
8 11 1 3 4 10 1.41421
8 11 1 3 4 12 1.41421
8 11 1 3 4 13 1.41421
8 11 1 3 4 14 1.41421
8 11 1 3 5 6 1.41421
8 11 1 3 5 7 1.41421
8 11 1 3 5 9 1.41421
8 11 1 3 5 10 1
8 11 1 3 5 12 1.41421
8 11 1 3 5 13 1.41421
8 11 1 3 5 14 1
8 11 1 3 6 7 1.73205
8 11 1 3 6 9 1.90693
8 11 1 3 6 10 1.73205
8 11 1 3 6 12 1.90693
8 11 1 3 6 13 1.90693
8 11 1 3 6 14 1.85164
8 11 1 3 7 9 1.73205
8 11 1 3 7 10 1.41421
8 11 1 3 7 12 1.73205
8 11 1 3 7 13 1.73205
8 11 1 3 7 14 1.62019
8 11 1 3 9 10 1.73205
8 11 1 3 9 12 1.90693
8 11 1 3 9 13 1.90693
8 11 1 3 9 14 1.85164
8 11 1 3 10 12 1.73205
8 11 1 3 10 13 1.73205
8 11 1 3 10 14 1.73205
8 11 1 3 12 13 1.90693
8 11 1 3 12 14 1.85164
8 11 1 3 13 14 1.85164
8 11 1 4 5 6 1.41421
8 11 1 4 5 7 1
8 11 1 4 5 9 1.41421
8 11 1 4 5 10 1.41421
8 11 1 4 5 12 1.41421
8 11 1 4 5 13 1.41421
8 11 1 4 5 14 1.41421
8 11 1 4 6 7 1.41421
8 11 1 4 6 9 2
8 11 1 4 6 10 2
8 11 1 4 6 12 2
8 11 1 4 6 13 2
8 11 1 4 6 14 2
8 11 1 4 7 9 1.41421
8 11 1 4 7 10 1.41421
8 11 1 4 7 12 1.41421
8 11 1 4 7 13 1.41421
8 11 1 4 7 14 1.41421
8 11 1 4 9 10 2
8 11 1 4 9 12 2
8 11 1 4 9 13 2
8 11 1 4 9 14 2
8 11 1 4 10 12 2
8 11 1 4 10 13 2
8 11 1 4 10 14 2
8 11 1 4 12 13 2
8 11 1 4 12 14 2
8 11 1 4 13 14 2
8 11 1 5 6 7 1.41421
8 11 1 5 6 9 1.41421
8 11 1 5 6 10 1.41421
8 11 1 5 6 12 1.41421
8 11 1 5 6 13 1.41421
8 11 1 5 6 14 1.41421
8 11 1 5 7 9 1.41421
8 11 1 5 7 10 1
8 11 1 5 7 12 1.41421
8 11 1 5 7 13 1.41421
8 11 1 5 7 14 1
8 11 1 5 9 10 1.41421
8 11 1 5 9 12 1.41421
8 11 1 5 9 13 1.41421
8 11 1 5 9 14 1.41421
8 11 1 5 10 12 1.41421
8 11 1 5 10 13 1.41421
8 11 1 5 10 14 1.41421
8 11 1 5 12 13 1.41421
8 11 1 5 12 14 1.41421
8 11 1 5 13 14 1.41421
8 11 1 6 7 9 1.81265
8 11 1 6 7 10 1.62019
8 11 1 6 7 12 1.81265
8 11 1 6 7 13 1.81265
8 11 1 6 7 14 1.73205
8 11 1 6 9 10 2.13664
8 11 1 6 9 12 2.19089
8 11 1 6 9 13 2.19089
8 11 1 6 9 14 2.16025
8 11 1 6 10 12 2.13664
8 11 1 6 10 13 2.13664
8 11 1 6 10 14 2.13664
8 11 1 6 12 13 2.19089
8 11 1 6 12 14 2.16025
8 11 1 6 13 14 2.16025
8 11 1 7 9 10 1.62019
8 11 1 7 9 12 1.81265
8 11 1 7 9 13 1.81265
8 11 1 7 9 14 1.73205
8 11 1 7 10 12 1.62019
8 11 1 7 10 13 1.62019
8 11 1 7 10 14 1.62019
8 11 1 7 12 13 1.81265
8 11 1 7 12 14 1.73205
8 11 1 7 13 14 1.73205
8 11 1 9 10 12 2.13664
8 11 1 9 10 13 2.13664
8 11 1 9 10 14 2.13664
8 11 1 9 12 13 2.19089
8 11 1 9 12 14 2.16025
8 11 1 9 13 14 2.16025
8 11 1 10 12 13 2.13664
8 11 1 10 12 14 2.13664
8 11 1 10 13 14 2.13664
8 11 1 12 13 14 2.16025
8 11 2 3 4 5 1.85164
8 11 2 3 4 6 1.93309
8 11 2 3 4 7 1.62019
8 11 2 3 4 9 1.93309
8 11 2 3 4 10 1.93309
8 11 2 3 4 12 1.73205
8 11 2 3 4 13 1.62019
8 11 2 3 4 14 1.93309
8 11 2 3 5 6 1.85164
8 11 2 3 5 7 1.62019
8 11 2 3 5 9 1.85164
8 11 2 3 5 10 1.85164
8 11 2 3 5 12 1.62019
8 11 2 3 5 13 1.41421
8 11 2 3 5 14 1.85164
8 11 2 3 6 7 1.62019
8 11 2 3 6 9 2.02367
8 11 2 3 6 10 2
8 11 2 3 6 12 2
8 11 2 3 6 13 2
8 11 2 3 6 14 2
8 11 2 3 7 9 1.62019
8 11 2 3 7 10 1.62019
8 11 2 3 7 12 1.62019
8 11 2 3 7 13 1.62019
8 11 2 3 7 14 1.62019
8 11 2 3 9 10 2
8 11 2 3 9 12 2
8 11 2 3 9 13 2
8 11 2 3 9 14 2
8 11 2 3 10 12 1.81265
8 11 2 3 10 13 1.73205
8 11 2 3 10 14 2
8 11 2 3 12 13 1.81265
8 11 2 3 12 14 2
8 11 2 3 13 14 1.81265
8 11 2 4 5 6 1.93309
8 11 2 4 5 7 1.62019
8 11 2 4 5 9 1.93309
8 11 2 4 5 10 1.93309
8 11 2 4 5 12 1.73205
8 11 2 4 5 13 1.62019
8 11 2 4 5 14 1.93309
8 11 2 4 6 7 1.62019
8 11 2 4 6 9 2.04939
8 11 2 4 6 10 2.04939
8 11 2 4 6 12 1.90693
8 11 2 4 6 13 1.85164
8 11 2 4 6 14 2.04939
8 11 2 4 7 9 1.62019
8 11 2 4 7 10 1.62019
8 11 2 4 7 12 1.41421
8 11 2 4 7 13 1
8 11 2 4 7 14 1.62019
8 11 2 4 9 10 2.04939
8 11 2 4 9 12 1.90693
8 11 2 4 9 13 1.85164
8 11 2 4 9 14 2.04939
8 11 2 4 10 12 1.90693
8 11 2 4 10 13 1.85164
8 11 2 4 10 14 2.04939
8 11 2 4 12 13 1.73205
8 11 2 4 12 14 1.90693
8 11 2 4 13 14 1.85164
8 11 2 5 6 7 1.62019
8 11 2 5 6 9 1.93309
8 11 2 5 6 10 1.93309
8 11 2 5 6 12 1.73205
8 11 2 5 6 13 1.62019
8 11 2 5 6 14 1.93309
8 11 2 5 7 9 1.62019
8 11 2 5 7 10 1.62019
8 11 2 5 7 12 1.41421
8 11 2 5 7 13 1.41421
8 11 2 5 7 14 1.62019
8 11 2 5 9 10 1.93309
8 11 2 5 9 12 1.73205
8 11 2 5 9 13 1.62019
8 11 2 5 9 14 1.93309
8 11 2 5 10 12 1.73205
8 11 2 5 10 13 1.62019
8 11 2 5 10 14 1.93309
8 11 2 5 12 13 1.41421
8 11 2 5 12 14 1.73205
8 11 2 5 13 14 1.62019
8 11 2 6 7 9 1.62019
8 11 2 6 7 10 1.62019
8 11 2 6 7 12 1.62019
8 11 2 6 7 13 1.62019
8 11 2 6 7 14 1.62019
8 11 2 6 9 10 2.09938
8 11 2 6 9 12 2.04495
8 11 2 6 9 13 2
8 11 2 6 9 14 2.16025
8 11 2 6 10 12 2
8 11 2 6 10 13 1.93309
8 11 2 6 10 14 2.09938
8 11 2 6 12 13 1.93309
8 11 2 6 12 14 2.01187
8 11 2 6 13 14 2
8 11 2 7 9 10 1.62019
8 11 2 7 9 12 1.62019
8 11 2 7 9 13 1.62019
8 11 2 7 9 14 1.62019
8 11 2 7 10 12 1.41421
8 11 2 7 10 13 1
8 11 2 7 10 14 1.62019
8 11 2 7 12 13 1.62019
8 11 2 7 12 14 1.41421
8 11 2 7 13 14 1.41421
8 11 2 9 10 12 2
8 11 2 9 10 13 1.93309
8 11 2 9 10 14 2.09938
8 11 2 9 12 13 1.93309
8 11 2 9 12 14 2.01187
8 11 2 9 13 14 2
8 11 2 10 12 13 1.85164
8 11 2 10 12 14 2
8 11 2 10 13 14 1.93309
8 11 2 12 13 14 1.90693
8 11 3 4 5 6 2.07802
8 11 3 4 5 7 1.85164
8 11 3 4 5 9 2.07802
8 11 3 4 5 10 2.07802
8 11 3 4 5 12 1.85164
8 11 3 4 5 13 1.73205
8 11 3 4 5 14 2.07802
8 11 3 4 6 7 1.93309
8 11 3 4 6 9 2.32266
8 11 3 4 6 10 2.32266
8 11 3 4 6 12 2.16025
8 11 3 4 6 13 2.13664
8 11 3 4 6 14 2.32266
8 11 3 4 7 9 1.93309
8 11 3 4 7 10 1.93309
8 11 3 4 7 12 1.73205
8 11 3 4 7 13 1.62019
8 11 3 4 7 14 1.93309
8 11 3 4 9 10 2.32266
8 11 3 4 9 12 2.16025
8 11 3 4 9 13 2.13664
8 11 3 4 9 14 2.32266
8 11 3 4 10 12 2.16025
8 11 3 4 10 13 2.13664
8 11 3 4 10 14 2.32266
8 11 3 4 12 13 2
8 11 3 4 12 14 2.16025
8 11 3 4 13 14 2.13664
8 11 3 5 6 7 1.85164
8 11 3 5 6 9 2.07802
8 11 3 5 6 10 2.07802
8 11 3 5 6 12 1.85164
8 11 3 5 6 13 1.73205
8 11 3 5 6 14 2.07802
8 11 3 5 7 9 1.85164
8 11 3 5 7 10 1.85164
8 11 3 5 7 12 1.62019
8 11 3 5 7 13 1.41421
8 11 3 5 7 14 1.85164
8 11 3 5 9 10 2.07802
8 11 3 5 9 12 1.85164
8 11 3 5 9 13 1.73205
8 11 3 5 9 14 2.07802
8 11 3 5 10 12 1.85164
8 11 3 5 10 13 1.73205
8 11 3 5 10 14 2.07802
8 11 3 5 12 13 1.41421
8 11 3 5 12 14 1.85164
8 11 3 5 13 14 1.73205
8 11 3 6 7 9 2.02367
8 11 3 6 7 10 2
8 11 3 6 7 12 2
8 11 3 6 7 13 2
8 11 3 6 7 14 2
8 11 3 6 9 10 2.39046
8 11 3 6 9 12 2.3094
8 11 3 6 9 13 2.28446
8 11 3 6 9 14 2.40662
8 11 3 6 10 12 2.26385
8 11 3 6 10 13 2.23607
8 11 3 6 10 14 2.39046
8 11 3 6 12 13 2.19089
8 11 3 6 12 14 2.3094
8 11 3 6 13 14 2.26385
8 11 3 7 9 10 2
8 11 3 7 9 12 2
8 11 3 7 9 13 2
8 11 3 7 9 14 2
8 11 3 7 10 12 1.81265
8 11 3 7 10 13 1.73205
8 11 3 7 10 14 2
8 11 3 7 12 13 1.81265
8 11 3 7 12 14 2
8 11 3 7 13 14 1.81265
8 11 3 9 10 12 2.26385
8 11 3 9 10 13 2.23607
8 11 3 9 10 14 2.39046
8 11 3 9 12 13 2.19089
8 11 3 9 12 14 2.3094
8 11 3 9 13 14 2.26385
8 11 3 10 12 13 2.13664
8 11 3 10 12 14 2.26385
8 11 3 10 13 14 2.23607
8 11 3 12 13 14 2.16025
8 11 4 5 6 7 1.93309
8 11 4 5 6 9 2.32266
8 11 4 5 6 10 2.32266
8 11 4 5 6 12 2.16025
8 11 4 5 6 13 2.13664
8 11 4 5 6 14 2.32266
8 11 4 5 7 9 1.93309
8 11 4 5 7 10 1.93309
8 11 4 5 7 12 1.73205
8 11 4 5 7 13 1.62019
8 11 4 5 7 14 1.93309
8 11 4 5 9 10 2.32266
8 11 4 5 9 12 2.16025
8 11 4 5 9 13 2.13664
8 11 4 5 9 14 2.32266
8 11 4 5 10 12 2.16025
8 11 4 5 10 13 2.13664
8 11 4 5 10 14 2.32266
8 11 4 5 12 13 2
8 11 4 5 12 14 2.16025
8 11 4 5 13 14 2.13664
8 11 4 6 7 9 2.04939
8 11 4 6 7 10 2.04939
8 11 4 6 7 12 1.90693
8 11 4 6 7 13 1.85164
8 11 4 6 7 14 2.04939
8 11 4 6 9 10 2.62216
8 11 4 6 9 12 2.53722
8 11 4 6 9 13 2.52543
8 11 4 6 9 14 2.62216
8 11 4 6 10 12 2.53722
8 11 4 6 10 13 2.52543
8 11 4 6 10 14 2.62216
8 11 4 6 12 13 2.44949
8 11 4 6 12 14 2.53722
8 11 4 6 13 14 2.52543
8 11 4 7 9 10 2.04939
8 11 4 7 9 12 1.90693
8 11 4 7 9 13 1.85164
8 11 4 7 9 14 2.04939
8 11 4 7 10 12 1.90693
8 11 4 7 10 13 1.85164
8 11 4 7 10 14 2.04939
8 11 4 7 12 13 1.73205
8 11 4 7 12 14 1.90693
8 11 4 7 13 14 1.85164
8 11 4 9 10 12 2.53722
8 11 4 9 10 13 2.52543
8 11 4 9 10 14 2.62216
8 11 4 9 12 13 2.44949
8 11 4 9 12 14 2.53722
8 11 4 9 13 14 2.52543
8 11 4 10 12 13 2.44949
8 11 4 10 12 14 2.53722
8 11 4 10 13 14 2.52543
8 11 4 12 13 14 2.44949
8 11 5 6 7 9 1.93309
8 11 5 6 7 10 1.93309
8 11 5 6 7 12 1.73205
8 11 5 6 7 13 1.62019
8 11 5 6 7 14 1.93309
8 11 5 6 9 10 2.32266
8 11 5 6 9 12 2.16025
8 11 5 6 9 13 2.13664
8 11 5 6 9 14 2.32266
8 11 5 6 10 12 2.16025
8 11 5 6 10 13 2.13664
8 11 5 6 10 14 2.32266
8 11 5 6 12 13 2
8 11 5 6 12 14 2.16025
8 11 5 6 13 14 2.13664
8 11 5 7 9 10 1.93309
8 11 5 7 9 12 1.73205
8 11 5 7 9 13 1.62019
8 11 5 7 9 14 1.93309
8 11 5 7 10 12 1.73205
8 11 5 7 10 13 1.62019
8 11 5 7 10 14 1.93309
8 11 5 7 12 13 1.41421
8 11 5 7 12 14 1.73205
8 11 5 7 13 14 1.62019
8 11 5 9 10 12 2.16025
8 11 5 9 10 13 2.13664
8 11 5 9 10 14 2.32266
8 11 5 9 12 13 2
8 11 5 9 12 14 2.16025
8 11 5 9 13 14 2.13664
8 11 5 10 12 13 2
8 11 5 10 12 14 2.16025
8 11 5 10 13 14 2.13664
8 11 5 12 13 14 2
8 11 6 7 9 10 2.09938
8 11 6 7 9 12 2.04495
8 11 6 7 9 13 2
8 11 6 7 9 14 2.16025
8 11 6 7 10 12 2
8 11 6 7 10 13 1.93309
8 11 6 7 10 14 2.09938
8 11 6 7 12 13 1.93309
8 11 6 7 12 14 2.01187
8 11 6 7 13 14 2
8 11 6 9 10 12 2.60419
8 11 6 9 10 13 2.58844
8 11 6 9 10 14 2.68164
8 11 6 9 12 13 2.53899
8 11 6 9 12 14 2.61861
8 11 6 9 13 14 2.60419
8 11 6 10 12 13 2.52543
8 11 6 10 12 14 2.60419
8 11 6 10 13 14 2.58844
8 11 6 12 13 14 2.53722
8 11 7 9 10 12 2
8 11 7 9 10 13 1.93309
8 11 7 9 10 14 2.09938
8 11 7 9 12 13 1.93309
8 11 7 9 12 14 2.01187
8 11 7 9 13 14 2
8 11 7 10 12 13 1.85164
8 11 7 10 12 14 2
8 11 7 10 13 14 1.93309
8 11 7 12 13 14 1.90693
8 11 9 10 12 13 2.52543
8 11 9 10 12 14 2.60419
8 11 9 10 13 14 2.58844
8 11 9 12 13 14 2.53722
8 11 10 12 13 14 2.52543
