4 8 0 1 2 3 5 6 7 9 10 11 12 0
4 8 0 1 2 3 5 6 7 9 10 11 13 0
4 8 0 1 2 3 5 6 7 9 10 11 14 0
4 8 0 1 2 3 5 6 7 9 10 12 13 0
4 8 0 1 2 3 5 6 7 9 10 12 14 0
4 8 0 1 2 3 5 6 7 9 10 13 14 0
4 8 0 1 2 3 5 6 7 9 11 12 13 1
4 8 0 1 2 3 5 6 7 9 11 12 14 0
4 8 0 1 2 3 5 6 7 9 11 13 14 0
4 8 0 1 2 3 5 6 7 9 12 13 14 0
4 8 0 1 2 3 5 6 7 10 11 12 13 0
4 8 0 1 2 3 5 6 7 10 11 12 14 0
4 8 0 1 2 3 5 6 7 10 11 13 14 0
4 8 0 1 2 3 5 6 7 10 12 13 14 0
4 8 0 1 2 3 5 6 7 11 12 13 14 0
4 8 0 1 2 3 5 6 9 10 11 12 13 0
4 8 0 1 2 3 5 6 9 10 11 12 14 0
4 8 0 1 2 3 5 6 9 10 11 13 14 0
4 8 0 1 2 3 5 6 9 10 12 13 14 0
4 8 0 1 2 3 5 6 9 11 12 13 14 0
4 8 0 1 2 3 5 6 10 11 12 13 14 0
4 8 0 1 2 3 5 7 9 10 11 12 13 0
4 8 0 1 2 3 5 7 9 10 11 12 14 0
4 8 0 1 2 3 5 7 9 10 11 13 14 0
4 8 0 1 2 3 5 7 9 10 12 13 14 1
4 8 0 1 2 3 5 7 9 11 12 13 14 0
4 8 0 1 2 3 5 7 10 11 12 13 14 1
4 8 0 1 2 3 5 9 10 11 12 13 14 0
4 8 0 1 2 3 6 7 9 10 11 12 13 0
4 8 0 1 2 3 6 7 9 10 11 12 14 0
4 8 0 1 2 3 6 7 9 10 11 13 14 0
4 8 0 1 2 3 6 7 9 10 12 13 14 0
4 8 0 1 2 3 6 7 9 11 12 13 14 0
4 8 0 1 2 3 6 7 10 11 12 13 14 0
4 8 0 1 2 3 6 9 10 11 12 13 14 1
4 8 0 1 2 3 7 9 10 11 12 13 14 0
4 8 0 1 2 5 6 7 9 10 11 12 13 0
4 8 0 1 2 5 6 7 9 10 11 12 14 0
4 8 0 1 2 5 6 7 9 10 11 13 14 0
4 8 0 1 2 5 6 7 9 10 12 13 14 1
4 8 0 1 2 5 6 7 9 11 12 13 14 0
4 8 0 1 2 5 6 7 10 11 12 13 14 0
4 8 0 1 2 5 6 9 10 11 12 13 14 1
4 8 0 1 2 5 7 9 10 11 12 13 14 0
4 8 0 1 2 6 7 9 10 11 12 13 14 0
4 8 0 1 3 5 6 7 9 10 11 12 13 0
4 8 0 1 3 5 6 7 9 10 11 12 14 0
4 8 0 1 3 5 6 7 9 10 11 13 14 0
4 8 0 1 3 5 6 7 9 10 12 13 14 0
4 8 0 1 3 5 6 7 9 11 12 13 14 0
4 8 0 1 3 5 6 7 10 11 12 13 14 0
4 8 0 1 3 5 6 9 10 11 12 13 14 0
4 8 0 1 3 5 7 9 10 11 12 13 14 0
4 8 0 1 3 6 7 9 10 11 12 13 14 1
4 8 0 1 5 6 7 9 10 11 12 13 14 1
4 8 0 2 3 5 6 7 9 10 11 12 13 0
4 8 0 2 3 5 6 7 9 10 11 12 14 1
4 8 0 2 3 5 6 7 9 10 11 13 14 1
4 8 0 2 3 5 6 7 9 10 12 13 14 0
4 8 0 2 3 5 6 7 9 11 12 13 14 0
4 8 0 2 3 5 6 7 10 11 12 13 14 0
4 8 0 2 3 5 6 9 10 11 12 13 14 1
4 8 0 2 3 5 7 9 10 11 12 13 14 0
4 8 0 2 3 6 7 9 10 11 12 13 14 0
4 8 0 2 5 6 7 9 10 11 12 13 14 0
4 8 0 3 5 6 7 9 10 11 12 13 14 1
4 8 1 2 3 5 6 7 9 10 11 12 13 0
4 8 1 2 3 5 6 7 9 10 11 12 14 1
4 8 1 2 3 5 6 7 9 10 11 13 14 0
4 8 1 2 3 5 6 7 9 10 12 13 14 0
4 8 1 2 3 5 6 7 9 11 12 13 14 0
4 8 1 2 3 5 6 7 10 11 12 13 14 0
4 8 1 2 3 5 6 9 10 11 12 13 14 0
4 8 1 2 3 5 7 9 10 11 12 13 14 0
4 8 1 2 3 6 7 9 10 11 12 13 14 0
4 8 1 2 5 6 7 9 10 11 12 13 14 0
4 8 1 3 5 6 7 9 10 11 12 13 14 0
4 8 2 3 5 6 7 9 10 11 12 13 14 0
