6 12 0 1 2.44949
6 12 0 2 2.27798
6 12 0 3 2.50333
6 12 0 4 2.67896
6 12 0 5 2.42997
6 12 0 7 2.27798
6 12 0 8 2.65417
6 12 0 9 2.77833
6 12 0 10 2.71163
6 12 0 11 2.74064
6 12 0 13 2.71341
6 12 0 14 2.76353
6 12 1 2 1.96214
6 12 1 3 2
6 12 1 4 2.13664
6 12 1 5 1.73205
6 12 1 7 1.96214
6 12 1 8 2.28446
6 12 1 9 2.44949
6 12 1 10 2.23607
6 12 1 11 2.23607
6 12 1 13 2.44949
6 12 1 14 2.28446
6 12 2 3 2.20605
6 12 2 4 2.15322
6 12 2 5 2.12916
6 12 2 7 2
6 12 2 8 2.08167
6 12 2 9 2.29989
6 12 2 10 2.13809
6 12 2 11 2.27761
6 12 2 13 2.19644
6 12 2 14 2.24846
6 12 3 4 2.36827
6 12 3 5 2.19034
6 12 3 7 2.20605
6 12 3 8 2.3094
6 12 3 9 2.51916
6 12 3 10 2.39046
6 12 3 11 2.51916
6 12 3 13 2.44949
6 12 3 14 2.5
6 12 4 5 2.42487
6 12 4 7 2.15322
6 12 4 8 2.60419
6 12 4 9 2.67169
6 12 4 10 2.68164
6 12 4 11 2.6176
6 12 4 13 2.64575
6 12 4 14 2.64575
6 12 5 7 2.12916
6 12 5 8 2.26385
6 12 5 9 2.44949
6 12 5 10 2.39046
6 12 5 11 2.39792
6 12 5 13 2.44949
6 12 5 14 2.42487
6 12 7 8 2.08167
6 12 7 9 2.29989
6 12 7 10 2.13809
6 12 7 11 2.27761
6 12 7 13 2.19644
6 12 7 14 2.24846
6 12 8 9 2.67706
6 12 8 10 2.66288
6 12 8 11 2.62912
6 12 8 13 2.64575
6 12 8 14 2.67842
6 12 9 10 2.72185
6 12 9 11 2.73861
6 12 9 13 2.71341
6 12 9 14 2.77498
6 12 10 11 2.68164
6 12 10 13 2.64575
6 12 10 14 2.72185
6 12 11 13 2.68949
6 12 11 14 2.71649
6 12 13 14 2.70157
