6 12 0 1 2 1.96214
6 12 0 1 3 2
6 12 0 1 4 2.13664
6 12 0 1 5 1.73205
6 12 0 1 7 1.96214
6 12 0 1 8 2.28446
6 12 0 1 9 2.44949
6 12 0 1 10 2.23607
6 12 0 1 11 2.23607
6 12 0 1 13 2.44949
6 12 0 1 14 2.28446
6 12 0 2 3 2.16025
6 12 0 2 4 2.16025
6 12 0 2 5 2.08738
6 12 0 2 7 2
6 12 0 2 8 2.08167
6 12 0 2 9 2.27798
6 12 0 2 10 2.10223
6 12 0 2 11 2.2563
6 12 0 2 13 2.19644
6 12 0 2 14 2.23607
6 12 0 3 4 2.33699
6 12 0 3 5 2.15297
6 12 0 3 7 2.16025
6 12 0 3 8 2.28446
6 12 0 3 9 2.50333
6 12 0 3 10 2.35488
6 12 0 3 11 2.50333
6 12 0 3 13 2.44949
6 12 0 3 14 2.46311
6 12 0 4 5 2.40426
6 12 0 4 7 2.16025
6 12 0 4 8 2.58844
6 12 0 4 9 2.67896
6 12 0 4 10 2.66231
6 12 0 4 11 2.62202
6 12 0 4 13 2.64575
6 12 0 4 14 2.68164
6 12 0 5 7 2.08738
6 12 0 5 8 2.23607
6 12 0 5 9 2.42997
6 12 0 5 10 2.35488
6 12 0 5 11 2.39046
6 12 0 5 13 2.44949
6 12 0 5 14 2.40426
6 12 0 7 8 2.08167
6 12 0 7 9 2.27798
6 12 0 7 10 2.10223
6 12 0 7 11 2.2563
6 12 0 7 13 2.19644
6 12 0 7 14 2.23607
6 12 0 8 9 2.65417
6 12 0 8 10 2.64575
6 12 0 8 11 2.64575
6 12 0 8 13 2.64575
6 12 0 8 14 2.66288
6 12 0 9 10 2.71163
6 12 0 9 11 2.74064
6 12 0 9 13 2.71341
6 12 0 9 14 2.76353
6 12 0 10 11 2.66231
6 12 0 10 13 2.64575
6 12 0 10 14 2.71163
6 12 0 11 13 2.68949
6 12 0 11 14 2.72279
6 12 0 13 14 2.70157
6 12 1 2 3 1.90693
6 12 1 2 4 1.62019
6 12 1 2 5 1.73205
6 12 1 2 7 1.85164
6 12 1 2 8 2
6 12 1 2 9 1.96214
6 12 1 2 10 1.73205
6 12 1 2 11 1.93309
6 12 1 2 13 1.96214
6 12 1 2 14 2
6 12 1 3 4 1.41421
6 12 1 3 5 1.73205
6 12 1 3 7 1.90693
6 12 1 3 8 1.90693
6 12 1 3 9 2
6 12 1 3 10 1.73205
6 12 1 3 11 2
6 12 1 3 13 2
6 12 1 3 14 1.90693
6 12 1 4 5 1.73205
6 12 1 4 7 1.62019
6 12 1 4 8 2.13664
6 12 1 4 9 2.13664
6 12 1 4 10 2.13664
6 12 1 4 11 2
6 12 1 4 13 2.13664
6 12 1 4 14 2.13664
6 12 1 5 7 1.73205
6 12 1 5 8 1.73205
6 12 1 5 9 1.73205
6 12 1 5 10 1.73205
6 12 1 5 11 1.73205
6 12 1 5 13 1.73205
6 12 1 5 14 1.73205
6 12 1 7 8 2
6 12 1 7 9 1.96214
6 12 1 7 10 1.73205
6 12 1 7 11 1.93309
6 12 1 7 13 1.96214
6 12 1 7 14 2
6 12 1 8 9 2.28446
6 12 1 8 10 2.23607
6 12 1 8 11 2.19089
6 12 1 8 13 2.28446
6 12 1 8 14 2.26385
6 12 1 9 10 2.23607
6 12 1 9 11 2.23607
6 12 1 9 13 2.44949
6 12 1 9 14 2.28446
6 12 1 10 11 2.13664
6 12 1 10 13 2.23607
6 12 1 10 14 2.23607
6 12 1 11 13 2.23607
6 12 1 11 14 2.19089
6 12 1 13 14 2.28446
6 12 2 3 4 2.0381
6 12 2 3 5 2.04939
6 12 2 3 7 2
6 12 2 3 8 2
6 12 2 3 9 2.20605
6 12 2 3 10 2
6 12 2 3 11 2.20605
6 12 2 3 13 2.10639
6 12 2 3 14 2.16025
6 12 2 4 5 2.05751
6 12 2 4 7 1.81265
6 12 2 4 8 2
6 12 2 4 9 2.15322
6 12 2 4 10 2.09938
6 12 2 4 11 2.12132
6 12 2 4 13 2
6 12 2 4 14 2.13809
6 12 2 5 7 1.93309
6 12 2 5 8 1.81265
6 12 2 5 9 2.12916
6 12 2 5 10 2
6 12 2 5 11 2.081
6 12 2 5 13 1.96214
6 12 2 5 14 2.05751
6 12 2 7 8 1.62019
6 12 2 7 9 2
6 12 2 7 10 1.62019
6 12 2 7 11 2
6 12 2 7 13 1.93309
6 12 2 7 14 2
6 12 2 8 9 2.08167
6 12 2 8 10 2.0381
6 12 2 8 11 2.04495
6 12 2 8 13 2
6 12 2 8 14 2.05751
6 12 2 9 10 2.13809
6 12 2 9 11 2.27761
6 12 2 9 13 2.19644
6 12 2 9 14 2.24846
6 12 2 10 11 2.09938
6 12 2 10 13 2
6 12 2 10 14 2.13809
6 12 2 11 13 2.173
6 12 2 11 14 2.23607
6 12 2 13 14 2.16025
6 12 3 4 5 2.16556
6 12 3 4 7 2.0381
6 12 3 4 8 2.16025
6 12 3 4 9 2.36827
6 12 3 4 10 2.32266
6 12 3 4 11 2.36827
6 12 3 4 13 2.19089
6 12 3 4 14 2.34521
6 12 3 5 7 2.04939
6 12 3 5 8 1.85164
6 12 3 5 9 2.19034
6 12 3 5 10 2.07802
6 12 3 5 11 2.19034
6 12 3 5 13 2
6 12 3 5 14 2.16556
6 12 3 7 8 2
6 12 3 7 9 2.20605
6 12 3 7 10 2
6 12 3 7 11 2.20605
6 12 3 7 13 2.10639
6 12 3 7 14 2.16025
6 12 3 8 9 2.3094
6 12 3 8 10 2.26385
6 12 3 8 11 2.3094
6 12 3 8 13 2.19089
6 12 3 8 14 2.3094
6 12 3 9 10 2.39046
6 12 3 9 11 2.51916
6 12 3 9 13 2.44949
6 12 3 9 14 2.5
6 12 3 10 11 2.39046
6 12 3 10 13 2.23607
6 12 3 10 14 2.39046
6 12 3 11 13 2.44949
6 12 3 11 14 2.5
6 12 3 13 14 2.38048
6 12 4 5 7 2.05751
6 12 4 5 8 2.26385
6 12 4 5 9 2.42487
6 12 4 5 10 2.39046
6 12 4 5 11 2.36827
6 12 4 5 13 2.28446
6 12 4 5 14 2.41424
6 12 4 7 8 2
6 12 4 7 9 2.15322
6 12 4 7 10 2.09938
6 12 4 7 11 2.12132
6 12 4 7 13 2
6 12 4 7 14 2.13809
6 12 4 8 9 2.60419
6 12 4 8 10 2.60419
6 12 4 8 11 2.53722
6 12 4 8 13 2.52543
6 12 4 8 14 2.60419
6 12 4 9 10 2.68164
6 12 4 9 11 2.6176
6 12 4 9 13 2.64575
6 12 4 9 14 2.64575
6 12 4 10 11 2.62216
6 12 4 10 13 2.58844
6 12 4 10 14 2.68164
6 12 4 11 13 2.53899
6 12 4 11 14 2.61652
6 12 4 13 14 2.60419
6 12 5 7 8 1.81265
6 12 5 7 9 2.12916
6 12 5 7 10 2
6 12 5 7 11 2.081
6 12 5 7 13 1.96214
6 12 5 7 14 2.05751
6 12 5 8 9 2.26385
6 12 5 8 10 2.26385
6 12 5 8 11 2.16025
6 12 5 8 13 2.13664
6 12 5 8 14 2.26385
6 12 5 9 10 2.39046
6 12 5 9 11 2.39792
6 12 5 9 13 2.44949
6 12 5 9 14 2.42487
6 12 5 10 11 2.32266
6 12 5 10 13 2.23607
6 12 5 10 14 2.39046
6 12 5 11 13 2.23607
6 12 5 11 14 2.36827
6 12 5 13 14 2.28446
6 12 7 8 9 2.08167
6 12 7 8 10 2.0381
6 12 7 8 11 2.04495
6 12 7 8 13 2
6 12 7 8 14 2.05751
6 12 7 9 10 2.13809
6 12 7 9 11 2.27761
6 12 7 9 13 2.19644
6 12 7 9 14 2.24846
6 12 7 10 11 2.09938
6 12 7 10 13 2
6 12 7 10 14 2.13809
6 12 7 11 13 2.173
6 12 7 11 14 2.23607
6 12 7 13 14 2.16025
6 12 8 9 10 2.66288
6 12 8 9 11 2.62912
6 12 8 9 13 2.64575
6 12 8 9 14 2.67842
6 12 8 10 11 2.60419
6 12 8 10 13 2.58844
6 12 8 10 14 2.66288
6 12 8 11 13 2.53899
6 12 8 11 14 2.61861
6 12 8 13 14 2.60419
6 12 9 10 11 2.68164
6 12 9 10 13 2.64575
6 12 9 10 14 2.72185
6 12 9 11 13 2.68949
6 12 9 11 14 2.71649
6 12 9 13 14 2.70157
6 12 10 11 13 2.58844
6 12 10 11 14 2.68164
6 12 10 13 14 2.64575
6 12 11 13 14 2.65875
