7 8 0 1 2 3 4 5 6 9 10 11 12 0
7 8 0 1 2 3 4 5 6 9 10 11 13 0
7 8 0 1 2 3 4 5 6 9 10 11 14 0
7 8 0 1 2 3 4 5 6 9 10 12 13 0
7 8 0 1 2 3 4 5 6 9 10 12 14 0
7 8 0 1 2 3 4 5 6 9 10 13 14 0
7 8 0 1 2 3 4 5 6 9 11 12 13 1
7 8 0 1 2 3 4 5 6 9 11 12 14 0
7 8 0 1 2 3 4 5 6 9 11 13 14 0
7 8 0 1 2 3 4 5 6 9 12 13 14 0
7 8 0 1 2 3 4 5 6 10 11 12 13 0
7 8 0 1 2 3 4 5 6 10 11 12 14 0
7 8 0 1 2 3 4 5 6 10 11 13 14 0
7 8 0 1 2 3 4 5 6 10 12 13 14 0
7 8 0 1 2 3 4 5 6 11 12 13 14 0
7 8 0 1 2 3 4 5 9 10 11 12 13 0
7 8 0 1 2 3 4 5 9 10 11 12 14 0
7 8 0 1 2 3 4 5 9 10 11 13 14 0
7 8 0 1 2 3 4 5 9 10 12 13 14 1
7 8 0 1 2 3 4 5 9 11 12 13 14 0
7 8 0 1 2 3 4 5 10 11 12 13 14 1
7 8 0 1 2 3 4 6 9 10 11 12 13 0
7 8 0 1 2 3 4 6 9 10 11 12 14 0
7 8 0 1 2 3 4 6 9 10 11 13 14 0
7 8 0 1 2 3 4 6 9 10 12 13 14 0
7 8 0 1 2 3 4 6 9 11 12 13 14 0
7 8 0 1 2 3 4 6 10 11 12 13 14 0
7 8 0 1 2 3 4 9 10 11 12 13 14 0
7 8 0 1 2 3 5 6 9 10 11 12 13 0
7 8 0 1 2 3 5 6 9 10 11 12 14 0
7 8 0 1 2 3 5 6 9 10 11 13 14 0
7 8 0 1 2 3 5 6 9 10 12 13 14 0
7 8 0 1 2 3 5 6 9 11 12 13 14 1
7 8 0 1 2 3 5 6 10 11 12 13 14 0
7 8 0 1 2 3 5 9 10 11 12 13 14 0
7 8 0 1 2 3 6 9 10 11 12 13 14 1
7 8 0 1 2 4 5 6 9 10 11 12 13 0
7 8 0 1 2 4 5 6 9 10 11 12 14 0
7 8 0 1 2 4 5 6 9 10 11 13 14 0
7 8 0 1 2 4 5 6 9 10 12 13 14 1
7 8 0 1 2 4 5 6 9 11 12 13 14 0
7 8 0 1 2 4 5 6 10 11 12 13 14 0
7 8 0 1 2 4 5 9 10 11 12 13 14 0
7 8 0 1 2 4 6 9 10 11 12 13 14 0
7 8 0 1 2 5 6 9 10 11 12 13 14 0
7 8 0 1 3 4 5 6 9 10 11 12 13 0
7 8 0 1 3 4 5 6 9 10 11 12 14 0
7 8 0 1 3 4 5 6 9 10 11 13 14 0
7 8 0 1 3 4 5 6 9 10 12 13 14 0
7 8 0 1 3 4 5 6 9 11 12 13 14 0
7 8 0 1 3 4 5 6 10 11 12 13 14 0
7 8 0 1 3 4 5 9 10 11 12 13 14 0
7 8 0 1 3 4 6 9 10 11 12 13 14 1
7 8 0 1 3 5 6 9 10 11 12 13 14 0
7 8 0 1 4 5 6 9 10 11 12 13 14 1
7 8 0 2 3 4 5 6 9 10 11 12 13 0
7 8 0 2 3 4 5 6 9 10 11 12 14 1
7 8 0 2 3 4 5 6 9 10 11 13 14 1
7 8 0 2 3 4 5 6 9 10 12 13 14 0
7 8 0 2 3 4 5 6 9 11 12 13 14 0
7 8 0 2 3 4 5 6 10 11 12 13 14 0
7 8 0 2 3 4 5 9 10 11 12 13 14 0
7 8 0 2 3 4 6 9 10 11 12 13 14 0
7 8 0 2 3 5 6 9 10 11 12 13 14 0
7 8 0 2 4 5 6 9 10 11 12 13 14 0
7 8 0 3 4 5 6 9 10 11 12 13 14 1
7 8 1 2 3 4 5 6 9 10 11 12 13 0
7 8 1 2 3 4 5 6 9 10 11 12 14 1
7 8 1 2 3 4 5 6 9 10 11 13 14 0
7 8 1 2 3 4 5 6 9 10 12 13 14 0
7 8 1 2 3 4 5 6 9 11 12 13 14 0
7 8 1 2 3 4 5 6 10 11 12 13 14 0
7 8 1 2 3 4 5 9 10 11 12 13 14 0
7 8 1 2 3 4 6 9 10 11 12 13 14 0
7 8 1 2 3 5 6 9 10 11 12 13 14 0
7 8 1 2 4 5 6 9 10 11 12 13 14 0
7 8 1 3 4 5 6 9 10 11 12 13 14 0
7 8 2 3 4 5 6 9 10 11 12 13 14 0
