4 12 0 1 2.19089
4 12 0 2 2.14542
4 12 0 3 2.33699
4 12 0 5 2.43521
4 12 0 6 2.67896
4 12 0 7 2.14542
4 12 0 8 2.64575
4 12 0 9 2.68845
4 12 0 10 2.68408
4 12 0 11 2.62202
4 12 0 13 2.63923
4 12 0 14 2.69472
4 12 1 2 1.81265
4 12 1 3 1.41421
4 12 1 5 1.90693
4 12 1 6 2.13664
4 12 1 7 1.81265
4 12 1 8 2.19089
4 12 1 9 2.16025
4 12 1 10 2.19089
4 12 1 11 2
4 12 1 13 2.19089
4 12 1 14 2.19089
4 12 2 3 2.0381
4 12 2 5 2.08683
4 12 2 6 2.15322
4 12 2 7 1.81265
4 12 2 8 2.04495
4 12 2 9 2.17607
4 12 2 10 2.14154
4 12 2 11 2.12132
4 12 2 13 2.04742
4 12 2 14 2.17562
4 12 3 5 2.16556
4 12 3 6 2.36827
4 12 3 7 2.0381
4 12 3 8 2.16025
4 12 3 9 2.36827
4 12 3 10 2.32266
4 12 3 11 2.36827
4 12 3 13 2.19089
4 12 3 14 2.34521
4 12 5 6 2.42487
4 12 5 7 2.08683
4 12 5 8 2.3094
4 12 5 9 2.44114
4 12 5 10 2.42507
4 12 5 11 2.36827
4 12 5 13 2.38048
4 12 5 14 2.44949
4 12 6 7 2.15322
4 12 6 8 2.60419
4 12 6 9 2.67169
4 12 6 10 2.68164
4 12 6 11 2.6176
4 12 6 13 2.64575
4 12 6 14 2.64575
4 12 7 8 2.04495
4 12 7 9 2.17607
4 12 7 10 2.14154
4 12 7 11 2.12132
4 12 7 13 2.04742
4 12 7 14 2.17562
4 12 8 9 2.61861
4 12 8 10 2.62912
4 12 8 11 2.53722
4 12 8 13 2.53899
4 12 8 14 2.62912
4 12 9 10 2.69077
4 12 9 11 2.6176
4 12 9 13 2.62912
4 12 9 14 2.68594
4 12 10 11 2.62216
4 12 10 13 2.64575
4 12 10 14 2.69472
4 12 11 13 2.53899
4 12 11 14 2.61652
4 12 13 14 2.62912
