4 12 0 1 2 3 5 6 7 8 9 1
4 12 0 1 2 3 5 6 7 8 10 0
4 12 0 1 2 3 5 6 7 8 11 1
4 12 0 1 2 3 5 6 7 8 13 1
4 12 0 1 2 3 5 6 7 8 14 0
4 12 0 1 2 3 5 6 7 9 10 0
4 12 0 1 2 3 5 6 7 9 11 1.41421
4 12 0 1 2 3 5 6 7 9 13 1.41421
4 12 0 1 2 3 5 6 7 9 14 1
4 12 0 1 2 3 5 6 7 10 11 0
4 12 0 1 2 3 5 6 7 10 13 0
4 12 0 1 2 3 5 6 7 10 14 0
4 12 0 1 2 3 5 6 7 11 13 1.41421
4 12 0 1 2 3 5 6 7 11 14 1
4 12 0 1 2 3 5 6 7 13 14 1
4 12 0 1 2 3 5 6 8 9 10 0
4 12 0 1 2 3 5 6 8 9 11 1
4 12 0 1 2 3 5 6 8 9 13 1
4 12 0 1 2 3 5 6 8 9 14 0
4 12 0 1 2 3 5 6 8 10 11 0
4 12 0 1 2 3 5 6 8 10 13 0
4 12 0 1 2 3 5 6 8 10 14 0
4 12 0 1 2 3 5 6 8 11 13 1
4 12 0 1 2 3 5 6 8 11 14 0
4 12 0 1 2 3 5 6 8 13 14 0
4 12 0 1 2 3 5 6 9 10 11 0
4 12 0 1 2 3 5 6 9 10 13 0
4 12 0 1 2 3 5 6 9 10 14 0
4 12 0 1 2 3 5 6 9 11 13 1.41421
4 12 0 1 2 3 5 6 9 11 14 1
4 12 0 1 2 3 5 6 9 13 14 1
4 12 0 1 2 3 5 6 10 11 13 0
4 12 0 1 2 3 5 6 10 11 14 0
4 12 0 1 2 3 5 6 10 13 14 0
4 12 0 1 2 3 5 6 11 13 14 1
4 12 0 1 2 3 5 7 8 9 10 1
4 12 0 1 2 3 5 7 8 9 11 1
4 12 0 1 2 3 5 7 8 9 13 1
4 12 0 1 2 3 5 7 8 9 14 1
4 12 0 1 2 3 5 7 8 10 11 1
4 12 0 1 2 3 5 7 8 10 13 1.41421
4 12 0 1 2 3 5 7 8 10 14 1.41421
4 12 0 1 2 3 5 7 8 11 13 1
4 12 0 1 2 3 5 7 8 11 14 1
4 12 0 1 2 3 5 7 8 13 14 1.41421
4 12 0 1 2 3 5 7 9 10 11 0
4 12 0 1 2 3 5 7 9 10 13 1
4 12 0 1 2 3 5 7 9 10 14 1
4 12 0 1 2 3 5 7 9 11 13 1.41421
4 12 0 1 2 3 5 7 9 11 14 1
4 12 0 1 2 3 5 7 9 13 14 1
4 12 0 1 2 3 5 7 10 11 13 1
4 12 0 1 2 3 5 7 10 11 14 1
4 12 0 1 2 3 5 7 10 13 14 1.41421
4 12 0 1 2 3 5 7 11 13 14 1
4 12 0 1 2 3 5 8 9 10 11 0
4 12 0 1 2 3 5 8 9 10 13 1
4 12 0 1 2 3 5 8 9 10 14 1
4 12 0 1 2 3 5 8 9 11 13 1
4 12 0 1 2 3 5 8 9 11 14 0
4 12 0 1 2 3 5 8 9 13 14 1
4 12 0 1 2 3 5 8 10 11 13 1
4 12 0 1 2 3 5 8 10 11 14 1
4 12 0 1 2 3 5 8 10 13 14 1.41421
4 12 0 1 2 3 5 8 11 13 14 1
4 12 0 1 2 3 5 9 10 11 13 0
4 12 0 1 2 3 5 9 10 11 14 0
4 12 0 1 2 3 5 9 10 13 14 1
4 12 0 1 2 3 5 9 11 13 14 1
4 12 0 1 2 3 5 10 11 13 14 1
4 12 0 1 2 3 6 7 8 9 10 0
4 12 0 1 2 3 6 7 8 9 11 1
4 12 0 1 2 3 6 7 8 9 13 1
4 12 0 1 2 3 6 7 8 9 14 0
4 12 0 1 2 3 6 7 8 10 11 0
4 12 0 1 2 3 6 7 8 10 13 0
4 12 0 1 2 3 6 7 8 10 14 0
4 12 0 1 2 3 6 7 8 11 13 1
4 12 0 1 2 3 6 7 8 11 14 0
4 12 0 1 2 3 6 7 8 13 14 0
4 12 0 1 2 3 6 7 9 10 11 0
4 12 0 1 2 3 6 7 9 10 13 0
4 12 0 1 2 3 6 7 9 10 14 0
4 12 0 1 2 3 6 7 9 11 13 1.41421
4 12 0 1 2 3 6 7 9 11 14 1
4 12 0 1 2 3 6 7 9 13 14 1
4 12 0 1 2 3 6 7 10 11 13 0
4 12 0 1 2 3 6 7 10 11 14 0
4 12 0 1 2 3 6 7 10 13 14 0
4 12 0 1 2 3 6 7 11 13 14 1
4 12 0 1 2 3 6 8 9 10 11 1
4 12 0 1 2 3 6 8 9 10 13 1
4 12 0 1 2 3 6 8 9 10 14 1
4 12 0 1 2 3 6 8 9 11 13 1
4 12 0 1 2 3 6 8 9 11 14 1
4 12 0 1 2 3 6 8 9 13 14 1
4 12 0 1 2 3 6 8 10 11 13 1
4 12 0 1 2 3 6 8 10 11 14 1
4 12 0 1 2 3 6 8 10 13 14 1
4 12 0 1 2 3 6 8 11 13 14 1
4 12 0 1 2 3 6 9 10 11 13 1
4 12 0 1 2 3 6 9 10 11 14 1
4 12 0 1 2 3 6 9 10 13 14 1
4 12 0 1 2 3 6 9 11 13 14 1
4 12 0 1 2 3 6 10 11 13 14 1
4 12 0 1 2 3 7 8 9 10 11 0
4 12 0 1 2 3 7 8 9 10 13 1
4 12 0 1 2 3 7 8 9 10 14 1
4 12 0 1 2 3 7 8 9 11 13 1
4 12 0 1 2 3 7 8 9 11 14 0
4 12 0 1 2 3 7 8 9 13 14 1
4 12 0 1 2 3 7 8 10 11 13 1
4 12 0 1 2 3 7 8 10 11 14 1
4 12 0 1 2 3 7 8 10 13 14 1.41421
4 12 0 1 2 3 7 8 11 13 14 1
4 12 0 1 2 3 7 9 10 11 13 0
4 12 0 1 2 3 7 9 10 11 14 0
4 12 0 1 2 3 7 9 10 13 14 1
4 12 0 1 2 3 7 9 11 13 14 1
4 12 0 1 2 3 7 10 11 13 14 1
4 12 0 1 2 3 8 9 10 11 13 1
4 12 0 1 2 3 8 9 10 11 14 1
4 12 0 1 2 3 8 9 10 13 14 1
4 12 0 1 2 3 8 9 11 13 14 1
4 12 0 1 2 3 8 10 11 13 14 1
4 12 0 1 2 3 9 10 11 13 14 1
4 12 0 1 2 5 6 7 8 9 10 1
4 12 0 1 2 5 6 7 8 9 11 1
4 12 0 1 2 5 6 7 8 9 13 1
4 12 0 1 2 5 6 7 8 9 14 1
4 12 0 1 2 5 6 7 8 10 11 0
4 12 0 1 2 5 6 7 8 10 13 1
4 12 0 1 2 5 6 7 8 10 14 1
4 12 0 1 2 5 6 7 8 11 13 1
4 12 0 1 2 5 6 7 8 11 14 0
4 12 0 1 2 5 6 7 8 13 14 1
4 12 0 1 2 5 6 7 9 10 11 0
4 12 0 1 2 5 6 7 9 10 13 1
4 12 0 1 2 5 6 7 9 10 14 1
4 12 0 1 2 5 6 7 9 11 13 1.41421
4 12 0 1 2 5 6 7 9 11 14 1
4 12 0 1 2 5 6 7 9 13 14 1
4 12 0 1 2 5 6 7 10 11 13 0
4 12 0 1 2 5 6 7 10 11 14 0
4 12 0 1 2 5 6 7 10 13 14 1
4 12 0 1 2 5 6 7 11 13 14 1
4 12 0 1 2 5 6 8 9 10 11 1
4 12 0 1 2 5 6 8 9 10 13 1.41421
4 12 0 1 2 5 6 8 9 10 14 1.41421
4 12 0 1 2 5 6 8 9 11 13 1
4 12 0 1 2 5 6 8 9 11 14 1
4 12 0 1 2 5 6 8 9 13 14 1.41421
4 12 0 1 2 5 6 8 10 11 13 1
4 12 0 1 2 5 6 8 10 11 14 1
4 12 0 1 2 5 6 8 10 13 14 1.41421
4 12 0 1 2 5 6 8 11 13 14 1
4 12 0 1 2 5 6 9 10 11 13 1
4 12 0 1 2 5 6 9 10 11 14 1
4 12 0 1 2 5 6 9 10 13 14 1.41421
4 12 0 1 2 5 6 9 11 13 14 1
4 12 0 1 2 5 6 10 11 13 14 1
4 12 0 1 2 5 7 8 9 10 11 0
4 12 0 1 2 5 7 8 9 10 13 1.41421
4 12 0 1 2 5 7 8 9 10 14 1.41421
4 12 0 1 2 5 7 8 9 11 13 1
4 12 0 1 2 5 7 8 9 11 14 0
4 12 0 1 2 5 7 8 9 13 14 1.41421
4 12 0 1 2 5 7 8 10 11 13 1
4 12 0 1 2 5 7 8 10 11 14 1
4 12 0 1 2 5 7 8 10 13 14 1.62019
4 12 0 1 2 5 7 8 11 13 14 1
4 12 0 1 2 5 7 9 10 11 13 0
4 12 0 1 2 5 7 9 10 11 14 0
4 12 0 1 2 5 7 9 10 13 14 1.41421
4 12 0 1 2 5 7 9 11 13 14 1
4 12 0 1 2 5 7 10 11 13 14 1
4 12 0 1 2 5 8 9 10 11 13 1
4 12 0 1 2 5 8 9 10 11 14 1
4 12 0 1 2 5 8 9 10 13 14 1.62019
4 12 0 1 2 5 8 9 11 13 14 1
4 12 0 1 2 5 8 10 11 13 14 1
4 12 0 1 2 5 9 10 11 13 14 1
4 12 0 1 2 6 7 8 9 10 11 0
4 12 0 1 2 6 7 8 9 10 13 1
4 12 0 1 2 6 7 8 9 10 14 1
4 12 0 1 2 6 7 8 9 11 13 1
4 12 0 1 2 6 7 8 9 11 14 0
4 12 0 1 2 6 7 8 9 13 14 1
4 12 0 1 2 6 7 8 10 11 13 0
4 12 0 1 2 6 7 8 10 11 14 0
4 12 0 1 2 6 7 8 10 13 14 1
4 12 0 1 2 6 7 8 11 13 14 0
4 12 0 1 2 6 7 9 10 11 13 0
4 12 0 1 2 6 7 9 10 11 14 0
4 12 0 1 2 6 7 9 10 13 14 1
4 12 0 1 2 6 7 9 11 13 14 1
4 12 0 1 2 6 7 10 11 13 14 0
4 12 0 1 2 6 8 9 10 11 13 1.41421
4 12 0 1 2 6 8 9 10 11 14 1.41421
4 12 0 1 2 6 8 9 10 13 14 1.62019
4 12 0 1 2 6 8 9 11 13 14 1.41421
4 12 0 1 2 6 8 10 11 13 14 1.41421
4 12 0 1 2 6 9 10 11 13 14 1.41421
4 12 0 1 2 7 8 9 10 11 13 0
4 12 0 1 2 7 8 9 10 11 14 0
4 12 0 1 2 7 8 9 10 13 14 1.41421
4 12 0 1 2 7 8 9 11 13 14 0
4 12 0 1 2 7 8 10 11 13 14 1
4 12 0 1 2 7 9 10 11 13 14 0
4 12 0 1 2 8 9 10 11 13 14 1.41421
4 12 0 1 3 5 6 7 8 9 10 0
4 12 0 1 3 5 6 7 8 9 11 1
4 12 0 1 3 5 6 7 8 9 13 1
4 12 0 1 3 5 6 7 8 9 14 0
4 12 0 1 3 5 6 7 8 10 11 0
4 12 0 1 3 5 6 7 8 10 13 0
4 12 0 1 3 5 6 7 8 10 14 0
4 12 0 1 3 5 6 7 8 11 13 1
4 12 0 1 3 5 6 7 8 11 14 0
4 12 0 1 3 5 6 7 8 13 14 0
4 12 0 1 3 5 6 7 9 10 11 0
4 12 0 1 3 5 6 7 9 10 13 0
4 12 0 1 3 5 6 7 9 10 14 0
4 12 0 1 3 5 6 7 9 11 13 1.41421
4 12 0 1 3 5 6 7 9 11 14 1
4 12 0 1 3 5 6 7 9 13 14 1
4 12 0 1 3 5 6 7 10 11 13 0
4 12 0 1 3 5 6 7 10 11 14 0
4 12 0 1 3 5 6 7 10 13 14 0
4 12 0 1 3 5 6 7 11 13 14 1
4 12 0 1 3 5 6 8 9 10 11 0
4 12 0 1 3 5 6 8 9 10 13 0
4 12 0 1 3 5 6 8 9 10 14 0
4 12 0 1 3 5 6 8 9 11 13 1
4 12 0 1 3 5 6 8 9 11 14 0
4 12 0 1 3 5 6 8 9 13 14 0
4 12 0 1 3 5 6 8 10 11 13 0
4 12 0 1 3 5 6 8 10 11 14 0
4 12 0 1 3 5 6 8 10 13 14 0
4 12 0 1 3 5 6 8 11 13 14 0
4 12 0 1 3 5 6 9 10 11 13 0
4 12 0 1 3 5 6 9 10 11 14 0
4 12 0 1 3 5 6 9 10 13 14 0
4 12 0 1 3 5 6 9 11 13 14 1
4 12 0 1 3 5 6 10 11 13 14 0
4 12 0 1 3 5 7 8 9 10 11 0
4 12 0 1 3 5 7 8 9 10 13 1
4 12 0 1 3 5 7 8 9 10 14 1
4 12 0 1 3 5 7 8 9 11 13 1
4 12 0 1 3 5 7 8 9 11 14 0
4 12 0 1 3 5 7 8 9 13 14 1
4 12 0 1 3 5 7 8 10 11 13 1
4 12 0 1 3 5 7 8 10 11 14 1
4 12 0 1 3 5 7 8 10 13 14 1.41421
4 12 0 1 3 5 7 8 11 13 14 1
4 12 0 1 3 5 7 9 10 11 13 0
4 12 0 1 3 5 7 9 10 11 14 0
4 12 0 1 3 5 7 9 10 13 14 1
4 12 0 1 3 5 7 9 11 13 14 1
4 12 0 1 3 5 7 10 11 13 14 1
4 12 0 1 3 5 8 9 10 11 13 0
4 12 0 1 3 5 8 9 10 11 14 0
4 12 0 1 3 5 8 9 10 13 14 1
4 12 0 1 3 5 8 9 11 13 14 0
4 12 0 1 3 5 8 10 11 13 14 1
4 12 0 1 3 5 9 10 11 13 14 0
4 12 0 1 3 6 7 8 9 10 11 1
4 12 0 1 3 6 7 8 9 10 13 1
4 12 0 1 3 6 7 8 9 10 14 1
4 12 0 1 3 6 7 8 9 11 13 1
4 12 0 1 3 6 7 8 9 11 14 1
4 12 0 1 3 6 7 8 9 13 14 1
4 12 0 1 3 6 7 8 10 11 13 1
4 12 0 1 3 6 7 8 10 11 14 1
4 12 0 1 3 6 7 8 10 13 14 1
4 12 0 1 3 6 7 8 11 13 14 1
4 12 0 1 3 6 7 9 10 11 13 1
4 12 0 1 3 6 7 9 10 11 14 1
4 12 0 1 3 6 7 9 10 13 14 1
4 12 0 1 3 6 7 9 11 13 14 1
4 12 0 1 3 6 7 10 11 13 14 1
4 12 0 1 3 6 8 9 10 11 13 1.41421
4 12 0 1 3 6 8 9 10 11 14 1.41421
4 12 0 1 3 6 8 9 10 13 14 1.41421
4 12 0 1 3 6 8 9 11 13 14 1.41421
4 12 0 1 3 6 8 10 11 13 14 1.41421
4 12 0 1 3 6 9 10 11 13 14 1.41421
4 12 0 1 3 7 8 9 10 11 13 1
4 12 0 1 3 7 8 9 10 11 14 1
4 12 0 1 3 7 8 9 10 13 14 1
4 12 0 1 3 7 8 9 11 13 14 1
4 12 0 1 3 7 8 10 11 13 14 1
4 12 0 1 3 7 9 10 11 13 14 1
4 12 0 1 3 8 9 10 11 13 14 1.41421
4 12 0 1 5 6 7 8 9 10 11 1
4 12 0 1 5 6 7 8 9 10 13 1.41421
4 12 0 1 5 6 7 8 9 10 14 1.41421
4 12 0 1 5 6 7 8 9 11 13 1
4 12 0 1 5 6 7 8 9 11 14 1
4 12 0 1 5 6 7 8 9 13 14 1.41421
4 12 0 1 5 6 7 8 10 11 13 1
4 12 0 1 5 6 7 8 10 11 14 1
4 12 0 1 5 6 7 8 10 13 14 1.41421
4 12 0 1 5 6 7 8 11 13 14 1
4 12 0 1 5 6 7 9 10 11 13 1
4 12 0 1 5 6 7 9 10 11 14 1
4 12 0 1 5 6 7 9 10 13 14 1.41421
4 12 0 1 5 6 7 9 11 13 14 1
4 12 0 1 5 6 7 10 11 13 14 1
4 12 0 1 5 6 8 9 10 11 13 1.41421
4 12 0 1 5 6 8 9 10 11 14 1.41421
4 12 0 1 5 6 8 9 10 13 14 1.73205
4 12 0 1 5 6 8 9 11 13 14 1.41421
4 12 0 1 5 6 8 10 11 13 14 1.41421
4 12 0 1 5 6 9 10 11 13 14 1.41421
4 12 0 1 5 7 8 9 10 11 13 1
4 12 0 1 5 7 8 9 10 11 14 1
4 12 0 1 5 7 8 9 10 13 14 1.62019
4 12 0 1 5 7 8 9 11 13 14 1
4 12 0 1 5 7 8 10 11 13 14 1
4 12 0 1 5 7 9 10 11 13 14 1
4 12 0 1 5 8 9 10 11 13 14 1.41421
4 12 0 1 6 7 8 9 10 11 13 1.41421
4 12 0 1 6 7 8 9 10 11 14 1.41421
4 12 0 1 6 7 8 9 10 13 14 1.62019
4 12 0 1 6 7 8 9 11 13 14 1.41421
4 12 0 1 6 7 8 10 11 13 14 1.41421
4 12 0 1 6 7 9 10 11 13 14 1.41421
4 12 0 1 6 8 9 10 11 13 14 2
4 12 0 1 7 8 9 10 11 13 14 1.41421
4 12 0 2 3 5 6 7 8 9 10 1
4 12 0 2 3 5 6 7 8 9 11 1
4 12 0 2 3 5 6 7 8 9 13 1
4 12 0 2 3 5 6 7 8 9 14 1
4 12 0 2 3 5 6 7 8 10 11 1
4 12 0 2 3 5 6 7 8 10 13 0
4 12 0 2 3 5 6 7 8 10 14 1
4 12 0 2 3 5 6 7 8 11 13 1
4 12 0 2 3 5 6 7 8 11 14 1
4 12 0 2 3 5 6 7 8 13 14 0
4 12 0 2 3 5 6 7 9 10 11 1.41421
4 12 0 2 3 5 6 7 9 10 13 1
4 12 0 2 3 5 6 7 9 10 14 1.41421
4 12 0 2 3 5 6 7 9 11 13 1.62019
4 12 0 2 3 5 6 7 9 11 14 1.62019
4 12 0 2 3 5 6 7 9 13 14 1.41421
4 12 0 2 3 5 6 7 10 11 13 1
4 12 0 2 3 5 6 7 10 11 14 1.41421
4 12 0 2 3 5 6 7 10 13 14 1
4 12 0 2 3 5 6 7 11 13 14 1.41421
4 12 0 2 3 5 6 8 9 10 11 1.41421
4 12 0 2 3 5 6 8 9 10 13 1
4 12 0 2 3 5 6 8 9 10 14 1.41421
4 12 0 2 3 5 6 8 9 11 13 1
4 12 0 2 3 5 6 8 9 11 14 1.41421
4 12 0 2 3 5 6 8 9 13 14 1
4 12 0 2 3 5 6 8 10 11 13 1
4 12 0 2 3 5 6 8 10 11 14 1.41421
4 12 0 2 3 5 6 8 10 13 14 1
4 12 0 2 3 5 6 8 11 13 14 1
4 12 0 2 3 5 6 9 10 11 13 1.41421
4 12 0 2 3 5 6 9 10 11 14 1.73205
4 12 0 2 3 5 6 9 10 13 14 1.41421
4 12 0 2 3 5 6 9 11 13 14 1.62019
4 12 0 2 3 5 6 10 11 13 14 1.41421
4 12 0 2 3 5 7 8 9 10 11 1
4 12 0 2 3 5 7 8 9 10 13 1
4 12 0 2 3 5 7 8 9 10 14 1
4 12 0 2 3 5 7 8 9 11 13 1
4 12 0 2 3 5 7 8 9 11 14 1
4 12 0 2 3 5 7 8 9 13 14 1
4 12 0 2 3 5 7 8 10 11 13 1
4 12 0 2 3 5 7 8 10 11 14 1
4 12 0 2 3 5 7 8 10 13 14 1.41421
4 12 0 2 3 5 7 8 11 13 14 1
4 12 0 2 3 5 7 9 10 11 13 1
4 12 0 2 3 5 7 9 10 11 14 1.41421
4 12 0 2 3 5 7 9 10 13 14 1
4 12 0 2 3 5 7 9 11 13 14 1.41421
4 12 0 2 3 5 7 10 11 13 14 1
4 12 0 2 3 5 8 9 10 11 13 1
4 12 0 2 3 5 8 9 10 11 14 1.41421
4 12 0 2 3 5 8 9 10 13 14 1
4 12 0 2 3 5 8 9 11 13 14 1
4 12 0 2 3 5 8 10 11 13 14 1
4 12 0 2 3 5 9 10 11 13 14 1.41421
4 12 0 2 3 6 7 8 9 10 11 1
4 12 0 2 3 6 7 8 9 10 13 0
4 12 0 2 3 6 7 8 9 10 14 1
4 12 0 2 3 6 7 8 9 11 13 1
4 12 0 2 3 6 7 8 9 11 14 1
4 12 0 2 3 6 7 8 9 13 14 0
4 12 0 2 3 6 7 8 10 11 13 0
4 12 0 2 3 6 7 8 10 11 14 1
4 12 0 2 3 6 7 8 10 13 14 0
4 12 0 2 3 6 7 8 11 13 14 0
4 12 0 2 3 6 7 9 10 11 13 1
4 12 0 2 3 6 7 9 10 11 14 1.41421
4 12 0 2 3 6 7 9 10 13 14 1
4 12 0 2 3 6 7 9 11 13 14 1.41421
4 12 0 2 3 6 7 10 11 13 14 1
4 12 0 2 3 6 8 9 10 11 13 1.41421
4 12 0 2 3 6 8 9 10 11 14 1.62019
4 12 0 2 3 6 8 9 10 13 14 1.41421
4 12 0 2 3 6 8 9 11 13 14 1.41421
4 12 0 2 3 6 8 10 11 13 14 1.41421
4 12 0 2 3 6 9 10 11 13 14 1.62019
4 12 0 2 3 7 8 9 10 11 13 0
4 12 0 2 3 7 8 9 10 11 14 1
4 12 0 2 3 7 8 9 10 13 14 1
4 12 0 2 3 7 8 9 11 13 14 0
4 12 0 2 3 7 8 10 11 13 14 1
4 12 0 2 3 7 9 10 11 13 14 1
4 12 0 2 3 8 9 10 11 13 14 1.41421
4 12 0 2 5 6 7 8 9 10 11 1
4 12 0 2 5 6 7 8 9 10 13 1
4 12 0 2 5 6 7 8 9 10 14 1
4 12 0 2 5 6 7 8 9 11 13 1
4 12 0 2 5 6 7 8 9 11 14 1
4 12 0 2 5 6 7 8 9 13 14 1
4 12 0 2 5 6 7 8 10 11 13 0
4 12 0 2 5 6 7 8 10 11 14 1
4 12 0 2 5 6 7 8 10 13 14 1
4 12 0 2 5 6 7 8 11 13 14 0
4 12 0 2 5 6 7 9 10 11 13 1
4 12 0 2 5 6 7 9 10 11 14 1.41421
4 12 0 2 5 6 7 9 10 13 14 1
4 12 0 2 5 6 7 9 11 13 14 1.41421
4 12 0 2 5 6 7 10 11 13 14 1
4 12 0 2 5 6 8 9 10 11 13 1.41421
4 12 0 2 5 6 8 9 10 11 14 1.62019
4 12 0 2 5 6 8 9 10 13 14 1.62019
4 12 0 2 5 6 8 9 11 13 14 1.41421
4 12 0 2 5 6 8 10 11 13 14 1.41421
4 12 0 2 5 6 9 10 11 13 14 1.62019
4 12 0 2 5 7 8 9 10 11 13 0
4 12 0 2 5 7 8 9 10 11 14 1
4 12 0 2 5 7 8 9 10 13 14 1.41421
4 12 0 2 5 7 8 9 11 13 14 0
4 12 0 2 5 7 8 10 11 13 14 1
4 12 0 2 5 7 9 10 11 13 14 1
4 12 0 2 5 8 9 10 11 13 14 1.41421
4 12 0 2 6 7 8 9 10 11 13 0
4 12 0 2 6 7 8 9 10 11 14 1
4 12 0 2 6 7 8 9 10 13 14 1
4 12 0 2 6 7 8 9 11 13 14 0
4 12 0 2 6 7 8 10 11 13 14 0
4 12 0 2 6 7 9 10 11 13 14 1
4 12 0 2 6 8 9 10 11 13 14 1.73205
4 12 0 2 7 8 9 10 11 13 14 0
4 12 0 3 5 6 7 8 9 10 11 1.41421
4 12 0 3 5 6 7 8 9 10 13 1
4 12 0 3 5 6 7 8 9 10 14 1.41421
4 12 0 3 5 6 7 8 9 11 13 1
4 12 0 3 5 6 7 8 9 11 14 1.41421
4 12 0 3 5 6 7 8 9 13 14 1
4 12 0 3 5 6 7 8 10 11 13 1
4 12 0 3 5 6 7 8 10 11 14 1.41421
4 12 0 3 5 6 7 8 10 13 14 1
4 12 0 3 5 6 7 8 11 13 14 1
4 12 0 3 5 6 7 9 10 11 13 1.41421
4 12 0 3 5 6 7 9 10 11 14 1.73205
4 12 0 3 5 6 7 9 10 13 14 1.41421
4 12 0 3 5 6 7 9 11 13 14 1.62019
4 12 0 3 5 6 7 10 11 13 14 1.41421
4 12 0 3 5 6 8 9 10 11 13 1.41421
4 12 0 3 5 6 8 9 10 11 14 1.73205
4 12 0 3 5 6 8 9 10 13 14 1.41421
4 12 0 3 5 6 8 9 11 13 14 1.41421
4 12 0 3 5 6 8 10 11 13 14 1.41421
4 12 0 3 5 6 9 10 11 13 14 1.73205
4 12 0 3 5 7 8 9 10 11 13 1
4 12 0 3 5 7 8 9 10 11 14 1.41421
4 12 0 3 5 7 8 9 10 13 14 1
4 12 0 3 5 7 8 9 11 13 14 1
4 12 0 3 5 7 8 10 11 13 14 1
4 12 0 3 5 7 9 10 11 13 14 1.41421
4 12 0 3 5 8 9 10 11 13 14 1.41421
4 12 0 3 6 7 8 9 10 11 13 1.41421
4 12 0 3 6 7 8 9 10 11 14 1.62019
4 12 0 3 6 7 8 9 10 13 14 1.41421
4 12 0 3 6 7 8 9 11 13 14 1.41421
4 12 0 3 6 7 8 10 11 13 14 1.41421
4 12 0 3 6 7 9 10 11 13 14 1.62019
4 12 0 3 6 8 9 10 11 13 14 2
4 12 0 3 7 8 9 10 11 13 14 1.41421
4 12 0 5 6 7 8 9 10 11 13 1.41421
4 12 0 5 6 7 8 9 10 11 14 1.62019
4 12 0 5 6 7 8 9 10 13 14 1.62019
4 12 0 5 6 7 8 9 11 13 14 1.41421
4 12 0 5 6 7 8 10 11 13 14 1.41421
4 12 0 5 6 7 9 10 11 13 14 1.62019
4 12 0 5 6 8 9 10 11 13 14 2
4 12 0 5 7 8 9 10 11 13 14 1.41421
4 12 0 6 7 8 9 10 11 13 14 1.73205
4 12 1 2 3 5 6 7 8 9 10 1
4 12 1 2 3 5 6 7 8 9 11 1
4 12 1 2 3 5 6 7 8 9 13 1
4 12 1 2 3 5 6 7 8 9 14 1
4 12 1 2 3 5 6 7 8 10 11 1
4 12 1 2 3 5 6 7 8 10 13 0
4 12 1 2 3 5 6 7 8 10 14 1
4 12 1 2 3 5 6 7 8 11 13 1
4 12 1 2 3 5 6 7 8 11 14 1
4 12 1 2 3 5 6 7 8 13 14 0
4 12 1 2 3 5 6 7 9 10 11 1
4 12 1 2 3 5 6 7 9 10 13 0
4 12 1 2 3 5 6 7 9 10 14 1
4 12 1 2 3 5 6 7 9 11 13 1.41421
4 12 1 2 3 5 6 7 9 11 14 1
4 12 1 2 3 5 6 7 9 13 14 1
4 12 1 2 3 5 6 7 10 11 13 0
4 12 1 2 3 5 6 7 10 11 14 1
4 12 1 2 3 5 6 7 10 13 14 0
4 12 1 2 3 5 6 7 11 13 14 1
4 12 1 2 3 5 6 8 9 10 11 1
4 12 1 2 3 5 6 8 9 10 13 0
4 12 1 2 3 5 6 8 9 10 14 1
4 12 1 2 3 5 6 8 9 11 13 1
4 12 1 2 3 5 6 8 9 11 14 1
4 12 1 2 3 5 6 8 9 13 14 0
4 12 1 2 3 5 6 8 10 11 13 0
4 12 1 2 3 5 6 8 10 11 14 1
4 12 1 2 3 5 6 8 10 13 14 0
4 12 1 2 3 5 6 8 11 13 14 0
4 12 1 2 3 5 6 9 10 11 13 0
4 12 1 2 3 5 6 9 10 11 14 1
4 12 1 2 3 5 6 9 10 13 14 0
4 12 1 2 3 5 6 9 11 13 14 1
4 12 1 2 3 5 6 10 11 13 14 0
4 12 1 2 3 5 7 8 9 10 11 1
4 12 1 2 3 5 7 8 9 10 13 1
4 12 1 2 3 5 7 8 9 10 14 1
4 12 1 2 3 5 7 8 9 11 13 1
4 12 1 2 3 5 7 8 9 11 14 1
4 12 1 2 3 5 7 8 9 13 14 1
4 12 1 2 3 5 7 8 10 11 13 1
4 12 1 2 3 5 7 8 10 11 14 1
4 12 1 2 3 5 7 8 10 13 14 1.41421
4 12 1 2 3 5 7 8 11 13 14 1
4 12 1 2 3 5 7 9 10 11 13 0
4 12 1 2 3 5 7 9 10 11 14 1
4 12 1 2 3 5 7 9 10 13 14 1
4 12 1 2 3 5 7 9 11 13 14 1
4 12 1 2 3 5 7 10 11 13 14 1
4 12 1 2 3 5 8 9 10 11 13 0
4 12 1 2 3 5 8 9 10 11 14 1
4 12 1 2 3 5 8 9 10 13 14 1
4 12 1 2 3 5 8 9 11 13 14 0
4 12 1 2 3 5 8 10 11 13 14 1
4 12 1 2 3 5 9 10 11 13 14 0
4 12 1 2 3 6 7 8 9 10 11 1
4 12 1 2 3 6 7 8 9 10 13 0
4 12 1 2 3 6 7 8 9 10 14 1
4 12 1 2 3 6 7 8 9 11 13 1
4 12 1 2 3 6 7 8 9 11 14 1
4 12 1 2 3 6 7 8 9 13 14 0
4 12 1 2 3 6 7 8 10 11 13 0
4 12 1 2 3 6 7 8 10 11 14 1
4 12 1 2 3 6 7 8 10 13 14 0
4 12 1 2 3 6 7 8 11 13 14 0
4 12 1 2 3 6 7 9 10 11 13 0
4 12 1 2 3 6 7 9 10 11 14 1
4 12 1 2 3 6 7 9 10 13 14 0
4 12 1 2 3 6 7 9 11 13 14 1
4 12 1 2 3 6 7 10 11 13 14 0
4 12 1 2 3 6 8 9 10 11 13 1
4 12 1 2 3 6 8 9 10 11 14 1
4 12 1 2 3 6 8 9 10 13 14 1
4 12 1 2 3 6 8 9 11 13 14 1
4 12 1 2 3 6 8 10 11 13 14 1
4 12 1 2 3 6 9 10 11 13 14 1
4 12 1 2 3 7 8 9 10 11 13 0
4 12 1 2 3 7 8 9 10 11 14 1
4 12 1 2 3 7 8 9 10 13 14 1
4 12 1 2 3 7 8 9 11 13 14 0
4 12 1 2 3 7 8 10 11 13 14 1
4 12 1 2 3 7 9 10 11 13 14 0
4 12 1 2 3 8 9 10 11 13 14 1
4 12 1 2 5 6 7 8 9 10 11 1
4 12 1 2 5 6 7 8 9 10 13 1
4 12 1 2 5 6 7 8 9 10 14 1
4 12 1 2 5 6 7 8 9 11 13 1
4 12 1 2 5 6 7 8 9 11 14 1
4 12 1 2 5 6 7 8 9 13 14 1
4 12 1 2 5 6 7 8 10 11 13 0
4 12 1 2 5 6 7 8 10 11 14 1
4 12 1 2 5 6 7 8 10 13 14 1
4 12 1 2 5 6 7 8 11 13 14 0
4 12 1 2 5 6 7 9 10 11 13 0
4 12 1 2 5 6 7 9 10 11 14 1
4 12 1 2 5 6 7 9 10 13 14 1
4 12 1 2 5 6 7 9 11 13 14 1
4 12 1 2 5 6 7 10 11 13 14 0
4 12 1 2 5 6 8 9 10 11 13 1
4 12 1 2 5 6 8 9 10 11 14 1
4 12 1 2 5 6 8 9 10 13 14 1.41421
4 12 1 2 5 6 8 9 11 13 14 1
4 12 1 2 5 6 8 10 11 13 14 1
4 12 1 2 5 6 9 10 11 13 14 1
4 12 1 2 5 7 8 9 10 11 13 0
4 12 1 2 5 7 8 9 10 11 14 1
4 12 1 2 5 7 8 9 10 13 14 1.41421
4 12 1 2 5 7 8 9 11 13 14 0
4 12 1 2 5 7 8 10 11 13 14 1
4 12 1 2 5 7 9 10 11 13 14 0
4 12 1 2 5 8 9 10 11 13 14 1
4 12 1 2 6 7 8 9 10 11 13 0
4 12 1 2 6 7 8 9 10 11 14 1
4 12 1 2 6 7 8 9 10 13 14 1
4 12 1 2 6 7 8 9 11 13 14 0
4 12 1 2 6 7 8 10 11 13 14 0
4 12 1 2 6 7 9 10 11 13 14 0
4 12 1 2 6 8 9 10 11 13 14 1.41421
4 12 1 2 7 8 9 10 11 13 14 0
4 12 1 3 5 6 7 8 9 10 11 1
4 12 1 3 5 6 7 8 9 10 13 0
4 12 1 3 5 6 7 8 9 10 14 1
4 12 1 3 5 6 7 8 9 11 13 1
4 12 1 3 5 6 7 8 9 11 14 1
4 12 1 3 5 6 7 8 9 13 14 0
4 12 1 3 5 6 7 8 10 11 13 0
4 12 1 3 5 6 7 8 10 11 14 1
4 12 1 3 5 6 7 8 10 13 14 0
4 12 1 3 5 6 7 8 11 13 14 0
4 12 1 3 5 6 7 9 10 11 13 0
4 12 1 3 5 6 7 9 10 11 14 1
4 12 1 3 5 6 7 9 10 13 14 0
4 12 1 3 5 6 7 9 11 13 14 1
4 12 1 3 5 6 7 10 11 13 14 0
4 12 1 3 5 6 8 9 10 11 13 0
4 12 1 3 5 6 8 9 10 11 14 1
4 12 1 3 5 6 8 9 10 13 14 0
4 12 1 3 5 6 8 9 11 13 14 0
4 12 1 3 5 6 8 10 11 13 14 0
4 12 1 3 5 6 9 10 11 13 14 0
4 12 1 3 5 7 8 9 10 11 13 0
4 12 1 3 5 7 8 9 10 11 14 1
4 12 1 3 5 7 8 9 10 13 14 1
4 12 1 3 5 7 8 9 11 13 14 0
4 12 1 3 5 7 8 10 11 13 14 1
4 12 1 3 5 7 9 10 11 13 14 0
4 12 1 3 5 8 9 10 11 13 14 0
4 12 1 3 6 7 8 9 10 11 13 1
4 12 1 3 6 7 8 9 10 11 14 1
4 12 1 3 6 7 8 9 10 13 14 1
4 12 1 3 6 7 8 9 11 13 14 1
4 12 1 3 6 7 8 10 11 13 14 1
4 12 1 3 6 7 9 10 11 13 14 1
4 12 1 3 6 8 9 10 11 13 14 1.41421
4 12 1 3 7 8 9 10 11 13 14 1
4 12 1 5 6 7 8 9 10 11 13 1
4 12 1 5 6 7 8 9 10 11 14 1
4 12 1 5 6 7 8 9 10 13 14 1.41421
4 12 1 5 6 7 8 9 11 13 14 1
4 12 1 5 6 7 8 10 11 13 14 1
4 12 1 5 6 7 9 10 11 13 14 1
4 12 1 5 6 8 9 10 11 13 14 1.41421
4 12 1 5 7 8 9 10 11 13 14 1
4 12 1 6 7 8 9 10 11 13 14 1.41421
4 12 2 3 5 6 7 8 9 10 11 1.41421
4 12 2 3 5 6 7 8 9 10 13 0
4 12 2 3 5 6 7 8 9 10 14 1.41421
4 12 2 3 5 6 7 8 9 11 13 1
4 12 2 3 5 6 7 8 9 11 14 1.41421
4 12 2 3 5 6 7 8 9 13 14 0
4 12 2 3 5 6 7 8 10 11 13 0
4 12 2 3 5 6 7 8 10 11 14 1.41421
4 12 2 3 5 6 7 8 10 13 14 0
4 12 2 3 5 6 7 8 11 13 14 0
4 12 2 3 5 6 7 9 10 11 13 1
4 12 2 3 5 6 7 9 10 11 14 1.62019
4 12 2 3 5 6 7 9 10 13 14 1
4 12 2 3 5 6 7 9 11 13 14 1.41421
4 12 2 3 5 6 7 10 11 13 14 1
4 12 2 3 5 6 8 9 10 11 13 1
4 12 2 3 5 6 8 9 10 11 14 1.62019
4 12 2 3 5 6 8 9 10 13 14 1
4 12 2 3 5 6 8 9 11 13 14 1
4 12 2 3 5 6 8 10 11 13 14 1
4 12 2 3 5 6 9 10 11 13 14 1.41421
4 12 2 3 5 7 8 9 10 11 13 0
4 12 2 3 5 7 8 9 10 11 14 1.41421
4 12 2 3 5 7 8 9 10 13 14 1
4 12 2 3 5 7 8 9 11 13 14 0
4 12 2 3 5 7 8 10 11 13 14 1
4 12 2 3 5 7 9 10 11 13 14 1
4 12 2 3 5 8 9 10 11 13 14 1
4 12 2 3 6 7 8 9 10 11 13 0
4 12 2 3 6 7 8 9 10 11 14 1.41421
4 12 2 3 6 7 8 9 10 13 14 0
4 12 2 3 6 7 8 9 11 13 14 0
4 12 2 3 6 7 8 10 11 13 14 0
4 12 2 3 6 7 9 10 11 13 14 1
4 12 2 3 6 8 9 10 11 13 14 1.41421
4 12 2 3 7 8 9 10 11 13 14 0
4 12 2 5 6 7 8 9 10 11 13 0
4 12 2 5 6 7 8 9 10 11 14 1.41421
4 12 2 5 6 7 8 9 10 13 14 1
4 12 2 5 6 7 8 9 11 13 14 0
4 12 2 5 6 7 8 10 11 13 14 0
4 12 2 5 6 7 9 10 11 13 14 1
4 12 2 5 6 8 9 10 11 13 14 1.41421
4 12 2 5 7 8 9 10 11 13 14 0
4 12 2 6 7 8 9 10 11 13 14 0
4 12 3 5 6 7 8 9 10 11 13 1
4 12 3 5 6 7 8 9 10 11 14 1.62019
4 12 3 5 6 7 8 9 10 13 14 1
4 12 3 5 6 7 8 9 11 13 14 1
4 12 3 5 6 7 8 10 11 13 14 1
4 12 3 5 6 7 9 10 11 13 14 1.41421
4 12 3 5 6 8 9 10 11 13 14 1.41421
4 12 3 5 7 8 9 10 11 13 14 1
4 12 3 6 7 8 9 10 11 13 14 1.41421
4 12 5 6 7 8 9 10 11 13 14 1.41421
