0 4 1 2 1.81265
0 4 1 3 1.41421
0 4 1 5 1.90693
0 4 1 6 2.13664
0 4 1 7 1.81265
0 4 1 8 2.19089
0 4 1 9 2.16025
0 4 1 10 2.19089
0 4 1 11 2
0 4 1 12 2.19089
0 4 1 13 2.19089
0 4 1 14 2.19089
0 4 2 3 2.16556
0 4 2 5 2.22159
0 4 2 6 2.27689
0 4 2 7 1.90693
0 4 2 8 2.09069
0 4 2 9 2.27907
0 4 2 10 2.22892
0 4 2 11 2.23846
0 4 2 12 2.14542
0 4 2 13 2.14542
0 4 2 14 2.27395
0 4 3 5 2.29907
0 4 3 6 2.49313
0 4 3 7 2.16556
0 4 3 8 2.28709
0 4 3 9 2.49313
0 4 3 10 2.44831
0 4 3 11 2.49313
0 4 3 12 2.33699
0 4 3 13 2.33699
0 4 3 14 2.48193
0 4 5 6 2.57391
0 4 5 7 2.22159
0 4 5 8 2.389
0 4 5 9 2.54598
0 4 5 10 2.51534
0 4 5 11 2.49313
0 4 5 12 2.43521
0 4 5 13 2.43521
0 4 5 14 2.54674
0 4 6 7 2.27689
0 4 6 8 2.66231
0 4 6 9 2.77146
0 4 6 10 2.75936
0 4 6 11 2.73434
0 4 6 12 2.67896
0 4 6 13 2.67896
0 4 6 14 2.77498
0 4 7 8 2.09069
0 4 7 9 2.27907
0 4 7 10 2.22892
0 4 7 11 2.23846
0 4 7 12 2.14542
0 4 7 13 2.14542
0 4 7 14 2.27395
0 4 8 9 2.67435
0 4 8 10 2.68408
0 4 8 11 2.61406
0 4 8 12 2.64575
0 4 8 13 2.64575
0 4 8 14 2.68408
0 4 9 10 2.7663
0 4 9 11 2.73434
0 4 9 12 2.68845
0 4 9 13 2.68845
0 4 9 14 2.77766
0 4 10 11 2.71343
0 4 10 12 2.68408
0 4 10 13 2.68408
0 4 10 14 2.76819
0 4 11 12 2.62202
0 4 11 13 2.62202
0 4 11 14 2.72385
0 4 12 13 2.63923
0 4 12 14 2.69472
0 4 13 14 2.69472
