0 1
1 2
2 0
3 1
3 2
4 2
4 1
5 1
5 0
6 3
6 1
7 6
7 2
8 6
8 3
9 6
9 3
10 6
10 2
11 2
11 5
12 0
12 6
13 12
13 8
14 12
14 4
15 4
15 12
16 2
16 15
17 6
17 3
18 3
18 0
19 1
19 7
20 4
20 2
21 15
21 2
22 0
22 1
23 15
23 0
24 1
24 4
25 1
25 7
26 25
26 6
27 15
27 23
28 19
28 24
29 17
29 3
30 6
30 1
31 8
31 1
32 1
32 2
33 4
33 15
34 27
34 2
35 17
35 23
36 24
36 2
37 2
37 15
38 16
38 2
39 30
39 22
40 2
40 1
41 28
41 8
42 3
42 6
43 10
43 28
44 15
44 16
45 24
45 2
46 10
46 35
47 23
47 34
48 6
48 14
49 46
49 10
50 25
50 1
51 45
51 18
52 8
52 2
53 4
53 17
54 4
54 5
55 10
55 50
56 40
56 1
57 0
57 33
58 40
58 53
59 58
59 25
60 58
60 17
61 6
61 15
62 9
62 46
63 23
63 15
64 19
64 6
65 4
65 43
66 40
66 60
67 12
67 10
68 3
68 12
69 4
69 2
70 54
70 1
71 0
71 35
72 5
72 11
73 58
73 68
74 6
74 21
75 14
75 54
76 25
76 3
77 12
77 2
78 1
78 56
79 50
79 14
80 23
80 70
81 68
81 2
82 68
82 14
83 0
83 53
84 7
84 35
85 50
85 83
86 17
86 1
87 60
87 10
88 9
88 6
89 64
89 16
90 69
90 28
91 45
91 74
92 11
92 45
93 14
93 13
94 69
94 10
95 17
95 12
96 30
96 68
97 40
97 57
98 1
98 33
99 11
99 15
100 35
100 4
101 17
101 13
102 21
102 91
103 28
103 13
104 10
104 102
105 2
105 35
106 75
106 58
107 97
107 2
108 97
108 16
109 1
109 2
110 40
110 13
111 30
111 1
112 104
112 82
113 65
113 55
114 1
114 64
115 35
115 91
116 3
116 110
117 5
117 16
118 104
118 30
119 117
119 15
120 14
120 28
121 28
121 70
122 24
122 41
123 58
123 53
124 68
124 19
125 104
125 1
126 33
126 51
127 32
127 23
128 7
128 6
129 35
129 37
130 10
130 57
131 3
131 119
132 2
132 127
133 74
133 3
134 121
134 68
135 40
135 1
136 96
136 17
137 72
137 24
138 121
138 6
139 15
139 92
140 10
140 40
141 0
141 53
142 37
142 17
143 127
143 17
144 3
144 0
145 91
145 15
146 90
146 77
147 79
147 23
148 45
148 8
149 15
149 36
150 19
150 17
151 2
151 56
152 3
152 30
153 147
153 90
154 41
154 106
155 86
155 0
156 58
156 31
157 138
157 2
158 15
158 137
159 14
159 15
160 104
160 40
161 33
161 2
162 58
162 89
163 14
163 1
164 47
164 6
165 6
165 88
166 133
166 2
167 14
167 106
168 28
168 147
169 36
169 26
170 104
170 1
171 115
171 1
172 16
172 23
173 53
173 102
174 91
174 18
175 96
175 79
176 82
176 35
177 106
177 123
178 48
178 23
179 33
179 148
180 19
180 130
181 1
181 92
182 177
182 157
183 34
183 5
184 23
184 35
185 1
185 9
186 6
186 41
187 121
187 34
188 1
188 37
189 5
189 45
190 51
190 53
191 77
191 114
192 7
192 14
193 17
193 16
194 52
194 171
195 8
195 16
196 5
196 32
197 92
197 106
198 32
198 16
199 75
199 17
200 17
200 5
201 100
201 12
202 11
202 7
203 4
203 115
204 165
204 104
205 28
205 82
206 119
206 4
207 96
207 88
208 6
208 33
209 105
209 197
210 2
210 169
211 52
211 25
212 119
212 35
213 148
213 207
214 42
214 11
215 141
215 72
216 102
216 65
217 104
217 68
218 55
218 0
219 11
219 97
220 205
220 183
221 31
221 136
222 21
222 82
223 1
223 6
224 45
224 86
225 11
225 146
226 46
226 2
227 82
227 15
228 41
228 2
229 68
229 49
230 204
230 82
231 28
231 4
232 100
232 1
233 36
233 14
234 1
234 64
235 35
235 26
236 36
236 172
237 12
237 142
238 1
238 12
239 7
239 28
240 169
240 28
241 68
241 0
242 70
242 33
243 207
243 52
244 164
244 218
245 40
245 221
246 33
246 198
247 40
247 104
248 19
248 56
249 192
249 31
250 123
250 9
251 92
251 185
252 207
252 230
253 1
253 68
254 10
254 19
255 12
255 107
256 235
256 11
257 17
257 162
258 236
258 1
259 176
259 97
260 23
260 152
261 104
261 3
262 52
262 3
263 125
263 40
264 50
264 38
265 3
265 40
266 19
266 99
267 28
267 2
268 104
268 105
269 6
269 8
270 155
270 1
271 41
271 77
272 253
272 35
273 65
273 98
274 235
274 88
275 58
275 248
276 242
276 19
277 154
277 148
278 4
278 70
279 188
279 6
280 15
280 32
281 102
281 107
282 268
282 2
283 129
283 9
284 31
284 41
285 4
285 7
286 42
286 168
287 13
287 183
288 87
288 10
289 281
289 53
290 17
290 19
291 52
291 175
292 48
292 37
293 160
293 79
294 3
294 68
295 274
295 92
296 170
296 36
297 33
297 68
298 2
298 274
299 70
299 273
300 46
300 83
301 11
301 242
302 6
302 1
303 207
303 67
304 219
304 214
305 60
305 106
306 2
306 130
307 274
307 11
308 221
308 55
309 15
309 281
310 251
310 14
311 185
311 25
312 301
312 182
313 204
313 3
314 216
314 21
315 309
315 25
316 92
316 241
317 6
317 109
318 1
318 58
319 3
319 11
320 115
320 59
321 50
321 13
322 75
322 80
323 106
323 8
324 61
324 220
325 19
325 116
326 19
326 146
327 195
327 3
328 33
328 14
329 1
329 235
330 1
330 14
331 205
331 160
332 23
332 54
333 307
333 2
334 204
334 83
335 33
335 281
336 5
336 0
337 17
337 60
338 3
338 131
339 68
339 121
340 121
340 61
341 50
341 17
342 237
342 1
343 17
343 14
344 204
344 229
345 130
345 266
346 131
346 189
347 204
347 235
348 103
348 33
349 250
349 53
350 204
350 51
351 4
351 334
352 106
352 60
353 25
353 41
354 126
354 1
355 85
355 68
356 157
356 55
357 80
357 36
358 17
358 41
359 58
359 11
360 189
360 100
361 234
361 57
362 19
362 361
363 1
363 85
364 52
364 48
365 23
365 258
366 1
366 88
367 60
367 53
368 33
368 218
369 4
369 10
370 169
370 51
371 177
371 319
372 259
372 240
373 2
373 35
374 290
374 156
375 315
375 15
376 144
376 106
377 17
377 204
378 157
378 310
379 292
379 28
380 0
380 114
381 254
381 115
382 23
382 52
383 250
383 346
384 210
384 25
385 183
385 137
386 91
386 184
387 1
387 162
388 6
388 137
389 221
389 14
390 379
390 6
391 128
391 36
392 141
392 22
393 19
393 2
394 350
394 50
395 287
395 274
396 51
396 191
397 318
397 32
398 138
398 64
399 47
399 187
400 3
400 4
401 4
401 45
402 17
402 15
403 41
403 121
404 11
404 86
405 19
405 86
406 55
406 120
407 88
407 24
408 164
408 15
409 20
409 148
410 318
410 117
411 19
411 60
412 17
412 104
413 52
413 199
414 189
414 23
415 45
415 210
416 268
416 80
417 43
417 131
418 235
418 289
419 317
419 0
420 287
420 52
421 52
421 109
422 260
422 2
423 252
423 24
424 127
424 85
425 380
425 138
426 153
426 245
427 40
427 6
428 40
428 179
429 255
429 45
430 8
430 176
431 302
431 409
432 1
432 92
433 1
433 185
434 336
434 17
435 2
435 110
436 2
436 326
437 93
437 133
438 23
438 60
439 2
439 300
440 195
440 75
441 2
441 24
442 2
442 50
443 117
443 175
444 254
444 241
445 40
445 366
446 56
446 1
447 11
447 228
448 71
448 229
449 52
449 91
450 402
450 216
451 56
451 14
452 108
452 156
453 380
453 130
454 16
454 202
455 17
455 80
456 137
456 5
457 244
457 0
458 11
458 405
459 117
459 453
460 0
460 89
461 230
461 48
462 112
462 111
463 171
463 453
464 210
464 262
465 114
465 80
466 66
466 35
467 377
467 148
468 368
468 92
469 148
469 331
470 77
470 439
471 12
471 127
472 390
472 17
473 301
473 80
474 268
474 17
475 308
475 207
476 286
476 61
477 4
477 286
478 244
478 86
479 257
479 14
480 443
480 5
481 69
481 41
482 54
482 24
483 2
483 45
484 138
484 395
485 215
485 250
486 171
486 1
487 358
487 11
488 129
488 290
489 8
489 479
490 58
490 64
491 50
491 33
492 2
492 52
493 75
493 58
494 15
494 297
495 210
495 48
496 206
496 458
497 193
497 37
498 319
498 24
499 287
499 257
500 265
500 106
501 52
501 339
502 205
502 189
503 12
503 309
504 215
504 61
505 6
505 14
506 415
506 504
507 485
507 81
508 26
508 23
509 15
509 50
510 17
510 33
511 295
511 3
512 35
512 2
513 58
513 431
514 52
514 11
515 80
515 126
516 214
516 436
517 116
517 171
518 394
518 253
519 104
519 367
520 17
520 382
521 2
521 40
522 161
522 32
523 13
523 10
524 380
524 162
525 425
525 79
526 250
526 378
527 309
527 120
528 470
528 281
529 474
529 20
530 65
530 1
531 364
531 3
532 92
532 48
533 421
533 282
534 68
534 39
535 434
535 309
536 453
536 4
537 7
537 6
538 58
538 7
539 197
539 1
540 52
540 457
541 41
541 3
542 387
542 444
543 19
543 78
544 68
544 69
545 412
545 407
546 340
546 472
547 489
547 85
548 274
548 14
549 31
549 38
550 364
550 45
551 2
551 257
552 5
552 342
553 525
553 19
554 381
554 17
555 58
555 415
556 204
556 52
557 385
557 55
558 5
558 249
559 80
559 360
560 240
560 184
561 40
561 56
562 14
562 346
563 235
563 260
564 217
564 17
565 429
565 502
566 274
566 13
567 42
567 4
568 2
568 40
569 244
569 6
570 441
570 63
571 260
571 209
572 178
572 438
573 6
573 542
574 86
574 242
575 107
575 257
576 95
576 342
577 64
577 2
578 318
578 1
579 15
579 214
580 463
580 280
581 83
581 19
582 55
582 75
583 367
583 13
584 5
584 239
585 447
585 4
586 16
586 70
587 419
587 21
588 38
588 115
589 68
589 474
590 19
590 554
591 198
591 171
592 45
592 205
593 379
593 586
594 148
594 10
595 511
595 24
596 217
596 155
597 35
597 119
598 11
598 19
599 16
599 74
600 459
600 586
601 405
601 68
602 48
602 1
603 21
603 58
604 1
604 188
605 50
605 13
606 45
606 184
607 268
607 11
608 6
608 88
609 412
609 335
610 104
610 535
611 4
611 9
612 286
612 127
613 77
613 40
614 123
614 104
615 35
615 244
616 518
616 491
617 280
617 75
618 90
618 491
619 102
619 507
620 26
620 507
621 4
621 96
622 324
622 106
623 41
623 77
624 225
624 252
625 419
625 61
626 270
626 398
627 17
627 118
628 332
628 6
629 15
629 16
630 152
630 61
631 36
631 61
632 74
632 20
633 343
633 1
634 77
634 179
635 0
635 187
636 254
636 201
637 244
637 347
638 15
638 52
639 395
639 87
640 184
640 196
641 123
641 108
642 17
642 2
643 12
643 229
644 114
644 152
645 2
645 1
646 103
646 586
647 281
647 100
648 603
648 294
649 130
649 202
650 15
650 241
651 542
651 19
652 22
652 463
653 157
653 19
654 191
654 257
655 155
655 252
656 186
656 1
657 15
657 626
658 8
658 438
659 156
659 398
660 485
660 450
661 104
661 77
662 540
662 339
663 30
663 656
664 57
664 481
665 392
665 19
666 111
666 94
667 9
667 197
668 609
668 16
669 305
669 86
670 32
670 6
671 204
671 468
672 247
672 60
673 178
673 10
674 367
674 16
675 10
675 273
676 56
676 161
677 165
677 285
678 571
678 356
679 491
679 30
680 173
680 2
681 434
681 377
682 326
682 82
683 290
683 325
684 275
684 657
685 274
685 290
686 545
686 447
687 214
687 23
688 335
688 633
689 27
689 68
690 185
690 274
691 83
691 302
692 155
692 67
693 33
693 150
694 243
694 1
695 70
695 6
696 407
696 23
697 192
697 318
698 436
698 15
699 68
699 235
700 405
700 177
701 75
701 14
702 138
702 2
703 35
703 68
704 657
704 19
705 217
705 36
706 644
706 232
707 1
707 197
708 72
708 707
709 41
709 637
710 457
710 702
711 162
711 10
712 258
712 10
713 677
713 415
714 332
714 20
715 2
715 428
716 394
716 17
717 10
717 2
718 19
718 244
719 634
719 514
720 19
720 165
721 308
721 380
722 26
722 3
723 22
723 58
724 594
724 206
725 389
725 291
726 6
726 0
727 575
727 290
728 16
728 463
729 364
729 119
730 495
730 350
731 148
731 703
732 519
732 221
733 609
733 369
734 237
734 6
735 315
735 333
736 435
736 310
737 239
737 151
738 53
738 448
739 49
739 13
740 433
740 389
741 281
741 53
742 68
742 153
743 77
743 76
744 198
744 176
745 372
745 75
746 369
746 156
747 186
747 52
748 732
748 244
749 178
749 187
750 555
750 437
751 527
751 8
752 295
752 433
753 8
753 441
754 233
754 561
755 15
755 31
756 205
756 286
757 319
757 688
758 433
758 738
759 404
759 340
760 258
760 71
761 463
761 2
762 256
762 18
763 19
763 411
764 728
764 683
765 258
765 700
766 91
766 270
767 53
767 463
768 277
768 241
769 58
769 625
770 287
770 391
771 119
771 165
772 16
772 15
773 141
773 241
774 758
774 244
775 25
775 318
776 41
776 77
777 108
777 197
778 8
778 10
779 197
779 162
780 289
780 449
781 540
781 13
782 6
782 35
783 0
783 227
784 156
784 766
785 36
785 120
786 487
786 618
787 691
787 116
788 404
788 28
789 527
789 629
790 80
790 36
791 13
791 458
792 68
792 198
793 761
793 620
794 353
794 115
795 709
795 681
796 32
796 377
797 592
797 15
798 138
798 381
799 6
799 150
800 761
800 8
801 188
801 505
802 309
802 2
803 332
803 2
804 4
804 731
805 45
805 19
806 153
806 12
807 688
807 791
808 309
808 518
809 310
809 258
810 10
810 606
811 789
811 27
812 597
812 91
813 6
813 681
814 613
814 35
815 613
815 757
816 463
816 643
817 153
817 32
818 774
818 171
819 285
819 540
820 207
820 14
821 781
821 30
822 303
822 817
823 8
823 242
824 13
824 726
825 17
825 88
826 482
826 233
827 332
827 255
828 429
828 5
829 213
829 367
830 138
830 595
831 58
831 8
832 577
832 525
833 33
833 734
834 548
834 233
835 802
835 434
836 37
836 650
837 405
837 215
838 448
838 10
839 613
839 830
840 789
840 241
841 580
841 339
842 463
842 786
843 403
843 661
844 35
844 507
845 138
845 589
846 103
846 107
847 749
847 633
848 192
848 622
849 178
849 217
850 347
850 75
851 171
851 518
852 187
852 626
853 32
853 735
854 702
854 204
855 63
855 568
856 789
856 394
857 27
857 388
858 569
858 7
859 142
859 15
860 540
860 17
861 56
861 4
862 64
862 34
863 482
863 505
864 757
864 102
865 10
865 626
866 176
866 15
867 114
867 856
868 734
868 119
869 377
869 53
870 56
870 391
871 213
871 14
872 40
872 649
873 579
873 52
874 200
874 155
875 382
875 720
876 767
876 872
877 108
877 133
878 155
878 1
879 110
879 74
880 471
880 120
881 362
881 221
882 134
882 364
883 694
883 635
884 673
884 179
885 4
885 11
886 462
886 405
887 405
887 247
888 6
888 41
889 507
889 883
890 235
890 694
891 662
891 588
892 1
892 766
893 508
893 1
894 15
894 797
895 153
895 424
896 280
896 549
897 47
897 612
898 10
898 575
899 840
899 513
900 835
900 192
901 56
901 501
902 194
902 417
903 11
903 488
904 802
904 541
905 757
905 9
906 19
906 458
907 14
907 258
908 30
908 643
909 41
909 178
910 595
910 377
911 135
911 274
912 117
912 800
913 249
913 578
914 15
914 10
915 92
915 555
916 788
916 348
917 218
917 666
918 215
918 34
919 318
919 726
920 422
920 33
921 384
921 744
922 463
922 145
923 106
923 618
924 507
924 15
925 10
925 17
926 852
926 530
927 524
927 309
928 348
928 60
929 55
929 554
930 310
930 462
931 1
931 10
932 575
932 657
933 10
933 119
934 86
934 231
935 254
935 831
936 10
936 609
937 81
937 45
938 326
938 25
939 831
939 844
940 582
940 215
941 223
941 2
942 138
942 448
943 609
943 627
944 205
944 68
945 362
945 244
946 117
946 206
947 480
947 45
948 538
948 746
949 80
949 608
950 204
950 770
951 456
951 335
952 2
952 217
953 437
953 641
954 445
954 726
955 119
955 732
956 321
956 424
957 438
957 106
958 525
958 84
959 340
959 266
960 256
960 119
961 858
961 4
962 306
962 30
963 956
963 501
964 703
964 748
965 5
965 217
966 760
966 16
967 373
967 923
968 657
968 2
969 655
969 156
970 521
970 4
971 714
971 226
972 314
972 8
973 104
973 45
974 209
974 12
975 275
975 257
976 8
976 382
977 2
977 235
978 472
978 52
979 131
979 168
980 593
980 284
981 532
981 64
982 68
982 137
983 749
983 831
984 978
984 11
985 557
985 171
986 13
986 41
987 957
987 102
988 192
988 747
989 110
989 923
990 741
990 36
991 52
991 146
992 3
992 158
993 146
993 791
994 104
994 235
995 709
995 570
996 904
996 853
997 948
997 253
998 11
998 282
999 18
999 19
