2
1
6
19
20
31
7
41
10
0
3
11
4
38
37
14
9
125
33
79
17
124
32
18
40
74
5
181
21
113
84
12
104
61
16
58
36
54
109
75
120
141
111
131
34
221
30
27
15
25
64
73
50
28
271
83
408
85
195
194
149
327
136
8
62
182
154
94
71
45
102
110
60
145
116
315
22
162
98
209
217
187
355
86
178
192
522
471
127
91
287
138
26
29
307
157
23
161
101
76
474
106
628
310
78
42
68
59
52
256
540
279
89
208
175
88
43
250
13
144
93
179
184
80
199
322
133
56
527
390
128
24
269
216
159
99
148
434
70
152
123
433
253
414
450
694
100
191
220
316
293
373
237
107
447
298
202
504
189
222
350
430
261
95
377
439
363
77
164
204
66
407
380
330
81
188
239
223
467
341
114
282
260
482
108
147
542
558
57
458
118
158
163
226
190
167
235
105
545
122
224
356
301
135
365
142
264
448
212
839
705
218
238
294
151
417
44
721
233
270
246
400
530
291
543
229
67
324
82
420
308
225
614
592
354
47
168
470
299
626
55
404
103
396
554
431
646
313
749
262
69
340
393
112
452
278
375
672
90
228
48
531
274
283
386
512
526
410
156
643
835
553
134
311
219
500
621
383
389
413
587
415
507
245
460
590
155
314
255
129
331
481
514
210
257
378
503
602
432
63
342
317
335
49
784
143
53
197
523
320
442
455
596
416
479
249
92
899
240
490
343
933
150
808
247
565
845
712
435
615
384
290
698
491
332
186
519
370
510
538
438
807
494
169
411
227
441
653
791
305
174
265
300
678
172
620
177
738
406
582
605
802
551
115
859
693
428
252
539
379
812
586
334
639
244
572
344
827
369
242
401
421
488
176
364
677
509
359
848
719
96
362
241
603
506
422
673
805
368
198
203
844
419
892
394
591
153
468
577
382
276
598
267
478
691
360
347
562
520
651
461
630
886
231
349
318
962
215
609
477
397
629
830
487
456
463
475
581
632
206
604
160
398
321
46
783
790
552
132
574
399
173
121
391
361
696
744
720
493
570
647
814
786
319
309
625
662
734
666
443
403
165
35
366
686
635
732
633
387
284
412
737
214
140
234
211
521
345
505
183
426
567
409
508
185
277
498
556
525
213
39
201
297
205
72
445
664
648
775
585
273
710
853
903
333
761
773
882
978
682
597
938
674
873
423
965
518
936
917
818
918
836
989
766
742
782
676
258
608
549
453
994
967
860
533
381
171
679
496
799
980
788
695
876
352
668
819
65
528
975
947
595
856
842
971
877
659
796
777
601
922
665
896
292
711
464
905
943
624
51
302
735
568
974
180
754
130
564
457
729
560
952
945
459
870
902
972
146
392
429
954
708
687
847
139
964
675
772
748
833
536
606
437
940
823
752
908
385
486
286
722
921
914
806
645
951
561
704
925
706
594
771
900
196
473
709
550
858
268
927
599
874
838
770
998
895
935
501
891
339
901
236
588
329
669
990
881
638
275
913
756
792
841
988
499
251
454
960
607
924
948
912
889
864
717
516
726
973
910
537
690
715
846
804
622
944
745
728
451
580
789
700
405
272
779
795
337
557
904
304
613
644
929
546
811
768
840
137
759
583
849
576
986
979
357
915
736
890
753
981
741
816
627
358
243
963
484
713
338
762
654
702
930
727
869
289
820
661
966
650
888
977
999
248
968
941
822
958
923
200
502
928
992
961
87
781
535
769
909
548
862
263
559
689
855
697
987
336
867
743
821
658
207
824
684
937
617
288
871
739
723
898
534
996
631
671
575
875
636
911
472
374
616
642
857
957
699
831
610
348
388
449
955
446
612
623
544
425
547
837
476
660
751
326
541
861
280
703
637
750
681
657
939
232
733
489
995
780
740
641
797
424
372
511
825
254
230
934
444
593
852
865
649
563
879
652
984
296
970
868
367
755
716
569
942
926
600
328
997
97
809
982
983
667
801
573
532
323
793
578
730
351
885
813
850
724
851
303
395
760
619
916
485
834
618
991
555
794
919
571
462
946
193
747
969
931
306
529
656
325
880
767
953
897
932
810
776
725
418
798
524
589
884
495
655
119
959
517
763
906
427
579
680
758
817
764
492
436
815
170
765
312
346
872
878
893
353
829
785
746
803
832
515
863
376
976
866
985
774
483
566
883
688
259
126
465
281
440
266
707
757
907
692
166
611
894
513
718
854
685
887
640
956
778
402
826
701
949
670
663
285
480
787
466
714
800
843
828
731
920
634
683
497
950
295
584
371
993
117
469
