1 8 0 2 3 4 5 6 7 9 1
1 8 0 2 3 4 5 6 7 10 0
1 8 0 2 3 4 5 6 7 11 1
1 8 0 2 3 4 5 6 7 12 1
1 8 0 2 3 4 5 6 7 13 1
1 8 0 2 3 4 5 6 7 14 0
1 8 0 2 3 4 5 6 9 10 0
1 8 0 2 3 4 5 6 9 11 1
1 8 0 2 3 4 5 6 9 12 1
1 8 0 2 3 4 5 6 9 13 1
1 8 0 2 3 4 5 6 9 14 0
1 8 0 2 3 4 5 6 10 11 0
1 8 0 2 3 4 5 6 10 12 0
1 8 0 2 3 4 5 6 10 13 0
1 8 0 2 3 4 5 6 10 14 0
1 8 0 2 3 4 5 6 11 12 1
1 8 0 2 3 4 5 6 11 13 1
1 8 0 2 3 4 5 6 11 14 0
1 8 0 2 3 4 5 6 12 13 1
1 8 0 2 3 4 5 6 12 14 0
1 8 0 2 3 4 5 6 13 14 0
1 8 0 2 3 4 5 7 9 10 1
1 8 0 2 3 4 5 7 9 11 1
1 8 0 2 3 4 5 7 9 12 1
1 8 0 2 3 4 5 7 9 13 1
1 8 0 2 3 4 5 7 9 14 1
1 8 0 2 3 4 5 7 10 11 1
1 8 0 2 3 4 5 7 10 12 1.41421
1 8 0 2 3 4 5 7 10 13 1.41421
1 8 0 2 3 4 5 7 10 14 1.41421
1 8 0 2 3 4 5 7 11 12 1
1 8 0 2 3 4 5 7 11 13 1
1 8 0 2 3 4 5 7 11 14 1
1 8 0 2 3 4 5 7 12 13 1.41421
1 8 0 2 3 4 5 7 12 14 1.41421
1 8 0 2 3 4 5 7 13 14 1.41421
1 8 0 2 3 4 5 9 10 11 0
1 8 0 2 3 4 5 9 10 12 1
1 8 0 2 3 4 5 9 10 13 1
1 8 0 2 3 4 5 9 10 14 1
1 8 0 2 3 4 5 9 11 12 1
1 8 0 2 3 4 5 9 11 13 1
1 8 0 2 3 4 5 9 11 14 0
1 8 0 2 3 4 5 9 12 13 1
1 8 0 2 3 4 5 9 12 14 1
1 8 0 2 3 4 5 9 13 14 1
1 8 0 2 3 4 5 10 11 12 1
1 8 0 2 3 4 5 10 11 13 1
1 8 0 2 3 4 5 10 11 14 1
1 8 0 2 3 4 5 10 12 13 1.41421
1 8 0 2 3 4 5 10 12 14 1.41421
1 8 0 2 3 4 5 10 13 14 1.41421
1 8 0 2 3 4 5 11 12 13 1
1 8 0 2 3 4 5 11 12 14 1
1 8 0 2 3 4 5 11 13 14 1
1 8 0 2 3 4 5 12 13 14 1.41421
1 8 0 2 3 4 6 7 9 10 0
1 8 0 2 3 4 6 7 9 11 1
1 8 0 2 3 4 6 7 9 12 1
1 8 0 2 3 4 6 7 9 13 1
1 8 0 2 3 4 6 7 9 14 0
1 8 0 2 3 4 6 7 10 11 0
1 8 0 2 3 4 6 7 10 12 0
1 8 0 2 3 4 6 7 10 13 0
1 8 0 2 3 4 6 7 10 14 0
1 8 0 2 3 4 6 7 11 12 1
1 8 0 2 3 4 6 7 11 13 1
1 8 0 2 3 4 6 7 11 14 0
1 8 0 2 3 4 6 7 12 13 1
1 8 0 2 3 4 6 7 12 14 0
1 8 0 2 3 4 6 7 13 14 0
1 8 0 2 3 4 6 9 10 11 1
1 8 0 2 3 4 6 9 10 12 1
1 8 0 2 3 4 6 9 10 13 1
1 8 0 2 3 4 6 9 10 14 1
1 8 0 2 3 4 6 9 11 12 1
1 8 0 2 3 4 6 9 11 13 1
1 8 0 2 3 4 6 9 11 14 1
1 8 0 2 3 4 6 9 12 13 1
1 8 0 2 3 4 6 9 12 14 1
1 8 0 2 3 4 6 9 13 14 1
1 8 0 2 3 4 6 10 11 12 1
1 8 0 2 3 4 6 10 11 13 1
1 8 0 2 3 4 6 10 11 14 1
1 8 0 2 3 4 6 10 12 13 1
1 8 0 2 3 4 6 10 12 14 1
1 8 0 2 3 4 6 10 13 14 1
1 8 0 2 3 4 6 11 12 13 1
1 8 0 2 3 4 6 11 12 14 1
1 8 0 2 3 4 6 11 13 14 1
1 8 0 2 3 4 6 12 13 14 1
1 8 0 2 3 4 7 9 10 11 0
1 8 0 2 3 4 7 9 10 12 1
1 8 0 2 3 4 7 9 10 13 1
1 8 0 2 3 4 7 9 10 14 1
1 8 0 2 3 4 7 9 11 12 1
1 8 0 2 3 4 7 9 11 13 1
1 8 0 2 3 4 7 9 11 14 0
1 8 0 2 3 4 7 9 12 13 1
1 8 0 2 3 4 7 9 12 14 1
1 8 0 2 3 4 7 9 13 14 1
1 8 0 2 3 4 7 10 11 12 1
1 8 0 2 3 4 7 10 11 13 1
1 8 0 2 3 4 7 10 11 14 1
1 8 0 2 3 4 7 10 12 13 1.41421
1 8 0 2 3 4 7 10 12 14 1.41421
1 8 0 2 3 4 7 10 13 14 1.41421
1 8 0 2 3 4 7 11 12 13 1
1 8 0 2 3 4 7 11 12 14 1
1 8 0 2 3 4 7 11 13 14 1
1 8 0 2 3 4 7 12 13 14 1.41421
1 8 0 2 3 4 9 10 11 12 1
1 8 0 2 3 4 9 10 11 13 1
1 8 0 2 3 4 9 10 11 14 1
1 8 0 2 3 4 9 10 12 13 1
1 8 0 2 3 4 9 10 12 14 1
1 8 0 2 3 4 9 10 13 14 1
1 8 0 2 3 4 9 11 12 13 1
1 8 0 2 3 4 9 11 12 14 1
1 8 0 2 3 4 9 11 13 14 1
1 8 0 2 3 4 9 12 13 14 1
1 8 0 2 3 4 10 11 12 13 1
1 8 0 2 3 4 10 11 12 14 1
1 8 0 2 3 4 10 11 13 14 1
1 8 0 2 3 4 10 12 13 14 1.41421
1 8 0 2 3 4 11 12 13 14 1
1 8 0 2 3 5 6 7 9 10 0
1 8 0 2 3 5 6 7 9 11 1.41421
1 8 0 2 3 5 6 7 9 12 1.41421
1 8 0 2 3 5 6 7 9 13 1.41421
1 8 0 2 3 5 6 7 9 14 1
1 8 0 2 3 5 6 7 10 11 0
1 8 0 2 3 5 6 7 10 12 0
1 8 0 2 3 5 6 7 10 13 0
1 8 0 2 3 5 6 7 10 14 0
1 8 0 2 3 5 6 7 11 12 1.41421
1 8 0 2 3 5 6 7 11 13 1.41421
1 8 0 2 3 5 6 7 11 14 1
1 8 0 2 3 5 6 7 12 13 1.41421
1 8 0 2 3 5 6 7 12 14 1
1 8 0 2 3 5 6 7 13 14 1
1 8 0 2 3 5 6 9 10 11 0
1 8 0 2 3 5 6 9 10 12 0
1 8 0 2 3 5 6 9 10 13 0
1 8 0 2 3 5 6 9 10 14 0
1 8 0 2 3 5 6 9 11 12 1.41421
1 8 0 2 3 5 6 9 11 13 1.41421
1 8 0 2 3 5 6 9 11 14 1
1 8 0 2 3 5 6 9 12 13 1.41421
1 8 0 2 3 5 6 9 12 14 1
1 8 0 2 3 5 6 9 13 14 1
1 8 0 2 3 5 6 10 11 12 0
1 8 0 2 3 5 6 10 11 13 0
1 8 0 2 3 5 6 10 11 14 0
1 8 0 2 3 5 6 10 12 13 0
1 8 0 2 3 5 6 10 12 14 0
1 8 0 2 3 5 6 10 13 14 0
1 8 0 2 3 5 6 11 12 13 1.41421
1 8 0 2 3 5 6 11 12 14 1
1 8 0 2 3 5 6 11 13 14 1
1 8 0 2 3 5 6 12 13 14 1
1 8 0 2 3 5 7 9 10 11 0
1 8 0 2 3 5 7 9 10 12 1
1 8 0 2 3 5 7 9 10 13 1
1 8 0 2 3 5 7 9 10 14 1
1 8 0 2 3 5 7 9 11 12 1.41421
1 8 0 2 3 5 7 9 11 13 1.41421
1 8 0 2 3 5 7 9 11 14 1
1 8 0 2 3 5 7 9 12 13 1.41421
1 8 0 2 3 5 7 9 12 14 1
1 8 0 2 3 5 7 9 13 14 1
1 8 0 2 3 5 7 10 11 12 1
1 8 0 2 3 5 7 10 11 13 1
1 8 0 2 3 5 7 10 11 14 1
1 8 0 2 3 5 7 10 12 13 1.41421
1 8 0 2 3 5 7 10 12 14 1.41421
1 8 0 2 3 5 7 10 13 14 1.41421
1 8 0 2 3 5 7 11 12 13 1.41421
1 8 0 2 3 5 7 11 12 14 1
1 8 0 2 3 5 7 11 13 14 1
1 8 0 2 3 5 7 12 13 14 1.41421
1 8 0 2 3 5 9 10 11 12 0
1 8 0 2 3 5 9 10 11 13 0
1 8 0 2 3 5 9 10 11 14 0
1 8 0 2 3 5 9 10 12 13 1
1 8 0 2 3 5 9 10 12 14 1
1 8 0 2 3 5 9 10 13 14 1
1 8 0 2 3 5 9 11 12 13 1.41421
1 8 0 2 3 5 9 11 12 14 1
1 8 0 2 3 5 9 11 13 14 1
1 8 0 2 3 5 9 12 13 14 1
1 8 0 2 3 5 10 11 12 13 1
1 8 0 2 3 5 10 11 12 14 1
1 8 0 2 3 5 10 11 13 14 1
1 8 0 2 3 5 10 12 13 14 1.41421
1 8 0 2 3 5 11 12 13 14 1
1 8 0 2 3 6 7 9 10 11 1
1 8 0 2 3 6 7 9 10 12 1
1 8 0 2 3 6 7 9 10 13 1
1 8 0 2 3 6 7 9 10 14 1
1 8 0 2 3 6 7 9 11 12 1.62019
1 8 0 2 3 6 7 9 11 13 1.62019
1 8 0 2 3 6 7 9 11 14 1.41421
1 8 0 2 3 6 7 9 12 13 1.62019
1 8 0 2 3 6 7 9 12 14 1.41421
1 8 0 2 3 6 7 9 13 14 1.41421
1 8 0 2 3 6 7 10 11 12 1
1 8 0 2 3 6 7 10 11 13 1
1 8 0 2 3 6 7 10 11 14 1
1 8 0 2 3 6 7 10 12 13 1
1 8 0 2 3 6 7 10 12 14 1
1 8 0 2 3 6 7 10 13 14 1
1 8 0 2 3 6 7 11 12 13 1.62019
1 8 0 2 3 6 7 11 12 14 1.41421
1 8 0 2 3 6 7 11 13 14 1.41421
1 8 0 2 3 6 7 12 13 14 1.41421
1 8 0 2 3 6 9 10 11 12 1.41421
1 8 0 2 3 6 9 10 11 13 1.41421
1 8 0 2 3 6 9 10 11 14 1.41421
1 8 0 2 3 6 9 10 12 13 1.41421
1 8 0 2 3 6 9 10 12 14 1.41421
1 8 0 2 3 6 9 10 13 14 1.41421
1 8 0 2 3 6 9 11 12 13 1.73205
1 8 0 2 3 6 9 11 12 14 1.62019
1 8 0 2 3 6 9 11 13 14 1.62019
1 8 0 2 3 6 9 12 13 14 1.62019
1 8 0 2 3 6 10 11 12 13 1.41421
1 8 0 2 3 6 10 11 12 14 1.41421
1 8 0 2 3 6 10 11 13 14 1.41421
1 8 0 2 3 6 10 12 13 14 1.41421
1 8 0 2 3 6 11 12 13 14 1.62019
1 8 0 2 3 7 9 10 11 12 1
1 8 0 2 3 7 9 10 11 13 1
1 8 0 2 3 7 9 10 11 14 1
1 8 0 2 3 7 9 10 12 13 1
1 8 0 2 3 7 9 10 12 14 1
1 8 0 2 3 7 9 10 13 14 1
1 8 0 2 3 7 9 11 12 13 1.62019
1 8 0 2 3 7 9 11 12 14 1.41421
1 8 0 2 3 7 9 11 13 14 1.41421
1 8 0 2 3 7 9 12 13 14 1.41421
1 8 0 2 3 7 10 11 12 13 1
1 8 0 2 3 7 10 11 12 14 1
1 8 0 2 3 7 10 11 13 14 1
1 8 0 2 3 7 10 12 13 14 1.41421
1 8 0 2 3 7 11 12 13 14 1.41421
1 8 0 2 3 9 10 11 12 13 1.41421
1 8 0 2 3 9 10 11 12 14 1.41421
1 8 0 2 3 9 10 11 13 14 1.41421
1 8 0 2 3 9 10 12 13 14 1.41421
1 8 0 2 3 9 11 12 13 14 1.62019
1 8 0 2 3 10 11 12 13 14 1.41421
1 8 0 2 4 5 6 7 9 10 1
1 8 0 2 4 5 6 7 9 11 1
1 8 0 2 4 5 6 7 9 12 1
1 8 0 2 4 5 6 7 9 13 1
1 8 0 2 4 5 6 7 9 14 1
1 8 0 2 4 5 6 7 10 11 0
1 8 0 2 4 5 6 7 10 12 1
1 8 0 2 4 5 6 7 10 13 1
1 8 0 2 4 5 6 7 10 14 1
1 8 0 2 4 5 6 7 11 12 1
1 8 0 2 4 5 6 7 11 13 1
1 8 0 2 4 5 6 7 11 14 0
1 8 0 2 4 5 6 7 12 13 1
1 8 0 2 4 5 6 7 12 14 1
1 8 0 2 4 5 6 7 13 14 1
1 8 0 2 4 5 6 9 10 11 1
1 8 0 2 4 5 6 9 10 12 1.41421
1 8 0 2 4 5 6 9 10 13 1.41421
1 8 0 2 4 5 6 9 10 14 1.41421
1 8 0 2 4 5 6 9 11 12 1
1 8 0 2 4 5 6 9 11 13 1
1 8 0 2 4 5 6 9 11 14 1
1 8 0 2 4 5 6 9 12 13 1.41421
1 8 0 2 4 5 6 9 12 14 1.41421
1 8 0 2 4 5 6 9 13 14 1.41421
1 8 0 2 4 5 6 10 11 12 1
1 8 0 2 4 5 6 10 11 13 1
1 8 0 2 4 5 6 10 11 14 1
1 8 0 2 4 5 6 10 12 13 1.41421
1 8 0 2 4 5 6 10 12 14 1.41421
1 8 0 2 4 5 6 10 13 14 1.41421
1 8 0 2 4 5 6 11 12 13 1
1 8 0 2 4 5 6 11 12 14 1
1 8 0 2 4 5 6 11 13 14 1
1 8 0 2 4 5 6 12 13 14 1.41421
1 8 0 2 4 5 7 9 10 11 0
1 8 0 2 4 5 7 9 10 12 1.41421
1 8 0 2 4 5 7 9 10 13 1.41421
1 8 0 2 4 5 7 9 10 14 1.41421
1 8 0 2 4 5 7 9 11 12 1
1 8 0 2 4 5 7 9 11 13 1
1 8 0 2 4 5 7 9 11 14 0
1 8 0 2 4 5 7 9 12 13 1.41421
1 8 0 2 4 5 7 9 12 14 1.41421
1 8 0 2 4 5 7 9 13 14 1.41421
1 8 0 2 4 5 7 10 11 12 1
1 8 0 2 4 5 7 10 11 13 1
1 8 0 2 4 5 7 10 11 14 1
1 8 0 2 4 5 7 10 12 13 1.62019
1 8 0 2 4 5 7 10 12 14 1.62019
1 8 0 2 4 5 7 10 13 14 1.62019
1 8 0 2 4 5 7 11 12 13 1
1 8 0 2 4 5 7 11 12 14 1
1 8 0 2 4 5 7 11 13 14 1
1 8 0 2 4 5 7 12 13 14 1.62019
1 8 0 2 4 5 9 10 11 12 1
1 8 0 2 4 5 9 10 11 13 1
1 8 0 2 4 5 9 10 11 14 1
1 8 0 2 4 5 9 10 12 13 1.62019
1 8 0 2 4 5 9 10 12 14 1.62019
1 8 0 2 4 5 9 10 13 14 1.62019
1 8 0 2 4 5 9 11 12 13 1
1 8 0 2 4 5 9 11 12 14 1
1 8 0 2 4 5 9 11 13 14 1
1 8 0 2 4 5 9 12 13 14 1.62019
1 8 0 2 4 5 10 11 12 13 1
1 8 0 2 4 5 10 11 12 14 1
1 8 0 2 4 5 10 11 13 14 1
1 8 0 2 4 5 10 12 13 14 1.73205
1 8 0 2 4 5 11 12 13 14 1
1 8 0 2 4 6 7 9 10 11 0
1 8 0 2 4 6 7 9 10 12 1
1 8 0 2 4 6 7 9 10 13 1
1 8 0 2 4 6 7 9 10 14 1
1 8 0 2 4 6 7 9 11 12 1
1 8 0 2 4 6 7 9 11 13 1
1 8 0 2 4 6 7 9 11 14 0
1 8 0 2 4 6 7 9 12 13 1
1 8 0 2 4 6 7 9 12 14 1
1 8 0 2 4 6 7 9 13 14 1
1 8 0 2 4 6 7 10 11 12 0
1 8 0 2 4 6 7 10 11 13 0
1 8 0 2 4 6 7 10 11 14 0
1 8 0 2 4 6 7 10 12 13 1
1 8 0 2 4 6 7 10 12 14 1
1 8 0 2 4 6 7 10 13 14 1
1 8 0 2 4 6 7 11 12 13 1
1 8 0 2 4 6 7 11 12 14 0
1 8 0 2 4 6 7 11 13 14 0
1 8 0 2 4 6 7 12 13 14 1
1 8 0 2 4 6 9 10 11 12 1.41421
1 8 0 2 4 6 9 10 11 13 1.41421
1 8 0 2 4 6 9 10 11 14 1.41421
1 8 0 2 4 6 9 10 12 13 1.62019
1 8 0 2 4 6 9 10 12 14 1.62019
1 8 0 2 4 6 9 10 13 14 1.62019
1 8 0 2 4 6 9 11 12 13 1.41421
1 8 0 2 4 6 9 11 12 14 1.41421
1 8 0 2 4 6 9 11 13 14 1.41421
1 8 0 2 4 6 9 12 13 14 1.62019
1 8 0 2 4 6 10 11 12 13 1.41421
1 8 0 2 4 6 10 11 12 14 1.41421
1 8 0 2 4 6 10 11 13 14 1.41421
1 8 0 2 4 6 10 12 13 14 1.62019
1 8 0 2 4 6 11 12 13 14 1.41421
1 8 0 2 4 7 9 10 11 12 0
1 8 0 2 4 7 9 10 11 13 0
1 8 0 2 4 7 9 10 11 14 0
1 8 0 2 4 7 9 10 12 13 1.41421
1 8 0 2 4 7 9 10 12 14 1.41421
1 8 0 2 4 7 9 10 13 14 1.41421
1 8 0 2 4 7 9 11 12 13 1
1 8 0 2 4 7 9 11 12 14 0
1 8 0 2 4 7 9 11 13 14 0
1 8 0 2 4 7 9 12 13 14 1.41421
1 8 0 2 4 7 10 11 12 13 1
1 8 0 2 4 7 10 11 12 14 1
1 8 0 2 4 7 10 11 13 14 1
1 8 0 2 4 7 10 12 13 14 1.62019
1 8 0 2 4 7 11 12 13 14 1
1 8 0 2 4 9 10 11 12 13 1.41421
1 8 0 2 4 9 10 11 12 14 1.41421
1 8 0 2 4 9 10 11 13 14 1.41421
1 8 0 2 4 9 10 12 13 14 1.73205
1 8 0 2 4 9 11 12 13 14 1.41421
1 8 0 2 4 10 11 12 13 14 1.41421
1 8 0 2 5 6 7 9 10 11 0
1 8 0 2 5 6 7 9 10 12 1
1 8 0 2 5 6 7 9 10 13 1
1 8 0 2 5 6 7 9 10 14 1
1 8 0 2 5 6 7 9 11 12 1.41421
1 8 0 2 5 6 7 9 11 13 1.41421
1 8 0 2 5 6 7 9 11 14 1
1 8 0 2 5 6 7 9 12 13 1.41421
1 8 0 2 5 6 7 9 12 14 1
1 8 0 2 5 6 7 9 13 14 1
1 8 0 2 5 6 7 10 11 12 0
1 8 0 2 5 6 7 10 11 13 0
1 8 0 2 5 6 7 10 11 14 0
1 8 0 2 5 6 7 10 12 13 1
1 8 0 2 5 6 7 10 12 14 1
1 8 0 2 5 6 7 10 13 14 1
1 8 0 2 5 6 7 11 12 13 1.41421
1 8 0 2 5 6 7 11 12 14 1
1 8 0 2 5 6 7 11 13 14 1
1 8 0 2 5 6 7 12 13 14 1
1 8 0 2 5 6 9 10 11 12 1
1 8 0 2 5 6 9 10 11 13 1
1 8 0 2 5 6 9 10 11 14 1
1 8 0 2 5 6 9 10 12 13 1.41421
1 8 0 2 5 6 9 10 12 14 1.41421
1 8 0 2 5 6 9 10 13 14 1.41421
1 8 0 2 5 6 9 11 12 13 1.41421
1 8 0 2 5 6 9 11 12 14 1
1 8 0 2 5 6 9 11 13 14 1
1 8 0 2 5 6 9 12 13 14 1.41421
1 8 0 2 5 6 10 11 12 13 1
1 8 0 2 5 6 10 11 12 14 1
1 8 0 2 5 6 10 11 13 14 1
1 8 0 2 5 6 10 12 13 14 1.41421
1 8 0 2 5 6 11 12 13 14 1
1 8 0 2 5 7 9 10 11 12 0
1 8 0 2 5 7 9 10 11 13 0
1 8 0 2 5 7 9 10 11 14 0
1 8 0 2 5 7 9 10 12 13 1.41421
1 8 0 2 5 7 9 10 12 14 1.41421
1 8 0 2 5 7 9 10 13 14 1.41421
1 8 0 2 5 7 9 11 12 13 1.41421
1 8 0 2 5 7 9 11 12 14 1
1 8 0 2 5 7 9 11 13 14 1
1 8 0 2 5 7 9 12 13 14 1.41421
1 8 0 2 5 7 10 11 12 13 1
1 8 0 2 5 7 10 11 12 14 1
1 8 0 2 5 7 10 11 13 14 1
1 8 0 2 5 7 10 12 13 14 1.62019
1 8 0 2 5 7 11 12 13 14 1
1 8 0 2 5 9 10 11 12 13 1
1 8 0 2 5 9 10 11 12 14 1
1 8 0 2 5 9 10 11 13 14 1
1 8 0 2 5 9 10 12 13 14 1.62019
1 8 0 2 5 9 11 12 13 14 1
1 8 0 2 5 10 11 12 13 14 1
1 8 0 2 6 7 9 10 11 12 1
1 8 0 2 6 7 9 10 11 13 1
1 8 0 2 6 7 9 10 11 14 1
1 8 0 2 6 7 9 10 12 13 1
1 8 0 2 6 7 9 10 12 14 1
1 8 0 2 6 7 9 10 13 14 1
1 8 0 2 6 7 9 11 12 13 1.62019
1 8 0 2 6 7 9 11 12 14 1.41421
1 8 0 2 6 7 9 11 13 14 1.41421
1 8 0 2 6 7 9 12 13 14 1.41421
1 8 0 2 6 7 10 11 12 13 1
1 8 0 2 6 7 10 11 12 14 1
1 8 0 2 6 7 10 11 13 14 1
1 8 0 2 6 7 10 12 13 14 1
1 8 0 2 6 7 11 12 13 14 1.41421
1 8 0 2 6 9 10 11 12 13 1.62019
1 8 0 2 6 9 10 11 12 14 1.62019
1 8 0 2 6 9 10 11 13 14 1.62019
1 8 0 2 6 9 10 12 13 14 1.73205
1 8 0 2 6 9 11 12 13 14 1.73205
1 8 0 2 6 10 11 12 13 14 1.62019
1 8 0 2 7 9 10 11 12 13 1
1 8 0 2 7 9 10 11 12 14 1
1 8 0 2 7 9 10 11 13 14 1
1 8 0 2 7 9 10 12 13 14 1.41421
1 8 0 2 7 9 11 12 13 14 1.41421
1 8 0 2 7 10 11 12 13 14 1
1 8 0 2 9 10 11 12 13 14 1.62019
1 8 0 3 4 5 6 7 9 10 0
1 8 0 3 4 5 6 7 9 11 1
1 8 0 3 4 5 6 7 9 12 1
1 8 0 3 4 5 6 7 9 13 1
1 8 0 3 4 5 6 7 9 14 0
1 8 0 3 4 5 6 7 10 11 0
1 8 0 3 4 5 6 7 10 12 0
1 8 0 3 4 5 6 7 10 13 0
1 8 0 3 4 5 6 7 10 14 0
1 8 0 3 4 5 6 7 11 12 1
1 8 0 3 4 5 6 7 11 13 1
1 8 0 3 4 5 6 7 11 14 0
1 8 0 3 4 5 6 7 12 13 1
1 8 0 3 4 5 6 7 12 14 0
1 8 0 3 4 5 6 7 13 14 0
1 8 0 3 4 5 6 9 10 11 0
1 8 0 3 4 5 6 9 10 12 0
1 8 0 3 4 5 6 9 10 13 0
1 8 0 3 4 5 6 9 10 14 0
1 8 0 3 4 5 6 9 11 12 1
1 8 0 3 4 5 6 9 11 13 1
1 8 0 3 4 5 6 9 11 14 0
1 8 0 3 4 5 6 9 12 13 1
1 8 0 3 4 5 6 9 12 14 0
1 8 0 3 4 5 6 9 13 14 0
1 8 0 3 4 5 6 10 11 12 0
1 8 0 3 4 5 6 10 11 13 0
1 8 0 3 4 5 6 10 11 14 0
1 8 0 3 4 5 6 10 12 13 0
1 8 0 3 4 5 6 10 12 14 0
1 8 0 3 4 5 6 10 13 14 0
1 8 0 3 4 5 6 11 12 13 1
1 8 0 3 4 5 6 11 12 14 0
1 8 0 3 4 5 6 11 13 14 0
1 8 0 3 4 5 6 12 13 14 0
1 8 0 3 4 5 7 9 10 11 0
1 8 0 3 4 5 7 9 10 12 1
1 8 0 3 4 5 7 9 10 13 1
1 8 0 3 4 5 7 9 10 14 1
1 8 0 3 4 5 7 9 11 12 1
1 8 0 3 4 5 7 9 11 13 1
1 8 0 3 4 5 7 9 11 14 0
1 8 0 3 4 5 7 9 12 13 1
1 8 0 3 4 5 7 9 12 14 1
1 8 0 3 4 5 7 9 13 14 1
1 8 0 3 4 5 7 10 11 12 1
1 8 0 3 4 5 7 10 11 13 1
1 8 0 3 4 5 7 10 11 14 1
1 8 0 3 4 5 7 10 12 13 1.41421
1 8 0 3 4 5 7 10 12 14 1.41421
1 8 0 3 4 5 7 10 13 14 1.41421
1 8 0 3 4 5 7 11 12 13 1
1 8 0 3 4 5 7 11 12 14 1
1 8 0 3 4 5 7 11 13 14 1
1 8 0 3 4 5 7 12 13 14 1.41421
1 8 0 3 4 5 9 10 11 12 0
1 8 0 3 4 5 9 10 11 13 0
1 8 0 3 4 5 9 10 11 14 0
1 8 0 3 4 5 9 10 12 13 1
1 8 0 3 4 5 9 10 12 14 1
1 8 0 3 4 5 9 10 13 14 1
1 8 0 3 4 5 9 11 12 13 1
1 8 0 3 4 5 9 11 12 14 0
1 8 0 3 4 5 9 11 13 14 0
1 8 0 3 4 5 9 12 13 14 1
1 8 0 3 4 5 10 11 12 13 1
1 8 0 3 4 5 10 11 12 14 1
1 8 0 3 4 5 10 11 13 14 1
1 8 0 3 4 5 10 12 13 14 1.41421
1 8 0 3 4 5 11 12 13 14 1
1 8 0 3 4 6 7 9 10 11 1
1 8 0 3 4 6 7 9 10 12 1
1 8 0 3 4 6 7 9 10 13 1
1 8 0 3 4 6 7 9 10 14 1
1 8 0 3 4 6 7 9 11 12 1
1 8 0 3 4 6 7 9 11 13 1
1 8 0 3 4 6 7 9 11 14 1
1 8 0 3 4 6 7 9 12 13 1
1 8 0 3 4 6 7 9 12 14 1
1 8 0 3 4 6 7 9 13 14 1
1 8 0 3 4 6 7 10 11 12 1
1 8 0 3 4 6 7 10 11 13 1
1 8 0 3 4 6 7 10 11 14 1
1 8 0 3 4 6 7 10 12 13 1
1 8 0 3 4 6 7 10 12 14 1
1 8 0 3 4 6 7 10 13 14 1
1 8 0 3 4 6 7 11 12 13 1
1 8 0 3 4 6 7 11 12 14 1
1 8 0 3 4 6 7 11 13 14 1
1 8 0 3 4 6 7 12 13 14 1
1 8 0 3 4 6 9 10 11 12 1.41421
1 8 0 3 4 6 9 10 11 13 1.41421
1 8 0 3 4 6 9 10 11 14 1.41421
1 8 0 3 4 6 9 10 12 13 1.41421
1 8 0 3 4 6 9 10 12 14 1.41421
1 8 0 3 4 6 9 10 13 14 1.41421
1 8 0 3 4 6 9 11 12 13 1.41421
1 8 0 3 4 6 9 11 12 14 1.41421
1 8 0 3 4 6 9 11 13 14 1.41421
1 8 0 3 4 6 9 12 13 14 1.41421
1 8 0 3 4 6 10 11 12 13 1.41421
1 8 0 3 4 6 10 11 12 14 1.41421
1 8 0 3 4 6 10 11 13 14 1.41421
1 8 0 3 4 6 10 12 13 14 1.41421
1 8 0 3 4 6 11 12 13 14 1.41421
1 8 0 3 4 7 9 10 11 12 1
1 8 0 3 4 7 9 10 11 13 1
1 8 0 3 4 7 9 10 11 14 1
1 8 0 3 4 7 9 10 12 13 1
1 8 0 3 4 7 9 10 12 14 1
1 8 0 3 4 7 9 10 13 14 1
1 8 0 3 4 7 9 11 12 13 1
1 8 0 3 4 7 9 11 12 14 1
1 8 0 3 4 7 9 11 13 14 1
1 8 0 3 4 7 9 12 13 14 1
1 8 0 3 4 7 10 11 12 13 1
1 8 0 3 4 7 10 11 12 14 1
1 8 0 3 4 7 10 11 13 14 1
1 8 0 3 4 7 10 12 13 14 1.41421
1 8 0 3 4 7 11 12 13 14 1
1 8 0 3 4 9 10 11 12 13 1.41421
1 8 0 3 4 9 10 11 12 14 1.41421
1 8 0 3 4 9 10 11 13 14 1.41421
1 8 0 3 4 9 10 12 13 14 1.41421
1 8 0 3 4 9 11 12 13 14 1.41421
1 8 0 3 4 10 11 12 13 14 1.41421
1 8 0 3 5 6 7 9 10 11 0
1 8 0 3 5 6 7 9 10 12 0
1 8 0 3 5 6 7 9 10 13 0
1 8 0 3 5 6 7 9 10 14 0
1 8 0 3 5 6 7 9 11 12 1.41421
1 8 0 3 5 6 7 9 11 13 1.41421
1 8 0 3 5 6 7 9 11 14 1
1 8 0 3 5 6 7 9 12 13 1.41421
1 8 0 3 5 6 7 9 12 14 1
1 8 0 3 5 6 7 9 13 14 1
1 8 0 3 5 6 7 10 11 12 0
1 8 0 3 5 6 7 10 11 13 0
1 8 0 3 5 6 7 10 11 14 0
1 8 0 3 5 6 7 10 12 13 0
1 8 0 3 5 6 7 10 12 14 0
1 8 0 3 5 6 7 10 13 14 0
1 8 0 3 5 6 7 11 12 13 1.41421
1 8 0 3 5 6 7 11 12 14 1
1 8 0 3 5 6 7 11 13 14 1
1 8 0 3 5 6 7 12 13 14 1
1 8 0 3 5 6 9 10 11 12 0
1 8 0 3 5 6 9 10 11 13 0
1 8 0 3 5 6 9 10 11 14 0
1 8 0 3 5 6 9 10 12 13 0
1 8 0 3 5 6 9 10 12 14 0
1 8 0 3 5 6 9 10 13 14 0
1 8 0 3 5 6 9 11 12 13 1.41421
1 8 0 3 5 6 9 11 12 14 1
1 8 0 3 5 6 9 11 13 14 1
1 8 0 3 5 6 9 12 13 14 1
1 8 0 3 5 6 10 11 12 13 0
1 8 0 3 5 6 10 11 12 14 0
1 8 0 3 5 6 10 11 13 14 0
1 8 0 3 5 6 10 12 13 14 0
1 8 0 3 5 6 11 12 13 14 1
1 8 0 3 5 7 9 10 11 12 0
1 8 0 3 5 7 9 10 11 13 0
1 8 0 3 5 7 9 10 11 14 0
1 8 0 3 5 7 9 10 12 13 1
1 8 0 3 5 7 9 10 12 14 1
1 8 0 3 5 7 9 10 13 14 1
1 8 0 3 5 7 9 11 12 13 1.41421
1 8 0 3 5 7 9 11 12 14 1
1 8 0 3 5 7 9 11 13 14 1
1 8 0 3 5 7 9 12 13 14 1
1 8 0 3 5 7 10 11 12 13 1
1 8 0 3 5 7 10 11 12 14 1
1 8 0 3 5 7 10 11 13 14 1
1 8 0 3 5 7 10 12 13 14 1.41421
1 8 0 3 5 7 11 12 13 14 1
1 8 0 3 5 9 10 11 12 13 0
1 8 0 3 5 9 10 11 12 14 0
1 8 0 3 5 9 10 11 13 14 0
1 8 0 3 5 9 10 12 13 14 1
1 8 0 3 5 9 11 12 13 14 1
1 8 0 3 5 10 11 12 13 14 1
1 8 0 3 6 7 9 10 11 12 1.41421
1 8 0 3 6 7 9 10 11 13 1.41421
1 8 0 3 6 7 9 10 11 14 1.41421
1 8 0 3 6 7 9 10 12 13 1.41421
1 8 0 3 6 7 9 10 12 14 1.41421
1 8 0 3 6 7 9 10 13 14 1.41421
1 8 0 3 6 7 9 11 12 13 1.73205
1 8 0 3 6 7 9 11 12 14 1.62019
1 8 0 3 6 7 9 11 13 14 1.62019
1 8 0 3 6 7 9 12 13 14 1.62019
1 8 0 3 6 7 10 11 12 13 1.41421
1 8 0 3 6 7 10 11 12 14 1.41421
1 8 0 3 6 7 10 11 13 14 1.41421
1 8 0 3 6 7 10 12 13 14 1.41421
1 8 0 3 6 7 11 12 13 14 1.62019
1 8 0 3 6 9 10 11 12 13 1.73205
1 8 0 3 6 9 10 11 12 14 1.73205
1 8 0 3 6 9 10 11 13 14 1.73205
1 8 0 3 6 9 10 12 13 14 1.73205
1 8 0 3 6 9 11 12 13 14 1.85164
1 8 0 3 6 10 11 12 13 14 1.73205
1 8 0 3 7 9 10 11 12 13 1.41421
1 8 0 3 7 9 10 11 12 14 1.41421
1 8 0 3 7 9 10 11 13 14 1.41421
1 8 0 3 7 9 10 12 13 14 1.41421
1 8 0 3 7 9 11 12 13 14 1.62019
1 8 0 3 7 10 11 12 13 14 1.41421
1 8 0 3 9 10 11 12 13 14 1.73205
1 8 0 4 5 6 7 9 10 11 1
1 8 0 4 5 6 7 9 10 12 1.41421
1 8 0 4 5 6 7 9 10 13 1.41421
1 8 0 4 5 6 7 9 10 14 1.41421
1 8 0 4 5 6 7 9 11 12 1
1 8 0 4 5 6 7 9 11 13 1
1 8 0 4 5 6 7 9 11 14 1
1 8 0 4 5 6 7 9 12 13 1.41421
1 8 0 4 5 6 7 9 12 14 1.41421
1 8 0 4 5 6 7 9 13 14 1.41421
1 8 0 4 5 6 7 10 11 12 1
1 8 0 4 5 6 7 10 11 13 1
1 8 0 4 5 6 7 10 11 14 1
1 8 0 4 5 6 7 10 12 13 1.41421
1 8 0 4 5 6 7 10 12 14 1.41421
1 8 0 4 5 6 7 10 13 14 1.41421
1 8 0 4 5 6 7 11 12 13 1
1 8 0 4 5 6 7 11 12 14 1
1 8 0 4 5 6 7 11 13 14 1
1 8 0 4 5 6 7 12 13 14 1.41421
1 8 0 4 5 6 9 10 11 12 1.41421
1 8 0 4 5 6 9 10 11 13 1.41421
1 8 0 4 5 6 9 10 11 14 1.41421
1 8 0 4 5 6 9 10 12 13 1.73205
1 8 0 4 5 6 9 10 12 14 1.73205
1 8 0 4 5 6 9 10 13 14 1.73205
1 8 0 4 5 6 9 11 12 13 1.41421
1 8 0 4 5 6 9 11 12 14 1.41421
1 8 0 4 5 6 9 11 13 14 1.41421
1 8 0 4 5 6 9 12 13 14 1.73205
1 8 0 4 5 6 10 11 12 13 1.41421
1 8 0 4 5 6 10 11 12 14 1.41421
1 8 0 4 5 6 10 11 13 14 1.41421
1 8 0 4 5 6 10 12 13 14 1.73205
1 8 0 4 5 6 11 12 13 14 1.41421
1 8 0 4 5 7 9 10 11 12 1
1 8 0 4 5 7 9 10 11 13 1
1 8 0 4 5 7 9 10 11 14 1
1 8 0 4 5 7 9 10 12 13 1.62019
1 8 0 4 5 7 9 10 12 14 1.62019
1 8 0 4 5 7 9 10 13 14 1.62019
1 8 0 4 5 7 9 11 12 13 1
1 8 0 4 5 7 9 11 12 14 1
1 8 0 4 5 7 9 11 13 14 1
1 8 0 4 5 7 9 12 13 14 1.62019
1 8 0 4 5 7 10 11 12 13 1
1 8 0 4 5 7 10 11 12 14 1
1 8 0 4 5 7 10 11 13 14 1
1 8 0 4 5 7 10 12 13 14 1.73205
1 8 0 4 5 7 11 12 13 14 1
1 8 0 4 5 9 10 11 12 13 1.41421
1 8 0 4 5 9 10 11 12 14 1.41421
1 8 0 4 5 9 10 11 13 14 1.41421
1 8 0 4 5 9 10 12 13 14 1.85164
1 8 0 4 5 9 11 12 13 14 1.41421
1 8 0 4 5 10 11 12 13 14 1.41421
1 8 0 4 6 7 9 10 11 12 1.41421
1 8 0 4 6 7 9 10 11 13 1.41421
1 8 0 4 6 7 9 10 11 14 1.41421
1 8 0 4 6 7 9 10 12 13 1.62019
1 8 0 4 6 7 9 10 12 14 1.62019
1 8 0 4 6 7 9 10 13 14 1.62019
1 8 0 4 6 7 9 11 12 13 1.41421
1 8 0 4 6 7 9 11 12 14 1.41421
1 8 0 4 6 7 9 11 13 14 1.41421
1 8 0 4 6 7 9 12 13 14 1.62019
1 8 0 4 6 7 10 11 12 13 1.41421
1 8 0 4 6 7 10 11 12 14 1.41421
1 8 0 4 6 7 10 11 13 14 1.41421
1 8 0 4 6 7 10 12 13 14 1.62019
1 8 0 4 6 7 11 12 13 14 1.41421
1 8 0 4 6 9 10 11 12 13 2
1 8 0 4 6 9 10 11 12 14 2
1 8 0 4 6 9 10 11 13 14 2
1 8 0 4 6 9 10 12 13 14 2.13664
1 8 0 4 6 9 11 12 13 14 2
1 8 0 4 6 10 11 12 13 14 2
1 8 0 4 7 9 10 11 12 13 1.41421
1 8 0 4 7 9 10 11 12 14 1.41421
1 8 0 4 7 9 10 11 13 14 1.41421
1 8 0 4 7 9 10 12 13 14 1.73205
1 8 0 4 7 9 11 12 13 14 1.41421
1 8 0 4 7 10 11 12 13 14 1.41421
1 8 0 4 9 10 11 12 13 14 2
1 8 0 5 6 7 9 10 11 12 1
1 8 0 5 6 7 9 10 11 13 1
1 8 0 5 6 7 9 10 11 14 1
1 8 0 5 6 7 9 10 12 13 1.41421
1 8 0 5 6 7 9 10 12 14 1.41421
1 8 0 5 6 7 9 10 13 14 1.41421
1 8 0 5 6 7 9 11 12 13 1.41421
1 8 0 5 6 7 9 11 12 14 1
1 8 0 5 6 7 9 11 13 14 1
1 8 0 5 6 7 9 12 13 14 1.41421
1 8 0 5 6 7 10 11 12 13 1
1 8 0 5 6 7 10 11 12 14 1
1 8 0 5 6 7 10 11 13 14 1
1 8 0 5 6 7 10 12 13 14 1.41421
1 8 0 5 6 7 11 12 13 14 1
1 8 0 5 6 9 10 11 12 13 1.41421
1 8 0 5 6 9 10 11 12 14 1.41421
1 8 0 5 6 9 10 11 13 14 1.41421
1 8 0 5 6 9 10 12 13 14 1.73205
1 8 0 5 6 9 11 12 13 14 1.41421
1 8 0 5 6 10 11 12 13 14 1.41421
1 8 0 5 7 9 10 11 12 13 1
1 8 0 5 7 9 10 11 12 14 1
1 8 0 5 7 9 10 11 13 14 1
1 8 0 5 7 9 10 12 13 14 1.62019
1 8 0 5 7 9 11 12 13 14 1
1 8 0 5 7 10 11 12 13 14 1
1 8 0 5 9 10 11 12 13 14 1.41421
1 8 0 6 7 9 10 11 12 13 1.62019
1 8 0 6 7 9 10 11 12 14 1.62019
1 8 0 6 7 9 10 11 13 14 1.62019
1 8 0 6 7 9 10 12 13 14 1.73205
1 8 0 6 7 9 11 12 13 14 1.73205
1 8 0 6 7 10 11 12 13 14 1.62019
1 8 0 6 9 10 11 12 13 14 2.13664
1 8 0 7 9 10 11 12 13 14 1.62019
1 8 2 3 4 5 6 7 9 10 1
1 8 2 3 4 5 6 7 9 11 1
1 8 2 3 4 5 6 7 9 12 1
1 8 2 3 4 5 6 7 9 13 1
1 8 2 3 4 5 6 7 9 14 1
1 8 2 3 4 5 6 7 10 11 1
1 8 2 3 4 5 6 7 10 12 1
1 8 2 3 4 5 6 7 10 13 0
1 8 2 3 4 5 6 7 10 14 1
1 8 2 3 4 5 6 7 11 12 1
1 8 2 3 4 5 6 7 11 13 1
1 8 2 3 4 5 6 7 11 14 1
1 8 2 3 4 5 6 7 12 13 1
1 8 2 3 4 5 6 7 12 14 1
1 8 2 3 4 5 6 7 13 14 0
1 8 2 3 4 5 6 9 10 11 1
1 8 2 3 4 5 6 9 10 12 1
1 8 2 3 4 5 6 9 10 13 0
1 8 2 3 4 5 6 9 10 14 1
1 8 2 3 4 5 6 9 11 12 1
1 8 2 3 4 5 6 9 11 13 1
1 8 2 3 4 5 6 9 11 14 1
1 8 2 3 4 5 6 9 12 13 1
1 8 2 3 4 5 6 9 12 14 1
1 8 2 3 4 5 6 9 13 14 0
1 8 2 3 4 5 6 10 11 12 1
1 8 2 3 4 5 6 10 11 13 0
1 8 2 3 4 5 6 10 11 14 1
1 8 2 3 4 5 6 10 12 13 0
1 8 2 3 4 5 6 10 12 14 1
1 8 2 3 4 5 6 10 13 14 0
1 8 2 3 4 5 6 11 12 13 1
1 8 2 3 4 5 6 11 12 14 1
1 8 2 3 4 5 6 11 13 14 0
1 8 2 3 4 5 6 12 13 14 0
1 8 2 3 4 5 7 9 10 11 1
1 8 2 3 4 5 7 9 10 12 1
1 8 2 3 4 5 7 9 10 13 1
1 8 2 3 4 5 7 9 10 14 1
1 8 2 3 4 5 7 9 11 12 1
1 8 2 3 4 5 7 9 11 13 1
1 8 2 3 4 5 7 9 11 14 1
1 8 2 3 4 5 7 9 12 13 1
1 8 2 3 4 5 7 9 12 14 1
1 8 2 3 4 5 7 9 13 14 1
1 8 2 3 4 5 7 10 11 12 1
1 8 2 3 4 5 7 10 11 13 1
1 8 2 3 4 5 7 10 11 14 1
1 8 2 3 4 5 7 10 12 13 1.41421
1 8 2 3 4 5 7 10 12 14 1.41421
1 8 2 3 4 5 7 10 13 14 1.41421
1 8 2 3 4 5 7 11 12 13 1
1 8 2 3 4 5 7 11 12 14 1
1 8 2 3 4 5 7 11 13 14 1
1 8 2 3 4 5 7 12 13 14 1.41421
1 8 2 3 4 5 9 10 11 12 1
1 8 2 3 4 5 9 10 11 13 0
1 8 2 3 4 5 9 10 11 14 1
1 8 2 3 4 5 9 10 12 13 1
1 8 2 3 4 5 9 10 12 14 1
1 8 2 3 4 5 9 10 13 14 1
1 8 2 3 4 5 9 11 12 13 1
1 8 2 3 4 5 9 11 12 14 1
1 8 2 3 4 5 9 11 13 14 0
1 8 2 3 4 5 9 12 13 14 1
1 8 2 3 4 5 10 11 12 13 1
1 8 2 3 4 5 10 11 12 14 1
1 8 2 3 4 5 10 11 13 14 1
1 8 2 3 4 5 10 12 13 14 1.41421
1 8 2 3 4 5 11 12 13 14 1
1 8 2 3 4 6 7 9 10 11 1
1 8 2 3 4 6 7 9 10 12 1
1 8 2 3 4 6 7 9 10 13 0
1 8 2 3 4 6 7 9 10 14 1
1 8 2 3 4 6 7 9 11 12 1
1 8 2 3 4 6 7 9 11 13 1
1 8 2 3 4 6 7 9 11 14 1
1 8 2 3 4 6 7 9 12 13 1
1 8 2 3 4 6 7 9 12 14 1
1 8 2 3 4 6 7 9 13 14 0
1 8 2 3 4 6 7 10 11 12 1
1 8 2 3 4 6 7 10 11 13 0
1 8 2 3 4 6 7 10 11 14 1
1 8 2 3 4 6 7 10 12 13 0
1 8 2 3 4 6 7 10 12 14 1
1 8 2 3 4 6 7 10 13 14 0
1 8 2 3 4 6 7 11 12 13 1
1 8 2 3 4 6 7 11 12 14 1
1 8 2 3 4 6 7 11 13 14 0
1 8 2 3 4 6 7 12 13 14 0
1 8 2 3 4 6 9 10 11 12 1
1 8 2 3 4 6 9 10 11 13 1
1 8 2 3 4 6 9 10 11 14 1
1 8 2 3 4 6 9 10 12 13 1
1 8 2 3 4 6 9 10 12 14 1
1 8 2 3 4 6 9 10 13 14 1
1 8 2 3 4 6 9 11 12 13 1
1 8 2 3 4 6 9 11 12 14 1
1 8 2 3 4 6 9 11 13 14 1
1 8 2 3 4 6 9 12 13 14 1
1 8 2 3 4 6 10 11 12 13 1
1 8 2 3 4 6 10 11 12 14 1
1 8 2 3 4 6 10 11 13 14 1
1 8 2 3 4 6 10 12 13 14 1
1 8 2 3 4 6 11 12 13 14 1
1 8 2 3 4 7 9 10 11 12 1
1 8 2 3 4 7 9 10 11 13 0
1 8 2 3 4 7 9 10 11 14 1
1 8 2 3 4 7 9 10 12 13 1
1 8 2 3 4 7 9 10 12 14 1
1 8 2 3 4 7 9 10 13 14 1
1 8 2 3 4 7 9 11 12 13 1
1 8 2 3 4 7 9 11 12 14 1
1 8 2 3 4 7 9 11 13 14 0
1 8 2 3 4 7 9 12 13 14 1
1 8 2 3 4 7 10 11 12 13 1
1 8 2 3 4 7 10 11 12 14 1
1 8 2 3 4 7 10 11 13 14 1
1 8 2 3 4 7 10 12 13 14 1.41421
1 8 2 3 4 7 11 12 13 14 1
1 8 2 3 4 9 10 11 12 13 1
1 8 2 3 4 9 10 11 12 14 1
1 8 2 3 4 9 10 11 13 14 1
1 8 2 3 4 9 10 12 13 14 1
1 8 2 3 4 9 11 12 13 14 1
1 8 2 3 4 10 11 12 13 14 1
1 8 2 3 5 6 7 9 10 11 1
1 8 2 3 5 6 7 9 10 12 1
1 8 2 3 5 6 7 9 10 13 0
1 8 2 3 5 6 7 9 10 14 1
1 8 2 3 5 6 7 9 11 12 1.41421
1 8 2 3 5 6 7 9 11 13 1.41421
1 8 2 3 5 6 7 9 11 14 1
1 8 2 3 5 6 7 9 12 13 1.41421
1 8 2 3 5 6 7 9 12 14 1
1 8 2 3 5 6 7 9 13 14 1
1 8 2 3 5 6 7 10 11 12 1
1 8 2 3 5 6 7 10 11 13 0
1 8 2 3 5 6 7 10 11 14 1
1 8 2 3 5 6 7 10 12 13 0
1 8 2 3 5 6 7 10 12 14 1
1 8 2 3 5 6 7 10 13 14 0
1 8 2 3 5 6 7 11 12 13 1.41421
1 8 2 3 5 6 7 11 12 14 1
1 8 2 3 5 6 7 11 13 14 1
1 8 2 3 5 6 7 12 13 14 1
1 8 2 3 5 6 9 10 11 12 1
1 8 2 3 5 6 9 10 11 13 0
1 8 2 3 5 6 9 10 11 14 1
1 8 2 3 5 6 9 10 12 13 0
1 8 2 3 5 6 9 10 12 14 1
1 8 2 3 5 6 9 10 13 14 0
1 8 2 3 5 6 9 11 12 13 1.41421
1 8 2 3 5 6 9 11 12 14 1
1 8 2 3 5 6 9 11 13 14 1
1 8 2 3 5 6 9 12 13 14 1
1 8 2 3 5 6 10 11 12 13 0
1 8 2 3 5 6 10 11 12 14 1
1 8 2 3 5 6 10 11 13 14 0
1 8 2 3 5 6 10 12 13 14 0
1 8 2 3 5 6 11 12 13 14 1
1 8 2 3 5 7 9 10 11 12 1
1 8 2 3 5 7 9 10 11 13 0
1 8 2 3 5 7 9 10 11 14 1
1 8 2 3 5 7 9 10 12 13 1
1 8 2 3 5 7 9 10 12 14 1
1 8 2 3 5 7 9 10 13 14 1
1 8 2 3 5 7 9 11 12 13 1.41421
1 8 2 3 5 7 9 11 12 14 1
1 8 2 3 5 7 9 11 13 14 1
1 8 2 3 5 7 9 12 13 14 1
1 8 2 3 5 7 10 11 12 13 1
1 8 2 3 5 7 10 11 12 14 1
1 8 2 3 5 7 10 11 13 14 1
1 8 2 3 5 7 10 12 13 14 1.41421
1 8 2 3 5 7 11 12 13 14 1
1 8 2 3 5 9 10 11 12 13 0
1 8 2 3 5 9 10 11 12 14 1
1 8 2 3 5 9 10 11 13 14 0
1 8 2 3 5 9 10 12 13 14 1
1 8 2 3 5 9 11 12 13 14 1
1 8 2 3 5 10 11 12 13 14 1
1 8 2 3 6 7 9 10 11 12 1
1 8 2 3 6 7 9 10 11 13 1
1 8 2 3 6 7 9 10 11 14 1
1 8 2 3 6 7 9 10 12 13 1
1 8 2 3 6 7 9 10 12 14 1
1 8 2 3 6 7 9 10 13 14 1
1 8 2 3 6 7 9 11 12 13 1.62019
1 8 2 3 6 7 9 11 12 14 1.41421
1 8 2 3 6 7 9 11 13 14 1.41421
1 8 2 3 6 7 9 12 13 14 1.41421
1 8 2 3 6 7 10 11 12 13 1
1 8 2 3 6 7 10 11 12 14 1
1 8 2 3 6 7 10 11 13 14 1
1 8 2 3 6 7 10 12 13 14 1
1 8 2 3 6 7 11 12 13 14 1.41421
1 8 2 3 6 9 10 11 12 13 1.41421
1 8 2 3 6 9 10 11 12 14 1.41421
1 8 2 3 6 9 10 11 13 14 1.41421
1 8 2 3 6 9 10 12 13 14 1.41421
1 8 2 3 6 9 11 12 13 14 1.62019
1 8 2 3 6 10 11 12 13 14 1.41421
1 8 2 3 7 9 10 11 12 13 1
1 8 2 3 7 9 10 11 12 14 1
1 8 2 3 7 9 10 11 13 14 1
1 8 2 3 7 9 10 12 13 14 1
1 8 2 3 7 9 11 12 13 14 1.41421
1 8 2 3 7 10 11 12 13 14 1
1 8 2 3 9 10 11 12 13 14 1.41421
1 8 2 4 5 6 7 9 10 11 1
1 8 2 4 5 6 7 9 10 12 1
1 8 2 4 5 6 7 9 10 13 1
1 8 2 4 5 6 7 9 10 14 1
1 8 2 4 5 6 7 9 11 12 1
1 8 2 4 5 6 7 9 11 13 1
1 8 2 4 5 6 7 9 11 14 1
1 8 2 4 5 6 7 9 12 13 1
1 8 2 4 5 6 7 9 12 14 1
1 8 2 4 5 6 7 9 13 14 1
1 8 2 4 5 6 7 10 11 12 1
1 8 2 4 5 6 7 10 11 13 0
1 8 2 4 5 6 7 10 11 14 1
1 8 2 4 5 6 7 10 12 13 1
1 8 2 4 5 6 7 10 12 14 1
1 8 2 4 5 6 7 10 13 14 1
1 8 2 4 5 6 7 11 12 13 1
1 8 2 4 5 6 7 11 12 14 1
1 8 2 4 5 6 7 11 13 14 0
1 8 2 4 5 6 7 12 13 14 1
1 8 2 4 5 6 9 10 11 12 1
1 8 2 4 5 6 9 10 11 13 1
1 8 2 4 5 6 9 10 11 14 1
1 8 2 4 5 6 9 10 12 13 1.41421
1 8 2 4 5 6 9 10 12 14 1.41421
1 8 2 4 5 6 9 10 13 14 1.41421
1 8 2 4 5 6 9 11 12 13 1
1 8 2 4 5 6 9 11 12 14 1
1 8 2 4 5 6 9 11 13 14 1
1 8 2 4 5 6 9 12 13 14 1.41421
1 8 2 4 5 6 10 11 12 13 1
1 8 2 4 5 6 10 11 12 14 1
1 8 2 4 5 6 10 11 13 14 1
1 8 2 4 5 6 10 12 13 14 1.41421
1 8 2 4 5 6 11 12 13 14 1
1 8 2 4 5 7 9 10 11 12 1
1 8 2 4 5 7 9 10 11 13 0
1 8 2 4 5 7 9 10 11 14 1
1 8 2 4 5 7 9 10 12 13 1.41421
1 8 2 4 5 7 9 10 12 14 1.41421
1 8 2 4 5 7 9 10 13 14 1.41421
1 8 2 4 5 7 9 11 12 13 1
1 8 2 4 5 7 9 11 12 14 1
1 8 2 4 5 7 9 11 13 14 0
1 8 2 4 5 7 9 12 13 14 1.41421
1 8 2 4 5 7 10 11 12 13 1
1 8 2 4 5 7 10 11 12 14 1
1 8 2 4 5 7 10 11 13 14 1
1 8 2 4 5 7 10 12 13 14 1.62019
1 8 2 4 5 7 11 12 13 14 1
1 8 2 4 5 9 10 11 12 13 1
1 8 2 4 5 9 10 11 12 14 1
1 8 2 4 5 9 10 11 13 14 1
1 8 2 4 5 9 10 12 13 14 1.62019
1 8 2 4 5 9 11 12 13 14 1
1 8 2 4 5 10 11 12 13 14 1
1 8 2 4 6 7 9 10 11 12 1
1 8 2 4 6 7 9 10 11 13 0
1 8 2 4 6 7 9 10 11 14 1
1 8 2 4 6 7 9 10 12 13 1
1 8 2 4 6 7 9 10 12 14 1
1 8 2 4 6 7 9 10 13 14 1
1 8 2 4 6 7 9 11 12 13 1
1 8 2 4 6 7 9 11 12 14 1
1 8 2 4 6 7 9 11 13 14 0
1 8 2 4 6 7 9 12 13 14 1
1 8 2 4 6 7 10 11 12 13 0
1 8 2 4 6 7 10 11 12 14 1
1 8 2 4 6 7 10 11 13 14 0
1 8 2 4 6 7 10 12 13 14 1
1 8 2 4 6 7 11 12 13 14 0
1 8 2 4 6 9 10 11 12 13 1.41421
1 8 2 4 6 9 10 11 12 14 1.41421
1 8 2 4 6 9 10 11 13 14 1.41421
1 8 2 4 6 9 10 12 13 14 1.62019
1 8 2 4 6 9 11 12 13 14 1.41421
1 8 2 4 6 10 11 12 13 14 1.41421
1 8 2 4 7 9 10 11 12 13 0
1 8 2 4 7 9 10 11 12 14 1
1 8 2 4 7 9 10 11 13 14 0
1 8 2 4 7 9 10 12 13 14 1.41421
1 8 2 4 7 9 11 12 13 14 0
1 8 2 4 7 10 11 12 13 14 1
1 8 2 4 9 10 11 12 13 14 1.41421
1 8 2 5 6 7 9 10 11 12 1
1 8 2 5 6 7 9 10 11 13 0
1 8 2 5 6 7 9 10 11 14 1
1 8 2 5 6 7 9 10 12 13 1
1 8 2 5 6 7 9 10 12 14 1
1 8 2 5 6 7 9 10 13 14 1
1 8 2 5 6 7 9 11 12 13 1.41421
1 8 2 5 6 7 9 11 12 14 1
1 8 2 5 6 7 9 11 13 14 1
1 8 2 5 6 7 9 12 13 14 1
1 8 2 5 6 7 10 11 12 13 0
1 8 2 5 6 7 10 11 12 14 1
1 8 2 5 6 7 10 11 13 14 0
1 8 2 5 6 7 10 12 13 14 1
1 8 2 5 6 7 11 12 13 14 1
1 8 2 5 6 9 10 11 12 13 1
1 8 2 5 6 9 10 11 12 14 1
1 8 2 5 6 9 10 11 13 14 1
1 8 2 5 6 9 10 12 13 14 1.41421
1 8 2 5 6 9 11 12 13 14 1
1 8 2 5 6 10 11 12 13 14 1
1 8 2 5 7 9 10 11 12 13 0
1 8 2 5 7 9 10 11 12 14 1
1 8 2 5 7 9 10 11 13 14 0
1 8 2 5 7 9 10 12 13 14 1.41421
1 8 2 5 7 9 11 12 13 14 1
1 8 2 5 7 10 11 12 13 14 1
1 8 2 5 9 10 11 12 13 14 1
1 8 2 6 7 9 10 11 12 13 1
1 8 2 6 7 9 10 11 12 14 1
1 8 2 6 7 9 10 11 13 14 1
1 8 2 6 7 9 10 12 13 14 1
1 8 2 6 7 9 11 12 13 14 1.41421
1 8 2 6 7 10 11 12 13 14 1
1 8 2 6 9 10 11 12 13 14 1.62019
1 8 2 7 9 10 11 12 13 14 1
1 8 3 4 5 6 7 9 10 11 1
1 8 3 4 5 6 7 9 10 12 1
1 8 3 4 5 6 7 9 10 13 0
1 8 3 4 5 6 7 9 10 14 1
1 8 3 4 5 6 7 9 11 12 1
1 8 3 4 5 6 7 9 11 13 1
1 8 3 4 5 6 7 9 11 14 1
1 8 3 4 5 6 7 9 12 13 1
1 8 3 4 5 6 7 9 12 14 1
1 8 3 4 5 6 7 9 13 14 0
1 8 3 4 5 6 7 10 11 12 1
1 8 3 4 5 6 7 10 11 13 0
1 8 3 4 5 6 7 10 11 14 1
1 8 3 4 5 6 7 10 12 13 0
1 8 3 4 5 6 7 10 12 14 1
1 8 3 4 5 6 7 10 13 14 0
1 8 3 4 5 6 7 11 12 13 1
1 8 3 4 5 6 7 11 12 14 1
1 8 3 4 5 6 7 11 13 14 0
1 8 3 4 5 6 7 12 13 14 0
1 8 3 4 5 6 9 10 11 12 1
1 8 3 4 5 6 9 10 11 13 0
1 8 3 4 5 6 9 10 11 14 1
1 8 3 4 5 6 9 10 12 13 0
1 8 3 4 5 6 9 10 12 14 1
1 8 3 4 5 6 9 10 13 14 0
1 8 3 4 5 6 9 11 12 13 1
1 8 3 4 5 6 9 11 12 14 1
1 8 3 4 5 6 9 11 13 14 0
1 8 3 4 5 6 9 12 13 14 0
1 8 3 4 5 6 10 11 12 13 0
1 8 3 4 5 6 10 11 12 14 1
1 8 3 4 5 6 10 11 13 14 0
1 8 3 4 5 6 10 12 13 14 0
1 8 3 4 5 6 11 12 13 14 0
1 8 3 4 5 7 9 10 11 12 1
1 8 3 4 5 7 9 10 11 13 0
1 8 3 4 5 7 9 10 11 14 1
1 8 3 4 5 7 9 10 12 13 1
1 8 3 4 5 7 9 10 12 14 1
1 8 3 4 5 7 9 10 13 14 1
1 8 3 4 5 7 9 11 12 13 1
1 8 3 4 5 7 9 11 12 14 1
1 8 3 4 5 7 9 11 13 14 0
1 8 3 4 5 7 9 12 13 14 1
1 8 3 4 5 7 10 11 12 13 1
1 8 3 4 5 7 10 11 12 14 1
1 8 3 4 5 7 10 11 13 14 1
1 8 3 4 5 7 10 12 13 14 1.41421
1 8 3 4 5 7 11 12 13 14 1
1 8 3 4 5 9 10 11 12 13 0
1 8 3 4 5 9 10 11 12 14 1
1 8 3 4 5 9 10 11 13 14 0
1 8 3 4 5 9 10 12 13 14 1
1 8 3 4 5 9 11 12 13 14 0
1 8 3 4 5 10 11 12 13 14 1
1 8 3 4 6 7 9 10 11 12 1
1 8 3 4 6 7 9 10 11 13 1
1 8 3 4 6 7 9 10 11 14 1
1 8 3 4 6 7 9 10 12 13 1
1 8 3 4 6 7 9 10 12 14 1
1 8 3 4 6 7 9 10 13 14 1
1 8 3 4 6 7 9 11 12 13 1
1 8 3 4 6 7 9 11 12 14 1
1 8 3 4 6 7 9 11 13 14 1
1 8 3 4 6 7 9 12 13 14 1
1 8 3 4 6 7 10 11 12 13 1
1 8 3 4 6 7 10 11 12 14 1
1 8 3 4 6 7 10 11 13 14 1
1 8 3 4 6 7 10 12 13 14 1
1 8 3 4 6 7 11 12 13 14 1
1 8 3 4 6 9 10 11 12 13 1.41421
1 8 3 4 6 9 10 11 12 14 1.41421
1 8 3 4 6 9 10 11 13 14 1.41421
1 8 3 4 6 9 10 12 13 14 1.41421
1 8 3 4 6 9 11 12 13 14 1.41421
1 8 3 4 6 10 11 12 13 14 1.41421
1 8 3 4 7 9 10 11 12 13 1
1 8 3 4 7 9 10 11 12 14 1
1 8 3 4 7 9 10 11 13 14 1
1 8 3 4 7 9 10 12 13 14 1
1 8 3 4 7 9 11 12 13 14 1
1 8 3 4 7 10 11 12 13 14 1
1 8 3 4 9 10 11 12 13 14 1.41421
1 8 3 5 6 7 9 10 11 12 1
1 8 3 5 6 7 9 10 11 13 0
1 8 3 5 6 7 9 10 11 14 1
1 8 3 5 6 7 9 10 12 13 0
1 8 3 5 6 7 9 10 12 14 1
1 8 3 5 6 7 9 10 13 14 0
1 8 3 5 6 7 9 11 12 13 1.41421
1 8 3 5 6 7 9 11 12 14 1
1 8 3 5 6 7 9 11 13 14 1
1 8 3 5 6 7 9 12 13 14 1
1 8 3 5 6 7 10 11 12 13 0
1 8 3 5 6 7 10 11 12 14 1
1 8 3 5 6 7 10 11 13 14 0
1 8 3 5 6 7 10 12 13 14 0
1 8 3 5 6 7 11 12 13 14 1
1 8 3 5 6 9 10 11 12 13 0
1 8 3 5 6 9 10 11 12 14 1
1 8 3 5 6 9 10 11 13 14 0
1 8 3 5 6 9 10 12 13 14 0
1 8 3 5 6 9 11 12 13 14 1
1 8 3 5 6 10 11 12 13 14 0
1 8 3 5 7 9 10 11 12 13 0
1 8 3 5 7 9 10 11 12 14 1
1 8 3 5 7 9 10 11 13 14 0
1 8 3 5 7 9 10 12 13 14 1
1 8 3 5 7 9 11 12 13 14 1
1 8 3 5 7 10 11 12 13 14 1
1 8 3 5 9 10 11 12 13 14 0
1 8 3 6 7 9 10 11 12 13 1.41421
1 8 3 6 7 9 10 11 12 14 1.41421
1 8 3 6 7 9 10 11 13 14 1.41421
1 8 3 6 7 9 10 12 13 14 1.41421
1 8 3 6 7 9 11 12 13 14 1.62019
1 8 3 6 7 10 11 12 13 14 1.41421
1 8 3 6 9 10 11 12 13 14 1.73205
1 8 3 7 9 10 11 12 13 14 1.41421
1 8 4 5 6 7 9 10 11 12 1
1 8 4 5 6 7 9 10 11 13 1
1 8 4 5 6 7 9 10 11 14 1
1 8 4 5 6 7 9 10 12 13 1.41421
1 8 4 5 6 7 9 10 12 14 1.41421
1 8 4 5 6 7 9 10 13 14 1.41421
1 8 4 5 6 7 9 11 12 13 1
1 8 4 5 6 7 9 11 12 14 1
1 8 4 5 6 7 9 11 13 14 1
1 8 4 5 6 7 9 12 13 14 1.41421
1 8 4 5 6 7 10 11 12 13 1
1 8 4 5 6 7 10 11 12 14 1
1 8 4 5 6 7 10 11 13 14 1
1 8 4 5 6 7 10 12 13 14 1.41421
1 8 4 5 6 7 11 12 13 14 1
1 8 4 5 6 9 10 11 12 13 1.41421
1 8 4 5 6 9 10 11 12 14 1.41421
1 8 4 5 6 9 10 11 13 14 1.41421
1 8 4 5 6 9 10 12 13 14 1.73205
1 8 4 5 6 9 11 12 13 14 1.41421
1 8 4 5 6 10 11 12 13 14 1.41421
1 8 4 5 7 9 10 11 12 13 1
1 8 4 5 7 9 10 11 12 14 1
1 8 4 5 7 9 10 11 13 14 1
1 8 4 5 7 9 10 12 13 14 1.62019
1 8 4 5 7 9 11 12 13 14 1
1 8 4 5 7 10 11 12 13 14 1
1 8 4 5 9 10 11 12 13 14 1.41421
1 8 4 6 7 9 10 11 12 13 1.41421
1 8 4 6 7 9 10 11 12 14 1.41421
1 8 4 6 7 9 10 11 13 14 1.41421
1 8 4 6 7 9 10 12 13 14 1.62019
1 8 4 6 7 9 11 12 13 14 1.41421
1 8 4 6 7 10 11 12 13 14 1.41421
1 8 4 6 9 10 11 12 13 14 2
1 8 4 7 9 10 11 12 13 14 1.41421
1 8 5 6 7 9 10 11 12 13 1
1 8 5 6 7 9 10 11 12 14 1
1 8 5 6 7 9 10 11 13 14 1
1 8 5 6 7 9 10 12 13 14 1.41421
1 8 5 6 7 9 11 12 13 14 1
1 8 5 6 7 10 11 12 13 14 1
1 8 5 6 9 10 11 12 13 14 1.41421
1 8 5 7 9 10 11 12 13 14 1
1 8 6 7 9 10 11 12 13 14 1.62019
