2 5 0 1 1.73205
2 5 0 3 2.15297
2 5 0 4 2.22159
2 5 0 6 2.21303
2 5 0 7 2
2 5 0 8 1.96214
2 5 0 9 2.21986
2 5 0 10 2.12993
2 5 0 11 2.19034
2 5 0 12 2.08484
2 5 0 13 2.08484
2 5 0 14 2.22159
2 5 1 3 1.73205
2 5 1 4 1.73205
2 5 1 6 1.73205
2 5 1 7 1.73205
2 5 1 8 1.73205
2 5 1 9 1.73205
2 5 1 10 1.73205
2 5 1 11 1.73205
2 5 1 12 1.73205
2 5 1 13 1.73205
2 5 1 14 1.73205
2 5 3 4 2.16556
2 5 3 6 2.19034
2 5 3 7 2.04939
2 5 3 8 1.85164
2 5 3 9 2.19034
2 5 3 10 2.07802
2 5 3 11 2.19034
2 5 3 12 2.04939
2 5 3 13 2
2 5 3 14 2.16556
2 5 4 6 2.22985
2 5 4 7 2
2 5 4 8 2.02367
2 5 4 9 2.29907
2 5 4 10 2.19848
2 5 4 11 2.23607
2 5 4 12 2.08683
2 5 4 13 2.05603
2 5 4 14 2.23607
2 5 6 7 2.04939
2 5 6 8 2
2 5 6 9 2.25948
2 5 6 10 2.16556
2 5 6 11 2.24649
2 5 6 12 2.12916
2 5 6 13 2.08738
2 5 6 14 2.22985
2 5 7 8 1.62019
2 5 7 9 2.04939
2 5 7 10 1.85164
2 5 7 11 2.04939
2 5 7 12 1.93309
2 5 7 13 1.90693
2 5 7 14 2
2 5 8 9 2
2 5 8 10 2.02367
2 5 8 11 1.93309
2 5 8 12 2
2 5 8 13 2
2 5 8 14 2.02367
2 5 9 10 2.17626
2 5 9 11 2.24649
2 5 9 12 2.12303
2 5 9 13 2.08296
2 5 9 14 2.29907
2 5 10 11 2.13809
2 5 10 12 2.02367
2 5 10 13 1.96214
2 5 10 14 2.19848
2 5 11 12 2.081
2 5 11 13 2.04939
2 5 11 14 2.23607
2 5 12 13 1.97531
2 5 12 14 2.08683
2 5 13 14 2.05603
