2 5 0 1 3 4 6 7 1.41421
2 5 0 1 3 4 6 8 1
2 5 0 1 3 4 6 9 1.41421
2 5 0 1 3 4 6 10 0
2 5 0 1 3 4 6 11 1.41421
2 5 0 1 3 4 6 12 1.41421
2 5 0 1 3 4 6 13 1.41421
2 5 0 1 3 4 6 14 1
2 5 0 1 3 4 7 8 1.41421
2 5 0 1 3 4 7 9 1.41421
2 5 0 1 3 4 7 10 1.41421
2 5 0 1 3 4 7 11 1.41421
2 5 0 1 3 4 7 12 1.41421
2 5 0 1 3 4 7 13 1.41421
2 5 0 1 3 4 7 14 1.41421
2 5 0 1 3 4 8 9 1
2 5 0 1 3 4 8 10 1.41421
2 5 0 1 3 4 8 11 1
2 5 0 1 3 4 8 12 1.41421
2 5 0 1 3 4 8 13 1.41421
2 5 0 1 3 4 8 14 1.41421
2 5 0 1 3 4 9 10 1
2 5 0 1 3 4 9 11 1.41421
2 5 0 1 3 4 9 12 1.41421
2 5 0 1 3 4 9 13 1.41421
2 5 0 1 3 4 9 14 1
2 5 0 1 3 4 10 11 1
2 5 0 1 3 4 10 12 1.41421
2 5 0 1 3 4 10 13 1.41421
2 5 0 1 3 4 10 14 1.41421
2 5 0 1 3 4 11 12 1.41421
2 5 0 1 3 4 11 13 1.41421
2 5 0 1 3 4 11 14 1
2 5 0 1 3 4 12 13 1.41421
2 5 0 1 3 4 12 14 1.41421
2 5 0 1 3 4 13 14 1.41421
2 5 0 1 3 6 7 8 1.41421
2 5 0 1 3 6 7 9 1.73205
2 5 0 1 3 6 7 10 0
2 5 0 1 3 6 7 11 1.73205
2 5 0 1 3 6 7 12 1.73205
2 5 0 1 3 6 7 13 1.73205
2 5 0 1 3 6 7 14 1.41421
2 5 0 1 3 6 8 9 1.41421
2 5 0 1 3 6 8 10 0
2 5 0 1 3 6 8 11 1.41421
2 5 0 1 3 6 8 12 1.41421
2 5 0 1 3 6 8 13 1.41421
2 5 0 1 3 6 8 14 1
2 5 0 1 3 6 9 10 0
2 5 0 1 3 6 9 11 1.73205
2 5 0 1 3 6 9 12 1.73205
2 5 0 1 3 6 9 13 1.73205
2 5 0 1 3 6 9 14 1.41421
2 5 0 1 3 6 10 11 0
2 5 0 1 3 6 10 12 0
2 5 0 1 3 6 10 13 0
2 5 0 1 3 6 10 14 0
2 5 0 1 3 6 11 12 1.73205
2 5 0 1 3 6 11 13 1.73205
2 5 0 1 3 6 11 14 1.41421
2 5 0 1 3 6 12 13 1.73205
2 5 0 1 3 6 12 14 1.41421
2 5 0 1 3 6 13 14 1.41421
2 5 0 1 3 7 8 9 1.41421
2 5 0 1 3 7 8 10 1.41421
2 5 0 1 3 7 8 11 1.41421
2 5 0 1 3 7 8 12 1.41421
2 5 0 1 3 7 8 13 1.41421
2 5 0 1 3 7 8 14 1.41421
2 5 0 1 3 7 9 10 1
2 5 0 1 3 7 9 11 1.73205
2 5 0 1 3 7 9 12 1.73205
2 5 0 1 3 7 9 13 1.73205
2 5 0 1 3 7 9 14 1.41421
2 5 0 1 3 7 10 11 1
2 5 0 1 3 7 10 12 1.41421
2 5 0 1 3 7 10 13 1.41421
2 5 0 1 3 7 10 14 1.41421
2 5 0 1 3 7 11 12 1.73205
2 5 0 1 3 7 11 13 1.73205
2 5 0 1 3 7 11 14 1.41421
2 5 0 1 3 7 12 13 1.73205
2 5 0 1 3 7 12 14 1.41421
2 5 0 1 3 7 13 14 1.41421
2 5 0 1 3 8 9 10 1
2 5 0 1 3 8 9 11 1.41421
2 5 0 1 3 8 9 12 1.41421
2 5 0 1 3 8 9 13 1.41421
2 5 0 1 3 8 9 14 1
2 5 0 1 3 8 10 11 1
2 5 0 1 3 8 10 12 1.41421
2 5 0 1 3 8 10 13 1.41421
2 5 0 1 3 8 10 14 1.41421
2 5 0 1 3 8 11 12 1.41421
2 5 0 1 3 8 11 13 1.41421
2 5 0 1 3 8 11 14 1
2 5 0 1 3 8 12 13 1.41421
2 5 0 1 3 8 12 14 1.41421
2 5 0 1 3 8 13 14 1.41421
2 5 0 1 3 9 10 11 0
2 5 0 1 3 9 10 12 1
2 5 0 1 3 9 10 13 1
2 5 0 1 3 9 10 14 1
2 5 0 1 3 9 11 12 1.73205
2 5 0 1 3 9 11 13 1.73205
2 5 0 1 3 9 11 14 1.41421
2 5 0 1 3 9 12 13 1.73205
2 5 0 1 3 9 12 14 1.41421
2 5 0 1 3 9 13 14 1.41421
2 5 0 1 3 10 11 12 1
2 5 0 1 3 10 11 13 1
2 5 0 1 3 10 11 14 1
2 5 0 1 3 10 12 13 1.41421
2 5 0 1 3 10 12 14 1.41421
2 5 0 1 3 10 13 14 1.41421
2 5 0 1 3 11 12 13 1.73205
2 5 0 1 3 11 12 14 1.41421
2 5 0 1 3 11 13 14 1.41421
2 5 0 1 3 12 13 14 1.41421
2 5 0 1 4 6 7 8 1
2 5 0 1 4 6 7 9 1.41421
2 5 0 1 4 6 7 10 1
2 5 0 1 4 6 7 11 1.41421
2 5 0 1 4 6 7 12 1.41421
2 5 0 1 4 6 7 13 1.41421
2 5 0 1 4 6 7 14 1
2 5 0 1 4 6 8 9 1.41421
2 5 0 1 4 6 8 10 1.41421
2 5 0 1 4 6 8 11 1
2 5 0 1 4 6 8 12 1.41421
2 5 0 1 4 6 8 13 1.41421
2 5 0 1 4 6 8 14 1.41421
2 5 0 1 4 6 9 10 1.41421
2 5 0 1 4 6 9 11 1.41421
2 5 0 1 4 6 9 12 1.41421
2 5 0 1 4 6 9 13 1.41421
2 5 0 1 4 6 9 14 1.41421
2 5 0 1 4 6 10 11 1
2 5 0 1 4 6 10 12 1.41421
2 5 0 1 4 6 10 13 1.41421
2 5 0 1 4 6 10 14 1.41421
2 5 0 1 4 6 11 12 1.41421
2 5 0 1 4 6 11 13 1.41421
2 5 0 1 4 6 11 14 1
2 5 0 1 4 6 12 13 1.41421
2 5 0 1 4 6 12 14 1.41421
2 5 0 1 4 6 13 14 1.41421
2 5 0 1 4 7 8 9 1.41421
2 5 0 1 4 7 8 10 1.62019
2 5 0 1 4 7 8 11 1
2 5 0 1 4 7 8 12 1.62019
2 5 0 1 4 7 8 13 1.62019
2 5 0 1 4 7 8 14 1.62019
2 5 0 1 4 7 9 10 1.41421
2 5 0 1 4 7 9 11 1.41421
2 5 0 1 4 7 9 12 1.41421
2 5 0 1 4 7 9 13 1.41421
2 5 0 1 4 7 9 14 1.41421
2 5 0 1 4 7 10 11 1
2 5 0 1 4 7 10 12 1.62019
2 5 0 1 4 7 10 13 1.62019
2 5 0 1 4 7 10 14 1.62019
2 5 0 1 4 7 11 12 1.41421
2 5 0 1 4 7 11 13 1.41421
2 5 0 1 4 7 11 14 1
2 5 0 1 4 7 12 13 1.62019
2 5 0 1 4 7 12 14 1.62019
2 5 0 1 4 7 13 14 1.62019
2 5 0 1 4 8 9 10 1.62019
2 5 0 1 4 8 9 11 1
2 5 0 1 4 8 9 12 1.62019
2 5 0 1 4 8 9 13 1.62019
2 5 0 1 4 8 9 14 1.62019
2 5 0 1 4 8 10 11 1
2 5 0 1 4 8 10 12 1.73205
2 5 0 1 4 8 10 13 1.73205
2 5 0 1 4 8 10 14 1.73205
2 5 0 1 4 8 11 12 1
2 5 0 1 4 8 11 13 1
2 5 0 1 4 8 11 14 1
2 5 0 1 4 8 12 13 1.73205
2 5 0 1 4 8 12 14 1.73205
2 5 0 1 4 8 13 14 1.73205
2 5 0 1 4 9 10 11 1
2 5 0 1 4 9 10 12 1.62019
2 5 0 1 4 9 10 13 1.62019
2 5 0 1 4 9 10 14 1.62019
2 5 0 1 4 9 11 12 1.41421
2 5 0 1 4 9 11 13 1.41421
2 5 0 1 4 9 11 14 1
2 5 0 1 4 9 12 13 1.62019
2 5 0 1 4 9 12 14 1.62019
2 5 0 1 4 9 13 14 1.62019
2 5 0 1 4 10 11 12 1
2 5 0 1 4 10 11 13 1
2 5 0 1 4 10 11 14 1
2 5 0 1 4 10 12 13 1.73205
2 5 0 1 4 10 12 14 1.73205
2 5 0 1 4 10 13 14 1.73205
2 5 0 1 4 11 12 13 1.41421
2 5 0 1 4 11 12 14 1
2 5 0 1 4 11 13 14 1
2 5 0 1 4 12 13 14 1.73205
2 5 0 1 6 7 8 9 1.41421
2 5 0 1 6 7 8 10 1
2 5 0 1 6 7 8 11 1.41421
2 5 0 1 6 7 8 12 1.41421
2 5 0 1 6 7 8 13 1.41421
2 5 0 1 6 7 8 14 1
2 5 0 1 6 7 9 10 1
2 5 0 1 6 7 9 11 1.73205
2 5 0 1 6 7 9 12 1.73205
2 5 0 1 6 7 9 13 1.73205
2 5 0 1 6 7 9 14 1.41421
2 5 0 1 6 7 10 11 0
2 5 0 1 6 7 10 12 1
2 5 0 1 6 7 10 13 1
2 5 0 1 6 7 10 14 1
2 5 0 1 6 7 11 12 1.73205
2 5 0 1 6 7 11 13 1.73205
2 5 0 1 6 7 11 14 1.41421
2 5 0 1 6 7 12 13 1.73205
2 5 0 1 6 7 12 14 1.41421
2 5 0 1 6 7 13 14 1.41421
2 5 0 1 6 8 9 10 1.41421
2 5 0 1 6 8 9 11 1.41421
2 5 0 1 6 8 9 12 1.41421
2 5 0 1 6 8 9 13 1.41421
2 5 0 1 6 8 9 14 1.41421
2 5 0 1 6 8 10 11 1
2 5 0 1 6 8 10 12 1.41421
2 5 0 1 6 8 10 13 1.41421
2 5 0 1 6 8 10 14 1.41421
2 5 0 1 6 8 11 12 1.41421
2 5 0 1 6 8 11 13 1.41421
2 5 0 1 6 8 11 14 1
2 5 0 1 6 8 12 13 1.41421
2 5 0 1 6 8 12 14 1.41421
2 5 0 1 6 8 13 14 1.41421
2 5 0 1 6 9 10 11 1
2 5 0 1 6 9 10 12 1.41421
2 5 0 1 6 9 10 13 1.41421
2 5 0 1 6 9 10 14 1.41421
2 5 0 1 6 9 11 12 1.73205
2 5 0 1 6 9 11 13 1.73205
2 5 0 1 6 9 11 14 1.41421
2 5 0 1 6 9 12 13 1.73205
2 5 0 1 6 9 12 14 1.41421
2 5 0 1 6 9 13 14 1.41421
2 5 0 1 6 10 11 12 1
2 5 0 1 6 10 11 13 1
2 5 0 1 6 10 11 14 1
2 5 0 1 6 10 12 13 1.41421
2 5 0 1 6 10 12 14 1.41421
2 5 0 1 6 10 13 14 1.41421
2 5 0 1 6 11 12 13 1.73205
2 5 0 1 6 11 12 14 1.41421
2 5 0 1 6 11 13 14 1.41421
2 5 0 1 6 12 13 14 1.41421
2 5 0 1 7 8 9 10 1.41421
2 5 0 1 7 8 9 11 1.41421
2 5 0 1 7 8 9 12 1.41421
2 5 0 1 7 8 9 13 1.41421
2 5 0 1 7 8 9 14 1.41421
2 5 0 1 7 8 10 11 1
2 5 0 1 7 8 10 12 1.62019
2 5 0 1 7 8 10 13 1.62019
2 5 0 1 7 8 10 14 1.62019
2 5 0 1 7 8 11 12 1.41421
2 5 0 1 7 8 11 13 1.41421
2 5 0 1 7 8 11 14 1
2 5 0 1 7 8 12 13 1.62019
2 5 0 1 7 8 12 14 1.62019
2 5 0 1 7 8 13 14 1.62019
2 5 0 1 7 9 10 11 0
2 5 0 1 7 9 10 12 1.41421
2 5 0 1 7 9 10 13 1.41421
2 5 0 1 7 9 10 14 1.41421
2 5 0 1 7 9 11 12 1.73205
2 5 0 1 7 9 11 13 1.73205
2 5 0 1 7 9 11 14 1.41421
2 5 0 1 7 9 12 13 1.73205
2 5 0 1 7 9 12 14 1.41421
2 5 0 1 7 9 13 14 1.41421
2 5 0 1 7 10 11 12 1
2 5 0 1 7 10 11 13 1
2 5 0 1 7 10 11 14 1
2 5 0 1 7 10 12 13 1.62019
2 5 0 1 7 10 12 14 1.62019
2 5 0 1 7 10 13 14 1.62019
2 5 0 1 7 11 12 13 1.73205
2 5 0 1 7 11 12 14 1.41421
2 5 0 1 7 11 13 14 1.41421
2 5 0 1 7 12 13 14 1.62019
2 5 0 1 8 9 10 11 1
2 5 0 1 8 9 10 12 1.62019
2 5 0 1 8 9 10 13 1.62019
2 5 0 1 8 9 10 14 1.62019
2 5 0 1 8 9 11 12 1.41421
2 5 0 1 8 9 11 13 1.41421
2 5 0 1 8 9 11 14 1
2 5 0 1 8 9 12 13 1.62019
2 5 0 1 8 9 12 14 1.62019
2 5 0 1 8 9 13 14 1.62019
2 5 0 1 8 10 11 12 1
2 5 0 1 8 10 11 13 1
2 5 0 1 8 10 11 14 1
2 5 0 1 8 10 12 13 1.73205
2 5 0 1 8 10 12 14 1.73205
2 5 0 1 8 10 13 14 1.73205
2 5 0 1 8 11 12 13 1.41421
2 5 0 1 8 11 12 14 1
2 5 0 1 8 11 13 14 1
2 5 0 1 8 12 13 14 1.73205
2 5 0 1 9 10 11 12 1
2 5 0 1 9 10 11 13 1
2 5 0 1 9 10 11 14 1
2 5 0 1 9 10 12 13 1.62019
2 5 0 1 9 10 12 14 1.62019
2 5 0 1 9 10 13 14 1.62019
2 5 0 1 9 11 12 13 1.73205
2 5 0 1 9 11 12 14 1.41421
2 5 0 1 9 11 13 14 1.41421
2 5 0 1 9 12 13 14 1.62019
2 5 0 1 10 11 12 13 1
2 5 0 1 10 11 12 14 1
2 5 0 1 10 11 13 14 1
2 5 0 1 10 12 13 14 1.73205
2 5 0 1 11 12 13 14 1.41421
2 5 0 3 4 6 7 8 1.41421
2 5 0 3 4 6 7 9 1.90693
2 5 0 3 4 6 7 10 1.73205
2 5 0 3 4 6 7 11 1.90693
2 5 0 3 4 6 7 12 1.73205
2 5 0 3 4 6 7 13 1.73205
2 5 0 3 4 6 7 14 1.85164
2 5 0 3 4 6 8 9 1.73205
2 5 0 3 4 6 8 10 1.73205
2 5 0 3 4 6 8 11 1.73205
2 5 0 3 4 6 8 12 1.41421
2 5 0 3 4 6 8 13 1.41421
2 5 0 3 4 6 8 14 1.73205
2 5 0 3 4 6 9 10 2
2 5 0 3 4 6 9 11 2.10357
2 5 0 3 4 6 9 12 1.90693
2 5 0 3 4 6 9 13 1.90693
2 5 0 3 4 6 9 14 2.07802
2 5 0 3 4 6 10 11 2
2 5 0 3 4 6 10 12 1.73205
2 5 0 3 4 6 10 13 1.73205
2 5 0 3 4 6 10 14 2
2 5 0 3 4 6 11 12 1.90693
2 5 0 3 4 6 11 13 1.90693
2 5 0 3 4 6 11 14 2.07802
2 5 0 3 4 6 12 13 1.73205
2 5 0 3 4 6 12 14 1.85164
2 5 0 3 4 6 13 14 1.85164
2 5 0 3 4 7 8 9 1.41421
2 5 0 3 4 7 8 10 1.41421
2 5 0 3 4 7 8 11 1.41421
2 5 0 3 4 7 8 12 1.41421
2 5 0 3 4 7 8 13 1.41421
2 5 0 3 4 7 8 14 1.41421
2 5 0 3 4 7 9 10 1.73205
2 5 0 3 4 7 9 11 1.90693
2 5 0 3 4 7 9 12 1.73205
2 5 0 3 4 7 9 13 1.73205
2 5 0 3 4 7 9 14 1.85164
2 5 0 3 4 7 10 11 1.73205
2 5 0 3 4 7 10 12 1.41421
2 5 0 3 4 7 10 13 1.41421
2 5 0 3 4 7 10 14 1.73205
2 5 0 3 4 7 11 12 1.73205
2 5 0 3 4 7 11 13 1.73205
2 5 0 3 4 7 11 14 1.85164
2 5 0 3 4 7 12 13 1.62019
2 5 0 3 4 7 12 14 1.62019
2 5 0 3 4 7 13 14 1.62019
2 5 0 3 4 8 9 10 1.73205
2 5 0 3 4 8 9 11 1.73205
2 5 0 3 4 8 9 12 1.41421
2 5 0 3 4 8 9 13 1.41421
2 5 0 3 4 8 9 14 1.73205
2 5 0 3 4 8 10 11 1.73205
2 5 0 3 4 8 10 12 1.41421
2 5 0 3 4 8 10 13 1.41421
2 5 0 3 4 8 10 14 1.73205
2 5 0 3 4 8 11 12 1.41421
2 5 0 3 4 8 11 13 1.41421
2 5 0 3 4 8 11 14 1.73205
2 5 0 3 4 8 12 13 1.41421
2 5 0 3 4 8 12 14 1.41421
2 5 0 3 4 8 13 14 1.41421
2 5 0 3 4 9 10 11 2
2 5 0 3 4 9 10 12 1.73205
2 5 0 3 4 9 10 13 1.73205
2 5 0 3 4 9 10 14 2
2 5 0 3 4 9 11 12 1.90693
2 5 0 3 4 9 11 13 1.90693
2 5 0 3 4 9 11 14 2.07802
2 5 0 3 4 9 12 13 1.73205
2 5 0 3 4 9 12 14 1.85164
2 5 0 3 4 9 13 14 1.85164
2 5 0 3 4 10 11 12 1.73205
2 5 0 3 4 10 11 13 1.73205
2 5 0 3 4 10 11 14 2
2 5 0 3 4 10 12 13 1.41421
2 5 0 3 4 10 12 14 1.73205
2 5 0 3 4 10 13 14 1.73205
2 5 0 3 4 11 12 13 1.73205
2 5 0 3 4 11 12 14 1.85164
2 5 0 3 4 11 13 14 1.85164
2 5 0 3 4 12 13 14 1.62019
2 5 0 3 6 7 8 9 1.41421
2 5 0 3 6 7 8 10 1.41421
2 5 0 3 6 7 8 11 1.41421
2 5 0 3 6 7 8 12 1.41421
2 5 0 3 6 7 8 13 1.41421
2 5 0 3 6 7 8 14 1.41421
2 5 0 3 6 7 9 10 1.73205
2 5 0 3 6 7 9 11 2
2 5 0 3 6 7 9 12 1.90693
2 5 0 3 6 7 9 13 1.90693
2 5 0 3 6 7 9 14 1.90693
2 5 0 3 6 7 10 11 1.73205
2 5 0 3 6 7 10 12 1.41421
2 5 0 3 6 7 10 13 1.41421
2 5 0 3 6 7 10 14 1.73205
2 5 0 3 6 7 11 12 1.90693
2 5 0 3 6 7 11 13 1.90693
2 5 0 3 6 7 11 14 1.90693
2 5 0 3 6 7 12 13 1.85164
2 5 0 3 6 7 12 14 1.73205
2 5 0 3 6 7 13 14 1.73205
2 5 0 3 6 8 9 10 1.73205
2 5 0 3 6 8 9 11 1.73205
2 5 0 3 6 8 9 12 1.41421
2 5 0 3 6 8 9 13 1.41421
2 5 0 3 6 8 9 14 1.73205
2 5 0 3 6 8 10 11 1.73205
2 5 0 3 6 8 10 12 1.41421
2 5 0 3 6 8 10 13 1.41421
2 5 0 3 6 8 10 14 1.73205
2 5 0 3 6 8 11 12 1.41421
2 5 0 3 6 8 11 13 1.41421
2 5 0 3 6 8 11 14 1.73205
2 5 0 3 6 8 12 13 1.41421
2 5 0 3 6 8 12 14 1.41421
2 5 0 3 6 8 13 14 1.41421
2 5 0 3 6 9 10 11 2
2 5 0 3 6 9 10 12 1.73205
2 5 0 3 6 9 10 13 1.73205
2 5 0 3 6 9 10 14 2
2 5 0 3 6 9 11 12 2
2 5 0 3 6 9 11 13 2
2 5 0 3 6 9 11 14 2.10357
2 5 0 3 6 9 12 13 1.90693
2 5 0 3 6 9 12 14 1.90693
2 5 0 3 6 9 13 14 1.90693
2 5 0 3 6 10 11 12 1.73205
2 5 0 3 6 10 11 13 1.73205
2 5 0 3 6 10 11 14 2
2 5 0 3 6 10 12 13 1.41421
2 5 0 3 6 10 12 14 1.73205
2 5 0 3 6 10 13 14 1.73205
2 5 0 3 6 11 12 13 1.90693
2 5 0 3 6 11 12 14 1.90693
2 5 0 3 6 11 13 14 1.90693
2 5 0 3 6 12 13 14 1.73205
2 5 0 3 7 8 9 10 1.41421
2 5 0 3 7 8 9 11 1.41421
2 5 0 3 7 8 9 12 1.41421
2 5 0 3 7 8 9 13 1.41421
2 5 0 3 7 8 9 14 1.41421
2 5 0 3 7 8 10 11 1.41421
2 5 0 3 7 8 10 12 1.41421
2 5 0 3 7 8 10 13 1.41421
2 5 0 3 7 8 10 14 1.41421
2 5 0 3 7 8 11 12 1.41421
2 5 0 3 7 8 11 13 1.41421
2 5 0 3 7 8 11 14 1.41421
2 5 0 3 7 8 12 13 1.41421
2 5 0 3 7 8 12 14 1.41421
2 5 0 3 7 8 13 14 1.41421
2 5 0 3 7 9 10 11 1.73205
2 5 0 3 7 9 10 12 1.41421
2 5 0 3 7 9 10 13 1.41421
2 5 0 3 7 9 10 14 1.73205
2 5 0 3 7 9 11 12 1.90693
2 5 0 3 7 9 11 13 1.90693
2 5 0 3 7 9 11 14 1.90693
2 5 0 3 7 9 12 13 1.85164
2 5 0 3 7 9 12 14 1.73205
2 5 0 3 7 9 13 14 1.73205
2 5 0 3 7 10 11 12 1.41421
2 5 0 3 7 10 11 13 1.41421
2 5 0 3 7 10 11 14 1.73205
2 5 0 3 7 10 12 13 1.41421
2 5 0 3 7 10 12 14 1.41421
2 5 0 3 7 10 13 14 1.41421
2 5 0 3 7 11 12 13 1.85164
2 5 0 3 7 11 12 14 1.73205
2 5 0 3 7 11 13 14 1.73205
2 5 0 3 7 12 13 14 1.62019
2 5 0 3 8 9 10 11 1.73205
2 5 0 3 8 9 10 12 1.41421
2 5 0 3 8 9 10 13 1.41421
2 5 0 3 8 9 10 14 1.73205
2 5 0 3 8 9 11 12 1.41421
2 5 0 3 8 9 11 13 1.41421
2 5 0 3 8 9 11 14 1.73205
2 5 0 3 8 9 12 13 1.41421
2 5 0 3 8 9 12 14 1.41421
2 5 0 3 8 9 13 14 1.41421
2 5 0 3 8 10 11 12 1.41421
2 5 0 3 8 10 11 13 1.41421
2 5 0 3 8 10 11 14 1.73205
2 5 0 3 8 10 12 13 1.41421
2 5 0 3 8 10 12 14 1.41421
2 5 0 3 8 10 13 14 1.41421
2 5 0 3 8 11 12 13 1.41421
2 5 0 3 8 11 12 14 1.41421
2 5 0 3 8 11 13 14 1.41421
2 5 0 3 8 12 13 14 1.41421
2 5 0 3 9 10 11 12 1.73205
2 5 0 3 9 10 11 13 1.73205
2 5 0 3 9 10 11 14 2
2 5 0 3 9 10 12 13 1.41421
2 5 0 3 9 10 12 14 1.73205
2 5 0 3 9 10 13 14 1.73205
2 5 0 3 9 11 12 13 1.90693
2 5 0 3 9 11 12 14 1.90693
2 5 0 3 9 11 13 14 1.90693
2 5 0 3 9 12 13 14 1.73205
2 5 0 3 10 11 12 13 1.41421
2 5 0 3 10 11 12 14 1.73205
2 5 0 3 10 11 13 14 1.73205
2 5 0 3 10 12 13 14 1.41421
2 5 0 3 11 12 13 14 1.73205
2 5 0 4 6 7 8 9 1.41421
2 5 0 4 6 7 8 10 1.41421
2 5 0 4 6 7 8 11 1.41421
2 5 0 4 6 7 8 12 1
2 5 0 4 6 7 8 13 1
2 5 0 4 6 7 8 14 1.41421
2 5 0 4 6 7 9 10 1.73205
2 5 0 4 6 7 9 11 1.90693
2 5 0 4 6 7 9 12 1.73205
2 5 0 4 6 7 9 13 1.73205
2 5 0 4 6 7 9 14 1.85164
2 5 0 4 6 7 10 11 1.73205
2 5 0 4 6 7 10 12 1.41421
2 5 0 4 6 7 10 13 1.41421
2 5 0 4 6 7 10 14 1.73205
2 5 0 4 6 7 11 12 1.73205
2 5 0 4 6 7 11 13 1.73205
2 5 0 4 6 7 11 14 1.85164
2 5 0 4 6 7 12 13 1.62019
2 5 0 4 6 7 12 14 1.62019
2 5 0 4 6 7 13 14 1.62019
2 5 0 4 6 8 9 10 1.90693
2 5 0 4 6 8 9 11 1.85164
2 5 0 4 6 8 9 12 1.73205
2 5 0 4 6 8 9 13 1.73205
2 5 0 4 6 8 9 14 1.90693
2 5 0 4 6 8 10 11 1.85164
2 5 0 4 6 8 10 12 1.73205
2 5 0 4 6 8 10 13 1.73205
2 5 0 4 6 8 10 14 1.90693
2 5 0 4 6 8 11 12 1.62019
2 5 0 4 6 8 11 13 1.62019
2 5 0 4 6 8 11 14 1.85164
2 5 0 4 6 8 12 13 1.62019
2 5 0 4 6 8 12 14 1.73205
2 5 0 4 6 8 13 14 1.73205
2 5 0 4 6 9 10 11 2.07802
2 5 0 4 6 9 10 12 1.90693
2 5 0 4 6 9 10 13 1.90693
2 5 0 4 6 9 10 14 2.10357
2 5 0 4 6 9 11 12 2
2 5 0 4 6 9 11 13 2
2 5 0 4 6 9 11 14 2.13809
2 5 0 4 6 9 12 13 2
2 5 0 4 6 9 12 14 2
2 5 0 4 6 9 13 14 2
2 5 0 4 6 10 11 12 1.85164
2 5 0 4 6 10 11 13 1.85164
2 5 0 4 6 10 11 14 2.07802
2 5 0 4 6 10 12 13 1.73205
2 5 0 4 6 10 12 14 1.90693
2 5 0 4 6 10 13 14 1.90693
2 5 0 4 6 11 12 13 1.81265
2 5 0 4 6 11 12 14 1.93309
2 5 0 4 6 11 13 14 1.93309
2 5 0 4 6 12 13 14 1.81265
2 5 0 4 7 8 9 10 1.41421
2 5 0 4 7 8 9 11 1.41421
2 5 0 4 7 8 9 12 1.41421
2 5 0 4 7 8 9 13 1.41421
2 5 0 4 7 8 9 14 1.41421
2 5 0 4 7 8 10 11 1.41421
2 5 0 4 7 8 10 12 1.62019
2 5 0 4 7 8 10 13 1.62019
2 5 0 4 7 8 10 14 1.62019
2 5 0 4 7 8 11 12 1
2 5 0 4 7 8 11 13 1
2 5 0 4 7 8 11 14 1.41421
2 5 0 4 7 8 12 13 1.62019
2 5 0 4 7 8 12 14 1.62019
2 5 0 4 7 8 13 14 1.62019
2 5 0 4 7 9 10 11 1.73205
2 5 0 4 7 9 10 12 1.41421
2 5 0 4 7 9 10 13 1.41421
2 5 0 4 7 9 10 14 1.73205
2 5 0 4 7 9 11 12 1.73205
2 5 0 4 7 9 11 13 1.73205
2 5 0 4 7 9 11 14 1.85164
2 5 0 4 7 9 12 13 1.62019
2 5 0 4 7 9 12 14 1.62019
2 5 0 4 7 9 13 14 1.62019
2 5 0 4 7 10 11 12 1.41421
2 5 0 4 7 10 11 13 1.41421
2 5 0 4 7 10 11 14 1.73205
2 5 0 4 7 10 12 13 1.62019
2 5 0 4 7 10 12 14 1.62019
2 5 0 4 7 10 13 14 1.62019
2 5 0 4 7 11 12 13 1.62019
2 5 0 4 7 11 12 14 1.62019
2 5 0 4 7 11 13 14 1.62019
2 5 0 4 7 12 13 14 1.62019
2 5 0 4 8 9 10 11 1.85164
2 5 0 4 8 9 10 12 1.81265
2 5 0 4 8 9 10 13 1.81265
2 5 0 4 8 9 10 14 1.93309
2 5 0 4 8 9 11 12 1.62019
2 5 0 4 8 9 11 13 1.62019
2 5 0 4 8 9 11 14 1.85164
2 5 0 4 8 9 12 13 1.73205
2 5 0 4 8 9 12 14 1.81265
2 5 0 4 8 9 13 14 1.81265
2 5 0 4 8 10 11 12 1.62019
2 5 0 4 8 10 11 13 1.62019
2 5 0 4 8 10 11 14 1.85164
2 5 0 4 8 10 12 13 1.81265
2 5 0 4 8 10 12 14 2
2 5 0 4 8 10 13 14 2
2 5 0 4 8 11 12 13 1.41421
2 5 0 4 8 11 12 14 1.62019
2 5 0 4 8 11 13 14 1.62019
2 5 0 4 8 12 13 14 1.81265
2 5 0 4 9 10 11 12 1.85164
2 5 0 4 9 10 11 13 1.85164
2 5 0 4 9 10 11 14 2.07802
2 5 0 4 9 10 12 13 1.81265
2 5 0 4 9 10 12 14 1.93309
2 5 0 4 9 10 13 14 1.93309
2 5 0 4 9 11 12 13 1.81265
2 5 0 4 9 11 12 14 1.93309
2 5 0 4 9 11 13 14 1.93309
2 5 0 4 9 12 13 14 2
2 5 0 4 10 11 12 13 1.62019
2 5 0 4 10 11 12 14 1.85164
2 5 0 4 10 11 13 14 1.85164
2 5 0 4 10 12 13 14 2
2 5 0 4 11 12 13 14 1.73205
2 5 0 6 7 8 9 10 1.41421
2 5 0 6 7 8 9 11 1.41421
2 5 0 6 7 8 9 12 1.41421
2 5 0 6 7 8 9 13 1.41421
2 5 0 6 7 8 9 14 1.41421
2 5 0 6 7 8 10 11 1.41421
2 5 0 6 7 8 10 12 1
2 5 0 6 7 8 10 13 1
2 5 0 6 7 8 10 14 1.41421
2 5 0 6 7 8 11 12 1.41421
2 5 0 6 7 8 11 13 1.41421
2 5 0 6 7 8 11 14 1.41421
2 5 0 6 7 8 12 13 1.41421
2 5 0 6 7 8 12 14 1
2 5 0 6 7 8 13 14 1
2 5 0 6 7 9 10 11 1.73205
2 5 0 6 7 9 10 12 1.41421
2 5 0 6 7 9 10 13 1.41421
2 5 0 6 7 9 10 14 1.73205
2 5 0 6 7 9 11 12 1.90693
2 5 0 6 7 9 11 13 1.90693
2 5 0 6 7 9 11 14 1.90693
2 5 0 6 7 9 12 13 1.85164
2 5 0 6 7 9 12 14 1.73205
2 5 0 6 7 9 13 14 1.73205
2 5 0 6 7 10 11 12 1.41421
2 5 0 6 7 10 11 13 1.41421
2 5 0 6 7 10 11 14 1.73205
2 5 0 6 7 10 12 13 1
2 5 0 6 7 10 12 14 1.41421
2 5 0 6 7 10 13 14 1.41421
2 5 0 6 7 11 12 13 1.85164
2 5 0 6 7 11 12 14 1.73205
2 5 0 6 7 11 13 14 1.73205
2 5 0 6 7 12 13 14 1.62019
2 5 0 6 8 9 10 11 1.85164
2 5 0 6 8 9 10 12 1.73205
2 5 0 6 8 9 10 13 1.73205
2 5 0 6 8 9 10 14 1.90693
2 5 0 6 8 9 11 12 1.62019
2 5 0 6 8 9 11 13 1.62019
2 5 0 6 8 9 11 14 1.85164
2 5 0 6 8 9 12 13 1.62019
2 5 0 6 8 9 12 14 1.73205
2 5 0 6 8 9 13 14 1.73205
2 5 0 6 8 10 11 12 1.62019
2 5 0 6 8 10 11 13 1.62019
2 5 0 6 8 10 11 14 1.85164
2 5 0 6 8 10 12 13 1.62019
2 5 0 6 8 10 12 14 1.73205
2 5 0 6 8 10 13 14 1.73205
2 5 0 6 8 11 12 13 1.41421
2 5 0 6 8 11 12 14 1.62019
2 5 0 6 8 11 13 14 1.62019
2 5 0 6 8 12 13 14 1.62019
2 5 0 6 9 10 11 12 1.85164
2 5 0 6 9 10 11 13 1.85164
2 5 0 6 9 10 11 14 2.07802
2 5 0 6 9 10 12 13 1.73205
2 5 0 6 9 10 12 14 1.90693
2 5 0 6 9 10 13 14 1.90693
2 5 0 6 9 11 12 13 1.93309
2 5 0 6 9 11 12 14 2
2 5 0 6 9 11 13 14 2
2 5 0 6 9 12 13 14 2
2 5 0 6 10 11 12 13 1.62019
2 5 0 6 10 11 12 14 1.85164
2 5 0 6 10 11 13 14 1.85164
2 5 0 6 10 12 13 14 1.73205
2 5 0 6 11 12 13 14 1.81265
2 5 0 7 8 9 10 11 1.41421
2 5 0 7 8 9 10 12 1.41421
2 5 0 7 8 9 10 13 1.41421
2 5 0 7 8 9 10 14 1.41421
2 5 0 7 8 9 11 12 1.41421
2 5 0 7 8 9 11 13 1.41421
2 5 0 7 8 9 11 14 1.41421
2 5 0 7 8 9 12 13 1.41421
2 5 0 7 8 9 12 14 1.41421
2 5 0 7 8 9 13 14 1.41421
2 5 0 7 8 10 11 12 1
2 5 0 7 8 10 11 13 1
2 5 0 7 8 10 11 14 1.41421
2 5 0 7 8 10 12 13 1.62019
2 5 0 7 8 10 12 14 1.62019
2 5 0 7 8 10 13 14 1.62019
2 5 0 7 8 11 12 13 1.41421
2 5 0 7 8 11 12 14 1
2 5 0 7 8 11 13 14 1
2 5 0 7 8 12 13 14 1.62019
2 5 0 7 9 10 11 12 1.41421
2 5 0 7 9 10 11 13 1.41421
2 5 0 7 9 10 11 14 1.73205
2 5 0 7 9 10 12 13 1.41421
2 5 0 7 9 10 12 14 1.41421
2 5 0 7 9 10 13 14 1.41421
2 5 0 7 9 11 12 13 1.85164
2 5 0 7 9 11 12 14 1.73205
2 5 0 7 9 11 13 14 1.73205
2 5 0 7 9 12 13 14 1.62019
2 5 0 7 10 11 12 13 1
2 5 0 7 10 11 12 14 1.41421
2 5 0 7 10 11 13 14 1.41421
2 5 0 7 10 12 13 14 1.62019
2 5 0 7 11 12 13 14 1.62019
2 5 0 8 9 10 11 12 1.62019
2 5 0 8 9 10 11 13 1.62019
2 5 0 8 9 10 11 14 1.85164
2 5 0 8 9 10 12 13 1.73205
2 5 0 8 9 10 12 14 1.81265
2 5 0 8 9 10 13 14 1.81265
2 5 0 8 9 11 12 13 1.41421
2 5 0 8 9 11 12 14 1.62019
2 5 0 8 9 11 13 14 1.62019
2 5 0 8 9 12 13 14 1.73205
2 5 0 8 10 11 12 13 1.41421
2 5 0 8 10 11 12 14 1.62019
2 5 0 8 10 11 13 14 1.62019
2 5 0 8 10 12 13 14 1.81265
2 5 0 8 11 12 13 14 1.41421
2 5 0 9 10 11 12 13 1.62019
2 5 0 9 10 11 12 14 1.85164
2 5 0 9 10 11 13 14 1.85164
2 5 0 9 10 12 13 14 1.81265
2 5 0 9 11 12 13 14 1.81265
2 5 0 10 11 12 13 14 1.62019
2 5 1 3 4 6 7 8 1
2 5 1 3 4 6 7 9 1.41421
2 5 1 3 4 6 7 10 1
2 5 1 3 4 6 7 11 1.41421
2 5 1 3 4 6 7 12 1.41421
2 5 1 3 4 6 7 13 1.41421
2 5 1 3 4 6 7 14 1
2 5 1 3 4 6 8 9 1
2 5 1 3 4 6 8 10 1
2 5 1 3 4 6 8 11 1
2 5 1 3 4 6 8 12 1
2 5 1 3 4 6 8 13 1
2 5 1 3 4 6 8 14 1
2 5 1 3 4 6 9 10 1
2 5 1 3 4 6 9 11 1.41421
2 5 1 3 4 6 9 12 1.41421
2 5 1 3 4 6 9 13 1.41421
2 5 1 3 4 6 9 14 1
2 5 1 3 4 6 10 11 1
2 5 1 3 4 6 10 12 1
2 5 1 3 4 6 10 13 0
2 5 1 3 4 6 10 14 1
2 5 1 3 4 6 11 12 1.41421
2 5 1 3 4 6 11 13 1.41421
2 5 1 3 4 6 11 14 1
2 5 1 3 4 6 12 13 1.41421
2 5 1 3 4 6 12 14 1
2 5 1 3 4 6 13 14 1
2 5 1 3 4 7 8 9 1
2 5 1 3 4 7 8 10 1.41421
2 5 1 3 4 7 8 11 1
2 5 1 3 4 7 8 12 1.41421
2 5 1 3 4 7 8 13 1.41421
2 5 1 3 4 7 8 14 1.41421
2 5 1 3 4 7 9 10 1
2 5 1 3 4 7 9 11 1.41421
2 5 1 3 4 7 9 12 1.41421
2 5 1 3 4 7 9 13 1.41421
2 5 1 3 4 7 9 14 1
2 5 1 3 4 7 10 11 1
2 5 1 3 4 7 10 12 1.41421
2 5 1 3 4 7 10 13 1.41421
2 5 1 3 4 7 10 14 1.41421
2 5 1 3 4 7 11 12 1.41421
2 5 1 3 4 7 11 13 1.41421
2 5 1 3 4 7 11 14 1
2 5 1 3 4 7 12 13 1.41421
2 5 1 3 4 7 12 14 1.41421
2 5 1 3 4 7 13 14 1.41421
2 5 1 3 4 8 9 10 1
2 5 1 3 4 8 9 11 1
2 5 1 3 4 8 9 12 1
2 5 1 3 4 8 9 13 1
2 5 1 3 4 8 9 14 1
2 5 1 3 4 8 10 11 1
2 5 1 3 4 8 10 12 1.41421
2 5 1 3 4 8 10 13 1.41421
2 5 1 3 4 8 10 14 1.41421
2 5 1 3 4 8 11 12 1
2 5 1 3 4 8 11 13 1
2 5 1 3 4 8 11 14 1
2 5 1 3 4 8 12 13 1.41421
2 5 1 3 4 8 12 14 1.41421
2 5 1 3 4 8 13 14 1.41421
2 5 1 3 4 9 10 11 1
2 5 1 3 4 9 10 12 1
2 5 1 3 4 9 10 13 1
2 5 1 3 4 9 10 14 1
2 5 1 3 4 9 11 12 1.41421
2 5 1 3 4 9 11 13 1.41421
2 5 1 3 4 9 11 14 1
2 5 1 3 4 9 12 13 1.41421
2 5 1 3 4 9 12 14 1
2 5 1 3 4 9 13 14 1
2 5 1 3 4 10 11 12 1
2 5 1 3 4 10 11 13 1
2 5 1 3 4 10 11 14 1
2 5 1 3 4 10 12 13 1.41421
2 5 1 3 4 10 12 14 1.41421
2 5 1 3 4 10 13 14 1.41421
2 5 1 3 4 11 12 13 1.41421
2 5 1 3 4 11 12 14 1
2 5 1 3 4 11 13 14 1
2 5 1 3 4 12 13 14 1.41421
2 5 1 3 6 7 8 9 1.41421
2 5 1 3 6 7 8 10 1
2 5 1 3 6 7 8 11 1.41421
2 5 1 3 6 7 8 12 1.41421
2 5 1 3 6 7 8 13 1.41421
2 5 1 3 6 7 8 14 1
2 5 1 3 6 7 9 10 1
2 5 1 3 6 7 9 11 1.73205
2 5 1 3 6 7 9 12 1.73205
2 5 1 3 6 7 9 13 1.73205
2 5 1 3 6 7 9 14 1.41421
2 5 1 3 6 7 10 11 1
2 5 1 3 6 7 10 12 1
2 5 1 3 6 7 10 13 0
2 5 1 3 6 7 10 14 1
2 5 1 3 6 7 11 12 1.73205
2 5 1 3 6 7 11 13 1.73205
2 5 1 3 6 7 11 14 1.41421
2 5 1 3 6 7 12 13 1.73205
2 5 1 3 6 7 12 14 1.41421
2 5 1 3 6 7 13 14 1.41421
2 5 1 3 6 8 9 10 1
2 5 1 3 6 8 9 11 1.41421
2 5 1 3 6 8 9 12 1.41421
2 5 1 3 6 8 9 13 1.41421
2 5 1 3 6 8 9 14 1
2 5 1 3 6 8 10 11 1
2 5 1 3 6 8 10 12 1
2 5 1 3 6 8 10 13 0
2 5 1 3 6 8 10 14 1
2 5 1 3 6 8 11 12 1.41421
2 5 1 3 6 8 11 13 1.41421
2 5 1 3 6 8 11 14 1
2 5 1 3 6 8 12 13 1.41421
2 5 1 3 6 8 12 14 1
2 5 1 3 6 8 13 14 1
2 5 1 3 6 9 10 11 1
2 5 1 3 6 9 10 12 1
2 5 1 3 6 9 10 13 0
2 5 1 3 6 9 10 14 1
2 5 1 3 6 9 11 12 1.73205
2 5 1 3 6 9 11 13 1.73205
2 5 1 3 6 9 11 14 1.41421
2 5 1 3 6 9 12 13 1.73205
2 5 1 3 6 9 12 14 1.41421
2 5 1 3 6 9 13 14 1.41421
2 5 1 3 6 10 11 12 1
2 5 1 3 6 10 11 13 0
2 5 1 3 6 10 11 14 1
2 5 1 3 6 10 12 13 0
2 5 1 3 6 10 12 14 1
2 5 1 3 6 10 13 14 0
2 5 1 3 6 11 12 13 1.73205
2 5 1 3 6 11 12 14 1.41421
2 5 1 3 6 11 13 14 1.41421
2 5 1 3 6 12 13 14 1.41421
2 5 1 3 7 8 9 10 1
2 5 1 3 7 8 9 11 1.41421
2 5 1 3 7 8 9 12 1.41421
2 5 1 3 7 8 9 13 1.41421
2 5 1 3 7 8 9 14 1
2 5 1 3 7 8 10 11 1
2 5 1 3 7 8 10 12 1.41421
2 5 1 3 7 8 10 13 1.41421
2 5 1 3 7 8 10 14 1.41421
2 5 1 3 7 8 11 12 1.41421
2 5 1 3 7 8 11 13 1.41421
2 5 1 3 7 8 11 14 1
2 5 1 3 7 8 12 13 1.41421
2 5 1 3 7 8 12 14 1.41421
2 5 1 3 7 8 13 14 1.41421
2 5 1 3 7 9 10 11 1
2 5 1 3 7 9 10 12 1
2 5 1 3 7 9 10 13 1
2 5 1 3 7 9 10 14 1
2 5 1 3 7 9 11 12 1.73205
2 5 1 3 7 9 11 13 1.73205
2 5 1 3 7 9 11 14 1.41421
2 5 1 3 7 9 12 13 1.73205
2 5 1 3 7 9 12 14 1.41421
2 5 1 3 7 9 13 14 1.41421
2 5 1 3 7 10 11 12 1
2 5 1 3 7 10 11 13 1
2 5 1 3 7 10 11 14 1
2 5 1 3 7 10 12 13 1.41421
2 5 1 3 7 10 12 14 1.41421
2 5 1 3 7 10 13 14 1.41421
2 5 1 3 7 11 12 13 1.73205
2 5 1 3 7 11 12 14 1.41421
2 5 1 3 7 11 13 14 1.41421
2 5 1 3 7 12 13 14 1.41421
2 5 1 3 8 9 10 11 1
2 5 1 3 8 9 10 12 1
2 5 1 3 8 9 10 13 1
2 5 1 3 8 9 10 14 1
2 5 1 3 8 9 11 12 1.41421
2 5 1 3 8 9 11 13 1.41421
2 5 1 3 8 9 11 14 1
2 5 1 3 8 9 12 13 1.41421
2 5 1 3 8 9 12 14 1
2 5 1 3 8 9 13 14 1
2 5 1 3 8 10 11 12 1
2 5 1 3 8 10 11 13 1
2 5 1 3 8 10 11 14 1
2 5 1 3 8 10 12 13 1.41421
2 5 1 3 8 10 12 14 1.41421
2 5 1 3 8 10 13 14 1.41421
2 5 1 3 8 11 12 13 1.41421
2 5 1 3 8 11 12 14 1
2 5 1 3 8 11 13 14 1
2 5 1 3 8 12 13 14 1.41421
2 5 1 3 9 10 11 12 1
2 5 1 3 9 10 11 13 0
2 5 1 3 9 10 11 14 1
2 5 1 3 9 10 12 13 1
2 5 1 3 9 10 12 14 1
2 5 1 3 9 10 13 14 1
2 5 1 3 9 11 12 13 1.73205
2 5 1 3 9 11 12 14 1.41421
2 5 1 3 9 11 13 14 1.41421
2 5 1 3 9 12 13 14 1.41421
2 5 1 3 10 11 12 13 1
2 5 1 3 10 11 12 14 1
2 5 1 3 10 11 13 14 1
2 5 1 3 10 12 13 14 1.41421
2 5 1 3 11 12 13 14 1.41421
2 5 1 4 6 7 8 9 1
2 5 1 4 6 7 8 10 1
2 5 1 4 6 7 8 11 1
2 5 1 4 6 7 8 12 1
2 5 1 4 6 7 8 13 1
2 5 1 4 6 7 8 14 1
2 5 1 4 6 7 9 10 1
2 5 1 4 6 7 9 11 1.41421
2 5 1 4 6 7 9 12 1.41421
2 5 1 4 6 7 9 13 1.41421
2 5 1 4 6 7 9 14 1
2 5 1 4 6 7 10 11 1
2 5 1 4 6 7 10 12 1
2 5 1 4 6 7 10 13 1
2 5 1 4 6 7 10 14 1
2 5 1 4 6 7 11 12 1.41421
2 5 1 4 6 7 11 13 1.41421
2 5 1 4 6 7 11 14 1
2 5 1 4 6 7 12 13 1.41421
2 5 1 4 6 7 12 14 1
2 5 1 4 6 7 13 14 1
2 5 1 4 6 8 9 10 1.41421
2 5 1 4 6 8 9 11 1
2 5 1 4 6 8 9 12 1.41421
2 5 1 4 6 8 9 13 1.41421
2 5 1 4 6 8 9 14 1.41421
2 5 1 4 6 8 10 11 1
2 5 1 4 6 8 10 12 1.41421
2 5 1 4 6 8 10 13 1.41421
2 5 1 4 6 8 10 14 1.41421
2 5 1 4 6 8 11 12 1
2 5 1 4 6 8 11 13 1
2 5 1 4 6 8 11 14 1
2 5 1 4 6 8 12 13 1.41421
2 5 1 4 6 8 12 14 1.41421
2 5 1 4 6 8 13 14 1.41421
2 5 1 4 6 9 10 11 1
2 5 1 4 6 9 10 12 1.41421
2 5 1 4 6 9 10 13 1.41421
2 5 1 4 6 9 10 14 1.41421
2 5 1 4 6 9 11 12 1.41421
2 5 1 4 6 9 11 13 1.41421
2 5 1 4 6 9 11 14 1
2 5 1 4 6 9 12 13 1.41421
2 5 1 4 6 9 12 14 1.41421
2 5 1 4 6 9 13 14 1.41421
2 5 1 4 6 10 11 12 1
2 5 1 4 6 10 11 13 1
2 5 1 4 6 10 11 14 1
2 5 1 4 6 10 12 13 1.41421
2 5 1 4 6 10 12 14 1.41421
2 5 1 4 6 10 13 14 1.41421
2 5 1 4 6 11 12 13 1.41421
2 5 1 4 6 11 12 14 1
2 5 1 4 6 11 13 14 1
2 5 1 4 6 12 13 14 1.41421
2 5 1 4 7 8 9 10 1.41421
2 5 1 4 7 8 9 11 1
2 5 1 4 7 8 9 12 1.41421
2 5 1 4 7 8 9 13 1.41421
2 5 1 4 7 8 9 14 1.41421
2 5 1 4 7 8 10 11 1
2 5 1 4 7 8 10 12 1.62019
2 5 1 4 7 8 10 13 1.62019
2 5 1 4 7 8 10 14 1.62019
2 5 1 4 7 8 11 12 1
2 5 1 4 7 8 11 13 1
2 5 1 4 7 8 11 14 1
2 5 1 4 7 8 12 13 1.62019
2 5 1 4 7 8 12 14 1.62019
2 5 1 4 7 8 13 14 1.62019
2 5 1 4 7 9 10 11 1
2 5 1 4 7 9 10 12 1.41421
2 5 1 4 7 9 10 13 1.41421
2 5 1 4 7 9 10 14 1.41421
2 5 1 4 7 9 11 12 1.41421
2 5 1 4 7 9 11 13 1.41421
2 5 1 4 7 9 11 14 1
2 5 1 4 7 9 12 13 1.41421
2 5 1 4 7 9 12 14 1.41421
2 5 1 4 7 9 13 14 1.41421
2 5 1 4 7 10 11 12 1
2 5 1 4 7 10 11 13 1
2 5 1 4 7 10 11 14 1
2 5 1 4 7 10 12 13 1.62019
2 5 1 4 7 10 12 14 1.62019
2 5 1 4 7 10 13 14 1.62019
2 5 1 4 7 11 12 13 1.41421
2 5 1 4 7 11 12 14 1
2 5 1 4 7 11 13 14 1
2 5 1 4 7 12 13 14 1.62019
2 5 1 4 8 9 10 11 1
2 5 1 4 8 9 10 12 1.62019
2 5 1 4 8 9 10 13 1.62019
2 5 1 4 8 9 10 14 1.62019
2 5 1 4 8 9 11 12 1
2 5 1 4 8 9 11 13 1
2 5 1 4 8 9 11 14 1
2 5 1 4 8 9 12 13 1.62019
2 5 1 4 8 9 12 14 1.62019
2 5 1 4 8 9 13 14 1.62019
2 5 1 4 8 10 11 12 1
2 5 1 4 8 10 11 13 1
2 5 1 4 8 10 11 14 1
2 5 1 4 8 10 12 13 1.73205
2 5 1 4 8 10 12 14 1.73205
2 5 1 4 8 10 13 14 1.73205
2 5 1 4 8 11 12 13 1
2 5 1 4 8 11 12 14 1
2 5 1 4 8 11 13 14 1
2 5 1 4 8 12 13 14 1.73205
2 5 1 4 9 10 11 12 1
2 5 1 4 9 10 11 13 1
2 5 1 4 9 10 11 14 1
2 5 1 4 9 10 12 13 1.62019
2 5 1 4 9 10 12 14 1.62019
2 5 1 4 9 10 13 14 1.62019
2 5 1 4 9 11 12 13 1.41421
2 5 1 4 9 11 12 14 1
2 5 1 4 9 11 13 14 1
2 5 1 4 9 12 13 14 1.62019
2 5 1 4 10 11 12 13 1
2 5 1 4 10 11 12 14 1
2 5 1 4 10 11 13 14 1
2 5 1 4 10 12 13 14 1.73205
2 5 1 4 11 12 13 14 1
2 5 1 6 7 8 9 10 1
2 5 1 6 7 8 9 11 1.41421
2 5 1 6 7 8 9 12 1.41421
2 5 1 6 7 8 9 13 1.41421
2 5 1 6 7 8 9 14 1
2 5 1 6 7 8 10 11 1
2 5 1 6 7 8 10 12 1
2 5 1 6 7 8 10 13 1
2 5 1 6 7 8 10 14 1
2 5 1 6 7 8 11 12 1.41421
2 5 1 6 7 8 11 13 1.41421
2 5 1 6 7 8 11 14 1
2 5 1 6 7 8 12 13 1.41421
2 5 1 6 7 8 12 14 1
2 5 1 6 7 8 13 14 1
2 5 1 6 7 9 10 11 1
2 5 1 6 7 9 10 12 1
2 5 1 6 7 9 10 13 1
2 5 1 6 7 9 10 14 1
2 5 1 6 7 9 11 12 1.73205
2 5 1 6 7 9 11 13 1.73205
2 5 1 6 7 9 11 14 1.41421
2 5 1 6 7 9 12 13 1.73205
2 5 1 6 7 9 12 14 1.41421
2 5 1 6 7 9 13 14 1.41421
2 5 1 6 7 10 11 12 1
2 5 1 6 7 10 11 13 0
2 5 1 6 7 10 11 14 1
2 5 1 6 7 10 12 13 1
2 5 1 6 7 10 12 14 1
2 5 1 6 7 10 13 14 1
2 5 1 6 7 11 12 13 1.73205
2 5 1 6 7 11 12 14 1.41421
2 5 1 6 7 11 13 14 1.41421
2 5 1 6 7 12 13 14 1.41421
2 5 1 6 8 9 10 11 1
2 5 1 6 8 9 10 12 1.41421
2 5 1 6 8 9 10 13 1.41421
2 5 1 6 8 9 10 14 1.41421
2 5 1 6 8 9 11 12 1.41421
2 5 1 6 8 9 11 13 1.41421
2 5 1 6 8 9 11 14 1
2 5 1 6 8 9 12 13 1.41421
2 5 1 6 8 9 12 14 1.41421
2 5 1 6 8 9 13 14 1.41421
2 5 1 6 8 10 11 12 1
2 5 1 6 8 10 11 13 1
2 5 1 6 8 10 11 14 1
2 5 1 6 8 10 12 13 1.41421
2 5 1 6 8 10 12 14 1.41421
2 5 1 6 8 10 13 14 1.41421
2 5 1 6 8 11 12 13 1.41421
2 5 1 6 8 11 12 14 1
2 5 1 6 8 11 13 14 1
2 5 1 6 8 12 13 14 1.41421
2 5 1 6 9 10 11 12 1
2 5 1 6 9 10 11 13 1
2 5 1 6 9 10 11 14 1
2 5 1 6 9 10 12 13 1.41421
2 5 1 6 9 10 12 14 1.41421
2 5 1 6 9 10 13 14 1.41421
2 5 1 6 9 11 12 13 1.73205
2 5 1 6 9 11 12 14 1.41421
2 5 1 6 9 11 13 14 1.41421
2 5 1 6 9 12 13 14 1.41421
2 5 1 6 10 11 12 13 1
2 5 1 6 10 11 12 14 1
2 5 1 6 10 11 13 14 1
2 5 1 6 10 12 13 14 1.41421
2 5 1 6 11 12 13 14 1.41421
2 5 1 7 8 9 10 11 1
2 5 1 7 8 9 10 12 1.41421
2 5 1 7 8 9 10 13 1.41421
2 5 1 7 8 9 10 14 1.41421
2 5 1 7 8 9 11 12 1.41421
2 5 1 7 8 9 11 13 1.41421
2 5 1 7 8 9 11 14 1
2 5 1 7 8 9 12 13 1.41421
2 5 1 7 8 9 12 14 1.41421
2 5 1 7 8 9 13 14 1.41421
2 5 1 7 8 10 11 12 1
2 5 1 7 8 10 11 13 1
2 5 1 7 8 10 11 14 1
2 5 1 7 8 10 12 13 1.62019
2 5 1 7 8 10 12 14 1.62019
2 5 1 7 8 10 13 14 1.62019
2 5 1 7 8 11 12 13 1.41421
2 5 1 7 8 11 12 14 1
2 5 1 7 8 11 13 14 1
2 5 1 7 8 12 13 14 1.62019
2 5 1 7 9 10 11 12 1
2 5 1 7 9 10 11 13 0
2 5 1 7 9 10 11 14 1
2 5 1 7 9 10 12 13 1.41421
2 5 1 7 9 10 12 14 1.41421
2 5 1 7 9 10 13 14 1.41421
2 5 1 7 9 11 12 13 1.73205
2 5 1 7 9 11 12 14 1.41421
2 5 1 7 9 11 13 14 1.41421
2 5 1 7 9 12 13 14 1.41421
2 5 1 7 10 11 12 13 1
2 5 1 7 10 11 12 14 1
2 5 1 7 10 11 13 14 1
2 5 1 7 10 12 13 14 1.62019
2 5 1 7 11 12 13 14 1.41421
2 5 1 8 9 10 11 12 1
2 5 1 8 9 10 11 13 1
2 5 1 8 9 10 11 14 1
2 5 1 8 9 10 12 13 1.62019
2 5 1 8 9 10 12 14 1.62019
2 5 1 8 9 10 13 14 1.62019
2 5 1 8 9 11 12 13 1.41421
2 5 1 8 9 11 12 14 1
2 5 1 8 9 11 13 14 1
2 5 1 8 9 12 13 14 1.62019
2 5 1 8 10 11 12 13 1
2 5 1 8 10 11 12 14 1
2 5 1 8 10 11 13 14 1
2 5 1 8 10 12 13 14 1.73205
2 5 1 8 11 12 13 14 1
2 5 1 9 10 11 12 13 1
2 5 1 9 10 11 12 14 1
2 5 1 9 10 11 13 14 1
2 5 1 9 10 12 13 14 1.62019
2 5 1 9 11 12 13 14 1.41421
2 5 1 10 11 12 13 14 1
2 5 3 4 6 7 8 9 1.62019
2 5 3 4 6 7 8 10 1.62019
2 5 3 4 6 7 8 11 1.62019
2 5 3 4 6 7 8 12 1.41421
2 5 3 4 6 7 8 13 1
2 5 3 4 6 7 8 14 1.62019
2 5 3 4 6 7 9 10 1.85164
2 5 3 4 6 7 9 11 2
2 5 3 4 6 7 9 12 1.81265
2 5 3 4 6 7 9 13 1.73205
2 5 3 4 6 7 9 14 1.93309
2 5 3 4 6 7 10 11 1.85164
2 5 3 4 6 7 10 12 1.62019
2 5 3 4 6 7 10 13 1.41421
2 5 3 4 6 7 10 14 1.85164
2 5 3 4 6 7 11 12 1.81265
2 5 3 4 6 7 11 13 1.73205
2 5 3 4 6 7 11 14 1.93309
2 5 3 4 6 7 12 13 1.62019
2 5 3 4 6 7 12 14 1.73205
2 5 3 4 6 7 13 14 1.62019
2 5 3 4 6 8 9 10 1.85164
2 5 3 4 6 8 9 11 1.85164
2 5 3 4 6 8 9 12 1.62019
2 5 3 4 6 8 9 13 1.41421
2 5 3 4 6 8 9 14 1.85164
2 5 3 4 6 8 10 11 1.85164
2 5 3 4 6 8 10 12 1.62019
2 5 3 4 6 8 10 13 1.41421
2 5 3 4 6 8 10 14 1.85164
2 5 3 4 6 8 11 12 1.62019
2 5 3 4 6 8 11 13 1.41421
2 5 3 4 6 8 11 14 1.85164
2 5 3 4 6 8 12 13 1
2 5 3 4 6 8 12 14 1.62019
2 5 3 4 6 8 13 14 1.41421
2 5 3 4 6 9 10 11 2.07802
2 5 3 4 6 9 10 12 1.85164
2 5 3 4 6 9 10 13 1.73205
2 5 3 4 6 9 10 14 2.07802
2 5 3 4 6 9 11 12 2
2 5 3 4 6 9 11 13 1.90693
2 5 3 4 6 9 11 14 2.13809
2 5 3 4 6 9 12 13 1.73205
2 5 3 4 6 9 12 14 1.93309
2 5 3 4 6 9 13 14 1.85164
2 5 3 4 6 10 11 12 1.85164
2 5 3 4 6 10 11 13 1.73205
2 5 3 4 6 10 11 14 2.07802
2 5 3 4 6 10 12 13 1.41421
2 5 3 4 6 10 12 14 1.85164
2 5 3 4 6 10 13 14 1.73205
2 5 3 4 6 11 12 13 1.73205
2 5 3 4 6 11 12 14 1.93309
2 5 3 4 6 11 13 14 1.85164
2 5 3 4 6 12 13 14 1.62019
2 5 3 4 7 8 9 10 1.62019
2 5 3 4 7 8 9 11 1.62019
2 5 3 4 7 8 9 12 1.41421
2 5 3 4 7 8 9 13 1
2 5 3 4 7 8 9 14 1.62019
2 5 3 4 7 8 10 11 1.62019
2 5 3 4 7 8 10 12 1.41421
2 5 3 4 7 8 10 13 1.41421
2 5 3 4 7 8 10 14 1.62019
2 5 3 4 7 8 11 12 1.41421
2 5 3 4 7 8 11 13 1
2 5 3 4 7 8 11 14 1.62019
2 5 3 4 7 8 12 13 1.41421
2 5 3 4 7 8 12 14 1.41421
2 5 3 4 7 8 13 14 1.41421
2 5 3 4 7 9 10 11 1.85164
2 5 3 4 7 9 10 12 1.62019
2 5 3 4 7 9 10 13 1.41421
2 5 3 4 7 9 10 14 1.85164
2 5 3 4 7 9 11 12 1.81265
2 5 3 4 7 9 11 13 1.73205
2 5 3 4 7 9 11 14 1.93309
2 5 3 4 7 9 12 13 1.62019
2 5 3 4 7 9 12 14 1.73205
2 5 3 4 7 9 13 14 1.62019
2 5 3 4 7 10 11 12 1.62019
2 5 3 4 7 10 11 13 1.41421
2 5 3 4 7 10 11 14 1.85164
2 5 3 4 7 10 12 13 1.41421
2 5 3 4 7 10 12 14 1.62019
2 5 3 4 7 10 13 14 1.41421
2 5 3 4 7 11 12 13 1.62019
2 5 3 4 7 11 12 14 1.73205
2 5 3 4 7 11 13 14 1.62019
2 5 3 4 7 12 13 14 1.41421
2 5 3 4 8 9 10 11 1.85164
2 5 3 4 8 9 10 12 1.62019
2 5 3 4 8 9 10 13 1.41421
2 5 3 4 8 9 10 14 1.85164
2 5 3 4 8 9 11 12 1.62019
2 5 3 4 8 9 11 13 1.41421
2 5 3 4 8 9 11 14 1.85164
2 5 3 4 8 9 12 13 1
2 5 3 4 8 9 12 14 1.62019
2 5 3 4 8 9 13 14 1.41421
2 5 3 4 8 10 11 12 1.62019
2 5 3 4 8 10 11 13 1.41421
2 5 3 4 8 10 11 14 1.85164
2 5 3 4 8 10 12 13 1.41421
2 5 3 4 8 10 12 14 1.62019
2 5 3 4 8 10 13 14 1.41421
2 5 3 4 8 11 12 13 1
2 5 3 4 8 11 12 14 1.62019
2 5 3 4 8 11 13 14 1.41421
2 5 3 4 8 12 13 14 1.41421
2 5 3 4 9 10 11 12 1.85164
2 5 3 4 9 10 11 13 1.73205
2 5 3 4 9 10 11 14 2.07802
2 5 3 4 9 10 12 13 1.41421
2 5 3 4 9 10 12 14 1.85164
2 5 3 4 9 10 13 14 1.73205
2 5 3 4 9 11 12 13 1.73205
2 5 3 4 9 11 12 14 1.93309
2 5 3 4 9 11 13 14 1.85164
2 5 3 4 9 12 13 14 1.62019
2 5 3 4 10 11 12 13 1.41421
2 5 3 4 10 11 12 14 1.85164
2 5 3 4 10 11 13 14 1.73205
2 5 3 4 10 12 13 14 1.41421
2 5 3 4 11 12 13 14 1.62019
2 5 3 6 7 8 9 10 1.62019
2 5 3 6 7 8 9 11 1.62019
2 5 3 6 7 8 9 12 1.41421
2 5 3 6 7 8 9 13 1.41421
2 5 3 6 7 8 9 14 1.62019
2 5 3 6 7 8 10 11 1.62019
2 5 3 6 7 8 10 12 1.41421
2 5 3 6 7 8 10 13 1
2 5 3 6 7 8 10 14 1.62019
2 5 3 6 7 8 11 12 1.41421
2 5 3 6 7 8 11 13 1.41421
2 5 3 6 7 8 11 14 1.62019
2 5 3 6 7 8 12 13 1.41421
2 5 3 6 7 8 12 14 1.41421
2 5 3 6 7 8 13 14 1
2 5 3 6 7 9 10 11 1.85164
2 5 3 6 7 9 10 12 1.62019
2 5 3 6 7 9 10 13 1.41421
2 5 3 6 7 9 10 14 1.85164
2 5 3 6 7 9 11 12 1.93309
2 5 3 6 7 9 11 13 1.90693
2 5 3 6 7 9 11 14 2
2 5 3 6 7 9 12 13 1.85164
2 5 3 6 7 9 12 14 1.81265
2 5 3 6 7 9 13 14 1.73205
2 5 3 6 7 10 11 12 1.62019
2 5 3 6 7 10 11 13 1.41421
2 5 3 6 7 10 11 14 1.85164
2 5 3 6 7 10 12 13 1
2 5 3 6 7 10 12 14 1.62019
2 5 3 6 7 10 13 14 1.41421
2 5 3 6 7 11 12 13 1.85164
2 5 3 6 7 11 12 14 1.81265
2 5 3 6 7 11 13 14 1.73205
2 5 3 6 7 12 13 14 1.62019
2 5 3 6 8 9 10 11 1.85164
2 5 3 6 8 9 10 12 1.62019
2 5 3 6 8 9 10 13 1.41421
2 5 3 6 8 9 10 14 1.85164
2 5 3 6 8 9 11 12 1.62019
2 5 3 6 8 9 11 13 1.41421
2 5 3 6 8 9 11 14 1.85164
2 5 3 6 8 9 12 13 1.41421
2 5 3 6 8 9 12 14 1.62019
2 5 3 6 8 9 13 14 1.41421
2 5 3 6 8 10 11 12 1.62019
2 5 3 6 8 10 11 13 1.41421
2 5 3 6 8 10 11 14 1.85164
2 5 3 6 8 10 12 13 1
2 5 3 6 8 10 12 14 1.62019
2 5 3 6 8 10 13 14 1.41421
2 5 3 6 8 11 12 13 1.41421
2 5 3 6 8 11 12 14 1.62019
2 5 3 6 8 11 13 14 1.41421
2 5 3 6 8 12 13 14 1
2 5 3 6 9 10 11 12 1.85164
2 5 3 6 9 10 11 13 1.73205
2 5 3 6 9 10 11 14 2.07802
2 5 3 6 9 10 12 13 1.41421
2 5 3 6 9 10 12 14 1.85164
2 5 3 6 9 10 13 14 1.73205
2 5 3 6 9 11 12 13 1.90693
2 5 3 6 9 11 12 14 2
2 5 3 6 9 11 13 14 1.90693
2 5 3 6 9 12 13 14 1.73205
2 5 3 6 10 11 12 13 1.41421
2 5 3 6 10 11 12 14 1.85164
2 5 3 6 10 11 13 14 1.73205
2 5 3 6 10 12 13 14 1.41421
2 5 3 6 11 12 13 14 1.73205
2 5 3 7 8 9 10 11 1.62019
2 5 3 7 8 9 10 12 1.41421
2 5 3 7 8 9 10 13 1
2 5 3 7 8 9 10 14 1.62019
2 5 3 7 8 9 11 12 1.41421
2 5 3 7 8 9 11 13 1.41421
2 5 3 7 8 9 11 14 1.62019
2 5 3 7 8 9 12 13 1.41421
2 5 3 7 8 9 12 14 1.41421
2 5 3 7 8 9 13 14 1
2 5 3 7 8 10 11 12 1.41421
2 5 3 7 8 10 11 13 1
2 5 3 7 8 10 11 14 1.62019
2 5 3 7 8 10 12 13 1.41421
2 5 3 7 8 10 12 14 1.41421
2 5 3 7 8 10 13 14 1.41421
2 5 3 7 8 11 12 13 1.41421
2 5 3 7 8 11 12 14 1.41421
2 5 3 7 8 11 13 14 1
2 5 3 7 8 12 13 14 1.41421
2 5 3 7 9 10 11 12 1.62019
2 5 3 7 9 10 11 13 1.41421
2 5 3 7 9 10 11 14 1.85164
2 5 3 7 9 10 12 13 1
2 5 3 7 9 10 12 14 1.62019
2 5 3 7 9 10 13 14 1.41421
2 5 3 7 9 11 12 13 1.85164
2 5 3 7 9 11 12 14 1.81265
2 5 3 7 9 11 13 14 1.73205
2 5 3 7 9 12 13 14 1.62019
2 5 3 7 10 11 12 13 1
2 5 3 7 10 11 12 14 1.62019
2 5 3 7 10 11 13 14 1.41421
2 5 3 7 10 12 13 14 1.41421
2 5 3 7 11 12 13 14 1.62019
2 5 3 8 9 10 11 12 1.62019
2 5 3 8 9 10 11 13 1.41421
2 5 3 8 9 10 11 14 1.85164
2 5 3 8 9 10 12 13 1
2 5 3 8 9 10 12 14 1.62019
2 5 3 8 9 10 13 14 1.41421
2 5 3 8 9 11 12 13 1.41421
2 5 3 8 9 11 12 14 1.62019
2 5 3 8 9 11 13 14 1.41421
2 5 3 8 9 12 13 14 1
2 5 3 8 10 11 12 13 1
2 5 3 8 10 11 12 14 1.62019
2 5 3 8 10 11 13 14 1.41421
2 5 3 8 10 12 13 14 1.41421
2 5 3 8 11 12 13 14 1
2 5 3 9 10 11 12 13 1.41421
2 5 3 9 10 11 12 14 1.85164
2 5 3 9 10 11 13 14 1.73205
2 5 3 9 10 12 13 14 1.41421
2 5 3 9 11 12 13 14 1.73205
2 5 3 10 11 12 13 14 1.41421
2 5 4 6 7 8 9 10 1.62019
2 5 4 6 7 8 9 11 1.62019
2 5 4 6 7 8 9 12 1.41421
2 5 4 6 7 8 9 13 1
2 5 4 6 7 8 9 14 1.62019
2 5 4 6 7 8 10 11 1.62019
2 5 4 6 7 8 10 12 1.41421
2 5 4 6 7 8 10 13 1
2 5 4 6 7 8 10 14 1.62019
2 5 4 6 7 8 11 12 1.41421
2 5 4 6 7 8 11 13 1
2 5 4 6 7 8 11 14 1.62019
2 5 4 6 7 8 12 13 1
2 5 4 6 7 8 12 14 1.41421
2 5 4 6 7 8 13 14 1
2 5 4 6 7 9 10 11 1.85164
2 5 4 6 7 9 10 12 1.62019
2 5 4 6 7 9 10 13 1.41421
2 5 4 6 7 9 10 14 1.85164
2 5 4 6 7 9 11 12 1.81265
2 5 4 6 7 9 11 13 1.73205
2 5 4 6 7 9 11 14 1.93309
2 5 4 6 7 9 12 13 1.62019
2 5 4 6 7 9 12 14 1.73205
2 5 4 6 7 9 13 14 1.62019
2 5 4 6 7 10 11 12 1.62019
2 5 4 6 7 10 11 13 1.41421
2 5 4 6 7 10 11 14 1.85164
2 5 4 6 7 10 12 13 1
2 5 4 6 7 10 12 14 1.62019
2 5 4 6 7 10 13 14 1.41421
2 5 4 6 7 11 12 13 1.62019
2 5 4 6 7 11 12 14 1.73205
2 5 4 6 7 11 13 14 1.62019
2 5 4 6 7 12 13 14 1.41421
2 5 4 6 8 9 10 11 1.93309
2 5 4 6 8 9 10 12 1.81265
2 5 4 6 8 9 10 13 1.73205
2 5 4 6 8 9 10 14 2
2 5 4 6 8 9 11 12 1.73205
2 5 4 6 8 9 11 13 1.62019
2 5 4 6 8 9 11 14 1.93309
2 5 4 6 8 9 12 13 1.62019
2 5 4 6 8 9 12 14 1.81265
2 5 4 6 8 9 13 14 1.73205
2 5 4 6 8 10 11 12 1.73205
2 5 4 6 8 10 11 13 1.62019
2 5 4 6 8 10 11 14 1.93309
2 5 4 6 8 10 12 13 1.62019
2 5 4 6 8 10 12 14 1.81265
2 5 4 6 8 10 13 14 1.73205
2 5 4 6 8 11 12 13 1.41421
2 5 4 6 8 11 12 14 1.73205
2 5 4 6 8 11 13 14 1.62019
2 5 4 6 8 12 13 14 1.62019
2 5 4 6 9 10 11 12 1.93309
2 5 4 6 9 10 11 13 1.85164
2 5 4 6 9 10 11 14 2.13809
2 5 4 6 9 10 12 13 1.73205
2 5 4 6 9 10 12 14 2
2 5 4 6 9 10 13 14 1.90693
2 5 4 6 9 11 12 13 1.81265
2 5 4 6 9 11 12 14 2
2 5 4 6 9 11 13 14 1.93309
2 5 4 6 9 12 13 14 1.81265
2 5 4 6 10 11 12 13 1.62019
2 5 4 6 10 11 12 14 1.93309
2 5 4 6 10 11 13 14 1.85164
2 5 4 6 10 12 13 14 1.73205
2 5 4 6 11 12 13 14 1.73205
2 5 4 7 8 9 10 11 1.62019
2 5 4 7 8 9 10 12 1.41421
2 5 4 7 8 9 10 13 1.41421
2 5 4 7 8 9 10 14 1.62019
2 5 4 7 8 9 11 12 1.41421
2 5 4 7 8 9 11 13 1
2 5 4 7 8 9 11 14 1.62019
2 5 4 7 8 9 12 13 1.41421
2 5 4 7 8 9 12 14 1.41421
2 5 4 7 8 9 13 14 1.41421
2 5 4 7 8 10 11 12 1.41421
2 5 4 7 8 10 11 13 1
2 5 4 7 8 10 11 14 1.62019
2 5 4 7 8 10 12 13 1.62019
2 5 4 7 8 10 12 14 1.62019
2 5 4 7 8 10 13 14 1.62019
2 5 4 7 8 11 12 13 1
2 5 4 7 8 11 12 14 1.41421
2 5 4 7 8 11 13 14 1
2 5 4 7 8 12 13 14 1.62019
2 5 4 7 9 10 11 12 1.62019
2 5 4 7 9 10 11 13 1.41421
2 5 4 7 9 10 11 14 1.85164
2 5 4 7 9 10 12 13 1.41421
2 5 4 7 9 10 12 14 1.62019
2 5 4 7 9 10 13 14 1.41421
2 5 4 7 9 11 12 13 1.62019
2 5 4 7 9 11 12 14 1.73205
2 5 4 7 9 11 13 14 1.62019
2 5 4 7 9 12 13 14 1.41421
2 5 4 7 10 11 12 13 1
2 5 4 7 10 11 12 14 1.62019
2 5 4 7 10 11 13 14 1.41421
2 5 4 7 10 12 13 14 1.62019
2 5 4 7 11 12 13 14 1.41421
2 5 4 8 9 10 11 12 1.73205
2 5 4 8 9 10 11 13 1.62019
2 5 4 8 9 10 11 14 1.93309
2 5 4 8 9 10 12 13 1.73205
2 5 4 8 9 10 12 14 2
2 5 4 8 9 10 13 14 1.81265
2 5 4 8 9 11 12 13 1.41421
2 5 4 8 9 11 12 14 1.73205
2 5 4 8 9 11 13 14 1.62019
2 5 4 8 9 12 13 14 1.73205
2 5 4 8 10 11 12 13 1.41421
2 5 4 8 10 11 12 14 1.73205
2 5 4 8 10 11 13 14 1.62019
2 5 4 8 10 12 13 14 1.81265
2 5 4 8 11 12 13 14 1.41421
2 5 4 9 10 11 12 13 1.62019
2 5 4 9 10 11 12 14 1.93309
2 5 4 9 10 11 13 14 1.85164
2 5 4 9 10 12 13 14 1.81265
2 5 4 9 11 12 13 14 1.73205
2 5 4 10 11 12 13 14 1.62019
2 5 6 7 8 9 10 11 1.62019
2 5 6 7 8 9 10 12 1.41421
2 5 6 7 8 9 10 13 1
2 5 6 7 8 9 10 14 1.62019
2 5 6 7 8 9 11 12 1.41421
2 5 6 7 8 9 11 13 1.41421
2 5 6 7 8 9 11 14 1.62019
2 5 6 7 8 9 12 13 1.41421
2 5 6 7 8 9 12 14 1.41421
2 5 6 7 8 9 13 14 1
2 5 6 7 8 10 11 12 1.41421
2 5 6 7 8 10 11 13 1
2 5 6 7 8 10 11 14 1.62019
2 5 6 7 8 10 12 13 1
2 5 6 7 8 10 12 14 1.41421
2 5 6 7 8 10 13 14 1
2 5 6 7 8 11 12 13 1.41421
2 5 6 7 8 11 12 14 1.41421
2 5 6 7 8 11 13 14 1
2 5 6 7 8 12 13 14 1
2 5 6 7 9 10 11 12 1.62019
2 5 6 7 9 10 11 13 1.41421
2 5 6 7 9 10 11 14 1.85164
2 5 6 7 9 10 12 13 1
2 5 6 7 9 10 12 14 1.62019
2 5 6 7 9 10 13 14 1.41421
2 5 6 7 9 11 12 13 1.85164
2 5 6 7 9 11 12 14 1.81265
2 5 6 7 9 11 13 14 1.73205
2 5 6 7 9 12 13 14 1.62019
2 5 6 7 10 11 12 13 1
2 5 6 7 10 11 12 14 1.62019
2 5 6 7 10 11 13 14 1.41421
2 5 6 7 10 12 13 14 1
2 5 6 7 11 12 13 14 1.62019
2 5 6 8 9 10 11 12 1.73205
2 5 6 8 9 10 11 13 1.62019
2 5 6 8 9 10 11 14 1.93309
2 5 6 8 9 10 12 13 1.62019
2 5 6 8 9 10 12 14 1.81265
2 5 6 8 9 10 13 14 1.73205
2 5 6 8 9 11 12 13 1.41421
2 5 6 8 9 11 12 14 1.73205
2 5 6 8 9 11 13 14 1.62019
2 5 6 8 9 12 13 14 1.62019
2 5 6 8 10 11 12 13 1.41421
2 5 6 8 10 11 12 14 1.73205
2 5 6 8 10 11 13 14 1.62019
2 5 6 8 10 12 13 14 1.62019
2 5 6 8 11 12 13 14 1.41421
2 5 6 9 10 11 12 13 1.62019
2 5 6 9 10 11 12 14 1.93309
2 5 6 9 10 11 13 14 1.85164
2 5 6 9 10 12 13 14 1.73205
2 5 6 9 11 12 13 14 1.81265
2 5 6 10 11 12 13 14 1.62019
2 5 7 8 9 10 11 12 1.41421
2 5 7 8 9 10 11 13 1
2 5 7 8 9 10 11 14 1.62019
2 5 7 8 9 10 12 13 1.41421
2 5 7 8 9 10 12 14 1.41421
2 5 7 8 9 10 13 14 1.41421
2 5 7 8 9 11 12 13 1.41421
2 5 7 8 9 11 12 14 1.41421
2 5 7 8 9 11 13 14 1
2 5 7 8 9 12 13 14 1.41421
2 5 7 8 10 11 12 13 1
2 5 7 8 10 11 12 14 1.41421
2 5 7 8 10 11 13 14 1
2 5 7 8 10 12 13 14 1.62019
2 5 7 8 11 12 13 14 1
2 5 7 9 10 11 12 13 1
2 5 7 9 10 11 12 14 1.62019
2 5 7 9 10 11 13 14 1.41421
2 5 7 9 10 12 13 14 1.41421
2 5 7 9 11 12 13 14 1.62019
2 5 7 10 11 12 13 14 1
2 5 8 9 10 11 12 13 1.41421
2 5 8 9 10 11 12 14 1.73205
2 5 8 9 10 11 13 14 1.62019
2 5 8 9 10 12 13 14 1.73205
2 5 8 9 11 12 13 14 1.41421
2 5 8 10 11 12 13 14 1.41421
2 5 9 10 11 12 13 14 1.62019
