1 14 0 2 2
1 14 0 3 1.90693
1 14 0 4 2.19089
1 14 0 5 1.90693
1 14 0 6 2.28446
1 14 0 7 2
1 14 0 8 2.3094
1 14 0 9 2.3094
1 14 0 10 2.28446
1 14 0 11 2.19089
1 14 0 12 2.38048
1 14 0 13 2.38048
1 14 2 3 1.73205
1 14 2 4 1.81265
1 14 2 5 1.73205
1 14 2 6 2
1 14 2 7 1.62019
1 14 2 8 2
1 14 2 9 2
1 14 2 10 2
1 14 2 11 1.81265
1 14 2 12 2
1 14 2 13 2
1 14 3 4 1.41421
1 14 3 5 1.41421
1 14 3 6 1.90693
1 14 3 7 1.73205
1 14 3 8 1.85164
1 14 3 9 1.90693
1 14 3 10 1.73205
1 14 3 11 1.90693
1 14 3 12 1.90693
1 14 3 13 1.90693
1 14 4 5 1.90693
1 14 4 6 2.13664
1 14 4 7 1.81265
1 14 4 8 2.19089
1 14 4 9 2.16025
1 14 4 10 2.19089
1 14 4 11 2
1 14 4 12 2.19089
1 14 4 13 2.19089
1 14 5 6 1.73205
1 14 5 7 1.73205
1 14 5 8 1.90693
1 14 5 9 1.85164
1 14 5 10 1.90693
1 14 5 11 1.41421
1 14 5 12 1.90693
1 14 5 13 1.90693
1 14 6 7 2
1 14 6 8 2.26385
1 14 6 9 2.28446
1 14 6 10 2.23607
1 14 6 11 2.19089
1 14 6 12 2.28446
1 14 6 13 2.28446
1 14 7 8 2
1 14 7 9 2
1 14 7 10 2
1 14 7 11 1.81265
1 14 7 12 2
1 14 7 13 2
1 14 8 9 2.3094
1 14 8 10 2.28446
1 14 8 11 2.16025
1 14 8 12 2.3094
1 14 8 13 2.3094
1 14 9 10 2.26385
1 14 9 11 2.19089
1 14 9 12 2.3094
1 14 9 13 2.3094
1 14 10 11 2.13664
1 14 10 12 2.28446
1 14 10 13 2.28446
1 14 11 12 2.19089
1 14 11 13 2.19089
1 14 12 13 2.38048
