9 12 0 1 2.44949
9 12 0 2 2.28841
9 12 0 3 2.50333
9 12 0 4 2.68845
9 12 0 5 2.50713
9 12 0 6 2.77833
9 12 0 7 2.28841
9 12 0 8 2.67706
9 12 0 10 2.72172
9 12 0 11 2.74064
9 12 0 13 2.736
9 12 0 14 2.76677
9 12 1 2 1.96769
9 12 1 3 2
9 12 1 4 2.16025
9 12 1 5 1.85164
9 12 1 6 2.44949
9 12 1 7 1.96769
9 12 1 8 2.3094
9 12 1 10 2.26385
9 12 1 11 2.23607
9 12 1 13 2.44949
9 12 1 14 2.3094
9 12 2 3 2.20605
9 12 2 4 2.17607
9 12 2 5 2.12303
9 12 2 6 2.29989
9 12 2 7 2
9 12 2 8 2.10442
9 12 2 10 2.15322
9 12 2 11 2.27761
9 12 2 13 2.1965
9 12 2 14 2.26608
9 12 3 4 2.36827
9 12 3 5 2.19034
9 12 3 6 2.51916
9 12 3 7 2.20605
9 12 3 8 2.3094
9 12 3 10 2.39046
9 12 3 11 2.51916
9 12 3 13 2.44949
9 12 3 14 2.5
9 12 4 5 2.44114
9 12 4 6 2.67169
9 12 4 7 2.17607
9 12 4 8 2.61861
9 12 4 10 2.69077
9 12 4 11 2.6176
9 12 4 13 2.62912
9 12 4 14 2.68594
9 12 5 6 2.44949
9 12 5 7 2.12303
9 12 5 8 2.3094
9 12 5 10 2.40662
9 12 5 11 2.39792
9 12 5 13 2.44949
9 12 5 14 2.44114
9 12 6 7 2.29989
9 12 6 8 2.67706
9 12 6 10 2.72185
9 12 6 11 2.73861
9 12 6 13 2.71341
9 12 6 14 2.77498
9 12 7 8 2.10442
9 12 7 10 2.15322
9 12 7 11 2.27761
9 12 7 13 2.1965
9 12 7 14 2.26608
9 12 8 10 2.67842
9 12 8 11 2.62912
9 12 8 13 2.62912
9 12 8 14 2.67814
9 12 10 11 2.68164
9 12 10 13 2.66288
9 12 10 14 2.73139
9 12 11 13 2.68949
9 12 11 14 2.71649
9 12 13 14 2.70663
