9 12 0 1 2 3 4 5 1.41421
9 12 0 1 2 3 4 6 1.41421
9 12 0 1 2 3 4 7 1.41421
9 12 0 1 2 3 4 8 1
9 12 0 1 2 3 4 10 1
9 12 0 1 2 3 4 11 1.41421
9 12 0 1 2 3 4 13 1.41421
9 12 0 1 2 3 4 14 1
9 12 0 1 2 3 5 6 1.73205
9 12 0 1 2 3 5 7 1.73205
9 12 0 1 2 3 5 8 1.41421
9 12 0 1 2 3 5 10 1
9 12 0 1 2 3 5 11 1.73205
9 12 0 1 2 3 5 13 1.73205
9 12 0 1 2 3 5 14 1.41421
9 12 0 1 2 3 6 7 1.85164
9 12 0 1 2 3 6 8 1.73205
9 12 0 1 2 3 6 10 1.41421
9 12 0 1 2 3 6 11 1.90693
9 12 0 1 2 3 6 13 1.90693
9 12 0 1 2 3 6 14 1.73205
9 12 0 1 2 3 7 8 1.62019
9 12 0 1 2 3 7 10 1
9 12 0 1 2 3 7 11 1.85164
9 12 0 1 2 3 7 13 1.85164
9 12 0 1 2 3 7 14 1.62019
9 12 0 1 2 3 8 10 1.41421
9 12 0 1 2 3 8 11 1.73205
9 12 0 1 2 3 8 13 1.73205
9 12 0 1 2 3 8 14 1.62019
9 12 0 1 2 3 10 11 1.41421
9 12 0 1 2 3 10 13 1.41421
9 12 0 1 2 3 10 14 1.41421
9 12 0 1 2 3 11 13 1.90693
9 12 0 1 2 3 11 14 1.73205
9 12 0 1 2 3 13 14 1.73205
9 12 0 1 2 4 5 6 1.41421
9 12 0 1 2 4 5 7 1.41421
9 12 0 1 2 4 5 8 1.62019
9 12 0 1 2 4 5 10 1.62019
9 12 0 1 2 4 5 11 1.41421
9 12 0 1 2 4 5 13 1.62019
9 12 0 1 2 4 5 14 1.62019
9 12 0 1 2 4 6 7 1.41421
9 12 0 1 2 4 6 8 1.62019
9 12 0 1 2 4 6 10 1.62019
9 12 0 1 2 4 6 11 1.41421
9 12 0 1 2 4 6 13 1.62019
9 12 0 1 2 4 6 14 1.62019
9 12 0 1 2 4 7 8 1.41421
9 12 0 1 2 4 7 10 1.41421
9 12 0 1 2 4 7 11 1.41421
9 12 0 1 2 4 7 13 1.41421
9 12 0 1 2 4 7 14 1.41421
9 12 0 1 2 4 8 10 1.73205
9 12 0 1 2 4 8 11 1.41421
9 12 0 1 2 4 8 13 1.73205
9 12 0 1 2 4 8 14 1.73205
9 12 0 1 2 4 10 11 1.41421
9 12 0 1 2 4 10 13 1.73205
9 12 0 1 2 4 10 14 1.73205
9 12 0 1 2 4 11 13 1.41421
9 12 0 1 2 4 11 14 1.41421
9 12 0 1 2 4 13 14 1.73205
9 12 0 1 2 5 6 7 1.73205
9 12 0 1 2 5 6 8 1.41421
9 12 0 1 2 5 6 10 1.41421
9 12 0 1 2 5 6 11 1.73205
9 12 0 1 2 5 6 13 1.73205
9 12 0 1 2 5 6 14 1.41421
9 12 0 1 2 5 7 8 1.41421
9 12 0 1 2 5 7 10 1.41421
9 12 0 1 2 5 7 11 1.73205
9 12 0 1 2 5 7 13 1.73205
9 12 0 1 2 5 7 14 1.41421
9 12 0 1 2 5 8 10 1.62019
9 12 0 1 2 5 8 11 1.41421
9 12 0 1 2 5 8 13 1.62019
9 12 0 1 2 5 8 14 1.62019
9 12 0 1 2 5 10 11 1
9 12 0 1 2 5 10 13 1.62019
9 12 0 1 2 5 10 14 1.62019
9 12 0 1 2 5 11 13 1.73205
9 12 0 1 2 5 11 14 1.41421
9 12 0 1 2 5 13 14 1.62019
9 12 0 1 2 6 7 8 1.62019
9 12 0 1 2 6 7 10 1
9 12 0 1 2 6 7 11 1.85164
9 12 0 1 2 6 7 13 1.85164
9 12 0 1 2 6 7 14 1.62019
9 12 0 1 2 6 8 10 1.73205
9 12 0 1 2 6 8 11 1.81265
9 12 0 1 2 6 8 13 2
9 12 0 1 2 6 8 14 1.81265
9 12 0 1 2 6 10 11 1.62019
9 12 0 1 2 6 10 13 1.73205
9 12 0 1 2 6 10 14 1.73205
9 12 0 1 2 6 11 13 1.93309
9 12 0 1 2 6 11 14 1.81265
9 12 0 1 2 6 13 14 2
9 12 0 1 2 7 8 10 1.41421
9 12 0 1 2 7 8 11 1.62019
9 12 0 1 2 7 8 13 1.62019
9 12 0 1 2 7 8 14 1.41421
9 12 0 1 2 7 10 11 1
9 12 0 1 2 7 10 13 1.41421
9 12 0 1 2 7 10 14 1.41421
9 12 0 1 2 7 11 13 1.85164
9 12 0 1 2 7 11 14 1.62019
9 12 0 1 2 7 13 14 1.62019
9 12 0 1 2 8 10 11 1.62019
9 12 0 1 2 8 10 13 1.81265
9 12 0 1 2 8 10 14 1.81265
9 12 0 1 2 8 11 13 1.81265
9 12 0 1 2 8 11 14 1.73205
9 12 0 1 2 8 13 14 2
9 12 0 1 2 10 11 13 1.62019
9 12 0 1 2 10 11 14 1.62019
9 12 0 1 2 10 13 14 1.81265
9 12 0 1 2 11 13 14 1.81265
9 12 0 1 3 4 5 6 1.41421
9 12 0 1 3 4 5 7 1.41421
9 12 0 1 3 4 5 8 1
9 12 0 1 3 4 5 10 1
9 12 0 1 3 4 5 11 1.41421
9 12 0 1 3 4 5 13 1.41421
9 12 0 1 3 4 5 14 1
9 12 0 1 3 4 6 7 1.41421
9 12 0 1 3 4 6 8 1.41421
9 12 0 1 3 4 6 10 1.41421
9 12 0 1 3 4 6 11 1.41421
9 12 0 1 3 4 6 13 1.41421
9 12 0 1 3 4 6 14 1.41421
9 12 0 1 3 4 7 8 1
9 12 0 1 3 4 7 10 1
9 12 0 1 3 4 7 11 1.41421
9 12 0 1 3 4 7 13 1.41421
9 12 0 1 3 4 7 14 1
9 12 0 1 3 4 8 10 1.41421
9 12 0 1 3 4 8 11 1.41421
9 12 0 1 3 4 8 13 1.41421
9 12 0 1 3 4 8 14 1.41421
9 12 0 1 3 4 10 11 1.41421
9 12 0 1 3 4 10 13 1.41421
9 12 0 1 3 4 10 14 1.41421
9 12 0 1 3 4 11 13 1.41421
9 12 0 1 3 4 11 14 1.41421
9 12 0 1 3 4 13 14 1.41421
9 12 0 1 3 5 6 7 1.73205
9 12 0 1 3 5 6 8 1.41421
9 12 0 1 3 5 6 10 0
9 12 0 1 3 5 6 11 1.73205
9 12 0 1 3 5 6 13 1.73205
9 12 0 1 3 5 6 14 1.41421
9 12 0 1 3 5 7 8 1.41421
9 12 0 1 3 5 7 10 1
9 12 0 1 3 5 7 11 1.73205
9 12 0 1 3 5 7 13 1.73205
9 12 0 1 3 5 7 14 1.41421
9 12 0 1 3 5 8 10 1
9 12 0 1 3 5 8 11 1.41421
9 12 0 1 3 5 8 13 1.41421
9 12 0 1 3 5 8 14 1
9 12 0 1 3 5 10 11 0
9 12 0 1 3 5 10 13 1
9 12 0 1 3 5 10 14 1
9 12 0 1 3 5 11 13 1.73205
9 12 0 1 3 5 11 14 1.41421
9 12 0 1 3 5 13 14 1.41421
9 12 0 1 3 6 7 8 1.73205
9 12 0 1 3 6 7 10 1.41421
9 12 0 1 3 6 7 11 1.90693
9 12 0 1 3 6 7 13 1.90693
9 12 0 1 3 6 7 14 1.73205
9 12 0 1 3 6 8 10 1.73205
9 12 0 1 3 6 8 11 1.90693
9 12 0 1 3 6 8 13 1.90693
9 12 0 1 3 6 8 14 1.85164
9 12 0 1 3 6 10 11 1.73205
9 12 0 1 3 6 10 13 1.73205
9 12 0 1 3 6 10 14 1.73205
9 12 0 1 3 6 11 13 2
9 12 0 1 3 6 11 14 1.90693
9 12 0 1 3 6 13 14 1.90693
9 12 0 1 3 7 8 10 1.41421
9 12 0 1 3 7 8 11 1.73205
9 12 0 1 3 7 8 13 1.73205
9 12 0 1 3 7 8 14 1.62019
9 12 0 1 3 7 10 11 1.41421
9 12 0 1 3 7 10 13 1.41421
9 12 0 1 3 7 10 14 1.41421
9 12 0 1 3 7 11 13 1.90693
9 12 0 1 3 7 11 14 1.73205
9 12 0 1 3 7 13 14 1.73205
9 12 0 1 3 8 10 11 1.73205
9 12 0 1 3 8 10 13 1.73205
9 12 0 1 3 8 10 14 1.73205
9 12 0 1 3 8 11 13 1.90693
9 12 0 1 3 8 11 14 1.85164
9 12 0 1 3 8 13 14 1.85164
9 12 0 1 3 10 11 13 1.73205
9 12 0 1 3 10 11 14 1.73205
9 12 0 1 3 10 13 14 1.73205
9 12 0 1 3 11 13 14 1.90693
9 12 0 1 4 5 6 7 1.41421
9 12 0 1 4 5 6 8 1.73205
9 12 0 1 4 5 6 10 1.73205
9 12 0 1 4 5 6 11 1.41421
9 12 0 1 4 5 6 13 1.73205
9 12 0 1 4 5 6 14 1.73205
9 12 0 1 4 5 7 8 1.62019
9 12 0 1 4 5 7 10 1.62019
9 12 0 1 4 5 7 11 1.41421
9 12 0 1 4 5 7 13 1.62019
9 12 0 1 4 5 7 14 1.62019
9 12 0 1 4 5 8 10 1.85164
9 12 0 1 4 5 8 11 1.41421
9 12 0 1 4 5 8 13 1.85164
9 12 0 1 4 5 8 14 1.85164
9 12 0 1 4 5 10 11 1.41421
9 12 0 1 4 5 10 13 1.85164
9 12 0 1 4 5 10 14 1.85164
9 12 0 1 4 5 11 13 1.41421
9 12 0 1 4 5 11 14 1.41421
9 12 0 1 4 5 13 14 1.85164
9 12 0 1 4 6 7 8 1.62019
9 12 0 1 4 6 7 10 1.62019
9 12 0 1 4 6 7 11 1.41421
9 12 0 1 4 6 7 13 1.62019
9 12 0 1 4 6 7 14 1.62019
9 12 0 1 4 6 8 10 2.13664
9 12 0 1 4 6 8 11 2
9 12 0 1 4 6 8 13 2.13664
9 12 0 1 4 6 8 14 2.13664
9 12 0 1 4 6 10 11 2
9 12 0 1 4 6 10 13 2.13664
9 12 0 1 4 6 10 14 2.13664
9 12 0 1 4 6 11 13 2
9 12 0 1 4 6 11 14 2
9 12 0 1 4 6 13 14 2.13664
9 12 0 1 4 7 8 10 1.73205
9 12 0 1 4 7 8 11 1.41421
9 12 0 1 4 7 8 13 1.73205
9 12 0 1 4 7 8 14 1.73205
9 12 0 1 4 7 10 11 1.41421
9 12 0 1 4 7 10 13 1.73205
9 12 0 1 4 7 10 14 1.73205
9 12 0 1 4 7 11 13 1.41421
9 12 0 1 4 7 11 14 1.41421
9 12 0 1 4 7 13 14 1.73205
9 12 0 1 4 8 10 11 2
9 12 0 1 4 8 10 13 2.16025
9 12 0 1 4 8 10 14 2.16025
9 12 0 1 4 8 11 13 2
9 12 0 1 4 8 11 14 2
9 12 0 1 4 8 13 14 2.16025
9 12 0 1 4 10 11 13 2
9 12 0 1 4 10 11 14 2
9 12 0 1 4 10 13 14 2.16025
9 12 0 1 4 11 13 14 2
9 12 0 1 5 6 7 8 1.41421
9 12 0 1 5 6 7 10 1.41421
9 12 0 1 5 6 7 11 1.73205
9 12 0 1 5 6 7 13 1.73205
9 12 0 1 5 6 7 14 1.41421
9 12 0 1 5 6 8 10 1.73205
9 12 0 1 5 6 8 11 1.41421
9 12 0 1 5 6 8 13 1.73205
9 12 0 1 5 6 8 14 1.73205
9 12 0 1 5 6 10 11 1.41421
9 12 0 1 5 6 10 13 1.73205
9 12 0 1 5 6 10 14 1.73205
9 12 0 1 5 6 11 13 1.73205
9 12 0 1 5 6 11 14 1.41421
9 12 0 1 5 6 13 14 1.73205
9 12 0 1 5 7 8 10 1.62019
9 12 0 1 5 7 8 11 1.41421
9 12 0 1 5 7 8 13 1.62019
9 12 0 1 5 7 8 14 1.62019
9 12 0 1 5 7 10 11 1
9 12 0 1 5 7 10 13 1.62019
9 12 0 1 5 7 10 14 1.62019
9 12 0 1 5 7 11 13 1.73205
9 12 0 1 5 7 11 14 1.41421
9 12 0 1 5 7 13 14 1.62019
9 12 0 1 5 8 10 11 1.41421
9 12 0 1 5 8 10 13 1.85164
9 12 0 1 5 8 10 14 1.85164
9 12 0 1 5 8 11 13 1.41421
9 12 0 1 5 8 11 14 1.41421
9 12 0 1 5 8 13 14 1.85164
9 12 0 1 5 10 11 13 1.41421
9 12 0 1 5 10 11 14 1.41421
9 12 0 1 5 10 13 14 1.85164
9 12 0 1 5 11 13 14 1.41421
9 12 0 1 6 7 8 10 1.73205
9 12 0 1 6 7 8 11 1.81265
9 12 0 1 6 7 8 13 2
9 12 0 1 6 7 8 14 1.81265
9 12 0 1 6 7 10 11 1.62019
9 12 0 1 6 7 10 13 1.73205
9 12 0 1 6 7 10 14 1.73205
9 12 0 1 6 7 11 13 1.93309
9 12 0 1 6 7 11 14 1.81265
9 12 0 1 6 7 13 14 2
9 12 0 1 6 8 10 11 2.13664
9 12 0 1 6 8 10 13 2.23607
9 12 0 1 6 8 10 14 2.23607
9 12 0 1 6 8 11 13 2.19089
9 12 0 1 6 8 11 14 2.16025
9 12 0 1 6 8 13 14 2.26385
9 12 0 1 6 10 11 13 2.13664
9 12 0 1 6 10 11 14 2.13664
9 12 0 1 6 10 13 14 2.23607
9 12 0 1 6 11 13 14 2.19089
9 12 0 1 7 8 10 11 1.62019
9 12 0 1 7 8 10 13 1.81265
9 12 0 1 7 8 10 14 1.81265
9 12 0 1 7 8 11 13 1.81265
9 12 0 1 7 8 11 14 1.73205
9 12 0 1 7 8 13 14 2
9 12 0 1 7 10 11 13 1.62019
9 12 0 1 7 10 11 14 1.62019
9 12 0 1 7 10 13 14 1.81265
9 12 0 1 7 11 13 14 1.81265
9 12 0 1 8 10 11 13 2.13664
9 12 0 1 8 10 11 14 2.13664
9 12 0 1 8 10 13 14 2.26385
9 12 0 1 8 11 13 14 2.16025
9 12 0 1 10 11 13 14 2.13664
9 12 0 2 3 4 5 6 1.90693
9 12 0 2 3 4 5 7 1.73205
9 12 0 2 3 4 5 8 1.41421
9 12 0 2 3 4 5 10 1.73205
9 12 0 2 3 4 5 11 1.90693
9 12 0 2 3 4 5 13 1.73205
9 12 0 2 3 4 5 14 1.85164
9 12 0 2 3 4 6 7 1.73205
9 12 0 2 3 4 6 8 1.62019
9 12 0 2 3 4 6 10 1.85164
9 12 0 2 3 4 6 11 2
9 12 0 2 3 4 6 13 1.81265
9 12 0 2 3 4 6 14 1.93309
9 12 0 2 3 4 7 8 1
9 12 0 2 3 4 7 10 1.41421
9 12 0 2 3 4 7 11 1.73205
9 12 0 2 3 4 7 13 1.62019
9 12 0 2 3 4 7 14 1.62019
9 12 0 2 3 4 8 10 1.62019
9 12 0 2 3 4 8 11 1.62019
9 12 0 2 3 4 8 13 1.41421
9 12 0 2 3 4 8 14 1.62019
9 12 0 2 3 4 10 11 1.85164
9 12 0 2 3 4 10 13 1.62019
9 12 0 2 3 4 10 14 1.85164
9 12 0 2 3 4 11 13 1.81265
9 12 0 2 3 4 11 14 1.93309
9 12 0 2 3 4 13 14 1.73205
9 12 0 2 3 5 6 7 1.90693
9 12 0 2 3 5 6 8 1.41421
9 12 0 2 3 5 6 10 1.73205
9 12 0 2 3 5 6 11 2
9 12 0 2 3 5 6 13 1.90693
9 12 0 2 3 5 6 14 1.90693
9 12 0 2 3 5 7 8 1.41421
9 12 0 2 3 5 7 10 1.41421
9 12 0 2 3 5 7 11 1.90693
9 12 0 2 3 5 7 13 1.85164
9 12 0 2 3 5 7 14 1.73205
9 12 0 2 3 5 8 10 1.41421
9 12 0 2 3 5 8 11 1.41421
9 12 0 2 3 5 8 13 1.41421
9 12 0 2 3 5 8 14 1.41421
9 12 0 2 3 5 10 11 1.73205
9 12 0 2 3 5 10 13 1.41421
9 12 0 2 3 5 10 14 1.73205
9 12 0 2 3 5 11 13 1.90693
9 12 0 2 3 5 11 14 1.90693
9 12 0 2 3 5 13 14 1.73205
9 12 0 2 3 6 7 8 1.62019
9 12 0 2 3 6 7 10 1.41421
9 12 0 2 3 6 7 11 2
9 12 0 2 3 6 7 13 1.93309
9 12 0 2 3 6 7 14 1.81265
9 12 0 2 3 6 8 10 1.73205
9 12 0 2 3 6 8 11 2
9 12 0 2 3 6 8 13 1.81265
9 12 0 2 3 6 8 14 1.81265
9 12 0 2 3 6 10 11 1.90693
9 12 0 2 3 6 10 13 1.73205
9 12 0 2 3 6 10 14 1.90693
9 12 0 2 3 6 11 13 2.10639
9 12 0 2 3 6 11 14 2.10639
9 12 0 2 3 6 13 14 2
9 12 0 2 3 7 8 10 1
9 12 0 2 3 7 8 11 1.62019
9 12 0 2 3 7 8 13 1.62019
9 12 0 2 3 7 8 14 1.41421
9 12 0 2 3 7 10 11 1.41421
9 12 0 2 3 7 10 13 1
9 12 0 2 3 7 10 14 1.41421
9 12 0 2 3 7 11 13 1.93309
9 12 0 2 3 7 11 14 1.81265
9 12 0 2 3 7 13 14 1.73205
9 12 0 2 3 8 10 11 1.73205
9 12 0 2 3 8 10 13 1.62019
9 12 0 2 3 8 10 14 1.73205
9 12 0 2 3 8 11 13 1.81265
9 12 0 2 3 8 11 14 1.81265
9 12 0 2 3 8 13 14 1.73205
9 12 0 2 3 10 11 13 1.73205
9 12 0 2 3 10 11 14 1.90693
9 12 0 2 3 10 13 14 1.73205
9 12 0 2 3 11 13 14 2
9 12 0 2 4 5 6 7 1.73205
9 12 0 2 4 5 6 8 1.73205
9 12 0 2 4 5 6 10 1.90693
9 12 0 2 4 5 6 11 2
9 12 0 2 4 5 6 13 2
9 12 0 2 4 5 6 14 2
9 12 0 2 4 5 7 8 1.41421
9 12 0 2 4 5 7 10 1.41421
9 12 0 2 4 5 7 11 1.73205
9 12 0 2 4 5 7 13 1.62019
9 12 0 2 4 5 7 14 1.62019
9 12 0 2 4 5 8 10 1.81265
9 12 0 2 4 5 8 11 1.62019
9 12 0 2 4 5 8 13 1.73205
9 12 0 2 4 5 8 14 1.81265
9 12 0 2 4 5 10 11 1.85164
9 12 0 2 4 5 10 13 1.81265
9 12 0 2 4 5 10 14 1.93309
9 12 0 2 4 5 11 13 1.81265
9 12 0 2 4 5 11 14 1.93309
9 12 0 2 4 5 13 14 2
9 12 0 2 4 6 7 8 1
9 12 0 2 4 6 7 10 1.41421
9 12 0 2 4 6 7 11 1.73205
9 12 0 2 4 6 7 13 1.62019
9 12 0 2 4 6 7 14 1.62019
9 12 0 2 4 6 8 10 1.93309
9 12 0 2 4 6 8 11 1.85164
9 12 0 2 4 6 8 13 1.85164
9 12 0 2 4 6 8 14 1.93309
9 12 0 2 4 6 10 11 2.00294
9 12 0 2 4 6 10 13 1.93309
9 12 0 2 4 6 10 14 2.04939
9 12 0 2 4 6 11 13 1.93309
9 12 0 2 4 6 11 14 2.04939
9 12 0 2 4 6 13 14 2
9 12 0 2 4 7 8 10 1.41421
9 12 0 2 4 7 8 11 1
9 12 0 2 4 7 8 13 1.41421
9 12 0 2 4 7 8 14 1.41421
9 12 0 2 4 7 10 11 1.41421
9 12 0 2 4 7 10 13 1.41421
9 12 0 2 4 7 10 14 1.41421
9 12 0 2 4 7 11 13 1.62019
9 12 0 2 4 7 11 14 1.62019
9 12 0 2 4 7 13 14 1.41421
9 12 0 2 4 8 10 11 1.85164
9 12 0 2 4 8 10 13 1.90693
9 12 0 2 4 8 10 14 2
9 12 0 2 4 8 11 13 1.73205
9 12 0 2 4 8 11 14 1.85164
9 12 0 2 4 8 13 14 1.90693
9 12 0 2 4 10 11 13 1.85164
9 12 0 2 4 10 11 14 2.00294
9 12 0 2 4 10 13 14 2
9 12 0 2 4 11 13 14 1.90693
9 12 0 2 5 6 7 8 1.41421
9 12 0 2 5 6 7 10 1.41421
9 12 0 2 5 6 7 11 1.90693
9 12 0 2 5 6 7 13 1.85164
9 12 0 2 5 6 7 14 1.73205
9 12 0 2 5 6 8 10 1.73205
9 12 0 2 5 6 8 11 1.62019
9 12 0 2 5 6 8 13 1.62019
9 12 0 2 5 6 8 14 1.73205
9 12 0 2 5 6 10 11 1.85164
9 12 0 2 5 6 10 13 1.73205
9 12 0 2 5 6 10 14 1.90693
9 12 0 2 5 6 11 13 1.93309
9 12 0 2 5 6 11 14 2
9 12 0 2 5 6 13 14 2
9 12 0 2 5 7 8 10 1.41421
9 12 0 2 5 7 8 11 1.41421
9 12 0 2 5 7 8 13 1.41421
9 12 0 2 5 7 8 14 1.41421
9 12 0 2 5 7 10 11 1.41421
9 12 0 2 5 7 10 13 1.41421
9 12 0 2 5 7 10 14 1.41421
9 12 0 2 5 7 11 13 1.85164
9 12 0 2 5 7 11 14 1.73205
9 12 0 2 5 7 13 14 1.62019
9 12 0 2 5 8 10 11 1.62019
9 12 0 2 5 8 10 13 1.73205
9 12 0 2 5 8 10 14 1.81265
9 12 0 2 5 8 11 13 1.41421
9 12 0 2 5 8 11 14 1.62019
9 12 0 2 5 8 13 14 1.73205
9 12 0 2 5 10 11 13 1.62019
9 12 0 2 5 10 11 14 1.85164
9 12 0 2 5 10 13 14 1.81265
9 12 0 2 5 11 13 14 1.81265
9 12 0 2 6 7 8 10 1
9 12 0 2 6 7 8 11 1.62019
9 12 0 2 6 7 8 13 1.62019
9 12 0 2 6 7 8 14 1.41421
9 12 0 2 6 7 10 11 1.41421
9 12 0 2 6 7 10 13 1
9 12 0 2 6 7 10 14 1.41421
9 12 0 2 6 7 11 13 1.93309
9 12 0 2 6 7 11 14 1.81265
9 12 0 2 6 7 13 14 1.73205
9 12 0 2 6 8 10 11 1.93309
9 12 0 2 6 8 10 13 1.93309
9 12 0 2 6 8 10 14 2
9 12 0 2 6 8 11 13 1.93309
9 12 0 2 6 8 11 14 2
9 12 0 2 6 8 13 14 2
9 12 0 2 6 10 11 13 1.93309
9 12 0 2 6 10 11 14 2.04939
9 12 0 2 6 10 13 14 2
9 12 0 2 6 11 13 14 2.10639
9 12 0 2 7 8 10 11 1
9 12 0 2 7 8 10 13 1.41421
9 12 0 2 7 8 10 14 1.41421
9 12 0 2 7 8 11 13 1.62019
9 12 0 2 7 8 11 14 1.41421
9 12 0 2 7 8 13 14 1.41421
9 12 0 2 7 10 11 13 1
9 12 0 2 7 10 11 14 1.41421
9 12 0 2 7 10 13 14 1.41421
9 12 0 2 7 11 13 14 1.73205
9 12 0 2 8 10 11 13 1.85164
9 12 0 2 8 10 11 14 1.93309
9 12 0 2 8 10 13 14 2
9 12 0 2 8 11 13 14 1.90693
9 12 0 2 10 11 13 14 1.93309
9 12 0 3 4 5 6 7 1.90693
9 12 0 3 4 5 6 8 1.73205
9 12 0 3 4 5 6 10 2
9 12 0 3 4 5 6 11 2.10357
9 12 0 3 4 5 6 13 1.90693
9 12 0 3 4 5 6 14 2.07802
9 12 0 3 4 5 7 8 1.41421
9 12 0 3 4 5 7 10 1.73205
9 12 0 3 4 5 7 11 1.90693
9 12 0 3 4 5 7 13 1.73205
9 12 0 3 4 5 7 14 1.85164
9 12 0 3 4 5 8 10 1.73205
9 12 0 3 4 5 8 11 1.73205
9 12 0 3 4 5 8 13 1.41421
9 12 0 3 4 5 8 14 1.73205
9 12 0 3 4 5 10 11 2
9 12 0 3 4 5 10 13 1.73205
9 12 0 3 4 5 10 14 2
9 12 0 3 4 5 11 13 1.90693
9 12 0 3 4 5 11 14 2.07802
9 12 0 3 4 5 13 14 1.85164
9 12 0 3 4 6 7 8 1.62019
9 12 0 3 4 6 7 10 1.85164
9 12 0 3 4 6 7 11 2
9 12 0 3 4 6 7 13 1.81265
9 12 0 3 4 6 7 14 1.93309
9 12 0 3 4 6 8 10 2.13664
9 12 0 3 4 6 8 11 2.13664
9 12 0 3 4 6 8 13 2
9 12 0 3 4 6 8 14 2.13664
9 12 0 3 4 6 10 11 2.28709
9 12 0 3 4 6 10 13 2.13664
9 12 0 3 4 6 10 14 2.28709
9 12 0 3 4 6 11 13 2.19089
9 12 0 3 4 6 11 14 2.32266
9 12 0 3 4 6 13 14 2.16025
9 12 0 3 4 7 8 10 1.62019
9 12 0 3 4 7 8 11 1.62019
9 12 0 3 4 7 8 13 1.41421
9 12 0 3 4 7 8 14 1.62019
9 12 0 3 4 7 10 11 1.85164
9 12 0 3 4 7 10 13 1.62019
9 12 0 3 4 7 10 14 1.85164
9 12 0 3 4 7 11 13 1.81265
9 12 0 3 4 7 11 14 1.93309
9 12 0 3 4 7 13 14 1.73205
9 12 0 3 4 8 10 11 2.13664
9 12 0 3 4 8 10 13 2
9 12 0 3 4 8 10 14 2.13664
9 12 0 3 4 8 11 13 2
9 12 0 3 4 8 11 14 2.13664
9 12 0 3 4 8 13 14 2
9 12 0 3 4 10 11 13 2.13664
9 12 0 3 4 10 11 14 2.28709
9 12 0 3 4 10 13 14 2.13664
9 12 0 3 4 11 13 14 2.16025
9 12 0 3 5 6 7 8 1.41421
9 12 0 3 5 6 7 10 1.73205
9 12 0 3 5 6 7 11 2
9 12 0 3 5 6 7 13 1.90693
9 12 0 3 5 6 7 14 1.90693
9 12 0 3 5 6 8 10 1.73205
9 12 0 3 5 6 8 11 1.73205
9 12 0 3 5 6 8 13 1.41421
9 12 0 3 5 6 8 14 1.73205
9 12 0 3 5 6 10 11 2
9 12 0 3 5 6 10 13 1.73205
9 12 0 3 5 6 10 14 2
9 12 0 3 5 6 11 13 2
9 12 0 3 5 6 11 14 2.10357
9 12 0 3 5 6 13 14 1.90693
9 12 0 3 5 7 8 10 1.41421
9 12 0 3 5 7 8 11 1.41421
9 12 0 3 5 7 8 13 1.41421
9 12 0 3 5 7 8 14 1.41421
9 12 0 3 5 7 10 11 1.73205
9 12 0 3 5 7 10 13 1.41421
9 12 0 3 5 7 10 14 1.73205
9 12 0 3 5 7 11 13 1.90693
9 12 0 3 5 7 11 14 1.90693
9 12 0 3 5 7 13 14 1.73205
9 12 0 3 5 8 10 11 1.73205
9 12 0 3 5 8 10 13 1.41421
9 12 0 3 5 8 10 14 1.73205
9 12 0 3 5 8 11 13 1.41421
9 12 0 3 5 8 11 14 1.73205
9 12 0 3 5 8 13 14 1.41421
9 12 0 3 5 10 11 13 1.73205
9 12 0 3 5 10 11 14 2
9 12 0 3 5 10 13 14 1.73205
9 12 0 3 5 11 13 14 1.90693
9 12 0 3 6 7 8 10 1.73205
9 12 0 3 6 7 8 11 2
9 12 0 3 6 7 8 13 1.81265
9 12 0 3 6 7 8 14 1.81265
9 12 0 3 6 7 10 11 1.90693
9 12 0 3 6 7 10 13 1.73205
9 12 0 3 6 7 10 14 1.90693
9 12 0 3 6 7 11 13 2.10639
9 12 0 3 6 7 11 14 2.10639
9 12 0 3 6 7 13 14 2
9 12 0 3 6 8 10 11 2.23607
9 12 0 3 6 8 10 13 2.13664
9 12 0 3 6 8 10 14 2.23607
9 12 0 3 6 8 11 13 2.19089
9 12 0 3 6 8 11 14 2.26385
9 12 0 3 6 8 13 14 2.16025
9 12 0 3 6 10 11 13 2.23607
9 12 0 3 6 10 11 14 2.35488
9 12 0 3 6 10 13 14 2.23607
9 12 0 3 6 11 13 14 2.38048
9 12 0 3 7 8 10 11 1.73205
9 12 0 3 7 8 10 13 1.62019
9 12 0 3 7 8 10 14 1.73205
9 12 0 3 7 8 11 13 1.81265
9 12 0 3 7 8 11 14 1.81265
9 12 0 3 7 8 13 14 1.73205
9 12 0 3 7 10 11 13 1.73205
9 12 0 3 7 10 11 14 1.90693
9 12 0 3 7 10 13 14 1.73205
9 12 0 3 7 11 13 14 2
9 12 0 3 8 10 11 13 2.13664
9 12 0 3 8 10 11 14 2.23607
9 12 0 3 8 10 13 14 2.13664
9 12 0 3 8 11 13 14 2.16025
9 12 0 3 10 11 13 14 2.23607
9 12 0 4 5 6 7 8 1.73205
9 12 0 4 5 6 7 10 1.90693
9 12 0 4 5 6 7 11 2
9 12 0 4 5 6 7 13 2
9 12 0 4 5 6 7 14 2
9 12 0 4 5 6 8 10 2.23607
9 12 0 4 5 6 8 11 2.13664
9 12 0 4 5 6 8 13 2.13664
9 12 0 4 5 6 8 14 2.23607
9 12 0 4 5 6 10 11 2.28709
9 12 0 4 5 6 10 13 2.23607
9 12 0 4 5 6 10 14 2.35488
9 12 0 4 5 6 11 13 2.19089
9 12 0 4 5 6 11 14 2.32266
9 12 0 4 5 6 13 14 2.26385
9 12 0 4 5 7 8 10 1.81265
9 12 0 4 5 7 8 11 1.62019
9 12 0 4 5 7 8 13 1.73205
9 12 0 4 5 7 8 14 1.81265
9 12 0 4 5 7 10 11 1.85164
9 12 0 4 5 7 10 13 1.81265
9 12 0 4 5 7 10 14 1.93309
9 12 0 4 5 7 11 13 1.81265
9 12 0 4 5 7 11 14 1.93309
9 12 0 4 5 7 13 14 2
9 12 0 4 5 8 10 11 2.13664
9 12 0 4 5 8 10 13 2.16025
9 12 0 4 5 8 10 14 2.26385
9 12 0 4 5 8 11 13 2
9 12 0 4 5 8 11 14 2.13664
9 12 0 4 5 8 13 14 2.16025
9 12 0 4 5 10 11 13 2.13664
9 12 0 4 5 10 11 14 2.28709
9 12 0 4 5 10 13 14 2.26385
9 12 0 4 5 11 13 14 2.16025
9 12 0 4 6 7 8 10 1.93309
9 12 0 4 6 7 8 11 1.85164
9 12 0 4 6 7 8 13 1.85164
9 12 0 4 6 7 8 14 1.93309
9 12 0 4 6 7 10 11 2.00294
9 12 0 4 6 7 10 13 1.93309
9 12 0 4 6 7 10 14 2.04939
9 12 0 4 6 7 11 13 1.93309
9 12 0 4 6 7 11 14 2.04939
9 12 0 4 6 7 13 14 2
9 12 0 4 6 8 10 11 2.52543
9 12 0 4 6 8 10 13 2.52543
9 12 0 4 6 8 10 14 2.58844
9 12 0 4 6 8 11 13 2.44949
9 12 0 4 6 8 11 14 2.52543
9 12 0 4 6 8 13 14 2.52543
9 12 0 4 6 10 11 13 2.52543
9 12 0 4 6 10 11 14 2.61406
9 12 0 4 6 10 13 14 2.58844
9 12 0 4 6 11 13 14 2.53722
9 12 0 4 7 8 10 11 1.85164
9 12 0 4 7 8 10 13 1.90693
9 12 0 4 7 8 10 14 2
9 12 0 4 7 8 11 13 1.73205
9 12 0 4 7 8 11 14 1.85164
9 12 0 4 7 8 13 14 1.90693
9 12 0 4 7 10 11 13 1.85164
9 12 0 4 7 10 11 14 2.00294
9 12 0 4 7 10 13 14 2
9 12 0 4 7 11 13 14 1.90693
9 12 0 4 8 10 11 13 2.44949
9 12 0 4 8 10 11 14 2.52543
9 12 0 4 8 10 13 14 2.53722
9 12 0 4 8 11 13 14 2.44949
9 12 0 4 10 11 13 14 2.52543
9 12 0 5 6 7 8 10 1.73205
9 12 0 5 6 7 8 11 1.62019
9 12 0 5 6 7 8 13 1.62019
9 12 0 5 6 7 8 14 1.73205
9 12 0 5 6 7 10 11 1.85164
9 12 0 5 6 7 10 13 1.73205
9 12 0 5 6 7 10 14 1.90693
9 12 0 5 6 7 11 13 1.93309
9 12 0 5 6 7 11 14 2
9 12 0 5 6 7 13 14 2
9 12 0 5 6 8 10 11 2.13664
9 12 0 5 6 8 10 13 2.13664
9 12 0 5 6 8 10 14 2.23607
9 12 0 5 6 8 11 13 2
9 12 0 5 6 8 11 14 2.13664
9 12 0 5 6 8 13 14 2.13664
9 12 0 5 6 10 11 13 2.13664
9 12 0 5 6 10 11 14 2.28709
9 12 0 5 6 10 13 14 2.23607
9 12 0 5 6 11 13 14 2.19089
9 12 0 5 7 8 10 11 1.62019
9 12 0 5 7 8 10 13 1.73205
9 12 0 5 7 8 10 14 1.81265
9 12 0 5 7 8 11 13 1.41421
9 12 0 5 7 8 11 14 1.62019
9 12 0 5 7 8 13 14 1.73205
9 12 0 5 7 10 11 13 1.62019
9 12 0 5 7 10 11 14 1.85164
9 12 0 5 7 10 13 14 1.81265
9 12 0 5 7 11 13 14 1.81265
9 12 0 5 8 10 11 13 2
9 12 0 5 8 10 11 14 2.13664
9 12 0 5 8 10 13 14 2.16025
9 12 0 5 8 11 13 14 2
9 12 0 5 10 11 13 14 2.13664
9 12 0 6 7 8 10 11 1.93309
9 12 0 6 7 8 10 13 1.93309
9 12 0 6 7 8 10 14 2
9 12 0 6 7 8 11 13 1.93309
9 12 0 6 7 8 11 14 2
9 12 0 6 7 8 13 14 2
9 12 0 6 7 10 11 13 1.93309
9 12 0 6 7 10 11 14 2.04939
9 12 0 6 7 10 13 14 2
9 12 0 6 7 11 13 14 2.10639
9 12 0 6 8 10 11 13 2.52543
9 12 0 6 8 10 11 14 2.58844
9 12 0 6 8 10 13 14 2.58844
9 12 0 6 8 11 13 14 2.53722
9 12 0 6 10 11 13 14 2.58844
9 12 0 7 8 10 11 13 1.85164
9 12 0 7 8 10 11 14 1.93309
9 12 0 7 8 10 13 14 2
9 12 0 7 8 11 13 14 1.90693
9 12 0 7 10 11 13 14 1.93309
9 12 0 8 10 11 13 14 2.52543
9 12 1 2 3 4 5 6 1.41421
9 12 1 2 3 4 5 7 1.41421
9 12 1 2 3 4 5 8 1
9 12 1 2 3 4 5 10 1
9 12 1 2 3 4 5 11 1.41421
9 12 1 2 3 4 5 13 1.41421
9 12 1 2 3 4 5 14 1
9 12 1 2 3 4 6 7 1.41421
9 12 1 2 3 4 6 8 1
9 12 1 2 3 4 6 10 1
9 12 1 2 3 4 6 11 1.41421
9 12 1 2 3 4 6 13 1.41421
9 12 1 2 3 4 6 14 1
9 12 1 2 3 4 7 8 1
9 12 1 2 3 4 7 10 1
9 12 1 2 3 4 7 11 1.41421
9 12 1 2 3 4 7 13 1.41421
9 12 1 2 3 4 7 14 1
9 12 1 2 3 4 8 10 1
9 12 1 2 3 4 8 11 1
9 12 1 2 3 4 8 13 1
9 12 1 2 3 4 8 14 1
9 12 1 2 3 4 10 11 1
9 12 1 2 3 4 10 13 1
9 12 1 2 3 4 10 14 1
9 12 1 2 3 4 11 13 1.41421
9 12 1 2 3 4 11 14 1
9 12 1 2 3 4 13 14 1
9 12 1 2 3 5 6 7 1.73205
9 12 1 2 3 5 6 8 1.41421
9 12 1 2 3 5 6 10 1
9 12 1 2 3 5 6 11 1.73205
9 12 1 2 3 5 6 13 1.73205
9 12 1 2 3 5 6 14 1.41421
9 12 1 2 3 5 7 8 1.41421
9 12 1 2 3 5 7 10 1
9 12 1 2 3 5 7 11 1.73205
9 12 1 2 3 5 7 13 1.73205
9 12 1 2 3 5 7 14 1.41421
9 12 1 2 3 5 8 10 1
9 12 1 2 3 5 8 11 1.41421
9 12 1 2 3 5 8 13 1.41421
9 12 1 2 3 5 8 14 1
9 12 1 2 3 5 10 11 1
9 12 1 2 3 5 10 13 1
9 12 1 2 3 5 10 14 1
9 12 1 2 3 5 11 13 1.73205
9 12 1 2 3 5 11 14 1.41421
9 12 1 2 3 5 13 14 1.41421
9 12 1 2 3 6 7 8 1.62019
9 12 1 2 3 6 7 10 1
9 12 1 2 3 6 7 11 1.85164
9 12 1 2 3 6 7 13 1.85164
9 12 1 2 3 6 7 14 1.62019
9 12 1 2 3 6 8 10 1.41421
9 12 1 2 3 6 8 11 1.73205
9 12 1 2 3 6 8 13 1.73205
9 12 1 2 3 6 8 14 1.62019
9 12 1 2 3 6 10 11 1.41421
9 12 1 2 3 6 10 13 1.41421
9 12 1 2 3 6 10 14 1.41421
9 12 1 2 3 6 11 13 1.90693
9 12 1 2 3 6 11 14 1.73205
9 12 1 2 3 6 13 14 1.73205
9 12 1 2 3 7 8 10 1
9 12 1 2 3 7 8 11 1.62019
9 12 1 2 3 7 8 13 1.62019
9 12 1 2 3 7 8 14 1.41421
9 12 1 2 3 7 10 11 1
9 12 1 2 3 7 10 13 1
9 12 1 2 3 7 10 14 1
9 12 1 2 3 7 11 13 1.85164
9 12 1 2 3 7 11 14 1.62019
9 12 1 2 3 7 13 14 1.62019
9 12 1 2 3 8 10 11 1.41421
9 12 1 2 3 8 10 13 1.41421
9 12 1 2 3 8 10 14 1.41421
9 12 1 2 3 8 11 13 1.73205
9 12 1 2 3 8 11 14 1.62019
9 12 1 2 3 8 13 14 1.62019
9 12 1 2 3 10 11 13 1.41421
9 12 1 2 3 10 11 14 1.41421
9 12 1 2 3 10 13 14 1.41421
9 12 1 2 3 11 13 14 1.73205
9 12 1 2 4 5 6 7 1.41421
9 12 1 2 4 5 6 8 1.41421
9 12 1 2 4 5 6 10 1.41421
9 12 1 2 4 5 6 11 1.41421
9 12 1 2 4 5 6 13 1.41421
9 12 1 2 4 5 6 14 1.41421
9 12 1 2 4 5 7 8 1.41421
9 12 1 2 4 5 7 10 1.41421
9 12 1 2 4 5 7 11 1.41421
9 12 1 2 4 5 7 13 1.41421
9 12 1 2 4 5 7 14 1.41421
9 12 1 2 4 5 8 10 1.62019
9 12 1 2 4 5 8 11 1
9 12 1 2 4 5 8 13 1.62019
9 12 1 2 4 5 8 14 1.62019
9 12 1 2 4 5 10 11 1
9 12 1 2 4 5 10 13 1.62019
9 12 1 2 4 5 10 14 1.62019
9 12 1 2 4 5 11 13 1.41421
9 12 1 2 4 5 11 14 1
9 12 1 2 4 5 13 14 1.62019
9 12 1 2 4 6 7 8 1
9 12 1 2 4 6 7 10 1
9 12 1 2 4 6 7 11 1.41421
9 12 1 2 4 6 7 13 1.41421
9 12 1 2 4 6 7 14 1
9 12 1 2 4 6 8 10 1.62019
9 12 1 2 4 6 8 11 1.41421
9 12 1 2 4 6 8 13 1.62019
9 12 1 2 4 6 8 14 1.62019
9 12 1 2 4 6 10 11 1.41421
9 12 1 2 4 6 10 13 1.62019
9 12 1 2 4 6 10 14 1.62019
9 12 1 2 4 6 11 13 1.41421
9 12 1 2 4 6 11 14 1.41421
9 12 1 2 4 6 13 14 1.62019
9 12 1 2 4 7 8 10 1.41421
9 12 1 2 4 7 8 11 1
9 12 1 2 4 7 8 13 1.41421
9 12 1 2 4 7 8 14 1.41421
9 12 1 2 4 7 10 11 1
9 12 1 2 4 7 10 13 1.41421
9 12 1 2 4 7 10 14 1.41421
9 12 1 2 4 7 11 13 1.41421
9 12 1 2 4 7 11 14 1
9 12 1 2 4 7 13 14 1.41421
9 12 1 2 4 8 10 11 1.41421
9 12 1 2 4 8 10 13 1.73205
9 12 1 2 4 8 10 14 1.73205
9 12 1 2 4 8 11 13 1.41421
9 12 1 2 4 8 11 14 1.41421
9 12 1 2 4 8 13 14 1.73205
9 12 1 2 4 10 11 13 1.41421
9 12 1 2 4 10 11 14 1.41421
9 12 1 2 4 10 13 14 1.73205
9 12 1 2 4 11 13 14 1.41421
9 12 1 2 5 6 7 8 1.41421
9 12 1 2 5 6 7 10 1
9 12 1 2 5 6 7 11 1.73205
9 12 1 2 5 6 7 13 1.73205
9 12 1 2 5 6 7 14 1.41421
9 12 1 2 5 6 8 10 1.41421
9 12 1 2 5 6 8 11 1.41421
9 12 1 2 5 6 8 13 1.41421
9 12 1 2 5 6 8 14 1.41421
9 12 1 2 5 6 10 11 1
9 12 1 2 5 6 10 13 1.41421
9 12 1 2 5 6 10 14 1.41421
9 12 1 2 5 6 11 13 1.73205
9 12 1 2 5 6 11 14 1.41421
9 12 1 2 5 6 13 14 1.41421
9 12 1 2 5 7 8 10 1.41421
9 12 1 2 5 7 8 11 1.41421
9 12 1 2 5 7 8 13 1.41421
9 12 1 2 5 7 8 14 1.41421
9 12 1 2 5 7 10 11 1
9 12 1 2 5 7 10 13 1.41421
9 12 1 2 5 7 10 14 1.41421
9 12 1 2 5 7 11 13 1.73205
9 12 1 2 5 7 11 14 1.41421
9 12 1 2 5 7 13 14 1.41421
9 12 1 2 5 8 10 11 1
9 12 1 2 5 8 10 13 1.62019
9 12 1 2 5 8 10 14 1.62019
9 12 1 2 5 8 11 13 1.41421
9 12 1 2 5 8 11 14 1
9 12 1 2 5 8 13 14 1.62019
9 12 1 2 5 10 11 13 1
9 12 1 2 5 10 11 14 1
9 12 1 2 5 10 13 14 1.62019
9 12 1 2 5 11 13 14 1.41421
9 12 1 2 6 7 8 10 1
9 12 1 2 6 7 8 11 1.62019
9 12 1 2 6 7 8 13 1.62019
9 12 1 2 6 7 8 14 1.41421
9 12 1 2 6 7 10 11 1
9 12 1 2 6 7 10 13 1
9 12 1 2 6 7 10 14 1
9 12 1 2 6 7 11 13 1.85164
9 12 1 2 6 7 11 14 1.62019
9 12 1 2 6 7 13 14 1.62019
9 12 1 2 6 8 10 11 1.62019
9 12 1 2 6 8 10 13 1.73205
9 12 1 2 6 8 10 14 1.73205
9 12 1 2 6 8 11 13 1.81265
9 12 1 2 6 8 11 14 1.73205
9 12 1 2 6 8 13 14 1.81265
9 12 1 2 6 10 11 13 1.62019
9 12 1 2 6 10 11 14 1.62019
9 12 1 2 6 10 13 14 1.73205
9 12 1 2 6 11 13 14 1.81265
9 12 1 2 7 8 10 11 1
9 12 1 2 7 8 10 13 1.41421
9 12 1 2 7 8 10 14 1.41421
9 12 1 2 7 8 11 13 1.62019
9 12 1 2 7 8 11 14 1.41421
9 12 1 2 7 8 13 14 1.41421
9 12 1 2 7 10 11 13 1
9 12 1 2 7 10 11 14 1
9 12 1 2 7 10 13 14 1.41421
9 12 1 2 7 11 13 14 1.62019
9 12 1 2 8 10 11 13 1.62019
9 12 1 2 8 10 11 14 1.62019
9 12 1 2 8 10 13 14 1.81265
9 12 1 2 8 11 13 14 1.73205
9 12 1 2 10 11 13 14 1.62019
9 12 1 3 4 5 6 7 1.41421
9 12 1 3 4 5 6 8 1
9 12 1 3 4 5 6 10 1
9 12 1 3 4 5 6 11 1.41421
9 12 1 3 4 5 6 13 1.41421
9 12 1 3 4 5 6 14 1
9 12 1 3 4 5 7 8 1
9 12 1 3 4 5 7 10 1
9 12 1 3 4 5 7 11 1.41421
9 12 1 3 4 5 7 13 1.41421
9 12 1 3 4 5 7 14 1
9 12 1 3 4 5 8 10 1
9 12 1 3 4 5 8 11 1
9 12 1 3 4 5 8 13 1
9 12 1 3 4 5 8 14 1
9 12 1 3 4 5 10 11 1
9 12 1 3 4 5 10 13 1
9 12 1 3 4 5 10 14 1
9 12 1 3 4 5 11 13 1.41421
9 12 1 3 4 5 11 14 1
9 12 1 3 4 5 13 14 1
9 12 1 3 4 6 7 8 1
9 12 1 3 4 6 7 10 1
9 12 1 3 4 6 7 11 1.41421
9 12 1 3 4 6 7 13 1.41421
9 12 1 3 4 6 7 14 1
9 12 1 3 4 6 8 10 1.41421
9 12 1 3 4 6 8 11 1.41421
9 12 1 3 4 6 8 13 1.41421
9 12 1 3 4 6 8 14 1.41421
9 12 1 3 4 6 10 11 1.41421
9 12 1 3 4 6 10 13 1.41421
9 12 1 3 4 6 10 14 1.41421
9 12 1 3 4 6 11 13 1.41421
9 12 1 3 4 6 11 14 1.41421
9 12 1 3 4 6 13 14 1.41421
9 12 1 3 4 7 8 10 1
9 12 1 3 4 7 8 11 1
9 12 1 3 4 7 8 13 1
9 12 1 3 4 7 8 14 1
9 12 1 3 4 7 10 11 1
9 12 1 3 4 7 10 13 1
9 12 1 3 4 7 10 14 1
9 12 1 3 4 7 11 13 1.41421
9 12 1 3 4 7 11 14 1
9 12 1 3 4 7 13 14 1
9 12 1 3 4 8 10 11 1.41421
9 12 1 3 4 8 10 13 1.41421
9 12 1 3 4 8 10 14 1.41421
9 12 1 3 4 8 11 13 1.41421
9 12 1 3 4 8 11 14 1.41421
9 12 1 3 4 8 13 14 1.41421
9 12 1 3 4 10 11 13 1.41421
9 12 1 3 4 10 11 14 1.41421
9 12 1 3 4 10 13 14 1.41421
9 12 1 3 4 11 13 14 1.41421
9 12 1 3 5 6 7 8 1.41421
9 12 1 3 5 6 7 10 1
9 12 1 3 5 6 7 11 1.73205
9 12 1 3 5 6 7 13 1.73205
9 12 1 3 5 6 7 14 1.41421
9 12 1 3 5 6 8 10 1
9 12 1 3 5 6 8 11 1.41421
9 12 1 3 5 6 8 13 1.41421
9 12 1 3 5 6 8 14 1
9 12 1 3 5 6 10 11 1
9 12 1 3 5 6 10 13 0
9 12 1 3 5 6 10 14 1
9 12 1 3 5 6 11 13 1.73205
9 12 1 3 5 6 11 14 1.41421
9 12 1 3 5 6 13 14 1.41421
9 12 1 3 5 7 8 10 1
9 12 1 3 5 7 8 11 1.41421
9 12 1 3 5 7 8 13 1.41421
9 12 1 3 5 7 8 14 1
9 12 1 3 5 7 10 11 1
9 12 1 3 5 7 10 13 1
9 12 1 3 5 7 10 14 1
9 12 1 3 5 7 11 13 1.73205
9 12 1 3 5 7 11 14 1.41421
9 12 1 3 5 7 13 14 1.41421
9 12 1 3 5 8 10 11 1
9 12 1 3 5 8 10 13 1
9 12 1 3 5 8 10 14 1
9 12 1 3 5 8 11 13 1.41421
9 12 1 3 5 8 11 14 1
9 12 1 3 5 8 13 14 1
9 12 1 3 5 10 11 13 0
9 12 1 3 5 10 11 14 1
9 12 1 3 5 10 13 14 1
9 12 1 3 5 11 13 14 1.41421
9 12 1 3 6 7 8 10 1.41421
9 12 1 3 6 7 8 11 1.73205
9 12 1 3 6 7 8 13 1.73205
9 12 1 3 6 7 8 14 1.62019
9 12 1 3 6 7 10 11 1.41421
9 12 1 3 6 7 10 13 1.41421
9 12 1 3 6 7 10 14 1.41421
9 12 1 3 6 7 11 13 1.90693
9 12 1 3 6 7 11 14 1.73205
9 12 1 3 6 7 13 14 1.73205
9 12 1 3 6 8 10 11 1.73205
9 12 1 3 6 8 10 13 1.73205
9 12 1 3 6 8 10 14 1.73205
9 12 1 3 6 8 11 13 1.90693
9 12 1 3 6 8 11 14 1.85164
9 12 1 3 6 8 13 14 1.85164
9 12 1 3 6 10 11 13 1.73205
9 12 1 3 6 10 11 14 1.73205
9 12 1 3 6 10 13 14 1.73205
9 12 1 3 6 11 13 14 1.90693
9 12 1 3 7 8 10 11 1.41421
9 12 1 3 7 8 10 13 1.41421
9 12 1 3 7 8 10 14 1.41421
9 12 1 3 7 8 11 13 1.73205
9 12 1 3 7 8 11 14 1.62019
9 12 1 3 7 8 13 14 1.62019
9 12 1 3 7 10 11 13 1.41421
9 12 1 3 7 10 11 14 1.41421
9 12 1 3 7 10 13 14 1.41421
9 12 1 3 7 11 13 14 1.73205
9 12 1 3 8 10 11 13 1.73205
9 12 1 3 8 10 11 14 1.73205
9 12 1 3 8 10 13 14 1.73205
9 12 1 3 8 11 13 14 1.85164
9 12 1 3 10 11 13 14 1.73205
9 12 1 4 5 6 7 8 1.41421
9 12 1 4 5 6 7 10 1.41421
9 12 1 4 5 6 7 11 1.41421
9 12 1 4 5 6 7 13 1.41421
9 12 1 4 5 6 7 14 1.41421
9 12 1 4 5 6 8 10 1.73205
9 12 1 4 5 6 8 11 1.41421
9 12 1 4 5 6 8 13 1.73205
9 12 1 4 5 6 8 14 1.73205
9 12 1 4 5 6 10 11 1.41421
9 12 1 4 5 6 10 13 1.73205
9 12 1 4 5 6 10 14 1.73205
9 12 1 4 5 6 11 13 1.41421
9 12 1 4 5 6 11 14 1.41421
9 12 1 4 5 6 13 14 1.73205
9 12 1 4 5 7 8 10 1.62019
9 12 1 4 5 7 8 11 1
9 12 1 4 5 7 8 13 1.62019
9 12 1 4 5 7 8 14 1.62019
9 12 1 4 5 7 10 11 1
9 12 1 4 5 7 10 13 1.62019
9 12 1 4 5 7 10 14 1.62019
9 12 1 4 5 7 11 13 1.41421
9 12 1 4 5 7 11 14 1
9 12 1 4 5 7 13 14 1.62019
9 12 1 4 5 8 10 11 1.41421
9 12 1 4 5 8 10 13 1.85164
9 12 1 4 5 8 10 14 1.85164
9 12 1 4 5 8 11 13 1.41421
9 12 1 4 5 8 11 14 1.41421
9 12 1 4 5 8 13 14 1.85164
9 12 1 4 5 10 11 13 1.41421
9 12 1 4 5 10 11 14 1.41421
9 12 1 4 5 10 13 14 1.85164
9 12 1 4 5 11 13 14 1.41421
9 12 1 4 6 7 8 10 1.62019
9 12 1 4 6 7 8 11 1.41421
9 12 1 4 6 7 8 13 1.62019
9 12 1 4 6 7 8 14 1.62019
9 12 1 4 6 7 10 11 1.41421
9 12 1 4 6 7 10 13 1.62019
9 12 1 4 6 7 10 14 1.62019
9 12 1 4 6 7 11 13 1.41421
9 12 1 4 6 7 11 14 1.41421
9 12 1 4 6 7 13 14 1.62019
9 12 1 4 6 8 10 11 2
9 12 1 4 6 8 10 13 2.13664
9 12 1 4 6 8 10 14 2.13664
9 12 1 4 6 8 11 13 2
9 12 1 4 6 8 11 14 2
9 12 1 4 6 8 13 14 2.13664
9 12 1 4 6 10 11 13 2
9 12 1 4 6 10 11 14 2
9 12 1 4 6 10 13 14 2.13664
9 12 1 4 6 11 13 14 2
9 12 1 4 7 8 10 11 1.41421
9 12 1 4 7 8 10 13 1.73205
9 12 1 4 7 8 10 14 1.73205
9 12 1 4 7 8 11 13 1.41421
9 12 1 4 7 8 11 14 1.41421
9 12 1 4 7 8 13 14 1.73205
9 12 1 4 7 10 11 13 1.41421
9 12 1 4 7 10 11 14 1.41421
9 12 1 4 7 10 13 14 1.73205
9 12 1 4 7 11 13 14 1.41421
9 12 1 4 8 10 11 13 2
9 12 1 4 8 10 11 14 2
9 12 1 4 8 10 13 14 2.16025
9 12 1 4 8 11 13 14 2
9 12 1 4 10 11 13 14 2
9 12 1 5 6 7 8 10 1.41421
9 12 1 5 6 7 8 11 1.41421
9 12 1 5 6 7 8 13 1.41421
9 12 1 5 6 7 8 14 1.41421
9 12 1 5 6 7 10 11 1
9 12 1 5 6 7 10 13 1.41421
9 12 1 5 6 7 10 14 1.41421
9 12 1 5 6 7 11 13 1.73205
9 12 1 5 6 7 11 14 1.41421
9 12 1 5 6 7 13 14 1.41421
9 12 1 5 6 8 10 11 1.41421
9 12 1 5 6 8 10 13 1.73205
9 12 1 5 6 8 10 14 1.73205
9 12 1 5 6 8 11 13 1.41421
9 12 1 5 6 8 11 14 1.41421
9 12 1 5 6 8 13 14 1.73205
9 12 1 5 6 10 11 13 1.41421
9 12 1 5 6 10 11 14 1.41421
9 12 1 5 6 10 13 14 1.73205
9 12 1 5 6 11 13 14 1.41421
9 12 1 5 7 8 10 11 1
9 12 1 5 7 8 10 13 1.62019
9 12 1 5 7 8 10 14 1.62019
9 12 1 5 7 8 11 13 1.41421
9 12 1 5 7 8 11 14 1
9 12 1 5 7 8 13 14 1.62019
9 12 1 5 7 10 11 13 1
9 12 1 5 7 10 11 14 1
9 12 1 5 7 10 13 14 1.62019
9 12 1 5 7 11 13 14 1.41421
9 12 1 5 8 10 11 13 1.41421
9 12 1 5 8 10 11 14 1.41421
9 12 1 5 8 10 13 14 1.85164
9 12 1 5 8 11 13 14 1.41421
9 12 1 5 10 11 13 14 1.41421
9 12 1 6 7 8 10 11 1.62019
9 12 1 6 7 8 10 13 1.73205
9 12 1 6 7 8 10 14 1.73205
9 12 1 6 7 8 11 13 1.81265
9 12 1 6 7 8 11 14 1.73205
9 12 1 6 7 8 13 14 1.81265
9 12 1 6 7 10 11 13 1.62019
9 12 1 6 7 10 11 14 1.62019
9 12 1 6 7 10 13 14 1.73205
9 12 1 6 7 11 13 14 1.81265
9 12 1 6 8 10 11 13 2.13664
9 12 1 6 8 10 11 14 2.13664
9 12 1 6 8 10 13 14 2.23607
9 12 1 6 8 11 13 14 2.16025
9 12 1 6 10 11 13 14 2.13664
9 12 1 7 8 10 11 13 1.62019
9 12 1 7 8 10 11 14 1.62019
9 12 1 7 8 10 13 14 1.81265
9 12 1 7 8 11 13 14 1.73205
9 12 1 7 10 11 13 14 1.62019
9 12 1 8 10 11 13 14 2.13664
9 12 2 3 4 5 6 7 1.81265
9 12 2 3 4 5 6 8 1.62019
9 12 2 3 4 5 6 10 1.85164
9 12 2 3 4 5 6 11 2
9 12 2 3 4 5 6 13 1.73205
9 12 2 3 4 5 6 14 1.93309
9 12 2 3 4 5 7 8 1.41421
9 12 2 3 4 5 7 10 1.62019
9 12 2 3 4 5 7 11 1.81265
9 12 2 3 4 5 7 13 1.62019
9 12 2 3 4 5 7 14 1.73205
9 12 2 3 4 5 8 10 1.62019
9 12 2 3 4 5 8 11 1.62019
9 12 2 3 4 5 8 13 1
9 12 2 3 4 5 8 14 1.62019
9 12 2 3 4 5 10 11 1.85164
9 12 2 3 4 5 10 13 1.41421
9 12 2 3 4 5 10 14 1.85164
9 12 2 3 4 5 11 13 1.73205
9 12 2 3 4 5 11 14 1.93309
9 12 2 3 4 5 13 14 1.62019
9 12 2 3 4 6 7 8 1.41421
9 12 2 3 4 6 7 10 1.62019
9 12 2 3 4 6 7 11 1.81265
9 12 2 3 4 6 7 13 1.62019
9 12 2 3 4 6 7 14 1.73205
9 12 2 3 4 6 8 10 1.73205
9 12 2 3 4 6 8 11 1.73205
9 12 2 3 4 6 8 13 1.41421
9 12 2 3 4 6 8 14 1.73205
9 12 2 3 4 6 10 11 1.93309
9 12 2 3 4 6 10 13 1.62019
9 12 2 3 4 6 10 14 1.93309
9 12 2 3 4 6 11 13 1.81265
9 12 2 3 4 6 11 14 2
9 12 2 3 4 6 13 14 1.73205
9 12 2 3 4 7 8 10 1.41421
9 12 2 3 4 7 8 11 1.41421
9 12 2 3 4 7 8 13 1
9 12 2 3 4 7 8 14 1.41421
9 12 2 3 4 7 10 11 1.62019
9 12 2 3 4 7 10 13 1
9 12 2 3 4 7 10 14 1.62019
9 12 2 3 4 7 11 13 1.62019
9 12 2 3 4 7 11 14 1.73205
9 12 2 3 4 7 13 14 1.41421
9 12 2 3 4 8 10 11 1.73205
9 12 2 3 4 8 10 13 1.41421
9 12 2 3 4 8 10 14 1.73205
9 12 2 3 4 8 11 13 1.41421
9 12 2 3 4 8 11 14 1.73205
9 12 2 3 4 8 13 14 1.41421
9 12 2 3 4 10 11 13 1.62019
9 12 2 3 4 10 11 14 1.93309
9 12 2 3 4 10 13 14 1.62019
9 12 2 3 4 11 13 14 1.73205
9 12 2 3 5 6 7 8 1.41421
9 12 2 3 5 6 7 10 1.62019
9 12 2 3 5 6 7 11 1.93309
9 12 2 3 5 6 7 13 1.85164
9 12 2 3 5 6 7 14 1.81265
9 12 2 3 5 6 8 10 1.62019
9 12 2 3 5 6 8 11 1.62019
9 12 2 3 5 6 8 13 1.41421
9 12 2 3 5 6 8 14 1.62019
9 12 2 3 5 6 10 11 1.85164
9 12 2 3 5 6 10 13 1.41421
9 12 2 3 5 6 10 14 1.85164
9 12 2 3 5 6 11 13 1.90693
9 12 2 3 5 6 11 14 2
9 12 2 3 5 6 13 14 1.73205
9 12 2 3 5 7 8 10 1.41421
9 12 2 3 5 7 8 11 1.41421
9 12 2 3 5 7 8 13 1.41421
9 12 2 3 5 7 8 14 1.41421
9 12 2 3 5 7 10 11 1.62019
9 12 2 3 5 7 10 13 1
9 12 2 3 5 7 10 14 1.62019
9 12 2 3 5 7 11 13 1.85164
9 12 2 3 5 7 11 14 1.81265
9 12 2 3 5 7 13 14 1.62019
9 12 2 3 5 8 10 11 1.62019
9 12 2 3 5 8 10 13 1
9 12 2 3 5 8 10 14 1.62019
9 12 2 3 5 8 11 13 1.41421
9 12 2 3 5 8 11 14 1.62019
9 12 2 3 5 8 13 14 1
9 12 2 3 5 10 11 13 1.41421
9 12 2 3 5 10 11 14 1.85164
9 12 2 3 5 10 13 14 1.41421
9 12 2 3 5 11 13 14 1.73205
9 12 2 3 6 7 8 10 1.41421
9 12 2 3 6 7 8 11 1.62019
9 12 2 3 6 7 8 13 1.62019
9 12 2 3 6 7 8 14 1.41421
9 12 2 3 6 7 10 11 1.62019
9 12 2 3 6 7 10 13 1
9 12 2 3 6 7 10 14 1.62019
9 12 2 3 6 7 11 13 1.93309
9 12 2 3 6 7 11 14 2
9 12 2 3 6 7 13 14 1.73205
9 12 2 3 6 8 10 11 1.81265
9 12 2 3 6 8 10 13 1.62019
9 12 2 3 6 8 10 14 1.81265
9 12 2 3 6 8 11 13 1.81265
9 12 2 3 6 8 11 14 2
9 12 2 3 6 8 13 14 1.73205
9 12 2 3 6 10 11 13 1.73205
9 12 2 3 6 10 11 14 2
9 12 2 3 6 10 13 14 1.73205
9 12 2 3 6 11 13 14 2
9 12 2 3 7 8 10 11 1.41421
9 12 2 3 7 8 10 13 1
9 12 2 3 7 8 10 14 1.41421
9 12 2 3 7 8 11 13 1.62019
9 12 2 3 7 8 11 14 1.41421
9 12 2 3 7 8 13 14 1.41421
9 12 2 3 7 10 11 13 1
9 12 2 3 7 10 11 14 1.62019
9 12 2 3 7 10 13 14 1
9 12 2 3 7 11 13 14 1.73205
9 12 2 3 8 10 11 13 1.62019
9 12 2 3 8 10 11 14 1.81265
9 12 2 3 8 10 13 14 1.62019
9 12 2 3 8 11 13 14 1.73205
9 12 2 3 10 11 13 14 1.73205
9 12 2 4 5 6 7 8 1.41421
9 12 2 4 5 6 7 10 1.62019
9 12 2 4 5 6 7 11 1.81265
9 12 2 4 5 6 7 13 1.62019
9 12 2 4 5 6 7 14 1.73205
9 12 2 4 5 6 8 10 1.81265
9 12 2 4 5 6 8 11 1.73205
9 12 2 4 5 6 8 13 1.62019
9 12 2 4 5 6 8 14 1.81265
9 12 2 4 5 6 10 11 1.93309
9 12 2 4 5 6 10 13 1.73205
9 12 2 4 5 6 10 14 2
9 12 2 4 5 6 11 13 1.81265
9 12 2 4 5 6 11 14 2
9 12 2 4 5 6 13 14 1.81265
9 12 2 4 5 7 8 10 1.41421
9 12 2 4 5 7 8 11 1.41421
9 12 2 4 5 7 8 13 1.41421
9 12 2 4 5 7 8 14 1.41421
9 12 2 4 5 7 10 11 1.62019
9 12 2 4 5 7 10 13 1.41421
9 12 2 4 5 7 10 14 1.62019
9 12 2 4 5 7 11 13 1.62019
9 12 2 4 5 7 11 14 1.73205
9 12 2 4 5 7 13 14 1.41421
9 12 2 4 5 8 10 11 1.73205
9 12 2 4 5 8 10 13 1.73205
9 12 2 4 5 8 10 14 2
9 12 2 4 5 8 11 13 1.41421
9 12 2 4 5 8 11 14 1.73205
9 12 2 4 5 8 13 14 1.73205
9 12 2 4 5 10 11 13 1.62019
9 12 2 4 5 10 11 14 1.93309
9 12 2 4 5 10 13 14 1.81265
9 12 2 4 5 11 13 14 1.73205
9 12 2 4 6 7 8 10 1.41421
9 12 2 4 6 7 8 11 1.41421
9 12 2 4 6 7 8 13 1
9 12 2 4 6 7 8 14 1.41421
9 12 2 4 6 7 10 11 1.62019
9 12 2 4 6 7 10 13 1
9 12 2 4 6 7 10 14 1.62019
9 12 2 4 6 7 11 13 1.62019
9 12 2 4 6 7 11 14 1.73205
9 12 2 4 6 7 13 14 1.41421
9 12 2 4 6 8 10 11 1.90693
9 12 2 4 6 8 10 13 1.85164
9 12 2 4 6 8 10 14 2
9 12 2 4 6 8 11 13 1.73205
9 12 2 4 6 8 11 14 1.90693
9 12 2 4 6 8 13 14 1.85164
9 12 2 4 6 10 11 13 1.85164
9 12 2 4 6 10 11 14 2.04939
9 12 2 4 6 10 13 14 1.93309
9 12 2 4 6 11 13 14 1.90693
9 12 2 4 7 8 10 11 1.41421
9 12 2 4 7 8 10 13 1.41421
9 12 2 4 7 8 10 14 1.41421
9 12 2 4 7 8 11 13 1
9 12 2 4 7 8 11 14 1.41421
9 12 2 4 7 8 13 14 1.41421
9 12 2 4 7 10 11 13 1
9 12 2 4 7 10 11 14 1.62019
9 12 2 4 7 10 13 14 1.41421
9 12 2 4 7 11 13 14 1.41421
9 12 2 4 8 10 11 13 1.73205
9 12 2 4 8 10 11 14 1.90693
9 12 2 4 8 10 13 14 1.90693
9 12 2 4 8 11 13 14 1.73205
9 12 2 4 10 11 13 14 1.85164
9 12 2 5 6 7 8 10 1.41421
9 12 2 5 6 7 8 11 1.41421
9 12 2 5 6 7 8 13 1.41421
9 12 2 5 6 7 8 14 1.41421
9 12 2 5 6 7 10 11 1.62019
9 12 2 5 6 7 10 13 1
9 12 2 5 6 7 10 14 1.62019
9 12 2 5 6 7 11 13 1.85164
9 12 2 5 6 7 11 14 1.81265
9 12 2 5 6 7 13 14 1.62019
9 12 2 5 6 8 10 11 1.73205
9 12 2 5 6 8 10 13 1.62019
9 12 2 5 6 8 10 14 1.81265
9 12 2 5 6 8 11 13 1.41421
9 12 2 5 6 8 11 14 1.73205
9 12 2 5 6 8 13 14 1.62019
9 12 2 5 6 10 11 13 1.62019
9 12 2 5 6 10 11 14 1.93309
9 12 2 5 6 10 13 14 1.73205
9 12 2 5 6 11 13 14 1.81265
9 12 2 5 7 8 10 11 1.41421
9 12 2 5 7 8 10 13 1.41421
9 12 2 5 7 8 10 14 1.41421
9 12 2 5 7 8 11 13 1.41421
9 12 2 5 7 8 11 14 1.41421
9 12 2 5 7 8 13 14 1.41421
9 12 2 5 7 10 11 13 1
9 12 2 5 7 10 11 14 1.62019
9 12 2 5 7 10 13 14 1.41421
9 12 2 5 7 11 13 14 1.62019
9 12 2 5 8 10 11 13 1.41421
9 12 2 5 8 10 11 14 1.73205
9 12 2 5 8 10 13 14 1.73205
9 12 2 5 8 11 13 14 1.41421
9 12 2 5 10 11 13 14 1.62019
9 12 2 6 7 8 10 11 1.41421
9 12 2 6 7 8 10 13 1
9 12 2 6 7 8 10 14 1.41421
9 12 2 6 7 8 11 13 1.62019
9 12 2 6 7 8 11 14 1.41421
9 12 2 6 7 8 13 14 1.41421
9 12 2 6 7 10 11 13 1
9 12 2 6 7 10 11 14 1.62019
9 12 2 6 7 10 13 14 1
9 12 2 6 7 11 13 14 1.73205
9 12 2 6 8 10 11 13 1.85164
9 12 2 6 8 10 11 14 2
9 12 2 6 8 10 13 14 1.93309
9 12 2 6 8 11 13 14 1.90693
9 12 2 6 10 11 13 14 1.93309
9 12 2 7 8 10 11 13 1
9 12 2 7 8 10 11 14 1.41421
9 12 2 7 8 10 13 14 1.41421
9 12 2 7 8 11 13 14 1.41421
9 12 2 7 10 11 13 14 1
9 12 2 8 10 11 13 14 1.85164
9 12 3 4 5 6 7 8 1.62019
9 12 3 4 5 6 7 10 1.85164
9 12 3 4 5 6 7 11 2
9 12 3 4 5 6 7 13 1.73205
9 12 3 4 5 6 7 14 1.93309
9 12 3 4 5 6 8 10 1.85164
9 12 3 4 5 6 8 11 1.85164
9 12 3 4 5 6 8 13 1.41421
9 12 3 4 5 6 8 14 1.85164
9 12 3 4 5 6 10 11 2.07802
9 12 3 4 5 6 10 13 1.73205
9 12 3 4 5 6 10 14 2.07802
9 12 3 4 5 6 11 13 1.90693
9 12 3 4 5 6 11 14 2.13809
9 12 3 4 5 6 13 14 1.85164
9 12 3 4 5 7 8 10 1.62019
9 12 3 4 5 7 8 11 1.62019
9 12 3 4 5 7 8 13 1
9 12 3 4 5 7 8 14 1.62019
9 12 3 4 5 7 10 11 1.85164
9 12 3 4 5 7 10 13 1.41421
9 12 3 4 5 7 10 14 1.85164
9 12 3 4 5 7 11 13 1.73205
9 12 3 4 5 7 11 14 1.93309
9 12 3 4 5 7 13 14 1.62019
9 12 3 4 5 8 10 11 1.85164
9 12 3 4 5 8 10 13 1.41421
9 12 3 4 5 8 10 14 1.85164
9 12 3 4 5 8 11 13 1.41421
9 12 3 4 5 8 11 14 1.85164
9 12 3 4 5 8 13 14 1.41421
9 12 3 4 5 10 11 13 1.73205
9 12 3 4 5 10 11 14 2.07802
9 12 3 4 5 10 13 14 1.73205
9 12 3 4 5 11 13 14 1.85164
9 12 3 4 6 7 8 10 1.73205
9 12 3 4 6 7 8 11 1.73205
9 12 3 4 6 7 8 13 1.41421
9 12 3 4 6 7 8 14 1.73205
9 12 3 4 6 7 10 11 1.93309
9 12 3 4 6 7 10 13 1.62019
9 12 3 4 6 7 10 14 1.93309
9 12 3 4 6 7 11 13 1.81265
9 12 3 4 6 7 11 14 2
9 12 3 4 6 7 13 14 1.73205
9 12 3 4 6 8 10 11 2.16025
9 12 3 4 6 8 10 13 2
9 12 3 4 6 8 10 14 2.16025
9 12 3 4 6 8 11 13 2
9 12 3 4 6 8 11 14 2.16025
9 12 3 4 6 8 13 14 2
9 12 3 4 6 10 11 13 2.13664
9 12 3 4 6 10 11 14 2.32266
9 12 3 4 6 10 13 14 2.13664
9 12 3 4 6 11 13 14 2.16025
9 12 3 4 7 8 10 11 1.73205
9 12 3 4 7 8 10 13 1.41421
9 12 3 4 7 8 10 14 1.73205
9 12 3 4 7 8 11 13 1.41421
9 12 3 4 7 8 11 14 1.73205
9 12 3 4 7 8 13 14 1.41421
9 12 3 4 7 10 11 13 1.62019
9 12 3 4 7 10 11 14 1.93309
9 12 3 4 7 10 13 14 1.62019
9 12 3 4 7 11 13 14 1.73205
9 12 3 4 8 10 11 13 2
9 12 3 4 8 10 11 14 2.16025
9 12 3 4 8 10 13 14 2
9 12 3 4 8 11 13 14 2
9 12 3 4 10 11 13 14 2.13664
9 12 3 5 6 7 8 10 1.62019
9 12 3 5 6 7 8 11 1.62019
9 12 3 5 6 7 8 13 1.41421
9 12 3 5 6 7 8 14 1.62019
9 12 3 5 6 7 10 11 1.85164
9 12 3 5 6 7 10 13 1.41421
9 12 3 5 6 7 10 14 1.85164
9 12 3 5 6 7 11 13 1.90693
9 12 3 5 6 7 11 14 2
9 12 3 5 6 7 13 14 1.73205
9 12 3 5 6 8 10 11 1.85164
9 12 3 5 6 8 10 13 1.41421
9 12 3 5 6 8 10 14 1.85164
9 12 3 5 6 8 11 13 1.41421
9 12 3 5 6 8 11 14 1.85164
9 12 3 5 6 8 13 14 1.41421
9 12 3 5 6 10 11 13 1.73205
9 12 3 5 6 10 11 14 2.07802
9 12 3 5 6 10 13 14 1.73205
9 12 3 5 6 11 13 14 1.90693
9 12 3 5 7 8 10 11 1.62019
9 12 3 5 7 8 10 13 1
9 12 3 5 7 8 10 14 1.62019
9 12 3 5 7 8 11 13 1.41421
9 12 3 5 7 8 11 14 1.62019
9 12 3 5 7 8 13 14 1
9 12 3 5 7 10 11 13 1.41421
9 12 3 5 7 10 11 14 1.85164
9 12 3 5 7 10 13 14 1.41421
9 12 3 5 7 11 13 14 1.73205
9 12 3 5 8 10 11 13 1.41421
9 12 3 5 8 10 11 14 1.85164
9 12 3 5 8 10 13 14 1.41421
9 12 3 5 8 11 13 14 1.41421
9 12 3 5 10 11 13 14 1.73205
9 12 3 6 7 8 10 11 1.81265
9 12 3 6 7 8 10 13 1.62019
9 12 3 6 7 8 10 14 1.81265
9 12 3 6 7 8 11 13 1.81265
9 12 3 6 7 8 11 14 2
9 12 3 6 7 8 13 14 1.73205
9 12 3 6 7 10 11 13 1.73205
9 12 3 6 7 10 11 14 2
9 12 3 6 7 10 13 14 1.73205
9 12 3 6 7 11 13 14 2
9 12 3 6 8 10 11 13 2.13664
9 12 3 6 8 10 11 14 2.26385
9 12 3 6 8 10 13 14 2.13664
9 12 3 6 8 11 13 14 2.16025
9 12 3 6 10 11 13 14 2.23607
9 12 3 7 8 10 11 13 1.62019
9 12 3 7 8 10 11 14 1.81265
9 12 3 7 8 10 13 14 1.62019
9 12 3 7 8 11 13 14 1.73205
9 12 3 7 10 11 13 14 1.73205
9 12 3 8 10 11 13 14 2.13664
9 12 4 5 6 7 8 10 1.81265
9 12 4 5 6 7 8 11 1.73205
9 12 4 5 6 7 8 13 1.62019
9 12 4 5 6 7 8 14 1.81265
9 12 4 5 6 7 10 11 1.93309
9 12 4 5 6 7 10 13 1.73205
9 12 4 5 6 7 10 14 2
9 12 4 5 6 7 11 13 1.81265
9 12 4 5 6 7 11 14 2
9 12 4 5 6 7 13 14 1.81265
9 12 4 5 6 8 10 11 2.16025
9 12 4 5 6 8 10 13 2.13664
9 12 4 5 6 8 10 14 2.26385
9 12 4 5 6 8 11 13 2
9 12 4 5 6 8 11 14 2.16025
9 12 4 5 6 8 13 14 2.13664
9 12 4 5 6 10 11 13 2.13664
9 12 4 5 6 10 11 14 2.32266
9 12 4 5 6 10 13 14 2.23607
9 12 4 5 6 11 13 14 2.16025
9 12 4 5 7 8 10 11 1.73205
9 12 4 5 7 8 10 13 1.73205
9 12 4 5 7 8 10 14 2
9 12 4 5 7 8 11 13 1.41421
9 12 4 5 7 8 11 14 1.73205
9 12 4 5 7 8 13 14 1.73205
9 12 4 5 7 10 11 13 1.62019
9 12 4 5 7 10 11 14 1.93309
9 12 4 5 7 10 13 14 1.81265
9 12 4 5 7 11 13 14 1.73205
9 12 4 5 8 10 11 13 2
9 12 4 5 8 10 11 14 2.16025
9 12 4 5 8 10 13 14 2.16025
9 12 4 5 8 11 13 14 2
9 12 4 5 10 11 13 14 2.13664
9 12 4 6 7 8 10 11 1.90693
9 12 4 6 7 8 10 13 1.85164
9 12 4 6 7 8 10 14 2
9 12 4 6 7 8 11 13 1.73205
9 12 4 6 7 8 11 14 1.90693
9 12 4 6 7 8 13 14 1.85164
9 12 4 6 7 10 11 13 1.85164
9 12 4 6 7 10 11 14 2.04939
9 12 4 6 7 10 13 14 1.93309
9 12 4 6 7 11 13 14 1.90693
9 12 4 6 8 10 11 13 2.44949
9 12 4 6 8 10 11 14 2.53722
9 12 4 6 8 10 13 14 2.52543
9 12 4 6 8 11 13 14 2.44949
9 12 4 6 10 11 13 14 2.52543
9 12 4 7 8 10 11 13 1.73205
9 12 4 7 8 10 11 14 1.90693
9 12 4 7 8 10 13 14 1.90693
9 12 4 7 8 11 13 14 1.73205
9 12 4 7 10 11 13 14 1.85164
9 12 4 8 10 11 13 14 2.44949
9 12 5 6 7 8 10 11 1.73205
9 12 5 6 7 8 10 13 1.62019
9 12 5 6 7 8 10 14 1.81265
9 12 5 6 7 8 11 13 1.41421
9 12 5 6 7 8 11 14 1.73205
9 12 5 6 7 8 13 14 1.62019
9 12 5 6 7 10 11 13 1.62019
9 12 5 6 7 10 11 14 1.93309
9 12 5 6 7 10 13 14 1.73205
9 12 5 6 7 11 13 14 1.81265
9 12 5 6 8 10 11 13 2
9 12 5 6 8 10 11 14 2.16025
9 12 5 6 8 10 13 14 2.13664
9 12 5 6 8 11 13 14 2
9 12 5 6 10 11 13 14 2.13664
9 12 5 7 8 10 11 13 1.41421
9 12 5 7 8 10 11 14 1.73205
9 12 5 7 8 10 13 14 1.73205
9 12 5 7 8 11 13 14 1.41421
9 12 5 7 10 11 13 14 1.62019
9 12 5 8 10 11 13 14 2
9 12 6 7 8 10 11 13 1.85164
9 12 6 7 8 10 11 14 2
9 12 6 7 8 10 13 14 1.93309
9 12 6 7 8 11 13 14 1.90693
9 12 6 7 10 11 13 14 1.93309
9 12 6 8 10 11 13 14 2.52543
9 12 7 8 10 11 13 14 1.85164
