3
6
1
2
7
124
19
10
20
31
37
41
14
125
0
33
98
271
71
341
408
40
109
161
4
141
38
181
79
194
8
18
85
104
74
178
9
84
75
315
60
32
471
16
21
217
34
62
12
73
474
390
61
373
154
83
327
17
27
5
11
15
221
287
540
113
269
131
68
149
310
111
58
54
78
50
235
30
138
195
101
102
159
414
25
298
192
189
52
59
36
256
355
307
363
365
383
264
64
136
22
80
216
283
628
42
162
175
187
279
209
120
145
99
545
148
184
208
70
467
324
504
28
377
122
749
470
100
86
91
43
191
89
199
301
479
646
380
106
458
127
88
527
558
45
157
420
602
261
345
94
76
434
482
110
592
81
233
507
812
182
179
452
24
456
413
455
933
844
417
522
222
433
439
431
123
447
319
116
430
705
477
428
350
316
164
375
543
29
13
63
167
253
835
103
322
220
694
643
744
313
330
93
225
510
218
226
158
118
331
514
291
223
128
450
673
133
144
356
282
66
672
238
591
721
737
77
784
712
270
460
224
239
461
293
314
807
168
56
107
308
410
188
95
734
190
26
114
790
407
364
738
412
399
590
802
677
400
228
848
147
491
210
720
839
134
626
343
531
585
90
250
786
57
542
445
648
478
202
142
278
108
442
366
135
859
899
262
393
404
503
698
678
212
382
509
368
219
523
152
488
396
664
23
359
277
587
904
730
401
453
311
229
615
257
946
205
163
921
909
204
814
490
237
255
69
596
196
732
718
294
320
745
519
962
710
865
686
448
132
758
709
422
653
96
959
180
357
872
290
854
346
702
956
961
520
354
869
900
805
770
840
500
875
775
892
295
862
506
610
764
780
696
751
371
656
553
570
861
49
794
538
736
638
562
606
605
555
302
529
169
55
334
484
568
260
112
551
825
759
787
243
942
644
998
924
636
704
485
623
776
398
535
512
625
332
317
573
713
160
851
890
530
197
487
922
614
328
978
397
579
777
281
881
575
323
943
974
267
976
409
860
981
378
836
583
603
249
830
640
156
426
992
185
620
885
580
415
621
952
771
498
826
115
245
622
671
340
821
348
594
820
629
387
719
508
438
833
554
916
284
513
599
647
918
912
665
403
806
241
174
661
838
177
886
595
502
863
105
651
845
688
344
692
521
985
857
437
214
389
300
927
797
743
526
528
82
867
515
948
151
754
234
874
964
421
849
666
581
369
577
695
309
258
829
534
67
928
767
831
416
792
206
411
967
842
693
645
318
425
915
923
823
240
436
768
630
143
176
265
958
966
973
44
129
475
572
769
242
349
633
995
722
432
936
173
215
706
880
699
246
481
929
362
866
213
252
879
944
691
384
299
741
947
600
274
799
443
548
740
853
631
834
949
288
493
406
757
983
728
586
893
681
846
685
386
525
230
818
994
657
574
977
536
819
203
993
852
674
724
655
968
965
435
788
864
388
165
953
247
809
731
198
662
550
511
171
140
682
427
342
305
405
813
763
717
938
897
172
684
668
937
419
873
227
847
47
339
454
801
997
690
894
576
289
679
955
539
987
337
516
783
612
347
635
276
561
782
292
566
742
544
896
556
858
697
984
565
772
963
971
186
358
652
627
931
926
748
761
569
650
714
773
304
920
940
979
727
779
687
939
837
306
361
715
541
552
335
708
546
92
607
870
752
910
888
986
950
735
642
637
231
804
791
48
778
785
868
884
211
567
725
394
905
537
285
39
658
297
35
244
465
379
429
351
663
466
338
232
911
601
733
856
604
275
391
609
876
669
639
385
716
882
598
517
689
472
800
381
286
632
832
584
395
489
608
917
617
703
254
795
753
150
46
524
654
483
828
296
469
559
53
660
988
563
990
468
871
619
808
841
877
153
193
855
811
463
325
676
130
303
201
155
747
200
564
996
137
464
726
970
999
975
750
683
476
170
571
495
934
914
729
266
273
902
634
263
352
497
183
903
329
667
883
675
960
680
816
878
781
982
803
473
496
593
72
578
796
980
268
991
925
402
907
444
850
166
972
889
762
424
789
505
207
613
51
459
259
739
321
641
649
817
370
711
457
827
372
353
494
824
547
441
126
423
919
895
670
611
954
945
251
582
760
822
755
932
618
589
901
951
913
480
597
97
272
765
65
367
941
700
336
418
518
906
887
815
969
501
588
312
616
87
492
930
360
793
557
486
624
723
440
935
766
746
891
376
843
117
707
756
499
532
446
248
374
326
560
908
898
146
392
236
798
701
121
333
449
810
549
451
989
533
280
462
659
119
957
774
139
