1 0
0.999 0.001
0.998 0.001
0.997 0.001
0.996 0.001
0.995 0.001
0.994 0.001
0.993 0.001
0.992 0.001
0.991 0.001
0.99 0.001
0.989 0.001
0.988 0.001
0.987 0.001
0.986 0.001
0.985 0.001
0.984 0.001
0.983 0.001
0.982 0.001
0.981 0.001
0.98 0.001
0.979 0.001
0.978 0.001
0.977 0.001
0.976 0.001
0.975 0.001
0.974 0.001
0.973 0.001
0.972 0.001
0.971 0.001
0.97 0.001
0.969 0.001
0.968 0.001
0.967 0.001
0.966 0.001
0.965 0.001
0.964 0.001
0.963 0.001
0.962 0.001
0.961 0.001
0.96 0.001
0.959 0.001
0.958 0.001
0.957 0.001
0.956 0.001
0.955 0.001
0.954 0.001
0.953 0.001
0.952 0.001
0.951 0.001
0.95 0.001
0.949 0.001
0.948 0.001
0.947 0.001
0.946 0.001
0.945 0.001
0.944 0.001
0.943 0.001
0.942 0.001
0.941 0.001
0.94 0.001
0.939 0.001
0.938 0.001
0.937 0.001
0.936 0.001
0.935 0.001
0.934 0.001
0.933 0.001
0.932 0.001
0.931 0.001
0.93 0.001
0.929 0.001
0.928 0.001
0.927 0.001
0.926 0.001
0.925 0.001
0.924 0.001
0.923 0.001
0.922 0.001
0.921 0.001
0.92 0.001
0.919 0.001
0.918 0.001
0.917 0.001
0.916 0.001
0.915 0.001
0.914 0.001
0.913 0.001
0.912 0.001
0.911 0.001
0.91 0.001
0.909 0.001
0.908 0.001
0.907 0.001
0.906 0.001
0.905 0.001
0.904 0.001
0.903 0.001
0.902 0.001
0.901 0.001
0.9 0.001
0.899 0.001
0.898 0.001
0.897 0.001
0.896 0.001
0.895 0.001
0.894 0.001
0.893 0.001
0.892 0.001
0.891 0.001
0.89 0.001
0.889 0.001
0.888 0.001
0.887 0.001
0.886 0.001
0.885 0.001
0.884 0.001
0.883 0.001
0.882 0.001
0.881 0.001
0.88 0.001
0.879 0.001
0.878 0.001
0.877 0.001
0.876 0.001
0.875 0.001
0.874 0.001
0.873 0.001
0.872 0.001
0.871 0.001
0.87 0.001
0.869 0.001
0.868 0.001
0.867 0.001
0.866 0.001
0.865 0.001
0.864 0.001
0.863 0.001
0.862 0.001
0.861 0.001
0.86 0.001
0.859 0.001
0.858 0.001
0.857 0.001
0.856 0.001
0.855 0.001
0.854 0.002
0.853 0.002
0.852 0.002
0.851 0.002
0.85 0.002
0.849 0.002
0.848 0.002
0.847 0.002
0.846 0.002
0.845 0.002
0.844 0.002
0.843 0.002
0.842 0.002
0.841 0.002
0.84 0.002
0.839 0.002
0.838 0.002
0.837 0.002
0.836 0.002
0.835 0.002
0.834 0.002
0.833 0.002
0.832 0.002
0.831 0.002
0.83 0.002
0.829 0.002
0.828 0.002
0.827 0.002
0.826 0.002
0.825 0.002
0.824 0.002
0.823 0.002
0.822 0.002
0.821 0.002
0.82 0.002
0.819 0.002
0.818 0.002
0.817 0.002
0.816 0.002
0.815 0.002
0.814 0.002
0.813 0.002
0.812 0.002
0.811 0.002
0.81 0.002
0.809 0.002
0.808 0.002
0.807 0.002
0.806 0.002
0.805 0.002
0.804 0.002
0.803 0.002
0.802 0.002
0.801 0.002
0.8 0.002
0.799 0.002
0.798 0.002
0.797 0.002
0.796 0.002
0.795 0.002
0.794 0.002
0.793 0.002
0.792 0.002
0.791 0.002
0.79 0.002
0.789 0.002
0.788 0.002
0.787 0.002
0.786 0.002
0.785 0.002
0.784 0.002
0.783 0.002
0.782 0.002
0.781 0.002
0.78 0.002
0.779 0.002
0.778 0.002
0.777 0.002
0.776 0.002
0.775 0.002
0.774 0.002
0.773 0.002
0.772 0.002
0.771 0.002
0.77 0.002
0.769 0.002
0.768 0.002
0.767 0.002
0.766 0.002
0.765 0.002
0.764 0.002
0.763 0.002
0.762 0.002
0.761 0.002
0.76 0.002
0.759 0.002
0.758 0.002
0.757 0.002
0.756 0.002
0.755 0.002
0.754 0.002
0.753 0.002
0.752 0.002
0.751 0.002
0.75 0.002
0.749 0.002
0.748 0.002
0.747 0.002
0.746 0.002
0.745 0.002
0.744 0.002
0.743 0.002
0.742 0.002
0.741 0.002
0.74 0.002
0.739 0.002
0.738 0.002
0.737 0.002
0.736 0.002
0.735 0.002
0.734 0.002
0.733 0.002
0.732 0.002
0.731 0.002
0.73 0.002
0.729 0.002
0.728 0.002
0.727 0.002
0.726 0.002
0.725 0.002
0.724 0.002
0.723 0.002
0.722 0.002
0.721 0.002
0.72 0.002
0.719 0.002
0.718 0.002
0.717 0.002
0.716 0.002
0.715 0.002
0.714 0.002
0.713 0.002
0.712 0.002
0.711 0.002
0.71 0.002
0.709 0.002
0.708 0.002
0.707 0.002
0.706 0.002
0.705 0.002
0.704 0.002
0.703 0.002
0.702 0.002
0.701 0.002
0.7 0.002
0.699 0.002
0.698 0.002
0.697 0.002
0.696 0.002
0.695 0.002
0.694 0.002
0.693 0.002
0.692 0.002
0.691 0.002
0.69 0.002
0.689 0.002
0.688 0.002
0.687 0.002
0.686 0.002
0.685 0.002
0.684 0.002
0.683 0.002
0.682 0.002
0.681 0.002
0.68 0.002
0.679 0.002
0.678 0.002
0.677 0.002
0.676 0.002
0.675 0.002
0.674 0.002
0.673 0.002
0.672 0.002
0.671 0.002
0.67 0.002
0.669 0.002
0.668 0.002
0.667 0.002
0.666 0.002
0.665 0.002
0.664 0.002
0.663 0.002
0.662 0.002
0.661 0.002
0.66 0.002
0.659 0.002
0.658 0.002
0.657 0.002
0.656 0.002
0.655 0.002
0.654 0.002
0.653 0.002
0.652 0.002
0.651 0.002
0.65 0.002
0.649 0.002
0.648 0.002
0.647 0.002
0.646 0.002
0.645 0.002
0.644 0.002
0.643 0.002
0.642 0.002
0.641 0.002
0.64 0.002
0.639 0.002
0.638 0.002
0.637 0.002
0.636 0.002
0.635 0.002
0.634 0.002
0.633 0.002
0.632 0.002
0.631 0.002
0.63 0.002
0.629 0.002
0.628 0.002
0.627 0.002
0.626 0.002
0.625 0.002
0.624 0.002
0.623 0.002
0.622 0.002
0.621 0.002
0.62 0.002
0.619 0.002
0.618 0.002
0.617 0.002
0.616 0.002
0.615 0.002
0.614 0.002
0.613 0.002
0.612 0.002
0.611 0.003
0.61 0.003
0.609 0.003
0.608 0.003
0.607 0.003
0.606 0.003
0.605 0.003
0.604 0.003
0.603 0.003
0.602 0.003
0.601 0.003
0.6 0.003
0.599 0.003
0.598 0.003
0.597 0.003
0.596 0.003
0.595 0.003
0.594 0.003
0.593 0.003
0.592 0.003
0.591 0.003
0.59 0.003
0.589 0.003
0.588 0.003
0.587 0.003
0.586 0.003
0.585 0.003
0.584 0.003
0.583 0.003
0.582 0.003
0.581 0.003
0.58 0.003
0.579 0.003
0.578 0.003
0.577 0.003
0.576 0.003
0.575 0.003
0.574 0.003
0.573 0.003
0.572 0.003
0.571 0.003
0.57 0.003
0.569 0.003
0.568 0.003
0.567 0.003
0.566 0.003
0.565 0.003
0.564 0.003
0.563 0.003
0.562 0.003
0.561 0.003
0.56 0.003
0.559 0.003
0.558 0.003
0.557 0.003
0.556 0.003
0.555 0.003
0.554 0.003
0.553 0.003
0.552 0.003
0.551 0.003
0.55 0.003
0.549 0.003
0.548 0.003
0.547 0.003
0.546 0.003
0.545 0.003
0.544 0.003
0.543 0.003
0.542 0.003
0.541 0.003
0.54 0.003
0.539 0.003
0.538 0.003
0.537 0.003
0.536 0.003
0.535 0.003
0.534 0.003
0.533 0.003
0.532 0.003
0.531 0.003
0.53 0.003
0.529 0.003
0.528 0.003
0.527 0.003
0.526 0.003
0.525 0.003
0.524 0.003
0.523 0.003
0.522 0.003
0.521 0.003
0.52 0.003
0.519 0.003
0.518 0.003
0.517 0.003
0.516 0.003
0.515 0.003
0.514 0.003
0.513 0.003
0.512 0.003
0.511 0.003
0.51 0.003
0.509 0.003
0.508 0.003
0.507 0.003
0.506 0.003
0.505 0.003
0.504 0.003
0.503 0.003
0.502 0.003
0.501 0.003
0.5 0.003
0.499 0.003
0.498 0.003
0.497 0.003
0.496 0.003
0.495 0.003
0.494 0.003
0.493 0.003
0.492 0.003
0.491 0.003
0.49 0.003
0.489 0.003
0.488 0.003
0.487 0.003
0.486 0.003
0.485 0.003
0.484 0.003
0.483 0.003
0.482 0.003
0.481 0.003
0.48 0.003
0.479 0.003
0.478 0.003
0.477 0.003
0.476 0.003
0.475 0.003
0.474 0.003
0.473 0.003
0.472 0.003
0.471 0.003
0.47 0.003
0.469 0.003
0.468 0.003
0.467 0.003
0.466 0.003
0.465 0.003
0.464 0.003
0.463 0.003
0.462 0.003
0.461 0.003
0.46 0.003
0.459 0.003
0.458 0.003
0.457 0.003
0.456 0.003
0.455 0.003
0.454 0.003
0.453 0.003
0.452 0.003
0.451 0.003
0.45 0.003
0.449 0.003
0.448 0.003
0.447 0.003
0.446 0.003
0.445 0.003
0.444 0.003
0.443 0.003
0.442 0.003
0.441 0.003
0.44 0.003
0.439 0.003
0.438 0.003
0.437 0.003
0.436 0.003
0.435 0.003
0.434 0.003
0.433 0.003
0.432 0.003
0.431 0.003
0.43 0.003
0.429 0.003
0.428 0.003
0.427 0.003
0.426 0.003
0.425 0.003
0.424 0.003
0.423 0.003
0.422 0.003
0.421 0.003
0.42 0.003
0.419 0.003
0.418 0.003
0.417 0.003
0.416 0.003
0.415 0.003
0.414 0.003
0.413 0.003
0.412 0.003
0.411 0.003
0.41 0.003
0.409 0.003
0.408 0.003
0.407 0.003
0.406 0.003
0.405 0.003
0.404 0.003
0.403 0.003
0.402 0.003
0.401 0.003
0.4 0.003
0.399 0.003
0.398 0.003
0.397 0.003
0.396 0.003
0.395 0.003
0.394 0.003
0.393 0.003
0.392 0.003
0.391 0.003
0.39 0.003
0.389 0.003
0.388 0.003
0.387 0.003
0.386 0.003
0.385 0.003
0.384 0.003
0.383 0.003
0.382 0.003
0.381 0.003
0.38 0.003
0.379 0.003
0.378 0.003
0.377 0.003
0.376 0.003
0.375 0.003
0.374 0.003
0.373 0.003
0.372 0.003
0.371 0.003
0.37 0.003
0.369 0.003
0.368 0.003
0.367 0.003
0.366 0.003
0.365 0.003
0.364 0.003
0.363 0.003
0.362 0.003
0.361 0.003
0.36 0.003
0.359 0.003
0.358 0.003
0.357 0.004
0.356 0.004
0.355 0.004
0.354 0.004
0.353 0.004
0.352 0.004
0.351 0.004
0.35 0.004
0.349 0.004
0.348 0.004
0.347 0.004
0.346 0.004
0.345 0.004
0.344 0.004
0.343 0.004
0.342 0.004
0.341 0.004
0.34 0.004
0.339 0.004
0.338 0.004
0.337 0.004
0.336 0.004
0.335 0.004
0.334 0.004
0.333 0.004
0.332 0.004
0.331 0.004
0.33 0.004
0.329 0.004
0.328 0.004
0.327 0.004
0.326 0.004
0.325 0.004
0.324 0.004
0.323 0.004
0.322 0.004
0.321 0.004
0.32 0.004
0.319 0.004
0.318 0.004
0.317 0.004
0.316 0.004
0.315 0.004
0.314 0.004
0.313 0.004
0.312 0.004
0.311 0.004
0.31 0.004
0.309 0.004
0.308 0.004
0.307 0.004
0.306 0.004
0.305 0.004
0.304 0.004
0.303 0.004
0.302 0.004
0.301 0.004
0.3 0.004
0.299 0.004
0.298 0.004
0.297 0.004
0.296 0.004
0.295 0.004
0.294 0.004
0.293 0.004
0.292 0.004
0.291 0.004
0.29 0.004
0.289 0.004
0.288 0.004
0.287 0.004
0.286 0.004
0.285 0.004
0.284 0.004
0.283 0.004
0.282 0.004
0.281 0.004
0.28 0.004
0.279 0.004
0.278 0.004
0.277 0.004
0.276 0.004
0.275 0.004
0.274 0.004
0.273 0.004
0.272 0.004
0.271 0.004
0.27 0.004
0.269 0.004
0.268 0.004
0.267 0.004
0.266 0.004
0.265 0.004
0.264 0.004
0.263 0.004
0.262 0.005
0.261 0.005
0.26 0.005
0.259 0.005
0.258 0.005
0.257 0.005
0.256 0.005
0.255 0.005
0.254 0.005
0.253 0.005
0.252 0.005
0.251 0.005
0.25 0.005
0.249 0.005
0.248 0.005
0.247 0.005
0.246 0.006
0.245 0.006
0.244 0.006
0.243 0.006
0.242 0.006
0.241 0.006
0.24 0.006
0.239 0.006
0.238 0.006
0.237 0.006
0.236 0.006
0.235 0.006
0.234 0.006
0.233 0.006
0.232 0.006
0.231 0.006
0.23 0.006
0.229 0.006
0.228 0.006
0.227 0.006
0.226 0.008
0.225 0.008
0.224 0.008
0.223 0.008
0.222 0.008
0.221 0.008
0.22 0.008
0.219 0.008
0.218 0.008
0.217 0.008
0.216 0.008
0.215 0.008
0.214 0.008
0.213 0.008
0.212 0.008
0.211 0.008
0.21 0.008
0.209 0.008
0.208 0.008
0.207 0.008
0.206 0.008
0.205 0.008
0.204 0.008
0.203 0.008
0.202 0.008
0.201 0.008
0.2 0.008
0.199 0.008
0.198 0.011
0.197 0.011
0.196 0.011
0.195 0.011
0.194 0.011
0.193 0.011
0.192 0.011
0.191 0.011
0.19 0.011
0.189 0.011
0.188 0.011
0.187 0.011
0.186 0.011
0.185 0.011
0.184 0.011
0.183 0.011
0.182 0.011
0.181 0.011
0.18 0.011
0.179 0.011
0.178 0.011
0.177 0.011
0.176 0.011
0.175 0.015
0.174 0.015
0.173 0.015
0.172 0.015
0.171 0.015
0.17 0.015
0.169 0.015
0.168 0.015
0.167 0.015
0.166 0.015
0.165 0.015
0.164 0.015
0.163 0.015
0.162 0.015
0.161 0.015
0.16 0.015
0.159 0.015
0.158 0.015
0.157 0.015
0.156 0.015
0.155 0.015
0.154 0.015
0.153 0.015
0.152 0.015
0.151 0.015
0.15 0.016
0.149 0.016
0.148 0.016
0.147 0.016
0.146 0.016
0.145 0.016
0.144 0.019
0.143 0.019
0.142 0.019
0.141 0.019
0.14 0.019
0.139 0.019
0.138 0.023
0.137 0.023
0.136 0.023
0.135 0.023
0.134 0.027
0.133 0.027
0.132 0.027
0.131 0.027
0.13 0.031
0.129 0.108
0.128 0.126
0.127 0.163
0.126 0.166
0.125 0.228
0.124 0.249
0.123 0.266
0.122 0.277
0.121 0.307
0.12 0.308
0.119 0.309
0.118 0.32
0.117 0.329
0.116 0.336
0.115 0.339
0.114 0.342
0.113 0.359
0.112 0.373
0.111 0.379
0.11 0.399
0.109 0.401
0.108 0.415
0.107 0.425
0.106 0.439
0.105 0.453
0.104 0.483
0.103 0.485
0.102 0.486
0.101 0.495
0.1 0.498
0.099 0.501
0.098 0.521
0.097 0.536
0.096 0.538
0.095 0.554
0.094 0.555
0.093 0.557
0.092 0.559
0.091 0.602
0.09 0.605
0.089 0.608
0.088 0.61
0.087 0.62
0.086 0.622
0.085 0.626
0.084 0.627
0.083 0.638
0.082 0.642
0.081 0.661
0.08 0.663
0.079 0.673
0.078 0.675
0.077 0.681
0.076 0.685
0.075 0.686
0.074 0.693
0.073 0.695
0.072 0.699
0.071 0.703
0.07 0.706
0.069 0.709
0.068 0.715
0.067 0.719
0.066 0.722
0.065 0.732
0.064 0.745
0.063 0.747
0.062 0.75
0.061 0.756
0.06 0.758
0.059 0.764
0.058 0.767
0.057 0.772
0.056 0.775
0.055 0.778
0.054 0.781
0.053 0.784
0.052 0.789
0.051 0.792
0.05 0.798
0.049 0.81
0.048 0.815
0.047 0.82
0.046 0.824
0.045 0.829
0.044 0.833
0.043 0.836
0.042 0.839
0.041 0.842
0.04 0.847
0.039 0.851
0.038 0.854
0.037 0.862
0.036 0.866
0.035 0.875
0.034 0.878
0.033 0.881
0.032 0.886
0.031 0.89
0.03 0.895
0.029 0.899
0.028 0.901
0.027 0.907
0.026 0.911
0.025 0.914
0.024 0.916
0.023 0.92
0.022 0.924
0.021 0.928
0.02 0.934
0.019 0.936
0.018 0.941
0.017 0.946
0.016 0.951
0.015 0.957
0.014 0.962
0.013 0.965
0.012 0.969
0.011 0.971
0.01 0.974
0.009 0.977
0.008 0.98
0.007 0.983
0.006 0.986
0.005 0.989
0.004 0.993
0.003 0.996
0.002 0.999
0.001 1
