1 1343.45
0.99999 1e-005
0.99998 1e-005
0.99997 1e-005
0.99996 1e-005
0.99995 1e-005
0.99994 1e-005
0.99993 1e-005
0.99992 1e-005
0.99991 1e-005
0.9999 1e-005
0.99989 1e-005
0.99988 1e-005
0.99987 1e-005
0.99986 1e-005
0.99985 1e-005
0.99984 1e-005
0.99983 1e-005
0.99982 1e-005
0.99981 1e-005
0.9998 1e-005
0.99979 1e-005
0.99978 1e-005
0.99977 1e-005
0.99976 1e-005
0.99975 1e-005
0.99974 1e-005
0.99973 1e-005
0.99972 1e-005
0.99971 1e-005
0.9997 1e-005
0.99969 1e-005
0.99968 1e-005
0.99967 1e-005
0.99966 1e-005
0.99965 1e-005
0.99964 1e-005
0.99963 1e-005
0.99962 1e-005
0.99961 1e-005
0.9996 1e-005
0.99959 1e-005
0.99958 1e-005
0.99957 1e-005
0.99956 1e-005
0.99955 1e-005
0.99954 1e-005
0.99953 1e-005
0.99952 1e-005
0.99951 1e-005
0.9995 1e-005
0.99949 1e-005
0.99948 1e-005
0.99947 1e-005
0.99946 1e-005
0.99945 1e-005
0.99944 1e-005
0.99943 1e-005
0.99942 1e-005
0.99941 1e-005
0.9994 1e-005
0.99939 1e-005
0.99938 1e-005
0.99937 1e-005
0.99936 1e-005
0.99935 1e-005
0.99934 1e-005
0.99933 1e-005
0.99932 1e-005
0.99931 1e-005
0.9993 1e-005
0.99929 1e-005
0.99928 1e-005
0.99927 1e-005
0.99926 1e-005
0.99925 1e-005
0.99924 1e-005
0.99923 1e-005
0.99922 1e-005
0.99921 1e-005
0.9992 1e-005
0.99919 1e-005
0.99918 1e-005
0.99917 1e-005
0.99916 1e-005
0.99915 1e-005
0.99914 1e-005
0.99913 1e-005
0.99912 1e-005
0.99911 1e-005
0.9991 1e-005
0.99909 1e-005
0.99908 1e-005
0.99907 1e-005
0.99906 1e-005
0.99905 1e-005
0.99904 1e-005
0.99903 1e-005
0.99902 1e-005
0.99901 1e-005
0.999 1e-005
0.99899 1e-005
0.99898 1e-005
0.99897 1e-005
0.99896 1e-005
0.99895 1e-005
0.99894 1e-005
0.99893 1e-005
0.99892 1e-005
0.99891 1e-005
0.9989 1e-005
0.99889 1e-005
0.99888 1e-005
0.99887 1e-005
0.99886 1e-005
0.99885 1e-005
0.99884 1e-005
0.99883 1e-005
0.99882 1e-005
0.99881 1e-005
0.9988 1e-005
0.99879 1e-005
0.99878 1e-005
0.99877 1e-005
0.99876 1e-005
0.99875 1e-005
0.99874 1e-005
0.99873 1e-005
0.99872 1e-005
0.99871 1e-005
0.9987 1e-005
0.99869 1e-005
0.99868 1e-005
0.99867 1e-005
0.99866 1e-005
0.99865 1e-005
0.99864 1e-005
0.99863 1e-005
0.99862 1e-005
0.99861 1e-005
0.9986 1e-005
0.99859 1e-005
0.99858 1e-005
0.99857 1e-005
0.99856 1e-005
0.99855 1e-005
0.99854 1e-005
0.99853 1e-005
0.99852 1e-005
0.99851 1e-005
0.9985 1e-005
0.99849 1e-005
0.99848 1e-005
0.99847 1e-005
0.99846 1e-005
0.99845 1e-005
0.99844 1e-005
0.99843 1e-005
0.99842 1e-005
0.99841 1e-005
0.9984 1e-005
0.99839 1e-005
0.99838 1e-005
0.99837 1e-005
0.99836 1e-005
0.99835 1e-005
0.99834 1e-005
0.99833 1e-005
0.99832 1e-005
0.99831 1e-005
0.9983 1e-005
0.99829 1e-005
0.99828 1e-005
0.99827 1e-005
0.99826 1e-005
0.99825 1e-005
0.99824 1e-005
0.99823 1e-005
0.99822 1e-005
0.99821 1e-005
0.9982 1e-005
0.99819 1e-005
0.99818 1e-005
0.99817 1e-005
0.99816 1e-005
0.99815 1e-005
0.99814 1e-005
0.99813 1e-005
0.99812 1e-005
0.99811 1e-005
0.9981 1e-005
0.99809 1e-005
0.99808 1e-005
0.99807 1e-005
0.99806 1e-005
0.99805 1e-005
0.99804 1e-005
0.99803 1e-005
0.99802 1e-005
0.99801 1e-005
0.998 1e-005
0.99799 1e-005
0.99798 1e-005
0.99797 1e-005
0.99796 1e-005
0.99795 1e-005
0.99794 1e-005
0.99793 1e-005
0.99792 1e-005
0.99791 1e-005
0.9979 1e-005
0.99789 1e-005
0.99788 1e-005
0.99787 1e-005
0.99786 1e-005
0.99785 1e-005
0.99784 1e-005
0.99783 1e-005
0.99782 1e-005
0.99781 1e-005
0.9978 1e-005
0.99779 1e-005
0.99778 1e-005
0.99777 1e-005
0.99776 1e-005
0.99775 1e-005
0.99774 1e-005
0.99773 1e-005
0.99772 1e-005
0.99771 1e-005
0.9977 1e-005
0.99769 1e-005
0.99768 1e-005
0.99767 1e-005
0.99766 1e-005
0.99765 1e-005
0.99764 1e-005
0.99763 1e-005
0.99762 1e-005
0.99761 1e-005
0.9976 1e-005
0.99759 1e-005
0.99758 1e-005
0.99757 1e-005
0.99756 1e-005
0.99755 1e-005
0.99754 1e-005
0.99753 1e-005
0.99752 1e-005
0.99751 1e-005
0.9975 1e-005
0.99749 1e-005
0.99748 1e-005
0.99747 1e-005
0.99746 1e-005
0.99745 1e-005
0.99744 1e-005
0.99743 1e-005
0.99742 1e-005
0.99741 1e-005
0.9974 1e-005
0.99739 1e-005
0.99738 1e-005
0.99737 1e-005
0.99736 1e-005
0.99735 1e-005
0.99734 1e-005
0.99733 1e-005
0.99732 1e-005
0.99731 1e-005
0.9973 1e-005
0.99729 1e-005
0.99728 1e-005
0.99727 1e-005
0.99726 1e-005
0.99725 1e-005
0.99724 1e-005
0.99723 1e-005
0.99722 1e-005
0.99721 1e-005
0.9972 1e-005
0.99719 1e-005
0.99718 1e-005
0.99717 1e-005
0.99716 1e-005
0.99715 1e-005
0.99714 1e-005
0.99713 1e-005
0.99712 1e-005
0.99711 1e-005
0.9971 1e-005
0.99709 1e-005
0.99708 1e-005
0.99707 1e-005
0.99706 1e-005
0.99705 1e-005
0.99704 1e-005
0.99703 1e-005
0.99702 1e-005
0.99701 1e-005
0.997 1e-005
0.99699 1e-005
0.99698 1e-005
0.99697 1e-005
0.99696 1e-005
0.99695 1e-005
0.99694 1e-005
0.99693 1e-005
0.99692 1e-005
0.99691 1e-005
0.9969 1e-005
0.99689 1e-005
0.99688 1e-005
0.99687 1e-005
0.99686 1e-005
0.99685 1e-005
0.99684 1e-005
0.99683 1e-005
0.99682 1e-005
0.99681 1e-005
0.9968 1e-005
0.99679 1e-005
0.99678 1e-005
0.99677 1e-005
0.99676 1e-005
0.99675 1e-005
0.99674 1e-005
0.99673 1e-005
0.99672 1e-005
0.99671 1e-005
0.9967 1e-005
0.99669 1e-005
0.99668 1e-005
0.99667 1e-005
0.99666 1e-005
0.99665 1e-005
0.99664 1e-005
0.99663 1e-005
0.99662 1e-005
0.99661 1e-005
0.9966 1e-005
0.99659 1e-005
0.99658 1e-005
0.99657 1e-005
0.99656 1e-005
0.99655 1e-005
0.99654 1e-005
0.99653 1e-005
0.99652 1e-005
0.99651 1e-005
0.9965 1e-005
0.99649 1e-005
0.99648 1e-005
0.99647 1e-005
0.99646 1e-005
0.99645 1e-005
0.99644 1e-005
0.99643 1e-005
0.99642 1e-005
0.99641 1e-005
0.9964 1e-005
0.99639 1e-005
0.99638 1e-005
0.99637 1e-005
0.99636 1e-005
0.99635 1e-005
0.99634 1e-005
0.99633 1e-005
0.99632 1e-005
0.99631 1e-005
0.9963 1e-005
0.99629 1e-005
0.99628 1e-005
0.99627 1e-005
0.99626 1e-005
0.99625 1e-005
0.99624 1e-005
0.99623 1e-005
0.99622 1e-005
0.99621 1e-005
0.9962 1e-005
0.99619 1e-005
0.99618 1e-005
0.99617 1e-005
0.99616 1e-005
0.99615 1e-005
0.99614 1e-005
0.99613 1e-005
0.99612 1e-005
0.99611 1e-005
0.9961 1e-005
0.99609 1e-005
0.99608 1e-005
0.99607 1e-005
0.99606 1e-005
0.99605 1e-005
0.99604 1e-005
0.99603 1e-005
0.99602 1e-005
0.99601 1e-005
0.996 1e-005
0.99599 1e-005
0.99598 1e-005
0.99597 1e-005
0.99596 1e-005
0.99595 1e-005
0.99594 1e-005
0.99593 1e-005
0.99592 1e-005
0.99591 1e-005
0.9959 1e-005
0.99589 1e-005
0.99588 1e-005
0.99587 1e-005
0.99586 1e-005
0.99585 1e-005
