3 9 0 1 2 4 5 6 7 8 10 11 12 0
3 9 0 1 2 4 5 6 7 8 10 11 13 0
3 9 0 1 2 4 5 6 7 8 10 11 14 0
3 9 0 1 2 4 5 6 7 8 10 12 13 0
3 9 0 1 2 4 5 6 7 8 10 12 14 0
3 9 0 1 2 4 5 6 7 8 10 13 14 0
3 9 0 1 2 4 5 6 7 8 11 12 13 1
3 9 0 1 2 4 5 6 7 8 11 12 14 0
3 9 0 1 2 4 5 6 7 8 11 13 14 0
3 9 0 1 2 4 5 6 7 8 12 13 14 0
3 9 0 1 2 4 5 6 7 10 11 12 13 0
3 9 0 1 2 4 5 6 7 10 11 12 14 0
3 9 0 1 2 4 5 6 7 10 11 13 14 0
3 9 0 1 2 4 5 6 7 10 12 13 14 0
3 9 0 1 2 4 5 6 7 11 12 13 14 1
3 9 0 1 2 4 5 6 8 10 11 12 13 0
3 9 0 1 2 4 5 6 8 10 11 12 14 0
3 9 0 1 2 4 5 6 8 10 11 13 14 0
3 9 0 1 2 4 5 6 8 10 12 13 14 0
3 9 0 1 2 4 5 6 8 11 12 13 14 0
3 9 0 1 2 4 5 6 10 11 12 13 14 0
3 9 0 1 2 4 5 7 8 10 11 12 13 0
3 9 0 1 2 4 5 7 8 10 11 12 14 0
3 9 0 1 2 4 5 7 8 10 11 13 14 0
3 9 0 1 2 4 5 7 8 10 12 13 14 1
3 9 0 1 2 4 5 7 8 11 12 13 14 0
3 9 0 1 2 4 5 7 10 11 12 13 14 0
3 9 0 1 2 4 5 8 10 11 12 13 14 0
3 9 0 1 2 4 6 7 8 10 11 12 13 0
3 9 0 1 2 4 6 7 8 10 11 12 14 0
3 9 0 1 2 4 6 7 8 10 11 13 14 0
3 9 0 1 2 4 6 7 8 10 12 13 14 0
3 9 0 1 2 4 6 7 8 11 12 13 14 0
3 9 0 1 2 4 6 7 10 11 12 13 14 0
3 9 0 1 2 4 6 8 10 11 12 13 14 1
3 9 0 1 2 4 7 8 10 11 12 13 14 0
3 9 0 1 2 5 6 7 8 10 11 12 13 0
3 9 0 1 2 5 6 7 8 10 11 12 14 0
3 9 0 1 2 5 6 7 8 10 11 13 14 0
3 9 0 1 2 5 6 7 8 10 12 13 14 0
3 9 0 1 2 5 6 7 8 11 12 13 14 1
3 9 0 1 2 5 6 7 10 11 12 13 14 0
3 9 0 1 2 5 6 8 10 11 12 13 14 0
3 9 0 1 2 5 7 8 10 11 12 13 14 0
3 9 0 1 2 6 7 8 10 11 12 13 14 1
3 9 0 1 4 5 6 7 8 10 11 12 13 0
3 9 0 1 4 5 6 7 8 10 11 12 14 0
3 9 0 1 4 5 6 7 8 10 11 13 14 0
3 9 0 1 4 5 6 7 8 10 12 13 14 0
3 9 0 1 4 5 6 7 8 11 12 13 14 0
3 9 0 1 4 5 6 7 10 11 12 13 14 0
3 9 0 1 4 5 6 8 10 11 12 13 14 0
3 9 0 1 4 5 7 8 10 11 12 13 14 0
3 9 0 1 4 6 7 8 10 11 12 13 14 1
3 9 0 1 5 6 7 8 10 11 12 13 14 0
3 9 0 2 4 5 6 7 8 10 11 12 13 0
3 9 0 2 4 5 6 7 8 10 11 12 14 1
3 9 0 2 4 5 6 7 8 10 11 13 14 1
3 9 0 2 4 5 6 7 8 10 12 13 14 0
3 9 0 2 4 5 6 7 8 11 12 13 14 0
3 9 0 2 4 5 6 7 10 11 12 13 14 1
3 9 0 2 4 5 6 8 10 11 12 13 14 1
3 9 0 2 4 5 7 8 10 11 12 13 14 0
3 9 0 2 4 6 7 8 10 11 12 13 14 0
3 9 0 2 5 6 7 8 10 11 12 13 14 0
3 9 0 4 5 6 7 8 10 11 12 13 14 1
3 9 1 2 4 5 6 7 8 10 11 12 13 0
3 9 1 2 4 5 6 7 8 10 11 12 14 1
3 9 1 2 4 5 6 7 8 10 11 13 14 0
3 9 1 2 4 5 6 7 8 10 12 13 14 0
3 9 1 2 4 5 6 7 8 11 12 13 14 0
3 9 1 2 4 5 6 7 10 11 12 13 14 0
3 9 1 2 4 5 6 8 10 11 12 13 14 0
3 9 1 2 4 5 7 8 10 11 12 13 14 0
3 9 1 2 4 6 7 8 10 11 12 13 14 0
3 9 1 2 5 6 7 8 10 11 12 13 14 0
3 9 1 4 5 6 7 8 10 11 12 13 14 0
3 9 2 4 5 6 7 8 10 11 12 13 14 0
