3 9 0 1 2
3 9 0 2 2.27913
3 9 0 4 2.49313
3 9 0 5 2.32279
3 9 0 6 2.60641
3 9 0 7 2.27913
3 9 0 8 2.389
3 9 0 10 2.49516
3 9 0 11 2.60641
3 9 0 12 2.50333
3 9 0 13 2.50333
3 9 0 14 2.58404
3 9 1 2 1.90693
3 9 1 4 1.41421
3 9 1 5 1.73205
3 9 1 6 2
3 9 1 7 1.90693
3 9 1 8 1.90693
3 9 1 10 1.73205
3 9 1 11 2
3 9 1 12 2
3 9 1 13 2
3 9 1 14 1.90693
3 9 2 4 2.23607
3 9 2 5 2.19034
3 9 2 6 2.326
3 9 2 7 2.08167
3 9 2 8 2.02367
3 9 2 10 2.16556
3 9 2 11 2.326
3 9 2 12 2.20605
3 9 2 13 2.16025
3 9 2 14 2.27837
3 9 4 5 2.35584
3 9 4 6 2.53859
3 9 4 7 2.23607
3 9 4 8 2.32266
3 9 4 10 2.48193
3 9 4 11 2.53859
3 9 4 12 2.36827
3 9 4 13 2.33699
3 9 4 14 2.50805
3 9 5 6 2.37
3 9 5 7 2.19034
3 9 5 8 2.07802
3 9 5 10 2.29129
3 9 5 11 2.37
3 9 5 12 2.19034
3 9 5 13 2.15297
3 9 5 14 2.35584
3 9 6 7 2.326
3 9 6 8 2.42507
3 9 6 10 2.52678
3 9 6 11 2.63095
3 9 6 12 2.51916
3 9 6 13 2.50333
3 9 6 14 2.60951
3 9 7 8 2.02367
3 9 7 10 2.16556
3 9 7 11 2.326
3 9 7 12 2.20605
3 9 7 13 2.16025
3 9 7 14 2.27837
3 9 8 10 2.39046
3 9 8 11 2.42507
3 9 8 12 2.3094
3 9 8 13 2.28446
3 9 8 14 2.40662
3 9 10 11 2.52678
3 9 10 12 2.39046
3 9 10 13 2.35488
3 9 10 14 2.52678
3 9 11 12 2.51916
3 9 11 13 2.50333
3 9 11 14 2.60951
3 9 12 13 2.44949
3 9 12 14 2.5
3 9 13 14 2.46311
