1 9 0 2 3 4 5 6 7 8 10 0
1 9 0 2 3 4 5 6 7 8 11 1
1 9 0 2 3 4 5 6 7 8 12 1
1 9 0 2 3 4 5 6 7 8 13 1
1 9 0 2 3 4 5 6 7 8 14 0
1 9 0 2 3 4 5 6 7 10 11 0
1 9 0 2 3 4 5 6 7 10 12 0
1 9 0 2 3 4 5 6 7 10 13 0
1 9 0 2 3 4 5 6 7 10 14 0
1 9 0 2 3 4 5 6 7 11 12 1.41421
1 9 0 2 3 4 5 6 7 11 13 1.41421
1 9 0 2 3 4 5 6 7 11 14 1
1 9 0 2 3 4 5 6 7 12 13 1.41421
1 9 0 2 3 4 5 6 7 12 14 1
1 9 0 2 3 4 5 6 7 13 14 1
1 9 0 2 3 4 5 6 8 10 11 0
1 9 0 2 3 4 5 6 8 10 12 0
1 9 0 2 3 4 5 6 8 10 13 0
1 9 0 2 3 4 5 6 8 10 14 0
1 9 0 2 3 4 5 6 8 11 12 1
1 9 0 2 3 4 5 6 8 11 13 1
1 9 0 2 3 4 5 6 8 11 14 0
1 9 0 2 3 4 5 6 8 12 13 1
1 9 0 2 3 4 5 6 8 12 14 0
1 9 0 2 3 4 5 6 8 13 14 0
1 9 0 2 3 4 5 6 10 11 12 0
1 9 0 2 3 4 5 6 10 11 13 0
1 9 0 2 3 4 5 6 10 11 14 0
1 9 0 2 3 4 5 6 10 12 13 0
1 9 0 2 3 4 5 6 10 12 14 0
1 9 0 2 3 4 5 6 10 13 14 0
1 9 0 2 3 4 5 6 11 12 13 1.41421
1 9 0 2 3 4 5 6 11 12 14 1
1 9 0 2 3 4 5 6 11 13 14 1
1 9 0 2 3 4 5 6 12 13 14 1
1 9 0 2 3 4 5 7 8 10 11 0
1 9 0 2 3 4 5 7 8 10 12 1
1 9 0 2 3 4 5 7 8 10 13 1
1 9 0 2 3 4 5 7 8 10 14 1
1 9 0 2 3 4 5 7 8 11 12 1
1 9 0 2 3 4 5 7 8 11 13 1
1 9 0 2 3 4 5 7 8 11 14 0
1 9 0 2 3 4 5 7 8 12 13 1
1 9 0 2 3 4 5 7 8 12 14 1
1 9 0 2 3 4 5 7 8 13 14 1
1 9 0 2 3 4 5 7 10 11 12 0
1 9 0 2 3 4 5 7 10 11 13 0
1 9 0 2 3 4 5 7 10 11 14 0
1 9 0 2 3 4 5 7 10 12 13 1
1 9 0 2 3 4 5 7 10 12 14 1
1 9 0 2 3 4 5 7 10 13 14 1
1 9 0 2 3 4 5 7 11 12 13 1.41421
1 9 0 2 3 4 5 7 11 12 14 1
1 9 0 2 3 4 5 7 11 13 14 1
1 9 0 2 3 4 5 7 12 13 14 1
1 9 0 2 3 4 5 8 10 11 12 0
1 9 0 2 3 4 5 8 10 11 13 0
1 9 0 2 3 4 5 8 10 11 14 0
1 9 0 2 3 4 5 8 10 12 13 1
1 9 0 2 3 4 5 8 10 12 14 1
1 9 0 2 3 4 5 8 10 13 14 1
1 9 0 2 3 4 5 8 11 12 13 1
1 9 0 2 3 4 5 8 11 12 14 0
1 9 0 2 3 4 5 8 11 13 14 0
1 9 0 2 3 4 5 8 12 13 14 1
1 9 0 2 3 4 5 10 11 12 13 0
1 9 0 2 3 4 5 10 11 12 14 0
1 9 0 2 3 4 5 10 11 13 14 0
1 9 0 2 3 4 5 10 12 13 14 1
1 9 0 2 3 4 5 11 12 13 14 1
1 9 0 2 3 4 6 7 8 10 11 0
1 9 0 2 3 4 6 7 8 10 12 0
1 9 0 2 3 4 6 7 8 10 13 0
1 9 0 2 3 4 6 7 8 10 14 0
1 9 0 2 3 4 6 7 8 11 12 1
1 9 0 2 3 4 6 7 8 11 13 1
1 9 0 2 3 4 6 7 8 11 14 0
1 9 0 2 3 4 6 7 8 12 13 1
1 9 0 2 3 4 6 7 8 12 14 0
1 9 0 2 3 4 6 7 8 13 14 0
1 9 0 2 3 4 6 7 10 11 12 0
1 9 0 2 3 4 6 7 10 11 13 0
1 9 0 2 3 4 6 7 10 11 14 0
1 9 0 2 3 4 6 7 10 12 13 0
1 9 0 2 3 4 6 7 10 12 14 0
1 9 0 2 3 4 6 7 10 13 14 0
1 9 0 2 3 4 6 7 11 12 13 1.41421
1 9 0 2 3 4 6 7 11 12 14 1
1 9 0 2 3 4 6 7 11 13 14 1
1 9 0 2 3 4 6 7 12 13 14 1
1 9 0 2 3 4 6 8 10 11 12 1
1 9 0 2 3 4 6 8 10 11 13 1
1 9 0 2 3 4 6 8 10 11 14 1
1 9 0 2 3 4 6 8 10 12 13 1
1 9 0 2 3 4 6 8 10 12 14 1
1 9 0 2 3 4 6 8 10 13 14 1
1 9 0 2 3 4 6 8 11 12 13 1
1 9 0 2 3 4 6 8 11 12 14 1
1 9 0 2 3 4 6 8 11 13 14 1
1 9 0 2 3 4 6 8 12 13 14 1
1 9 0 2 3 4 6 10 11 12 13 1
1 9 0 2 3 4 6 10 11 12 14 1
1 9 0 2 3 4 6 10 11 13 14 1
1 9 0 2 3 4 6 10 12 13 14 1
1 9 0 2 3 4 6 11 12 13 14 1
1 9 0 2 3 4 7 8 10 11 12 0
1 9 0 2 3 4 7 8 10 11 13 0
1 9 0 2 3 4 7 8 10 11 14 0
1 9 0 2 3 4 7 8 10 12 13 1
1 9 0 2 3 4 7 8 10 12 14 1
1 9 0 2 3 4 7 8 10 13 14 1
1 9 0 2 3 4 7 8 11 12 13 1
1 9 0 2 3 4 7 8 11 12 14 0
1 9 0 2 3 4 7 8 11 13 14 0
1 9 0 2 3 4 7 8 12 13 14 1
1 9 0 2 3 4 7 10 11 12 13 0
1 9 0 2 3 4 7 10 11 12 14 0
1 9 0 2 3 4 7 10 11 13 14 0
1 9 0 2 3 4 7 10 12 13 14 1
1 9 0 2 3 4 7 11 12 13 14 1
1 9 0 2 3 4 8 10 11 12 13 1
1 9 0 2 3 4 8 10 11 12 14 1
1 9 0 2 3 4 8 10 11 13 14 1
1 9 0 2 3 4 8 10 12 13 14 1
1 9 0 2 3 4 8 11 12 13 14 1
1 9 0 2 3 4 10 11 12 13 14 1
1 9 0 2 3 5 6 7 8 10 11 0
1 9 0 2 3 5 6 7 8 10 12 0
1 9 0 2 3 5 6 7 8 10 13 0
1 9 0 2 3 5 6 7 8 10 14 0
1 9 0 2 3 5 6 7 8 11 12 1.41421
1 9 0 2 3 5 6 7 8 11 13 1.41421
1 9 0 2 3 5 6 7 8 11 14 1
1 9 0 2 3 5 6 7 8 12 13 1.41421
1 9 0 2 3 5 6 7 8 12 14 1
1 9 0 2 3 5 6 7 8 13 14 1
1 9 0 2 3 5 6 7 10 11 12 0
1 9 0 2 3 5 6 7 10 11 13 0
1 9 0 2 3 5 6 7 10 11 14 0
1 9 0 2 3 5 6 7 10 12 13 0
1 9 0 2 3 5 6 7 10 12 14 0
1 9 0 2 3 5 6 7 10 13 14 0
1 9 0 2 3 5 6 7 11 12 13 1.73205
1 9 0 2 3 5 6 7 11 12 14 1.41421
1 9 0 2 3 5 6 7 11 13 14 1.41421
1 9 0 2 3 5 6 7 12 13 14 1.41421
1 9 0 2 3 5 6 8 10 11 12 0
1 9 0 2 3 5 6 8 10 11 13 0
1 9 0 2 3 5 6 8 10 11 14 0
1 9 0 2 3 5 6 8 10 12 13 0
1 9 0 2 3 5 6 8 10 12 14 0
1 9 0 2 3 5 6 8 10 13 14 0
1 9 0 2 3 5 6 8 11 12 13 1.41421
1 9 0 2 3 5 6 8 11 12 14 1
1 9 0 2 3 5 6 8 11 13 14 1
1 9 0 2 3 5 6 8 12 13 14 1
1 9 0 2 3 5 6 10 11 12 13 0
1 9 0 2 3 5 6 10 11 12 14 0
1 9 0 2 3 5 6 10 11 13 14 0
1 9 0 2 3 5 6 10 12 13 14 0
1 9 0 2 3 5 6 11 12 13 14 1.41421
1 9 0 2 3 5 7 8 10 11 12 0
1 9 0 2 3 5 7 8 10 11 13 0
1 9 0 2 3 5 7 8 10 11 14 0
1 9 0 2 3 5 7 8 10 12 13 1
1 9 0 2 3 5 7 8 10 12 14 1
1 9 0 2 3 5 7 8 10 13 14 1
1 9 0 2 3 5 7 8 11 12 13 1.41421
1 9 0 2 3 5 7 8 11 12 14 1
1 9 0 2 3 5 7 8 11 13 14 1
1 9 0 2 3 5 7 8 12 13 14 1
1 9 0 2 3 5 7 10 11 12 13 0
1 9 0 2 3 5 7 10 11 12 14 0
1 9 0 2 3 5 7 10 11 13 14 0
1 9 0 2 3 5 7 10 12 13 14 1
1 9 0 2 3 5 7 11 12 13 14 1.41421
1 9 0 2 3 5 8 10 11 12 13 0
1 9 0 2 3 5 8 10 11 12 14 0
1 9 0 2 3 5 8 10 11 13 14 0
1 9 0 2 3 5 8 10 12 13 14 1
1 9 0 2 3 5 8 11 12 13 14 1
1 9 0 2 3 5 10 11 12 13 14 0
1 9 0 2 3 6 7 8 10 11 12 1
1 9 0 2 3 6 7 8 10 11 13 1
1 9 0 2 3 6 7 8 10 11 14 1
1 9 0 2 3 6 7 8 10 12 13 1
1 9 0 2 3 6 7 8 10 12 14 1
1 9 0 2 3 6 7 8 10 13 14 1
1 9 0 2 3 6 7 8 11 12 13 1.62019
1 9 0 2 3 6 7 8 11 12 14 1.41421
1 9 0 2 3 6 7 8 11 13 14 1.41421
1 9 0 2 3 6 7 8 12 13 14 1.41421
1 9 0 2 3 6 7 10 11 12 13 1
1 9 0 2 3 6 7 10 11 12 14 1
1 9 0 2 3 6 7 10 11 13 14 1
1 9 0 2 3 6 7 10 12 13 14 1
1 9 0 2 3 6 7 11 12 13 14 1.62019
1 9 0 2 3 6 8 10 11 12 13 1.41421
1 9 0 2 3 6 8 10 11 12 14 1.41421
1 9 0 2 3 6 8 10 11 13 14 1.41421
1 9 0 2 3 6 8 10 12 13 14 1.41421
1 9 0 2 3 6 8 11 12 13 14 1.62019
1 9 0 2 3 6 10 11 12 13 14 1.41421
1 9 0 2 3 7 8 10 11 12 13 1
1 9 0 2 3 7 8 10 11 12 14 1
1 9 0 2 3 7 8 10 11 13 14 1
1 9 0 2 3 7 8 10 12 13 14 1
1 9 0 2 3 7 8 11 12 13 14 1.41421
1 9 0 2 3 7 10 11 12 13 14 1
1 9 0 2 3 8 10 11 12 13 14 1.41421
1 9 0 2 4 5 6 7 8 10 11 0
1 9 0 2 4 5 6 7 8 10 12 1
1 9 0 2 4 5 6 7 8 10 13 1
1 9 0 2 4 5 6 7 8 10 14 1
1 9 0 2 4 5 6 7 8 11 12 1
1 9 0 2 4 5 6 7 8 11 13 1
1 9 0 2 4 5 6 7 8 11 14 0
1 9 0 2 4 5 6 7 8 12 13 1
1 9 0 2 4 5 6 7 8 12 14 1
1 9 0 2 4 5 6 7 8 13 14 1
1 9 0 2 4 5 6 7 10 11 12 0
1 9 0 2 4 5 6 7 10 11 13 0
1 9 0 2 4 5 6 7 10 11 14 0
1 9 0 2 4 5 6 7 10 12 13 1
1 9 0 2 4 5 6 7 10 12 14 1
1 9 0 2 4 5 6 7 10 13 14 1
1 9 0 2 4 5 6 7 11 12 13 1.41421
1 9 0 2 4 5 6 7 11 12 14 1
1 9 0 2 4 5 6 7 11 13 14 1
1 9 0 2 4 5 6 7 12 13 14 1
1 9 0 2 4 5 6 8 10 11 12 1
1 9 0 2 4 5 6 8 10 11 13 1
1 9 0 2 4 5 6 8 10 11 14 1
1 9 0 2 4 5 6 8 10 12 13 1.41421
1 9 0 2 4 5 6 8 10 12 14 1.41421
1 9 0 2 4 5 6 8 10 13 14 1.41421
1 9 0 2 4 5 6 8 11 12 13 1
1 9 0 2 4 5 6 8 11 12 14 1
1 9 0 2 4 5 6 8 11 13 14 1
1 9 0 2 4 5 6 8 12 13 14 1.41421
1 9 0 2 4 5 6 10 11 12 13 1
1 9 0 2 4 5 6 10 11 12 14 1
1 9 0 2 4 5 6 10 11 13 14 1
1 9 0 2 4 5 6 10 12 13 14 1.41421
1 9 0 2 4 5 6 11 12 13 14 1
1 9 0 2 4 5 7 8 10 11 12 0
1 9 0 2 4 5 7 8 10 11 13 0
1 9 0 2 4 5 7 8 10 11 14 0
1 9 0 2 4 5 7 8 10 12 13 1.41421
1 9 0 2 4 5 7 8 10 12 14 1.41421
1 9 0 2 4 5 7 8 10 13 14 1.41421
1 9 0 2 4 5 7 8 11 12 13 1
1 9 0 2 4 5 7 8 11 12 14 0
1 9 0 2 4 5 7 8 11 13 14 0
1 9 0 2 4 5 7 8 12 13 14 1.41421
1 9 0 2 4 5 7 10 11 12 13 0
1 9 0 2 4 5 7 10 11 12 14 0
1 9 0 2 4 5 7 10 11 13 14 0
1 9 0 2 4 5 7 10 12 13 14 1.41421
1 9 0 2 4 5 7 11 12 13 14 1
1 9 0 2 4 5 8 10 11 12 13 1
1 9 0 2 4 5 8 10 11 12 14 1
1 9 0 2 4 5 8 10 11 13 14 1
1 9 0 2 4 5 8 10 12 13 14 1.62019
1 9 0 2 4 5 8 11 12 13 14 1
1 9 0 2 4 5 10 11 12 13 14 1
1 9 0 2 4 6 7 8 10 11 12 0
1 9 0 2 4 6 7 8 10 11 13 0
1 9 0 2 4 6 7 8 10 11 14 0
1 9 0 2 4 6 7 8 10 12 13 1
1 9 0 2 4 6 7 8 10 12 14 1
1 9 0 2 4 6 7 8 10 13 14 1
1 9 0 2 4 6 7 8 11 12 13 1
1 9 0 2 4 6 7 8 11 12 14 0
1 9 0 2 4 6 7 8 11 13 14 0
1 9 0 2 4 6 7 8 12 13 14 1
1 9 0 2 4 6 7 10 11 12 13 0
1 9 0 2 4 6 7 10 11 12 14 0
1 9 0 2 4 6 7 10 11 13 14 0
1 9 0 2 4 6 7 10 12 13 14 1
1 9 0 2 4 6 7 11 12 13 14 1
1 9 0 2 4 6 8 10 11 12 13 1.41421
1 9 0 2 4 6 8 10 11 12 14 1.41421
1 9 0 2 4 6 8 10 11 13 14 1.41421
1 9 0 2 4 6 8 10 12 13 14 1.62019
1 9 0 2 4 6 8 11 12 13 14 1.41421
1 9 0 2 4 6 10 11 12 13 14 1.41421
1 9 0 2 4 7 8 10 11 12 13 0
1 9 0 2 4 7 8 10 11 12 14 0
1 9 0 2 4 7 8 10 11 13 14 0
1 9 0 2 4 7 8 10 12 13 14 1.41421
1 9 0 2 4 7 8 11 12 13 14 0
1 9 0 2 4 7 10 11 12 13 14 0
1 9 0 2 4 8 10 11 12 13 14 1.41421
1 9 0 2 5 6 7 8 10 11 12 0
1 9 0 2 5 6 7 8 10 11 13 0
1 9 0 2 5 6 7 8 10 11 14 0
1 9 0 2 5 6 7 8 10 12 13 1
1 9 0 2 5 6 7 8 10 12 14 1
1 9 0 2 5 6 7 8 10 13 14 1
1 9 0 2 5 6 7 8 11 12 13 1.41421
1 9 0 2 5 6 7 8 11 12 14 1
1 9 0 2 5 6 7 8 11 13 14 1
1 9 0 2 5 6 7 8 12 13 14 1
1 9 0 2 5 6 7 10 11 12 13 0
1 9 0 2 5 6 7 10 11 12 14 0
1 9 0 2 5 6 7 10 11 13 14 0
1 9 0 2 5 6 7 10 12 13 14 1
1 9 0 2 5 6 7 11 12 13 14 1.41421
1 9 0 2 5 6 8 10 11 12 13 1
1 9 0 2 5 6 8 10 11 12 14 1
1 9 0 2 5 6 8 10 11 13 14 1
1 9 0 2 5 6 8 10 12 13 14 1.41421
1 9 0 2 5 6 8 11 12 13 14 1
1 9 0 2 5 6 10 11 12 13 14 1
1 9 0 2 5 7 8 10 11 12 13 0
1 9 0 2 5 7 8 10 11 12 14 0
1 9 0 2 5 7 8 10 11 13 14 0
1 9 0 2 5 7 8 10 12 13 14 1.41421
1 9 0 2 5 7 8 11 12 13 14 1
1 9 0 2 5 7 10 11 12 13 14 0
1 9 0 2 5 8 10 11 12 13 14 1
1 9 0 2 6 7 8 10 11 12 13 1
1 9 0 2 6 7 8 10 11 12 14 1
1 9 0 2 6 7 8 10 11 13 14 1
1 9 0 2 6 7 8 10 12 13 14 1
1 9 0 2 6 7 8 11 12 13 14 1.41421
1 9 0 2 6 7 10 11 12 13 14 1
1 9 0 2 6 8 10 11 12 13 14 1.62019
1 9 0 2 7 8 10 11 12 13 14 1
1 9 0 3 4 5 6 7 8 10 11 0
1 9 0 3 4 5 6 7 8 10 12 0
1 9 0 3 4 5 6 7 8 10 13 0
1 9 0 3 4 5 6 7 8 10 14 0
1 9 0 3 4 5 6 7 8 11 12 1
1 9 0 3 4 5 6 7 8 11 13 1
1 9 0 3 4 5 6 7 8 11 14 0
1 9 0 3 4 5 6 7 8 12 13 1
1 9 0 3 4 5 6 7 8 12 14 0
1 9 0 3 4 5 6 7 8 13 14 0
1 9 0 3 4 5 6 7 10 11 12 0
1 9 0 3 4 5 6 7 10 11 13 0
1 9 0 3 4 5 6 7 10 11 14 0
1 9 0 3 4 5 6 7 10 12 13 0
1 9 0 3 4 5 6 7 10 12 14 0
1 9 0 3 4 5 6 7 10 13 14 0
1 9 0 3 4 5 6 7 11 12 13 1.41421
1 9 0 3 4 5 6 7 11 12 14 1
1 9 0 3 4 5 6 7 11 13 14 1
1 9 0 3 4 5 6 7 12 13 14 1
1 9 0 3 4 5 6 8 10 11 12 0
1 9 0 3 4 5 6 8 10 11 13 0
1 9 0 3 4 5 6 8 10 11 14 0
1 9 0 3 4 5 6 8 10 12 13 0
1 9 0 3 4 5 6 8 10 12 14 0
1 9 0 3 4 5 6 8 10 13 14 0
1 9 0 3 4 5 6 8 11 12 13 1
1 9 0 3 4 5 6 8 11 12 14 0
1 9 0 3 4 5 6 8 11 13 14 0
1 9 0 3 4 5 6 8 12 13 14 0
1 9 0 3 4 5 6 10 11 12 13 0
1 9 0 3 4 5 6 10 11 12 14 0
1 9 0 3 4 5 6 10 11 13 14 0
1 9 0 3 4 5 6 10 12 13 14 0
1 9 0 3 4 5 6 11 12 13 14 1
1 9 0 3 4 5 7 8 10 11 12 0
1 9 0 3 4 5 7 8 10 11 13 0
1 9 0 3 4 5 7 8 10 11 14 0
1 9 0 3 4 5 7 8 10 12 13 1
1 9 0 3 4 5 7 8 10 12 14 1
1 9 0 3 4 5 7 8 10 13 14 1
1 9 0 3 4 5 7 8 11 12 13 1
1 9 0 3 4 5 7 8 11 12 14 0
1 9 0 3 4 5 7 8 11 13 14 0
1 9 0 3 4 5 7 8 12 13 14 1
1 9 0 3 4 5 7 10 11 12 13 0
1 9 0 3 4 5 7 10 11 12 14 0
1 9 0 3 4 5 7 10 11 13 14 0
1 9 0 3 4 5 7 10 12 13 14 1
1 9 0 3 4 5 7 11 12 13 14 1
1 9 0 3 4 5 8 10 11 12 13 0
1 9 0 3 4 5 8 10 11 12 14 0
1 9 0 3 4 5 8 10 11 13 14 0
1 9 0 3 4 5 8 10 12 13 14 1
1 9 0 3 4 5 8 11 12 13 14 0
1 9 0 3 4 5 10 11 12 13 14 0
1 9 0 3 4 6 7 8 10 11 12 1
1 9 0 3 4 6 7 8 10 11 13 1
1 9 0 3 4 6 7 8 10 11 14 1
1 9 0 3 4 6 7 8 10 12 13 1
1 9 0 3 4 6 7 8 10 12 14 1
1 9 0 3 4 6 7 8 10 13 14 1
1 9 0 3 4 6 7 8 11 12 13 1
1 9 0 3 4 6 7 8 11 12 14 1
1 9 0 3 4 6 7 8 11 13 14 1
1 9 0 3 4 6 7 8 12 13 14 1
1 9 0 3 4 6 7 10 11 12 13 1
1 9 0 3 4 6 7 10 11 12 14 1
1 9 0 3 4 6 7 10 11 13 14 1
1 9 0 3 4 6 7 10 12 13 14 1
1 9 0 3 4 6 7 11 12 13 14 1
1 9 0 3 4 6 8 10 11 12 13 1.41421
1 9 0 3 4 6 8 10 11 12 14 1.41421
1 9 0 3 4 6 8 10 11 13 14 1.41421
1 9 0 3 4 6 8 10 12 13 14 1.41421
1 9 0 3 4 6 8 11 12 13 14 1.41421
1 9 0 3 4 6 10 11 12 13 14 1.41421
1 9 0 3 4 7 8 10 11 12 13 1
1 9 0 3 4 7 8 10 11 12 14 1
1 9 0 3 4 7 8 10 11 13 14 1
1 9 0 3 4 7 8 10 12 13 14 1
1 9 0 3 4 7 8 11 12 13 14 1
1 9 0 3 4 7 10 11 12 13 14 1
1 9 0 3 4 8 10 11 12 13 14 1.41421
1 9 0 3 5 6 7 8 10 11 12 0
1 9 0 3 5 6 7 8 10 11 13 0
1 9 0 3 5 6 7 8 10 11 14 0
1 9 0 3 5 6 7 8 10 12 13 0
1 9 0 3 5 6 7 8 10 12 14 0
1 9 0 3 5 6 7 8 10 13 14 0
1 9 0 3 5 6 7 8 11 12 13 1.41421
1 9 0 3 5 6 7 8 11 12 14 1
1 9 0 3 5 6 7 8 11 13 14 1
1 9 0 3 5 6 7 8 12 13 14 1
1 9 0 3 5 6 7 10 11 12 13 0
1 9 0 3 5 6 7 10 11 12 14 0
1 9 0 3 5 6 7 10 11 13 14 0
1 9 0 3 5 6 7 10 12 13 14 0
1 9 0 3 5 6 7 11 12 13 14 1.41421
1 9 0 3 5 6 8 10 11 12 13 0
1 9 0 3 5 6 8 10 11 12 14 0
1 9 0 3 5 6 8 10 11 13 14 0
1 9 0 3 5 6 8 10 12 13 14 0
1 9 0 3 5 6 8 11 12 13 14 1
1 9 0 3 5 6 10 11 12 13 14 0
1 9 0 3 5 7 8 10 11 12 13 0
1 9 0 3 5 7 8 10 11 12 14 0
1 9 0 3 5 7 8 10 11 13 14 0
1 9 0 3 5 7 8 10 12 13 14 1
1 9 0 3 5 7 8 11 12 13 14 1
1 9 0 3 5 7 10 11 12 13 14 0
1 9 0 3 5 8 10 11 12 13 14 0
1 9 0 3 6 7 8 10 11 12 13 1.41421
1 9 0 3 6 7 8 10 11 12 14 1.41421
1 9 0 3 6 7 8 10 11 13 14 1.41421
1 9 0 3 6 7 8 10 12 13 14 1.41421
1 9 0 3 6 7 8 11 12 13 14 1.62019
1 9 0 3 6 7 10 11 12 13 14 1.41421
1 9 0 3 6 8 10 11 12 13 14 1.73205
1 9 0 3 7 8 10 11 12 13 14 1.41421
1 9 0 4 5 6 7 8 10 11 12 1
1 9 0 4 5 6 7 8 10 11 13 1
1 9 0 4 5 6 7 8 10 11 14 1
1 9 0 4 5 6 7 8 10 12 13 1.41421
1 9 0 4 5 6 7 8 10 12 14 1.41421
1 9 0 4 5 6 7 8 10 13 14 1.41421
1 9 0 4 5 6 7 8 11 12 13 1
1 9 0 4 5 6 7 8 11 12 14 1
1 9 0 4 5 6 7 8 11 13 14 1
1 9 0 4 5 6 7 8 12 13 14 1.41421
1 9 0 4 5 6 7 10 11 12 13 1
1 9 0 4 5 6 7 10 11 12 14 1
1 9 0 4 5 6 7 10 11 13 14 1
1 9 0 4 5 6 7 10 12 13 14 1.41421
1 9 0 4 5 6 7 11 12 13 14 1
1 9 0 4 5 6 8 10 11 12 13 1.41421
1 9 0 4 5 6 8 10 11 12 14 1.41421
1 9 0 4 5 6 8 10 11 13 14 1.41421
1 9 0 4 5 6 8 10 12 13 14 1.73205
1 9 0 4 5 6 8 11 12 13 14 1.41421
1 9 0 4 5 6 10 11 12 13 14 1.41421
1 9 0 4 5 7 8 10 11 12 13 1
1 9 0 4 5 7 8 10 11 12 14 1
1 9 0 4 5 7 8 10 11 13 14 1
1 9 0 4 5 7 8 10 12 13 14 1.62019
1 9 0 4 5 7 8 11 12 13 14 1
1 9 0 4 5 7 10 11 12 13 14 1
1 9 0 4 5 8 10 11 12 13 14 1.41421
1 9 0 4 6 7 8 10 11 12 13 1.41421
1 9 0 4 6 7 8 10 11 12 14 1.41421
1 9 0 4 6 7 8 10 11 13 14 1.41421
1 9 0 4 6 7 8 10 12 13 14 1.62019
1 9 0 4 6 7 8 11 12 13 14 1.41421
1 9 0 4 6 7 10 11 12 13 14 1.41421
1 9 0 4 6 8 10 11 12 13 14 2
1 9 0 4 7 8 10 11 12 13 14 1.41421
1 9 0 5 6 7 8 10 11 12 13 1
1 9 0 5 6 7 8 10 11 12 14 1
1 9 0 5 6 7 8 10 11 13 14 1
1 9 0 5 6 7 8 10 12 13 14 1.41421
1 9 0 5 6 7 8 11 12 13 14 1
1 9 0 5 6 7 10 11 12 13 14 1
1 9 0 5 6 8 10 11 12 13 14 1.41421
1 9 0 5 7 8 10 11 12 13 14 1
1 9 0 6 7 8 10 11 12 13 14 1.62019
1 9 2 3 4 5 6 7 8 10 11 1
1 9 2 3 4 5 6 7 8 10 12 1
1 9 2 3 4 5 6 7 8 10 13 0
1 9 2 3 4 5 6 7 8 10 14 1
1 9 2 3 4 5 6 7 8 11 12 1
1 9 2 3 4 5 6 7 8 11 13 1
1 9 2 3 4 5 6 7 8 11 14 1
1 9 2 3 4 5 6 7 8 12 13 1
1 9 2 3 4 5 6 7 8 12 14 1
1 9 2 3 4 5 6 7 8 13 14 0
1 9 2 3 4 5 6 7 10 11 12 1
1 9 2 3 4 5 6 7 10 11 13 0
1 9 2 3 4 5 6 7 10 11 14 1
1 9 2 3 4 5 6 7 10 12 13 0
1 9 2 3 4 5 6 7 10 12 14 1
1 9 2 3 4 5 6 7 10 13 14 0
1 9 2 3 4 5 6 7 11 12 13 1.41421
1 9 2 3 4 5 6 7 11 12 14 1
1 9 2 3 4 5 6 7 11 13 14 1
1 9 2 3 4 5 6 7 12 13 14 1
1 9 2 3 4 5 6 8 10 11 12 1
1 9 2 3 4 5 6 8 10 11 13 0
1 9 2 3 4 5 6 8 10 11 14 1
1 9 2 3 4 5 6 8 10 12 13 0
1 9 2 3 4 5 6 8 10 12 14 1
1 9 2 3 4 5 6 8 10 13 14 0
1 9 2 3 4 5 6 8 11 12 13 1
1 9 2 3 4 5 6 8 11 12 14 1
1 9 2 3 4 5 6 8 11 13 14 0
1 9 2 3 4 5 6 8 12 13 14 0
1 9 2 3 4 5 6 10 11 12 13 0
1 9 2 3 4 5 6 10 11 12 14 1
1 9 2 3 4 5 6 10 11 13 14 0
1 9 2 3 4 5 6 10 12 13 14 0
1 9 2 3 4 5 6 11 12 13 14 1
1 9 2 3 4 5 7 8 10 11 12 1
1 9 2 3 4 5 7 8 10 11 13 0
1 9 2 3 4 5 7 8 10 11 14 1
1 9 2 3 4 5 7 8 10 12 13 1
1 9 2 3 4 5 7 8 10 12 14 1
1 9 2 3 4 5 7 8 10 13 14 1
1 9 2 3 4 5 7 8 11 12 13 1
1 9 2 3 4 5 7 8 11 12 14 1
1 9 2 3 4 5 7 8 11 13 14 0
1 9 2 3 4 5 7 8 12 13 14 1
1 9 2 3 4 5 7 10 11 12 13 0
1 9 2 3 4 5 7 10 11 12 14 1
1 9 2 3 4 5 7 10 11 13 14 0
1 9 2 3 4 5 7 10 12 13 14 1
1 9 2 3 4 5 7 11 12 13 14 1
1 9 2 3 4 5 8 10 11 12 13 0
1 9 2 3 4 5 8 10 11 12 14 1
1 9 2 3 4 5 8 10 11 13 14 0
1 9 2 3 4 5 8 10 12 13 14 1
1 9 2 3 4 5 8 11 12 13 14 0
1 9 2 3 4 5 10 11 12 13 14 0
1 9 2 3 4 6 7 8 10 11 12 1
1 9 2 3 4 6 7 8 10 11 13 0
1 9 2 3 4 6 7 8 10 11 14 1
1 9 2 3 4 6 7 8 10 12 13 0
1 9 2 3 4 6 7 8 10 12 14 1
1 9 2 3 4 6 7 8 10 13 14 0
1 9 2 3 4 6 7 8 11 12 13 1
1 9 2 3 4 6 7 8 11 12 14 1
1 9 2 3 4 6 7 8 11 13 14 0
1 9 2 3 4 6 7 8 12 13 14 0
1 9 2 3 4 6 7 10 11 12 13 0
1 9 2 3 4 6 7 10 11 12 14 1
1 9 2 3 4 6 7 10 11 13 14 0
1 9 2 3 4 6 7 10 12 13 14 0
1 9 2 3 4 6 7 11 12 13 14 1
1 9 2 3 4 6 8 10 11 12 13 1
1 9 2 3 4 6 8 10 11 12 14 1
1 9 2 3 4 6 8 10 11 13 14 1
1 9 2 3 4 6 8 10 12 13 14 1
1 9 2 3 4 6 8 11 12 13 14 1
1 9 2 3 4 6 10 11 12 13 14 1
1 9 2 3 4 7 8 10 11 12 13 0
1 9 2 3 4 7 8 10 11 12 14 1
1 9 2 3 4 7 8 10 11 13 14 0
1 9 2 3 4 7 8 10 12 13 14 1
1 9 2 3 4 7 8 11 12 13 14 0
1 9 2 3 4 7 10 11 12 13 14 0
1 9 2 3 4 8 10 11 12 13 14 1
1 9 2 3 5 6 7 8 10 11 12 1
1 9 2 3 5 6 7 8 10 11 13 0
1 9 2 3 5 6 7 8 10 11 14 1
1 9 2 3 5 6 7 8 10 12 13 0
1 9 2 3 5 6 7 8 10 12 14 1
1 9 2 3 5 6 7 8 10 13 14 0
1 9 2 3 5 6 7 8 11 12 13 1.41421
1 9 2 3 5 6 7 8 11 12 14 1
1 9 2 3 5 6 7 8 11 13 14 1
1 9 2 3 5 6 7 8 12 13 14 1
1 9 2 3 5 6 7 10 11 12 13 0
1 9 2 3 5 6 7 10 11 12 14 1
1 9 2 3 5 6 7 10 11 13 14 0
1 9 2 3 5 6 7 10 12 13 14 0
1 9 2 3 5 6 7 11 12 13 14 1.41421
1 9 2 3 5 6 8 10 11 12 13 0
1 9 2 3 5 6 8 10 11 12 14 1
1 9 2 3 5 6 8 10 11 13 14 0
1 9 2 3 5 6 8 10 12 13 14 0
1 9 2 3 5 6 8 11 12 13 14 1
1 9 2 3 5 6 10 11 12 13 14 0
1 9 2 3 5 7 8 10 11 12 13 0
1 9 2 3 5 7 8 10 11 12 14 1
1 9 2 3 5 7 8 10 11 13 14 0
1 9 2 3 5 7 8 10 12 13 14 1
1 9 2 3 5 7 8 11 12 13 14 1
1 9 2 3 5 7 10 11 12 13 14 0
1 9 2 3 5 8 10 11 12 13 14 0
1 9 2 3 6 7 8 10 11 12 13 1
1 9 2 3 6 7 8 10 11 12 14 1
1 9 2 3 6 7 8 10 11 13 14 1
1 9 2 3 6 7 8 10 12 13 14 1
1 9 2 3 6 7 8 11 12 13 14 1.41421
1 9 2 3 6 7 10 11 12 13 14 1
1 9 2 3 6 8 10 11 12 13 14 1.41421
1 9 2 3 7 8 10 11 12 13 14 1
1 9 2 4 5 6 7 8 10 11 12 1
1 9 2 4 5 6 7 8 10 11 13 0
1 9 2 4 5 6 7 8 10 11 14 1
1 9 2 4 5 6 7 8 10 12 13 1
1 9 2 4 5 6 7 8 10 12 14 1
1 9 2 4 5 6 7 8 10 13 14 1
1 9 2 4 5 6 7 8 11 12 13 1
1 9 2 4 5 6 7 8 11 12 14 1
1 9 2 4 5 6 7 8 11 13 14 0
1 9 2 4 5 6 7 8 12 13 14 1
1 9 2 4 5 6 7 10 11 12 13 0
1 9 2 4 5 6 7 10 11 12 14 1
1 9 2 4 5 6 7 10 11 13 14 0
1 9 2 4 5 6 7 10 12 13 14 1
1 9 2 4 5 6 7 11 12 13 14 1
1 9 2 4 5 6 8 10 11 12 13 1
1 9 2 4 5 6 8 10 11 12 14 1
1 9 2 4 5 6 8 10 11 13 14 1
1 9 2 4 5 6 8 10 12 13 14 1.41421
1 9 2 4 5 6 8 11 12 13 14 1
1 9 2 4 5 6 10 11 12 13 14 1
1 9 2 4 5 7 8 10 11 12 13 0
1 9 2 4 5 7 8 10 11 12 14 1
1 9 2 4 5 7 8 10 11 13 14 0
1 9 2 4 5 7 8 10 12 13 14 1.41421
1 9 2 4 5 7 8 11 12 13 14 0
1 9 2 4 5 7 10 11 12 13 14 0
1 9 2 4 5 8 10 11 12 13 14 1
1 9 2 4 6 7 8 10 11 12 13 0
1 9 2 4 6 7 8 10 11 12 14 1
1 9 2 4 6 7 8 10 11 13 14 0
1 9 2 4 6 7 8 10 12 13 14 1
1 9 2 4 6 7 8 11 12 13 14 0
1 9 2 4 6 7 10 11 12 13 14 0
1 9 2 4 6 8 10 11 12 13 14 1.41421
1 9 2 4 7 8 10 11 12 13 14 0
1 9 2 5 6 7 8 10 11 12 13 0
1 9 2 5 6 7 8 10 11 12 14 1
1 9 2 5 6 7 8 10 11 13 14 0
1 9 2 5 6 7 8 10 12 13 14 1
1 9 2 5 6 7 8 11 12 13 14 1
1 9 2 5 6 7 10 11 12 13 14 0
1 9 2 5 6 8 10 11 12 13 14 1
1 9 2 5 7 8 10 11 12 13 14 0
1 9 2 6 7 8 10 11 12 13 14 1
1 9 3 4 5 6 7 8 10 11 12 1
1 9 3 4 5 6 7 8 10 11 13 0
1 9 3 4 5 6 7 8 10 11 14 1
1 9 3 4 5 6 7 8 10 12 13 0
1 9 3 4 5 6 7 8 10 12 14 1
1 9 3 4 5 6 7 8 10 13 14 0
1 9 3 4 5 6 7 8 11 12 13 1
1 9 3 4 5 6 7 8 11 12 14 1
1 9 3 4 5 6 7 8 11 13 14 0
1 9 3 4 5 6 7 8 12 13 14 0
1 9 3 4 5 6 7 10 11 12 13 0
1 9 3 4 5 6 7 10 11 12 14 1
1 9 3 4 5 6 7 10 11 13 14 0
1 9 3 4 5 6 7 10 12 13 14 0
1 9 3 4 5 6 7 11 12 13 14 1
1 9 3 4 5 6 8 10 11 12 13 0
1 9 3 4 5 6 8 10 11 12 14 1
1 9 3 4 5 6 8 10 11 13 14 0
1 9 3 4 5 6 8 10 12 13 14 0
1 9 3 4 5 6 8 11 12 13 14 0
1 9 3 4 5 6 10 11 12 13 14 0
1 9 3 4 5 7 8 10 11 12 13 0
1 9 3 4 5 7 8 10 11 12 14 1
1 9 3 4 5 7 8 10 11 13 14 0
1 9 3 4 5 7 8 10 12 13 14 1
1 9 3 4 5 7 8 11 12 13 14 0
1 9 3 4 5 7 10 11 12 13 14 0
1 9 3 4 5 8 10 11 12 13 14 0
1 9 3 4 6 7 8 10 11 12 13 1
1 9 3 4 6 7 8 10 11 12 14 1
1 9 3 4 6 7 8 10 11 13 14 1
1 9 3 4 6 7 8 10 12 13 14 1
1 9 3 4 6 7 8 11 12 13 14 1
1 9 3 4 6 7 10 11 12 13 14 1
1 9 3 4 6 8 10 11 12 13 14 1.41421
1 9 3 4 7 8 10 11 12 13 14 1
1 9 3 5 6 7 8 10 11 12 13 0
1 9 3 5 6 7 8 10 11 12 14 1
1 9 3 5 6 7 8 10 11 13 14 0
1 9 3 5 6 7 8 10 12 13 14 0
1 9 3 5 6 7 8 11 12 13 14 1
1 9 3 5 6 7 10 11 12 13 14 0
1 9 3 5 6 8 10 11 12 13 14 0
1 9 3 5 7 8 10 11 12 13 14 0
1 9 3 6 7 8 10 11 12 13 14 1.41421
1 9 4 5 6 7 8 10 11 12 13 1
1 9 4 5 6 7 8 10 11 12 14 1
1 9 4 5 6 7 8 10 11 13 14 1
1 9 4 5 6 7 8 10 12 13 14 1.41421
1 9 4 5 6 7 8 11 12 13 14 1
1 9 4 5 6 7 10 11 12 13 14 1
1 9 4 5 6 8 10 11 12 13 14 1.41421
1 9 4 5 7 8 10 11 12 13 14 1
1 9 4 6 7 8 10 11 12 13 14 1.41421
1 9 5 6 7 8 10 11 12 13 14 1
