7 12 0 1 1.97531
7 12 0 2 2
7 12 0 3 2.16025
7 12 0 4 2.14542
7 12 0 5 2.08484
7 12 0 6 2.27798
7 12 0 8 2.16025
7 12 0 9 2.28841
7 12 0 10 2.1391
7 12 0 11 2.2563
7 12 0 13 2.20678
7 12 0 14 2.24812
7 12 1 2 1.85164
7 12 1 3 1.90693
7 12 1 4 1.81265
7 12 1 5 1.73205
7 12 1 6 1.96214
7 12 1 8 2
7 12 1 9 1.96769
7 12 1 10 2
7 12 1 11 1.93309
7 12 1 13 1.97531
7 12 1 14 2
7 12 2 3 2
7 12 2 4 1.81265
7 12 2 5 1.93309
7 12 2 6 2
7 12 2 8 1.62019
7 12 2 9 2
7 12 2 10 1.62019
7 12 2 11 2
7 12 2 13 1.93309
7 12 2 14 2
7 12 3 4 2.0381
7 12 3 5 2.04939
7 12 3 6 2.20605
7 12 3 8 2
7 12 3 9 2.20605
7 12 3 10 2
7 12 3 11 2.20605
7 12 3 13 2.10639
7 12 3 14 2.16025
7 12 4 5 2.08683
7 12 4 6 2.15322
7 12 4 8 2.04495
7 12 4 9 2.17607
7 12 4 10 2.14154
7 12 4 11 2.12132
7 12 4 13 2.04742
7 12 4 14 2.17562
7 12 5 6 2.12916
7 12 5 8 2
7 12 5 9 2.12303
7 12 5 10 2.02367
7 12 5 11 2.081
7 12 5 13 1.97531
7 12 5 14 2.08683
7 12 6 8 2.08167
7 12 6 9 2.29989
7 12 6 10 2.13809
7 12 6 11 2.27761
7 12 6 13 2.19644
7 12 6 14 2.24846
7 12 8 9 2.10442
7 12 8 10 2.08167
7 12 8 11 2.04495
7 12 8 13 2.04742
7 12 8 14 2.10442
7 12 9 10 2.15322
7 12 9 11 2.27761
7 12 9 13 2.1965
7 12 9 14 2.26608
7 12 10 11 2.09938
7 12 10 13 2.08167
7 12 10 14 2.1693
7 12 11 13 2.173
7 12 11 14 2.23607
7 12 13 14 2.23607
