0 5 1 2 1.73205
0 5 1 3 1.73205
0 5 1 4 1.90693
0 5 1 6 1.73205
0 5 1 7 1.73205
0 5 1 8 1.90693
0 5 1 9 1.85164
0 5 1 10 1.90693
0 5 1 11 1.73205
0 5 1 12 1.90693
0 5 1 13 1.90693
0 5 1 14 1.90693
0 5 2 3 2.15297
0 5 2 4 2.22159
0 5 2 6 2.21303
0 5 2 7 2
0 5 2 8 1.96214
0 5 2 9 2.21986
0 5 2 10 2.12993
0 5 2 11 2.19034
0 5 2 12 2.08484
0 5 2 13 2.08484
0 5 2 14 2.22159
0 5 3 4 2.29907
0 5 3 6 2.32279
0 5 3 7 2.15297
0 5 3 8 2
0 5 3 9 2.32279
0 5 3 10 2.23607
0 5 3 11 2.32279
0 5 3 12 2.15297
0 5 3 13 2.15297
0 5 3 14 2.29907
0 5 4 6 2.57391
0 5 4 7 2.22159
0 5 4 8 2.389
0 5 4 9 2.54598
0 5 4 10 2.51534
0 5 4 11 2.49313
0 5 4 12 2.43521
0 5 4 13 2.43521
0 5 4 14 2.54674
0 5 6 7 2.21303
0 5 6 8 2.35488
0 5 6 9 2.59808
0 5 6 10 2.49516
0 5 6 11 2.51151
0 5 6 12 2.42997
0 5 6 13 2.42997
0 5 6 14 2.57391
0 5 7 8 1.96214
0 5 7 9 2.21986
0 5 7 10 2.12993
0 5 7 11 2.19034
0 5 7 12 2.08484
0 5 7 13 2.08484
0 5 7 14 2.22159
0 5 8 9 2.37697
0 5 8 10 2.389
0 5 8 11 2.28709
0 5 8 12 2.28446
0 5 8 13 2.28446
0 5 8 14 2.389
0 5 9 10 2.50881
0 5 9 11 2.51151
0 5 9 12 2.50713
0 5 9 13 2.50713
0 5 9 14 2.54598
0 5 10 11 2.44831
0 5 10 12 2.389
0 5 10 13 2.389
0 5 10 14 2.51534
0 5 11 12 2.39046
0 5 11 13 2.39046
0 5 11 14 2.49313
0 5 12 13 2.44949
0 5 12 14 2.43521
0 5 13 14 2.43521
