3 6 0 1 2 1.90693
3 6 0 1 4 1.41421
3 6 0 1 5 1.73205
3 6 0 1 7 1.90693
3 6 0 1 8 1.90693
3 6 0 1 9 2
3 6 0 1 10 1.73205
3 6 0 1 11 2
3 6 0 1 12 2
3 6 0 1 13 2
3 6 0 1 14 1.90693
3 6 0 2 4 2.16556
3 6 0 2 5 2.15297
3 6 0 2 7 2.04939
3 6 0 2 8 1.96214
3 6 0 2 9 2.27913
3 6 0 2 10 2.10357
3 6 0 2 11 2.27913
3 6 0 2 12 2.16025
3 6 0 2 13 2.16025
3 6 0 2 14 2.24038
3 6 0 4 5 2.29907
3 6 0 4 7 2.16556
3 6 0 4 8 2.28709
3 6 0 4 9 2.49313
3 6 0 4 10 2.44831
3 6 0 4 11 2.49313
3 6 0 4 12 2.33699
3 6 0 4 13 2.33699
3 6 0 4 14 2.48193
3 6 0 5 7 2.15297
3 6 0 5 8 2
3 6 0 5 9 2.32279
3 6 0 5 10 2.23607
3 6 0 5 11 2.32279
3 6 0 5 12 2.15297
3 6 0 5 13 2.15297
3 6 0 5 14 2.29907
3 6 0 7 8 1.96214
3 6 0 7 9 2.27913
3 6 0 7 10 2.10357
3 6 0 7 11 2.27913
3 6 0 7 12 2.16025
3 6 0 7 13 2.16025
3 6 0 7 14 2.24038
3 6 0 8 9 2.389
3 6 0 8 10 2.35488
3 6 0 8 11 2.389
3 6 0 8 12 2.28446
3 6 0 8 13 2.28446
3 6 0 8 14 2.37697
3 6 0 9 10 2.49516
3 6 0 9 11 2.60641
3 6 0 9 12 2.50333
3 6 0 9 13 2.50333
3 6 0 9 14 2.58404
3 6 0 10 11 2.49516
3 6 0 10 12 2.35488
3 6 0 10 13 2.35488
3 6 0 10 14 2.49516
3 6 0 11 12 2.50333
3 6 0 11 13 2.50333
3 6 0 11 14 2.58404
3 6 0 12 13 2.44949
3 6 0 12 14 2.46311
3 6 0 13 14 2.46311
3 6 1 2 4 1.41421
3 6 1 2 5 1.73205
3 6 1 2 7 1.85164
3 6 1 2 8 1.73205
3 6 1 2 9 1.90693
3 6 1 2 10 1.41421
3 6 1 2 11 1.90693
3 6 1 2 12 1.90693
3 6 1 2 13 1.90693
3 6 1 2 14 1.73205
3 6 1 4 5 1.41421
3 6 1 4 7 1.41421
3 6 1 4 8 1.41421
3 6 1 4 9 1.41421
3 6 1 4 10 1.41421
3 6 1 4 11 1.41421
3 6 1 4 12 1.41421
3 6 1 4 13 1.41421
3 6 1 4 14 1.41421
3 6 1 5 7 1.73205
3 6 1 5 8 1.41421
3 6 1 5 9 1.73205
3 6 1 5 10 1
3 6 1 5 11 1.73205
3 6 1 5 12 1.73205
3 6 1 5 13 1.73205
3 6 1 5 14 1.41421
3 6 1 7 8 1.73205
3 6 1 7 9 1.90693
3 6 1 7 10 1.41421
3 6 1 7 11 1.90693
3 6 1 7 12 1.90693
3 6 1 7 13 1.90693
3 6 1 7 14 1.73205
3 6 1 8 9 1.90693
3 6 1 8 10 1.73205
3 6 1 8 11 1.90693
3 6 1 8 12 1.90693
3 6 1 8 13 1.90693
3 6 1 8 14 1.85164
3 6 1 9 10 1.73205
3 6 1 9 11 2
3 6 1 9 12 2
3 6 1 9 13 2
3 6 1 9 14 1.90693
3 6 1 10 11 1.73205
3 6 1 10 12 1.73205
3 6 1 10 13 1.73205
3 6 1 10 14 1.73205
3 6 1 11 12 2
3 6 1 11 13 2
3 6 1 11 14 1.90693
3 6 1 12 13 2
3 6 1 12 14 1.90693
3 6 1 13 14 1.90693
3 6 2 4 5 2.16556
3 6 2 4 7 2
3 6 2 4 8 1.93309
3 6 2 4 9 2.23607
3 6 2 4 10 2.13809
3 6 2 4 11 2.23607
3 6 2 4 12 2.0381
3 6 2 4 13 2
3 6 2 4 14 2.18955
3 6 2 5 7 2.04939
3 6 2 5 8 1.85164
3 6 2 5 9 2.19034
3 6 2 5 10 2.07802
3 6 2 5 11 2.19034
3 6 2 5 12 2.04939
3 6 2 5 13 2
3 6 2 5 14 2.16556
3 6 2 7 8 1.62019
3 6 2 7 9 2.08167
3 6 2 7 10 1.85164
3 6 2 7 11 2.08167
3 6 2 7 12 2
3 6 2 7 13 2
3 6 2 7 14 2
3 6 2 8 9 2.02367
3 6 2 8 10 2
3 6 2 8 11 2.02367
3 6 2 8 12 2
3 6 2 8 13 2
3 6 2 8 14 2
3 6 2 9 10 2.16556
3 6 2 9 11 2.326
3 6 2 9 12 2.20605
3 6 2 9 13 2.16025
3 6 2 9 14 2.27837
3 6 2 10 11 2.16556
3 6 2 10 12 2
3 6 2 10 13 1.90693
3 6 2 10 14 2.16556
3 6 2 11 12 2.20605
3 6 2 11 13 2.16025
3 6 2 11 14 2.27837
3 6 2 12 13 2.10639
3 6 2 12 14 2.16025
3 6 2 13 14 2.10639
3 6 4 5 7 2.16556
3 6 4 5 8 2.07802
3 6 4 5 9 2.35584
3 6 4 5 10 2.29129
3 6 4 5 11 2.35584
3 6 4 5 12 2.16556
3 6 4 5 13 2.10357
3 6 4 5 14 2.33699
3 6 4 7 8 1.93309
3 6 4 7 9 2.23607
3 6 4 7 10 2.13809
3 6 4 7 11 2.23607
3 6 4 7 12 2.0381
3 6 4 7 13 2
3 6 4 7 14 2.18955
3 6 4 8 9 2.32266
3 6 4 8 10 2.32266
3 6 4 8 11 2.32266
3 6 4 8 12 2.16025
3 6 4 8 13 2.13664
3 6 4 8 14 2.32266
3 6 4 9 10 2.48193
3 6 4 9 11 2.53859
3 6 4 9 12 2.36827
3 6 4 9 13 2.33699
3 6 4 9 14 2.50805
3 6 4 10 11 2.48193
3 6 4 10 12 2.32266
3 6 4 10 13 2.28709
3 6 4 10 14 2.48193
3 6 4 11 12 2.36827
3 6 4 11 13 2.33699
3 6 4 11 14 2.50805
3 6 4 12 13 2.19089
3 6 4 12 14 2.34521
3 6 4 13 14 2.32266
3 6 5 7 8 1.85164
3 6 5 7 9 2.19034
3 6 5 7 10 2.07802
3 6 5 7 11 2.19034
3 6 5 7 12 2.04939
3 6 5 7 13 2
3 6 5 7 14 2.16556
3 6 5 8 9 2.07802
3 6 5 8 10 2.07802
3 6 5 8 11 2.07802
3 6 5 8 12 1.85164
3 6 5 8 13 1.73205
3 6 5 8 14 2.07802
3 6 5 9 10 2.29129
3 6 5 9 11 2.37
3 6 5 9 12 2.19034
3 6 5 9 13 2.15297
3 6 5 9 14 2.35584
3 6 5 10 11 2.29129
3 6 5 10 12 2.07802
3 6 5 10 13 2
3 6 5 10 14 2.29129
3 6 5 11 12 2.19034
3 6 5 11 13 2.15297
3 6 5 11 14 2.35584
3 6 5 12 13 2
3 6 5 12 14 2.16556
3 6 5 13 14 2.10357
3 6 7 8 9 2.02367
3 6 7 8 10 2
3 6 7 8 11 2.02367
3 6 7 8 12 2
3 6 7 8 13 2
3 6 7 8 14 2
3 6 7 9 10 2.16556
3 6 7 9 11 2.326
3 6 7 9 12 2.20605
3 6 7 9 13 2.16025
3 6 7 9 14 2.27837
3 6 7 10 11 2.16556
3 6 7 10 12 2
3 6 7 10 13 1.90693
3 6 7 10 14 2.16556
3 6 7 11 12 2.20605
3 6 7 11 13 2.16025
3 6 7 11 14 2.27837
3 6 7 12 13 2.10639
3 6 7 12 14 2.16025
3 6 7 13 14 2.10639
3 6 8 9 10 2.39046
3 6 8 9 11 2.42507
3 6 8 9 12 2.3094
3 6 8 9 13 2.28446
3 6 8 9 14 2.40662
3 6 8 10 11 2.39046
3 6 8 10 12 2.26385
3 6 8 10 13 2.23607
3 6 8 10 14 2.39046
3 6 8 11 12 2.3094
3 6 8 11 13 2.28446
3 6 8 11 14 2.40662
3 6 8 12 13 2.19089
3 6 8 12 14 2.3094
3 6 8 13 14 2.26385
3 6 9 10 11 2.52678
3 6 9 10 12 2.39046
3 6 9 10 13 2.35488
3 6 9 10 14 2.52678
3 6 9 11 12 2.51916
3 6 9 11 13 2.50333
3 6 9 11 14 2.60951
3 6 9 12 13 2.44949
3 6 9 12 14 2.5
3 6 9 13 14 2.46311
3 6 10 11 12 2.39046
3 6 10 11 13 2.35488
3 6 10 11 14 2.52678
3 6 10 12 13 2.23607
3 6 10 12 14 2.39046
3 6 10 13 14 2.35488
3 6 11 12 13 2.44949
3 6 11 12 14 2.5
3 6 11 13 14 2.46311
3 6 12 13 14 2.38048
