9 11 0 1 2.23607
9 11 0 2 2.35855
9 11 0 3 2.60641
9 11 0 4 2.73434
9 11 0 5 2.51151
9 11 0 6 2.82373
9 11 0 7 2.35855
9 11 0 8 2.68408
9 11 0 10 2.75936
9 11 0 12 2.74064
9 11 0 13 2.74064
9 11 0 14 2.80938
9 11 1 2 1.93309
9 11 1 3 2
9 11 1 4 2
9 11 1 5 1.73205
9 11 1 6 2.23607
9 11 1 7 1.93309
9 11 1 8 2.19089
9 11 1 10 2.13664
9 11 1 12 2.23607
9 11 1 13 2.23607
9 11 1 14 2.19089
9 11 2 3 2.326
9 11 2 4 2.28239
9 11 2 5 2.24649
9 11 2 6 2.38791
9 11 2 7 2.08167
9 11 2 8 2.14154
9 11 2 10 2.2514
9 11 2 12 2.27761
9 11 2 13 2.2563
9 11 2 14 2.34937
9 11 3 4 2.53859
9 11 3 5 2.37
9 11 3 6 2.63095
9 11 3 7 2.326
9 11 3 8 2.42507
9 11 3 10 2.52678
9 11 3 12 2.51916
9 11 3 13 2.50333
9 11 3 14 2.60951
9 11 4 5 2.53859
9 11 4 6 2.74169
9 11 4 7 2.28239
9 11 4 8 2.62216
9 11 4 10 2.72385
9 11 4 12 2.6176
9 11 4 13 2.62202
9 11 4 14 2.74037
9 11 5 6 2.56038
9 11 5 7 2.24649
9 11 5 8 2.32266
9 11 5 10 2.48193
9 11 5 12 2.39792
9 11 5 13 2.39046
9 11 5 14 2.53859
9 11 6 7 2.38791
9 11 6 8 2.69472
9 11 6 10 2.77498
9 11 6 12 2.73861
9 11 6 13 2.74064
9 11 6 14 2.81356
9 11 7 8 2.14154
9 11 7 10 2.2514
9 11 7 12 2.27761
9 11 7 13 2.2563
9 11 7 14 2.34937
9 11 8 10 2.68164
9 11 8 12 2.62912
9 11 8 13 2.64575
9 11 8 14 2.69077
9 11 10 12 2.68164
9 11 10 13 2.66231
9 11 10 14 2.77498
9 11 12 13 2.68949
9 11 12 14 2.71649
9 11 13 14 2.72279
