9 11 0 1 2 3 4 1.41421
9 11 0 1 2 3 5 1.73205
9 11 0 1 2 3 6 1.90693
9 11 0 1 2 3 7 1.85164
9 11 0 1 2 3 8 1.73205
9 11 0 1 2 3 10 1.41421
9 11 0 1 2 3 12 1.90693
9 11 0 1 2 3 13 1.90693
9 11 0 1 2 3 14 1.73205
9 11 0 1 2 4 5 1.41421
9 11 0 1 2 4 6 1.41421
9 11 0 1 2 4 7 1.41421
9 11 0 1 2 4 8 1.41421
9 11 0 1 2 4 10 1.41421
9 11 0 1 2 4 12 1.41421
9 11 0 1 2 4 13 1.41421
9 11 0 1 2 4 14 1.41421
9 11 0 1 2 5 6 1.73205
9 11 0 1 2 5 7 1.73205
9 11 0 1 2 5 8 1.41421
9 11 0 1 2 5 10 1
9 11 0 1 2 5 12 1.73205
9 11 0 1 2 5 13 1.73205
9 11 0 1 2 5 14 1.41421
9 11 0 1 2 6 7 1.85164
9 11 0 1 2 6 8 1.81265
9 11 0 1 2 6 10 1.62019
9 11 0 1 2 6 12 1.93309
9 11 0 1 2 6 13 1.93309
9 11 0 1 2 6 14 1.81265
9 11 0 1 2 7 8 1.62019
9 11 0 1 2 7 10 1
9 11 0 1 2 7 12 1.85164
9 11 0 1 2 7 13 1.85164
9 11 0 1 2 7 14 1.62019
9 11 0 1 2 8 10 1.62019
9 11 0 1 2 8 12 1.81265
9 11 0 1 2 8 13 1.81265
9 11 0 1 2 8 14 1.73205
9 11 0 1 2 10 12 1.62019
9 11 0 1 2 10 13 1.62019
9 11 0 1 2 10 14 1.62019
9 11 0 1 2 12 13 1.93309
9 11 0 1 2 12 14 1.81265
9 11 0 1 2 13 14 1.81265
9 11 0 1 3 4 5 1.41421
9 11 0 1 3 4 6 1.41421
9 11 0 1 3 4 7 1.41421
9 11 0 1 3 4 8 1.41421
9 11 0 1 3 4 10 1.41421
9 11 0 1 3 4 12 1.41421
9 11 0 1 3 4 13 1.41421
9 11 0 1 3 4 14 1.41421
9 11 0 1 3 5 6 1.73205
9 11 0 1 3 5 7 1.73205
9 11 0 1 3 5 8 1.41421
9 11 0 1 3 5 10 0
9 11 0 1 3 5 12 1.73205
9 11 0 1 3 5 13 1.73205
9 11 0 1 3 5 14 1.41421
9 11 0 1 3 6 7 1.90693
9 11 0 1 3 6 8 1.90693
9 11 0 1 3 6 10 1.73205
9 11 0 1 3 6 12 2
9 11 0 1 3 6 13 2
9 11 0 1 3 6 14 1.90693
9 11 0 1 3 7 8 1.73205
9 11 0 1 3 7 10 1.41421
9 11 0 1 3 7 12 1.90693
9 11 0 1 3 7 13 1.90693
9 11 0 1 3 7 14 1.73205
9 11 0 1 3 8 10 1.73205
9 11 0 1 3 8 12 1.90693
9 11 0 1 3 8 13 1.90693
9 11 0 1 3 8 14 1.85164
9 11 0 1 3 10 12 1.73205
9 11 0 1 3 10 13 1.73205
9 11 0 1 3 10 14 1.73205
9 11 0 1 3 12 13 2
9 11 0 1 3 12 14 1.90693
9 11 0 1 3 13 14 1.90693
9 11 0 1 4 5 6 1.41421
9 11 0 1 4 5 7 1.41421
9 11 0 1 4 5 8 1.41421
9 11 0 1 4 5 10 1.41421
9 11 0 1 4 5 12 1.41421
9 11 0 1 4 5 13 1.41421
9 11 0 1 4 5 14 1.41421
9 11 0 1 4 6 7 1.41421
9 11 0 1 4 6 8 2
9 11 0 1 4 6 10 2
9 11 0 1 4 6 12 2
9 11 0 1 4 6 13 2
9 11 0 1 4 6 14 2
9 11 0 1 4 7 8 1.41421
9 11 0 1 4 7 10 1.41421
9 11 0 1 4 7 12 1.41421
9 11 0 1 4 7 13 1.41421
9 11 0 1 4 7 14 1.41421
9 11 0 1 4 8 10 2
9 11 0 1 4 8 12 2
9 11 0 1 4 8 13 2
9 11 0 1 4 8 14 2
9 11 0 1 4 10 12 2
9 11 0 1 4 10 13 2
9 11 0 1 4 10 14 2
9 11 0 1 4 12 13 2
9 11 0 1 4 12 14 2
9 11 0 1 4 13 14 2
9 11 0 1 5 6 7 1.73205
9 11 0 1 5 6 8 1.41421
9 11 0 1 5 6 10 1.41421
9 11 0 1 5 6 12 1.73205
9 11 0 1 5 6 13 1.73205
9 11 0 1 5 6 14 1.41421
9 11 0 1 5 7 8 1.41421
9 11 0 1 5 7 10 1
9 11 0 1 5 7 12 1.73205
9 11 0 1 5 7 13 1.73205
9 11 0 1 5 7 14 1.41421
9 11 0 1 5 8 10 1.41421
9 11 0 1 5 8 12 1.41421
9 11 0 1 5 8 13 1.41421
9 11 0 1 5 8 14 1.41421
9 11 0 1 5 10 12 1.41421
9 11 0 1 5 10 13 1.41421
9 11 0 1 5 10 14 1.41421
9 11 0 1 5 12 13 1.73205
9 11 0 1 5 12 14 1.41421
9 11 0 1 5 13 14 1.41421
9 11 0 1 6 7 8 1.81265
9 11 0 1 6 7 10 1.62019
9 11 0 1 6 7 12 1.93309
9 11 0 1 6 7 13 1.93309
9 11 0 1 6 7 14 1.81265
9 11 0 1 6 8 10 2.13664
9 11 0 1 6 8 12 2.19089
9 11 0 1 6 8 13 2.19089
9 11 0 1 6 8 14 2.16025
9 11 0 1 6 10 12 2.13664
9 11 0 1 6 10 13 2.13664
9 11 0 1 6 10 14 2.13664
9 11 0 1 6 12 13 2.23607
9 11 0 1 6 12 14 2.19089
9 11 0 1 6 13 14 2.19089
9 11 0 1 7 8 10 1.62019
9 11 0 1 7 8 12 1.81265
9 11 0 1 7 8 13 1.81265
9 11 0 1 7 8 14 1.73205
9 11 0 1 7 10 12 1.62019
9 11 0 1 7 10 13 1.62019
9 11 0 1 7 10 14 1.62019
9 11 0 1 7 12 13 1.93309
9 11 0 1 7 12 14 1.81265
9 11 0 1 7 13 14 1.81265
9 11 0 1 8 10 12 2.13664
9 11 0 1 8 10 13 2.13664
9 11 0 1 8 10 14 2.13664
9 11 0 1 8 12 13 2.19089
9 11 0 1 8 12 14 2.16025
9 11 0 1 8 13 14 2.16025
9 11 0 1 10 12 13 2.13664
9 11 0 1 10 12 14 2.13664
9 11 0 1 10 13 14 2.13664
9 11 0 1 12 13 14 2.19089
9 11 0 2 3 4 5 2.10357
9 11 0 2 3 4 6 2.16556
9 11 0 2 3 4 7 1.90693
9 11 0 2 3 4 8 1.85164
9 11 0 2 3 4 10 2.07802
9 11 0 2 3 4 12 2
9 11 0 2 3 4 13 2
9 11 0 2 3 4 14 2.13809
9 11 0 2 3 5 6 2.15297
9 11 0 2 3 5 7 2
9 11 0 2 3 5 8 1.73205
9 11 0 2 3 5 10 2
9 11 0 2 3 5 12 2
9 11 0 2 3 5 13 2
9 11 0 2 3 5 14 2.10357
9 11 0 2 3 6 7 2.04939
9 11 0 2 3 6 8 1.96214
9 11 0 2 3 6 10 2.10357
9 11 0 2 3 6 12 2.16025
9 11 0 2 3 6 13 2.16025
9 11 0 2 3 6 14 2.24038
9 11 0 2 3 7 8 1.62019
9 11 0 2 3 7 10 1.73205
9 11 0 2 3 7 12 2
9 11 0 2 3 7 13 2
9 11 0 2 3 7 14 1.93309
9 11 0 2 3 8 10 1.90693
9 11 0 2 3 8 12 2
9 11 0 2 3 8 13 2
9 11 0 2 3 8 14 1.93309
9 11 0 2 3 10 12 1.90693
9 11 0 2 3 10 13 1.90693
9 11 0 2 3 10 14 2.10357
9 11 0 2 3 12 13 2.10639
9 11 0 2 3 12 14 2.10639
9 11 0 2 3 13 14 2.10639
9 11 0 2 4 5 6 2.16556
9 11 0 2 4 5 7 1.90693
9 11 0 2 4 5 8 1.85164
9 11 0 2 4 5 10 2.07802
9 11 0 2 4 5 12 2
9 11 0 2 4 5 13 2
9 11 0 2 4 5 14 2.13809
9 11 0 2 4 6 7 1.90693
9 11 0 2 4 6 8 2.00294
9 11 0 2 4 6 10 2.17945
9 11 0 2 4 6 12 2.08167
9 11 0 2 4 6 13 2.08167
9 11 0 2 4 6 14 2.22354
9 11 0 2 4 7 8 1.41421
9 11 0 2 4 7 10 1.73205
9 11 0 2 4 7 12 1.73205
9 11 0 2 4 7 13 1.73205
9 11 0 2 4 7 14 1.85164
9 11 0 2 4 8 10 2.00294
9 11 0 2 4 8 12 1.85164
9 11 0 2 4 8 13 1.85164
9 11 0 2 4 8 14 2.00294
9 11 0 2 4 10 12 2.00294
9 11 0 2 4 10 13 2.00294
9 11 0 2 4 10 14 2.17945
9 11 0 2 4 12 13 1.93309
9 11 0 2 4 12 14 2.04939
9 11 0 2 4 13 14 2.04939
9 11 0 2 5 6 7 2
9 11 0 2 5 6 8 1.85164
9 11 0 2 5 6 10 2.07802
9 11 0 2 5 6 12 2.04939
9 11 0 2 5 6 13 2.04939
9 11 0 2 5 6 14 2.16556
9 11 0 2 5 7 8 1.41421
9 11 0 2 5 7 10 1.73205
9 11 0 2 5 7 12 1.90693
9 11 0 2 5 7 13 1.90693
9 11 0 2 5 7 14 1.90693
9 11 0 2 5 8 10 1.85164
9 11 0 2 5 8 12 1.62019
9 11 0 2 5 8 13 1.62019
9 11 0 2 5 8 14 1.85164
9 11 0 2 5 10 12 1.85164
9 11 0 2 5 10 13 1.85164
9 11 0 2 5 10 14 2.07802
9 11 0 2 5 12 13 1.93309
9 11 0 2 5 12 14 2
9 11 0 2 5 13 14 2
9 11 0 2 6 7 8 1.62019
9 11 0 2 6 7 10 1.73205
9 11 0 2 6 7 12 2
9 11 0 2 6 7 13 2
9 11 0 2 6 7 14 1.93309
9 11 0 2 6 8 10 2.04939
9 11 0 2 6 8 12 2
9 11 0 2 6 8 13 2
9 11 0 2 6 8 14 2.08167
9 11 0 2 6 10 12 2.04939
9 11 0 2 6 10 13 2.04939
9 11 0 2 6 10 14 2.21037
9 11 0 2 6 12 13 2.173
9 11 0 2 6 12 14 2.19745
9 11 0 2 6 13 14 2.19745
9 11 0 2 7 8 10 1.41421
9 11 0 2 7 8 12 1.62019
9 11 0 2 7 8 13 1.62019
9 11 0 2 7 8 14 1.41421
9 11 0 2 7 10 12 1.41421
9 11 0 2 7 10 13 1.41421
9 11 0 2 7 10 14 1.73205
9 11 0 2 7 12 13 1.93309
9 11 0 2 7 12 14 1.81265
9 11 0 2 7 13 14 1.81265
9 11 0 2 8 10 12 1.93309
9 11 0 2 8 10 13 1.93309
9 11 0 2 8 10 14 2.04939
9 11 0 2 8 12 13 1.93309
9 11 0 2 8 12 14 2
9 11 0 2 8 13 14 2
9 11 0 2 10 12 13 1.93309
9 11 0 2 10 12 14 2.04939
9 11 0 2 10 13 14 2.04939
9 11 0 2 12 13 14 2.10639
9 11 0 3 4 5 6 2.29907
9 11 0 3 4 5 7 2.10357
9 11 0 3 4 5 8 2
9 11 0 3 4 5 10 2.23607
9 11 0 3 4 5 12 2.10357
9 11 0 3 4 5 13 2.10357
9 11 0 3 4 5 14 2.29129
9 11 0 3 4 6 7 2.16556
9 11 0 3 4 6 8 2.28709
9 11 0 3 4 6 10 2.44831
9 11 0 3 4 6 12 2.33699
9 11 0 3 4 6 13 2.33699
9 11 0 3 4 6 14 2.48193
9 11 0 3 4 7 8 1.85164
9 11 0 3 4 7 10 2.07802
9 11 0 3 4 7 12 2
9 11 0 3 4 7 13 2
9 11 0 3 4 7 14 2.13809
9 11 0 3 4 8 10 2.28709
9 11 0 3 4 8 12 2.13664
9 11 0 3 4 8 13 2.13664
9 11 0 3 4 8 14 2.28709
9 11 0 3 4 10 12 2.28709
9 11 0 3 4 10 13 2.28709
9 11 0 3 4 10 14 2.44831
9 11 0 3 4 12 13 2.19089
9 11 0 3 4 12 14 2.32266
9 11 0 3 4 13 14 2.32266
9 11 0 3 5 6 7 2.15297
9 11 0 3 5 6 8 2
9 11 0 3 5 6 10 2.23607
9 11 0 3 5 6 12 2.15297
9 11 0 3 5 6 13 2.15297
9 11 0 3 5 6 14 2.29907
9 11 0 3 5 7 8 1.73205
9 11 0 3 5 7 10 2
9 11 0 3 5 7 12 2
9 11 0 3 5 7 13 2
9 11 0 3 5 7 14 2.10357
9 11 0 3 5 8 10 2
9 11 0 3 5 8 12 1.73205
9 11 0 3 5 8 13 1.73205
9 11 0 3 5 8 14 2
9 11 0 3 5 10 12 2
9 11 0 3 5 10 13 2
9 11 0 3 5 10 14 2.23607
9 11 0 3 5 12 13 2
9 11 0 3 5 12 14 2.10357
9 11 0 3 5 13 14 2.10357
9 11 0 3 6 7 8 1.96214
9 11 0 3 6 7 10 2.10357
9 11 0 3 6 7 12 2.16025
9 11 0 3 6 7 13 2.16025
9 11 0 3 6 7 14 2.24038
9 11 0 3 6 8 10 2.35488
9 11 0 3 6 8 12 2.28446
9 11 0 3 6 8 13 2.28446
9 11 0 3 6 8 14 2.37697
9 11 0 3 6 10 12 2.35488
9 11 0 3 6 10 13 2.35488
9 11 0 3 6 10 14 2.49516
9 11 0 3 6 12 13 2.44949
9 11 0 3 6 12 14 2.46311
9 11 0 3 6 13 14 2.46311
9 11 0 3 7 8 10 1.90693
9 11 0 3 7 8 12 2
9 11 0 3 7 8 13 2
9 11 0 3 7 8 14 1.93309
9 11 0 3 7 10 12 1.90693
9 11 0 3 7 10 13 1.90693
9 11 0 3 7 10 14 2.10357
9 11 0 3 7 12 13 2.10639
9 11 0 3 7 12 14 2.10639
9 11 0 3 7 13 14 2.10639
9 11 0 3 8 10 12 2.23607
9 11 0 3 8 10 13 2.23607
9 11 0 3 8 10 14 2.35488
9 11 0 3 8 12 13 2.19089
9 11 0 3 8 12 14 2.26385
9 11 0 3 8 13 14 2.26385
9 11 0 3 10 12 13 2.23607
9 11 0 3 10 12 14 2.35488
9 11 0 3 10 13 14 2.35488
9 11 0 3 12 13 14 2.38048
9 11 0 4 5 6 7 2.16556
9 11 0 4 5 6 8 2.28709
9 11 0 4 5 6 10 2.44831
9 11 0 4 5 6 12 2.33699
9 11 0 4 5 6 13 2.33699
9 11 0 4 5 6 14 2.48193
9 11 0 4 5 7 8 1.85164
9 11 0 4 5 7 10 2.07802
9 11 0 4 5 7 12 2
9 11 0 4 5 7 13 2
9 11 0 4 5 7 14 2.13809
9 11 0 4 5 8 10 2.28709
9 11 0 4 5 8 12 2.13664
9 11 0 4 5 8 13 2.13664
9 11 0 4 5 8 14 2.28709
9 11 0 4 5 10 12 2.28709
9 11 0 4 5 10 13 2.28709
9 11 0 4 5 10 14 2.44831
9 11 0 4 5 12 13 2.19089
9 11 0 4 5 12 14 2.32266
9 11 0 4 5 13 14 2.32266
9 11 0 4 6 7 8 2.00294
9 11 0 4 6 7 10 2.17945
9 11 0 4 6 7 12 2.08167
9 11 0 4 6 7 13 2.08167
9 11 0 4 6 7 14 2.22354
9 11 0 4 6 8 10 2.61406
9 11 0 4 6 8 12 2.52543
9 11 0 4 6 8 13 2.52543
9 11 0 4 6 8 14 2.61406
9 11 0 4 6 10 12 2.61406
9 11 0 4 6 10 13 2.61406
9 11 0 4 6 10 14 2.71343
9 11 0 4 6 12 13 2.53899
9 11 0 4 6 12 14 2.62216
9 11 0 4 6 13 14 2.62216
9 11 0 4 7 8 10 2.00294
9 11 0 4 7 8 12 1.85164
9 11 0 4 7 8 13 1.85164
9 11 0 4 7 8 14 2.00294
9 11 0 4 7 10 12 2.00294
9 11 0 4 7 10 13 2.00294
9 11 0 4 7 10 14 2.17945
9 11 0 4 7 12 13 1.93309
9 11 0 4 7 12 14 2.04939
9 11 0 4 7 13 14 2.04939
9 11 0 4 8 10 12 2.52543
9 11 0 4 8 10 13 2.52543
9 11 0 4 8 10 14 2.61406
9 11 0 4 8 12 13 2.44949
9 11 0 4 8 12 14 2.52543
9 11 0 4 8 13 14 2.52543
9 11 0 4 10 12 13 2.52543
9 11 0 4 10 12 14 2.61406
9 11 0 4 10 13 14 2.61406
9 11 0 4 12 13 14 2.53722
9 11 0 5 6 7 8 1.85164
9 11 0 5 6 7 10 2.07802
9 11 0 5 6 7 12 2.04939
9 11 0 5 6 7 13 2.04939
9 11 0 5 6 7 14 2.16556
9 11 0 5 6 8 10 2.28709
9 11 0 5 6 8 12 2.13664
9 11 0 5 6 8 13 2.13664
9 11 0 5 6 8 14 2.28709
9 11 0 5 6 10 12 2.28709
9 11 0 5 6 10 13 2.28709
9 11 0 5 6 10 14 2.44831
9 11 0 5 6 12 13 2.23607
9 11 0 5 6 12 14 2.33699
9 11 0 5 6 13 14 2.33699
9 11 0 5 7 8 10 1.85164
9 11 0 5 7 8 12 1.62019
9 11 0 5 7 8 13 1.62019
9 11 0 5 7 8 14 1.85164
9 11 0 5 7 10 12 1.85164
9 11 0 5 7 10 13 1.85164
9 11 0 5 7 10 14 2.07802
9 11 0 5 7 12 13 1.93309
9 11 0 5 7 12 14 2
9 11 0 5 7 13 14 2
9 11 0 5 8 10 12 2.13664
9 11 0 5 8 10 13 2.13664
9 11 0 5 8 10 14 2.28709
9 11 0 5 8 12 13 2
9 11 0 5 8 12 14 2.13664
9 11 0 5 8 13 14 2.13664
9 11 0 5 10 12 13 2.13664
9 11 0 5 10 12 14 2.28709
9 11 0 5 10 13 14 2.28709
9 11 0 5 12 13 14 2.19089
9 11 0 6 7 8 10 2.04939
9 11 0 6 7 8 12 2
9 11 0 6 7 8 13 2
9 11 0 6 7 8 14 2.08167
9 11 0 6 7 10 12 2.04939
9 11 0 6 7 10 13 2.04939
9 11 0 6 7 10 14 2.21037
9 11 0 6 7 12 13 2.173
9 11 0 6 7 12 14 2.19745
9 11 0 6 7 13 14 2.19745
9 11 0 6 8 10 12 2.58844
9 11 0 6 8 10 13 2.58844
9 11 0 6 8 10 14 2.66231
9 11 0 6 8 12 13 2.53899
9 11 0 6 8 12 14 2.60419
9 11 0 6 8 13 14 2.60419
9 11 0 6 10 12 13 2.58844
9 11 0 6 10 12 14 2.66231
9 11 0 6 10 13 14 2.66231
9 11 0 6 12 13 14 2.65875
9 11 0 7 8 10 12 1.93309
9 11 0 7 8 10 13 1.93309
9 11 0 7 8 10 14 2.04939
9 11 0 7 8 12 13 1.93309
9 11 0 7 8 12 14 2
9 11 0 7 8 13 14 2
9 11 0 7 10 12 13 1.93309
9 11 0 7 10 12 14 2.04939
9 11 0 7 10 13 14 2.04939
9 11 0 7 12 13 14 2.10639
9 11 0 8 10 12 13 2.52543
9 11 0 8 10 12 14 2.58844
9 11 0 8 10 13 14 2.58844
9 11 0 8 12 13 14 2.53722
9 11 0 10 12 13 14 2.58844
9 11 1 2 3 4 5 1.41421
9 11 1 2 3 4 6 1.41421
9 11 1 2 3 4 7 1.41421
9 11 1 2 3 4 8 1
9 11 1 2 3 4 10 1
9 11 1 2 3 4 12 1.41421
9 11 1 2 3 4 13 1.41421
9 11 1 2 3 4 14 1
9 11 1 2 3 5 6 1.73205
9 11 1 2 3 5 7 1.73205
9 11 1 2 3 5 8 1.41421
9 11 1 2 3 5 10 1
9 11 1 2 3 5 12 1.73205
9 11 1 2 3 5 13 1.73205
9 11 1 2 3 5 14 1.41421
9 11 1 2 3 6 7 1.85164
9 11 1 2 3 6 8 1.73205
9 11 1 2 3 6 10 1.41421
9 11 1 2 3 6 12 1.90693
9 11 1 2 3 6 13 1.90693
9 11 1 2 3 6 14 1.73205
9 11 1 2 3 7 8 1.62019
9 11 1 2 3 7 10 1
9 11 1 2 3 7 12 1.85164
9 11 1 2 3 7 13 1.85164
9 11 1 2 3 7 14 1.62019
9 11 1 2 3 8 10 1.41421
9 11 1 2 3 8 12 1.73205
9 11 1 2 3 8 13 1.73205
9 11 1 2 3 8 14 1.62019
9 11 1 2 3 10 12 1.41421
9 11 1 2 3 10 13 1.41421
9 11 1 2 3 10 14 1.41421
9 11 1 2 3 12 13 1.90693
9 11 1 2 3 12 14 1.73205
9 11 1 2 3 13 14 1.73205
9 11 1 2 4 5 6 1.41421
9 11 1 2 4 5 7 1.41421
9 11 1 2 4 5 8 1
9 11 1 2 4 5 10 1
9 11 1 2 4 5 12 1.41421
9 11 1 2 4 5 13 1.41421
9 11 1 2 4 5 14 1
9 11 1 2 4 6 7 1.41421
9 11 1 2 4 6 8 1.41421
9 11 1 2 4 6 10 1.41421
9 11 1 2 4 6 12 1.41421
9 11 1 2 4 6 13 1.41421
9 11 1 2 4 6 14 1.41421
9 11 1 2 4 7 8 1
9 11 1 2 4 7 10 1
9 11 1 2 4 7 12 1.41421
9 11 1 2 4 7 13 1.41421
9 11 1 2 4 7 14 1
9 11 1 2 4 8 10 1.41421
9 11 1 2 4 8 12 1.41421
9 11 1 2 4 8 13 1.41421
9 11 1 2 4 8 14 1.41421
9 11 1 2 4 10 12 1.41421
9 11 1 2 4 10 13 1.41421
9 11 1 2 4 10 14 1.41421
9 11 1 2 4 12 13 1.41421
9 11 1 2 4 12 14 1.41421
9 11 1 2 4 13 14 1.41421
9 11 1 2 5 6 7 1.73205
9 11 1 2 5 6 8 1.41421
9 11 1 2 5 6 10 1
9 11 1 2 5 6 12 1.73205
9 11 1 2 5 6 13 1.73205
9 11 1 2 5 6 14 1.41421
9 11 1 2 5 7 8 1.41421
9 11 1 2 5 7 10 1
9 11 1 2 5 7 12 1.73205
9 11 1 2 5 7 13 1.73205
9 11 1 2 5 7 14 1.41421
9 11 1 2 5 8 10 1
9 11 1 2 5 8 12 1.41421
9 11 1 2 5 8 13 1.41421
9 11 1 2 5 8 14 1
9 11 1 2 5 10 12 1
9 11 1 2 5 10 13 1
9 11 1 2 5 10 14 1
9 11 1 2 5 12 13 1.73205
9 11 1 2 5 12 14 1.41421
9 11 1 2 5 13 14 1.41421
9 11 1 2 6 7 8 1.62019
9 11 1 2 6 7 10 1
9 11 1 2 6 7 12 1.85164
9 11 1 2 6 7 13 1.85164
9 11 1 2 6 7 14 1.62019
9 11 1 2 6 8 10 1.62019
9 11 1 2 6 8 12 1.81265
9 11 1 2 6 8 13 1.81265
9 11 1 2 6 8 14 1.73205
9 11 1 2 6 10 12 1.62019
9 11 1 2 6 10 13 1.62019
9 11 1 2 6 10 14 1.62019
9 11 1 2 6 12 13 1.93309
9 11 1 2 6 12 14 1.81265
9 11 1 2 6 13 14 1.81265
9 11 1 2 7 8 10 1
9 11 1 2 7 8 12 1.62019
9 11 1 2 7 8 13 1.62019
9 11 1 2 7 8 14 1.41421
9 11 1 2 7 10 12 1
9 11 1 2 7 10 13 1
9 11 1 2 7 10 14 1
9 11 1 2 7 12 13 1.85164
9 11 1 2 7 12 14 1.62019
9 11 1 2 7 13 14 1.62019
9 11 1 2 8 10 12 1.62019
9 11 1 2 8 10 13 1.62019
9 11 1 2 8 10 14 1.62019
9 11 1 2 8 12 13 1.81265
9 11 1 2 8 12 14 1.73205
9 11 1 2 8 13 14 1.73205
9 11 1 2 10 12 13 1.62019
9 11 1 2 10 12 14 1.62019
9 11 1 2 10 13 14 1.62019
9 11 1 2 12 13 14 1.81265
9 11 1 3 4 5 6 1.41421
9 11 1 3 4 5 7 1.41421
9 11 1 3 4 5 8 1
9 11 1 3 4 5 10 1
9 11 1 3 4 5 12 1.41421
9 11 1 3 4 5 13 1.41421
9 11 1 3 4 5 14 1
9 11 1 3 4 6 7 1.41421
9 11 1 3 4 6 8 1.41421
9 11 1 3 4 6 10 1.41421
9 11 1 3 4 6 12 1.41421
9 11 1 3 4 6 13 1.41421
9 11 1 3 4 6 14 1.41421
9 11 1 3 4 7 8 1
9 11 1 3 4 7 10 1
9 11 1 3 4 7 12 1.41421
9 11 1 3 4 7 13 1.41421
9 11 1 3 4 7 14 1
9 11 1 3 4 8 10 1.41421
9 11 1 3 4 8 12 1.41421
9 11 1 3 4 8 13 1.41421
9 11 1 3 4 8 14 1.41421
9 11 1 3 4 10 12 1.41421
9 11 1 3 4 10 13 1.41421
9 11 1 3 4 10 14 1.41421
9 11 1 3 4 12 13 1.41421
9 11 1 3 4 12 14 1.41421
9 11 1 3 4 13 14 1.41421
9 11 1 3 5 6 7 1.73205
9 11 1 3 5 6 8 1.41421
9 11 1 3 5 6 10 1
9 11 1 3 5 6 12 1.73205
9 11 1 3 5 6 13 1.73205
9 11 1 3 5 6 14 1.41421
9 11 1 3 5 7 8 1.41421
9 11 1 3 5 7 10 1
9 11 1 3 5 7 12 1.73205
9 11 1 3 5 7 13 1.73205
9 11 1 3 5 7 14 1.41421
9 11 1 3 5 8 10 1
9 11 1 3 5 8 12 1.41421
9 11 1 3 5 8 13 1.41421
9 11 1 3 5 8 14 1
9 11 1 3 5 10 12 1
9 11 1 3 5 10 13 0
9 11 1 3 5 10 14 1
9 11 1 3 5 12 13 1.73205
9 11 1 3 5 12 14 1.41421
9 11 1 3 5 13 14 1.41421
9 11 1 3 6 7 8 1.73205
9 11 1 3 6 7 10 1.41421
9 11 1 3 6 7 12 1.90693
9 11 1 3 6 7 13 1.90693
9 11 1 3 6 7 14 1.73205
9 11 1 3 6 8 10 1.73205
9 11 1 3 6 8 12 1.90693
9 11 1 3 6 8 13 1.90693
9 11 1 3 6 8 14 1.85164
9 11 1 3 6 10 12 1.73205
9 11 1 3 6 10 13 1.73205
9 11 1 3 6 10 14 1.73205
9 11 1 3 6 12 13 2
9 11 1 3 6 12 14 1.90693
9 11 1 3 6 13 14 1.90693
9 11 1 3 7 8 10 1.41421
9 11 1 3 7 8 12 1.73205
9 11 1 3 7 8 13 1.73205
9 11 1 3 7 8 14 1.62019
9 11 1 3 7 10 12 1.41421
9 11 1 3 7 10 13 1.41421
9 11 1 3 7 10 14 1.41421
9 11 1 3 7 12 13 1.90693
9 11 1 3 7 12 14 1.73205
9 11 1 3 7 13 14 1.73205
9 11 1 3 8 10 12 1.73205
9 11 1 3 8 10 13 1.73205
9 11 1 3 8 10 14 1.73205
9 11 1 3 8 12 13 1.90693
9 11 1 3 8 12 14 1.85164
9 11 1 3 8 13 14 1.85164
9 11 1 3 10 12 13 1.73205
9 11 1 3 10 12 14 1.73205
9 11 1 3 10 13 14 1.73205
9 11 1 3 12 13 14 1.90693
9 11 1 4 5 6 7 1.41421
9 11 1 4 5 6 8 1.41421
9 11 1 4 5 6 10 1.41421
9 11 1 4 5 6 12 1.41421
9 11 1 4 5 6 13 1.41421
9 11 1 4 5 6 14 1.41421
9 11 1 4 5 7 8 1
9 11 1 4 5 7 10 1
9 11 1 4 5 7 12 1.41421
9 11 1 4 5 7 13 1.41421
9 11 1 4 5 7 14 1
9 11 1 4 5 8 10 1.41421
9 11 1 4 5 8 12 1.41421
9 11 1 4 5 8 13 1.41421
9 11 1 4 5 8 14 1.41421
9 11 1 4 5 10 12 1.41421
9 11 1 4 5 10 13 1.41421
9 11 1 4 5 10 14 1.41421
9 11 1 4 5 12 13 1.41421
9 11 1 4 5 12 14 1.41421
9 11 1 4 5 13 14 1.41421
9 11 1 4 6 7 8 1.41421
9 11 1 4 6 7 10 1.41421
9 11 1 4 6 7 12 1.41421
9 11 1 4 6 7 13 1.41421
9 11 1 4 6 7 14 1.41421
9 11 1 4 6 8 10 2
9 11 1 4 6 8 12 2
9 11 1 4 6 8 13 2
9 11 1 4 6 8 14 2
9 11 1 4 6 10 12 2
9 11 1 4 6 10 13 2
9 11 1 4 6 10 14 2
9 11 1 4 6 12 13 2
9 11 1 4 6 12 14 2
9 11 1 4 6 13 14 2
9 11 1 4 7 8 10 1.41421
9 11 1 4 7 8 12 1.41421
9 11 1 4 7 8 13 1.41421
9 11 1 4 7 8 14 1.41421
9 11 1 4 7 10 12 1.41421
9 11 1 4 7 10 13 1.41421
9 11 1 4 7 10 14 1.41421
9 11 1 4 7 12 13 1.41421
9 11 1 4 7 12 14 1.41421
9 11 1 4 7 13 14 1.41421
9 11 1 4 8 10 12 2
9 11 1 4 8 10 13 2
9 11 1 4 8 10 14 2
9 11 1 4 8 12 13 2
9 11 1 4 8 12 14 2
9 11 1 4 8 13 14 2
9 11 1 4 10 12 13 2
9 11 1 4 10 12 14 2
9 11 1 4 10 13 14 2
9 11 1 4 12 13 14 2
9 11 1 5 6 7 8 1.41421
9 11 1 5 6 7 10 1
9 11 1 5 6 7 12 1.73205
9 11 1 5 6 7 13 1.73205
9 11 1 5 6 7 14 1.41421
9 11 1 5 6 8 10 1.41421
9 11 1 5 6 8 12 1.41421
9 11 1 5 6 8 13 1.41421
9 11 1 5 6 8 14 1.41421
9 11 1 5 6 10 12 1.41421
9 11 1 5 6 10 13 1.41421
9 11 1 5 6 10 14 1.41421
9 11 1 5 6 12 13 1.73205
9 11 1 5 6 12 14 1.41421
9 11 1 5 6 13 14 1.41421
9 11 1 5 7 8 10 1
9 11 1 5 7 8 12 1.41421
9 11 1 5 7 8 13 1.41421
9 11 1 5 7 8 14 1
9 11 1 5 7 10 12 1
9 11 1 5 7 10 13 1
9 11 1 5 7 10 14 1
9 11 1 5 7 12 13 1.73205
9 11 1 5 7 12 14 1.41421
9 11 1 5 7 13 14 1.41421
9 11 1 5 8 10 12 1.41421
9 11 1 5 8 10 13 1.41421
9 11 1 5 8 10 14 1.41421
9 11 1 5 8 12 13 1.41421
9 11 1 5 8 12 14 1.41421
9 11 1 5 8 13 14 1.41421
9 11 1 5 10 12 13 1.41421
9 11 1 5 10 12 14 1.41421
9 11 1 5 10 13 14 1.41421
9 11 1 5 12 13 14 1.41421
9 11 1 6 7 8 10 1.62019
9 11 1 6 7 8 12 1.81265
9 11 1 6 7 8 13 1.81265
9 11 1 6 7 8 14 1.73205
9 11 1 6 7 10 12 1.62019
9 11 1 6 7 10 13 1.62019
9 11 1 6 7 10 14 1.62019
9 11 1 6 7 12 13 1.93309
9 11 1 6 7 12 14 1.81265
9 11 1 6 7 13 14 1.81265
9 11 1 6 8 10 12 2.13664
9 11 1 6 8 10 13 2.13664
9 11 1 6 8 10 14 2.13664
9 11 1 6 8 12 13 2.19089
9 11 1 6 8 12 14 2.16025
9 11 1 6 8 13 14 2.16025
9 11 1 6 10 12 13 2.13664
9 11 1 6 10 12 14 2.13664
9 11 1 6 10 13 14 2.13664
9 11 1 6 12 13 14 2.19089
9 11 1 7 8 10 12 1.62019
9 11 1 7 8 10 13 1.62019
9 11 1 7 8 10 14 1.62019
9 11 1 7 8 12 13 1.81265
9 11 1 7 8 12 14 1.73205
9 11 1 7 8 13 14 1.73205
9 11 1 7 10 12 13 1.62019
9 11 1 7 10 12 14 1.62019
9 11 1 7 10 13 14 1.62019
9 11 1 7 12 13 14 1.81265
9 11 1 8 10 12 13 2.13664
9 11 1 8 10 12 14 2.13664
9 11 1 8 10 13 14 2.13664
9 11 1 8 12 13 14 2.16025
9 11 1 10 12 13 14 2.13664
9 11 2 3 4 5 6 2.16556
9 11 2 3 4 5 7 2
9 11 2 3 4 5 8 1.85164
9 11 2 3 4 5 10 2.07802
9 11 2 3 4 5 12 2
9 11 2 3 4 5 13 1.90693
9 11 2 3 4 5 14 2.13809
9 11 2 3 4 6 7 2
9 11 2 3 4 6 8 1.93309
9 11 2 3 4 6 10 2.13809
9 11 2 3 4 6 12 2.0381
9 11 2 3 4 6 13 2
9 11 2 3 4 6 14 2.18955
9 11 2 3 4 7 8 1.62019
9 11 2 3 4 7 10 1.85164
9 11 2 3 4 7 12 1.81265
9 11 2 3 4 7 13 1.73205
9 11 2 3 4 7 14 1.93309
9 11 2 3 4 8 10 1.93309
9 11 2 3 4 8 12 1.73205
9 11 2 3 4 8 13 1.62019
9 11 2 3 4 8 14 1.93309
9 11 2 3 4 10 12 1.93309
9 11 2 3 4 10 13 1.85164
9 11 2 3 4 10 14 2.13809
9 11 2 3 4 12 13 1.81265
9 11 2 3 4 12 14 2
9 11 2 3 4 13 14 1.93309
9 11 2 3 5 6 7 2.04939
9 11 2 3 5 6 8 1.85164
9 11 2 3 5 6 10 2.07802
9 11 2 3 5 6 12 2.04939
9 11 2 3 5 6 13 2
9 11 2 3 5 6 14 2.16556
9 11 2 3 5 7 8 1.62019
9 11 2 3 5 7 10 1.85164
9 11 2 3 5 7 12 1.93309
9 11 2 3 5 7 13 1.90693
9 11 2 3 5 7 14 2
9 11 2 3 5 8 10 1.85164
9 11 2 3 5 8 12 1.62019
9 11 2 3 5 8 13 1.41421
9 11 2 3 5 8 14 1.85164
9 11 2 3 5 10 12 1.85164
9 11 2 3 5 10 13 1.73205
9 11 2 3 5 10 14 2.07802
9 11 2 3 5 12 13 1.90693
9 11 2 3 5 12 14 2
9 11 2 3 5 13 14 1.90693
9 11 2 3 6 7 8 1.62019
9 11 2 3 6 7 10 1.85164
9 11 2 3 6 7 12 2
9 11 2 3 6 7 13 2
9 11 2 3 6 7 14 2
9 11 2 3 6 8 10 2
9 11 2 3 6 8 12 2
9 11 2 3 6 8 13 2
9 11 2 3 6 8 14 2
9 11 2 3 6 10 12 2
9 11 2 3 6 10 13 1.90693
9 11 2 3 6 10 14 2.16556
9 11 2 3 6 12 13 2.10639
9 11 2 3 6 12 14 2.16025
9 11 2 3 6 13 14 2.10639
9 11 2 3 7 8 10 1.62019
9 11 2 3 7 8 12 1.62019
9 11 2 3 7 8 13 1.62019
9 11 2 3 7 8 14 1.62019
9 11 2 3 7 10 12 1.62019
9 11 2 3 7 10 13 1.41421
9 11 2 3 7 10 14 1.85164
9 11 2 3 7 12 13 1.93309
9 11 2 3 7 12 14 2
9 11 2 3 7 13 14 1.81265
9 11 2 3 8 10 12 1.81265
9 11 2 3 8 10 13 1.73205
9 11 2 3 8 10 14 2
9 11 2 3 8 12 13 1.81265
9 11 2 3 8 12 14 2
9 11 2 3 8 13 14 1.81265
9 11 2 3 10 12 13 1.73205
9 11 2 3 10 12 14 2
9 11 2 3 10 13 14 1.90693
9 11 2 3 12 13 14 2
9 11 2 4 5 6 7 2
9 11 2 4 5 6 8 1.93309
9 11 2 4 5 6 10 2.13809
9 11 2 4 5 6 12 2.0381
9 11 2 4 5 6 13 2
9 11 2 4 5 6 14 2.18955
9 11 2 4 5 7 8 1.62019
9 11 2 4 5 7 10 1.85164
9 11 2 4 5 7 12 1.81265
9 11 2 4 5 7 13 1.73205
9 11 2 4 5 7 14 1.93309
9 11 2 4 5 8 10 1.93309
9 11 2 4 5 8 12 1.73205
9 11 2 4 5 8 13 1.62019
9 11 2 4 5 8 14 1.93309
9 11 2 4 5 10 12 1.93309
9 11 2 4 5 10 13 1.85164
9 11 2 4 5 10 14 2.13809
9 11 2 4 5 12 13 1.81265
9 11 2 4 5 12 14 2
9 11 2 4 5 13 14 1.93309
9 11 2 4 6 7 8 1.62019
9 11 2 4 6 7 10 1.85164
9 11 2 4 6 7 12 1.81265
9 11 2 4 6 7 13 1.73205
9 11 2 4 6 7 14 1.93309
9 11 2 4 6 8 10 2.04939
9 11 2 4 6 8 12 1.90693
9 11 2 4 6 8 13 1.85164
9 11 2 4 6 8 14 2.04939
9 11 2 4 6 10 12 2.04939
9 11 2 4 6 10 13 2.00294
9 11 2 4 6 10 14 2.22354
9 11 2 4 6 12 13 1.93309
9 11 2 4 6 12 14 2.10223
9 11 2 4 6 13 14 2.04939
9 11 2 4 7 8 10 1.62019
9 11 2 4 7 8 12 1.41421
9 11 2 4 7 8 13 1
9 11 2 4 7 8 14 1.62019
9 11 2 4 7 10 12 1.62019
9 11 2 4 7 10 13 1.41421
9 11 2 4 7 10 14 1.85164
9 11 2 4 7 12 13 1.62019
9 11 2 4 7 12 14 1.73205
9 11 2 4 7 13 14 1.62019
9 11 2 4 8 10 12 1.90693
9 11 2 4 8 10 13 1.85164
9 11 2 4 8 10 14 2.04939
9 11 2 4 8 12 13 1.73205
9 11 2 4 8 12 14 1.90693
9 11 2 4 8 13 14 1.85164
9 11 2 4 10 12 13 1.85164
9 11 2 4 10 12 14 2.04939
9 11 2 4 10 13 14 2.00294
9 11 2 4 12 13 14 1.90693
9 11 2 5 6 7 8 1.62019
9 11 2 5 6 7 10 1.85164
9 11 2 5 6 7 12 1.93309
9 11 2 5 6 7 13 1.90693
9 11 2 5 6 7 14 2
9 11 2 5 6 8 10 1.93309
9 11 2 5 6 8 12 1.73205
9 11 2 5 6 8 13 1.62019
9 11 2 5 6 8 14 1.93309
9 11 2 5 6 10 12 1.93309
9 11 2 5 6 10 13 1.85164
9 11 2 5 6 10 14 2.13809
9 11 2 5 6 12 13 1.93309
9 11 2 5 6 12 14 2.0381
9 11 2 5 6 13 14 2
9 11 2 5 7 8 10 1.62019
9 11 2 5 7 8 12 1.41421
9 11 2 5 7 8 13 1.41421
9 11 2 5 7 8 14 1.62019
9 11 2 5 7 10 12 1.62019
9 11 2 5 7 10 13 1.41421
9 11 2 5 7 10 14 1.85164
9 11 2 5 7 12 13 1.85164
9 11 2 5 7 12 14 1.81265
9 11 2 5 7 13 14 1.73205
9 11 2 5 8 10 12 1.73205
9 11 2 5 8 10 13 1.62019
9 11 2 5 8 10 14 1.93309
9 11 2 5 8 12 13 1.41421
9 11 2 5 8 12 14 1.73205
9 11 2 5 8 13 14 1.62019
9 11 2 5 10 12 13 1.62019
9 11 2 5 10 12 14 1.93309
9 11 2 5 10 13 14 1.85164
9 11 2 5 12 13 14 1.81265
9 11 2 6 7 8 10 1.62019
9 11 2 6 7 8 12 1.62019
9 11 2 6 7 8 13 1.62019
9 11 2 6 7 8 14 1.62019
9 11 2 6 7 10 12 1.62019
9 11 2 6 7 10 13 1.41421
9 11 2 6 7 10 14 1.85164
9 11 2 6 7 12 13 1.93309
9 11 2 6 7 12 14 2
9 11 2 6 7 13 14 1.81265
9 11 2 6 8 10 12 2
9 11 2 6 8 10 13 1.93309
9 11 2 6 8 10 14 2.09938
9 11 2 6 8 12 13 1.93309
9 11 2 6 8 12 14 2.01187
9 11 2 6 8 13 14 2
9 11 2 6 10 12 13 1.93309
9 11 2 6 10 12 14 2.09938
9 11 2 6 10 13 14 2.04939
9 11 2 6 12 13 14 2.10639
9 11 2 7 8 10 12 1.41421
9 11 2 7 8 10 13 1
9 11 2 7 8 10 14 1.62019
9 11 2 7 8 12 13 1.62019
9 11 2 7 8 12 14 1.41421
9 11 2 7 8 13 14 1.41421
9 11 2 7 10 12 13 1
9 11 2 7 10 12 14 1.62019
9 11 2 7 10 13 14 1.41421
9 11 2 7 12 13 14 1.73205
9 11 2 8 10 12 13 1.85164
9 11 2 8 10 12 14 2
9 11 2 8 10 13 14 1.93309
9 11 2 8 12 13 14 1.90693
9 11 2 10 12 13 14 1.93309
9 11 3 4 5 6 7 2.16556
9 11 3 4 5 6 8 2.07802
9 11 3 4 5 6 10 2.29129
9 11 3 4 5 6 12 2.16556
9 11 3 4 5 6 13 2.10357
9 11 3 4 5 6 14 2.33699
9 11 3 4 5 7 8 1.85164
9 11 3 4 5 7 10 2.07802
9 11 3 4 5 7 12 2
9 11 3 4 5 7 13 1.90693
9 11 3 4 5 7 14 2.13809
9 11 3 4 5 8 10 2.07802
9 11 3 4 5 8 12 1.85164
9 11 3 4 5 8 13 1.73205
9 11 3 4 5 8 14 2.07802
9 11 3 4 5 10 12 2.07802
9 11 3 4 5 10 13 2
9 11 3 4 5 10 14 2.29129
9 11 3 4 5 12 13 1.90693
9 11 3 4 5 12 14 2.13809
9 11 3 4 5 13 14 2.07802
9 11 3 4 6 7 8 1.93309
9 11 3 4 6 7 10 2.13809
9 11 3 4 6 7 12 2.0381
9 11 3 4 6 7 13 2
9 11 3 4 6 7 14 2.18955
9 11 3 4 6 8 10 2.32266
9 11 3 4 6 8 12 2.16025
9 11 3 4 6 8 13 2.13664
9 11 3 4 6 8 14 2.32266
9 11 3 4 6 10 12 2.32266
9 11 3 4 6 10 13 2.28709
9 11 3 4 6 10 14 2.48193
9 11 3 4 6 12 13 2.19089
9 11 3 4 6 12 14 2.34521
9 11 3 4 6 13 14 2.32266
9 11 3 4 7 8 10 1.93309
9 11 3 4 7 8 12 1.73205
9 11 3 4 7 8 13 1.62019
9 11 3 4 7 8 14 1.93309
9 11 3 4 7 10 12 1.93309
9 11 3 4 7 10 13 1.85164
9 11 3 4 7 10 14 2.13809
9 11 3 4 7 12 13 1.81265
9 11 3 4 7 12 14 2
9 11 3 4 7 13 14 1.93309
9 11 3 4 8 10 12 2.16025
9 11 3 4 8 10 13 2.13664
9 11 3 4 8 10 14 2.32266
9 11 3 4 8 12 13 2
9 11 3 4 8 12 14 2.16025
9 11 3 4 8 13 14 2.13664
9 11 3 4 10 12 13 2.13664
9 11 3 4 10 12 14 2.32266
9 11 3 4 10 13 14 2.28709
9 11 3 4 12 13 14 2.16025
9 11 3 5 6 7 8 1.85164
9 11 3 5 6 7 10 2.07802
9 11 3 5 6 7 12 2.04939
9 11 3 5 6 7 13 2
9 11 3 5 6 7 14 2.16556
9 11 3 5 6 8 10 2.07802
9 11 3 5 6 8 12 1.85164
9 11 3 5 6 8 13 1.73205
9 11 3 5 6 8 14 2.07802
9 11 3 5 6 10 12 2.07802
9 11 3 5 6 10 13 2
9 11 3 5 6 10 14 2.29129
9 11 3 5 6 12 13 2
9 11 3 5 6 12 14 2.16556
9 11 3 5 6 13 14 2.10357
9 11 3 5 7 8 10 1.85164
9 11 3 5 7 8 12 1.62019
9 11 3 5 7 8 13 1.41421
9 11 3 5 7 8 14 1.85164
9 11 3 5 7 10 12 1.85164
9 11 3 5 7 10 13 1.73205
9 11 3 5 7 10 14 2.07802
9 11 3 5 7 12 13 1.90693
9 11 3 5 7 12 14 2
9 11 3 5 7 13 14 1.90693
9 11 3 5 8 10 12 1.85164
9 11 3 5 8 10 13 1.73205
9 11 3 5 8 10 14 2.07802
9 11 3 5 8 12 13 1.41421
9 11 3 5 8 12 14 1.85164
9 11 3 5 8 13 14 1.73205
9 11 3 5 10 12 13 1.73205
9 11 3 5 10 12 14 2.07802
9 11 3 5 10 13 14 2
9 11 3 5 12 13 14 1.90693
9 11 3 6 7 8 10 2
9 11 3 6 7 8 12 2
9 11 3 6 7 8 13 2
9 11 3 6 7 8 14 2
9 11 3 6 7 10 12 2
9 11 3 6 7 10 13 1.90693
9 11 3 6 7 10 14 2.16556
9 11 3 6 7 12 13 2.10639
9 11 3 6 7 12 14 2.16025
9 11 3 6 7 13 14 2.10639
9 11 3 6 8 10 12 2.26385
9 11 3 6 8 10 13 2.23607
9 11 3 6 8 10 14 2.39046
9 11 3 6 8 12 13 2.19089
9 11 3 6 8 12 14 2.3094
9 11 3 6 8 13 14 2.26385
9 11 3 6 10 12 13 2.23607
9 11 3 6 10 12 14 2.39046
9 11 3 6 10 13 14 2.35488
9 11 3 6 12 13 14 2.38048
9 11 3 7 8 10 12 1.81265
9 11 3 7 8 10 13 1.73205
9 11 3 7 8 10 14 2
9 11 3 7 8 12 13 1.81265
9 11 3 7 8 12 14 2
9 11 3 7 8 13 14 1.81265
9 11 3 7 10 12 13 1.73205
9 11 3 7 10 12 14 2
9 11 3 7 10 13 14 1.90693
9 11 3 7 12 13 14 2
9 11 3 8 10 12 13 2.13664
9 11 3 8 10 12 14 2.26385
9 11 3 8 10 13 14 2.23607
9 11 3 8 12 13 14 2.16025
9 11 3 10 12 13 14 2.23607
9 11 4 5 6 7 8 1.93309
9 11 4 5 6 7 10 2.13809
9 11 4 5 6 7 12 2.0381
9 11 4 5 6 7 13 2
9 11 4 5 6 7 14 2.18955
9 11 4 5 6 8 10 2.32266
9 11 4 5 6 8 12 2.16025
9 11 4 5 6 8 13 2.13664
9 11 4 5 6 8 14 2.32266
9 11 4 5 6 10 12 2.32266
9 11 4 5 6 10 13 2.28709
9 11 4 5 6 10 14 2.48193
9 11 4 5 6 12 13 2.19089
9 11 4 5 6 12 14 2.34521
9 11 4 5 6 13 14 2.32266
9 11 4 5 7 8 10 1.93309
9 11 4 5 7 8 12 1.73205
9 11 4 5 7 8 13 1.62019
9 11 4 5 7 8 14 1.93309
9 11 4 5 7 10 12 1.93309
9 11 4 5 7 10 13 1.85164
9 11 4 5 7 10 14 2.13809
9 11 4 5 7 12 13 1.81265
9 11 4 5 7 12 14 2
9 11 4 5 7 13 14 1.93309
9 11 4 5 8 10 12 2.16025
9 11 4 5 8 10 13 2.13664
9 11 4 5 8 10 14 2.32266
9 11 4 5 8 12 13 2
9 11 4 5 8 12 14 2.16025
9 11 4 5 8 13 14 2.13664
9 11 4 5 10 12 13 2.13664
9 11 4 5 10 12 14 2.32266
9 11 4 5 10 13 14 2.28709
9 11 4 5 12 13 14 2.16025
9 11 4 6 7 8 10 2.04939
9 11 4 6 7 8 12 1.90693
9 11 4 6 7 8 13 1.85164
9 11 4 6 7 8 14 2.04939
9 11 4 6 7 10 12 2.04939
9 11 4 6 7 10 13 2.00294
9 11 4 6 7 10 14 2.22354
9 11 4 6 7 12 13 1.93309
9 11 4 6 7 12 14 2.10223
9 11 4 6 7 13 14 2.04939
9 11 4 6 8 10 12 2.53722
9 11 4 6 8 10 13 2.52543
9 11 4 6 8 10 14 2.62216
9 11 4 6 8 12 13 2.44949
9 11 4 6 8 12 14 2.53722
9 11 4 6 8 13 14 2.52543
9 11 4 6 10 12 13 2.52543
9 11 4 6 10 12 14 2.62216
9 11 4 6 10 13 14 2.61406
9 11 4 6 12 13 14 2.53722
9 11 4 7 8 10 12 1.90693
9 11 4 7 8 10 13 1.85164
9 11 4 7 8 10 14 2.04939
9 11 4 7 8 12 13 1.73205
9 11 4 7 8 12 14 1.90693
9 11 4 7 8 13 14 1.85164
9 11 4 7 10 12 13 1.85164
9 11 4 7 10 12 14 2.04939
9 11 4 7 10 13 14 2.00294
9 11 4 7 12 13 14 1.90693
9 11 4 8 10 12 13 2.44949
9 11 4 8 10 12 14 2.53722
9 11 4 8 10 13 14 2.52543
9 11 4 8 12 13 14 2.44949
9 11 4 10 12 13 14 2.52543
9 11 5 6 7 8 10 1.93309
9 11 5 6 7 8 12 1.73205
9 11 5 6 7 8 13 1.62019
9 11 5 6 7 8 14 1.93309
9 11 5 6 7 10 12 1.93309
9 11 5 6 7 10 13 1.85164
9 11 5 6 7 10 14 2.13809
9 11 5 6 7 12 13 1.93309
9 11 5 6 7 12 14 2.0381
9 11 5 6 7 13 14 2
9 11 5 6 8 10 12 2.16025
9 11 5 6 8 10 13 2.13664
9 11 5 6 8 10 14 2.32266
9 11 5 6 8 12 13 2
9 11 5 6 8 12 14 2.16025
9 11 5 6 8 13 14 2.13664
9 11 5 6 10 12 13 2.13664
9 11 5 6 10 12 14 2.32266
9 11 5 6 10 13 14 2.28709
9 11 5 6 12 13 14 2.19089
9 11 5 7 8 10 12 1.73205
9 11 5 7 8 10 13 1.62019
9 11 5 7 8 10 14 1.93309
9 11 5 7 8 12 13 1.41421
9 11 5 7 8 12 14 1.73205
9 11 5 7 8 13 14 1.62019
9 11 5 7 10 12 13 1.62019
9 11 5 7 10 12 14 1.93309
9 11 5 7 10 13 14 1.85164
9 11 5 7 12 13 14 1.81265
9 11 5 8 10 12 13 2
9 11 5 8 10 12 14 2.16025
9 11 5 8 10 13 14 2.13664
9 11 5 8 12 13 14 2
9 11 5 10 12 13 14 2.13664
9 11 6 7 8 10 12 2
9 11 6 7 8 10 13 1.93309
9 11 6 7 8 10 14 2.09938
9 11 6 7 8 12 13 1.93309
9 11 6 7 8 12 14 2.01187
9 11 6 7 8 13 14 2
9 11 6 7 10 12 13 1.93309
9 11 6 7 10 12 14 2.09938
9 11 6 7 10 13 14 2.04939
9 11 6 7 12 13 14 2.10639
9 11 6 8 10 12 13 2.52543
9 11 6 8 10 12 14 2.60419
9 11 6 8 10 13 14 2.58844
9 11 6 8 12 13 14 2.53722
9 11 6 10 12 13 14 2.58844
9 11 7 8 10 12 13 1.85164
9 11 7 8 10 12 14 2
9 11 7 8 10 13 14 1.93309
9 11 7 8 12 13 14 1.90693
9 11 7 10 12 13 14 1.93309
9 11 8 10 12 13 14 2.52543
