9 11 0 1 2 3 4 5 6 7 8 1
9 11 0 1 2 3 4 5 6 7 10 0
9 11 0 1 2 3 4 5 6 7 12 1.41421
9 11 0 1 2 3 4 5 6 7 13 1.41421
9 11 0 1 2 3 4 5 6 7 14 1
9 11 0 1 2 3 4 5 6 8 10 0
9 11 0 1 2 3 4 5 6 8 12 1
9 11 0 1 2 3 4 5 6 8 13 1
9 11 0 1 2 3 4 5 6 8 14 0
9 11 0 1 2 3 4 5 6 10 12 0
9 11 0 1 2 3 4 5 6 10 13 0
9 11 0 1 2 3 4 5 6 10 14 0
9 11 0 1 2 3 4 5 6 12 13 1.41421
9 11 0 1 2 3 4 5 6 12 14 1
9 11 0 1 2 3 4 5 6 13 14 1
9 11 0 1 2 3 4 5 7 8 10 0
9 11 0 1 2 3 4 5 7 8 12 1
9 11 0 1 2 3 4 5 7 8 13 1
9 11 0 1 2 3 4 5 7 8 14 0
9 11 0 1 2 3 4 5 7 10 12 0
9 11 0 1 2 3 4 5 7 10 13 0
9 11 0 1 2 3 4 5 7 10 14 0
9 11 0 1 2 3 4 5 7 12 13 1.41421
9 11 0 1 2 3 4 5 7 12 14 1
9 11 0 1 2 3 4 5 7 13 14 1
9 11 0 1 2 3 4 5 8 10 12 0
9 11 0 1 2 3 4 5 8 10 13 0
9 11 0 1 2 3 4 5 8 10 14 0
9 11 0 1 2 3 4 5 8 12 13 1
9 11 0 1 2 3 4 5 8 12 14 0
9 11 0 1 2 3 4 5 8 13 14 0
9 11 0 1 2 3 4 5 10 12 13 0
9 11 0 1 2 3 4 5 10 12 14 0
9 11 0 1 2 3 4 5 10 13 14 0
9 11 0 1 2 3 4 5 12 13 14 1
9 11 0 1 2 3 4 6 7 8 10 0
9 11 0 1 2 3 4 6 7 8 12 1
9 11 0 1 2 3 4 6 7 8 13 1
9 11 0 1 2 3 4 6 7 8 14 0
9 11 0 1 2 3 4 6 7 10 12 0
9 11 0 1 2 3 4 6 7 10 13 0
9 11 0 1 2 3 4 6 7 10 14 0
9 11 0 1 2 3 4 6 7 12 13 1.41421
9 11 0 1 2 3 4 6 7 12 14 1
9 11 0 1 2 3 4 6 7 13 14 1
9 11 0 1 2 3 4 6 8 10 12 1
9 11 0 1 2 3 4 6 8 10 13 1
9 11 0 1 2 3 4 6 8 10 14 1
9 11 0 1 2 3 4 6 8 12 13 1
9 11 0 1 2 3 4 6 8 12 14 1
9 11 0 1 2 3 4 6 8 13 14 1
9 11 0 1 2 3 4 6 10 12 13 1
9 11 0 1 2 3 4 6 10 12 14 1
9 11 0 1 2 3 4 6 10 13 14 1
9 11 0 1 2 3 4 6 12 13 14 1
9 11 0 1 2 3 4 7 8 10 12 0
9 11 0 1 2 3 4 7 8 10 13 0
9 11 0 1 2 3 4 7 8 10 14 0
9 11 0 1 2 3 4 7 8 12 13 1
9 11 0 1 2 3 4 7 8 12 14 0
9 11 0 1 2 3 4 7 8 13 14 0
9 11 0 1 2 3 4 7 10 12 13 0
9 11 0 1 2 3 4 7 10 12 14 0
9 11 0 1 2 3 4 7 10 13 14 0
9 11 0 1 2 3 4 7 12 13 14 1
9 11 0 1 2 3 4 8 10 12 13 1
9 11 0 1 2 3 4 8 10 12 14 1
9 11 0 1 2 3 4 8 10 13 14 1
9 11 0 1 2 3 4 8 12 13 14 1
9 11 0 1 2 3 4 10 12 13 14 1
9 11 0 1 2 3 5 6 7 8 10 0
9 11 0 1 2 3 5 6 7 8 12 1.41421
9 11 0 1 2 3 5 6 7 8 13 1.41421
9 11 0 1 2 3 5 6 7 8 14 1
9 11 0 1 2 3 5 6 7 10 12 0
9 11 0 1 2 3 5 6 7 10 13 0
9 11 0 1 2 3 5 6 7 10 14 0
9 11 0 1 2 3 5 6 7 12 13 1.73205
9 11 0 1 2 3 5 6 7 12 14 1.41421
9 11 0 1 2 3 5 6 7 13 14 1.41421
9 11 0 1 2 3 5 6 8 10 12 0
9 11 0 1 2 3 5 6 8 10 13 0
9 11 0 1 2 3 5 6 8 10 14 0
9 11 0 1 2 3 5 6 8 12 13 1.41421
9 11 0 1 2 3 5 6 8 12 14 1
9 11 0 1 2 3 5 6 8 13 14 1
9 11 0 1 2 3 5 6 10 12 13 0
9 11 0 1 2 3 5 6 10 12 14 0
9 11 0 1 2 3 5 6 10 13 14 0
9 11 0 1 2 3 5 6 12 13 14 1.41421
9 11 0 1 2 3 5 7 8 10 12 0
9 11 0 1 2 3 5 7 8 10 13 0
9 11 0 1 2 3 5 7 8 10 14 0
9 11 0 1 2 3 5 7 8 12 13 1.41421
9 11 0 1 2 3 5 7 8 12 14 1
9 11 0 1 2 3 5 7 8 13 14 1
9 11 0 1 2 3 5 7 10 12 13 0
9 11 0 1 2 3 5 7 10 12 14 0
9 11 0 1 2 3 5 7 10 13 14 0
9 11 0 1 2 3 5 7 12 13 14 1.41421
9 11 0 1 2 3 5 8 10 12 13 0
9 11 0 1 2 3 5 8 10 12 14 0
9 11 0 1 2 3 5 8 10 13 14 0
9 11 0 1 2 3 5 8 12 13 14 1
9 11 0 1 2 3 5 10 12 13 14 0
9 11 0 1 2 3 6 7 8 10 12 1
9 11 0 1 2 3 6 7 8 10 13 1
9 11 0 1 2 3 6 7 8 10 14 1
9 11 0 1 2 3 6 7 8 12 13 1.62019
9 11 0 1 2 3 6 7 8 12 14 1.41421
9 11 0 1 2 3 6 7 8 13 14 1.41421
9 11 0 1 2 3 6 7 10 12 13 1
9 11 0 1 2 3 6 7 10 12 14 1
9 11 0 1 2 3 6 7 10 13 14 1
9 11 0 1 2 3 6 7 12 13 14 1.62019
9 11 0 1 2 3 6 8 10 12 13 1.41421
9 11 0 1 2 3 6 8 10 12 14 1.41421
9 11 0 1 2 3 6 8 10 13 14 1.41421
9 11 0 1 2 3 6 8 12 13 14 1.62019
9 11 0 1 2 3 6 10 12 13 14 1.41421
9 11 0 1 2 3 7 8 10 12 13 1
9 11 0 1 2 3 7 8 10 12 14 1
9 11 0 1 2 3 7 8 10 13 14 1
9 11 0 1 2 3 7 8 12 13 14 1.41421
9 11 0 1 2 3 7 10 12 13 14 1
9 11 0 1 2 3 8 10 12 13 14 1.41421
9 11 0 1 2 4 5 6 7 8 10 0
9 11 0 1 2 4 5 6 7 8 12 1
9 11 0 1 2 4 5 6 7 8 13 1
9 11 0 1 2 4 5 6 7 8 14 0
9 11 0 1 2 4 5 6 7 10 12 0
9 11 0 1 2 4 5 6 7 10 13 0
9 11 0 1 2 4 5 6 7 10 14 0
9 11 0 1 2 4 5 6 7 12 13 1.41421
9 11 0 1 2 4 5 6 7 12 14 1
9 11 0 1 2 4 5 6 7 13 14 1
9 11 0 1 2 4 5 6 8 10 12 1
9 11 0 1 2 4 5 6 8 10 13 1
9 11 0 1 2 4 5 6 8 10 14 1
9 11 0 1 2 4 5 6 8 12 13 1
9 11 0 1 2 4 5 6 8 12 14 1
9 11 0 1 2 4 5 6 8 13 14 1
9 11 0 1 2 4 5 6 10 12 13 1
9 11 0 1 2 4 5 6 10 12 14 1
9 11 0 1 2 4 5 6 10 13 14 1
9 11 0 1 2 4 5 6 12 13 14 1
9 11 0 1 2 4 5 7 8 10 12 0
9 11 0 1 2 4 5 7 8 10 13 0
9 11 0 1 2 4 5 7 8 10 14 0
9 11 0 1 2 4 5 7 8 12 13 1
9 11 0 1 2 4 5 7 8 12 14 0
9 11 0 1 2 4 5 7 8 13 14 0
9 11 0 1 2 4 5 7 10 12 13 0
9 11 0 1 2 4 5 7 10 12 14 0
9 11 0 1 2 4 5 7 10 13 14 0
9 11 0 1 2 4 5 7 12 13 14 1
9 11 0 1 2 4 5 8 10 12 13 1
9 11 0 1 2 4 5 8 10 12 14 1
9 11 0 1 2 4 5 8 10 13 14 1
9 11 0 1 2 4 5 8 12 13 14 1
9 11 0 1 2 4 5 10 12 13 14 1
9 11 0 1 2 4 6 7 8 10 12 0
9 11 0 1 2 4 6 7 8 10 13 0
9 11 0 1 2 4 6 7 8 10 14 0
9 11 0 1 2 4 6 7 8 12 13 1
9 11 0 1 2 4 6 7 8 12 14 0
9 11 0 1 2 4 6 7 8 13 14 0
9 11 0 1 2 4 6 7 10 12 13 0
9 11 0 1 2 4 6 7 10 12 14 0
9 11 0 1 2 4 6 7 10 13 14 0
9 11 0 1 2 4 6 7 12 13 14 1
9 11 0 1 2 4 6 8 10 12 13 1.41421
9 11 0 1 2 4 6 8 10 12 14 1.41421
9 11 0 1 2 4 6 8 10 13 14 1.41421
9 11 0 1 2 4 6 8 12 13 14 1.41421
9 11 0 1 2 4 6 10 12 13 14 1.41421
9 11 0 1 2 4 7 8 10 12 13 0
9 11 0 1 2 4 7 8 10 12 14 0
9 11 0 1 2 4 7 8 10 13 14 0
9 11 0 1 2 4 7 8 12 13 14 0
9 11 0 1 2 4 7 10 12 13 14 0
9 11 0 1 2 4 8 10 12 13 14 1.41421
9 11 0 1 2 5 6 7 8 10 12 0
9 11 0 1 2 5 6 7 8 10 13 0
9 11 0 1 2 5 6 7 8 10 14 0
9 11 0 1 2 5 6 7 8 12 13 1.41421
9 11 0 1 2 5 6 7 8 12 14 1
9 11 0 1 2 5 6 7 8 13 14 1
9 11 0 1 2 5 6 7 10 12 13 0
9 11 0 1 2 5 6 7 10 12 14 0
9 11 0 1 2 5 6 7 10 13 14 0
9 11 0 1 2 5 6 7 12 13 14 1.41421
9 11 0 1 2 5 6 8 10 12 13 1
9 11 0 1 2 5 6 8 10 12 14 1
9 11 0 1 2 5 6 8 10 13 14 1
9 11 0 1 2 5 6 8 12 13 14 1
9 11 0 1 2 5 6 10 12 13 14 1
9 11 0 1 2 5 7 8 10 12 13 0
9 11 0 1 2 5 7 8 10 12 14 0
9 11 0 1 2 5 7 8 10 13 14 0
9 11 0 1 2 5 7 8 12 13 14 1
9 11 0 1 2 5 7 10 12 13 14 0
9 11 0 1 2 5 8 10 12 13 14 1
9 11 0 1 2 6 7 8 10 12 13 1
9 11 0 1 2 6 7 8 10 12 14 1
9 11 0 1 2 6 7 8 10 13 14 1
9 11 0 1 2 6 7 8 12 13 14 1.41421
9 11 0 1 2 6 7 10 12 13 14 1
9 11 0 1 2 6 8 10 12 13 14 1.62019
9 11 0 1 2 7 8 10 12 13 14 1
9 11 0 1 3 4 5 6 7 8 10 0
9 11 0 1 3 4 5 6 7 8 12 1
9 11 0 1 3 4 5 6 7 8 13 1
9 11 0 1 3 4 5 6 7 8 14 0
9 11 0 1 3 4 5 6 7 10 12 0
9 11 0 1 3 4 5 6 7 10 13 0
9 11 0 1 3 4 5 6 7 10 14 0
9 11 0 1 3 4 5 6 7 12 13 1.41421
9 11 0 1 3 4 5 6 7 12 14 1
9 11 0 1 3 4 5 6 7 13 14 1
9 11 0 1 3 4 5 6 8 10 12 0
9 11 0 1 3 4 5 6 8 10 13 0
9 11 0 1 3 4 5 6 8 10 14 0
9 11 0 1 3 4 5 6 8 12 13 1
9 11 0 1 3 4 5 6 8 12 14 0
9 11 0 1 3 4 5 6 8 13 14 0
9 11 0 1 3 4 5 6 10 12 13 0
9 11 0 1 3 4 5 6 10 12 14 0
9 11 0 1 3 4 5 6 10 13 14 0
9 11 0 1 3 4 5 6 12 13 14 1
9 11 0 1 3 4 5 7 8 10 12 0
9 11 0 1 3 4 5 7 8 10 13 0
9 11 0 1 3 4 5 7 8 10 14 0
9 11 0 1 3 4 5 7 8 12 13 1
9 11 0 1 3 4 5 7 8 12 14 0
9 11 0 1 3 4 5 7 8 13 14 0
9 11 0 1 3 4 5 7 10 12 13 0
9 11 0 1 3 4 5 7 10 12 14 0
9 11 0 1 3 4 5 7 10 13 14 0
9 11 0 1 3 4 5 7 12 13 14 1
9 11 0 1 3 4 5 8 10 12 13 0
9 11 0 1 3 4 5 8 10 12 14 0
9 11 0 1 3 4 5 8 10 13 14 0
9 11 0 1 3 4 5 8 12 13 14 0
9 11 0 1 3 4 5 10 12 13 14 0
9 11 0 1 3 4 6 7 8 10 12 1
9 11 0 1 3 4 6 7 8 10 13 1
9 11 0 1 3 4 6 7 8 10 14 1
9 11 0 1 3 4 6 7 8 12 13 1
9 11 0 1 3 4 6 7 8 12 14 1
9 11 0 1 3 4 6 7 8 13 14 1
9 11 0 1 3 4 6 7 10 12 13 1
9 11 0 1 3 4 6 7 10 12 14 1
9 11 0 1 3 4 6 7 10 13 14 1
9 11 0 1 3 4 6 7 12 13 14 1
9 11 0 1 3 4 6 8 10 12 13 1.41421
9 11 0 1 3 4 6 8 10 12 14 1.41421
9 11 0 1 3 4 6 8 10 13 14 1.41421
9 11 0 1 3 4 6 8 12 13 14 1.41421
9 11 0 1 3 4 6 10 12 13 14 1.41421
9 11 0 1 3 4 7 8 10 12 13 1
9 11 0 1 3 4 7 8 10 12 14 1
9 11 0 1 3 4 7 8 10 13 14 1
9 11 0 1 3 4 7 8 12 13 14 1
9 11 0 1 3 4 7 10 12 13 14 1
9 11 0 1 3 4 8 10 12 13 14 1.41421
9 11 0 1 3 5 6 7 8 10 12 0
9 11 0 1 3 5 6 7 8 10 13 0
9 11 0 1 3 5 6 7 8 10 14 0
9 11 0 1 3 5 6 7 8 12 13 1.41421
9 11 0 1 3 5 6 7 8 12 14 1
9 11 0 1 3 5 6 7 8 13 14 1
9 11 0 1 3 5 6 7 10 12 13 0
9 11 0 1 3 5 6 7 10 12 14 0
9 11 0 1 3 5 6 7 10 13 14 0
9 11 0 1 3 5 6 7 12 13 14 1.41421
9 11 0 1 3 5 6 8 10 12 13 0
9 11 0 1 3 5 6 8 10 12 14 0
9 11 0 1 3 5 6 8 10 13 14 0
9 11 0 1 3 5 6 8 12 13 14 1
9 11 0 1 3 5 6 10 12 13 14 0
9 11 0 1 3 5 7 8 10 12 13 0
9 11 0 1 3 5 7 8 10 12 14 0
9 11 0 1 3 5 7 8 10 13 14 0
9 11 0 1 3 5 7 8 12 13 14 1
9 11 0 1 3 5 7 10 12 13 14 0
9 11 0 1 3 5 8 10 12 13 14 0
9 11 0 1 3 6 7 8 10 12 13 1.41421
9 11 0 1 3 6 7 8 10 12 14 1.41421
9 11 0 1 3 6 7 8 10 13 14 1.41421
9 11 0 1 3 6 7 8 12 13 14 1.62019
9 11 0 1 3 6 7 10 12 13 14 1.41421
9 11 0 1 3 6 8 10 12 13 14 1.73205
9 11 0 1 3 7 8 10 12 13 14 1.41421
9 11 0 1 4 5 6 7 8 10 12 1
9 11 0 1 4 5 6 7 8 10 13 1
9 11 0 1 4 5 6 7 8 10 14 1
9 11 0 1 4 5 6 7 8 12 13 1
9 11 0 1 4 5 6 7 8 12 14 1
9 11 0 1 4 5 6 7 8 13 14 1
9 11 0 1 4 5 6 7 10 12 13 1
9 11 0 1 4 5 6 7 10 12 14 1
9 11 0 1 4 5 6 7 10 13 14 1
9 11 0 1 4 5 6 7 12 13 14 1
9 11 0 1 4 5 6 8 10 12 13 1.41421
9 11 0 1 4 5 6 8 10 12 14 1.41421
9 11 0 1 4 5 6 8 10 13 14 1.41421
9 11 0 1 4 5 6 8 12 13 14 1.41421
9 11 0 1 4 5 6 10 12 13 14 1.41421
9 11 0 1 4 5 7 8 10 12 13 1
9 11 0 1 4 5 7 8 10 12 14 1
9 11 0 1 4 5 7 8 10 13 14 1
9 11 0 1 4 5 7 8 12 13 14 1
9 11 0 1 4 5 7 10 12 13 14 1
9 11 0 1 4 5 8 10 12 13 14 1.41421
9 11 0 1 4 6 7 8 10 12 13 1.41421
9 11 0 1 4 6 7 8 10 12 14 1.41421
9 11 0 1 4 6 7 8 10 13 14 1.41421
9 11 0 1 4 6 7 8 12 13 14 1.41421
9 11 0 1 4 6 7 10 12 13 14 1.41421
9 11 0 1 4 6 8 10 12 13 14 2
9 11 0 1 4 7 8 10 12 13 14 1.41421
9 11 0 1 5 6 7 8 10 12 13 1
9 11 0 1 5 6 7 8 10 12 14 1
9 11 0 1 5 6 7 8 10 13 14 1
9 11 0 1 5 6 7 8 12 13 14 1
9 11 0 1 5 6 7 10 12 13 14 1
9 11 0 1 5 6 8 10 12 13 14 1.41421
9 11 0 1 5 7 8 10 12 13 14 1
9 11 0 1 6 7 8 10 12 13 14 1.62019
9 11 0 2 3 4 5 6 7 8 10 1.41421
9 11 0 2 3 4 5 6 7 8 12 1
9 11 0 2 3 4 5 6 7 8 13 1
9 11 0 2 3 4 5 6 7 8 14 1.41421
9 11 0 2 3 4 5 6 7 10 12 1.41421
9 11 0 2 3 4 5 6 7 10 13 1.41421
9 11 0 2 3 4 5 6 7 10 14 1.73205
9 11 0 2 3 4 5 6 7 12 13 1.62019
9 11 0 2 3 4 5 6 7 12 14 1.62019
9 11 0 2 3 4 5 6 7 13 14 1.62019
9 11 0 2 3 4 5 6 8 10 12 1.41421
9 11 0 2 3 4 5 6 8 10 13 1.41421
9 11 0 2 3 4 5 6 8 10 14 1.73205
9 11 0 2 3 4 5 6 8 12 13 1
9 11 0 2 3 4 5 6 8 12 14 1.41421
9 11 0 2 3 4 5 6 8 13 14 1.41421
9 11 0 2 3 4 5 6 10 12 13 1.41421
9 11 0 2 3 4 5 6 10 12 14 1.73205
9 11 0 2 3 4 5 6 10 13 14 1.73205
9 11 0 2 3 4 5 6 12 13 14 1.62019
9 11 0 2 3 4 5 7 8 10 12 1
9 11 0 2 3 4 5 7 8 10 13 1
9 11 0 2 3 4 5 7 8 10 14 1.41421
9 11 0 2 3 4 5 7 8 12 13 1
9 11 0 2 3 4 5 7 8 12 14 1
9 11 0 2 3 4 5 7 8 13 14 1
9 11 0 2 3 4 5 7 10 12 13 1
9 11 0 2 3 4 5 7 10 12 14 1.41421
9 11 0 2 3 4 5 7 10 13 14 1.41421
9 11 0 2 3 4 5 7 12 13 14 1.41421
9 11 0 2 3 4 5 8 10 12 13 1
9 11 0 2 3 4 5 8 10 12 14 1.41421
9 11 0 2 3 4 5 8 10 13 14 1.41421
9 11 0 2 3 4 5 8 12 13 14 1
9 11 0 2 3 4 5 10 12 13 14 1.41421
9 11 0 2 3 4 6 7 8 10 12 1
9 11 0 2 3 4 6 7 8 10 13 1
9 11 0 2 3 4 6 7 8 10 14 1.41421
9 11 0 2 3 4 6 7 8 12 13 1
9 11 0 2 3 4 6 7 8 12 14 1
9 11 0 2 3 4 6 7 8 13 14 1
9 11 0 2 3 4 6 7 10 12 13 1
9 11 0 2 3 4 6 7 10 12 14 1.41421
9 11 0 2 3 4 6 7 10 13 14 1.41421
9 11 0 2 3 4 6 7 12 13 14 1.41421
9 11 0 2 3 4 6 8 10 12 13 1.41421
9 11 0 2 3 4 6 8 10 12 14 1.62019
9 11 0 2 3 4 6 8 10 13 14 1.62019
9 11 0 2 3 4 6 8 12 13 14 1.41421
9 11 0 2 3 4 6 10 12 13 14 1.62019
9 11 0 2 3 4 7 8 10 12 13 0
9 11 0 2 3 4 7 8 10 12 14 1
9 11 0 2 3 4 7 8 10 13 14 1
9 11 0 2 3 4 7 8 12 13 14 0
9 11 0 2 3 4 7 10 12 13 14 1
9 11 0 2 3 4 8 10 12 13 14 1.41421
9 11 0 2 3 5 6 7 8 10 12 1
9 11 0 2 3 5 6 7 8 10 13 1
9 11 0 2 3 5 6 7 8 10 14 1.41421
9 11 0 2 3 5 6 7 8 12 13 1.41421
9 11 0 2 3 5 6 7 8 12 14 1
9 11 0 2 3 5 6 7 8 13 14 1
9 11 0 2 3 5 6 7 10 12 13 1
9 11 0 2 3 5 6 7 10 12 14 1.41421
9 11 0 2 3 5 6 7 10 13 14 1.41421
9 11 0 2 3 5 6 7 12 13 14 1.62019
9 11 0 2 3 5 6 8 10 12 13 1
9 11 0 2 3 5 6 8 10 12 14 1.41421
9 11 0 2 3 5 6 8 10 13 14 1.41421
9 11 0 2 3 5 6 8 12 13 14 1
9 11 0 2 3 5 6 10 12 13 14 1.41421
9 11 0 2 3 5 7 8 10 12 13 0
9 11 0 2 3 5 7 8 10 12 14 1
9 11 0 2 3 5 7 8 10 13 14 1
9 11 0 2 3 5 7 8 12 13 14 1
9 11 0 2 3 5 7 10 12 13 14 1
9 11 0 2 3 5 8 10 12 13 14 1
9 11 0 2 3 6 7 8 10 12 13 1
9 11 0 2 3 6 7 8 10 12 14 1
9 11 0 2 3 6 7 8 10 13 14 1
9 11 0 2 3 6 7 8 12 13 14 1.41421
9 11 0 2 3 6 7 10 12 13 14 1
9 11 0 2 3 6 8 10 12 13 14 1.62019
9 11 0 2 3 7 8 10 12 13 14 1
9 11 0 2 4 5 6 7 8 10 12 1
9 11 0 2 4 5 6 7 8 10 13 1
9 11 0 2 4 5 6 7 8 10 14 1.41421
9 11 0 2 4 5 6 7 8 12 13 1
9 11 0 2 4 5 6 7 8 12 14 1
9 11 0 2 4 5 6 7 8 13 14 1
9 11 0 2 4 5 6 7 10 12 13 1
9 11 0 2 4 5 6 7 10 12 14 1.41421
9 11 0 2 4 5 6 7 10 13 14 1.41421
9 11 0 2 4 5 6 7 12 13 14 1.41421
9 11 0 2 4 5 6 8 10 12 13 1.41421
9 11 0 2 4 5 6 8 10 12 14 1.62019
9 11 0 2 4 5 6 8 10 13 14 1.62019
9 11 0 2 4 5 6 8 12 13 14 1.41421
9 11 0 2 4 5 6 10 12 13 14 1.62019
9 11 0 2 4 5 7 8 10 12 13 0
9 11 0 2 4 5 7 8 10 12 14 1
9 11 0 2 4 5 7 8 10 13 14 1
9 11 0 2 4 5 7 8 12 13 14 0
9 11 0 2 4 5 7 10 12 13 14 1
9 11 0 2 4 5 8 10 12 13 14 1.41421
9 11 0 2 4 6 7 8 10 12 13 0
9 11 0 2 4 6 7 8 10 12 14 1
9 11 0 2 4 6 7 8 10 13 14 1
9 11 0 2 4 6 7 8 12 13 14 0
9 11 0 2 4 6 7 10 12 13 14 1
9 11 0 2 4 6 8 10 12 13 14 1.73205
9 11 0 2 4 7 8 10 12 13 14 0
9 11 0 2 5 6 7 8 10 12 13 0
9 11 0 2 5 6 7 8 10 12 14 1
9 11 0 2 5 6 7 8 10 13 14 1
9 11 0 2 5 6 7 8 12 13 14 1
9 11 0 2 5 6 7 10 12 13 14 1
9 11 0 2 5 6 8 10 12 13 14 1.41421
9 11 0 2 5 7 8 10 12 13 14 0
9 11 0 2 6 7 8 10 12 13 14 1
9 11 0 3 4 5 6 7 8 10 12 1.41421
9 11 0 3 4 5 6 7 8 10 13 1.41421
9 11 0 3 4 5 6 7 8 10 14 1.73205
9 11 0 3 4 5 6 7 8 12 13 1
9 11 0 3 4 5 6 7 8 12 14 1.41421
9 11 0 3 4 5 6 7 8 13 14 1.41421
9 11 0 3 4 5 6 7 10 12 13 1.41421
9 11 0 3 4 5 6 7 10 12 14 1.73205
9 11 0 3 4 5 6 7 10 13 14 1.73205
9 11 0 3 4 5 6 7 12 13 14 1.62019
9 11 0 3 4 5 6 8 10 12 13 1.41421
9 11 0 3 4 5 6 8 10 12 14 1.73205
9 11 0 3 4 5 6 8 10 13 14 1.73205
9 11 0 3 4 5 6 8 12 13 14 1.41421
9 11 0 3 4 5 6 10 12 13 14 1.73205
9 11 0 3 4 5 7 8 10 12 13 1
9 11 0 3 4 5 7 8 10 12 14 1.41421
9 11 0 3 4 5 7 8 10 13 14 1.41421
9 11 0 3 4 5 7 8 12 13 14 1
9 11 0 3 4 5 7 10 12 13 14 1.41421
9 11 0 3 4 5 8 10 12 13 14 1.41421
9 11 0 3 4 6 7 8 10 12 13 1.41421
9 11 0 3 4 6 7 8 10 12 14 1.62019
9 11 0 3 4 6 7 8 10 13 14 1.62019
9 11 0 3 4 6 7 8 12 13 14 1.41421
9 11 0 3 4 6 7 10 12 13 14 1.62019
9 11 0 3 4 6 8 10 12 13 14 2
9 11 0 3 4 7 8 10 12 13 14 1.41421
9 11 0 3 5 6 7 8 10 12 13 1
9 11 0 3 5 6 7 8 10 12 14 1.41421
9 11 0 3 5 6 7 8 10 13 14 1.41421
9 11 0 3 5 6 7 8 12 13 14 1
9 11 0 3 5 6 7 10 12 13 14 1.41421
9 11 0 3 5 6 8 10 12 13 14 1.41421
9 11 0 3 5 7 8 10 12 13 14 1
9 11 0 3 6 7 8 10 12 13 14 1.62019
9 11 0 4 5 6 7 8 10 12 13 1.41421
9 11 0 4 5 6 7 8 10 12 14 1.62019
9 11 0 4 5 6 7 8 10 13 14 1.62019
9 11 0 4 5 6 7 8 12 13 14 1.41421
9 11 0 4 5 6 7 10 12 13 14 1.62019
9 11 0 4 5 6 8 10 12 13 14 2
9 11 0 4 5 7 8 10 12 13 14 1.41421
9 11 0 4 6 7 8 10 12 13 14 1.73205
9 11 0 5 6 7 8 10 12 13 14 1.41421
9 11 1 2 3 4 5 6 7 8 10 1
9 11 1 2 3 4 5 6 7 8 12 1
9 11 1 2 3 4 5 6 7 8 13 1
9 11 1 2 3 4 5 6 7 8 14 1
9 11 1 2 3 4 5 6 7 10 12 1
9 11 1 2 3 4 5 6 7 10 13 0
9 11 1 2 3 4 5 6 7 10 14 1
9 11 1 2 3 4 5 6 7 12 13 1.41421
9 11 1 2 3 4 5 6 7 12 14 1
9 11 1 2 3 4 5 6 7 13 14 1
9 11 1 2 3 4 5 6 8 10 12 1
9 11 1 2 3 4 5 6 8 10 13 0
9 11 1 2 3 4 5 6 8 10 14 1
9 11 1 2 3 4 5 6 8 12 13 1
9 11 1 2 3 4 5 6 8 12 14 1
9 11 1 2 3 4 5 6 8 13 14 0
9 11 1 2 3 4 5 6 10 12 13 0
9 11 1 2 3 4 5 6 10 12 14 1
9 11 1 2 3 4 5 6 10 13 14 0
9 11 1 2 3 4 5 6 12 13 14 1
9 11 1 2 3 4 5 7 8 10 12 1
9 11 1 2 3 4 5 7 8 10 13 0
9 11 1 2 3 4 5 7 8 10 14 1
9 11 1 2 3 4 5 7 8 12 13 1
9 11 1 2 3 4 5 7 8 12 14 1
9 11 1 2 3 4 5 7 8 13 14 0
9 11 1 2 3 4 5 7 10 12 13 0
9 11 1 2 3 4 5 7 10 12 14 1
9 11 1 2 3 4 5 7 10 13 14 0
9 11 1 2 3 4 5 7 12 13 14 1
9 11 1 2 3 4 5 8 10 12 13 0
9 11 1 2 3 4 5 8 10 12 14 1
9 11 1 2 3 4 5 8 10 13 14 0
9 11 1 2 3 4 5 8 12 13 14 0
9 11 1 2 3 4 5 10 12 13 14 0
9 11 1 2 3 4 6 7 8 10 12 1
9 11 1 2 3 4 6 7 8 10 13 0
9 11 1 2 3 4 6 7 8 10 14 1
9 11 1 2 3 4 6 7 8 12 13 1
9 11 1 2 3 4 6 7 8 12 14 1
9 11 1 2 3 4 6 7 8 13 14 0
9 11 1 2 3 4 6 7 10 12 13 0
9 11 1 2 3 4 6 7 10 12 14 1
9 11 1 2 3 4 6 7 10 13 14 0
9 11 1 2 3 4 6 7 12 13 14 1
9 11 1 2 3 4 6 8 10 12 13 1
9 11 1 2 3 4 6 8 10 12 14 1
9 11 1 2 3 4 6 8 10 13 14 1
9 11 1 2 3 4 6 8 12 13 14 1
9 11 1 2 3 4 6 10 12 13 14 1
9 11 1 2 3 4 7 8 10 12 13 0
9 11 1 2 3 4 7 8 10 12 14 1
9 11 1 2 3 4 7 8 10 13 14 0
9 11 1 2 3 4 7 8 12 13 14 0
9 11 1 2 3 4 7 10 12 13 14 0
9 11 1 2 3 4 8 10 12 13 14 1
9 11 1 2 3 5 6 7 8 10 12 1
9 11 1 2 3 5 6 7 8 10 13 0
9 11 1 2 3 5 6 7 8 10 14 1
9 11 1 2 3 5 6 7 8 12 13 1.41421
9 11 1 2 3 5 6 7 8 12 14 1
9 11 1 2 3 5 6 7 8 13 14 1
9 11 1 2 3 5 6 7 10 12 13 0
9 11 1 2 3 5 6 7 10 12 14 1
9 11 1 2 3 5 6 7 10 13 14 0
9 11 1 2 3 5 6 7 12 13 14 1.41421
9 11 1 2 3 5 6 8 10 12 13 0
9 11 1 2 3 5 6 8 10 12 14 1
9 11 1 2 3 5 6 8 10 13 14 0
9 11 1 2 3 5 6 8 12 13 14 1
9 11 1 2 3 5 6 10 12 13 14 0
9 11 1 2 3 5 7 8 10 12 13 0
9 11 1 2 3 5 7 8 10 12 14 1
9 11 1 2 3 5 7 8 10 13 14 0
9 11 1 2 3 5 7 8 12 13 14 1
9 11 1 2 3 5 7 10 12 13 14 0
9 11 1 2 3 5 8 10 12 13 14 0
9 11 1 2 3 6 7 8 10 12 13 1
9 11 1 2 3 6 7 8 10 12 14 1
9 11 1 2 3 6 7 8 10 13 14 1
9 11 1 2 3 6 7 8 12 13 14 1.41421
9 11 1 2 3 6 7 10 12 13 14 1
9 11 1 2 3 6 8 10 12 13 14 1.41421
9 11 1 2 3 7 8 10 12 13 14 1
9 11 1 2 4 5 6 7 8 10 12 1
9 11 1 2 4 5 6 7 8 10 13 0
9 11 1 2 4 5 6 7 8 10 14 1
9 11 1 2 4 5 6 7 8 12 13 1
9 11 1 2 4 5 6 7 8 12 14 1
9 11 1 2 4 5 6 7 8 13 14 0
9 11 1 2 4 5 6 7 10 12 13 0
9 11 1 2 4 5 6 7 10 12 14 1
9 11 1 2 4 5 6 7 10 13 14 0
9 11 1 2 4 5 6 7 12 13 14 1
9 11 1 2 4 5 6 8 10 12 13 1
9 11 1 2 4 5 6 8 10 12 14 1
9 11 1 2 4 5 6 8 10 13 14 1
9 11 1 2 4 5 6 8 12 13 14 1
9 11 1 2 4 5 6 10 12 13 14 1
9 11 1 2 4 5 7 8 10 12 13 0
9 11 1 2 4 5 7 8 10 12 14 1
9 11 1 2 4 5 7 8 10 13 14 0
9 11 1 2 4 5 7 8 12 13 14 0
9 11 1 2 4 5 7 10 12 13 14 0
9 11 1 2 4 5 8 10 12 13 14 1
9 11 1 2 4 6 7 8 10 12 13 0
9 11 1 2 4 6 7 8 10 12 14 1
9 11 1 2 4 6 7 8 10 13 14 0
9 11 1 2 4 6 7 8 12 13 14 0
9 11 1 2 4 6 7 10 12 13 14 0
9 11 1 2 4 6 8 10 12 13 14 1.41421
9 11 1 2 4 7 8 10 12 13 14 0
9 11 1 2 5 6 7 8 10 12 13 0
9 11 1 2 5 6 7 8 10 12 14 1
9 11 1 2 5 6 7 8 10 13 14 0
9 11 1 2 5 6 7 8 12 13 14 1
9 11 1 2 5 6 7 10 12 13 14 0
9 11 1 2 5 6 8 10 12 13 14 1
9 11 1 2 5 7 8 10 12 13 14 0
9 11 1 2 6 7 8 10 12 13 14 1
9 11 1 3 4 5 6 7 8 10 12 1
9 11 1 3 4 5 6 7 8 10 13 0
9 11 1 3 4 5 6 7 8 10 14 1
9 11 1 3 4 5 6 7 8 12 13 1
9 11 1 3 4 5 6 7 8 12 14 1
9 11 1 3 4 5 6 7 8 13 14 0
9 11 1 3 4 5 6 7 10 12 13 0
9 11 1 3 4 5 6 7 10 12 14 1
9 11 1 3 4 5 6 7 10 13 14 0
9 11 1 3 4 5 6 7 12 13 14 1
9 11 1 3 4 5 6 8 10 12 13 0
9 11 1 3 4 5 6 8 10 12 14 1
9 11 1 3 4 5 6 8 10 13 14 0
9 11 1 3 4 5 6 8 12 13 14 0
9 11 1 3 4 5 6 10 12 13 14 0
9 11 1 3 4 5 7 8 10 12 13 0
9 11 1 3 4 5 7 8 10 12 14 1
9 11 1 3 4 5 7 8 10 13 14 0
9 11 1 3 4 5 7 8 12 13 14 0
9 11 1 3 4 5 7 10 12 13 14 0
9 11 1 3 4 5 8 10 12 13 14 0
9 11 1 3 4 6 7 8 10 12 13 1
9 11 1 3 4 6 7 8 10 12 14 1
9 11 1 3 4 6 7 8 10 13 14 1
9 11 1 3 4 6 7 8 12 13 14 1
9 11 1 3 4 6 7 10 12 13 14 1
9 11 1 3 4 6 8 10 12 13 14 1.41421
9 11 1 3 4 7 8 10 12 13 14 1
9 11 1 3 5 6 7 8 10 12 13 0
9 11 1 3 5 6 7 8 10 12 14 1
9 11 1 3 5 6 7 8 10 13 14 0
9 11 1 3 5 6 7 8 12 13 14 1
9 11 1 3 5 6 7 10 12 13 14 0
9 11 1 3 5 6 8 10 12 13 14 0
9 11 1 3 5 7 8 10 12 13 14 0
9 11 1 3 6 7 8 10 12 13 14 1.41421
9 11 1 4 5 6 7 8 10 12 13 1
9 11 1 4 5 6 7 8 10 12 14 1
9 11 1 4 5 6 7 8 10 13 14 1
9 11 1 4 5 6 7 8 12 13 14 1
9 11 1 4 5 6 7 10 12 13 14 1
9 11 1 4 5 6 8 10 12 13 14 1.41421
9 11 1 4 5 7 8 10 12 13 14 1
9 11 1 4 6 7 8 10 12 13 14 1.41421
9 11 1 5 6 7 8 10 12 13 14 1
9 11 2 3 4 5 6 7 8 10 12 1.41421
9 11 2 3 4 5 6 7 8 10 13 1
9 11 2 3 4 5 6 7 8 10 14 1.62019
9 11 2 3 4 5 6 7 8 12 13 1
9 11 2 3 4 5 6 7 8 12 14 1.41421
9 11 2 3 4 5 6 7 8 13 14 1
9 11 2 3 4 5 6 7 10 12 13 1
9 11 2 3 4 5 6 7 10 12 14 1.62019
9 11 2 3 4 5 6 7 10 13 14 1.41421
9 11 2 3 4 5 6 7 12 13 14 1.41421
9 11 2 3 4 5 6 8 10 12 13 1
9 11 2 3 4 5 6 8 10 12 14 1.62019
9 11 2 3 4 5 6 8 10 13 14 1.41421
9 11 2 3 4 5 6 8 12 13 14 1
9 11 2 3 4 5 6 10 12 13 14 1.41421
9 11 2 3 4 5 7 8 10 12 13 0
9 11 2 3 4 5 7 8 10 12 14 1.41421
9 11 2 3 4 5 7 8 10 13 14 1
9 11 2 3 4 5 7 8 12 13 14 0
9 11 2 3 4 5 7 10 12 13 14 1
9 11 2 3 4 5 8 10 12 13 14 1
9 11 2 3 4 6 7 8 10 12 13 0
9 11 2 3 4 6 7 8 10 12 14 1.41421
9 11 2 3 4 6 7 8 10 13 14 1
9 11 2 3 4 6 7 8 12 13 14 0
9 11 2 3 4 6 7 10 12 13 14 1
9 11 2 3 4 6 8 10 12 13 14 1.41421
9 11 2 3 4 7 8 10 12 13 14 0
9 11 2 3 5 6 7 8 10 12 13 0
9 11 2 3 5 6 7 8 10 12 14 1.41421
9 11 2 3 5 6 7 8 10 13 14 1
9 11 2 3 5 6 7 8 12 13 14 1
9 11 2 3 5 6 7 10 12 13 14 1
9 11 2 3 5 6 8 10 12 13 14 1
9 11 2 3 5 7 8 10 12 13 14 0
9 11 2 3 6 7 8 10 12 13 14 1
9 11 2 4 5 6 7 8 10 12 13 0
9 11 2 4 5 6 7 8 10 12 14 1.41421
9 11 2 4 5 6 7 8 10 13 14 1
9 11 2 4 5 6 7 8 12 13 14 0
9 11 2 4 5 6 7 10 12 13 14 1
9 11 2 4 5 6 8 10 12 13 14 1.41421
9 11 2 4 5 7 8 10 12 13 14 0
9 11 2 4 6 7 8 10 12 13 14 0
9 11 2 5 6 7 8 10 12 13 14 0
9 11 3 4 5 6 7 8 10 12 13 1
9 11 3 4 5 6 7 8 10 12 14 1.62019
9 11 3 4 5 6 7 8 10 13 14 1.41421
9 11 3 4 5 6 7 8 12 13 14 1
9 11 3 4 5 6 7 10 12 13 14 1.41421
9 11 3 4 5 6 8 10 12 13 14 1.41421
9 11 3 4 5 7 8 10 12 13 14 1
9 11 3 4 6 7 8 10 12 13 14 1.41421
9 11 3 5 6 7 8 10 12 13 14 1
9 11 4 5 6 7 8 10 12 13 14 1.41421
