6 7 0 1 1.96214
6 7 0 2 2.04939
6 7 0 3 2.27913
6 7 0 4 2.27689
6 7 0 5 2.21303
6 7 0 8 2.1391
6 7 0 9 2.39792
6 7 0 10 2.23607
6 7 0 11 2.35855
6 7 0 12 2.27798
6 7 0 13 2.27798
6 7 0 14 2.34521
6 7 1 2 1.85164
6 7 1 3 1.90693
6 7 1 4 1.62019
6 7 1 5 1.73205
6 7 1 8 2
6 7 1 9 1.96214
6 7 1 10 1.73205
6 7 1 11 1.93309
6 7 1 12 1.96214
6 7 1 13 1.96214
6 7 1 14 2
6 7 2 3 2.08167
6 7 2 4 2
6 7 2 5 2.04939
6 7 2 8 1.62019
6 7 2 9 2.08167
6 7 2 10 1.85164
6 7 2 11 2.08167
6 7 2 12 2
6 7 2 13 2
6 7 2 14 2
6 7 3 4 2.23607
6 7 3 5 2.19034
6 7 3 8 2.02367
6 7 3 9 2.326
6 7 3 10 2.16556
6 7 3 11 2.326
6 7 3 12 2.20605
6 7 3 13 2.16025
6 7 3 14 2.27837
6 7 4 5 2.22985
6 7 4 8 2.09938
6 7 4 9 2.34521
6 7 4 10 2.2514
6 7 4 11 2.28239
6 7 4 12 2.15322
6 7 4 13 2.16025
6 7 4 14 2.29256
6 7 5 8 2
6 7 5 9 2.25948
6 7 5 10 2.16556
6 7 5 11 2.24649
6 7 5 12 2.12916
6 7 5 13 2.08738
6 7 5 14 2.22985
6 7 8 9 2.1693
6 7 8 10 2.13809
6 7 8 11 2.14154
6 7 8 12 2.08167
6 7 8 13 2.08167
6 7 8 14 2.15322
6 7 9 10 2.26855
6 7 9 11 2.38791
6 7 9 12 2.29989
6 7 9 13 2.27798
6 7 9 14 2.36834
6 7 10 11 2.2514
6 7 10 12 2.13809
6 7 10 13 2.10223
6 7 10 14 2.26855
6 7 11 12 2.27761
6 7 11 13 2.2563
6 7 11 14 2.34937
6 7 12 13 2.19644
6 7 12 14 2.24846
6 7 13 14 2.23607
