6 7 0 1 2 1.85164
6 7 0 1 3 1.90693
6 7 0 1 4 1.62019
6 7 0 1 5 1.73205
6 7 0 1 8 2
6 7 0 1 9 1.96214
6 7 0 1 10 1.73205
6 7 0 1 11 1.93309
6 7 0 1 12 1.96214
6 7 0 1 13 1.96214
6 7 0 1 14 2
6 7 0 2 3 2.04939
6 7 0 2 4 1.90693
6 7 0 2 5 2
6 7 0 2 8 1.62019
6 7 0 2 9 2.04939
6 7 0 2 10 1.73205
6 7 0 2 11 2.04939
6 7 0 2 12 2
6 7 0 2 13 2
6 7 0 2 14 1.93309
6 7 0 3 4 2.16556
6 7 0 3 5 2.15297
6 7 0 3 8 1.96214
6 7 0 3 9 2.27913
6 7 0 3 10 2.10357
6 7 0 3 11 2.27913
6 7 0 3 12 2.16025
6 7 0 3 13 2.16025
6 7 0 3 14 2.24038
6 7 0 4 5 2.23607
6 7 0 4 8 2.04939
6 7 0 4 9 2.27689
6 7 0 4 10 2.21037
6 7 0 4 11 2.23846
6 7 0 4 12 2.16025
6 7 0 4 13 2.16025
6 7 0 4 14 2.2514
6 7 0 5 8 1.90693
6 7 0 5 9 2.21303
6 7 0 5 10 2.10357
6 7 0 5 11 2.19034
6 7 0 5 12 2.08738
6 7 0 5 13 2.08738
6 7 0 5 14 2.23607
6 7 0 8 9 2.1391
6 7 0 8 10 2.10223
6 7 0 8 11 2.09069
6 7 0 8 12 2.08167
6 7 0 8 13 2.08167
6 7 0 8 14 2.12132
6 7 0 9 10 2.23607
6 7 0 9 11 2.35855
6 7 0 9 12 2.27798
6 7 0 9 13 2.27798
6 7 0 9 14 2.34521
6 7 0 10 11 2.21037
6 7 0 10 12 2.10223
6 7 0 10 13 2.10223
6 7 0 10 14 2.23607
6 7 0 11 12 2.2563
6 7 0 11 13 2.2563
6 7 0 11 14 2.31349
6 7 0 12 13 2.19644
6 7 0 12 14 2.23607
6 7 0 13 14 2.23607
6 7 1 2 3 1.85164
6 7 1 2 4 1.41421
6 7 1 2 5 1.73205
6 7 1 2 8 1.62019
6 7 1 2 9 1.85164
6 7 1 2 10 1
6 7 1 2 11 1.85164
6 7 1 2 12 1.85164
6 7 1 2 13 1.85164
6 7 1 2 14 1.62019
6 7 1 3 4 1.41421
6 7 1 3 5 1.73205
6 7 1 3 8 1.73205
6 7 1 3 9 1.90693
6 7 1 3 10 1.41421
6 7 1 3 11 1.90693
6 7 1 3 12 1.90693
6 7 1 3 13 1.90693
6 7 1 3 14 1.73205
6 7 1 4 5 1.41421
6 7 1 4 8 1.62019
6 7 1 4 9 1.62019
6 7 1 4 10 1.62019
6 7 1 4 11 1.41421
6 7 1 4 12 1.62019
6 7 1 4 13 1.62019
6 7 1 4 14 1.62019
6 7 1 5 8 1.41421
6 7 1 5 9 1.73205
6 7 1 5 10 1.41421
6 7 1 5 11 1.73205
6 7 1 5 12 1.73205
6 7 1 5 13 1.73205
6 7 1 5 14 1.41421
6 7 1 8 9 2
6 7 1 8 10 1.73205
6 7 1 8 11 1.81265
6 7 1 8 12 2
6 7 1 8 13 2
6 7 1 8 14 1.81265
6 7 1 9 10 1.73205
6 7 1 9 11 1.93309
6 7 1 9 12 1.96214
6 7 1 9 13 1.96214
6 7 1 9 14 2
6 7 1 10 11 1.62019
6 7 1 10 12 1.73205
6 7 1 10 13 1.73205
6 7 1 10 14 1.73205
6 7 1 11 12 1.93309
6 7 1 11 13 1.93309
6 7 1 11 14 1.81265
6 7 1 12 13 1.96214
6 7 1 12 14 2
6 7 1 13 14 2
6 7 2 3 4 2
6 7 2 3 5 2.04939
6 7 2 3 8 1.62019
6 7 2 3 9 2.08167
6 7 2 3 10 1.85164
6 7 2 3 11 2.08167
6 7 2 3 12 2
6 7 2 3 13 2
6 7 2 3 14 2
6 7 2 4 5 2
6 7 2 4 8 1.62019
6 7 2 4 9 2
6 7 2 4 10 1.85164
6 7 2 4 11 2
6 7 2 4 12 1.81265
6 7 2 4 13 1.73205
6 7 2 4 14 1.93309
6 7 2 5 8 1.62019
6 7 2 5 9 2.04939
6 7 2 5 10 1.85164
6 7 2 5 11 2.04939
6 7 2 5 12 1.93309
6 7 2 5 13 1.90693
6 7 2 5 14 2
6 7 2 8 9 1.62019
6 7 2 8 10 1.62019
6 7 2 8 11 1.62019
6 7 2 8 12 1.62019
6 7 2 8 13 1.62019
6 7 2 8 14 1.62019
6 7 2 9 10 1.85164
6 7 2 9 11 2.08167
6 7 2 9 12 2
6 7 2 9 13 2
6 7 2 9 14 2
6 7 2 10 11 1.85164
6 7 2 10 12 1.62019
6 7 2 10 13 1.41421
6 7 2 10 14 1.85164
6 7 2 11 12 2
6 7 2 11 13 2
6 7 2 11 14 2
6 7 2 12 13 1.93309
6 7 2 12 14 2
6 7 2 13 14 1.81265
6 7 3 4 5 2.16556
6 7 3 4 8 1.93309
6 7 3 4 9 2.23607
6 7 3 4 10 2.13809
6 7 3 4 11 2.23607
6 7 3 4 12 2.0381
6 7 3 4 13 2
6 7 3 4 14 2.18955
6 7 3 5 8 1.85164
6 7 3 5 9 2.19034
6 7 3 5 10 2.07802
6 7 3 5 11 2.19034
6 7 3 5 12 2.04939
6 7 3 5 13 2
6 7 3 5 14 2.16556
6 7 3 8 9 2.02367
6 7 3 8 10 2
6 7 3 8 11 2.02367
6 7 3 8 12 2
6 7 3 8 13 2
6 7 3 8 14 2
6 7 3 9 10 2.16556
6 7 3 9 11 2.326
6 7 3 9 12 2.20605
6 7 3 9 13 2.16025
6 7 3 9 14 2.27837
6 7 3 10 11 2.16556
6 7 3 10 12 2
6 7 3 10 13 1.90693
6 7 3 10 14 2.16556
6 7 3 11 12 2.20605
6 7 3 11 13 2.16025
6 7 3 11 14 2.27837
6 7 3 12 13 2.10639
6 7 3 12 14 2.16025
6 7 3 13 14 2.10639
6 7 4 5 8 2
6 7 4 5 9 2.22985
6 7 4 5 10 2.16556
6 7 4 5 11 2.23607
6 7 4 5 12 2.05751
6 7 4 5 13 2.01187
6 7 4 5 14 2.23607
6 7 4 8 9 2.09938
6 7 4 8 10 2.09938
6 7 4 8 11 2.04939
6 7 4 8 12 2
6 7 4 8 13 1.93309
6 7 4 8 14 2.09938
6 7 4 9 10 2.2514
6 7 4 9 11 2.28239
6 7 4 9 12 2.15322
6 7 4 9 13 2.16025
6 7 4 9 14 2.29256
6 7 4 10 11 2.22354
6 7 4 10 12 2.09938
6 7 4 10 13 2.04939
6 7 4 10 14 2.2514
6 7 4 11 12 2.12132
6 7 4 11 13 2.08167
6 7 4 11 14 2.26779
6 7 4 12 13 2
6 7 4 12 14 2.13809
6 7 4 13 14 2.09938
6 7 5 8 9 2
6 7 5 8 10 2
6 7 5 8 11 1.93309
6 7 5 8 12 1.81265
6 7 5 8 13 1.73205
6 7 5 8 14 2
6 7 5 9 10 2.16556
6 7 5 9 11 2.24649
6 7 5 9 12 2.12916
6 7 5 9 13 2.08738
6 7 5 9 14 2.22985
6 7 5 10 11 2.13809
6 7 5 10 12 2
6 7 5 10 13 1.90693
6 7 5 10 14 2.16556
6 7 5 11 12 2.081
6 7 5 11 13 2.04939
6 7 5 11 14 2.23607
6 7 5 12 13 1.96214
6 7 5 12 14 2.05751
6 7 5 13 14 2.01187
6 7 8 9 10 2.13809
6 7 8 9 11 2.14154
6 7 8 9 12 2.08167
6 7 8 9 13 2.08167
6 7 8 9 14 2.15322
6 7 8 10 11 2.09938
6 7 8 10 12 2.0381
6 7 8 10 13 2
6 7 8 10 14 2.13809
6 7 8 11 12 2.04495
6 7 8 11 13 2
6 7 8 11 14 2.16025
6 7 8 12 13 2
6 7 8 12 14 2.05751
6 7 8 13 14 2.0381
6 7 9 10 11 2.2514
6 7 9 10 12 2.13809
6 7 9 10 13 2.10223
6 7 9 10 14 2.26855
6 7 9 11 12 2.27761
6 7 9 11 13 2.2563
6 7 9 11 14 2.34937
6 7 9 12 13 2.19644
6 7 9 12 14 2.24846
6 7 9 13 14 2.23607
6 7 10 11 12 2.09938
6 7 10 11 13 2.04939
6 7 10 11 14 2.2514
6 7 10 12 13 2
6 7 10 12 14 2.13809
6 7 10 13 14 2.10223
6 7 11 12 13 2.173
6 7 11 12 14 2.23607
6 7 11 13 14 2.19745
6 7 12 13 14 2.16025
