6 7 0 1 2 3 4 5 8 9 10 0
6 7 0 1 2 3 4 5 8 9 11 1
6 7 0 1 2 3 4 5 8 9 12 1
6 7 0 1 2 3 4 5 8 9 13 1
6 7 0 1 2 3 4 5 8 9 14 0
6 7 0 1 2 3 4 5 8 10 11 0
6 7 0 1 2 3 4 5 8 10 12 0
6 7 0 1 2 3 4 5 8 10 13 0
6 7 0 1 2 3 4 5 8 10 14 0
6 7 0 1 2 3 4 5 8 11 12 1
6 7 0 1 2 3 4 5 8 11 13 1
6 7 0 1 2 3 4 5 8 11 14 0
6 7 0 1 2 3 4 5 8 12 13 1
6 7 0 1 2 3 4 5 8 12 14 0
6 7 0 1 2 3 4 5 8 13 14 0
6 7 0 1 2 3 4 5 9 10 11 0
6 7 0 1 2 3 4 5 9 10 12 0
6 7 0 1 2 3 4 5 9 10 13 0
6 7 0 1 2 3 4 5 9 10 14 0
6 7 0 1 2 3 4 5 9 11 12 1.41421
6 7 0 1 2 3 4 5 9 11 13 1.41421
6 7 0 1 2 3 4 5 9 11 14 1
6 7 0 1 2 3 4 5 9 12 13 1.41421
6 7 0 1 2 3 4 5 9 12 14 1
6 7 0 1 2 3 4 5 9 13 14 1
6 7 0 1 2 3 4 5 10 11 12 0
6 7 0 1 2 3 4 5 10 11 13 0
6 7 0 1 2 3 4 5 10 11 14 0
6 7 0 1 2 3 4 5 10 12 13 0
6 7 0 1 2 3 4 5 10 12 14 0
6 7 0 1 2 3 4 5 10 13 14 0
6 7 0 1 2 3 4 5 11 12 13 1.41421
6 7 0 1 2 3 4 5 11 12 14 1
6 7 0 1 2 3 4 5 11 13 14 1
6 7 0 1 2 3 4 5 12 13 14 1
6 7 0 1 2 3 4 8 9 10 11 0
6 7 0 1 2 3 4 8 9 10 12 0
6 7 0 1 2 3 4 8 9 10 13 0
6 7 0 1 2 3 4 8 9 10 14 0
6 7 0 1 2 3 4 8 9 11 12 1
6 7 0 1 2 3 4 8 9 11 13 1
6 7 0 1 2 3 4 8 9 11 14 0
6 7 0 1 2 3 4 8 9 12 13 1
6 7 0 1 2 3 4 8 9 12 14 0
6 7 0 1 2 3 4 8 9 13 14 0
6 7 0 1 2 3 4 8 10 11 12 0
6 7 0 1 2 3 4 8 10 11 13 0
6 7 0 1 2 3 4 8 10 11 14 0
6 7 0 1 2 3 4 8 10 12 13 0
6 7 0 1 2 3 4 8 10 12 14 0
6 7 0 1 2 3 4 8 10 13 14 0
6 7 0 1 2 3 4 8 11 12 13 1
6 7 0 1 2 3 4 8 11 12 14 0
6 7 0 1 2 3 4 8 11 13 14 0
6 7 0 1 2 3 4 8 12 13 14 0
6 7 0 1 2 3 4 9 10 11 12 0
6 7 0 1 2 3 4 9 10 11 13 0
6 7 0 1 2 3 4 9 10 11 14 0
6 7 0 1 2 3 4 9 10 12 13 0
6 7 0 1 2 3 4 9 10 12 14 0
6 7 0 1 2 3 4 9 10 13 14 0
6 7 0 1 2 3 4 9 11 12 13 1.41421
6 7 0 1 2 3 4 9 11 12 14 1
6 7 0 1 2 3 4 9 11 13 14 1
6 7 0 1 2 3 4 9 12 13 14 1
6 7 0 1 2 3 4 10 11 12 13 0
6 7 0 1 2 3 4 10 11 12 14 0
6 7 0 1 2 3 4 10 11 13 14 0
6 7 0 1 2 3 4 10 12 13 14 0
6 7 0 1 2 3 4 11 12 13 14 1
6 7 0 1 2 3 5 8 9 10 11 0
6 7 0 1 2 3 5 8 9 10 12 0
6 7 0 1 2 3 5 8 9 10 13 0
6 7 0 1 2 3 5 8 9 10 14 0
6 7 0 1 2 3 5 8 9 11 12 1.41421
6 7 0 1 2 3 5 8 9 11 13 1.41421
6 7 0 1 2 3 5 8 9 11 14 1
6 7 0 1 2 3 5 8 9 12 13 1.41421
6 7 0 1 2 3 5 8 9 12 14 1
6 7 0 1 2 3 5 8 9 13 14 1
6 7 0 1 2 3 5 8 10 11 12 0
6 7 0 1 2 3 5 8 10 11 13 0
6 7 0 1 2 3 5 8 10 11 14 0
6 7 0 1 2 3 5 8 10 12 13 0
6 7 0 1 2 3 5 8 10 12 14 0
6 7 0 1 2 3 5 8 10 13 14 0
6 7 0 1 2 3 5 8 11 12 13 1.41421
6 7 0 1 2 3 5 8 11 12 14 1
6 7 0 1 2 3 5 8 11 13 14 1
6 7 0 1 2 3 5 8 12 13 14 1
6 7 0 1 2 3 5 9 10 11 12 0
6 7 0 1 2 3 5 9 10 11 13 0
6 7 0 1 2 3 5 9 10 11 14 0
6 7 0 1 2 3 5 9 10 12 13 0
6 7 0 1 2 3 5 9 10 12 14 0
6 7 0 1 2 3 5 9 10 13 14 0
6 7 0 1 2 3 5 9 11 12 13 1.73205
6 7 0 1 2 3 5 9 11 12 14 1.41421
6 7 0 1 2 3 5 9 11 13 14 1.41421
6 7 0 1 2 3 5 9 12 13 14 1.41421
6 7 0 1 2 3 5 10 11 12 13 0
6 7 0 1 2 3 5 10 11 12 14 0
6 7 0 1 2 3 5 10 11 13 14 0
6 7 0 1 2 3 5 10 12 13 14 0
6 7 0 1 2 3 5 11 12 13 14 1.41421
6 7 0 1 2 3 8 9 10 11 12 1
6 7 0 1 2 3 8 9 10 11 13 1
6 7 0 1 2 3 8 9 10 11 14 1
6 7 0 1 2 3 8 9 10 12 13 1
6 7 0 1 2 3 8 9 10 12 14 1
6 7 0 1 2 3 8 9 10 13 14 1
6 7 0 1 2 3 8 9 11 12 13 1.62019
6 7 0 1 2 3 8 9 11 12 14 1.41421
6 7 0 1 2 3 8 9 11 13 14 1.41421
6 7 0 1 2 3 8 9 12 13 14 1.41421
6 7 0 1 2 3 8 10 11 12 13 1
6 7 0 1 2 3 8 10 11 12 14 1
6 7 0 1 2 3 8 10 11 13 14 1
6 7 0 1 2 3 8 10 12 13 14 1
6 7 0 1 2 3 8 11 12 13 14 1.41421
6 7 0 1 2 3 9 10 11 12 13 1
6 7 0 1 2 3 9 10 11 12 14 1
6 7 0 1 2 3 9 10 11 13 14 1
6 7 0 1 2 3 9 10 12 13 14 1
6 7 0 1 2 3 9 11 12 13 14 1.62019
6 7 0 1 2 3 10 11 12 13 14 1
6 7 0 1 2 4 5 8 9 10 11 0
6 7 0 1 2 4 5 8 9 10 12 1
6 7 0 1 2 4 5 8 9 10 13 1
6 7 0 1 2 4 5 8 9 10 14 1
6 7 0 1 2 4 5 8 9 11 12 1
6 7 0 1 2 4 5 8 9 11 13 1
6 7 0 1 2 4 5 8 9 11 14 0
6 7 0 1 2 4 5 8 9 12 13 1
6 7 0 1 2 4 5 8 9 12 14 1
6 7 0 1 2 4 5 8 9 13 14 1
6 7 0 1 2 4 5 8 10 11 12 0
6 7 0 1 2 4 5 8 10 11 13 0
6 7 0 1 2 4 5 8 10 11 14 0
6 7 0 1 2 4 5 8 10 12 13 1
6 7 0 1 2 4 5 8 10 12 14 1
6 7 0 1 2 4 5 8 10 13 14 1
6 7 0 1 2 4 5 8 11 12 13 1
6 7 0 1 2 4 5 8 11 12 14 0
6 7 0 1 2 4 5 8 11 13 14 0
6 7 0 1 2 4 5 8 12 13 14 1
6 7 0 1 2 4 5 9 10 11 12 0
6 7 0 1 2 4 5 9 10 11 13 0
6 7 0 1 2 4 5 9 10 11 14 0
6 7 0 1 2 4 5 9 10 12 13 1
6 7 0 1 2 4 5 9 10 12 14 1
6 7 0 1 2 4 5 9 10 13 14 1
6 7 0 1 2 4 5 9 11 12 13 1.41421
6 7 0 1 2 4 5 9 11 12 14 1
6 7 0 1 2 4 5 9 11 13 14 1
6 7 0 1 2 4 5 9 12 13 14 1
6 7 0 1 2 4 5 10 11 12 13 0
6 7 0 1 2 4 5 10 11 12 14 0
6 7 0 1 2 4 5 10 11 13 14 0
6 7 0 1 2 4 5 10 12 13 14 1
6 7 0 1 2 4 5 11 12 13 14 1
6 7 0 1 2 4 8 9 10 11 12 0
6 7 0 1 2 4 8 9 10 11 13 0
6 7 0 1 2 4 8 9 10 11 14 0
6 7 0 1 2 4 8 9 10 12 13 1
6 7 0 1 2 4 8 9 10 12 14 1
6 7 0 1 2 4 8 9 10 13 14 1
6 7 0 1 2 4 8 9 11 12 13 1
6 7 0 1 2 4 8 9 11 12 14 0
6 7 0 1 2 4 8 9 11 13 14 0
6 7 0 1 2 4 8 9 12 13 14 1
6 7 0 1 2 4 8 10 11 12 13 0
6 7 0 1 2 4 8 10 11 12 14 0
6 7 0 1 2 4 8 10 11 13 14 0
6 7 0 1 2 4 8 10 12 13 14 1
6 7 0 1 2 4 8 11 12 13 14 0
6 7 0 1 2 4 9 10 11 12 13 0
6 7 0 1 2 4 9 10 11 12 14 0
6 7 0 1 2 4 9 10 11 13 14 0
6 7 0 1 2 4 9 10 12 13 14 1
6 7 0 1 2 4 9 11 12 13 14 1
6 7 0 1 2 4 10 11 12 13 14 0
6 7 0 1 2 5 8 9 10 11 12 0
6 7 0 1 2 5 8 9 10 11 13 0
6 7 0 1 2 5 8 9 10 11 14 0
6 7 0 1 2 5 8 9 10 12 13 1
6 7 0 1 2 5 8 9 10 12 14 1
6 7 0 1 2 5 8 9 10 13 14 1
6 7 0 1 2 5 8 9 11 12 13 1.41421
6 7 0 1 2 5 8 9 11 12 14 1
6 7 0 1 2 5 8 9 11 13 14 1
6 7 0 1 2 5 8 9 12 13 14 1
6 7 0 1 2 5 8 10 11 12 13 0
6 7 0 1 2 5 8 10 11 12 14 0
6 7 0 1 2 5 8 10 11 13 14 0
6 7 0 1 2 5 8 10 12 13 14 1
6 7 0 1 2 5 8 11 12 13 14 1
6 7 0 1 2 5 9 10 11 12 13 0
6 7 0 1 2 5 9 10 11 12 14 0
6 7 0 1 2 5 9 10 11 13 14 0
6 7 0 1 2 5 9 10 12 13 14 1
6 7 0 1 2 5 9 11 12 13 14 1.41421
6 7 0 1 2 5 10 11 12 13 14 0
6 7 0 1 2 8 9 10 11 12 13 1
6 7 0 1 2 8 9 10 11 12 14 1
6 7 0 1 2 8 9 10 11 13 14 1
6 7 0 1 2 8 9 10 12 13 14 1
6 7 0 1 2 8 9 11 12 13 14 1.41421
6 7 0 1 2 8 10 11 12 13 14 1
6 7 0 1 2 9 10 11 12 13 14 1
6 7 0 1 3 4 5 8 9 10 11 0
6 7 0 1 3 4 5 8 9 10 12 0
6 7 0 1 3 4 5 8 9 10 13 0
6 7 0 1 3 4 5 8 9 10 14 0
6 7 0 1 3 4 5 8 9 11 12 1
6 7 0 1 3 4 5 8 9 11 13 1
6 7 0 1 3 4 5 8 9 11 14 0
6 7 0 1 3 4 5 8 9 12 13 1
6 7 0 1 3 4 5 8 9 12 14 0
6 7 0 1 3 4 5 8 9 13 14 0
6 7 0 1 3 4 5 8 10 11 12 0
6 7 0 1 3 4 5 8 10 11 13 0
6 7 0 1 3 4 5 8 10 11 14 0
6 7 0 1 3 4 5 8 10 12 13 0
6 7 0 1 3 4 5 8 10 12 14 0
6 7 0 1 3 4 5 8 10 13 14 0
6 7 0 1 3 4 5 8 11 12 13 1
6 7 0 1 3 4 5 8 11 12 14 0
6 7 0 1 3 4 5 8 11 13 14 0
6 7 0 1 3 4 5 8 12 13 14 0
6 7 0 1 3 4 5 9 10 11 12 0
6 7 0 1 3 4 5 9 10 11 13 0
6 7 0 1 3 4 5 9 10 11 14 0
6 7 0 1 3 4 5 9 10 12 13 0
6 7 0 1 3 4 5 9 10 12 14 0
6 7 0 1 3 4 5 9 10 13 14 0
6 7 0 1 3 4 5 9 11 12 13 1.41421
6 7 0 1 3 4 5 9 11 12 14 1
6 7 0 1 3 4 5 9 11 13 14 1
6 7 0 1 3 4 5 9 12 13 14 1
6 7 0 1 3 4 5 10 11 12 13 0
6 7 0 1 3 4 5 10 11 12 14 0
6 7 0 1 3 4 5 10 11 13 14 0
6 7 0 1 3 4 5 10 12 13 14 0
6 7 0 1 3 4 5 11 12 13 14 1
6 7 0 1 3 4 8 9 10 11 12 1
6 7 0 1 3 4 8 9 10 11 13 1
6 7 0 1 3 4 8 9 10 11 14 1
6 7 0 1 3 4 8 9 10 12 13 1
6 7 0 1 3 4 8 9 10 12 14 1
6 7 0 1 3 4 8 9 10 13 14 1
6 7 0 1 3 4 8 9 11 12 13 1
6 7 0 1 3 4 8 9 11 12 14 1
6 7 0 1 3 4 8 9 11 13 14 1
6 7 0 1 3 4 8 9 12 13 14 1
6 7 0 1 3 4 8 10 11 12 13 1
6 7 0 1 3 4 8 10 11 12 14 1
6 7 0 1 3 4 8 10 11 13 14 1
6 7 0 1 3 4 8 10 12 13 14 1
6 7 0 1 3 4 8 11 12 13 14 1
6 7 0 1 3 4 9 10 11 12 13 1
6 7 0 1 3 4 9 10 11 12 14 1
6 7 0 1 3 4 9 10 11 13 14 1
6 7 0 1 3 4 9 10 12 13 14 1
6 7 0 1 3 4 9 11 12 13 14 1
6 7 0 1 3 4 10 11 12 13 14 1
6 7 0 1 3 5 8 9 10 11 12 0
6 7 0 1 3 5 8 9 10 11 13 0
6 7 0 1 3 5 8 9 10 11 14 0
6 7 0 1 3 5 8 9 10 12 13 0
6 7 0 1 3 5 8 9 10 12 14 0
6 7 0 1 3 5 8 9 10 13 14 0
6 7 0 1 3 5 8 9 11 12 13 1.41421
6 7 0 1 3 5 8 9 11 12 14 1
6 7 0 1 3 5 8 9 11 13 14 1
6 7 0 1 3 5 8 9 12 13 14 1
6 7 0 1 3 5 8 10 11 12 13 0
6 7 0 1 3 5 8 10 11 12 14 0
6 7 0 1 3 5 8 10 11 13 14 0
6 7 0 1 3 5 8 10 12 13 14 0
6 7 0 1 3 5 8 11 12 13 14 1
6 7 0 1 3 5 9 10 11 12 13 0
6 7 0 1 3 5 9 10 11 12 14 0
6 7 0 1 3 5 9 10 11 13 14 0
6 7 0 1 3 5 9 10 12 13 14 0
6 7 0 1 3 5 9 11 12 13 14 1.41421
6 7 0 1 3 5 10 11 12 13 14 0
6 7 0 1 3 8 9 10 11 12 13 1.41421
6 7 0 1 3 8 9 10 11 12 14 1.41421
6 7 0 1 3 8 9 10 11 13 14 1.41421
6 7 0 1 3 8 9 10 12 13 14 1.41421
6 7 0 1 3 8 9 11 12 13 14 1.62019
6 7 0 1 3 8 10 11 12 13 14 1.41421
6 7 0 1 3 9 10 11 12 13 14 1.41421
6 7 0 1 4 5 8 9 10 11 12 1
6 7 0 1 4 5 8 9 10 11 13 1
6 7 0 1 4 5 8 9 10 11 14 1
6 7 0 1 4 5 8 9 10 12 13 1.41421
6 7 0 1 4 5 8 9 10 12 14 1.41421
6 7 0 1 4 5 8 9 10 13 14 1.41421
6 7 0 1 4 5 8 9 11 12 13 1
6 7 0 1 4 5 8 9 11 12 14 1
6 7 0 1 4 5 8 9 11 13 14 1
6 7 0 1 4 5 8 9 12 13 14 1.41421
6 7 0 1 4 5 8 10 11 12 13 1
6 7 0 1 4 5 8 10 11 12 14 1
6 7 0 1 4 5 8 10 11 13 14 1
6 7 0 1 4 5 8 10 12 13 14 1.41421
6 7 0 1 4 5 8 11 12 13 14 1
6 7 0 1 4 5 9 10 11 12 13 1
6 7 0 1 4 5 9 10 11 12 14 1
6 7 0 1 4 5 9 10 11 13 14 1
6 7 0 1 4 5 9 10 12 13 14 1.41421
6 7 0 1 4 5 9 11 12 13 14 1
6 7 0 1 4 5 10 11 12 13 14 1
6 7 0 1 4 8 9 10 11 12 13 1.41421
6 7 0 1 4 8 9 10 11 12 14 1.41421
6 7 0 1 4 8 9 10 11 13 14 1.41421
6 7 0 1 4 8 9 10 12 13 14 1.62019
6 7 0 1 4 8 9 11 12 13 14 1.41421
6 7 0 1 4 8 10 11 12 13 14 1.41421
6 7 0 1 4 9 10 11 12 13 14 1.41421
6 7 0 1 5 8 9 10 11 12 13 1
6 7 0 1 5 8 9 10 11 12 14 1
6 7 0 1 5 8 9 10 11 13 14 1
6 7 0 1 5 8 9 10 12 13 14 1.41421
6 7 0 1 5 8 9 11 12 13 14 1
6 7 0 1 5 8 10 11 12 13 14 1
6 7 0 1 5 9 10 11 12 13 14 1
6 7 0 1 8 9 10 11 12 13 14 1.62019
6 7 0 2 3 4 5 8 9 10 11 1.41421
6 7 0 2 3 4 5 8 9 10 12 1
6 7 0 2 3 4 5 8 9 10 13 1
6 7 0 2 3 4 5 8 9 10 14 1.41421
6 7 0 2 3 4 5 8 9 11 12 1
6 7 0 2 3 4 5 8 9 11 13 1
6 7 0 2 3 4 5 8 9 11 14 1.41421
6 7 0 2 3 4 5 8 9 12 13 1
6 7 0 2 3 4 5 8 9 12 14 1
6 7 0 2 3 4 5 8 9 13 14 1
6 7 0 2 3 4 5 8 10 11 12 1
6 7 0 2 3 4 5 8 10 11 13 1
6 7 0 2 3 4 5 8 10 11 14 1.41421
6 7 0 2 3 4 5 8 10 12 13 0
6 7 0 2 3 4 5 8 10 12 14 1
6 7 0 2 3 4 5 8 10 13 14 1
6 7 0 2 3 4 5 8 11 12 13 1
6 7 0 2 3 4 5 8 11 12 14 1
6 7 0 2 3 4 5 8 11 13 14 1
6 7 0 2 3 4 5 8 12 13 14 0
6 7 0 2 3 4 5 9 10 11 12 1.41421
6 7 0 2 3 4 5 9 10 11 13 1.41421
6 7 0 2 3 4 5 9 10 11 14 1.73205
6 7 0 2 3 4 5 9 10 12 13 1
6 7 0 2 3 4 5 9 10 12 14 1.41421
6 7 0 2 3 4 5 9 10 13 14 1.41421
6 7 0 2 3 4 5 9 11 12 13 1.62019
6 7 0 2 3 4 5 9 11 12 14 1.62019
6 7 0 2 3 4 5 9 11 13 14 1.62019
6 7 0 2 3 4 5 9 12 13 14 1.41421
6 7 0 2 3 4 5 10 11 12 13 1
6 7 0 2 3 4 5 10 11 12 14 1.41421
6 7 0 2 3 4 5 10 11 13 14 1.41421
6 7 0 2 3 4 5 10 12 13 14 1
6 7 0 2 3 4 5 11 12 13 14 1.41421
6 7 0 2 3 4 8 9 10 11 12 1
6 7 0 2 3 4 8 9 10 11 13 1
6 7 0 2 3 4 8 9 10 11 14 1.41421
6 7 0 2 3 4 8 9 10 12 13 0
6 7 0 2 3 4 8 9 10 12 14 1
6 7 0 2 3 4 8 9 10 13 14 1
6 7 0 2 3 4 8 9 11 12 13 1
6 7 0 2 3 4 8 9 11 12 14 1
6 7 0 2 3 4 8 9 11 13 14 1
6 7 0 2 3 4 8 9 12 13 14 0
6 7 0 2 3 4 8 10 11 12 13 0
6 7 0 2 3 4 8 10 11 12 14 1
6 7 0 2 3 4 8 10 11 13 14 1
6 7 0 2 3 4 8 10 12 13 14 0
6 7 0 2 3 4 8 11 12 13 14 0
6 7 0 2 3 4 9 10 11 12 13 1
6 7 0 2 3 4 9 10 11 12 14 1.41421
6 7 0 2 3 4 9 10 11 13 14 1.41421
6 7 0 2 3 4 9 10 12 13 14 1
6 7 0 2 3 4 9 11 12 13 14 1.41421
6 7 0 2 3 4 10 11 12 13 14 1
6 7 0 2 3 5 8 9 10 11 12 1
6 7 0 2 3 5 8 9 10 11 13 1
6 7 0 2 3 5 8 9 10 11 14 1.41421
6 7 0 2 3 5 8 9 10 12 13 0
6 7 0 2 3 5 8 9 10 12 14 1
6 7 0 2 3 5 8 9 10 13 14 1
6 7 0 2 3 5 8 9 11 12 13 1.41421
6 7 0 2 3 5 8 9 11 12 14 1
6 7 0 2 3 5 8 9 11 13 14 1
6 7 0 2 3 5 8 9 12 13 14 1
6 7 0 2 3 5 8 10 11 12 13 0
6 7 0 2 3 5 8 10 11 12 14 1
6 7 0 2 3 5 8 10 11 13 14 1
6 7 0 2 3 5 8 10 12 13 14 0
6 7 0 2 3 5 8 11 12 13 14 1
6 7 0 2 3 5 9 10 11 12 13 1
6 7 0 2 3 5 9 10 11 12 14 1.41421
6 7 0 2 3 5 9 10 11 13 14 1.41421
6 7 0 2 3 5 9 10 12 13 14 1
6 7 0 2 3 5 9 11 12 13 14 1.62019
6 7 0 2 3 5 10 11 12 13 14 1
6 7 0 2 3 8 9 10 11 12 13 1
6 7 0 2 3 8 9 10 11 12 14 1
6 7 0 2 3 8 9 10 11 13 14 1
6 7 0 2 3 8 9 10 12 13 14 1
6 7 0 2 3 8 9 11 12 13 14 1.41421
6 7 0 2 3 8 10 11 12 13 14 1
6 7 0 2 3 9 10 11 12 13 14 1
6 7 0 2 4 5 8 9 10 11 12 1
6 7 0 2 4 5 8 9 10 11 13 1
6 7 0 2 4 5 8 9 10 11 14 1.41421
6 7 0 2 4 5 8 9 10 12 13 1
6 7 0 2 4 5 8 9 10 12 14 1
6 7 0 2 4 5 8 9 10 13 14 1
6 7 0 2 4 5 8 9 11 12 13 1
6 7 0 2 4 5 8 9 11 12 14 1
6 7 0 2 4 5 8 9 11 13 14 1
6 7 0 2 4 5 8 9 12 13 14 1
6 7 0 2 4 5 8 10 11 12 13 0
6 7 0 2 4 5 8 10 11 12 14 1
6 7 0 2 4 5 8 10 11 13 14 1
6 7 0 2 4 5 8 10 12 13 14 1
6 7 0 2 4 5 8 11 12 13 14 0
6 7 0 2 4 5 9 10 11 12 13 1
6 7 0 2 4 5 9 10 11 12 14 1.41421
6 7 0 2 4 5 9 10 11 13 14 1.41421
6 7 0 2 4 5 9 10 12 13 14 1
6 7 0 2 4 5 9 11 12 13 14 1.41421
6 7 0 2 4 5 10 11 12 13 14 1
6 7 0 2 4 8 9 10 11 12 13 0
6 7 0 2 4 8 9 10 11 12 14 1
6 7 0 2 4 8 9 10 11 13 14 1
6 7 0 2 4 8 9 10 12 13 14 1
6 7 0 2 4 8 9 11 12 13 14 0
6 7 0 2 4 8 10 11 12 13 14 0
6 7 0 2 4 9 10 11 12 13 14 1
6 7 0 2 5 8 9 10 11 12 13 0
6 7 0 2 5 8 9 10 11 12 14 1
6 7 0 2 5 8 9 10 11 13 14 1
6 7 0 2 5 8 9 10 12 13 14 1
6 7 0 2 5 8 9 11 12 13 14 1
6 7 0 2 5 8 10 11 12 13 14 0
6 7 0 2 5 9 10 11 12 13 14 1
6 7 0 2 8 9 10 11 12 13 14 1
6 7 0 3 4 5 8 9 10 11 12 1.41421
6 7 0 3 4 5 8 9 10 11 13 1.41421
6 7 0 3 4 5 8 9 10 11 14 1.73205
6 7 0 3 4 5 8 9 10 12 13 1
6 7 0 3 4 5 8 9 10 12 14 1.41421
6 7 0 3 4 5 8 9 10 13 14 1.41421
6 7 0 3 4 5 8 9 11 12 13 1
6 7 0 3 4 5 8 9 11 12 14 1.41421
6 7 0 3 4 5 8 9 11 13 14 1.41421
6 7 0 3 4 5 8 9 12 13 14 1
6 7 0 3 4 5 8 10 11 12 13 1
6 7 0 3 4 5 8 10 11 12 14 1.41421
6 7 0 3 4 5 8 10 11 13 14 1.41421
6 7 0 3 4 5 8 10 12 13 14 1
6 7 0 3 4 5 8 11 12 13 14 1
6 7 0 3 4 5 9 10 11 12 13 1.41421
6 7 0 3 4 5 9 10 11 12 14 1.73205
6 7 0 3 4 5 9 10 11 13 14 1.73205
6 7 0 3 4 5 9 10 12 13 14 1.41421
6 7 0 3 4 5 9 11 12 13 14 1.62019
6 7 0 3 4 5 10 11 12 13 14 1.41421
6 7 0 3 4 8 9 10 11 12 13 1.41421
6 7 0 3 4 8 9 10 11 12 14 1.62019
6 7 0 3 4 8 9 10 11 13 14 1.62019
6 7 0 3 4 8 9 10 12 13 14 1.41421
6 7 0 3 4 8 9 11 12 13 14 1.41421
6 7 0 3 4 8 10 11 12 13 14 1.41421
6 7 0 3 4 9 10 11 12 13 14 1.62019
6 7 0 3 5 8 9 10 11 12 13 1
6 7 0 3 5 8 9 10 11 12 14 1.41421
6 7 0 3 5 8 9 10 11 13 14 1.41421
6 7 0 3 5 8 9 10 12 13 14 1
6 7 0 3 5 8 9 11 12 13 14 1
6 7 0 3 5 8 10 11 12 13 14 1
6 7 0 3 5 9 10 11 12 13 14 1.41421
6 7 0 3 8 9 10 11 12 13 14 1.62019
6 7 0 4 5 8 9 10 11 12 13 1.41421
6 7 0 4 5 8 9 10 11 12 14 1.62019
6 7 0 4 5 8 9 10 11 13 14 1.62019
6 7 0 4 5 8 9 10 12 13 14 1.62019
6 7 0 4 5 8 9 11 12 13 14 1.41421
6 7 0 4 5 8 10 11 12 13 14 1.41421
6 7 0 4 5 9 10 11 12 13 14 1.62019
6 7 0 4 8 9 10 11 12 13 14 1.73205
6 7 0 5 8 9 10 11 12 13 14 1.41421
6 7 1 2 3 4 5 8 9 10 11 1
6 7 1 2 3 4 5 8 9 10 12 1
6 7 1 2 3 4 5 8 9 10 13 0
6 7 1 2 3 4 5 8 9 10 14 1
6 7 1 2 3 4 5 8 9 11 12 1
6 7 1 2 3 4 5 8 9 11 13 1
6 7 1 2 3 4 5 8 9 11 14 1
6 7 1 2 3 4 5 8 9 12 13 1
6 7 1 2 3 4 5 8 9 12 14 1
6 7 1 2 3 4 5 8 9 13 14 0
6 7 1 2 3 4 5 8 10 11 12 1
6 7 1 2 3 4 5 8 10 11 13 0
6 7 1 2 3 4 5 8 10 11 14 1
6 7 1 2 3 4 5 8 10 12 13 0
6 7 1 2 3 4 5 8 10 12 14 1
6 7 1 2 3 4 5 8 10 13 14 0
6 7 1 2 3 4 5 8 11 12 13 1
6 7 1 2 3 4 5 8 11 12 14 1
6 7 1 2 3 4 5 8 11 13 14 0
6 7 1 2 3 4 5 8 12 13 14 0
6 7 1 2 3 4 5 9 10 11 12 1
6 7 1 2 3 4 5 9 10 11 13 0
6 7 1 2 3 4 5 9 10 11 14 1
6 7 1 2 3 4 5 9 10 12 13 0
6 7 1 2 3 4 5 9 10 12 14 1
6 7 1 2 3 4 5 9 10 13 14 0
6 7 1 2 3 4 5 9 11 12 13 1.41421
6 7 1 2 3 4 5 9 11 12 14 1
6 7 1 2 3 4 5 9 11 13 14 1
6 7 1 2 3 4 5 9 12 13 14 1
6 7 1 2 3 4 5 10 11 12 13 0
6 7 1 2 3 4 5 10 11 12 14 1
6 7 1 2 3 4 5 10 11 13 14 0
6 7 1 2 3 4 5 10 12 13 14 0
6 7 1 2 3 4 5 11 12 13 14 1
6 7 1 2 3 4 8 9 10 11 12 1
6 7 1 2 3 4 8 9 10 11 13 0
6 7 1 2 3 4 8 9 10 11 14 1
6 7 1 2 3 4 8 9 10 12 13 0
6 7 1 2 3 4 8 9 10 12 14 1
6 7 1 2 3 4 8 9 10 13 14 0
6 7 1 2 3 4 8 9 11 12 13 1
6 7 1 2 3 4 8 9 11 12 14 1
6 7 1 2 3 4 8 9 11 13 14 0
6 7 1 2 3 4 8 9 12 13 14 0
6 7 1 2 3 4 8 10 11 12 13 0
6 7 1 2 3 4 8 10 11 12 14 1
6 7 1 2 3 4 8 10 11 13 14 0
6 7 1 2 3 4 8 10 12 13 14 0
6 7 1 2 3 4 8 11 12 13 14 0
6 7 1 2 3 4 9 10 11 12 13 0
6 7 1 2 3 4 9 10 11 12 14 1
6 7 1 2 3 4 9 10 11 13 14 0
6 7 1 2 3 4 9 10 12 13 14 0
6 7 1 2 3 4 9 11 12 13 14 1
6 7 1 2 3 4 10 11 12 13 14 0
6 7 1 2 3 5 8 9 10 11 12 1
6 7 1 2 3 5 8 9 10 11 13 0
6 7 1 2 3 5 8 9 10 11 14 1
6 7 1 2 3 5 8 9 10 12 13 0
6 7 1 2 3 5 8 9 10 12 14 1
6 7 1 2 3 5 8 9 10 13 14 0
6 7 1 2 3 5 8 9 11 12 13 1.41421
6 7 1 2 3 5 8 9 11 12 14 1
6 7 1 2 3 5 8 9 11 13 14 1
6 7 1 2 3 5 8 9 12 13 14 1
6 7 1 2 3 5 8 10 11 12 13 0
6 7 1 2 3 5 8 10 11 12 14 1
6 7 1 2 3 5 8 10 11 13 14 0
6 7 1 2 3 5 8 10 12 13 14 0
6 7 1 2 3 5 8 11 12 13 14 1
6 7 1 2 3 5 9 10 11 12 13 0
6 7 1 2 3 5 9 10 11 12 14 1
6 7 1 2 3 5 9 10 11 13 14 0
6 7 1 2 3 5 9 10 12 13 14 0
6 7 1 2 3 5 9 11 12 13 14 1.41421
6 7 1 2 3 5 10 11 12 13 14 0
6 7 1 2 3 8 9 10 11 12 13 1
6 7 1 2 3 8 9 10 11 12 14 1
6 7 1 2 3 8 9 10 11 13 14 1
6 7 1 2 3 8 9 10 12 13 14 1
6 7 1 2 3 8 9 11 12 13 14 1.41421
6 7 1 2 3 8 10 11 12 13 14 1
6 7 1 2 3 9 10 11 12 13 14 1
6 7 1 2 4 5 8 9 10 11 12 1
6 7 1 2 4 5 8 9 10 11 13 0
6 7 1 2 4 5 8 9 10 11 14 1
6 7 1 2 4 5 8 9 10 12 13 1
6 7 1 2 4 5 8 9 10 12 14 1
6 7 1 2 4 5 8 9 10 13 14 1
6 7 1 2 4 5 8 9 11 12 13 1
6 7 1 2 4 5 8 9 11 12 14 1
6 7 1 2 4 5 8 9 11 13 14 0
6 7 1 2 4 5 8 9 12 13 14 1
6 7 1 2 4 5 8 10 11 12 13 0
6 7 1 2 4 5 8 10 11 12 14 1
6 7 1 2 4 5 8 10 11 13 14 0
6 7 1 2 4 5 8 10 12 13 14 1
6 7 1 2 4 5 8 11 12 13 14 0
6 7 1 2 4 5 9 10 11 12 13 0
6 7 1 2 4 5 9 10 11 12 14 1
6 7 1 2 4 5 9 10 11 13 14 0
6 7 1 2 4 5 9 10 12 13 14 1
6 7 1 2 4 5 9 11 12 13 14 1
6 7 1 2 4 5 10 11 12 13 14 0
6 7 1 2 4 8 9 10 11 12 13 0
6 7 1 2 4 8 9 10 11 12 14 1
6 7 1 2 4 8 9 10 11 13 14 0
6 7 1 2 4 8 9 10 12 13 14 1
6 7 1 2 4 8 9 11 12 13 14 0
6 7 1 2 4 8 10 11 12 13 14 0
6 7 1 2 4 9 10 11 12 13 14 0
6 7 1 2 5 8 9 10 11 12 13 0
6 7 1 2 5 8 9 10 11 12 14 1
6 7 1 2 5 8 9 10 11 13 14 0
6 7 1 2 5 8 9 10 12 13 14 1
6 7 1 2 5 8 9 11 12 13 14 1
6 7 1 2 5 8 10 11 12 13 14 0
6 7 1 2 5 9 10 11 12 13 14 0
6 7 1 2 8 9 10 11 12 13 14 1
6 7 1 3 4 5 8 9 10 11 12 1
6 7 1 3 4 5 8 9 10 11 13 0
6 7 1 3 4 5 8 9 10 11 14 1
6 7 1 3 4 5 8 9 10 12 13 0
6 7 1 3 4 5 8 9 10 12 14 1
6 7 1 3 4 5 8 9 10 13 14 0
6 7 1 3 4 5 8 9 11 12 13 1
6 7 1 3 4 5 8 9 11 12 14 1
6 7 1 3 4 5 8 9 11 13 14 0
6 7 1 3 4 5 8 9 12 13 14 0
6 7 1 3 4 5 8 10 11 12 13 0
6 7 1 3 4 5 8 10 11 12 14 1
6 7 1 3 4 5 8 10 11 13 14 0
6 7 1 3 4 5 8 10 12 13 14 0
6 7 1 3 4 5 8 11 12 13 14 0
6 7 1 3 4 5 9 10 11 12 13 0
6 7 1 3 4 5 9 10 11 12 14 1
6 7 1 3 4 5 9 10 11 13 14 0
6 7 1 3 4 5 9 10 12 13 14 0
6 7 1 3 4 5 9 11 12 13 14 1
6 7 1 3 4 5 10 11 12 13 14 0
6 7 1 3 4 8 9 10 11 12 13 1
6 7 1 3 4 8 9 10 11 12 14 1
6 7 1 3 4 8 9 10 11 13 14 1
6 7 1 3 4 8 9 10 12 13 14 1
6 7 1 3 4 8 9 11 12 13 14 1
6 7 1 3 4 8 10 11 12 13 14 1
6 7 1 3 4 9 10 11 12 13 14 1
6 7 1 3 5 8 9 10 11 12 13 0
6 7 1 3 5 8 9 10 11 12 14 1
6 7 1 3 5 8 9 10 11 13 14 0
6 7 1 3 5 8 9 10 12 13 14 0
6 7 1 3 5 8 9 11 12 13 14 1
6 7 1 3 5 8 10 11 12 13 14 0
6 7 1 3 5 9 10 11 12 13 14 0
6 7 1 3 8 9 10 11 12 13 14 1.41421
6 7 1 4 5 8 9 10 11 12 13 1
6 7 1 4 5 8 9 10 11 12 14 1
6 7 1 4 5 8 9 10 11 13 14 1
6 7 1 4 5 8 9 10 12 13 14 1.41421
6 7 1 4 5 8 9 11 12 13 14 1
6 7 1 4 5 8 10 11 12 13 14 1
6 7 1 4 5 9 10 11 12 13 14 1
6 7 1 4 8 9 10 11 12 13 14 1.41421
6 7 1 5 8 9 10 11 12 13 14 1
6 7 2 3 4 5 8 9 10 11 12 1.41421
6 7 2 3 4 5 8 9 10 11 13 1
6 7 2 3 4 5 8 9 10 11 14 1.62019
6 7 2 3 4 5 8 9 10 12 13 0
6 7 2 3 4 5 8 9 10 12 14 1.41421
6 7 2 3 4 5 8 9 10 13 14 1
6 7 2 3 4 5 8 9 11 12 13 1
6 7 2 3 4 5 8 9 11 12 14 1.41421
6 7 2 3 4 5 8 9 11 13 14 1
6 7 2 3 4 5 8 9 12 13 14 0
6 7 2 3 4 5 8 10 11 12 13 0
6 7 2 3 4 5 8 10 11 12 14 1.41421
6 7 2 3 4 5 8 10 11 13 14 1
6 7 2 3 4 5 8 10 12 13 14 0
6 7 2 3 4 5 8 11 12 13 14 0
6 7 2 3 4 5 9 10 11 12 13 1
6 7 2 3 4 5 9 10 11 12 14 1.62019
6 7 2 3 4 5 9 10 11 13 14 1.41421
6 7 2 3 4 5 9 10 12 13 14 1
6 7 2 3 4 5 9 11 12 13 14 1.41421
6 7 2 3 4 5 10 11 12 13 14 1
6 7 2 3 4 8 9 10 11 12 13 0
6 7 2 3 4 8 9 10 11 12 14 1.41421
6 7 2 3 4 8 9 10 11 13 14 1
6 7 2 3 4 8 9 10 12 13 14 0
6 7 2 3 4 8 9 11 12 13 14 0
6 7 2 3 4 8 10 11 12 13 14 0
6 7 2 3 4 9 10 11 12 13 14 1
6 7 2 3 5 8 9 10 11 12 13 0
6 7 2 3 5 8 9 10 11 12 14 1.41421
6 7 2 3 5 8 9 10 11 13 14 1
6 7 2 3 5 8 9 10 12 13 14 0
6 7 2 3 5 8 9 11 12 13 14 1
6 7 2 3 5 8 10 11 12 13 14 0
6 7 2 3 5 9 10 11 12 13 14 1
6 7 2 3 8 9 10 11 12 13 14 1
6 7 2 4 5 8 9 10 11 12 13 0
6 7 2 4 5 8 9 10 11 12 14 1.41421
6 7 2 4 5 8 9 10 11 13 14 1
6 7 2 4 5 8 9 10 12 13 14 1
6 7 2 4 5 8 9 11 12 13 14 0
6 7 2 4 5 8 10 11 12 13 14 0
6 7 2 4 5 9 10 11 12 13 14 1
6 7 2 4 8 9 10 11 12 13 14 0
6 7 2 5 8 9 10 11 12 13 14 0
6 7 3 4 5 8 9 10 11 12 13 1
6 7 3 4 5 8 9 10 11 12 14 1.62019
6 7 3 4 5 8 9 10 11 13 14 1.41421
6 7 3 4 5 8 9 10 12 13 14 1
6 7 3 4 5 8 9 11 12 13 14 1
6 7 3 4 5 8 10 11 12 13 14 1
6 7 3 4 5 9 10 11 12 13 14 1.41421
6 7 3 4 8 9 10 11 12 13 14 1.41421
6 7 3 5 8 9 10 11 12 13 14 1
6 7 4 5 8 9 10 11 12 13 14 1.41421
