5 9 0 1 1.85164
5 9 0 2 2.21986
5 9 0 3 2.32279
5 9 0 4 2.54598
5 9 0 6 2.59808
5 9 0 7 2.21986
5 9 0 8 2.37697
5 9 0 10 2.50881
5 9 0 11 2.51151
5 9 0 12 2.50713
5 9 0 13 2.50713
5 9 0 14 2.54598
5 9 1 2 1.73205
5 9 1 3 1.73205
5 9 1 4 1.85164
5 9 1 6 1.73205
5 9 1 7 1.73205
5 9 1 8 1.85164
5 9 1 10 1.85164
5 9 1 11 1.73205
5 9 1 12 1.85164
5 9 1 13 1.85164
5 9 1 14 1.85164
5 9 2 3 2.19034
5 9 2 4 2.29907
5 9 2 6 2.25948
5 9 2 7 2.04939
5 9 2 8 2
5 9 2 10 2.17626
5 9 2 11 2.24649
5 9 2 12 2.12303
5 9 2 13 2.08296
5 9 2 14 2.29907
5 9 3 4 2.35584
5 9 3 6 2.37
5 9 3 7 2.19034
5 9 3 8 2.07802
5 9 3 10 2.29129
5 9 3 11 2.37
5 9 3 12 2.19034
5 9 3 13 2.15297
5 9 3 14 2.35584
5 9 4 6 2.55604
5 9 4 7 2.29907
5 9 4 8 2.40662
5 9 4 10 2.54058
5 9 4 11 2.53859
5 9 4 12 2.44114
5 9 4 13 2.41291
5 9 4 14 2.57032
5 9 6 7 2.25948
5 9 6 8 2.39046
5 9 6 10 2.52678
5 9 6 11 2.56038
5 9 6 12 2.44949
5 9 6 13 2.42997
5 9 6 14 2.55604
5 9 7 8 2
5 9 7 10 2.17626
5 9 7 11 2.24649
5 9 7 12 2.12303
5 9 7 13 2.08296
5 9 7 14 2.29907
5 9 8 10 2.40662
5 9 8 11 2.32266
5 9 8 12 2.3094
5 9 8 13 2.26385
5 9 8 14 2.40662
5 9 10 11 2.48193
5 9 10 12 2.40662
5 9 10 13 2.37697
5 9 10 14 2.54058
5 9 11 12 2.39792
5 9 11 13 2.39046
5 9 11 14 2.53859
5 9 12 13 2.44949
5 9 12 14 2.44114
5 9 13 14 2.41291
