9 14 0 1 2 2
9 14 0 1 3 1.90693
9 14 0 1 4 2.16025
9 14 0 1 5 1.85164
9 14 0 1 6 2.28446
9 14 0 1 7 2
9 14 0 1 8 2.3094
9 14 0 1 10 2.26385
9 14 0 1 11 2.19089
9 14 0 1 12 2.3094
9 14 0 1 13 2.3094
9 14 0 2 3 2.24038
9 14 0 2 4 2.26747
9 14 0 2 5 2.19449
9 14 0 2 6 2.34521
9 14 0 2 7 1.93309
9 14 0 2 8 2.1391
9 14 0 2 10 2.24695
9 14 0 2 11 2.31349
9 14 0 2 12 2.23607
9 14 0 2 13 2.23607
9 14 0 3 4 2.48193
9 14 0 3 5 2.29907
9 14 0 3 6 2.58404
9 14 0 3 7 2.24038
9 14 0 3 8 2.37697
9 14 0 3 10 2.49516
9 14 0 3 11 2.58404
9 14 0 3 12 2.46311
9 14 0 3 13 2.46311
9 14 0 4 5 2.54058
9 14 0 4 6 2.77498
9 14 0 4 7 2.26747
9 14 0 4 8 2.67435
9 14 0 4 10 2.7663
9 14 0 4 11 2.72385
9 14 0 4 12 2.69077
9 14 0 4 13 2.69077
9 14 0 5 6 2.57391
9 14 0 5 7 2.19449
9 14 0 5 8 2.37697
9 14 0 5 10 2.50881
9 14 0 5 11 2.49313
9 14 0 5 12 2.41291
9 14 0 5 13 2.41291
9 14 0 6 7 2.34521
9 14 0 6 8 2.72172
9 14 0 6 10 2.79903
9 14 0 6 11 2.80938
9 14 0 6 12 2.76353
9 14 0 6 13 2.76353
9 14 0 7 8 2.1391
9 14 0 7 10 2.24695
9 14 0 7 11 2.31349
9 14 0 7 12 2.23607
9 14 0 7 13 2.23607
9 14 0 8 10 2.72172
9 14 0 8 11 2.67435
9 14 0 8 12 2.67842
9 14 0 8 13 2.67842
9 14 0 10 11 2.75936
9 14 0 10 12 2.72172
9 14 0 10 13 2.72172
9 14 0 11 12 2.72279
9 14 0 11 13 2.72279
9 14 0 12 13 2.70663
9 14 1 2 3 1.73205
9 14 1 2 4 1.73205
9 14 1 2 5 1.62019
9 14 1 2 6 2
9 14 1 2 7 1.62019
9 14 1 2 8 2
9 14 1 2 10 1.81265
9 14 1 2 11 1.81265
9 14 1 2 12 2
9 14 1 2 13 2
9 14 1 3 4 1.41421
9 14 1 3 5 1.41421
9 14 1 3 6 1.90693
9 14 1 3 7 1.73205
9 14 1 3 8 1.85164
9 14 1 3 10 1.73205
9 14 1 3 11 1.90693
9 14 1 3 12 1.90693
9 14 1 3 13 1.90693
9 14 1 4 5 1.85164
9 14 1 4 6 2.13664
9 14 1 4 7 1.73205
9 14 1 4 8 2.16025
9 14 1 4 10 2.16025
9 14 1 4 11 2
9 14 1 4 12 2.16025
9 14 1 4 13 2.16025
9 14 1 5 6 1.73205
9 14 1 5 7 1.62019
9 14 1 5 8 1.85164
9 14 1 5 10 1.85164
9 14 1 5 11 1.41421
9 14 1 5 12 1.85164
9 14 1 5 13 1.85164
9 14 1 6 7 2
9 14 1 6 8 2.26385
9 14 1 6 10 2.23607
9 14 1 6 11 2.19089
9 14 1 6 12 2.28446
9 14 1 6 13 2.28446
9 14 1 7 8 2
9 14 1 7 10 1.81265
9 14 1 7 11 1.81265
9 14 1 7 12 2
9 14 1 7 13 2
9 14 1 8 10 2.26385
9 14 1 8 11 2.16025
9 14 1 8 12 2.3094
9 14 1 8 13 2.3094
9 14 1 10 11 2.13664
9 14 1 10 12 2.26385
9 14 1 10 13 2.26385
9 14 1 11 12 2.19089
9 14 1 11 13 2.19089
9 14 1 12 13 2.3094
9 14 2 3 4 2.18955
9 14 2 3 5 2.16556
9 14 2 3 6 2.27837
9 14 2 3 7 2
9 14 2 3 8 2
9 14 2 3 10 2.16556
9 14 2 3 11 2.27837
9 14 2 3 12 2.16025
9 14 2 3 13 2.10639
9 14 2 4 5 2.22985
9 14 2 4 6 2.29256
9 14 2 4 7 1.93309
9 14 2 4 8 2.16025
9 14 2 4 10 2.26747
9 14 2 4 11 2.26779
9 14 2 4 12 2.16025
9 14 2 4 13 2.16025
9 14 2 5 6 2.22985
9 14 2 5 7 2
9 14 2 5 8 2
9 14 2 5 10 2.17626
9 14 2 5 11 2.23607
9 14 2 5 12 2.08167
9 14 2 5 13 2.04495
9 14 2 6 7 2
9 14 2 6 8 2.15322
9 14 2 6 10 2.26855
9 14 2 6 11 2.34937
9 14 2 6 12 2.24846
9 14 2 6 13 2.23607
9 14 2 7 8 1.62019
9 14 2 7 10 1.85164
9 14 2 7 11 2
9 14 2 7 12 2
9 14 2 7 13 1.81265
9 14 2 8 10 2.15322
9 14 2 8 11 2.16025
9 14 2 8 12 2.07802
9 14 2 8 13 2.05751
9 14 2 10 11 2.2514
9 14 2 10 12 2.15322
9 14 2 10 13 2.12132
9 14 2 11 12 2.23607
9 14 2 11 13 2.19745
9 14 2 12 13 2.15758
9 14 3 4 5 2.33699
9 14 3 4 6 2.50805
9 14 3 4 7 2.18955
9 14 3 4 8 2.32266
9 14 3 4 10 2.48193
9 14 3 4 11 2.50805
9 14 3 4 12 2.34521
9 14 3 4 13 2.32266
9 14 3 5 6 2.35584
9 14 3 5 7 2.16556
9 14 3 5 8 2.07802
9 14 3 5 10 2.29129
9 14 3 5 11 2.35584
9 14 3 5 12 2.16556
9 14 3 5 13 2.10357
9 14 3 6 7 2.27837
9 14 3 6 8 2.40662
9 14 3 6 10 2.52678
9 14 3 6 11 2.60951
9 14 3 6 12 2.5
9 14 3 6 13 2.46311
9 14 3 7 8 2
9 14 3 7 10 2.16556
9 14 3 7 11 2.27837
9 14 3 7 12 2.16025
9 14 3 7 13 2.10639
9 14 3 8 10 2.39046
9 14 3 8 11 2.40662
9 14 3 8 12 2.3094
9 14 3 8 13 2.26385
9 14 3 10 11 2.52678
9 14 3 10 12 2.39046
9 14 3 10 13 2.35488
9 14 3 11 12 2.5
9 14 3 11 13 2.46311
9 14 3 12 13 2.38048
9 14 4 5 6 2.56038
9 14 4 5 7 2.22985
9 14 4 5 8 2.40662
9 14 4 5 10 2.54058
9 14 4 5 11 2.50805
9 14 4 5 12 2.44949
9 14 4 5 13 2.40662
9 14 4 6 7 2.29256
9 14 4 6 8 2.68164
9 14 4 6 10 2.77498
9 14 4 6 11 2.74037
9 14 4 6 12 2.64575
9 14 4 6 13 2.68164
9 14 4 7 8 2.16025
9 14 4 7 10 2.26747
9 14 4 7 11 2.26779
9 14 4 7 12 2.16025
9 14 4 7 13 2.16025
9 14 4 8 10 2.69077
9 14 4 8 11 2.62216
9 14 4 8 12 2.61861
9 14 4 8 13 2.60419
9 14 4 10 11 2.72385
9 14 4 10 12 2.69077
9 14 4 10 13 2.67435
9 14 4 11 12 2.61652
9 14 4 11 13 2.62216
9 14 4 12 13 2.61861
9 14 5 6 7 2.22985
9 14 5 6 8 2.39046
9 14 5 6 10 2.52678
9 14 5 6 11 2.53859
9 14 5 6 12 2.42487
9 14 5 6 13 2.40426
9 14 5 7 8 2
9 14 5 7 10 2.17626
9 14 5 7 11 2.23607
9 14 5 7 12 2.08167
9 14 5 7 13 2.04495
9 14 5 8 10 2.40662
9 14 5 8 11 2.32266
9 14 5 8 12 2.3094
9 14 5 8 13 2.26385
9 14 5 10 11 2.48193
9 14 5 10 12 2.40662
9 14 5 10 13 2.37697
9 14 5 11 12 2.36827
9 14 5 11 13 2.33699
9 14 5 12 13 2.3094
9 14 6 7 8 2.15322
9 14 6 7 10 2.26855
9 14 6 7 11 2.34937
9 14 6 7 12 2.24846
9 14 6 7 13 2.23607
9 14 6 8 10 2.72185
9 14 6 8 11 2.69077
9 14 6 8 12 2.67842
9 14 6 8 13 2.66288
9 14 6 10 11 2.77498
9 14 6 10 12 2.72185
9 14 6 10 13 2.71163
9 14 6 11 12 2.71649
9 14 6 11 13 2.72279
9 14 6 12 13 2.70157
9 14 7 8 10 2.15322
9 14 7 8 11 2.16025
9 14 7 8 12 2.07802
9 14 7 8 13 2.05751
9 14 7 10 11 2.2514
9 14 7 10 12 2.15322
9 14 7 10 13 2.12132
9 14 7 11 12 2.23607
9 14 7 11 13 2.19745
9 14 7 12 13 2.15758
9 14 8 10 11 2.68164
9 14 8 10 12 2.67842
9 14 8 10 13 2.66288
9 14 8 11 12 2.61861
9 14 8 11 13 2.60419
9 14 8 12 13 2.61861
9 14 10 11 12 2.68164
9 14 10 11 13 2.66231
9 14 10 12 13 2.66288
9 14 11 12 13 2.65875
