9 14 0 1 2 3 4 5 1
9 14 0 1 2 3 4 6 1
9 14 0 1 2 3 4 7 1
9 14 0 1 2 3 4 8 1
9 14 0 1 2 3 4 10 1
9 14 0 1 2 3 4 11 1
9 14 0 1 2 3 4 12 1
9 14 0 1 2 3 4 13 1
9 14 0 1 2 3 5 6 1.41421
9 14 0 1 2 3 5 7 1.41421
9 14 0 1 2 3 5 8 1
9 14 0 1 2 3 5 10 1
9 14 0 1 2 3 5 11 1.41421
9 14 0 1 2 3 5 12 1.41421
9 14 0 1 2 3 5 13 1.41421
9 14 0 1 2 3 6 7 1.62019
9 14 0 1 2 3 6 8 1.62019
9 14 0 1 2 3 6 10 1.41421
9 14 0 1 2 3 6 11 1.73205
9 14 0 1 2 3 6 12 1.73205
9 14 0 1 2 3 6 13 1.73205
9 14 0 1 2 3 7 8 1.41421
9 14 0 1 2 3 7 10 1
9 14 0 1 2 3 7 11 1.62019
9 14 0 1 2 3 7 12 1.62019
9 14 0 1 2 3 7 13 1.62019
9 14 0 1 2 3 8 10 1.41421
9 14 0 1 2 3 8 11 1.62019
9 14 0 1 2 3 8 12 1.62019
9 14 0 1 2 3 8 13 1.62019
9 14 0 1 2 3 10 11 1.41421
9 14 0 1 2 3 10 12 1.41421
9 14 0 1 2 3 10 13 1.41421
9 14 0 1 2 3 11 12 1.73205
9 14 0 1 2 3 11 13 1.73205
9 14 0 1 2 3 12 13 1.73205
9 14 0 1 2 4 5 6 1.41421
9 14 0 1 2 4 5 7 1.41421
9 14 0 1 2 4 5 8 1.62019
9 14 0 1 2 4 5 10 1.62019
9 14 0 1 2 4 5 11 1
9 14 0 1 2 4 5 12 1.62019
9 14 0 1 2 4 5 13 1.62019
9 14 0 1 2 4 6 7 1
9 14 0 1 2 4 6 8 1.62019
9 14 0 1 2 4 6 10 1.62019
9 14 0 1 2 4 6 11 1.41421
9 14 0 1 2 4 6 12 1.62019
9 14 0 1 2 4 6 13 1.62019
9 14 0 1 2 4 7 8 1.41421
9 14 0 1 2 4 7 10 1.41421
9 14 0 1 2 4 7 11 1
9 14 0 1 2 4 7 12 1.41421
9 14 0 1 2 4 7 13 1.41421
9 14 0 1 2 4 8 10 1.73205
9 14 0 1 2 4 8 11 1.41421
9 14 0 1 2 4 8 12 1.73205
9 14 0 1 2 4 8 13 1.73205
9 14 0 1 2 4 10 11 1.41421
9 14 0 1 2 4 10 12 1.73205
9 14 0 1 2 4 10 13 1.73205
9 14 0 1 2 4 11 12 1.41421
9 14 0 1 2 4 11 13 1.41421
9 14 0 1 2 4 12 13 1.73205
9 14 0 1 2 5 6 7 1.41421
9 14 0 1 2 5 6 8 1.41421
9 14 0 1 2 5 6 10 1.41421
9 14 0 1 2 5 6 11 1.41421
9 14 0 1 2 5 6 12 1.41421
9 14 0 1 2 5 6 13 1.41421
9 14 0 1 2 5 7 8 1.41421
9 14 0 1 2 5 7 10 1.41421
9 14 0 1 2 5 7 11 1.41421
9 14 0 1 2 5 7 12 1.41421
9 14 0 1 2 5 7 13 1.41421
9 14 0 1 2 5 8 10 1.62019
9 14 0 1 2 5 8 11 1
9 14 0 1 2 5 8 12 1.62019
9 14 0 1 2 5 8 13 1.62019
9 14 0 1 2 5 10 11 1
9 14 0 1 2 5 10 12 1.62019
9 14 0 1 2 5 10 13 1.62019
9 14 0 1 2 5 11 12 1.41421
9 14 0 1 2 5 11 13 1.41421
9 14 0 1 2 5 12 13 1.62019
9 14 0 1 2 6 7 8 1.41421
9 14 0 1 2 6 7 10 1
9 14 0 1 2 6 7 11 1.62019
9 14 0 1 2 6 7 12 1.62019
9 14 0 1 2 6 7 13 1.62019
9 14 0 1 2 6 8 10 1.73205
9 14 0 1 2 6 8 11 1.73205
9 14 0 1 2 6 8 12 1.81265
9 14 0 1 2 6 8 13 1.81265
9 14 0 1 2 6 10 11 1.62019
9 14 0 1 2 6 10 12 1.73205
9 14 0 1 2 6 10 13 1.73205
9 14 0 1 2 6 11 12 1.81265
9 14 0 1 2 6 11 13 1.81265
9 14 0 1 2 6 12 13 2
9 14 0 1 2 7 8 10 1.41421
9 14 0 1 2 7 8 11 1.41421
9 14 0 1 2 7 8 12 1.41421
9 14 0 1 2 7 8 13 1.41421
9 14 0 1 2 7 10 11 1
9 14 0 1 2 7 10 12 1.41421
9 14 0 1 2 7 10 13 1.41421
9 14 0 1 2 7 11 12 1.62019
9 14 0 1 2 7 11 13 1.62019
9 14 0 1 2 7 12 13 1.62019
9 14 0 1 2 8 10 11 1.62019
9 14 0 1 2 8 10 12 1.81265
9 14 0 1 2 8 10 13 1.81265
9 14 0 1 2 8 11 12 1.73205
9 14 0 1 2 8 11 13 1.73205
9 14 0 1 2 8 12 13 2
9 14 0 1 2 10 11 12 1.62019
9 14 0 1 2 10 11 13 1.62019
9 14 0 1 2 10 12 13 1.81265
9 14 0 1 2 11 12 13 1.81265
9 14 0 1 3 4 5 6 1
9 14 0 1 3 4 5 7 1
9 14 0 1 3 4 5 8 1
9 14 0 1 3 4 5 10 1
9 14 0 1 3 4 5 11 1
9 14 0 1 3 4 5 12 1
9 14 0 1 3 4 5 13 1
9 14 0 1 3 4 6 7 1
9 14 0 1 3 4 6 8 1.41421
9 14 0 1 3 4 6 10 1.41421
9 14 0 1 3 4 6 11 1.41421
9 14 0 1 3 4 6 12 1.41421
9 14 0 1 3 4 6 13 1.41421
9 14 0 1 3 4 7 8 1
9 14 0 1 3 4 7 10 1
9 14 0 1 3 4 7 11 1
9 14 0 1 3 4 7 12 1
9 14 0 1 3 4 7 13 1
9 14 0 1 3 4 8 10 1.41421
9 14 0 1 3 4 8 11 1.41421
9 14 0 1 3 4 8 12 1.41421
9 14 0 1 3 4 8 13 1.41421
9 14 0 1 3 4 10 11 1.41421
9 14 0 1 3 4 10 12 1.41421
9 14 0 1 3 4 10 13 1.41421
9 14 0 1 3 4 11 12 1.41421
9 14 0 1 3 4 11 13 1.41421
9 14 0 1 3 4 12 13 1.41421
9 14 0 1 3 5 6 7 1.41421
9 14 0 1 3 5 6 8 1
9 14 0 1 3 5 6 10 0
9 14 0 1 3 5 6 11 1.41421
9 14 0 1 3 5 6 12 1.41421
9 14 0 1 3 5 6 13 1.41421
9 14 0 1 3 5 7 8 1
9 14 0 1 3 5 7 10 1
9 14 0 1 3 5 7 11 1.41421
9 14 0 1 3 5 7 12 1.41421
9 14 0 1 3 5 7 13 1.41421
9 14 0 1 3 5 8 10 1
9 14 0 1 3 5 8 11 1
9 14 0 1 3 5 8 12 1
9 14 0 1 3 5 8 13 1
9 14 0 1 3 5 10 11 0
9 14 0 1 3 5 10 12 1
9 14 0 1 3 5 10 13 1
9 14 0 1 3 5 11 12 1.41421
9 14 0 1 3 5 11 13 1.41421
9 14 0 1 3 5 12 13 1.41421
9 14 0 1 3 6 7 8 1.62019
9 14 0 1 3 6 7 10 1.41421
9 14 0 1 3 6 7 11 1.73205
9 14 0 1 3 6 7 12 1.73205
9 14 0 1 3 6 7 13 1.73205
9 14 0 1 3 6 8 10 1.73205
9 14 0 1 3 6 8 11 1.85164
9 14 0 1 3 6 8 12 1.85164
9 14 0 1 3 6 8 13 1.85164
9 14 0 1 3 6 10 11 1.73205
9 14 0 1 3 6 10 12 1.73205
9 14 0 1 3 6 10 13 1.73205
9 14 0 1 3 6 11 12 1.90693
9 14 0 1 3 6 11 13 1.90693
9 14 0 1 3 6 12 13 1.90693
9 14 0 1 3 7 8 10 1.41421
9 14 0 1 3 7 8 11 1.62019
9 14 0 1 3 7 8 12 1.62019
9 14 0 1 3 7 8 13 1.62019
9 14 0 1 3 7 10 11 1.41421
9 14 0 1 3 7 10 12 1.41421
9 14 0 1 3 7 10 13 1.41421
9 14 0 1 3 7 11 12 1.73205
9 14 0 1 3 7 11 13 1.73205
9 14 0 1 3 7 12 13 1.73205
9 14 0 1 3 8 10 11 1.73205
9 14 0 1 3 8 10 12 1.73205
9 14 0 1 3 8 10 13 1.73205
9 14 0 1 3 8 11 12 1.85164
9 14 0 1 3 8 11 13 1.85164
9 14 0 1 3 8 12 13 1.85164
9 14 0 1 3 10 11 12 1.73205
9 14 0 1 3 10 11 13 1.73205
9 14 0 1 3 10 12 13 1.73205
9 14 0 1 3 11 12 13 1.90693
9 14 0 1 4 5 6 7 1.41421
9 14 0 1 4 5 6 8 1.73205
9 14 0 1 4 5 6 10 1.73205
9 14 0 1 4 5 6 11 1.41421
9 14 0 1 4 5 6 12 1.73205
9 14 0 1 4 5 6 13 1.73205
9 14 0 1 4 5 7 8 1.62019
9 14 0 1 4 5 7 10 1.62019
9 14 0 1 4 5 7 11 1
9 14 0 1 4 5 7 12 1.62019
9 14 0 1 4 5 7 13 1.62019
9 14 0 1 4 5 8 10 1.85164
9 14 0 1 4 5 8 11 1.41421
9 14 0 1 4 5 8 12 1.85164
9 14 0 1 4 5 8 13 1.85164
9 14 0 1 4 5 10 11 1.41421
9 14 0 1 4 5 10 12 1.85164
9 14 0 1 4 5 10 13 1.85164
9 14 0 1 4 5 11 12 1.41421
9 14 0 1 4 5 11 13 1.41421
9 14 0 1 4 5 12 13 1.85164
9 14 0 1 4 6 7 8 1.62019
9 14 0 1 4 6 7 10 1.62019
9 14 0 1 4 6 7 11 1.41421
9 14 0 1 4 6 7 12 1.62019
9 14 0 1 4 6 7 13 1.62019
9 14 0 1 4 6 8 10 2.13664
9 14 0 1 4 6 8 11 2
9 14 0 1 4 6 8 12 2.13664
9 14 0 1 4 6 8 13 2.13664
9 14 0 1 4 6 10 11 2
9 14 0 1 4 6 10 12 2.13664
9 14 0 1 4 6 10 13 2.13664
9 14 0 1 4 6 11 12 2
9 14 0 1 4 6 11 13 2
9 14 0 1 4 6 12 13 2.13664
9 14 0 1 4 7 8 10 1.73205
9 14 0 1 4 7 8 11 1.41421
9 14 0 1 4 7 8 12 1.73205
9 14 0 1 4 7 8 13 1.73205
9 14 0 1 4 7 10 11 1.41421
9 14 0 1 4 7 10 12 1.73205
9 14 0 1 4 7 10 13 1.73205
9 14 0 1 4 7 11 12 1.41421
9 14 0 1 4 7 11 13 1.41421
9 14 0 1 4 7 12 13 1.73205
9 14 0 1 4 8 10 11 2
9 14 0 1 4 8 10 12 2.16025
9 14 0 1 4 8 10 13 2.16025
9 14 0 1 4 8 11 12 2
9 14 0 1 4 8 11 13 2
9 14 0 1 4 8 12 13 2.16025
9 14 0 1 4 10 11 12 2
9 14 0 1 4 10 11 13 2
9 14 0 1 4 10 12 13 2.16025
9 14 0 1 4 11 12 13 2
9 14 0 1 5 6 7 8 1.41421
9 14 0 1 5 6 7 10 1.41421
9 14 0 1 5 6 7 11 1.41421
9 14 0 1 5 6 7 12 1.41421
9 14 0 1 5 6 7 13 1.41421
9 14 0 1 5 6 8 10 1.73205
9 14 0 1 5 6 8 11 1.41421
9 14 0 1 5 6 8 12 1.73205
9 14 0 1 5 6 8 13 1.73205
9 14 0 1 5 6 10 11 1.41421
9 14 0 1 5 6 10 12 1.73205
9 14 0 1 5 6 10 13 1.73205
9 14 0 1 5 6 11 12 1.41421
9 14 0 1 5 6 11 13 1.41421
9 14 0 1 5 6 12 13 1.73205
9 14 0 1 5 7 8 10 1.62019
9 14 0 1 5 7 8 11 1
9 14 0 1 5 7 8 12 1.62019
9 14 0 1 5 7 8 13 1.62019
9 14 0 1 5 7 10 11 1
9 14 0 1 5 7 10 12 1.62019
9 14 0 1 5 7 10 13 1.62019
9 14 0 1 5 7 11 12 1.41421
9 14 0 1 5 7 11 13 1.41421
9 14 0 1 5 7 12 13 1.62019
9 14 0 1 5 8 10 11 1.41421
9 14 0 1 5 8 10 12 1.85164
9 14 0 1 5 8 10 13 1.85164
9 14 0 1 5 8 11 12 1.41421
9 14 0 1 5 8 11 13 1.41421
9 14 0 1 5 8 12 13 1.85164
9 14 0 1 5 10 11 12 1.41421
9 14 0 1 5 10 11 13 1.41421
9 14 0 1 5 10 12 13 1.85164
9 14 0 1 5 11 12 13 1.41421
9 14 0 1 6 7 8 10 1.73205
9 14 0 1 6 7 8 11 1.73205
9 14 0 1 6 7 8 12 1.81265
9 14 0 1 6 7 8 13 1.81265
9 14 0 1 6 7 10 11 1.62019
9 14 0 1 6 7 10 12 1.73205
9 14 0 1 6 7 10 13 1.73205
9 14 0 1 6 7 11 12 1.81265
9 14 0 1 6 7 11 13 1.81265
9 14 0 1 6 7 12 13 2
9 14 0 1 6 8 10 11 2.13664
9 14 0 1 6 8 10 12 2.23607
9 14 0 1 6 8 10 13 2.23607
9 14 0 1 6 8 11 12 2.16025
9 14 0 1 6 8 11 13 2.16025
9 14 0 1 6 8 12 13 2.26385
9 14 0 1 6 10 11 12 2.13664
9 14 0 1 6 10 11 13 2.13664
9 14 0 1 6 10 12 13 2.23607
9 14 0 1 6 11 12 13 2.19089
9 14 0 1 7 8 10 11 1.62019
9 14 0 1 7 8 10 12 1.81265
9 14 0 1 7 8 10 13 1.81265
9 14 0 1 7 8 11 12 1.73205
9 14 0 1 7 8 11 13 1.73205
9 14 0 1 7 8 12 13 2
9 14 0 1 7 10 11 12 1.62019
9 14 0 1 7 10 11 13 1.62019
9 14 0 1 7 10 12 13 1.81265
9 14 0 1 7 11 12 13 1.81265
9 14 0 1 8 10 11 12 2.13664
9 14 0 1 8 10 11 13 2.13664
9 14 0 1 8 10 12 13 2.26385
9 14 0 1 8 11 12 13 2.16025
9 14 0 1 10 11 12 13 2.13664
9 14 0 2 3 4 5 6 2.07802
9 14 0 2 3 4 5 7 1.85164
9 14 0 2 3 4 5 8 1.73205
9 14 0 2 3 4 5 10 2
9 14 0 2 3 4 5 11 2.07802
9 14 0 2 3 4 5 12 1.85164
9 14 0 2 3 4 5 13 1.85164
9 14 0 2 3 4 6 7 1.85164
9 14 0 2 3 4 6 8 1.85164
9 14 0 2 3 4 6 10 2.07802
9 14 0 2 3 4 6 11 2.13809
9 14 0 2 3 4 6 12 1.93309
9 14 0 2 3 4 6 13 1.93309
9 14 0 2 3 4 7 8 1.41421
9 14 0 2 3 4 7 10 1.73205
9 14 0 2 3 4 7 11 1.85164
9 14 0 2 3 4 7 12 1.62019
9 14 0 2 3 4 7 13 1.62019
9 14 0 2 3 4 8 10 1.85164
9 14 0 2 3 4 8 11 1.85164
9 14 0 2 3 4 8 12 1.62019
9 14 0 2 3 4 8 13 1.62019
9 14 0 2 3 4 10 11 2.07802
9 14 0 2 3 4 10 12 1.85164
9 14 0 2 3 4 10 13 1.85164
9 14 0 2 3 4 11 12 1.93309
9 14 0 2 3 4 11 13 1.93309
9 14 0 2 3 4 12 13 1.73205
9 14 0 2 3 5 6 7 1.90693
9 14 0 2 3 5 6 8 1.73205
9 14 0 2 3 5 6 10 2
9 14 0 2 3 5 6 11 2.10357
9 14 0 2 3 5 6 12 1.90693
9 14 0 2 3 5 6 13 1.90693
9 14 0 2 3 5 7 8 1.41421
9 14 0 2 3 5 7 10 1.73205
9 14 0 2 3 5 7 11 1.90693
9 14 0 2 3 5 7 12 1.73205
9 14 0 2 3 5 7 13 1.73205
9 14 0 2 3 5 8 10 1.73205
9 14 0 2 3 5 8 11 1.73205
9 14 0 2 3 5 8 12 1.41421
9 14 0 2 3 5 8 13 1.41421
9 14 0 2 3 5 10 11 2
9 14 0 2 3 5 10 12 1.73205
9 14 0 2 3 5 10 13 1.73205
9 14 0 2 3 5 11 12 1.90693
9 14 0 2 3 5 11 13 1.90693
9 14 0 2 3 5 12 13 1.73205
9 14 0 2 3 6 7 8 1.41421
9 14 0 2 3 6 7 10 1.73205
9 14 0 2 3 6 7 11 1.93309
9 14 0 2 3 6 7 12 1.81265
9 14 0 2 3 6 7 13 1.81265
9 14 0 2 3 6 8 10 1.90693
9 14 0 2 3 6 8 11 1.93309
9 14 0 2 3 6 8 12 1.81265
9 14 0 2 3 6 8 13 1.81265
9 14 0 2 3 6 10 11 2.10357
9 14 0 2 3 6 10 12 1.90693
9 14 0 2 3 6 10 13 1.90693
9 14 0 2 3 6 11 12 2.10639
9 14 0 2 3 6 11 13 2.10639
9 14 0 2 3 6 12 13 2
9 14 0 2 3 7 8 10 1.41421
9 14 0 2 3 7 8 11 1.41421
9 14 0 2 3 7 8 12 1.41421
9 14 0 2 3 7 8 13 1.41421
9 14 0 2 3 7 10 11 1.73205
9 14 0 2 3 7 10 12 1.41421
9 14 0 2 3 7 10 13 1.41421
9 14 0 2 3 7 11 12 1.81265
9 14 0 2 3 7 11 13 1.81265
9 14 0 2 3 7 12 13 1.73205
9 14 0 2 3 8 10 11 1.90693
9 14 0 2 3 8 10 12 1.73205
9 14 0 2 3 8 10 13 1.73205
9 14 0 2 3 8 11 12 1.81265
9 14 0 2 3 8 11 13 1.81265
9 14 0 2 3 8 12 13 1.73205
9 14 0 2 3 10 11 12 1.90693
9 14 0 2 3 10 11 13 1.90693
9 14 0 2 3 10 12 13 1.73205
9 14 0 2 3 11 12 13 2
9 14 0 2 4 5 6 7 1.85164
9 14 0 2 4 5 6 8 1.90693
9 14 0 2 4 5 6 10 2.10357
9 14 0 2 4 5 6 11 2.13809
9 14 0 2 4 5 6 12 2
9 14 0 2 4 5 6 13 2
9 14 0 2 4 5 7 8 1.41421
9 14 0 2 4 5 7 10 1.73205
9 14 0 2 4 5 7 11 1.85164
9 14 0 2 4 5 7 12 1.62019
9 14 0 2 4 5 7 13 1.62019
9 14 0 2 4 5 8 10 1.93309
9 14 0 2 4 5 8 11 1.85164
9 14 0 2 4 5 8 12 1.81265
9 14 0 2 4 5 8 13 1.81265
9 14 0 2 4 5 10 11 2.07802
9 14 0 2 4 5 10 12 1.93309
9 14 0 2 4 5 10 13 1.93309
9 14 0 2 4 5 11 12 1.93309
9 14 0 2 4 5 11 13 1.93309
9 14 0 2 4 5 12 13 2
9 14 0 2 4 6 7 8 1.41421
9 14 0 2 4 6 7 10 1.73205
9 14 0 2 4 6 7 11 1.85164
9 14 0 2 4 6 7 12 1.62019
9 14 0 2 4 6 7 13 1.62019
9 14 0 2 4 6 8 10 2.04939
9 14 0 2 4 6 8 11 2.00294
9 14 0 2 4 6 8 12 1.93309
9 14 0 2 4 6 8 13 1.93309
9 14 0 2 4 6 10 11 2.17945
9 14 0 2 4 6 10 12 2.04939
9 14 0 2 4 6 10 13 2.04939
9 14 0 2 4 6 11 12 2.04939
9 14 0 2 4 6 11 13 2.04939
9 14 0 2 4 6 12 13 2
9 14 0 2 4 7 8 10 1.41421
9 14 0 2 4 7 8 11 1.41421
9 14 0 2 4 7 8 12 1.41421
9 14 0 2 4 7 8 13 1.41421
9 14 0 2 4 7 10 11 1.73205
9 14 0 2 4 7 10 12 1.41421
9 14 0 2 4 7 10 13 1.41421
9 14 0 2 4 7 11 12 1.62019
9 14 0 2 4 7 11 13 1.62019
9 14 0 2 4 7 12 13 1.41421
9 14 0 2 4 8 10 11 2.00294
9 14 0 2 4 8 10 12 2
9 14 0 2 4 8 10 13 2
9 14 0 2 4 8 11 12 1.85164
9 14 0 2 4 8 11 13 1.85164
9 14 0 2 4 8 12 13 1.90693
9 14 0 2 4 10 11 12 2.00294
9 14 0 2 4 10 11 13 2.00294
9 14 0 2 4 10 12 13 2
9 14 0 2 4 11 12 13 1.90693
9 14 0 2 5 6 7 8 1.41421
9 14 0 2 5 6 7 10 1.73205
9 14 0 2 5 6 7 11 1.90693
9 14 0 2 5 6 7 12 1.73205
9 14 0 2 5 6 7 13 1.73205
9 14 0 2 5 6 8 10 1.90693
9 14 0 2 5 6 8 11 1.85164
9 14 0 2 5 6 8 12 1.73205
9 14 0 2 5 6 8 13 1.73205
9 14 0 2 5 6 10 11 2.07802
9 14 0 2 5 6 10 12 1.90693
9 14 0 2 5 6 10 13 1.90693
9 14 0 2 5 6 11 12 2
9 14 0 2 5 6 11 13 2
9 14 0 2 5 6 12 13 2
9 14 0 2 5 7 8 10 1.41421
9 14 0 2 5 7 8 11 1.41421
9 14 0 2 5 7 8 12 1.41421
9 14 0 2 5 7 8 13 1.41421
9 14 0 2 5 7 10 11 1.73205
9 14 0 2 5 7 10 12 1.41421
9 14 0 2 5 7 10 13 1.41421
9 14 0 2 5 7 11 12 1.73205
9 14 0 2 5 7 11 13 1.73205
9 14 0 2 5 7 12 13 1.62019
9 14 0 2 5 8 10 11 1.85164
9 14 0 2 5 8 10 12 1.81265
9 14 0 2 5 8 10 13 1.81265
9 14 0 2 5 8 11 12 1.62019
9 14 0 2 5 8 11 13 1.62019
9 14 0 2 5 8 12 13 1.73205
9 14 0 2 5 10 11 12 1.85164
9 14 0 2 5 10 11 13 1.85164
9 14 0 2 5 10 12 13 1.81265
9 14 0 2 5 11 12 13 1.81265
9 14 0 2 6 7 8 10 1.41421
9 14 0 2 6 7 8 11 1.41421
9 14 0 2 6 7 8 12 1.41421
9 14 0 2 6 7 8 13 1.41421
9 14 0 2 6 7 10 11 1.73205
9 14 0 2 6 7 10 12 1.41421
9 14 0 2 6 7 10 13 1.41421
9 14 0 2 6 7 11 12 1.81265
9 14 0 2 6 7 11 13 1.81265
9 14 0 2 6 7 12 13 1.73205
9 14 0 2 6 8 10 11 2.04939
9 14 0 2 6 8 10 12 2
9 14 0 2 6 8 10 13 2
9 14 0 2 6 8 11 12 2
9 14 0 2 6 8 11 13 2
9 14 0 2 6 8 12 13 2
9 14 0 2 6 10 11 12 2.04939
9 14 0 2 6 10 11 13 2.04939
9 14 0 2 6 10 12 13 2
9 14 0 2 6 11 12 13 2.10639
9 14 0 2 7 8 10 11 1.41421
9 14 0 2 7 8 10 12 1.41421
9 14 0 2 7 8 10 13 1.41421
9 14 0 2 7 8 11 12 1.41421
9 14 0 2 7 8 11 13 1.41421
9 14 0 2 7 8 12 13 1.41421
9 14 0 2 7 10 11 12 1.41421
9 14 0 2 7 10 11 13 1.41421
9 14 0 2 7 10 12 13 1.41421
9 14 0 2 7 11 12 13 1.73205
9 14 0 2 8 10 11 12 1.93309
9 14 0 2 8 10 11 13 1.93309
9 14 0 2 8 10 12 13 2
9 14 0 2 8 11 12 13 1.90693
9 14 0 2 10 11 12 13 1.93309
9 14 0 3 4 5 6 7 2.07802
9 14 0 3 4 5 6 8 2
9 14 0 3 4 5 6 10 2.23607
9 14 0 3 4 5 6 11 2.29129
9 14 0 3 4 5 6 12 2.07802
9 14 0 3 4 5 6 13 2.07802
9 14 0 3 4 5 7 8 1.73205
9 14 0 3 4 5 7 10 2
9 14 0 3 4 5 7 11 2.07802
9 14 0 3 4 5 7 12 1.85164
9 14 0 3 4 5 7 13 1.85164
9 14 0 3 4 5 8 10 2
9 14 0 3 4 5 8 11 2
9 14 0 3 4 5 8 12 1.73205
9 14 0 3 4 5 8 13 1.73205
9 14 0 3 4 5 10 11 2.23607
9 14 0 3 4 5 10 12 2
9 14 0 3 4 5 10 13 2
9 14 0 3 4 5 11 12 2.07802
9 14 0 3 4 5 11 13 2.07802
9 14 0 3 4 5 12 13 1.85164
9 14 0 3 4 6 7 8 1.85164
9 14 0 3 4 6 7 10 2.07802
9 14 0 3 4 6 7 11 2.13809
9 14 0 3 4 6 7 12 1.93309
9 14 0 3 4 6 7 13 1.93309
9 14 0 3 4 6 8 10 2.28709
9 14 0 3 4 6 8 11 2.28709
9 14 0 3 4 6 8 12 2.13664
9 14 0 3 4 6 8 13 2.13664
9 14 0 3 4 6 10 11 2.44831
9 14 0 3 4 6 10 12 2.28709
9 14 0 3 4 6 10 13 2.28709
9 14 0 3 4 6 11 12 2.32266
9 14 0 3 4 6 11 13 2.32266
9 14 0 3 4 6 12 13 2.16025
9 14 0 3 4 7 8 10 1.85164
9 14 0 3 4 7 8 11 1.85164
9 14 0 3 4 7 8 12 1.62019
9 14 0 3 4 7 8 13 1.62019
9 14 0 3 4 7 10 11 2.07802
9 14 0 3 4 7 10 12 1.85164
9 14 0 3 4 7 10 13 1.85164
9 14 0 3 4 7 11 12 1.93309
9 14 0 3 4 7 11 13 1.93309
9 14 0 3 4 7 12 13 1.73205
9 14 0 3 4 8 10 11 2.28709
9 14 0 3 4 8 10 12 2.13664
9 14 0 3 4 8 10 13 2.13664
9 14 0 3 4 8 11 12 2.13664
9 14 0 3 4 8 11 13 2.13664
9 14 0 3 4 8 12 13 2
9 14 0 3 4 10 11 12 2.28709
9 14 0 3 4 10 11 13 2.28709
9 14 0 3 4 10 12 13 2.13664
9 14 0 3 4 11 12 13 2.16025
9 14 0 3 5 6 7 8 1.73205
9 14 0 3 5 6 7 10 2
9 14 0 3 5 6 7 11 2.10357
9 14 0 3 5 6 7 12 1.90693
9 14 0 3 5 6 7 13 1.90693
9 14 0 3 5 6 8 10 2
9 14 0 3 5 6 8 11 2
9 14 0 3 5 6 8 12 1.73205
9 14 0 3 5 6 8 13 1.73205
9 14 0 3 5 6 10 11 2.23607
9 14 0 3 5 6 10 12 2
9 14 0 3 5 6 10 13 2
9 14 0 3 5 6 11 12 2.10357
9 14 0 3 5 6 11 13 2.10357
9 14 0 3 5 6 12 13 1.90693
9 14 0 3 5 7 8 10 1.73205
9 14 0 3 5 7 8 11 1.73205
9 14 0 3 5 7 8 12 1.41421
9 14 0 3 5 7 8 13 1.41421
9 14 0 3 5 7 10 11 2
9 14 0 3 5 7 10 12 1.73205
9 14 0 3 5 7 10 13 1.73205
9 14 0 3 5 7 11 12 1.90693
9 14 0 3 5 7 11 13 1.90693
9 14 0 3 5 7 12 13 1.73205
9 14 0 3 5 8 10 11 2
9 14 0 3 5 8 10 12 1.73205
9 14 0 3 5 8 10 13 1.73205
9 14 0 3 5 8 11 12 1.73205
9 14 0 3 5 8 11 13 1.73205
9 14 0 3 5 8 12 13 1.41421
9 14 0 3 5 10 11 12 2
9 14 0 3 5 10 11 13 2
9 14 0 3 5 10 12 13 1.73205
9 14 0 3 5 11 12 13 1.90693
9 14 0 3 6 7 8 10 1.90693
9 14 0 3 6 7 8 11 1.93309
9 14 0 3 6 7 8 12 1.81265
9 14 0 3 6 7 8 13 1.81265
9 14 0 3 6 7 10 11 2.10357
9 14 0 3 6 7 10 12 1.90693
9 14 0 3 6 7 10 13 1.90693
9 14 0 3 6 7 11 12 2.10639
9 14 0 3 6 7 11 13 2.10639
9 14 0 3 6 7 12 13 2
9 14 0 3 6 8 10 11 2.35488
9 14 0 3 6 8 10 12 2.23607
9 14 0 3 6 8 10 13 2.23607
9 14 0 3 6 8 11 12 2.26385
9 14 0 3 6 8 11 13 2.26385
9 14 0 3 6 8 12 13 2.16025
9 14 0 3 6 10 11 12 2.35488
9 14 0 3 6 10 11 13 2.35488
9 14 0 3 6 10 12 13 2.23607
9 14 0 3 6 11 12 13 2.38048
9 14 0 3 7 8 10 11 1.90693
9 14 0 3 7 8 10 12 1.73205
9 14 0 3 7 8 10 13 1.73205
9 14 0 3 7 8 11 12 1.81265
9 14 0 3 7 8 11 13 1.81265
9 14 0 3 7 8 12 13 1.73205
9 14 0 3 7 10 11 12 1.90693
9 14 0 3 7 10 11 13 1.90693
9 14 0 3 7 10 12 13 1.73205
9 14 0 3 7 11 12 13 2
9 14 0 3 8 10 11 12 2.23607
9 14 0 3 8 10 11 13 2.23607
9 14 0 3 8 10 12 13 2.13664
9 14 0 3 8 11 12 13 2.16025
9 14 0 3 10 11 12 13 2.23607
9 14 0 4 5 6 7 8 1.90693
9 14 0 4 5 6 7 10 2.10357
9 14 0 4 5 6 7 11 2.13809
9 14 0 4 5 6 7 12 2
9 14 0 4 5 6 7 13 2
9 14 0 4 5 6 8 10 2.35488
9 14 0 4 5 6 8 11 2.28709
9 14 0 4 5 6 8 12 2.23607
9 14 0 4 5 6 8 13 2.23607
9 14 0 4 5 6 10 11 2.44831
9 14 0 4 5 6 10 12 2.35488
9 14 0 4 5 6 10 13 2.35488
9 14 0 4 5 6 11 12 2.32266
9 14 0 4 5 6 11 13 2.32266
9 14 0 4 5 6 12 13 2.26385
9 14 0 4 5 7 8 10 1.93309
9 14 0 4 5 7 8 11 1.85164
9 14 0 4 5 7 8 12 1.81265
9 14 0 4 5 7 8 13 1.81265
9 14 0 4 5 7 10 11 2.07802
9 14 0 4 5 7 10 12 1.93309
9 14 0 4 5 7 10 13 1.93309
9 14 0 4 5 7 11 12 1.93309
9 14 0 4 5 7 11 13 1.93309
9 14 0 4 5 7 12 13 2
9 14 0 4 5 8 10 11 2.28709
9 14 0 4 5 8 10 12 2.26385
9 14 0 4 5 8 10 13 2.26385
9 14 0 4 5 8 11 12 2.13664
9 14 0 4 5 8 11 13 2.13664
9 14 0 4 5 8 12 13 2.16025
9 14 0 4 5 10 11 12 2.28709
9 14 0 4 5 10 11 13 2.28709
9 14 0 4 5 10 12 13 2.26385
9 14 0 4 5 11 12 13 2.16025
9 14 0 4 6 7 8 10 2.04939
9 14 0 4 6 7 8 11 2.00294
9 14 0 4 6 7 8 12 1.93309
9 14 0 4 6 7 8 13 1.93309
9 14 0 4 6 7 10 11 2.17945
9 14 0 4 6 7 10 12 2.04939
9 14 0 4 6 7 10 13 2.04939
9 14 0 4 6 7 11 12 2.04939
9 14 0 4 6 7 11 13 2.04939
9 14 0 4 6 7 12 13 2
9 14 0 4 6 8 10 11 2.61406
9 14 0 4 6 8 10 12 2.58844
9 14 0 4 6 8 10 13 2.58844
9 14 0 4 6 8 11 12 2.52543
9 14 0 4 6 8 11 13 2.52543
9 14 0 4 6 8 12 13 2.52543
9 14 0 4 6 10 11 12 2.61406
9 14 0 4 6 10 11 13 2.61406
9 14 0 4 6 10 12 13 2.58844
9 14 0 4 6 11 12 13 2.53722
9 14 0 4 7 8 10 11 2.00294
9 14 0 4 7 8 10 12 2
9 14 0 4 7 8 10 13 2
9 14 0 4 7 8 11 12 1.85164
9 14 0 4 7 8 11 13 1.85164
9 14 0 4 7 8 12 13 1.90693
9 14 0 4 7 10 11 12 2.00294
9 14 0 4 7 10 11 13 2.00294
9 14 0 4 7 10 12 13 2
9 14 0 4 7 11 12 13 1.90693
9 14 0 4 8 10 11 12 2.52543
9 14 0 4 8 10 11 13 2.52543
9 14 0 4 8 10 12 13 2.53722
9 14 0 4 8 11 12 13 2.44949
9 14 0 4 10 11 12 13 2.52543
9 14 0 5 6 7 8 10 1.90693
9 14 0 5 6 7 8 11 1.85164
9 14 0 5 6 7 8 12 1.73205
9 14 0 5 6 7 8 13 1.73205
9 14 0 5 6 7 10 11 2.07802
9 14 0 5 6 7 10 12 1.90693
9 14 0 5 6 7 10 13 1.90693
9 14 0 5 6 7 11 12 2
9 14 0 5 6 7 11 13 2
9 14 0 5 6 7 12 13 2
9 14 0 5 6 8 10 11 2.28709
9 14 0 5 6 8 10 12 2.23607
9 14 0 5 6 8 10 13 2.23607
9 14 0 5 6 8 11 12 2.13664
9 14 0 5 6 8 11 13 2.13664
9 14 0 5 6 8 12 13 2.13664
9 14 0 5 6 10 11 12 2.28709
9 14 0 5 6 10 11 13 2.28709
9 14 0 5 6 10 12 13 2.23607
9 14 0 5 6 11 12 13 2.19089
9 14 0 5 7 8 10 11 1.85164
9 14 0 5 7 8 10 12 1.81265
9 14 0 5 7 8 10 13 1.81265
9 14 0 5 7 8 11 12 1.62019
9 14 0 5 7 8 11 13 1.62019
9 14 0 5 7 8 12 13 1.73205
9 14 0 5 7 10 11 12 1.85164
9 14 0 5 7 10 11 13 1.85164
9 14 0 5 7 10 12 13 1.81265
9 14 0 5 7 11 12 13 1.81265
9 14 0 5 8 10 11 12 2.13664
9 14 0 5 8 10 11 13 2.13664
9 14 0 5 8 10 12 13 2.16025
9 14 0 5 8 11 12 13 2
9 14 0 5 10 11 12 13 2.13664
9 14 0 6 7 8 10 11 2.04939
9 14 0 6 7 8 10 12 2
9 14 0 6 7 8 10 13 2
9 14 0 6 7 8 11 12 2
9 14 0 6 7 8 11 13 2
9 14 0 6 7 8 12 13 2
9 14 0 6 7 10 11 12 2.04939
9 14 0 6 7 10 11 13 2.04939
9 14 0 6 7 10 12 13 2
9 14 0 6 7 11 12 13 2.10639
9 14 0 6 8 10 11 12 2.58844
9 14 0 6 8 10 11 13 2.58844
9 14 0 6 8 10 12 13 2.58844
9 14 0 6 8 11 12 13 2.53722
9 14 0 6 10 11 12 13 2.58844
9 14 0 7 8 10 11 12 1.93309
9 14 0 7 8 10 11 13 1.93309
9 14 0 7 8 10 12 13 2
9 14 0 7 8 11 12 13 1.90693
9 14 0 7 10 11 12 13 1.93309
9 14 0 8 10 11 12 13 2.52543
9 14 1 2 3 4 5 6 1
9 14 1 2 3 4 5 7 1
9 14 1 2 3 4 5 8 1
9 14 1 2 3 4 5 10 1
9 14 1 2 3 4 5 11 1
9 14 1 2 3 4 5 12 1
9 14 1 2 3 4 5 13 1
9 14 1 2 3 4 6 7 1
9 14 1 2 3 4 6 8 1
9 14 1 2 3 4 6 10 1
9 14 1 2 3 4 6 11 1
9 14 1 2 3 4 6 12 1
9 14 1 2 3 4 6 13 1
9 14 1 2 3 4 7 8 1
9 14 1 2 3 4 7 10 1
9 14 1 2 3 4 7 11 1
9 14 1 2 3 4 7 12 1
9 14 1 2 3 4 7 13 1
9 14 1 2 3 4 8 10 1
9 14 1 2 3 4 8 11 1
9 14 1 2 3 4 8 12 1
9 14 1 2 3 4 8 13 1
9 14 1 2 3 4 10 11 1
9 14 1 2 3 4 10 12 1
9 14 1 2 3 4 10 13 1
9 14 1 2 3 4 11 12 1
9 14 1 2 3 4 11 13 1
9 14 1 2 3 4 12 13 1
9 14 1 2 3 5 6 7 1.41421
9 14 1 2 3 5 6 8 1
9 14 1 2 3 5 6 10 1
9 14 1 2 3 5 6 11 1.41421
9 14 1 2 3 5 6 12 1.41421
9 14 1 2 3 5 6 13 1.41421
9 14 1 2 3 5 7 8 1
9 14 1 2 3 5 7 10 1
9 14 1 2 3 5 7 11 1.41421
9 14 1 2 3 5 7 12 1.41421
9 14 1 2 3 5 7 13 1.41421
9 14 1 2 3 5 8 10 1
9 14 1 2 3 5 8 11 1
9 14 1 2 3 5 8 12 1
9 14 1 2 3 5 8 13 1
9 14 1 2 3 5 10 11 1
9 14 1 2 3 5 10 12 1
9 14 1 2 3 5 10 13 1
9 14 1 2 3 5 11 12 1.41421
9 14 1 2 3 5 11 13 1.41421
9 14 1 2 3 5 12 13 1.41421
9 14 1 2 3 6 7 8 1.41421
9 14 1 2 3 6 7 10 1
9 14 1 2 3 6 7 11 1.62019
9 14 1 2 3 6 7 12 1.62019
9 14 1 2 3 6 7 13 1.62019
9 14 1 2 3 6 8 10 1.41421
9 14 1 2 3 6 8 11 1.62019
9 14 1 2 3 6 8 12 1.62019
9 14 1 2 3 6 8 13 1.62019
9 14 1 2 3 6 10 11 1.41421
9 14 1 2 3 6 10 12 1.41421
9 14 1 2 3 6 10 13 1.41421
9 14 1 2 3 6 11 12 1.73205
9 14 1 2 3 6 11 13 1.73205
9 14 1 2 3 6 12 13 1.73205
9 14 1 2 3 7 8 10 1
9 14 1 2 3 7 8 11 1.41421
9 14 1 2 3 7 8 12 1.41421
9 14 1 2 3 7 8 13 1.41421
9 14 1 2 3 7 10 11 1
9 14 1 2 3 7 10 12 1
9 14 1 2 3 7 10 13 1
9 14 1 2 3 7 11 12 1.62019
9 14 1 2 3 7 11 13 1.62019
9 14 1 2 3 7 12 13 1.62019
9 14 1 2 3 8 10 11 1.41421
9 14 1 2 3 8 10 12 1.41421
9 14 1 2 3 8 10 13 1.41421
9 14 1 2 3 8 11 12 1.62019
9 14 1 2 3 8 11 13 1.62019
9 14 1 2 3 8 12 13 1.62019
9 14 1 2 3 10 11 12 1.41421
9 14 1 2 3 10 11 13 1.41421
9 14 1 2 3 10 12 13 1.41421
9 14 1 2 3 11 12 13 1.73205
9 14 1 2 4 5 6 7 1
9 14 1 2 4 5 6 8 1.41421
9 14 1 2 4 5 6 10 1.41421
9 14 1 2 4 5 6 11 1
9 14 1 2 4 5 6 12 1.41421
9 14 1 2 4 5 6 13 1.41421
9 14 1 2 4 5 7 8 1.41421
9 14 1 2 4 5 7 10 1.41421
9 14 1 2 4 5 7 11 1
9 14 1 2 4 5 7 12 1.41421
9 14 1 2 4 5 7 13 1.41421
9 14 1 2 4 5 8 10 1.62019
9 14 1 2 4 5 8 11 1
9 14 1 2 4 5 8 12 1.62019
9 14 1 2 4 5 8 13 1.62019
9 14 1 2 4 5 10 11 1
9 14 1 2 4 5 10 12 1.62019
9 14 1 2 4 5 10 13 1.62019
9 14 1 2 4 5 11 12 1
9 14 1 2 4 5 11 13 1
9 14 1 2 4 5 12 13 1.62019
9 14 1 2 4 6 7 8 1
9 14 1 2 4 6 7 10 1
9 14 1 2 4 6 7 11 1
9 14 1 2 4 6 7 12 1
9 14 1 2 4 6 7 13 1
9 14 1 2 4 6 8 10 1.62019
9 14 1 2 4 6 8 11 1.41421
9 14 1 2 4 6 8 12 1.62019
9 14 1 2 4 6 8 13 1.62019
9 14 1 2 4 6 10 11 1.41421
9 14 1 2 4 6 10 12 1.62019
9 14 1 2 4 6 10 13 1.62019
9 14 1 2 4 6 11 12 1.41421
9 14 1 2 4 6 11 13 1.41421
9 14 1 2 4 6 12 13 1.62019
9 14 1 2 4 7 8 10 1.41421
9 14 1 2 4 7 8 11 1
9 14 1 2 4 7 8 12 1.41421
9 14 1 2 4 7 8 13 1.41421
9 14 1 2 4 7 10 11 1
9 14 1 2 4 7 10 12 1.41421
9 14 1 2 4 7 10 13 1.41421
9 14 1 2 4 7 11 12 1
9 14 1 2 4 7 11 13 1
9 14 1 2 4 7 12 13 1.41421
9 14 1 2 4 8 10 11 1.41421
9 14 1 2 4 8 10 12 1.73205
9 14 1 2 4 8 10 13 1.73205
9 14 1 2 4 8 11 12 1.41421
9 14 1 2 4 8 11 13 1.41421
9 14 1 2 4 8 12 13 1.73205
9 14 1 2 4 10 11 12 1.41421
9 14 1 2 4 10 11 13 1.41421
9 14 1 2 4 10 12 13 1.73205
9 14 1 2 4 11 12 13 1.41421
9 14 1 2 5 6 7 8 1
9 14 1 2 5 6 7 10 1
9 14 1 2 5 6 7 11 1.41421
9 14 1 2 5 6 7 12 1.41421
9 14 1 2 5 6 7 13 1.41421
9 14 1 2 5 6 8 10 1.41421
9 14 1 2 5 6 8 11 1
9 14 1 2 5 6 8 12 1.41421
9 14 1 2 5 6 8 13 1.41421
9 14 1 2 5 6 10 11 1
9 14 1 2 5 6 10 12 1.41421
9 14 1 2 5 6 10 13 1.41421
9 14 1 2 5 6 11 12 1.41421
9 14 1 2 5 6 11 13 1.41421
9 14 1 2 5 6 12 13 1.41421
9 14 1 2 5 7 8 10 1.41421
9 14 1 2 5 7 8 11 1
9 14 1 2 5 7 8 12 1.41421
9 14 1 2 5 7 8 13 1.41421
9 14 1 2 5 7 10 11 1
9 14 1 2 5 7 10 12 1.41421
9 14 1 2 5 7 10 13 1.41421
9 14 1 2 5 7 11 12 1.41421
9 14 1 2 5 7 11 13 1.41421
9 14 1 2 5 7 12 13 1.41421
9 14 1 2 5 8 10 11 1
9 14 1 2 5 8 10 12 1.62019
9 14 1 2 5 8 10 13 1.62019
9 14 1 2 5 8 11 12 1
9 14 1 2 5 8 11 13 1
9 14 1 2 5 8 12 13 1.62019
9 14 1 2 5 10 11 12 1
9 14 1 2 5 10 11 13 1
9 14 1 2 5 10 12 13 1.62019
9 14 1 2 5 11 12 13 1.41421
9 14 1 2 6 7 8 10 1
9 14 1 2 6 7 8 11 1.41421
9 14 1 2 6 7 8 12 1.41421
9 14 1 2 6 7 8 13 1.41421
9 14 1 2 6 7 10 11 1
9 14 1 2 6 7 10 12 1
9 14 1 2 6 7 10 13 1
9 14 1 2 6 7 11 12 1.62019
9 14 1 2 6 7 11 13 1.62019
9 14 1 2 6 7 12 13 1.62019
9 14 1 2 6 8 10 11 1.62019
9 14 1 2 6 8 10 12 1.73205
9 14 1 2 6 8 10 13 1.73205
9 14 1 2 6 8 11 12 1.73205
9 14 1 2 6 8 11 13 1.73205
9 14 1 2 6 8 12 13 1.81265
9 14 1 2 6 10 11 12 1.62019
9 14 1 2 6 10 11 13 1.62019
9 14 1 2 6 10 12 13 1.73205
9 14 1 2 6 11 12 13 1.81265
9 14 1 2 7 8 10 11 1
9 14 1 2 7 8 10 12 1.41421
9 14 1 2 7 8 10 13 1.41421
9 14 1 2 7 8 11 12 1.41421
9 14 1 2 7 8 11 13 1.41421
9 14 1 2 7 8 12 13 1.41421
9 14 1 2 7 10 11 12 1
9 14 1 2 7 10 11 13 1
9 14 1 2 7 10 12 13 1.41421
9 14 1 2 7 11 12 13 1.62019
9 14 1 2 8 10 11 12 1.62019
9 14 1 2 8 10 11 13 1.62019
9 14 1 2 8 10 12 13 1.81265
9 14 1 2 8 11 12 13 1.73205
9 14 1 2 10 11 12 13 1.62019
9 14 1 3 4 5 6 7 1
9 14 1 3 4 5 6 8 1
9 14 1 3 4 5 6 10 1
9 14 1 3 4 5 6 11 1
9 14 1 3 4 5 6 12 1
9 14 1 3 4 5 6 13 1
9 14 1 3 4 5 7 8 1
9 14 1 3 4 5 7 10 1
9 14 1 3 4 5 7 11 1
9 14 1 3 4 5 7 12 1
9 14 1 3 4 5 7 13 1
9 14 1 3 4 5 8 10 1
9 14 1 3 4 5 8 11 1
9 14 1 3 4 5 8 12 1
9 14 1 3 4 5 8 13 1
9 14 1 3 4 5 10 11 1
9 14 1 3 4 5 10 12 1
9 14 1 3 4 5 10 13 1
9 14 1 3 4 5 11 12 1
9 14 1 3 4 5 11 13 1
9 14 1 3 4 5 12 13 1
9 14 1 3 4 6 7 8 1
9 14 1 3 4 6 7 10 1
9 14 1 3 4 6 7 11 1
9 14 1 3 4 6 7 12 1
9 14 1 3 4 6 7 13 1
9 14 1 3 4 6 8 10 1.41421
9 14 1 3 4 6 8 11 1.41421
9 14 1 3 4 6 8 12 1.41421
9 14 1 3 4 6 8 13 1.41421
9 14 1 3 4 6 10 11 1.41421
9 14 1 3 4 6 10 12 1.41421
9 14 1 3 4 6 10 13 1.41421
9 14 1 3 4 6 11 12 1.41421
9 14 1 3 4 6 11 13 1.41421
9 14 1 3 4 6 12 13 1.41421
9 14 1 3 4 7 8 10 1
9 14 1 3 4 7 8 11 1
9 14 1 3 4 7 8 12 1
9 14 1 3 4 7 8 13 1
9 14 1 3 4 7 10 11 1
9 14 1 3 4 7 10 12 1
9 14 1 3 4 7 10 13 1
9 14 1 3 4 7 11 12 1
9 14 1 3 4 7 11 13 1
9 14 1 3 4 7 12 13 1
9 14 1 3 4 8 10 11 1.41421
9 14 1 3 4 8 10 12 1.41421
9 14 1 3 4 8 10 13 1.41421
9 14 1 3 4 8 11 12 1.41421
9 14 1 3 4 8 11 13 1.41421
9 14 1 3 4 8 12 13 1.41421
9 14 1 3 4 10 11 12 1.41421
9 14 1 3 4 10 11 13 1.41421
9 14 1 3 4 10 12 13 1.41421
9 14 1 3 4 11 12 13 1.41421
9 14 1 3 5 6 7 8 1
9 14 1 3 5 6 7 10 1
9 14 1 3 5 6 7 11 1.41421
9 14 1 3 5 6 7 12 1.41421
9 14 1 3 5 6 7 13 1.41421
9 14 1 3 5 6 8 10 1
9 14 1 3 5 6 8 11 1
9 14 1 3 5 6 8 12 1
9 14 1 3 5 6 8 13 1
9 14 1 3 5 6 10 11 1
9 14 1 3 5 6 10 12 1
9 14 1 3 5 6 10 13 0
9 14 1 3 5 6 11 12 1.41421
9 14 1 3 5 6 11 13 1.41421
9 14 1 3 5 6 12 13 1.41421
9 14 1 3 5 7 8 10 1
9 14 1 3 5 7 8 11 1
9 14 1 3 5 7 8 12 1
9 14 1 3 5 7 8 13 1
9 14 1 3 5 7 10 11 1
9 14 1 3 5 7 10 12 1
9 14 1 3 5 7 10 13 1
9 14 1 3 5 7 11 12 1.41421
9 14 1 3 5 7 11 13 1.41421
9 14 1 3 5 7 12 13 1.41421
9 14 1 3 5 8 10 11 1
9 14 1 3 5 8 10 12 1
9 14 1 3 5 8 10 13 1
9 14 1 3 5 8 11 12 1
9 14 1 3 5 8 11 13 1
9 14 1 3 5 8 12 13 1
9 14 1 3 5 10 11 12 1
9 14 1 3 5 10 11 13 0
9 14 1 3 5 10 12 13 1
9 14 1 3 5 11 12 13 1.41421
9 14 1 3 6 7 8 10 1.41421
9 14 1 3 6 7 8 11 1.62019
9 14 1 3 6 7 8 12 1.62019
9 14 1 3 6 7 8 13 1.62019
9 14 1 3 6 7 10 11 1.41421
9 14 1 3 6 7 10 12 1.41421
9 14 1 3 6 7 10 13 1.41421
9 14 1 3 6 7 11 12 1.73205
9 14 1 3 6 7 11 13 1.73205
9 14 1 3 6 7 12 13 1.73205
9 14 1 3 6 8 10 11 1.73205
9 14 1 3 6 8 10 12 1.73205
9 14 1 3 6 8 10 13 1.73205
9 14 1 3 6 8 11 12 1.85164
9 14 1 3 6 8 11 13 1.85164
9 14 1 3 6 8 12 13 1.85164
9 14 1 3 6 10 11 12 1.73205
9 14 1 3 6 10 11 13 1.73205
9 14 1 3 6 10 12 13 1.73205
9 14 1 3 6 11 12 13 1.90693
9 14 1 3 7 8 10 11 1.41421
9 14 1 3 7 8 10 12 1.41421
9 14 1 3 7 8 10 13 1.41421
9 14 1 3 7 8 11 12 1.62019
9 14 1 3 7 8 11 13 1.62019
9 14 1 3 7 8 12 13 1.62019
9 14 1 3 7 10 11 12 1.41421
9 14 1 3 7 10 11 13 1.41421
9 14 1 3 7 10 12 13 1.41421
9 14 1 3 7 11 12 13 1.73205
9 14 1 3 8 10 11 12 1.73205
9 14 1 3 8 10 11 13 1.73205
9 14 1 3 8 10 12 13 1.73205
9 14 1 3 8 11 12 13 1.85164
9 14 1 3 10 11 12 13 1.73205
9 14 1 4 5 6 7 8 1.41421
9 14 1 4 5 6 7 10 1.41421
9 14 1 4 5 6 7 11 1
9 14 1 4 5 6 7 12 1.41421
9 14 1 4 5 6 7 13 1.41421
9 14 1 4 5 6 8 10 1.73205
9 14 1 4 5 6 8 11 1.41421
9 14 1 4 5 6 8 12 1.73205
9 14 1 4 5 6 8 13 1.73205
9 14 1 4 5 6 10 11 1.41421
9 14 1 4 5 6 10 12 1.73205
9 14 1 4 5 6 10 13 1.73205
9 14 1 4 5 6 11 12 1.41421
9 14 1 4 5 6 11 13 1.41421
9 14 1 4 5 6 12 13 1.73205
9 14 1 4 5 7 8 10 1.62019
9 14 1 4 5 7 8 11 1
9 14 1 4 5 7 8 12 1.62019
9 14 1 4 5 7 8 13 1.62019
9 14 1 4 5 7 10 11 1
9 14 1 4 5 7 10 12 1.62019
9 14 1 4 5 7 10 13 1.62019
9 14 1 4 5 7 11 12 1
9 14 1 4 5 7 11 13 1
9 14 1 4 5 7 12 13 1.62019
9 14 1 4 5 8 10 11 1.41421
9 14 1 4 5 8 10 12 1.85164
9 14 1 4 5 8 10 13 1.85164
9 14 1 4 5 8 11 12 1.41421
9 14 1 4 5 8 11 13 1.41421
9 14 1 4 5 8 12 13 1.85164
9 14 1 4 5 10 11 12 1.41421
9 14 1 4 5 10 11 13 1.41421
9 14 1 4 5 10 12 13 1.85164
9 14 1 4 5 11 12 13 1.41421
9 14 1 4 6 7 8 10 1.62019
9 14 1 4 6 7 8 11 1.41421
9 14 1 4 6 7 8 12 1.62019
9 14 1 4 6 7 8 13 1.62019
9 14 1 4 6 7 10 11 1.41421
9 14 1 4 6 7 10 12 1.62019
9 14 1 4 6 7 10 13 1.62019
9 14 1 4 6 7 11 12 1.41421
9 14 1 4 6 7 11 13 1.41421
9 14 1 4 6 7 12 13 1.62019
9 14 1 4 6 8 10 11 2
9 14 1 4 6 8 10 12 2.13664
9 14 1 4 6 8 10 13 2.13664
9 14 1 4 6 8 11 12 2
9 14 1 4 6 8 11 13 2
9 14 1 4 6 8 12 13 2.13664
9 14 1 4 6 10 11 12 2
9 14 1 4 6 10 11 13 2
9 14 1 4 6 10 12 13 2.13664
9 14 1 4 6 11 12 13 2
9 14 1 4 7 8 10 11 1.41421
9 14 1 4 7 8 10 12 1.73205
9 14 1 4 7 8 10 13 1.73205
9 14 1 4 7 8 11 12 1.41421
9 14 1 4 7 8 11 13 1.41421
9 14 1 4 7 8 12 13 1.73205
9 14 1 4 7 10 11 12 1.41421
9 14 1 4 7 10 11 13 1.41421
9 14 1 4 7 10 12 13 1.73205
9 14 1 4 7 11 12 13 1.41421
9 14 1 4 8 10 11 12 2
9 14 1 4 8 10 11 13 2
9 14 1 4 8 10 12 13 2.16025
9 14 1 4 8 11 12 13 2
9 14 1 4 10 11 12 13 2
9 14 1 5 6 7 8 10 1.41421
9 14 1 5 6 7 8 11 1
9 14 1 5 6 7 8 12 1.41421
9 14 1 5 6 7 8 13 1.41421
9 14 1 5 6 7 10 11 1
9 14 1 5 6 7 10 12 1.41421
9 14 1 5 6 7 10 13 1.41421
9 14 1 5 6 7 11 12 1.41421
9 14 1 5 6 7 11 13 1.41421
9 14 1 5 6 7 12 13 1.41421
9 14 1 5 6 8 10 11 1.41421
9 14 1 5 6 8 10 12 1.73205
9 14 1 5 6 8 10 13 1.73205
9 14 1 5 6 8 11 12 1.41421
9 14 1 5 6 8 11 13 1.41421
9 14 1 5 6 8 12 13 1.73205
9 14 1 5 6 10 11 12 1.41421
9 14 1 5 6 10 11 13 1.41421
9 14 1 5 6 10 12 13 1.73205
9 14 1 5 6 11 12 13 1.41421
9 14 1 5 7 8 10 11 1
9 14 1 5 7 8 10 12 1.62019
9 14 1 5 7 8 10 13 1.62019
9 14 1 5 7 8 11 12 1
9 14 1 5 7 8 11 13 1
9 14 1 5 7 8 12 13 1.62019
9 14 1 5 7 10 11 12 1
9 14 1 5 7 10 11 13 1
9 14 1 5 7 10 12 13 1.62019
9 14 1 5 7 11 12 13 1.41421
9 14 1 5 8 10 11 12 1.41421
9 14 1 5 8 10 11 13 1.41421
9 14 1 5 8 10 12 13 1.85164
9 14 1 5 8 11 12 13 1.41421
9 14 1 5 10 11 12 13 1.41421
9 14 1 6 7 8 10 11 1.62019
9 14 1 6 7 8 10 12 1.73205
9 14 1 6 7 8 10 13 1.73205
9 14 1 6 7 8 11 12 1.73205
9 14 1 6 7 8 11 13 1.73205
9 14 1 6 7 8 12 13 1.81265
9 14 1 6 7 10 11 12 1.62019
9 14 1 6 7 10 11 13 1.62019
9 14 1 6 7 10 12 13 1.73205
9 14 1 6 7 11 12 13 1.81265
9 14 1 6 8 10 11 12 2.13664
9 14 1 6 8 10 11 13 2.13664
9 14 1 6 8 10 12 13 2.23607
9 14 1 6 8 11 12 13 2.16025
9 14 1 6 10 11 12 13 2.13664
9 14 1 7 8 10 11 12 1.62019
9 14 1 7 8 10 11 13 1.62019
9 14 1 7 8 10 12 13 1.81265
9 14 1 7 8 11 12 13 1.73205
9 14 1 7 10 11 12 13 1.62019
9 14 1 8 10 11 12 13 2.13664
9 14 2 3 4 5 6 7 1.93309
9 14 2 3 4 5 6 8 1.85164
9 14 2 3 4 5 6 10 2.07802
9 14 2 3 4 5 6 11 2.13809
9 14 2 3 4 5 6 12 1.93309
9 14 2 3 4 5 6 13 1.85164
9 14 2 3 4 5 7 8 1.62019
9 14 2 3 4 5 7 10 1.85164
9 14 2 3 4 5 7 11 1.93309
9 14 2 3 4 5 7 12 1.73205
9 14 2 3 4 5 7 13 1.62019
9 14 2 3 4 5 8 10 1.85164
9 14 2 3 4 5 8 11 1.85164
9 14 2 3 4 5 8 12 1.62019
9 14 2 3 4 5 8 13 1.41421
9 14 2 3 4 5 10 11 2.07802
9 14 2 3 4 5 10 12 1.85164
9 14 2 3 4 5 10 13 1.73205
9 14 2 3 4 5 11 12 1.93309
9 14 2 3 4 5 11 13 1.85164
9 14 2 3 4 5 12 13 1.62019
9 14 2 3 4 6 7 8 1.62019
9 14 2 3 4 6 7 10 1.85164
9 14 2 3 4 6 7 11 1.93309
9 14 2 3 4 6 7 12 1.73205
9 14 2 3 4 6 7 13 1.62019
9 14 2 3 4 6 8 10 1.93309
9 14 2 3 4 6 8 11 1.93309
9 14 2 3 4 6 8 12 1.73205
9 14 2 3 4 6 8 13 1.62019
9 14 2 3 4 6 10 11 2.13809
9 14 2 3 4 6 10 12 1.93309
9 14 2 3 4 6 10 13 1.85164
9 14 2 3 4 6 11 12 2
9 14 2 3 4 6 11 13 1.93309
9 14 2 3 4 6 12 13 1.73205
9 14 2 3 4 7 8 10 1.62019
9 14 2 3 4 7 8 11 1.62019
9 14 2 3 4 7 8 12 1.41421
9 14 2 3 4 7 8 13 1
9 14 2 3 4 7 10 11 1.85164
9 14 2 3 4 7 10 12 1.62019
9 14 2 3 4 7 10 13 1.41421
9 14 2 3 4 7 11 12 1.73205
9 14 2 3 4 7 11 13 1.62019
9 14 2 3 4 7 12 13 1.41421
9 14 2 3 4 8 10 11 1.93309
9 14 2 3 4 8 10 12 1.73205
9 14 2 3 4 8 10 13 1.62019
9 14 2 3 4 8 11 12 1.73205
9 14 2 3 4 8 11 13 1.62019
9 14 2 3 4 8 12 13 1.41421
9 14 2 3 4 10 11 12 1.93309
9 14 2 3 4 10 11 13 1.85164
9 14 2 3 4 10 12 13 1.62019
9 14 2 3 4 11 12 13 1.73205
9 14 2 3 5 6 7 8 1.62019
9 14 2 3 5 6 7 10 1.85164
9 14 2 3 5 6 7 11 2
9 14 2 3 5 6 7 12 1.81265
9 14 2 3 5 6 7 13 1.73205
9 14 2 3 5 6 8 10 1.85164
9 14 2 3 5 6 8 11 1.85164
9 14 2 3 5 6 8 12 1.62019
9 14 2 3 5 6 8 13 1.41421
9 14 2 3 5 6 10 11 2.07802
9 14 2 3 5 6 10 12 1.85164
9 14 2 3 5 6 10 13 1.73205
9 14 2 3 5 6 11 12 2
9 14 2 3 5 6 11 13 1.90693
9 14 2 3 5 6 12 13 1.73205
9 14 2 3 5 7 8 10 1.62019
9 14 2 3 5 7 8 11 1.62019
9 14 2 3 5 7 8 12 1.41421
9 14 2 3 5 7 8 13 1
9 14 2 3 5 7 10 11 1.85164
9 14 2 3 5 7 10 12 1.62019
9 14 2 3 5 7 10 13 1.41421
9 14 2 3 5 7 11 12 1.81265
9 14 2 3 5 7 11 13 1.73205
9 14 2 3 5 7 12 13 1.62019
9 14 2 3 5 8 10 11 1.85164
9 14 2 3 5 8 10 12 1.62019
9 14 2 3 5 8 10 13 1.41421
9 14 2 3 5 8 11 12 1.62019
9 14 2 3 5 8 11 13 1.41421
9 14 2 3 5 8 12 13 1
9 14 2 3 5 10 11 12 1.85164
9 14 2 3 5 10 11 13 1.73205
9 14 2 3 5 10 12 13 1.41421
9 14 2 3 5 11 12 13 1.73205
9 14 2 3 6 7 8 10 1.62019
9 14 2 3 6 7 8 11 1.62019
9 14 2 3 6 7 8 12 1.41421
9 14 2 3 6 7 8 13 1.41421
9 14 2 3 6 7 10 11 1.85164
9 14 2 3 6 7 10 12 1.62019
9 14 2 3 6 7 10 13 1.41421
9 14 2 3 6 7 11 12 2
9 14 2 3 6 7 11 13 1.81265
9 14 2 3 6 7 12 13 1.73205
9 14 2 3 6 8 10 11 2
9 14 2 3 6 8 10 12 1.81265
9 14 2 3 6 8 10 13 1.73205
9 14 2 3 6 8 11 12 2
9 14 2 3 6 8 11 13 1.81265
9 14 2 3 6 8 12 13 1.73205
9 14 2 3 6 10 11 12 2
9 14 2 3 6 10 11 13 1.90693
9 14 2 3 6 10 12 13 1.73205
9 14 2 3 6 11 12 13 2
9 14 2 3 7 8 10 11 1.62019
9 14 2 3 7 8 10 12 1.41421
9 14 2 3 7 8 10 13 1
9 14 2 3 7 8 11 12 1.41421
9 14 2 3 7 8 11 13 1.41421
9 14 2 3 7 8 12 13 1.41421
9 14 2 3 7 10 11 12 1.62019
9 14 2 3 7 10 11 13 1.41421
9 14 2 3 7 10 12 13 1
9 14 2 3 7 11 12 13 1.73205
9 14 2 3 8 10 11 12 1.81265
9 14 2 3 8 10 11 13 1.73205
9 14 2 3 8 10 12 13 1.62019
9 14 2 3 8 11 12 13 1.73205
9 14 2 3 10 11 12 13 1.73205
9 14 2 4 5 6 7 8 1.62019
9 14 2 4 5 6 7 10 1.85164
9 14 2 4 5 6 7 11 1.93309
9 14 2 4 5 6 7 12 1.73205
9 14 2 4 5 6 7 13 1.62019
9 14 2 4 5 6 8 10 2
9 14 2 4 5 6 8 11 1.93309
9 14 2 4 5 6 8 12 1.81265
9 14 2 4 5 6 8 13 1.73205
9 14 2 4 5 6 10 11 2.13809
9 14 2 4 5 6 10 12 2
9 14 2 4 5 6 10 13 1.90693
9 14 2 4 5 6 11 12 2
9 14 2 4 5 6 11 13 1.93309
9 14 2 4 5 6 12 13 1.81265
9 14 2 4 5 7 8 10 1.62019
9 14 2 4 5 7 8 11 1.62019
9 14 2 4 5 7 8 12 1.41421
9 14 2 4 5 7 8 13 1.41421
9 14 2 4 5 7 10 11 1.85164
9 14 2 4 5 7 10 12 1.62019
9 14 2 4 5 7 10 13 1.41421
9 14 2 4 5 7 11 12 1.73205
9 14 2 4 5 7 11 13 1.62019
9 14 2 4 5 7 12 13 1.41421
9 14 2 4 5 8 10 11 1.93309
9 14 2 4 5 8 10 12 2
9 14 2 4 5 8 10 13 1.81265
9 14 2 4 5 8 11 12 1.73205
9 14 2 4 5 8 11 13 1.62019
9 14 2 4 5 8 12 13 1.73205
9 14 2 4 5 10 11 12 1.93309
9 14 2 4 5 10 11 13 1.85164
9 14 2 4 5 10 12 13 1.81265
9 14 2 4 5 11 12 13 1.73205
9 14 2 4 6 7 8 10 1.62019
9 14 2 4 6 7 8 11 1.62019
9 14 2 4 6 7 8 12 1.41421
9 14 2 4 6 7 8 13 1
9 14 2 4 6 7 10 11 1.85164
9 14 2 4 6 7 10 12 1.62019
9 14 2 4 6 7 10 13 1.41421
9 14 2 4 6 7 11 12 1.73205
9 14 2 4 6 7 11 13 1.62019
9 14 2 4 6 7 12 13 1.41421
9 14 2 4 6 8 10 11 2.04939
9 14 2 4 6 8 10 12 2
9 14 2 4 6 8 10 13 1.93309
9 14 2 4 6 8 11 12 1.90693
9 14 2 4 6 8 11 13 1.85164
9 14 2 4 6 8 12 13 1.85164
9 14 2 4 6 10 11 12 2.04939
9 14 2 4 6 10 11 13 2.00294
9 14 2 4 6 10 12 13 1.93309
9 14 2 4 6 11 12 13 1.90693
9 14 2 4 7 8 10 11 1.62019
9 14 2 4 7 8 10 12 1.41421
9 14 2 4 7 8 10 13 1.41421
9 14 2 4 7 8 11 12 1.41421
9 14 2 4 7 8 11 13 1
9 14 2 4 7 8 12 13 1.41421
9 14 2 4 7 10 11 12 1.62019
9 14 2 4 7 10 11 13 1.41421
9 14 2 4 7 10 12 13 1.41421
9 14 2 4 7 11 12 13 1.41421
9 14 2 4 8 10 11 12 1.90693
9 14 2 4 8 10 11 13 1.85164
9 14 2 4 8 10 12 13 1.90693
9 14 2 4 8 11 12 13 1.73205
9 14 2 4 10 11 12 13 1.85164
9 14 2 5 6 7 8 10 1.62019
9 14 2 5 6 7 8 11 1.62019
9 14 2 5 6 7 8 12 1.41421
9 14 2 5 6 7 8 13 1
9 14 2 5 6 7 10 11 1.85164
9 14 2 5 6 7 10 12 1.62019
9 14 2 5 6 7 10 13 1.41421
9 14 2 5 6 7 11 12 1.81265
9 14 2 5 6 7 11 13 1.73205
9 14 2 5 6 7 12 13 1.62019
9 14 2 5 6 8 10 11 1.93309
9 14 2 5 6 8 10 12 1.81265
9 14 2 5 6 8 10 13 1.73205
9 14 2 5 6 8 11 12 1.73205
9 14 2 5 6 8 11 13 1.62019
9 14 2 5 6 8 12 13 1.62019
9 14 2 5 6 10 11 12 1.93309
9 14 2 5 6 10 11 13 1.85164
9 14 2 5 6 10 12 13 1.73205
9 14 2 5 6 11 12 13 1.81265
9 14 2 5 7 8 10 11 1.62019
9 14 2 5 7 8 10 12 1.41421
9 14 2 5 7 8 10 13 1.41421
9 14 2 5 7 8 11 12 1.41421
9 14 2 5 7 8 11 13 1
9 14 2 5 7 8 12 13 1.41421
9 14 2 5 7 10 11 12 1.62019
9 14 2 5 7 10 11 13 1.41421
9 14 2 5 7 10 12 13 1.41421
9 14 2 5 7 11 12 13 1.62019
9 14 2 5 8 10 11 12 1.73205
9 14 2 5 8 10 11 13 1.62019
9 14 2 5 8 10 12 13 1.73205
9 14 2 5 8 11 12 13 1.41421
9 14 2 5 10 11 12 13 1.62019
9 14 2 6 7 8 10 11 1.62019
9 14 2 6 7 8 10 12 1.41421
9 14 2 6 7 8 10 13 1
9 14 2 6 7 8 11 12 1.41421
9 14 2 6 7 8 11 13 1.41421
9 14 2 6 7 8 12 13 1.41421
9 14 2 6 7 10 11 12 1.62019
9 14 2 6 7 10 11 13 1.41421
9 14 2 6 7 10 12 13 1
9 14 2 6 7 11 12 13 1.73205
9 14 2 6 8 10 11 12 2
9 14 2 6 8 10 11 13 1.93309
9 14 2 6 8 10 12 13 1.93309
9 14 2 6 8 11 12 13 1.90693
9 14 2 6 10 11 12 13 1.93309
9 14 2 7 8 10 11 12 1.41421
9 14 2 7 8 10 11 13 1
9 14 2 7 8 10 12 13 1.41421
9 14 2 7 8 11 12 13 1.41421
9 14 2 7 10 11 12 13 1
9 14 2 8 10 11 12 13 1.85164
9 14 3 4 5 6 7 8 1.85164
9 14 3 4 5 6 7 10 2.07802
9 14 3 4 5 6 7 11 2.13809
9 14 3 4 5 6 7 12 1.93309
9 14 3 4 5 6 7 13 1.85164
9 14 3 4 5 6 8 10 2.07802
9 14 3 4 5 6 8 11 2.07802
9 14 3 4 5 6 8 12 1.85164
9 14 3 4 5 6 8 13 1.73205
9 14 3 4 5 6 10 11 2.29129
9 14 3 4 5 6 10 12 2.07802
9 14 3 4 5 6 10 13 2
9 14 3 4 5 6 11 12 2.13809
9 14 3 4 5 6 11 13 2.07802
9 14 3 4 5 6 12 13 1.85164
9 14 3 4 5 7 8 10 1.85164
9 14 3 4 5 7 8 11 1.85164
9 14 3 4 5 7 8 12 1.62019
9 14 3 4 5 7 8 13 1.41421
9 14 3 4 5 7 10 11 2.07802
9 14 3 4 5 7 10 12 1.85164
9 14 3 4 5 7 10 13 1.73205
9 14 3 4 5 7 11 12 1.93309
9 14 3 4 5 7 11 13 1.85164
9 14 3 4 5 7 12 13 1.62019
9 14 3 4 5 8 10 11 2.07802
9 14 3 4 5 8 10 12 1.85164
9 14 3 4 5 8 10 13 1.73205
9 14 3 4 5 8 11 12 1.85164
9 14 3 4 5 8 11 13 1.73205
9 14 3 4 5 8 12 13 1.41421
9 14 3 4 5 10 11 12 2.07802
9 14 3 4 5 10 11 13 2
9 14 3 4 5 10 12 13 1.73205
9 14 3 4 5 11 12 13 1.85164
9 14 3 4 6 7 8 10 1.93309
9 14 3 4 6 7 8 11 1.93309
9 14 3 4 6 7 8 12 1.73205
9 14 3 4 6 7 8 13 1.62019
9 14 3 4 6 7 10 11 2.13809
9 14 3 4 6 7 10 12 1.93309
9 14 3 4 6 7 10 13 1.85164
9 14 3 4 6 7 11 12 2
9 14 3 4 6 7 11 13 1.93309
9 14 3 4 6 7 12 13 1.73205
9 14 3 4 6 8 10 11 2.32266
9 14 3 4 6 8 10 12 2.16025
9 14 3 4 6 8 10 13 2.13664
9 14 3 4 6 8 11 12 2.16025
9 14 3 4 6 8 11 13 2.13664
9 14 3 4 6 8 12 13 2
9 14 3 4 6 10 11 12 2.32266
9 14 3 4 6 10 11 13 2.28709
9 14 3 4 6 10 12 13 2.13664
9 14 3 4 6 11 12 13 2.16025
9 14 3 4 7 8 10 11 1.93309
9 14 3 4 7 8 10 12 1.73205
9 14 3 4 7 8 10 13 1.62019
9 14 3 4 7 8 11 12 1.73205
9 14 3 4 7 8 11 13 1.62019
9 14 3 4 7 8 12 13 1.41421
9 14 3 4 7 10 11 12 1.93309
9 14 3 4 7 10 11 13 1.85164
9 14 3 4 7 10 12 13 1.62019
9 14 3 4 7 11 12 13 1.73205
9 14 3 4 8 10 11 12 2.16025
9 14 3 4 8 10 11 13 2.13664
9 14 3 4 8 10 12 13 2
9 14 3 4 8 11 12 13 2
9 14 3 4 10 11 12 13 2.13664
9 14 3 5 6 7 8 10 1.85164
9 14 3 5 6 7 8 11 1.85164
9 14 3 5 6 7 8 12 1.62019
9 14 3 5 6 7 8 13 1.41421
9 14 3 5 6 7 10 11 2.07802
9 14 3 5 6 7 10 12 1.85164
9 14 3 5 6 7 10 13 1.73205
9 14 3 5 6 7 11 12 2
9 14 3 5 6 7 11 13 1.90693
9 14 3 5 6 7 12 13 1.73205
9 14 3 5 6 8 10 11 2.07802
9 14 3 5 6 8 10 12 1.85164
9 14 3 5 6 8 10 13 1.73205
9 14 3 5 6 8 11 12 1.85164
9 14 3 5 6 8 11 13 1.73205
9 14 3 5 6 8 12 13 1.41421
9 14 3 5 6 10 11 12 2.07802
9 14 3 5 6 10 11 13 2
9 14 3 5 6 10 12 13 1.73205
9 14 3 5 6 11 12 13 1.90693
9 14 3 5 7 8 10 11 1.85164
9 14 3 5 7 8 10 12 1.62019
9 14 3 5 7 8 10 13 1.41421
9 14 3 5 7 8 11 12 1.62019
9 14 3 5 7 8 11 13 1.41421
9 14 3 5 7 8 12 13 1
9 14 3 5 7 10 11 12 1.85164
9 14 3 5 7 10 11 13 1.73205
9 14 3 5 7 10 12 13 1.41421
9 14 3 5 7 11 12 13 1.73205
9 14 3 5 8 10 11 12 1.85164
9 14 3 5 8 10 11 13 1.73205
9 14 3 5 8 10 12 13 1.41421
9 14 3 5 8 11 12 13 1.41421
9 14 3 5 10 11 12 13 1.73205
9 14 3 6 7 8 10 11 2
9 14 3 6 7 8 10 12 1.81265
9 14 3 6 7 8 10 13 1.73205
9 14 3 6 7 8 11 12 2
9 14 3 6 7 8 11 13 1.81265
9 14 3 6 7 8 12 13 1.73205
9 14 3 6 7 10 11 12 2
9 14 3 6 7 10 11 13 1.90693
9 14 3 6 7 10 12 13 1.73205
9 14 3 6 7 11 12 13 2
9 14 3 6 8 10 11 12 2.26385
9 14 3 6 8 10 11 13 2.23607
9 14 3 6 8 10 12 13 2.13664
9 14 3 6 8 11 12 13 2.16025
9 14 3 6 10 11 12 13 2.23607
9 14 3 7 8 10 11 12 1.81265
9 14 3 7 8 10 11 13 1.73205
9 14 3 7 8 10 12 13 1.62019
9 14 3 7 8 11 12 13 1.73205
9 14 3 7 10 11 12 13 1.73205
9 14 3 8 10 11 12 13 2.13664
9 14 4 5 6 7 8 10 2
9 14 4 5 6 7 8 11 1.93309
9 14 4 5 6 7 8 12 1.81265
9 14 4 5 6 7 8 13 1.73205
9 14 4 5 6 7 10 11 2.13809
9 14 4 5 6 7 10 12 2
9 14 4 5 6 7 10 13 1.90693
9 14 4 5 6 7 11 12 2
9 14 4 5 6 7 11 13 1.93309
9 14 4 5 6 7 12 13 1.81265
9 14 4 5 6 8 10 11 2.32266
9 14 4 5 6 8 10 12 2.26385
9 14 4 5 6 8 10 13 2.23607
9 14 4 5 6 8 11 12 2.16025
9 14 4 5 6 8 11 13 2.13664
9 14 4 5 6 8 12 13 2.13664
9 14 4 5 6 10 11 12 2.32266
9 14 4 5 6 10 11 13 2.28709
9 14 4 5 6 10 12 13 2.23607
9 14 4 5 6 11 12 13 2.16025
9 14 4 5 7 8 10 11 1.93309
9 14 4 5 7 8 10 12 2
9 14 4 5 7 8 10 13 1.81265
9 14 4 5 7 8 11 12 1.73205
9 14 4 5 7 8 11 13 1.62019
9 14 4 5 7 8 12 13 1.73205
9 14 4 5 7 10 11 12 1.93309
9 14 4 5 7 10 11 13 1.85164
9 14 4 5 7 10 12 13 1.81265
9 14 4 5 7 11 12 13 1.73205
9 14 4 5 8 10 11 12 2.16025
9 14 4 5 8 10 11 13 2.13664
9 14 4 5 8 10 12 13 2.16025
9 14 4 5 8 11 12 13 2
9 14 4 5 10 11 12 13 2.13664
9 14 4 6 7 8 10 11 2.04939
9 14 4 6 7 8 10 12 2
9 14 4 6 7 8 10 13 1.93309
9 14 4 6 7 8 11 12 1.90693
9 14 4 6 7 8 11 13 1.85164
9 14 4 6 7 8 12 13 1.85164
9 14 4 6 7 10 11 12 2.04939
9 14 4 6 7 10 11 13 2.00294
9 14 4 6 7 10 12 13 1.93309
9 14 4 6 7 11 12 13 1.90693
9 14 4 6 8 10 11 12 2.53722
9 14 4 6 8 10 11 13 2.52543
9 14 4 6 8 10 12 13 2.52543
9 14 4 6 8 11 12 13 2.44949
9 14 4 6 10 11 12 13 2.52543
9 14 4 7 8 10 11 12 1.90693
9 14 4 7 8 10 11 13 1.85164
9 14 4 7 8 10 12 13 1.90693
9 14 4 7 8 11 12 13 1.73205
9 14 4 7 10 11 12 13 1.85164
9 14 4 8 10 11 12 13 2.44949
9 14 5 6 7 8 10 11 1.93309
9 14 5 6 7 8 10 12 1.81265
9 14 5 6 7 8 10 13 1.73205
9 14 5 6 7 8 11 12 1.73205
9 14 5 6 7 8 11 13 1.62019
9 14 5 6 7 8 12 13 1.62019
9 14 5 6 7 10 11 12 1.93309
9 14 5 6 7 10 11 13 1.85164
9 14 5 6 7 10 12 13 1.73205
9 14 5 6 7 11 12 13 1.81265
9 14 5 6 8 10 11 12 2.16025
9 14 5 6 8 10 11 13 2.13664
9 14 5 6 8 10 12 13 2.13664
9 14 5 6 8 11 12 13 2
9 14 5 6 10 11 12 13 2.13664
9 14 5 7 8 10 11 12 1.73205
9 14 5 7 8 10 11 13 1.62019
9 14 5 7 8 10 12 13 1.73205
9 14 5 7 8 11 12 13 1.41421
9 14 5 7 10 11 12 13 1.62019
9 14 5 8 10 11 12 13 2
9 14 6 7 8 10 11 12 2
9 14 6 7 8 10 11 13 1.93309
9 14 6 7 8 10 12 13 1.93309
9 14 6 7 8 11 12 13 1.90693
9 14 6 7 10 11 12 13 1.93309
9 14 6 8 10 11 12 13 2.52543
9 14 7 8 10 11 12 13 1.85164
