2 14 0 1 2
2 14 0 3 2.24038
2 14 0 4 2.27395
2 14 0 5 2.22159
2 14 0 6 2.34521
2 14 0 7 1.93309
2 14 0 8 2.1557
2 14 0 9 2.34284
2 14 0 10 2.25726
2 14 0 11 2.31349
2 14 0 12 2.24812
2 14 0 13 2.24812
2 14 1 3 1.73205
2 14 1 4 1.81265
2 14 1 5 1.73205
2 14 1 6 2
2 14 1 7 1.62019
2 14 1 8 2
2 14 1 9 2
2 14 1 10 2
2 14 1 11 1.81265
2 14 1 12 2
2 14 1 13 2
2 14 3 4 2.18955
2 14 3 5 2.16556
2 14 3 6 2.27837
2 14 3 7 2
2 14 3 8 2
2 14 3 9 2.27837
2 14 3 10 2.16556
2 14 3 11 2.27837
2 14 3 12 2.16025
2 14 3 13 2.10639
2 14 4 5 2.23607
2 14 4 6 2.29256
2 14 4 7 1.93309
2 14 4 8 2.14154
2 14 4 9 2.30079
2 14 4 10 2.27395
2 14 4 11 2.26779
2 14 4 12 2.17562
2 14 4 13 2.14154
2 14 5 6 2.22985
2 14 5 7 2
2 14 5 8 2.02367
2 14 5 9 2.29907
2 14 5 10 2.19848
2 14 5 11 2.23607
2 14 5 12 2.08683
2 14 5 13 2.05603
2 14 6 7 2
2 14 6 8 2.15322
2 14 6 9 2.36834
2 14 6 10 2.26855
2 14 6 11 2.34937
2 14 6 12 2.24846
2 14 6 13 2.23607
2 14 7 8 1.62019
2 14 7 9 2
2 14 7 10 1.85164
2 14 7 11 2
2 14 7 12 2
2 14 7 13 1.81265
2 14 8 9 2.1643
2 14 8 10 2.1693
2 14 8 11 2.16025
2 14 8 12 2.10442
2 14 8 13 2.08167
2 14 9 10 2.29129
2 14 9 11 2.34937
2 14 9 12 2.26608
2 14 9 13 2.23607
2 14 10 11 2.2514
2 14 10 12 2.1693
2 14 10 13 2.1391
2 14 11 12 2.23607
2 14 11 13 2.19745
2 14 12 13 2.23607
