0 3 1 2 1.90693
0 3 1 4 1.41421
0 3 1 5 1.73205
0 3 1 6 2
0 3 1 7 1.90693
0 3 1 8 1.90693
0 3 1 9 2
0 3 1 10 1.73205
0 3 1 11 2
0 3 1 12 2
0 3 1 13 2
0 3 1 14 1.90693
0 3 2 4 2.16556
0 3 2 5 2.15297
0 3 2 6 2.27913
0 3 2 7 2.04939
0 3 2 8 1.96214
0 3 2 9 2.27913
0 3 2 10 2.10357
0 3 2 11 2.27913
0 3 2 12 2.16025
0 3 2 13 2.16025
0 3 2 14 2.24038
0 3 4 5 2.29907
0 3 4 6 2.49313
0 3 4 7 2.16556
0 3 4 8 2.28709
0 3 4 9 2.49313
0 3 4 10 2.44831
0 3 4 11 2.49313
0 3 4 12 2.33699
0 3 4 13 2.33699
0 3 4 14 2.48193
0 3 5 6 2.32279
0 3 5 7 2.15297
0 3 5 8 2
0 3 5 9 2.32279
0 3 5 10 2.23607
0 3 5 11 2.32279
0 3 5 12 2.15297
0 3 5 13 2.15297
0 3 5 14 2.29907
0 3 6 7 2.27913
0 3 6 8 2.389
0 3 6 9 2.60641
0 3 6 10 2.49516
0 3 6 11 2.60641
0 3 6 12 2.50333
0 3 6 13 2.50333
0 3 6 14 2.58404
0 3 7 8 1.96214
0 3 7 9 2.27913
0 3 7 10 2.10357
0 3 7 11 2.27913
0 3 7 12 2.16025
0 3 7 13 2.16025
0 3 7 14 2.24038
0 3 8 9 2.389
0 3 8 10 2.35488
0 3 8 11 2.389
0 3 8 12 2.28446
0 3 8 13 2.28446
0 3 8 14 2.37697
0 3 9 10 2.49516
0 3 9 11 2.60641
0 3 9 12 2.50333
0 3 9 13 2.50333
0 3 9 14 2.58404
0 3 10 11 2.49516
0 3 10 12 2.35488
0 3 10 13 2.35488
0 3 10 14 2.49516
0 3 11 12 2.50333
0 3 11 13 2.50333
0 3 11 14 2.58404
0 3 12 13 2.44949
0 3 12 14 2.46311
0 3 13 14 2.46311
