3 8 0 1 1.90693
3 8 0 2 1.96214
3 8 0 4 2.28709
3 8 0 5 2
3 8 0 6 2.389
3 8 0 7 1.96214
3 8 0 9 2.389
3 8 0 10 2.35488
3 8 0 11 2.389
3 8 0 12 2.28446
3 8 0 13 2.28446
3 8 0 14 2.37697
3 8 1 2 1.73205
3 8 1 4 1.41421
3 8 1 5 1.41421
3 8 1 6 1.90693
3 8 1 7 1.73205
3 8 1 9 1.90693
3 8 1 10 1.73205
3 8 1 11 1.90693
3 8 1 12 1.90693
3 8 1 13 1.90693
3 8 1 14 1.85164
3 8 2 4 1.93309
3 8 2 5 1.85164
3 8 2 6 2.02367
3 8 2 7 1.62019
3 8 2 9 2.02367
3 8 2 10 2
3 8 2 11 2.02367
3 8 2 12 2
3 8 2 13 2
3 8 2 14 2
3 8 4 5 2.07802
3 8 4 6 2.32266
3 8 4 7 1.93309
3 8 4 9 2.32266
3 8 4 10 2.32266
3 8 4 11 2.32266
3 8 4 12 2.16025
3 8 4 13 2.13664
3 8 4 14 2.32266
3 8 5 6 2.07802
3 8 5 7 1.85164
3 8 5 9 2.07802
3 8 5 10 2.07802
3 8 5 11 2.07802
3 8 5 12 1.85164
3 8 5 13 1.73205
3 8 5 14 2.07802
3 8 6 7 2.02367
3 8 6 9 2.42507
3 8 6 10 2.39046
3 8 6 11 2.42507
3 8 6 12 2.3094
3 8 6 13 2.28446
3 8 6 14 2.40662
3 8 7 9 2.02367
3 8 7 10 2
3 8 7 11 2.02367
3 8 7 12 2
3 8 7 13 2
3 8 7 14 2
3 8 9 10 2.39046
3 8 9 11 2.42507
3 8 9 12 2.3094
3 8 9 13 2.28446
3 8 9 14 2.40662
3 8 10 11 2.39046
3 8 10 12 2.26385
3 8 10 13 2.23607
3 8 10 14 2.39046
3 8 11 12 2.3094
3 8 11 13 2.28446
3 8 11 14 2.40662
3 8 12 13 2.19089
3 8 12 14 2.3094
3 8 13 14 2.26385
