1 12 0 2 1.97531
1 12 0 3 2
1 12 0 4 2.19089
1 12 0 5 1.90693
1 12 0 6 2.44949
1 12 0 7 1.97531
1 12 0 8 2.38048
1 12 0 9 2.44949
1 12 0 10 2.28446
1 12 0 11 2.23607
1 12 0 13 2.44949
1 12 0 14 2.38048
1 12 2 3 1.90693
1 12 2 4 1.81265
1 12 2 5 1.73205
1 12 2 6 1.96214
1 12 2 7 1.85164
1 12 2 8 2
1 12 2 9 1.96769
1 12 2 10 2
1 12 2 11 1.93309
1 12 2 13 1.97531
1 12 2 14 2
1 12 3 4 1.41421
1 12 3 5 1.73205
1 12 3 6 2
1 12 3 7 1.90693
1 12 3 8 1.90693
1 12 3 9 2
1 12 3 10 1.73205
1 12 3 11 2
1 12 3 13 2
1 12 3 14 1.90693
1 12 4 5 1.90693
1 12 4 6 2.13664
1 12 4 7 1.81265
1 12 4 8 2.19089
1 12 4 9 2.16025
1 12 4 10 2.19089
1 12 4 11 2
1 12 4 13 2.19089
1 12 4 14 2.19089
1 12 5 6 1.73205
1 12 5 7 1.73205
1 12 5 8 1.90693
1 12 5 9 1.85164
1 12 5 10 1.90693
1 12 5 11 1.73205
1 12 5 13 1.90693
1 12 5 14 1.90693
1 12 6 7 1.96214
1 12 6 8 2.28446
1 12 6 9 2.44949
1 12 6 10 2.23607
1 12 6 11 2.23607
1 12 6 13 2.44949
1 12 6 14 2.28446
1 12 7 8 2
1 12 7 9 1.96769
1 12 7 10 2
1 12 7 11 1.93309
1 12 7 13 1.97531
1 12 7 14 2
1 12 8 9 2.3094
1 12 8 10 2.28446
1 12 8 11 2.19089
1 12 8 13 2.38048
1 12 8 14 2.3094
1 12 9 10 2.26385
1 12 9 11 2.23607
1 12 9 13 2.44949
1 12 9 14 2.3094
1 12 10 11 2.13664
1 12 10 13 2.28446
1 12 10 14 2.28446
1 12 11 13 2.23607
1 12 11 14 2.19089
1 12 13 14 2.38048
