1 12 0 2 3 4 5 1.41421
1 12 0 2 3 4 6 1.41421
1 12 0 2 3 4 7 1.41421
1 12 0 2 3 4 8 1.41421
1 12 0 2 3 4 9 1.41421
1 12 0 2 3 4 10 1.41421
1 12 0 2 3 4 11 1.41421
1 12 0 2 3 4 13 1.41421
1 12 0 2 3 4 14 1.41421
1 12 0 2 3 5 6 1.73205
1 12 0 2 3 5 7 1.73205
1 12 0 2 3 5 8 1.41421
1 12 0 2 3 5 9 1.73205
1 12 0 2 3 5 10 1.41421
1 12 0 2 3 5 11 1.73205
1 12 0 2 3 5 13 1.73205
1 12 0 2 3 5 14 1.41421
1 12 0 2 3 6 7 1.85164
1 12 0 2 3 6 8 1.73205
1 12 0 2 3 6 9 1.90693
1 12 0 2 3 6 10 1.41421
1 12 0 2 3 6 11 1.90693
1 12 0 2 3 6 13 1.90693
1 12 0 2 3 6 14 1.73205
1 12 0 2 3 7 8 1.62019
1 12 0 2 3 7 9 1.85164
1 12 0 2 3 7 10 1.41421
1 12 0 2 3 7 11 1.85164
1 12 0 2 3 7 13 1.85164
1 12 0 2 3 7 14 1.62019
1 12 0 2 3 8 9 1.73205
1 12 0 2 3 8 10 1.41421
1 12 0 2 3 8 11 1.73205
1 12 0 2 3 8 13 1.73205
1 12 0 2 3 8 14 1.62019
1 12 0 2 3 9 10 1.41421
1 12 0 2 3 9 11 1.90693
1 12 0 2 3 9 13 1.90693
1 12 0 2 3 9 14 1.73205
1 12 0 2 3 10 11 1.41421
1 12 0 2 3 10 13 1.41421
1 12 0 2 3 10 14 1.41421
1 12 0 2 3 11 13 1.90693
1 12 0 2 3 11 14 1.73205
1 12 0 2 3 13 14 1.73205
1 12 0 2 4 5 6 1.41421
1 12 0 2 4 5 7 1.62019
1 12 0 2 4 5 8 1.73205
1 12 0 2 4 5 9 1.62019
1 12 0 2 4 5 10 1.73205
1 12 0 2 4 5 11 1.41421
1 12 0 2 4 5 13 1.73205
1 12 0 2 4 5 14 1.73205
1 12 0 2 4 6 7 1.41421
1 12 0 2 4 6 8 1.62019
1 12 0 2 4 6 9 1.62019
1 12 0 2 4 6 10 1.62019
1 12 0 2 4 6 11 1.41421
1 12 0 2 4 6 13 1.62019
1 12 0 2 4 6 14 1.62019
1 12 0 2 4 7 8 1.62019
1 12 0 2 4 7 9 1.41421
1 12 0 2 4 7 10 1.62019
1 12 0 2 4 7 11 1.41421
1 12 0 2 4 7 13 1.62019
1 12 0 2 4 7 14 1.62019
1 12 0 2 4 8 9 1.73205
1 12 0 2 4 8 10 1.81265
1 12 0 2 4 8 11 1.41421
1 12 0 2 4 8 13 1.81265
1 12 0 2 4 8 14 1.81265
1 12 0 2 4 9 10 1.73205
1 12 0 2 4 9 11 1.41421
1 12 0 2 4 9 13 1.73205
1 12 0 2 4 9 14 1.73205
1 12 0 2 4 10 11 1.41421
1 12 0 2 4 10 13 1.81265
1 12 0 2 4 10 14 1.81265
1 12 0 2 4 11 13 1.41421
1 12 0 2 4 11 14 1.41421
1 12 0 2 4 13 14 1.81265
1 12 0 2 5 6 7 1.73205
1 12 0 2 5 6 8 1.41421
1 12 0 2 5 6 9 1.73205
1 12 0 2 5 6 10 1.41421
1 12 0 2 5 6 11 1.73205
1 12 0 2 5 6 13 1.73205
1 12 0 2 5 6 14 1.41421
1 12 0 2 5 7 8 1.62019
1 12 0 2 5 7 9 1.73205
1 12 0 2 5 7 10 1.62019
1 12 0 2 5 7 11 1.73205
1 12 0 2 5 7 13 1.73205
1 12 0 2 5 7 14 1.62019
1 12 0 2 5 8 9 1.62019
1 12 0 2 5 8 10 1.73205
1 12 0 2 5 8 11 1.41421
1 12 0 2 5 8 13 1.73205
1 12 0 2 5 8 14 1.73205
1 12 0 2 5 9 10 1.62019
1 12 0 2 5 9 11 1.73205
1 12 0 2 5 9 13 1.73205
1 12 0 2 5 9 14 1.62019
1 12 0 2 5 10 11 1
1 12 0 2 5 10 13 1.73205
1 12 0 2 5 10 14 1.73205
1 12 0 2 5 11 13 1.73205
1 12 0 2 5 11 14 1.41421
1 12 0 2 5 13 14 1.73205
1 12 0 2 6 7 8 1.62019
1 12 0 2 6 7 9 1.85164
1 12 0 2 6 7 10 1
1 12 0 2 6 7 11 1.85164
1 12 0 2 6 7 13 1.85164
1 12 0 2 6 7 14 1.62019
1 12 0 2 6 8 9 2
1 12 0 2 6 8 10 1.73205
1 12 0 2 6 8 11 1.81265
1 12 0 2 6 8 13 2
1 12 0 2 6 8 14 1.81265
1 12 0 2 6 9 10 1.73205
1 12 0 2 6 9 11 1.93309
1 12 0 2 6 9 13 1.96214
1 12 0 2 6 9 14 2
1 12 0 2 6 10 11 1.62019
1 12 0 2 6 10 13 1.73205
1 12 0 2 6 10 14 1.73205
1 12 0 2 6 11 13 1.93309
1 12 0 2 6 11 14 1.81265
1 12 0 2 6 13 14 2
1 12 0 2 7 8 9 1.62019
1 12 0 2 7 8 10 1.62019
1 12 0 2 7 8 11 1.62019
1 12 0 2 7 8 13 1.62019
1 12 0 2 7 8 14 1.62019
1 12 0 2 7 9 10 1.41421
1 12 0 2 7 9 11 1.85164
1 12 0 2 7 9 13 1.85164
1 12 0 2 7 9 14 1.62019
1 12 0 2 7 10 11 1
1 12 0 2 7 10 13 1.62019
1 12 0 2 7 10 14 1.62019
1 12 0 2 7 11 13 1.85164
1 12 0 2 7 11 14 1.62019
1 12 0 2 7 13 14 1.62019
1 12 0 2 8 9 10 1.81265
1 12 0 2 8 9 11 1.81265
1 12 0 2 8 9 13 2
1 12 0 2 8 9 14 2
1 12 0 2 8 10 11 1.62019
1 12 0 2 8 10 13 2
1 12 0 2 8 10 14 2
1 12 0 2 8 11 13 1.81265
1 12 0 2 8 11 14 1.73205
1 12 0 2 8 13 14 2
1 12 0 2 9 10 11 1.62019
1 12 0 2 9 10 13 1.81265
1 12 0 2 9 10 14 1.81265
1 12 0 2 9 11 13 1.93309
1 12 0 2 9 11 14 1.81265
1 12 0 2 9 13 14 2
1 12 0 2 10 11 13 1.62019
1 12 0 2 10 11 14 1.62019
1 12 0 2 10 13 14 2
1 12 0 2 11 13 14 1.81265
1 12 0 3 4 5 6 1.41421
1 12 0 3 4 5 7 1.41421
1 12 0 3 4 5 8 1.41421
1 12 0 3 4 5 9 1.41421
1 12 0 3 4 5 10 1.41421
1 12 0 3 4 5 11 1.41421
1 12 0 3 4 5 13 1.41421
1 12 0 3 4 5 14 1.41421
1 12 0 3 4 6 7 1.41421
1 12 0 3 4 6 8 1.41421
1 12 0 3 4 6 9 1.41421
1 12 0 3 4 6 10 1.41421
1 12 0 3 4 6 11 1.41421
1 12 0 3 4 6 13 1.41421
1 12 0 3 4 6 14 1.41421
1 12 0 3 4 7 8 1.41421
1 12 0 3 4 7 9 1.41421
1 12 0 3 4 7 10 1.41421
1 12 0 3 4 7 11 1.41421
1 12 0 3 4 7 13 1.41421
1 12 0 3 4 7 14 1.41421
1 12 0 3 4 8 9 1.41421
1 12 0 3 4 8 10 1.41421
1 12 0 3 4 8 11 1.41421
1 12 0 3 4 8 13 1.41421
1 12 0 3 4 8 14 1.41421
1 12 0 3 4 9 10 1.41421
1 12 0 3 4 9 11 1.41421
1 12 0 3 4 9 13 1.41421
1 12 0 3 4 9 14 1.41421
1 12 0 3 4 10 11 1.41421
1 12 0 3 4 10 13 1.41421
1 12 0 3 4 10 14 1.41421
1 12 0 3 4 11 13 1.41421
1 12 0 3 4 11 14 1.41421
1 12 0 3 4 13 14 1.41421
1 12 0 3 5 6 7 1.73205
1 12 0 3 5 6 8 1.41421
1 12 0 3 5 6 9 1.73205
1 12 0 3 5 6 10 0
1 12 0 3 5 6 11 1.73205
1 12 0 3 5 6 13 1.73205
1 12 0 3 5 6 14 1.41421
1 12 0 3 5 7 8 1.41421
1 12 0 3 5 7 9 1.73205
1 12 0 3 5 7 10 1.41421
1 12 0 3 5 7 11 1.73205
1 12 0 3 5 7 13 1.73205
1 12 0 3 5 7 14 1.41421
1 12 0 3 5 8 9 1.41421
1 12 0 3 5 8 10 1.41421
1 12 0 3 5 8 11 1.41421
1 12 0 3 5 8 13 1.41421
1 12 0 3 5 8 14 1.41421
1 12 0 3 5 9 10 1
1 12 0 3 5 9 11 1.73205
1 12 0 3 5 9 13 1.73205
1 12 0 3 5 9 14 1.41421
1 12 0 3 5 10 11 1
1 12 0 3 5 10 13 1.41421
1 12 0 3 5 10 14 1.41421
1 12 0 3 5 11 13 1.73205
1 12 0 3 5 11 14 1.41421
1 12 0 3 5 13 14 1.41421
1 12 0 3 6 7 8 1.73205
1 12 0 3 6 7 9 1.90693
1 12 0 3 6 7 10 1.41421
1 12 0 3 6 7 11 1.90693
1 12 0 3 6 7 13 1.90693
1 12 0 3 6 7 14 1.73205
1 12 0 3 6 8 9 1.90693
1 12 0 3 6 8 10 1.73205
1 12 0 3 6 8 11 1.90693
1 12 0 3 6 8 13 1.90693
1 12 0 3 6 8 14 1.85164
1 12 0 3 6 9 10 1.73205
1 12 0 3 6 9 11 2
1 12 0 3 6 9 13 2
1 12 0 3 6 9 14 1.90693
1 12 0 3 6 10 11 1.73205
1 12 0 3 6 10 13 1.73205
1 12 0 3 6 10 14 1.73205
1 12 0 3 6 11 13 2
1 12 0 3 6 11 14 1.90693
1 12 0 3 6 13 14 1.90693
1 12 0 3 7 8 9 1.73205
1 12 0 3 7 8 10 1.41421
1 12 0 3 7 8 11 1.73205
1 12 0 3 7 8 13 1.73205
1 12 0 3 7 8 14 1.62019
1 12 0 3 7 9 10 1.41421
1 12 0 3 7 9 11 1.90693
1 12 0 3 7 9 13 1.90693
1 12 0 3 7 9 14 1.73205
1 12 0 3 7 10 11 1.41421
1 12 0 3 7 10 13 1.41421
1 12 0 3 7 10 14 1.41421
1 12 0 3 7 11 13 1.90693
1 12 0 3 7 11 14 1.73205
1 12 0 3 7 13 14 1.73205
1 12 0 3 8 9 10 1.73205
1 12 0 3 8 9 11 1.90693
1 12 0 3 8 9 13 1.90693
1 12 0 3 8 9 14 1.85164
1 12 0 3 8 10 11 1.73205
1 12 0 3 8 10 13 1.73205
1 12 0 3 8 10 14 1.73205
1 12 0 3 8 11 13 1.90693
1 12 0 3 8 11 14 1.85164
1 12 0 3 8 13 14 1.85164
1 12 0 3 9 10 11 1.73205
1 12 0 3 9 10 13 1.73205
1 12 0 3 9 10 14 1.73205
1 12 0 3 9 11 13 2
1 12 0 3 9 11 14 1.90693
1 12 0 3 9 13 14 1.90693
1 12 0 3 10 11 13 1.73205
1 12 0 3 10 11 14 1.73205
1 12 0 3 10 13 14 1.73205
1 12 0 3 11 13 14 1.90693
1 12 0 4 5 6 7 1.41421
1 12 0 4 5 6 8 1.73205
1 12 0 4 5 6 9 1.73205
1 12 0 4 5 6 10 1.73205
1 12 0 4 5 6 11 1.41421
1 12 0 4 5 6 13 1.73205
1 12 0 4 5 6 14 1.73205
1 12 0 4 5 7 8 1.73205
1 12 0 4 5 7 9 1.62019
1 12 0 4 5 7 10 1.73205
1 12 0 4 5 7 11 1.41421
1 12 0 4 5 7 13 1.73205
1 12 0 4 5 7 14 1.73205
1 12 0 4 5 8 9 1.85164
1 12 0 4 5 8 10 1.90693
1 12 0 4 5 8 11 1.41421
1 12 0 4 5 8 13 1.90693
1 12 0 4 5 8 14 1.90693
1 12 0 4 5 9 10 1.85164
1 12 0 4 5 9 11 1.41421
1 12 0 4 5 9 13 1.85164
1 12 0 4 5 9 14 1.85164
1 12 0 4 5 10 11 1.41421
1 12 0 4 5 10 13 1.90693
1 12 0 4 5 10 14 1.90693
1 12 0 4 5 11 13 1.41421
1 12 0 4 5 11 14 1.41421
1 12 0 4 5 13 14 1.90693
1 12 0 4 6 7 8 1.62019
1 12 0 4 6 7 9 1.62019
1 12 0 4 6 7 10 1.62019
1 12 0 4 6 7 11 1.41421
1 12 0 4 6 7 13 1.62019
1 12 0 4 6 7 14 1.62019
1 12 0 4 6 8 9 2.13664
1 12 0 4 6 8 10 2.13664
1 12 0 4 6 8 11 2
1 12 0 4 6 8 13 2.13664
1 12 0 4 6 8 14 2.13664
1 12 0 4 6 9 10 2.13664
1 12 0 4 6 9 11 2
1 12 0 4 6 9 13 2.13664
1 12 0 4 6 9 14 2.13664
1 12 0 4 6 10 11 2
1 12 0 4 6 10 13 2.13664
1 12 0 4 6 10 14 2.13664
1 12 0 4 6 11 13 2
1 12 0 4 6 11 14 2
1 12 0 4 6 13 14 2.13664
1 12 0 4 7 8 9 1.73205
1 12 0 4 7 8 10 1.81265
1 12 0 4 7 8 11 1.41421
1 12 0 4 7 8 13 1.81265
1 12 0 4 7 8 14 1.81265
1 12 0 4 7 9 10 1.73205
1 12 0 4 7 9 11 1.41421
1 12 0 4 7 9 13 1.73205
1 12 0 4 7 9 14 1.73205
1 12 0 4 7 10 11 1.41421
1 12 0 4 7 10 13 1.81265
1 12 0 4 7 10 14 1.81265
1 12 0 4 7 11 13 1.41421
1 12 0 4 7 11 14 1.41421
1 12 0 4 7 13 14 1.81265
1 12 0 4 8 9 10 2.16025
1 12 0 4 8 9 11 2
1 12 0 4 8 9 13 2.16025
1 12 0 4 8 9 14 2.16025
1 12 0 4 8 10 11 2
1 12 0 4 8 10 13 2.19089
1 12 0 4 8 10 14 2.19089
1 12 0 4 8 11 13 2
1 12 0 4 8 11 14 2
1 12 0 4 8 13 14 2.19089
1 12 0 4 9 10 11 2
1 12 0 4 9 10 13 2.16025
1 12 0 4 9 10 14 2.16025
1 12 0 4 9 11 13 2
1 12 0 4 9 11 14 2
1 12 0 4 9 13 14 2.16025
1 12 0 4 10 11 13 2
1 12 0 4 10 11 14 2
1 12 0 4 10 13 14 2.19089
1 12 0 4 11 13 14 2
1 12 0 5 6 7 8 1.41421
1 12 0 5 6 7 9 1.73205
1 12 0 5 6 7 10 1.41421
1 12 0 5 6 7 11 1.73205
1 12 0 5 6 7 13 1.73205
1 12 0 5 6 7 14 1.41421
1 12 0 5 6 8 9 1.73205
1 12 0 5 6 8 10 1.73205
1 12 0 5 6 8 11 1.41421
1 12 0 5 6 8 13 1.73205
1 12 0 5 6 8 14 1.73205
1 12 0 5 6 9 10 1.73205
1 12 0 5 6 9 11 1.73205
1 12 0 5 6 9 13 1.73205
1 12 0 5 6 9 14 1.73205
1 12 0 5 6 10 11 1.41421
1 12 0 5 6 10 13 1.73205
1 12 0 5 6 10 14 1.73205
1 12 0 5 6 11 13 1.73205
1 12 0 5 6 11 14 1.41421
1 12 0 5 6 13 14 1.73205
1 12 0 5 7 8 9 1.62019
1 12 0 5 7 8 10 1.73205
1 12 0 5 7 8 11 1.41421
1 12 0 5 7 8 13 1.73205
1 12 0 5 7 8 14 1.73205
1 12 0 5 7 9 10 1.62019
1 12 0 5 7 9 11 1.73205
1 12 0 5 7 9 13 1.73205
1 12 0 5 7 9 14 1.62019
1 12 0 5 7 10 11 1
1 12 0 5 7 10 13 1.73205
1 12 0 5 7 10 14 1.73205
1 12 0 5 7 11 13 1.73205
1 12 0 5 7 11 14 1.41421
1 12 0 5 7 13 14 1.73205
1 12 0 5 8 9 10 1.85164
1 12 0 5 8 9 11 1.41421
1 12 0 5 8 9 13 1.85164
1 12 0 5 8 9 14 1.85164
1 12 0 5 8 10 11 1.41421
1 12 0 5 8 10 13 1.90693
1 12 0 5 8 10 14 1.90693
1 12 0 5 8 11 13 1.41421
1 12 0 5 8 11 14 1.41421
1 12 0 5 8 13 14 1.90693
1 12 0 5 9 10 11 1.41421
1 12 0 5 9 10 13 1.85164
1 12 0 5 9 10 14 1.85164
1 12 0 5 9 11 13 1.73205
1 12 0 5 9 11 14 1.41421
1 12 0 5 9 13 14 1.85164
1 12 0 5 10 11 13 1.41421
1 12 0 5 10 11 14 1.41421
1 12 0 5 10 13 14 1.90693
1 12 0 5 11 13 14 1.41421
1 12 0 6 7 8 9 2
1 12 0 6 7 8 10 1.73205
1 12 0 6 7 8 11 1.81265
1 12 0 6 7 8 13 2
1 12 0 6 7 8 14 1.81265
1 12 0 6 7 9 10 1.73205
1 12 0 6 7 9 11 1.93309
1 12 0 6 7 9 13 1.96214
1 12 0 6 7 9 14 2
1 12 0 6 7 10 11 1.62019
1 12 0 6 7 10 13 1.73205
1 12 0 6 7 10 14 1.73205
1 12 0 6 7 11 13 1.93309
1 12 0 6 7 11 14 1.81265
1 12 0 6 7 13 14 2
1 12 0 6 8 9 10 2.23607
1 12 0 6 8 9 11 2.19089
1 12 0 6 8 9 13 2.28446
1 12 0 6 8 9 14 2.26385
1 12 0 6 8 10 11 2.13664
1 12 0 6 8 10 13 2.23607
1 12 0 6 8 10 14 2.23607
1 12 0 6 8 11 13 2.19089
1 12 0 6 8 11 14 2.16025
1 12 0 6 8 13 14 2.26385
1 12 0 6 9 10 11 2.13664
1 12 0 6 9 10 13 2.23607
1 12 0 6 9 10 14 2.23607
1 12 0 6 9 11 13 2.23607
1 12 0 6 9 11 14 2.19089
1 12 0 6 9 13 14 2.28446
1 12 0 6 10 11 13 2.13664
1 12 0 6 10 11 14 2.13664
1 12 0 6 10 13 14 2.23607
1 12 0 6 11 13 14 2.19089
1 12 0 7 8 9 10 1.81265
1 12 0 7 8 9 11 1.81265
1 12 0 7 8 9 13 2
1 12 0 7 8 9 14 2
1 12 0 7 8 10 11 1.62019
1 12 0 7 8 10 13 2
1 12 0 7 8 10 14 2
1 12 0 7 8 11 13 1.81265
1 12 0 7 8 11 14 1.73205
1 12 0 7 8 13 14 2
1 12 0 7 9 10 11 1.62019
1 12 0 7 9 10 13 1.81265
1 12 0 7 9 10 14 1.81265
1 12 0 7 9 11 13 1.93309
1 12 0 7 9 11 14 1.81265
1 12 0 7 9 13 14 2
1 12 0 7 10 11 13 1.62019
1 12 0 7 10 11 14 1.62019
1 12 0 7 10 13 14 2
1 12 0 7 11 13 14 1.81265
1 12 0 8 9 10 11 2.13664
1 12 0 8 9 10 13 2.26385
1 12 0 8 9 10 14 2.26385
1 12 0 8 9 11 13 2.19089
1 12 0 8 9 11 14 2.16025
1 12 0 8 9 13 14 2.3094
1 12 0 8 10 11 13 2.13664
1 12 0 8 10 11 14 2.13664
1 12 0 8 10 13 14 2.28446
1 12 0 8 11 13 14 2.16025
1 12 0 9 10 11 13 2.13664
1 12 0 9 10 11 14 2.13664
1 12 0 9 10 13 14 2.26385
1 12 0 9 11 13 14 2.19089
1 12 0 10 11 13 14 2.13664
1 12 2 3 4 5 6 1.41421
1 12 2 3 4 5 7 1.41421
1 12 2 3 4 5 8 1.41421
1 12 2 3 4 5 9 1.41421
1 12 2 3 4 5 10 1.41421
1 12 2 3 4 5 11 1.41421
1 12 2 3 4 5 13 1.41421
1 12 2 3 4 5 14 1.41421
1 12 2 3 4 6 7 1.41421
1 12 2 3 4 6 8 1
1 12 2 3 4 6 9 1.41421
1 12 2 3 4 6 10 1
1 12 2 3 4 6 11 1.41421
1 12 2 3 4 6 13 1.41421
1 12 2 3 4 6 14 1
1 12 2 3 4 7 8 1.41421
1 12 2 3 4 7 9 1.41421
1 12 2 3 4 7 10 1.41421
1 12 2 3 4 7 11 1.41421
1 12 2 3 4 7 13 1.41421
1 12 2 3 4 7 14 1.41421
1 12 2 3 4 8 9 1
1 12 2 3 4 8 10 1.41421
1 12 2 3 4 8 11 1
1 12 2 3 4 8 13 1.41421
1 12 2 3 4 8 14 1.41421
1 12 2 3 4 9 10 1
1 12 2 3 4 9 11 1.41421
1 12 2 3 4 9 13 1.41421
1 12 2 3 4 9 14 1
1 12 2 3 4 10 11 1
1 12 2 3 4 10 13 1.41421
1 12 2 3 4 10 14 1.41421
1 12 2 3 4 11 13 1.41421
1 12 2 3 4 11 14 1
1 12 2 3 4 13 14 1.41421
1 12 2 3 5 6 7 1.73205
1 12 2 3 5 6 8 1.41421
1 12 2 3 5 6 9 1.73205
1 12 2 3 5 6 10 1
1 12 2 3 5 6 11 1.73205
1 12 2 3 5 6 13 1.73205
1 12 2 3 5 6 14 1.41421
1 12 2 3 5 7 8 1.41421
1 12 2 3 5 7 9 1.73205
1 12 2 3 5 7 10 1.41421
1 12 2 3 5 7 11 1.73205
1 12 2 3 5 7 13 1.73205
1 12 2 3 5 7 14 1.41421
1 12 2 3 5 8 9 1.41421
1 12 2 3 5 8 10 1.41421
1 12 2 3 5 8 11 1.41421
1 12 2 3 5 8 13 1.41421
1 12 2 3 5 8 14 1.41421
1 12 2 3 5 9 10 1
1 12 2 3 5 9 11 1.73205
1 12 2 3 5 9 13 1.73205
1 12 2 3 5 9 14 1.41421
1 12 2 3 5 10 11 1
1 12 2 3 5 10 13 1.41421
1 12 2 3 5 10 14 1.41421
1 12 2 3 5 11 13 1.73205
1 12 2 3 5 11 14 1.41421
1 12 2 3 5 13 14 1.41421
1 12 2 3 6 7 8 1.62019
1 12 2 3 6 7 9 1.85164
1 12 2 3 6 7 10 1
1 12 2 3 6 7 11 1.85164
1 12 2 3 6 7 13 1.85164
1 12 2 3 6 7 14 1.62019
1 12 2 3 6 8 9 1.73205
1 12 2 3 6 8 10 1.41421
1 12 2 3 6 8 11 1.73205
1 12 2 3 6 8 13 1.73205
1 12 2 3 6 8 14 1.62019
1 12 2 3 6 9 10 1.41421
1 12 2 3 6 9 11 1.90693
1 12 2 3 6 9 13 1.90693
1 12 2 3 6 9 14 1.73205
1 12 2 3 6 10 11 1.41421
1 12 2 3 6 10 13 1.41421
1 12 2 3 6 10 14 1.41421
1 12 2 3 6 11 13 1.90693
1 12 2 3 6 11 14 1.73205
1 12 2 3 6 13 14 1.73205
1 12 2 3 7 8 9 1.62019
1 12 2 3 7 8 10 1.41421
1 12 2 3 7 8 11 1.62019
1 12 2 3 7 8 13 1.62019
1 12 2 3 7 8 14 1.41421
1 12 2 3 7 9 10 1
1 12 2 3 7 9 11 1.85164
1 12 2 3 7 9 13 1.85164
1 12 2 3 7 9 14 1.62019
1 12 2 3 7 10 11 1
1 12 2 3 7 10 13 1.41421
1 12 2 3 7 10 14 1.41421
1 12 2 3 7 11 13 1.85164
1 12 2 3 7 11 14 1.62019
1 12 2 3 7 13 14 1.62019
1 12 2 3 8 9 10 1.41421
1 12 2 3 8 9 11 1.73205
1 12 2 3 8 9 13 1.73205
1 12 2 3 8 9 14 1.62019
1 12 2 3 8 10 11 1.41421
1 12 2 3 8 10 13 1.41421
1 12 2 3 8 10 14 1.41421
1 12 2 3 8 11 13 1.73205
1 12 2 3 8 11 14 1.62019
1 12 2 3 8 13 14 1.62019
1 12 2 3 9 10 11 1.41421
1 12 2 3 9 10 13 1.41421
1 12 2 3 9 10 14 1.41421
1 12 2 3 9 11 13 1.90693
1 12 2 3 9 11 14 1.73205
1 12 2 3 9 13 14 1.73205
1 12 2 3 10 11 13 1.41421
1 12 2 3 10 11 14 1.41421
1 12 2 3 10 13 14 1.41421
1 12 2 3 11 13 14 1.73205
1 12 2 4 5 6 7 1.41421
1 12 2 4 5 6 8 1.41421
1 12 2 4 5 6 9 1.41421
1 12 2 4 5 6 10 1.41421
1 12 2 4 5 6 11 1.41421
1 12 2 4 5 6 13 1.41421
1 12 2 4 5 6 14 1.41421
1 12 2 4 5 7 8 1.62019
1 12 2 4 5 7 9 1.41421
1 12 2 4 5 7 10 1.62019
1 12 2 4 5 7 11 1.41421
1 12 2 4 5 7 13 1.62019
1 12 2 4 5 7 14 1.62019
1 12 2 4 5 8 9 1.62019
1 12 2 4 5 8 10 1.73205
1 12 2 4 5 8 11 1
1 12 2 4 5 8 13 1.73205
1 12 2 4 5 8 14 1.73205
1 12 2 4 5 9 10 1.62019
1 12 2 4 5 9 11 1.41421
1 12 2 4 5 9 13 1.62019
1 12 2 4 5 9 14 1.62019
1 12 2 4 5 10 11 1
1 12 2 4 5 10 13 1.73205
1 12 2 4 5 10 14 1.73205
1 12 2 4 5 11 13 1.41421
1 12 2 4 5 11 14 1
1 12 2 4 5 13 14 1.73205
1 12 2 4 6 7 8 1
1 12 2 4 6 7 9 1.41421
1 12 2 4 6 7 10 1
1 12 2 4 6 7 11 1.41421
1 12 2 4 6 7 13 1.41421
1 12 2 4 6 7 14 1
1 12 2 4 6 8 9 1.62019
1 12 2 4 6 8 10 1.62019
1 12 2 4 6 8 11 1.41421
1 12 2 4 6 8 13 1.62019
1 12 2 4 6 8 14 1.62019
1 12 2 4 6 9 10 1.62019
1 12 2 4 6 9 11 1.41421
1 12 2 4 6 9 13 1.62019
1 12 2 4 6 9 14 1.62019
1 12 2 4 6 10 11 1.41421
1 12 2 4 6 10 13 1.62019
1 12 2 4 6 10 14 1.62019
1 12 2 4 6 11 13 1.41421
1 12 2 4 6 11 14 1.41421
1 12 2 4 6 13 14 1.62019
1 12 2 4 7 8 9 1.41421
1 12 2 4 7 8 10 1.62019
1 12 2 4 7 8 11 1
1 12 2 4 7 8 13 1.62019
1 12 2 4 7 8 14 1.62019
1 12 2 4 7 9 10 1.41421
1 12 2 4 7 9 11 1.41421
1 12 2 4 7 9 13 1.41421
1 12 2 4 7 9 14 1.41421
1 12 2 4 7 10 11 1
1 12 2 4 7 10 13 1.62019
1 12 2 4 7 10 14 1.62019
1 12 2 4 7 11 13 1.41421
1 12 2 4 7 11 14 1
1 12 2 4 7 13 14 1.62019
1 12 2 4 8 9 10 1.73205
1 12 2 4 8 9 11 1.41421
1 12 2 4 8 9 13 1.73205
1 12 2 4 8 9 14 1.73205
1 12 2 4 8 10 11 1.41421
1 12 2 4 8 10 13 1.81265
1 12 2 4 8 10 14 1.81265
1 12 2 4 8 11 13 1.41421
1 12 2 4 8 11 14 1.41421
1 12 2 4 8 13 14 1.81265
1 12 2 4 9 10 11 1.41421
1 12 2 4 9 10 13 1.73205
1 12 2 4 9 10 14 1.73205
1 12 2 4 9 11 13 1.41421
1 12 2 4 9 11 14 1.41421
1 12 2 4 9 13 14 1.73205
1 12 2 4 10 11 13 1.41421
1 12 2 4 10 11 14 1.41421
1 12 2 4 10 13 14 1.81265
1 12 2 4 11 13 14 1.41421
1 12 2 5 6 7 8 1.41421
1 12 2 5 6 7 9 1.73205
1 12 2 5 6 7 10 1
1 12 2 5 6 7 11 1.73205
1 12 2 5 6 7 13 1.73205
1 12 2 5 6 7 14 1.41421
1 12 2 5 6 8 9 1.41421
1 12 2 5 6 8 10 1.41421
1 12 2 5 6 8 11 1.41421
1 12 2 5 6 8 13 1.41421
1 12 2 5 6 8 14 1.41421
1 12 2 5 6 9 10 1.41421
1 12 2 5 6 9 11 1.73205
1 12 2 5 6 9 13 1.73205
1 12 2 5 6 9 14 1.41421
1 12 2 5 6 10 11 1
1 12 2 5 6 10 13 1.41421
1 12 2 5 6 10 14 1.41421
1 12 2 5 6 11 13 1.73205
1 12 2 5 6 11 14 1.41421
1 12 2 5 6 13 14 1.41421
1 12 2 5 7 8 9 1.41421
1 12 2 5 7 8 10 1.62019
1 12 2 5 7 8 11 1.41421
1 12 2 5 7 8 13 1.62019
1 12 2 5 7 8 14 1.62019
1 12 2 5 7 9 10 1.41421
1 12 2 5 7 9 11 1.73205
1 12 2 5 7 9 13 1.73205
1 12 2 5 7 9 14 1.41421
1 12 2 5 7 10 11 1
1 12 2 5 7 10 13 1.62019
1 12 2 5 7 10 14 1.62019
1 12 2 5 7 11 13 1.73205
1 12 2 5 7 11 14 1.41421
1 12 2 5 7 13 14 1.62019
1 12 2 5 8 9 10 1.62019
1 12 2 5 8 9 11 1.41421
1 12 2 5 8 9 13 1.62019
1 12 2 5 8 9 14 1.62019
1 12 2 5 8 10 11 1
1 12 2 5 8 10 13 1.73205
1 12 2 5 8 10 14 1.73205
1 12 2 5 8 11 13 1.41421
1 12 2 5 8 11 14 1
1 12 2 5 8 13 14 1.73205
1 12 2 5 9 10 11 1
1 12 2 5 9 10 13 1.62019
1 12 2 5 9 10 14 1.62019
1 12 2 5 9 11 13 1.73205
1 12 2 5 9 11 14 1.41421
1 12 2 5 9 13 14 1.62019
1 12 2 5 10 11 13 1
1 12 2 5 10 11 14 1
1 12 2 5 10 13 14 1.73205
1 12 2 5 11 13 14 1.41421
1 12 2 6 7 8 9 1.62019
1 12 2 6 7 8 10 1
1 12 2 6 7 8 11 1.62019
1 12 2 6 7 8 13 1.62019
1 12 2 6 7 8 14 1.41421
1 12 2 6 7 9 10 1
1 12 2 6 7 9 11 1.85164
1 12 2 6 7 9 13 1.85164
1 12 2 6 7 9 14 1.62019
1 12 2 6 7 10 11 1
1 12 2 6 7 10 13 1
1 12 2 6 7 10 14 1
1 12 2 6 7 11 13 1.85164
1 12 2 6 7 11 14 1.62019
1 12 2 6 7 13 14 1.62019
1 12 2 6 8 9 10 1.73205
1 12 2 6 8 9 11 1.81265
1 12 2 6 8 9 13 2
1 12 2 6 8 9 14 1.81265
1 12 2 6 8 10 11 1.62019
1 12 2 6 8 10 13 1.73205
1 12 2 6 8 10 14 1.73205
1 12 2 6 8 11 13 1.81265
1 12 2 6 8 11 14 1.73205
1 12 2 6 8 13 14 1.81265
1 12 2 6 9 10 11 1.62019
1 12 2 6 9 10 13 1.73205
1 12 2 6 9 10 14 1.73205
1 12 2 6 9 11 13 1.93309
1 12 2 6 9 11 14 1.81265
1 12 2 6 9 13 14 2
1 12 2 6 10 11 13 1.62019
1 12 2 6 10 11 14 1.62019
1 12 2 6 10 13 14 1.73205
1 12 2 6 11 13 14 1.81265
1 12 2 7 8 9 10 1.41421
1 12 2 7 8 9 11 1.62019
1 12 2 7 8 9 13 1.62019
1 12 2 7 8 9 14 1.41421
1 12 2 7 8 10 11 1
1 12 2 7 8 10 13 1.62019
1 12 2 7 8 10 14 1.62019
1 12 2 7 8 11 13 1.62019
1 12 2 7 8 11 14 1.41421
1 12 2 7 8 13 14 1.62019
1 12 2 7 9 10 11 1
1 12 2 7 9 10 13 1.41421
1 12 2 7 9 10 14 1.41421
1 12 2 7 9 11 13 1.85164
1 12 2 7 9 11 14 1.62019
1 12 2 7 9 13 14 1.62019
1 12 2 7 10 11 13 1
1 12 2 7 10 11 14 1
1 12 2 7 10 13 14 1.62019
1 12 2 7 11 13 14 1.62019
1 12 2 8 9 10 11 1.62019
1 12 2 8 9 10 13 1.81265
1 12 2 8 9 10 14 1.81265
1 12 2 8 9 11 13 1.81265
1 12 2 8 9 11 14 1.73205
1 12 2 8 9 13 14 2
1 12 2 8 10 11 13 1.62019
1 12 2 8 10 11 14 1.62019
1 12 2 8 10 13 14 2
1 12 2 8 11 13 14 1.73205
1 12 2 9 10 11 13 1.62019
1 12 2 9 10 11 14 1.62019
1 12 2 9 10 13 14 1.81265
1 12 2 9 11 13 14 1.81265
1 12 2 10 11 13 14 1.62019
1 12 3 4 5 6 7 1.41421
1 12 3 4 5 6 8 1
1 12 3 4 5 6 9 1.41421
1 12 3 4 5 6 10 1
1 12 3 4 5 6 11 1.41421
1 12 3 4 5 6 13 1.41421
1 12 3 4 5 6 14 1
1 12 3 4 5 7 8 1.41421
1 12 3 4 5 7 9 1.41421
1 12 3 4 5 7 10 1.41421
1 12 3 4 5 7 11 1.41421
1 12 3 4 5 7 13 1.41421
1 12 3 4 5 7 14 1.41421
1 12 3 4 5 8 9 1
1 12 3 4 5 8 10 1.41421
1 12 3 4 5 8 11 1
1 12 3 4 5 8 13 1.41421
1 12 3 4 5 8 14 1.41421
1 12 3 4 5 9 10 1
1 12 3 4 5 9 11 1.41421
1 12 3 4 5 9 13 1.41421
1 12 3 4 5 9 14 1
1 12 3 4 5 10 11 1
1 12 3 4 5 10 13 1.41421
1 12 3 4 5 10 14 1.41421
1 12 3 4 5 11 13 1.41421
1 12 3 4 5 11 14 1
1 12 3 4 5 13 14 1.41421
1 12 3 4 6 7 8 1
1 12 3 4 6 7 9 1.41421
1 12 3 4 6 7 10 1
1 12 3 4 6 7 11 1.41421
1 12 3 4 6 7 13 1.41421
1 12 3 4 6 7 14 1
1 12 3 4 6 8 9 1.41421
1 12 3 4 6 8 10 1.41421
1 12 3 4 6 8 11 1.41421
1 12 3 4 6 8 13 1.41421
1 12 3 4 6 8 14 1.41421
1 12 3 4 6 9 10 1.41421
1 12 3 4 6 9 11 1.41421
1 12 3 4 6 9 13 1.41421
1 12 3 4 6 9 14 1.41421
1 12 3 4 6 10 11 1.41421
1 12 3 4 6 10 13 1.41421
1 12 3 4 6 10 14 1.41421
1 12 3 4 6 11 13 1.41421
1 12 3 4 6 11 14 1.41421
1 12 3 4 6 13 14 1.41421
1 12 3 4 7 8 9 1
1 12 3 4 7 8 10 1.41421
1 12 3 4 7 8 11 1
1 12 3 4 7 8 13 1.41421
1 12 3 4 7 8 14 1.41421
1 12 3 4 7 9 10 1
1 12 3 4 7 9 11 1.41421
1 12 3 4 7 9 13 1.41421
1 12 3 4 7 9 14 1
1 12 3 4 7 10 11 1
1 12 3 4 7 10 13 1.41421
1 12 3 4 7 10 14 1.41421
1 12 3 4 7 11 13 1.41421
1 12 3 4 7 11 14 1
1 12 3 4 7 13 14 1.41421
1 12 3 4 8 9 10 1.41421
1 12 3 4 8 9 11 1.41421
1 12 3 4 8 9 13 1.41421
1 12 3 4 8 9 14 1.41421
1 12 3 4 8 10 11 1.41421
1 12 3 4 8 10 13 1.41421
1 12 3 4 8 10 14 1.41421
1 12 3 4 8 11 13 1.41421
1 12 3 4 8 11 14 1.41421
1 12 3 4 8 13 14 1.41421
1 12 3 4 9 10 11 1.41421
1 12 3 4 9 10 13 1.41421
1 12 3 4 9 10 14 1.41421
1 12 3 4 9 11 13 1.41421
1 12 3 4 9 11 14 1.41421
1 12 3 4 9 13 14 1.41421
1 12 3 4 10 11 13 1.41421
1 12 3 4 10 11 14 1.41421
1 12 3 4 10 13 14 1.41421
1 12 3 4 11 13 14 1.41421
1 12 3 5 6 7 8 1.41421
1 12 3 5 6 7 9 1.73205
1 12 3 5 6 7 10 1
1 12 3 5 6 7 11 1.73205
1 12 3 5 6 7 13 1.73205
1 12 3 5 6 7 14 1.41421
1 12 3 5 6 8 9 1.41421
1 12 3 5 6 8 10 1
1 12 3 5 6 8 11 1.41421
1 12 3 5 6 8 13 1.41421
1 12 3 5 6 8 14 1
1 12 3 5 6 9 10 1
1 12 3 5 6 9 11 1.73205
1 12 3 5 6 9 13 1.73205
1 12 3 5 6 9 14 1.41421
1 12 3 5 6 10 11 1
1 12 3 5 6 10 13 0
1 12 3 5 6 10 14 1
1 12 3 5 6 11 13 1.73205
1 12 3 5 6 11 14 1.41421
1 12 3 5 6 13 14 1.41421
1 12 3 5 7 8 9 1.41421
1 12 3 5 7 8 10 1.41421
1 12 3 5 7 8 11 1.41421
1 12 3 5 7 8 13 1.41421
1 12 3 5 7 8 14 1.41421
1 12 3 5 7 9 10 1
1 12 3 5 7 9 11 1.73205
1 12 3 5 7 9 13 1.73205
1 12 3 5 7 9 14 1.41421
1 12 3 5 7 10 11 1
1 12 3 5 7 10 13 1.41421
1 12 3 5 7 10 14 1.41421
1 12 3 5 7 11 13 1.73205
1 12 3 5 7 11 14 1.41421
1 12 3 5 7 13 14 1.41421
1 12 3 5 8 9 10 1
1 12 3 5 8 9 11 1.41421
1 12 3 5 8 9 13 1.41421
1 12 3 5 8 9 14 1
1 12 3 5 8 10 11 1
1 12 3 5 8 10 13 1.41421
1 12 3 5 8 10 14 1.41421
1 12 3 5 8 11 13 1.41421
1 12 3 5 8 11 14 1
1 12 3 5 8 13 14 1.41421
1 12 3 5 9 10 11 1
1 12 3 5 9 10 13 1
1 12 3 5 9 10 14 1
1 12 3 5 9 11 13 1.73205
1 12 3 5 9 11 14 1.41421
1 12 3 5 9 13 14 1.41421
1 12 3 5 10 11 13 1
1 12 3 5 10 11 14 1
1 12 3 5 10 13 14 1.41421
1 12 3 5 11 13 14 1.41421
1 12 3 6 7 8 9 1.73205
1 12 3 6 7 8 10 1.41421
1 12 3 6 7 8 11 1.73205
1 12 3 6 7 8 13 1.73205
1 12 3 6 7 8 14 1.62019
1 12 3 6 7 9 10 1.41421
1 12 3 6 7 9 11 1.90693
1 12 3 6 7 9 13 1.90693
1 12 3 6 7 9 14 1.73205
1 12 3 6 7 10 11 1.41421
1 12 3 6 7 10 13 1.41421
1 12 3 6 7 10 14 1.41421
1 12 3 6 7 11 13 1.90693
1 12 3 6 7 11 14 1.73205
1 12 3 6 7 13 14 1.73205
1 12 3 6 8 9 10 1.73205
1 12 3 6 8 9 11 1.90693
1 12 3 6 8 9 13 1.90693
1 12 3 6 8 9 14 1.85164
1 12 3 6 8 10 11 1.73205
1 12 3 6 8 10 13 1.73205
1 12 3 6 8 10 14 1.73205
1 12 3 6 8 11 13 1.90693
1 12 3 6 8 11 14 1.85164
1 12 3 6 8 13 14 1.85164
1 12 3 6 9 10 11 1.73205
1 12 3 6 9 10 13 1.73205
1 12 3 6 9 10 14 1.73205
1 12 3 6 9 11 13 2
1 12 3 6 9 11 14 1.90693
1 12 3 6 9 13 14 1.90693
1 12 3 6 10 11 13 1.73205
1 12 3 6 10 11 14 1.73205
1 12 3 6 10 13 14 1.73205
1 12 3 6 11 13 14 1.90693
1 12 3 7 8 9 10 1.41421
1 12 3 7 8 9 11 1.73205
1 12 3 7 8 9 13 1.73205
1 12 3 7 8 9 14 1.62019
1 12 3 7 8 10 11 1.41421
1 12 3 7 8 10 13 1.41421
1 12 3 7 8 10 14 1.41421
1 12 3 7 8 11 13 1.73205
1 12 3 7 8 11 14 1.62019
1 12 3 7 8 13 14 1.62019
1 12 3 7 9 10 11 1.41421
1 12 3 7 9 10 13 1.41421
1 12 3 7 9 10 14 1.41421
1 12 3 7 9 11 13 1.90693
1 12 3 7 9 11 14 1.73205
1 12 3 7 9 13 14 1.73205
1 12 3 7 10 11 13 1.41421
1 12 3 7 10 11 14 1.41421
1 12 3 7 10 13 14 1.41421
1 12 3 7 11 13 14 1.73205
1 12 3 8 9 10 11 1.73205
1 12 3 8 9 10 13 1.73205
1 12 3 8 9 10 14 1.73205
1 12 3 8 9 11 13 1.90693
1 12 3 8 9 11 14 1.85164
1 12 3 8 9 13 14 1.85164
1 12 3 8 10 11 13 1.73205
1 12 3 8 10 11 14 1.73205
1 12 3 8 10 13 14 1.73205
1 12 3 8 11 13 14 1.85164
1 12 3 9 10 11 13 1.73205
1 12 3 9 10 11 14 1.73205
1 12 3 9 10 13 14 1.73205
1 12 3 9 11 13 14 1.90693
1 12 3 10 11 13 14 1.73205
1 12 4 5 6 7 8 1.41421
1 12 4 5 6 7 9 1.41421
1 12 4 5 6 7 10 1.41421
1 12 4 5 6 7 11 1.41421
1 12 4 5 6 7 13 1.41421
1 12 4 5 6 7 14 1.41421
1 12 4 5 6 8 9 1.73205
1 12 4 5 6 8 10 1.73205
1 12 4 5 6 8 11 1.41421
1 12 4 5 6 8 13 1.73205
1 12 4 5 6 8 14 1.73205
1 12 4 5 6 9 10 1.73205
1 12 4 5 6 9 11 1.41421
1 12 4 5 6 9 13 1.73205
1 12 4 5 6 9 14 1.73205
1 12 4 5 6 10 11 1.41421
1 12 4 5 6 10 13 1.73205
1 12 4 5 6 10 14 1.73205
1 12 4 5 6 11 13 1.41421
1 12 4 5 6 11 14 1.41421
1 12 4 5 6 13 14 1.73205
1 12 4 5 7 8 9 1.62019
1 12 4 5 7 8 10 1.73205
1 12 4 5 7 8 11 1
1 12 4 5 7 8 13 1.73205
1 12 4 5 7 8 14 1.73205
1 12 4 5 7 9 10 1.62019
1 12 4 5 7 9 11 1.41421
1 12 4 5 7 9 13 1.62019
1 12 4 5 7 9 14 1.62019
1 12 4 5 7 10 11 1
1 12 4 5 7 10 13 1.73205
1 12 4 5 7 10 14 1.73205
1 12 4 5 7 11 13 1.41421
1 12 4 5 7 11 14 1
1 12 4 5 7 13 14 1.73205
1 12 4 5 8 9 10 1.85164
1 12 4 5 8 9 11 1.41421
1 12 4 5 8 9 13 1.85164
1 12 4 5 8 9 14 1.85164
1 12 4 5 8 10 11 1.41421
1 12 4 5 8 10 13 1.90693
1 12 4 5 8 10 14 1.90693
1 12 4 5 8 11 13 1.41421
1 12 4 5 8 11 14 1.41421
1 12 4 5 8 13 14 1.90693
1 12 4 5 9 10 11 1.41421
1 12 4 5 9 10 13 1.85164
1 12 4 5 9 10 14 1.85164
1 12 4 5 9 11 13 1.41421
1 12 4 5 9 11 14 1.41421
1 12 4 5 9 13 14 1.85164
1 12 4 5 10 11 13 1.41421
1 12 4 5 10 11 14 1.41421
1 12 4 5 10 13 14 1.90693
1 12 4 5 11 13 14 1.41421
1 12 4 6 7 8 9 1.62019
1 12 4 6 7 8 10 1.62019
1 12 4 6 7 8 11 1.41421
1 12 4 6 7 8 13 1.62019
1 12 4 6 7 8 14 1.62019
1 12 4 6 7 9 10 1.62019
1 12 4 6 7 9 11 1.41421
1 12 4 6 7 9 13 1.62019
1 12 4 6 7 9 14 1.62019
1 12 4 6 7 10 11 1.41421
1 12 4 6 7 10 13 1.62019
1 12 4 6 7 10 14 1.62019
1 12 4 6 7 11 13 1.41421
1 12 4 6 7 11 14 1.41421
1 12 4 6 7 13 14 1.62019
1 12 4 6 8 9 10 2.13664
1 12 4 6 8 9 11 2
1 12 4 6 8 9 13 2.13664
1 12 4 6 8 9 14 2.13664
1 12 4 6 8 10 11 2
1 12 4 6 8 10 13 2.13664
1 12 4 6 8 10 14 2.13664
1 12 4 6 8 11 13 2
1 12 4 6 8 11 14 2
1 12 4 6 8 13 14 2.13664
1 12 4 6 9 10 11 2
1 12 4 6 9 10 13 2.13664
1 12 4 6 9 10 14 2.13664
1 12 4 6 9 11 13 2
1 12 4 6 9 11 14 2
1 12 4 6 9 13 14 2.13664
1 12 4 6 10 11 13 2
1 12 4 6 10 11 14 2
1 12 4 6 10 13 14 2.13664
1 12 4 6 11 13 14 2
1 12 4 7 8 9 10 1.73205
1 12 4 7 8 9 11 1.41421
1 12 4 7 8 9 13 1.73205
1 12 4 7 8 9 14 1.73205
1 12 4 7 8 10 11 1.41421
1 12 4 7 8 10 13 1.81265
1 12 4 7 8 10 14 1.81265
1 12 4 7 8 11 13 1.41421
1 12 4 7 8 11 14 1.41421
1 12 4 7 8 13 14 1.81265
1 12 4 7 9 10 11 1.41421
1 12 4 7 9 10 13 1.73205
1 12 4 7 9 10 14 1.73205
1 12 4 7 9 11 13 1.41421
1 12 4 7 9 11 14 1.41421
1 12 4 7 9 13 14 1.73205
1 12 4 7 10 11 13 1.41421
1 12 4 7 10 11 14 1.41421
1 12 4 7 10 13 14 1.81265
1 12 4 7 11 13 14 1.41421
1 12 4 8 9 10 11 2
1 12 4 8 9 10 13 2.16025
1 12 4 8 9 10 14 2.16025
1 12 4 8 9 11 13 2
1 12 4 8 9 11 14 2
1 12 4 8 9 13 14 2.16025
1 12 4 8 10 11 13 2
1 12 4 8 10 11 14 2
1 12 4 8 10 13 14 2.19089
1 12 4 8 11 13 14 2
1 12 4 9 10 11 13 2
1 12 4 9 10 11 14 2
1 12 4 9 10 13 14 2.16025
1 12 4 9 11 13 14 2
1 12 4 10 11 13 14 2
1 12 5 6 7 8 9 1.41421
1 12 5 6 7 8 10 1.41421
1 12 5 6 7 8 11 1.41421
1 12 5 6 7 8 13 1.41421
1 12 5 6 7 8 14 1.41421
1 12 5 6 7 9 10 1.41421
1 12 5 6 7 9 11 1.73205
1 12 5 6 7 9 13 1.73205
1 12 5 6 7 9 14 1.41421
1 12 5 6 7 10 11 1
1 12 5 6 7 10 13 1.41421
1 12 5 6 7 10 14 1.41421
1 12 5 6 7 11 13 1.73205
1 12 5 6 7 11 14 1.41421
1 12 5 6 7 13 14 1.41421
1 12 5 6 8 9 10 1.73205
1 12 5 6 8 9 11 1.41421
1 12 5 6 8 9 13 1.73205
1 12 5 6 8 9 14 1.73205
1 12 5 6 8 10 11 1.41421
1 12 5 6 8 10 13 1.73205
1 12 5 6 8 10 14 1.73205
1 12 5 6 8 11 13 1.41421
1 12 5 6 8 11 14 1.41421
1 12 5 6 8 13 14 1.73205
1 12 5 6 9 10 11 1.41421
1 12 5 6 9 10 13 1.73205
1 12 5 6 9 10 14 1.73205
1 12 5 6 9 11 13 1.73205
1 12 5 6 9 11 14 1.41421
1 12 5 6 9 13 14 1.73205
1 12 5 6 10 11 13 1.41421
1 12 5 6 10 11 14 1.41421
1 12 5 6 10 13 14 1.73205
1 12 5 6 11 13 14 1.41421
1 12 5 7 8 9 10 1.62019
1 12 5 7 8 9 11 1.41421
1 12 5 7 8 9 13 1.62019
1 12 5 7 8 9 14 1.62019
1 12 5 7 8 10 11 1
1 12 5 7 8 10 13 1.73205
1 12 5 7 8 10 14 1.73205
1 12 5 7 8 11 13 1.41421
1 12 5 7 8 11 14 1
1 12 5 7 8 13 14 1.73205
1 12 5 7 9 10 11 1
1 12 5 7 9 10 13 1.62019
1 12 5 7 9 10 14 1.62019
1 12 5 7 9 11 13 1.73205
1 12 5 7 9 11 14 1.41421
1 12 5 7 9 13 14 1.62019
1 12 5 7 10 11 13 1
1 12 5 7 10 11 14 1
1 12 5 7 10 13 14 1.73205
1 12 5 7 11 13 14 1.41421
1 12 5 8 9 10 11 1.41421
1 12 5 8 9 10 13 1.85164
1 12 5 8 9 10 14 1.85164
1 12 5 8 9 11 13 1.41421
1 12 5 8 9 11 14 1.41421
1 12 5 8 9 13 14 1.85164
1 12 5 8 10 11 13 1.41421
1 12 5 8 10 11 14 1.41421
1 12 5 8 10 13 14 1.90693
1 12 5 8 11 13 14 1.41421
1 12 5 9 10 11 13 1.41421
1 12 5 9 10 11 14 1.41421
1 12 5 9 10 13 14 1.85164
1 12 5 9 11 13 14 1.41421
1 12 5 10 11 13 14 1.41421
1 12 6 7 8 9 10 1.73205
1 12 6 7 8 9 11 1.81265
1 12 6 7 8 9 13 2
1 12 6 7 8 9 14 1.81265
1 12 6 7 8 10 11 1.62019
1 12 6 7 8 10 13 1.73205
1 12 6 7 8 10 14 1.73205
1 12 6 7 8 11 13 1.81265
1 12 6 7 8 11 14 1.73205
1 12 6 7 8 13 14 1.81265
1 12 6 7 9 10 11 1.62019
1 12 6 7 9 10 13 1.73205
1 12 6 7 9 10 14 1.73205
1 12 6 7 9 11 13 1.93309
1 12 6 7 9 11 14 1.81265
1 12 6 7 9 13 14 2
1 12 6 7 10 11 13 1.62019
1 12 6 7 10 11 14 1.62019
1 12 6 7 10 13 14 1.73205
1 12 6 7 11 13 14 1.81265
1 12 6 8 9 10 11 2.13664
1 12 6 8 9 10 13 2.23607
1 12 6 8 9 10 14 2.23607
1 12 6 8 9 11 13 2.19089
1 12 6 8 9 11 14 2.16025
1 12 6 8 9 13 14 2.26385
1 12 6 8 10 11 13 2.13664
1 12 6 8 10 11 14 2.13664
1 12 6 8 10 13 14 2.23607
1 12 6 8 11 13 14 2.16025
1 12 6 9 10 11 13 2.13664
1 12 6 9 10 11 14 2.13664
1 12 6 9 10 13 14 2.23607
1 12 6 9 11 13 14 2.19089
1 12 6 10 11 13 14 2.13664
1 12 7 8 9 10 11 1.62019
1 12 7 8 9 10 13 1.81265
1 12 7 8 9 10 14 1.81265
1 12 7 8 9 11 13 1.81265
1 12 7 8 9 11 14 1.73205
1 12 7 8 9 13 14 2
1 12 7 8 10 11 13 1.62019
1 12 7 8 10 11 14 1.62019
1 12 7 8 10 13 14 2
1 12 7 8 11 13 14 1.73205
1 12 7 9 10 11 13 1.62019
1 12 7 9 10 11 14 1.62019
1 12 7 9 10 13 14 1.81265
1 12 7 9 11 13 14 1.81265
1 12 7 10 11 13 14 1.62019
1 12 8 9 10 11 13 2.13664
1 12 8 9 10 11 14 2.13664
1 12 8 9 10 13 14 2.26385
1 12 8 9 11 13 14 2.16025
1 12 8 10 11 13 14 2.13664
1 12 9 10 11 13 14 2.13664
