2 9 0 1 1.96769
2 9 0 3 2.27913
2 9 0 4 2.27907
2 9 0 5 2.21986
2 9 0 6 2.39792
2 9 0 7 2.04939
2 9 0 8 2.1557
2 9 0 10 2.24695
2 9 0 11 2.35855
2 9 0 12 2.28841
2 9 0 13 2.28841
2 9 0 14 2.34284
2 9 1 3 1.90693
2 9 1 4 1.73205
2 9 1 5 1.73205
2 9 1 6 1.96214
2 9 1 7 1.85164
2 9 1 8 2
2 9 1 10 1.81265
2 9 1 11 1.93309
2 9 1 12 1.96769
2 9 1 13 1.96769
2 9 1 14 2
2 9 3 4 2.23607
2 9 3 5 2.19034
2 9 3 6 2.326
2 9 3 7 2.08167
2 9 3 8 2.02367
2 9 3 10 2.16556
2 9 3 11 2.326
2 9 3 12 2.20605
2 9 3 13 2.16025
2 9 3 14 2.27837
2 9 4 5 2.29907
2 9 4 6 2.34521
2 9 4 7 2
2 9 4 8 2.16025
2 9 4 10 2.26747
2 9 4 11 2.28239
2 9 4 12 2.17607
2 9 4 13 2.13535
2 9 4 14 2.30079
2 9 5 6 2.25948
2 9 5 7 2.04939
2 9 5 8 2
2 9 5 10 2.17626
2 9 5 11 2.24649
2 9 5 12 2.12303
2 9 5 13 2.08296
2 9 5 14 2.29907
2 9 6 7 2.08167
2 9 6 8 2.1693
2 9 6 10 2.26855
2 9 6 11 2.38791
2 9 6 12 2.29989
2 9 6 13 2.27798
2 9 6 14 2.36834
2 9 7 8 1.62019
2 9 7 10 1.85164
2 9 7 11 2.08167
2 9 7 12 2
2 9 7 13 2
2 9 7 14 2
2 9 8 10 2.15322
2 9 8 11 2.14154
2 9 8 12 2.10442
2 9 8 13 2.08167
2 9 8 14 2.1643
2 9 10 11 2.2514
2 9 10 12 2.15322
2 9 10 13 2.12132
2 9 10 14 2.29129
2 9 11 12 2.27761
2 9 11 13 2.2563
2 9 11 14 2.34937
2 9 12 13 2.1965
2 9 12 14 2.26608
2 9 13 14 2.23607
