0 10 1 2 2
0 10 1 3 1.73205
0 10 1 4 2.19089
0 10 1 5 1.90693
0 10 1 6 2.23607
0 10 1 7 2
0 10 1 8 2.28446
0 10 1 9 2.26385
0 10 1 11 2.13664
0 10 1 12 2.28446
0 10 1 13 2.28446
0 10 1 14 2.28446
0 10 2 3 2.10357
0 10 2 4 2.22892
0 10 2 5 2.12993
0 10 2 6 2.23607
0 10 2 7 1.73205
0 10 2 8 2.1391
0 10 2 9 2.24695
0 10 2 11 2.21037
0 10 2 12 2.1391
0 10 2 13 2.1391
0 10 2 14 2.25726
0 10 3 4 2.44831
0 10 3 5 2.23607
0 10 3 6 2.49516
0 10 3 7 2.10357
0 10 3 8 2.35488
0 10 3 9 2.49516
0 10 3 11 2.49516
0 10 3 12 2.35488
0 10 3 13 2.35488
0 10 3 14 2.49516
0 10 4 5 2.51534
0 10 4 6 2.75936
0 10 4 7 2.22892
0 10 4 8 2.68408
0 10 4 9 2.7663
0 10 4 11 2.71343
0 10 4 12 2.68408
0 10 4 13 2.68408
0 10 4 14 2.76819
0 10 5 6 2.49516
0 10 5 7 2.12993
0 10 5 8 2.389
0 10 5 9 2.50881
0 10 5 11 2.44831
0 10 5 12 2.389
0 10 5 13 2.389
0 10 5 14 2.51534
0 10 6 7 2.23607
0 10 6 8 2.71163
0 10 6 9 2.79903
0 10 6 11 2.75936
0 10 6 12 2.71163
0 10 6 13 2.71163
0 10 6 14 2.79903
0 10 7 8 2.1391
0 10 7 9 2.24695
0 10 7 11 2.21037
0 10 7 12 2.1391
0 10 7 13 2.1391
0 10 7 14 2.25726
0 10 8 9 2.72172
0 10 8 11 2.66231
0 10 8 12 2.65417
0 10 8 13 2.65417
0 10 8 14 2.7314
0 10 9 11 2.75936
0 10 9 12 2.72172
0 10 9 13 2.72172
0 10 9 14 2.79933
0 10 11 12 2.66231
0 10 11 13 2.66231
0 10 11 14 2.75936
0 10 12 13 2.65417
0 10 12 14 2.7314
0 10 13 14 2.7314
