6 7 0 1 2 3 4 5 8 9 10 11 12 0
6 7 0 1 2 3 4 5 8 9 10 11 13 0
6 7 0 1 2 3 4 5 8 9 10 11 14 0
6 7 0 1 2 3 4 5 8 9 10 12 13 0
6 7 0 1 2 3 4 5 8 9 10 12 14 0
6 7 0 1 2 3 4 5 8 9 10 13 14 0
6 7 0 1 2 3 4 5 8 9 11 12 13 1
6 7 0 1 2 3 4 5 8 9 11 12 14 0
6 7 0 1 2 3 4 5 8 9 11 13 14 0
6 7 0 1 2 3 4 5 8 9 12 13 14 0
6 7 0 1 2 3 4 5 8 10 11 12 13 0
6 7 0 1 2 3 4 5 8 10 11 12 14 0
6 7 0 1 2 3 4 5 8 10 11 13 14 0
6 7 0 1 2 3 4 5 8 10 12 13 14 0
6 7 0 1 2 3 4 5 8 11 12 13 14 0
6 7 0 1 2 3 4 5 9 10 11 12 13 0
6 7 0 1 2 3 4 5 9 10 11 12 14 0
6 7 0 1 2 3 4 5 9 10 11 13 14 0
6 7 0 1 2 3 4 5 9 10 12 13 14 0
6 7 0 1 2 3 4 5 9 11 12 13 14 1
6 7 0 1 2 3 4 5 10 11 12 13 14 0
6 7 0 1 2 3 4 8 9 10 11 12 13 0
6 7 0 1 2 3 4 8 9 10 11 12 14 0
6 7 0 1 2 3 4 8 9 10 11 13 14 0
6 7 0 1 2 3 4 8 9 10 12 13 14 0
6 7 0 1 2 3 4 8 9 11 12 13 14 0
6 7 0 1 2 3 4 8 10 11 12 13 14 0
6 7 0 1 2 3 4 9 10 11 12 13 14 0
6 7 0 1 2 3 5 8 9 10 11 12 13 0
6 7 0 1 2 3 5 8 9 10 11 12 14 0
6 7 0 1 2 3 5 8 9 10 11 13 14 0
6 7 0 1 2 3 5 8 9 10 12 13 14 0
6 7 0 1 2 3 5 8 9 11 12 13 14 1
6 7 0 1 2 3 5 8 10 11 12 13 14 0
6 7 0 1 2 3 5 9 10 11 12 13 14 0
6 7 0 1 2 3 8 9 10 11 12 13 14 1
6 7 0 1 2 4 5 8 9 10 11 12 13 0
6 7 0 1 2 4 5 8 9 10 11 12 14 0
6 7 0 1 2 4 5 8 9 10 11 13 14 0
6 7 0 1 2 4 5 8 9 10 12 13 14 1
6 7 0 1 2 4 5 8 9 11 12 13 14 0
6 7 0 1 2 4 5 8 10 11 12 13 14 0
6 7 0 1 2 4 5 9 10 11 12 13 14 0
6 7 0 1 2 4 8 9 10 11 12 13 14 0
6 7 0 1 2 5 8 9 10 11 12 13 14 0
6 7 0 1 3 4 5 8 9 10 11 12 13 0
6 7 0 1 3 4 5 8 9 10 11 12 14 0
6 7 0 1 3 4 5 8 9 10 11 13 14 0
6 7 0 1 3 4 5 8 9 10 12 13 14 0
6 7 0 1 3 4 5 8 9 11 12 13 14 0
6 7 0 1 3 4 5 8 10 11 12 13 14 0
6 7 0 1 3 4 5 9 10 11 12 13 14 0
6 7 0 1 3 4 8 9 10 11 12 13 14 1
6 7 0 1 3 5 8 9 10 11 12 13 14 0
6 7 0 1 4 5 8 9 10 11 12 13 14 1
6 7 0 2 3 4 5 8 9 10 11 12 13 0
6 7 0 2 3 4 5 8 9 10 11 12 14 1
6 7 0 2 3 4 5 8 9 10 11 13 14 1
6 7 0 2 3 4 5 8 9 10 12 13 14 0
6 7 0 2 3 4 5 8 9 11 12 13 14 0
6 7 0 2 3 4 5 8 10 11 12 13 14 0
6 7 0 2 3 4 5 9 10 11 12 13 14 1
6 7 0 2 3 4 8 9 10 11 12 13 14 0
6 7 0 2 3 5 8 9 10 11 12 13 14 0
6 7 0 2 4 5 8 9 10 11 12 13 14 0
6 7 0 3 4 5 8 9 10 11 12 13 14 1
6 7 1 2 3 4 5 8 9 10 11 12 13 0
6 7 1 2 3 4 5 8 9 10 11 12 14 1
6 7 1 2 3 4 5 8 9 10 11 13 14 0
6 7 1 2 3 4 5 8 9 10 12 13 14 0
6 7 1 2 3 4 5 8 9 11 12 13 14 0
6 7 1 2 3 4 5 8 10 11 12 13 14 0
6 7 1 2 3 4 5 9 10 11 12 13 14 0
6 7 1 2 3 4 8 9 10 11 12 13 14 0
6 7 1 2 3 5 8 9 10 11 12 13 14 0
6 7 1 2 4 5 8 9 10 11 12 13 14 0
6 7 1 3 4 5 8 9 10 11 12 13 14 0
6 7 2 3 4 5 8 9 10 11 12 13 14 0
