6 13 0 1 2 3 4 5 1.41421
6 13 0 1 2 3 4 7 1.41421
6 13 0 1 2 3 4 8 1
6 13 0 1 2 3 4 9 1.41421
6 13 0 1 2 3 4 10 1
6 13 0 1 2 3 4 11 1.41421
6 13 0 1 2 3 4 12 1.41421
6 13 0 1 2 3 4 14 1
6 13 0 1 2 3 5 7 1.73205
6 13 0 1 2 3 5 8 1.41421
6 13 0 1 2 3 5 9 1.73205
6 13 0 1 2 3 5 10 0
6 13 0 1 2 3 5 11 1.73205
6 13 0 1 2 3 5 12 1.73205
6 13 0 1 2 3 5 14 1.41421
6 13 0 1 2 3 7 8 1.62019
6 13 0 1 2 3 7 9 1.85164
6 13 0 1 2 3 7 10 1
6 13 0 1 2 3 7 11 1.85164
6 13 0 1 2 3 7 12 1.85164
6 13 0 1 2 3 7 14 1.62019
6 13 0 1 2 3 8 9 1.73205
6 13 0 1 2 3 8 10 1.41421
6 13 0 1 2 3 8 11 1.73205
6 13 0 1 2 3 8 12 1.73205
6 13 0 1 2 3 8 14 1.62019
6 13 0 1 2 3 9 10 1.41421
6 13 0 1 2 3 9 11 1.90693
6 13 0 1 2 3 9 12 1.90693
6 13 0 1 2 3 9 14 1.73205
6 13 0 1 2 3 10 11 1.41421
6 13 0 1 2 3 10 12 1.41421
6 13 0 1 2 3 10 14 1.41421
6 13 0 1 2 3 11 12 1.90693
6 13 0 1 2 3 11 14 1.73205
6 13 0 1 2 3 12 14 1.73205
6 13 0 1 2 4 5 7 1.41421
6 13 0 1 2 4 5 8 1.41421
6 13 0 1 2 4 5 9 1.41421
6 13 0 1 2 4 5 10 1.41421
6 13 0 1 2 4 5 11 1.41421
6 13 0 1 2 4 5 12 1.41421
6 13 0 1 2 4 5 14 1.41421
6 13 0 1 2 4 7 8 1
6 13 0 1 2 4 7 9 1.41421
6 13 0 1 2 4 7 10 1
6 13 0 1 2 4 7 11 1.41421
6 13 0 1 2 4 7 12 1.41421
6 13 0 1 2 4 7 14 1
6 13 0 1 2 4 8 9 1.62019
6 13 0 1 2 4 8 10 1.62019
6 13 0 1 2 4 8 11 1.41421
6 13 0 1 2 4 8 12 1.62019
6 13 0 1 2 4 8 14 1.62019
6 13 0 1 2 4 9 10 1.62019
6 13 0 1 2 4 9 11 1.41421
6 13 0 1 2 4 9 12 1.62019
6 13 0 1 2 4 9 14 1.62019
6 13 0 1 2 4 10 11 1.41421
6 13 0 1 2 4 10 12 1.62019
6 13 0 1 2 4 10 14 1.62019
6 13 0 1 2 4 11 12 1.41421
6 13 0 1 2 4 11 14 1.41421
6 13 0 1 2 4 12 14 1.62019
6 13 0 1 2 5 7 8 1.41421
6 13 0 1 2 5 7 9 1.73205
6 13 0 1 2 5 7 10 1
6 13 0 1 2 5 7 11 1.73205
6 13 0 1 2 5 7 12 1.73205
6 13 0 1 2 5 7 14 1.41421
6 13 0 1 2 5 8 9 1.41421
6 13 0 1 2 5 8 10 1.41421
6 13 0 1 2 5 8 11 1.41421
6 13 0 1 2 5 8 12 1.41421
6 13 0 1 2 5 8 14 1.41421
6 13 0 1 2 5 9 10 1.41421
6 13 0 1 2 5 9 11 1.73205
6 13 0 1 2 5 9 12 1.73205
6 13 0 1 2 5 9 14 1.41421
6 13 0 1 2 5 10 11 1
6 13 0 1 2 5 10 12 1.41421
6 13 0 1 2 5 10 14 1.41421
6 13 0 1 2 5 11 12 1.73205
6 13 0 1 2 5 11 14 1.41421
6 13 0 1 2 5 12 14 1.41421
6 13 0 1 2 7 8 9 1.62019
6 13 0 1 2 7 8 10 1
6 13 0 1 2 7 8 11 1.62019
6 13 0 1 2 7 8 12 1.62019
6 13 0 1 2 7 8 14 1.41421
6 13 0 1 2 7 9 10 1
6 13 0 1 2 7 9 11 1.85164
6 13 0 1 2 7 9 12 1.85164
6 13 0 1 2 7 9 14 1.62019
6 13 0 1 2 7 10 11 1
6 13 0 1 2 7 10 12 1
6 13 0 1 2 7 10 14 1
6 13 0 1 2 7 11 12 1.85164
6 13 0 1 2 7 11 14 1.62019
6 13 0 1 2 7 12 14 1.62019
6 13 0 1 2 8 9 10 1.73205
6 13 0 1 2 8 9 11 1.81265
6 13 0 1 2 8 9 12 2
6 13 0 1 2 8 9 14 1.81265
6 13 0 1 2 8 10 11 1.62019
6 13 0 1 2 8 10 12 1.73205
6 13 0 1 2 8 10 14 1.73205
6 13 0 1 2 8 11 12 1.81265
6 13 0 1 2 8 11 14 1.73205
6 13 0 1 2 8 12 14 1.81265
6 13 0 1 2 9 10 11 1.62019
6 13 0 1 2 9 10 12 1.73205
6 13 0 1 2 9 10 14 1.73205
6 13 0 1 2 9 11 12 1.93309
6 13 0 1 2 9 11 14 1.81265
6 13 0 1 2 9 12 14 2
6 13 0 1 2 10 11 12 1.62019
6 13 0 1 2 10 11 14 1.62019
6 13 0 1 2 10 12 14 1.73205
6 13 0 1 2 11 12 14 1.81265
6 13 0 1 3 4 5 7 1.41421
6 13 0 1 3 4 5 8 1
6 13 0 1 3 4 5 9 1.41421
6 13 0 1 3 4 5 10 0
6 13 0 1 3 4 5 11 1.41421
6 13 0 1 3 4 5 12 1.41421
6 13 0 1 3 4 5 14 1
6 13 0 1 3 4 7 8 1
6 13 0 1 3 4 7 9 1.41421
6 13 0 1 3 4 7 10 1
6 13 0 1 3 4 7 11 1.41421
6 13 0 1 3 4 7 12 1.41421
6 13 0 1 3 4 7 14 1
6 13 0 1 3 4 8 9 1.41421
6 13 0 1 3 4 8 10 1.41421
6 13 0 1 3 4 8 11 1.41421
6 13 0 1 3 4 8 12 1.41421
6 13 0 1 3 4 8 14 1.41421
6 13 0 1 3 4 9 10 1.41421
6 13 0 1 3 4 9 11 1.41421
6 13 0 1 3 4 9 12 1.41421
6 13 0 1 3 4 9 14 1.41421
6 13 0 1 3 4 10 11 1.41421
6 13 0 1 3 4 10 12 1.41421
6 13 0 1 3 4 10 14 1.41421
6 13 0 1 3 4 11 12 1.41421
6 13 0 1 3 4 11 14 1.41421
6 13 0 1 3 4 12 14 1.41421
6 13 0 1 3 5 7 8 1.41421
6 13 0 1 3 5 7 9 1.73205
6 13 0 1 3 5 7 10 0
6 13 0 1 3 5 7 11 1.73205
6 13 0 1 3 5 7 12 1.73205
6 13 0 1 3 5 7 14 1.41421
6 13 0 1 3 5 8 9 1.41421
6 13 0 1 3 5 8 10 0
6 13 0 1 3 5 8 11 1.41421
6 13 0 1 3 5 8 12 1.41421
6 13 0 1 3 5 8 14 1
6 13 0 1 3 5 9 10 0
6 13 0 1 3 5 9 11 1.73205
6 13 0 1 3 5 9 12 1.73205
6 13 0 1 3 5 9 14 1.41421
6 13 0 1 3 5 10 11 0
6 13 0 1 3 5 10 12 0
6 13 0 1 3 5 10 14 0
6 13 0 1 3 5 11 12 1.73205
6 13 0 1 3 5 11 14 1.41421
6 13 0 1 3 5 12 14 1.41421
6 13 0 1 3 7 8 9 1.73205
6 13 0 1 3 7 8 10 1.41421
6 13 0 1 3 7 8 11 1.73205
6 13 0 1 3 7 8 12 1.73205
6 13 0 1 3 7 8 14 1.62019
6 13 0 1 3 7 9 10 1.41421
6 13 0 1 3 7 9 11 1.90693
6 13 0 1 3 7 9 12 1.90693
6 13 0 1 3 7 9 14 1.73205
6 13 0 1 3 7 10 11 1.41421
6 13 0 1 3 7 10 12 1.41421
6 13 0 1 3 7 10 14 1.41421
6 13 0 1 3 7 11 12 1.90693
6 13 0 1 3 7 11 14 1.73205
6 13 0 1 3 7 12 14 1.73205
6 13 0 1 3 8 9 10 1.73205
6 13 0 1 3 8 9 11 1.90693
6 13 0 1 3 8 9 12 1.90693
6 13 0 1 3 8 9 14 1.85164
6 13 0 1 3 8 10 11 1.73205
6 13 0 1 3 8 10 12 1.73205
6 13 0 1 3 8 10 14 1.73205
6 13 0 1 3 8 11 12 1.90693
6 13 0 1 3 8 11 14 1.85164
6 13 0 1 3 8 12 14 1.85164
6 13 0 1 3 9 10 11 1.73205
6 13 0 1 3 9 10 12 1.73205
6 13 0 1 3 9 10 14 1.73205
6 13 0 1 3 9 11 12 2
6 13 0 1 3 9 11 14 1.90693
6 13 0 1 3 9 12 14 1.90693
6 13 0 1 3 10 11 12 1.73205
6 13 0 1 3 10 11 14 1.73205
6 13 0 1 3 10 12 14 1.73205
6 13 0 1 3 11 12 14 1.90693
6 13 0 1 4 5 7 8 1.41421
6 13 0 1 4 5 7 9 1.41421
6 13 0 1 4 5 7 10 1.41421
6 13 0 1 4 5 7 11 1.41421
6 13 0 1 4 5 7 12 1.41421
6 13 0 1 4 5 7 14 1.41421
6 13 0 1 4 5 8 9 1.73205
6 13 0 1 4 5 8 10 1.73205
6 13 0 1 4 5 8 11 1.41421
6 13 0 1 4 5 8 12 1.73205
6 13 0 1 4 5 8 14 1.73205
6 13 0 1 4 5 9 10 1.73205
6 13 0 1 4 5 9 11 1.41421
6 13 0 1 4 5 9 12 1.73205
6 13 0 1 4 5 9 14 1.73205
6 13 0 1 4 5 10 11 1.41421
6 13 0 1 4 5 10 12 1.73205
6 13 0 1 4 5 10 14 1.73205
6 13 0 1 4 5 11 12 1.41421
6 13 0 1 4 5 11 14 1.41421
6 13 0 1 4 5 12 14 1.73205
6 13 0 1 4 7 8 9 1.62019
6 13 0 1 4 7 8 10 1.62019
6 13 0 1 4 7 8 11 1.41421
6 13 0 1 4 7 8 12 1.62019
6 13 0 1 4 7 8 14 1.62019
6 13 0 1 4 7 9 10 1.62019
6 13 0 1 4 7 9 11 1.41421
6 13 0 1 4 7 9 12 1.62019
6 13 0 1 4 7 9 14 1.62019
6 13 0 1 4 7 10 11 1.41421
6 13 0 1 4 7 10 12 1.62019
6 13 0 1 4 7 10 14 1.62019
6 13 0 1 4 7 11 12 1.41421
6 13 0 1 4 7 11 14 1.41421
6 13 0 1 4 7 12 14 1.62019
6 13 0 1 4 8 9 10 2.13664
6 13 0 1 4 8 9 11 2
6 13 0 1 4 8 9 12 2.13664
6 13 0 1 4 8 9 14 2.13664
6 13 0 1 4 8 10 11 2
6 13 0 1 4 8 10 12 2.13664
6 13 0 1 4 8 10 14 2.13664
6 13 0 1 4 8 11 12 2
6 13 0 1 4 8 11 14 2
6 13 0 1 4 8 12 14 2.13664
6 13 0 1 4 9 10 11 2
6 13 0 1 4 9 10 12 2.13664
6 13 0 1 4 9 10 14 2.13664
6 13 0 1 4 9 11 12 2
6 13 0 1 4 9 11 14 2
6 13 0 1 4 9 12 14 2.13664
6 13 0 1 4 10 11 12 2
6 13 0 1 4 10 11 14 2
6 13 0 1 4 10 12 14 2.13664
6 13 0 1 4 11 12 14 2
6 13 0 1 5 7 8 9 1.41421
6 13 0 1 5 7 8 10 1.41421
6 13 0 1 5 7 8 11 1.41421
6 13 0 1 5 7 8 12 1.41421
6 13 0 1 5 7 8 14 1.41421
6 13 0 1 5 7 9 10 1.41421
6 13 0 1 5 7 9 11 1.73205
6 13 0 1 5 7 9 12 1.73205
6 13 0 1 5 7 9 14 1.41421
6 13 0 1 5 7 10 11 1
6 13 0 1 5 7 10 12 1.41421
6 13 0 1 5 7 10 14 1.41421
6 13 0 1 5 7 11 12 1.73205
6 13 0 1 5 7 11 14 1.41421
6 13 0 1 5 7 12 14 1.41421
6 13 0 1 5 8 9 10 1.73205
6 13 0 1 5 8 9 11 1.41421
6 13 0 1 5 8 9 12 1.73205
6 13 0 1 5 8 9 14 1.73205
6 13 0 1 5 8 10 11 1.41421
6 13 0 1 5 8 10 12 1.73205
6 13 0 1 5 8 10 14 1.73205
6 13 0 1 5 8 11 12 1.41421
6 13 0 1 5 8 11 14 1.41421
6 13 0 1 5 8 12 14 1.73205
6 13 0 1 5 9 10 11 1.41421
6 13 0 1 5 9 10 12 1.73205
6 13 0 1 5 9 10 14 1.73205
6 13 0 1 5 9 11 12 1.73205
6 13 0 1 5 9 11 14 1.41421
6 13 0 1 5 9 12 14 1.73205
6 13 0 1 5 10 11 12 1.41421
6 13 0 1 5 10 11 14 1.41421
6 13 0 1 5 10 12 14 1.73205
6 13 0 1 5 11 12 14 1.41421
6 13 0 1 7 8 9 10 1.73205
6 13 0 1 7 8 9 11 1.81265
6 13 0 1 7 8 9 12 2
6 13 0 1 7 8 9 14 1.81265
6 13 0 1 7 8 10 11 1.62019
6 13 0 1 7 8 10 12 1.73205
6 13 0 1 7 8 10 14 1.73205
6 13 0 1 7 8 11 12 1.81265
6 13 0 1 7 8 11 14 1.73205
6 13 0 1 7 8 12 14 1.81265
6 13 0 1 7 9 10 11 1.62019
6 13 0 1 7 9 10 12 1.73205
6 13 0 1 7 9 10 14 1.73205
6 13 0 1 7 9 11 12 1.93309
6 13 0 1 7 9 11 14 1.81265
6 13 0 1 7 9 12 14 2
6 13 0 1 7 10 11 12 1.62019
6 13 0 1 7 10 11 14 1.62019
6 13 0 1 7 10 12 14 1.73205
6 13 0 1 7 11 12 14 1.81265
6 13 0 1 8 9 10 11 2.13664
6 13 0 1 8 9 10 12 2.23607
6 13 0 1 8 9 10 14 2.23607
6 13 0 1 8 9 11 12 2.19089
6 13 0 1 8 9 11 14 2.16025
6 13 0 1 8 9 12 14 2.26385
6 13 0 1 8 10 11 12 2.13664
6 13 0 1 8 10 11 14 2.13664
6 13 0 1 8 10 12 14 2.23607
6 13 0 1 8 11 12 14 2.16025
6 13 0 1 9 10 11 12 2.13664
6 13 0 1 9 10 11 14 2.13664
6 13 0 1 9 10 12 14 2.23607
6 13 0 1 9 11 12 14 2.19089
6 13 0 1 10 11 12 14 2.13664
6 13 0 2 3 4 5 7 1.73205
6 13 0 2 3 4 5 8 1.41421
6 13 0 2 3 4 5 9 1.90693
6 13 0 2 3 4 5 10 1.73205
6 13 0 2 3 4 5 11 1.90693
6 13 0 2 3 4 5 12 1.73205
6 13 0 2 3 4 5 14 1.85164
6 13 0 2 3 4 7 8 1
6 13 0 2 3 4 7 9 1.73205
6 13 0 2 3 4 7 10 1.41421
6 13 0 2 3 4 7 11 1.73205
6 13 0 2 3 4 7 12 1.62019
6 13 0 2 3 4 7 14 1.62019
6 13 0 2 3 4 8 9 1.62019
6 13 0 2 3 4 8 10 1.62019
6 13 0 2 3 4 8 11 1.62019
6 13 0 2 3 4 8 12 1.41421
6 13 0 2 3 4 8 14 1.62019
6 13 0 2 3 4 9 10 1.85164
6 13 0 2 3 4 9 11 2
6 13 0 2 3 4 9 12 1.81265
6 13 0 2 3 4 9 14 1.93309
6 13 0 2 3 4 10 11 1.85164
6 13 0 2 3 4 10 12 1.62019
6 13 0 2 3 4 10 14 1.85164
6 13 0 2 3 4 11 12 1.81265
6 13 0 2 3 4 11 14 1.93309
6 13 0 2 3 4 12 14 1.73205
6 13 0 2 3 5 7 8 1.41421
6 13 0 2 3 5 7 9 1.90693
6 13 0 2 3 5 7 10 1.41421
6 13 0 2 3 5 7 11 1.90693
6 13 0 2 3 5 7 12 1.85164
6 13 0 2 3 5 7 14 1.73205
6 13 0 2 3 5 8 9 1.41421
6 13 0 2 3 5 8 10 1.41421
6 13 0 2 3 5 8 11 1.41421
6 13 0 2 3 5 8 12 1.41421
6 13 0 2 3 5 8 14 1.41421
6 13 0 2 3 5 9 10 1.73205
6 13 0 2 3 5 9 11 2
6 13 0 2 3 5 9 12 1.90693
6 13 0 2 3 5 9 14 1.90693
6 13 0 2 3 5 10 11 1.73205
6 13 0 2 3 5 10 12 1.41421
6 13 0 2 3 5 10 14 1.73205
6 13 0 2 3 5 11 12 1.90693
6 13 0 2 3 5 11 14 1.90693
6 13 0 2 3 5 12 14 1.73205
6 13 0 2 3 7 8 9 1.62019
6 13 0 2 3 7 8 10 1
6 13 0 2 3 7 8 11 1.62019
6 13 0 2 3 7 8 12 1.62019
6 13 0 2 3 7 8 14 1.41421
6 13 0 2 3 7 9 10 1.41421
6 13 0 2 3 7 9 11 2
6 13 0 2 3 7 9 12 1.93309
6 13 0 2 3 7 9 14 1.81265
6 13 0 2 3 7 10 11 1.41421
6 13 0 2 3 7 10 12 1
6 13 0 2 3 7 10 14 1.41421
6 13 0 2 3 7 11 12 1.93309
6 13 0 2 3 7 11 14 1.81265
6 13 0 2 3 7 12 14 1.73205
6 13 0 2 3 8 9 10 1.73205
6 13 0 2 3 8 9 11 2
6 13 0 2 3 8 9 12 1.81265
6 13 0 2 3 8 9 14 1.81265
6 13 0 2 3 8 10 11 1.73205
6 13 0 2 3 8 10 12 1.62019
6 13 0 2 3 8 10 14 1.73205
6 13 0 2 3 8 11 12 1.81265
6 13 0 2 3 8 11 14 1.81265
6 13 0 2 3 8 12 14 1.73205
6 13 0 2 3 9 10 11 1.90693
6 13 0 2 3 9 10 12 1.73205
6 13 0 2 3 9 10 14 1.90693
6 13 0 2 3 9 11 12 2.10639
6 13 0 2 3 9 11 14 2.10639
6 13 0 2 3 9 12 14 2
6 13 0 2 3 10 11 12 1.73205
6 13 0 2 3 10 11 14 1.90693
6 13 0 2 3 10 12 14 1.73205
6 13 0 2 3 11 12 14 2
6 13 0 2 4 5 7 8 1
6 13 0 2 4 5 7 9 1.73205
6 13 0 2 4 5 7 10 1.41421
6 13 0 2 4 5 7 11 1.73205
6 13 0 2 4 5 7 12 1.62019
6 13 0 2 4 5 7 14 1.62019
6 13 0 2 4 5 8 9 1.73205
6 13 0 2 4 5 8 10 1.73205
6 13 0 2 4 5 8 11 1.62019
6 13 0 2 4 5 8 12 1.62019
6 13 0 2 4 5 8 14 1.73205
6 13 0 2 4 5 9 10 1.90693
6 13 0 2 4 5 9 11 2
6 13 0 2 4 5 9 12 2
6 13 0 2 4 5 9 14 2
6 13 0 2 4 5 10 11 1.85164
6 13 0 2 4 5 10 12 1.73205
6 13 0 2 4 5 10 14 1.90693
6 13 0 2 4 5 11 12 1.81265
6 13 0 2 4 5 11 14 1.93309
6 13 0 2 4 5 12 14 1.81265
6 13 0 2 4 7 8 9 1
6 13 0 2 4 7 8 10 1
6 13 0 2 4 7 8 11 1
6 13 0 2 4 7 8 12 1
6 13 0 2 4 7 8 14 1
6 13 0 2 4 7 9 10 1.41421
6 13 0 2 4 7 9 11 1.73205
6 13 0 2 4 7 9 12 1.62019
6 13 0 2 4 7 9 14 1.62019
6 13 0 2 4 7 10 11 1.41421
6 13 0 2 4 7 10 12 1
6 13 0 2 4 7 10 14 1.41421
6 13 0 2 4 7 11 12 1.62019
6 13 0 2 4 7 11 14 1.62019
6 13 0 2 4 7 12 14 1.41421
6 13 0 2 4 8 9 10 1.93309
6 13 0 2 4 8 9 11 1.85164
6 13 0 2 4 8 9 12 1.85164
6 13 0 2 4 8 9 14 1.93309
6 13 0 2 4 8 10 11 1.85164
6 13 0 2 4 8 10 12 1.85164
6 13 0 2 4 8 10 14 1.93309
6 13 0 2 4 8 11 12 1.73205
6 13 0 2 4 8 11 14 1.85164
6 13 0 2 4 8 12 14 1.85164
6 13 0 2 4 9 10 11 2.00294
6 13 0 2 4 9 10 12 1.93309
6 13 0 2 4 9 10 14 2.04939
6 13 0 2 4 9 11 12 1.93309
6 13 0 2 4 9 11 14 2.04939
6 13 0 2 4 9 12 14 2
6 13 0 2 4 10 11 12 1.85164
6 13 0 2 4 10 11 14 2.00294
6 13 0 2 4 10 12 14 1.93309
6 13 0 2 4 11 12 14 1.90693
6 13 0 2 5 7 8 9 1.41421
6 13 0 2 5 7 8 10 1
6 13 0 2 5 7 8 11 1.41421
6 13 0 2 5 7 8 12 1.41421
6 13 0 2 5 7 8 14 1
6 13 0 2 5 7 9 10 1.41421
6 13 0 2 5 7 9 11 1.90693
6 13 0 2 5 7 9 12 1.85164
6 13 0 2 5 7 9 14 1.73205
6 13 0 2 5 7 10 11 1.41421
6 13 0 2 5 7 10 12 1
6 13 0 2 5 7 10 14 1.41421
6 13 0 2 5 7 11 12 1.85164
6 13 0 2 5 7 11 14 1.73205
6 13 0 2 5 7 12 14 1.62019
6 13 0 2 5 8 9 10 1.73205
6 13 0 2 5 8 9 11 1.62019
6 13 0 2 5 8 9 12 1.62019
6 13 0 2 5 8 9 14 1.73205
6 13 0 2 5 8 10 11 1.62019
6 13 0 2 5 8 10 12 1.62019
6 13 0 2 5 8 10 14 1.73205
6 13 0 2 5 8 11 12 1.41421
6 13 0 2 5 8 11 14 1.62019
6 13 0 2 5 8 12 14 1.62019
6 13 0 2 5 9 10 11 1.85164
6 13 0 2 5 9 10 12 1.73205
6 13 0 2 5 9 10 14 1.90693
6 13 0 2 5 9 11 12 1.93309
6 13 0 2 5 9 11 14 2
6 13 0 2 5 9 12 14 2
6 13 0 2 5 10 11 12 1.62019
6 13 0 2 5 10 11 14 1.85164
6 13 0 2 5 10 12 14 1.73205
6 13 0 2 5 11 12 14 1.81265
6 13 0 2 7 8 9 10 1
6 13 0 2 7 8 9 11 1.62019
6 13 0 2 7 8 9 12 1.62019
6 13 0 2 7 8 9 14 1.41421
6 13 0 2 7 8 10 11 1
6 13 0 2 7 8 10 12 1
6 13 0 2 7 8 10 14 1
6 13 0 2 7 8 11 12 1.62019
6 13 0 2 7 8 11 14 1.41421
6 13 0 2 7 8 12 14 1.41421
6 13 0 2 7 9 10 11 1.41421
6 13 0 2 7 9 10 12 1
6 13 0 2 7 9 10 14 1.41421
6 13 0 2 7 9 11 12 1.93309
6 13 0 2 7 9 11 14 1.81265
6 13 0 2 7 9 12 14 1.73205
6 13 0 2 7 10 11 12 1
6 13 0 2 7 10 11 14 1.41421
6 13 0 2 7 10 12 14 1
6 13 0 2 7 11 12 14 1.73205
6 13 0 2 8 9 10 11 1.93309
6 13 0 2 8 9 10 12 1.93309
6 13 0 2 8 9 10 14 2
6 13 0 2 8 9 11 12 1.93309
6 13 0 2 8 9 11 14 2
6 13 0 2 8 9 12 14 2
6 13 0 2 8 10 11 12 1.85164
6 13 0 2 8 10 11 14 1.93309
6 13 0 2 8 10 12 14 1.93309
6 13 0 2 8 11 12 14 1.90693
6 13 0 2 9 10 11 12 1.93309
6 13 0 2 9 10 11 14 2.04939
6 13 0 2 9 10 12 14 2
6 13 0 2 9 11 12 14 2.10639
6 13 0 2 10 11 12 14 1.93309
6 13 0 3 4 5 7 8 1.41421
6 13 0 3 4 5 7 9 1.90693
6 13 0 3 4 5 7 10 1.73205
6 13 0 3 4 5 7 11 1.90693
6 13 0 3 4 5 7 12 1.73205
6 13 0 3 4 5 7 14 1.85164
6 13 0 3 4 5 8 9 1.73205
6 13 0 3 4 5 8 10 1.73205
6 13 0 3 4 5 8 11 1.73205
6 13 0 3 4 5 8 12 1.41421
6 13 0 3 4 5 8 14 1.73205
6 13 0 3 4 5 9 10 2
6 13 0 3 4 5 9 11 2.10357
6 13 0 3 4 5 9 12 1.90693
6 13 0 3 4 5 9 14 2.07802
6 13 0 3 4 5 10 11 2
6 13 0 3 4 5 10 12 1.73205
6 13 0 3 4 5 10 14 2
6 13 0 3 4 5 11 12 1.90693
6 13 0 3 4 5 11 14 2.07802
6 13 0 3 4 5 12 14 1.85164
6 13 0 3 4 7 8 9 1.62019
6 13 0 3 4 7 8 10 1.62019
6 13 0 3 4 7 8 11 1.62019
6 13 0 3 4 7 8 12 1.41421
6 13 0 3 4 7 8 14 1.62019
6 13 0 3 4 7 9 10 1.85164
6 13 0 3 4 7 9 11 2
6 13 0 3 4 7 9 12 1.81265
6 13 0 3 4 7 9 14 1.93309
6 13 0 3 4 7 10 11 1.85164
6 13 0 3 4 7 10 12 1.62019
6 13 0 3 4 7 10 14 1.85164
6 13 0 3 4 7 11 12 1.81265
6 13 0 3 4 7 11 14 1.93309
6 13 0 3 4 7 12 14 1.73205
6 13 0 3 4 8 9 10 2.13664
6 13 0 3 4 8 9 11 2.13664
6 13 0 3 4 8 9 12 2
6 13 0 3 4 8 9 14 2.13664
6 13 0 3 4 8 10 11 2.13664
6 13 0 3 4 8 10 12 2
6 13 0 3 4 8 10 14 2.13664
6 13 0 3 4 8 11 12 2
6 13 0 3 4 8 11 14 2.13664
6 13 0 3 4 8 12 14 2
6 13 0 3 4 9 10 11 2.28709
6 13 0 3 4 9 10 12 2.13664
6 13 0 3 4 9 10 14 2.28709
6 13 0 3 4 9 11 12 2.19089
6 13 0 3 4 9 11 14 2.32266
6 13 0 3 4 9 12 14 2.16025
6 13 0 3 4 10 11 12 2.13664
6 13 0 3 4 10 11 14 2.28709
6 13 0 3 4 10 12 14 2.13664
6 13 0 3 4 11 12 14 2.16025
6 13 0 3 5 7 8 9 1.41421
6 13 0 3 5 7 8 10 1.41421
6 13 0 3 5 7 8 11 1.41421
6 13 0 3 5 7 8 12 1.41421
6 13 0 3 5 7 8 14 1.41421
6 13 0 3 5 7 9 10 1.73205
6 13 0 3 5 7 9 11 2
6 13 0 3 5 7 9 12 1.90693
6 13 0 3 5 7 9 14 1.90693
6 13 0 3 5 7 10 11 1.73205
6 13 0 3 5 7 10 12 1.41421
6 13 0 3 5 7 10 14 1.73205
6 13 0 3 5 7 11 12 1.90693
6 13 0 3 5 7 11 14 1.90693
6 13 0 3 5 7 12 14 1.73205
6 13 0 3 5 8 9 10 1.73205
6 13 0 3 5 8 9 11 1.73205
6 13 0 3 5 8 9 12 1.41421
6 13 0 3 5 8 9 14 1.73205
6 13 0 3 5 8 10 11 1.73205
6 13 0 3 5 8 10 12 1.41421
6 13 0 3 5 8 10 14 1.73205
6 13 0 3 5 8 11 12 1.41421
6 13 0 3 5 8 11 14 1.73205
6 13 0 3 5 8 12 14 1.41421
6 13 0 3 5 9 10 11 2
6 13 0 3 5 9 10 12 1.73205
6 13 0 3 5 9 10 14 2
6 13 0 3 5 9 11 12 2
6 13 0 3 5 9 11 14 2.10357
6 13 0 3 5 9 12 14 1.90693
6 13 0 3 5 10 11 12 1.73205
6 13 0 3 5 10 11 14 2
6 13 0 3 5 10 12 14 1.73205
6 13 0 3 5 11 12 14 1.90693
6 13 0 3 7 8 9 10 1.73205
6 13 0 3 7 8 9 11 2
6 13 0 3 7 8 9 12 1.81265
6 13 0 3 7 8 9 14 1.81265
6 13 0 3 7 8 10 11 1.73205
6 13 0 3 7 8 10 12 1.62019
6 13 0 3 7 8 10 14 1.73205
6 13 0 3 7 8 11 12 1.81265
6 13 0 3 7 8 11 14 1.81265
6 13 0 3 7 8 12 14 1.73205
6 13 0 3 7 9 10 11 1.90693
6 13 0 3 7 9 10 12 1.73205
6 13 0 3 7 9 10 14 1.90693
6 13 0 3 7 9 11 12 2.10639
6 13 0 3 7 9 11 14 2.10639
6 13 0 3 7 9 12 14 2
6 13 0 3 7 10 11 12 1.73205
6 13 0 3 7 10 11 14 1.90693
6 13 0 3 7 10 12 14 1.73205
6 13 0 3 7 11 12 14 2
6 13 0 3 8 9 10 11 2.23607
6 13 0 3 8 9 10 12 2.13664
6 13 0 3 8 9 10 14 2.23607
6 13 0 3 8 9 11 12 2.19089
6 13 0 3 8 9 11 14 2.26385
6 13 0 3 8 9 12 14 2.16025
6 13 0 3 8 10 11 12 2.13664
6 13 0 3 8 10 11 14 2.23607
6 13 0 3 8 10 12 14 2.13664
6 13 0 3 8 11 12 14 2.16025
6 13 0 3 9 10 11 12 2.23607
6 13 0 3 9 10 11 14 2.35488
6 13 0 3 9 10 12 14 2.23607
6 13 0 3 9 11 12 14 2.38048
6 13 0 3 10 11 12 14 2.23607
6 13 0 4 5 7 8 9 1.73205
6 13 0 4 5 7 8 10 1.73205
6 13 0 4 5 7 8 11 1.62019
6 13 0 4 5 7 8 12 1.62019
6 13 0 4 5 7 8 14 1.73205
6 13 0 4 5 7 9 10 1.90693
6 13 0 4 5 7 9 11 2
6 13 0 4 5 7 9 12 2
6 13 0 4 5 7 9 14 2
6 13 0 4 5 7 10 11 1.85164
6 13 0 4 5 7 10 12 1.73205
6 13 0 4 5 7 10 14 1.90693
6 13 0 4 5 7 11 12 1.81265
6 13 0 4 5 7 11 14 1.93309
6 13 0 4 5 7 12 14 1.81265
6 13 0 4 5 8 9 10 2.23607
6 13 0 4 5 8 9 11 2.13664
6 13 0 4 5 8 9 12 2.13664
6 13 0 4 5 8 9 14 2.23607
6 13 0 4 5 8 10 11 2.13664
6 13 0 4 5 8 10 12 2.13664
6 13 0 4 5 8 10 14 2.23607
6 13 0 4 5 8 11 12 2
6 13 0 4 5 8 11 14 2.13664
6 13 0 4 5 8 12 14 2.13664
6 13 0 4 5 9 10 11 2.28709
6 13 0 4 5 9 10 12 2.23607
6 13 0 4 5 9 10 14 2.35488
6 13 0 4 5 9 11 12 2.19089
6 13 0 4 5 9 11 14 2.32266
6 13 0 4 5 9 12 14 2.26385
6 13 0 4 5 10 11 12 2.13664
6 13 0 4 5 10 11 14 2.28709
6 13 0 4 5 10 12 14 2.23607
6 13 0 4 5 11 12 14 2.16025
6 13 0 4 7 8 9 10 1.93309
6 13 0 4 7 8 9 11 1.85164
6 13 0 4 7 8 9 12 1.85164
6 13 0 4 7 8 9 14 1.93309
6 13 0 4 7 8 10 11 1.85164
6 13 0 4 7 8 10 12 1.85164
6 13 0 4 7 8 10 14 1.93309
6 13 0 4 7 8 11 12 1.73205
6 13 0 4 7 8 11 14 1.85164
6 13 0 4 7 8 12 14 1.85164
6 13 0 4 7 9 10 11 2.00294
6 13 0 4 7 9 10 12 1.93309
6 13 0 4 7 9 10 14 2.04939
6 13 0 4 7 9 11 12 1.93309
6 13 0 4 7 9 11 14 2.04939
6 13 0 4 7 9 12 14 2
6 13 0 4 7 10 11 12 1.85164
6 13 0 4 7 10 11 14 2.00294
6 13 0 4 7 10 12 14 1.93309
6 13 0 4 7 11 12 14 1.90693
6 13 0 4 8 9 10 11 2.52543
6 13 0 4 8 9 10 12 2.52543
6 13 0 4 8 9 10 14 2.58844
6 13 0 4 8 9 11 12 2.44949
6 13 0 4 8 9 11 14 2.52543
6 13 0 4 8 9 12 14 2.52543
6 13 0 4 8 10 11 12 2.44949
6 13 0 4 8 10 11 14 2.52543
6 13 0 4 8 10 12 14 2.52543
6 13 0 4 8 11 12 14 2.44949
6 13 0 4 9 10 11 12 2.52543
6 13 0 4 9 10 11 14 2.61406
6 13 0 4 9 10 12 14 2.58844
6 13 0 4 9 11 12 14 2.53722
6 13 0 4 10 11 12 14 2.52543
6 13 0 5 7 8 9 10 1.73205
6 13 0 5 7 8 9 11 1.62019
6 13 0 5 7 8 9 12 1.62019
6 13 0 5 7 8 9 14 1.73205
6 13 0 5 7 8 10 11 1.62019
6 13 0 5 7 8 10 12 1.62019
6 13 0 5 7 8 10 14 1.73205
6 13 0 5 7 8 11 12 1.41421
6 13 0 5 7 8 11 14 1.62019
6 13 0 5 7 8 12 14 1.62019
6 13 0 5 7 9 10 11 1.85164
6 13 0 5 7 9 10 12 1.73205
6 13 0 5 7 9 10 14 1.90693
6 13 0 5 7 9 11 12 1.93309
6 13 0 5 7 9 11 14 2
6 13 0 5 7 9 12 14 2
6 13 0 5 7 10 11 12 1.62019
6 13 0 5 7 10 11 14 1.85164
6 13 0 5 7 10 12 14 1.73205
6 13 0 5 7 11 12 14 1.81265
6 13 0 5 8 9 10 11 2.13664
6 13 0 5 8 9 10 12 2.13664
6 13 0 5 8 9 10 14 2.23607
6 13 0 5 8 9 11 12 2
6 13 0 5 8 9 11 14 2.13664
6 13 0 5 8 9 12 14 2.13664
6 13 0 5 8 10 11 12 2
6 13 0 5 8 10 11 14 2.13664
6 13 0 5 8 10 12 14 2.13664
6 13 0 5 8 11 12 14 2
6 13 0 5 9 10 11 12 2.13664
6 13 0 5 9 10 11 14 2.28709
6 13 0 5 9 10 12 14 2.23607
6 13 0 5 9 11 12 14 2.19089
6 13 0 5 10 11 12 14 2.13664
6 13 0 7 8 9 10 11 1.93309
6 13 0 7 8 9 10 12 1.93309
6 13 0 7 8 9 10 14 2
6 13 0 7 8 9 11 12 1.93309
6 13 0 7 8 9 11 14 2
6 13 0 7 8 9 12 14 2
6 13 0 7 8 10 11 12 1.85164
6 13 0 7 8 10 11 14 1.93309
6 13 0 7 8 10 12 14 1.93309
6 13 0 7 8 11 12 14 1.90693
6 13 0 7 9 10 11 12 1.93309
6 13 0 7 9 10 11 14 2.04939
6 13 0 7 9 10 12 14 2
6 13 0 7 9 11 12 14 2.10639
6 13 0 7 10 11 12 14 1.93309
6 13 0 8 9 10 11 12 2.52543
6 13 0 8 9 10 11 14 2.58844
6 13 0 8 9 10 12 14 2.58844
6 13 0 8 9 11 12 14 2.53722
6 13 0 8 10 11 12 14 2.52543
6 13 0 9 10 11 12 14 2.58844
6 13 1 2 3 4 5 7 1.41421
6 13 1 2 3 4 5 8 1
6 13 1 2 3 4 5 9 1.41421
6 13 1 2 3 4 5 10 0
6 13 1 2 3 4 5 11 1.41421
6 13 1 2 3 4 5 12 1.41421
6 13 1 2 3 4 5 14 1
6 13 1 2 3 4 7 8 1
6 13 1 2 3 4 7 9 1.41421
6 13 1 2 3 4 7 10 0
6 13 1 2 3 4 7 11 1.41421
6 13 1 2 3 4 7 12 1.41421
6 13 1 2 3 4 7 14 1
6 13 1 2 3 4 8 9 1
6 13 1 2 3 4 8 10 1
6 13 1 2 3 4 8 11 1
6 13 1 2 3 4 8 12 1
6 13 1 2 3 4 8 14 1
6 13 1 2 3 4 9 10 1
6 13 1 2 3 4 9 11 1.41421
6 13 1 2 3 4 9 12 1.41421
6 13 1 2 3 4 9 14 1
6 13 1 2 3 4 10 11 1
6 13 1 2 3 4 10 12 1
6 13 1 2 3 4 10 14 1
6 13 1 2 3 4 11 12 1.41421
6 13 1 2 3 4 11 14 1
6 13 1 2 3 4 12 14 1
6 13 1 2 3 5 7 8 1.41421
6 13 1 2 3 5 7 9 1.73205
6 13 1 2 3 5 7 10 0
6 13 1 2 3 5 7 11 1.73205
6 13 1 2 3 5 7 12 1.73205
6 13 1 2 3 5 7 14 1.41421
6 13 1 2 3 5 8 9 1.41421
6 13 1 2 3 5 8 10 0
6 13 1 2 3 5 8 11 1.41421
6 13 1 2 3 5 8 12 1.41421
6 13 1 2 3 5 8 14 1
6 13 1 2 3 5 9 10 0
6 13 1 2 3 5 9 11 1.73205
6 13 1 2 3 5 9 12 1.73205
6 13 1 2 3 5 9 14 1.41421
6 13 1 2 3 5 10 11 0
6 13 1 2 3 5 10 12 0
6 13 1 2 3 5 10 14 0
6 13 1 2 3 5 11 12 1.73205
6 13 1 2 3 5 11 14 1.41421
6 13 1 2 3 5 12 14 1.41421
6 13 1 2 3 7 8 9 1.62019
6 13 1 2 3 7 8 10 1
6 13 1 2 3 7 8 11 1.62019
6 13 1 2 3 7 8 12 1.62019
6 13 1 2 3 7 8 14 1.41421
6 13 1 2 3 7 9 10 1
6 13 1 2 3 7 9 11 1.85164
6 13 1 2 3 7 9 12 1.85164
6 13 1 2 3 7 9 14 1.62019
6 13 1 2 3 7 10 11 1
6 13 1 2 3 7 10 12 1
6 13 1 2 3 7 10 14 1
6 13 1 2 3 7 11 12 1.85164
6 13 1 2 3 7 11 14 1.62019
6 13 1 2 3 7 12 14 1.62019
6 13 1 2 3 8 9 10 1.41421
6 13 1 2 3 8 9 11 1.73205
6 13 1 2 3 8 9 12 1.73205
6 13 1 2 3 8 9 14 1.62019
6 13 1 2 3 8 10 11 1.41421
6 13 1 2 3 8 10 12 1.41421
6 13 1 2 3 8 10 14 1.41421
6 13 1 2 3 8 11 12 1.73205
6 13 1 2 3 8 11 14 1.62019
6 13 1 2 3 8 12 14 1.62019
6 13 1 2 3 9 10 11 1.41421
6 13 1 2 3 9 10 12 1.41421
6 13 1 2 3 9 10 14 1.41421
6 13 1 2 3 9 11 12 1.90693
6 13 1 2 3 9 11 14 1.73205
6 13 1 2 3 9 12 14 1.73205
6 13 1 2 3 10 11 12 1.41421
6 13 1 2 3 10 11 14 1.41421
6 13 1 2 3 10 12 14 1.41421
6 13 1 2 3 11 12 14 1.73205
6 13 1 2 4 5 7 8 1
6 13 1 2 4 5 7 9 1.41421
6 13 1 2 4 5 7 10 1
6 13 1 2 4 5 7 11 1.41421
6 13 1 2 4 5 7 12 1.41421
6 13 1 2 4 5 7 14 1
6 13 1 2 4 5 8 9 1.41421
6 13 1 2 4 5 8 10 1.41421
6 13 1 2 4 5 8 11 1
6 13 1 2 4 5 8 12 1.41421
6 13 1 2 4 5 8 14 1.41421
6 13 1 2 4 5 9 10 1.41421
6 13 1 2 4 5 9 11 1.41421
6 13 1 2 4 5 9 12 1.41421
6 13 1 2 4 5 9 14 1.41421
6 13 1 2 4 5 10 11 1
6 13 1 2 4 5 10 12 1.41421
6 13 1 2 4 5 10 14 1.41421
6 13 1 2 4 5 11 12 1.41421
6 13 1 2 4 5 11 14 1
6 13 1 2 4 5 12 14 1.41421
6 13 1 2 4 7 8 9 1
6 13 1 2 4 7 8 10 1
6 13 1 2 4 7 8 11 1
6 13 1 2 4 7 8 12 1
6 13 1 2 4 7 8 14 1
6 13 1 2 4 7 9 10 1
6 13 1 2 4 7 9 11 1.41421
6 13 1 2 4 7 9 12 1.41421
6 13 1 2 4 7 9 14 1
6 13 1 2 4 7 10 11 0
6 13 1 2 4 7 10 12 1
6 13 1 2 4 7 10 14 1
6 13 1 2 4 7 11 12 1.41421
6 13 1 2 4 7 11 14 1
6 13 1 2 4 7 12 14 1
6 13 1 2 4 8 9 10 1.62019
6 13 1 2 4 8 9 11 1.41421
6 13 1 2 4 8 9 12 1.62019
6 13 1 2 4 8 9 14 1.62019
6 13 1 2 4 8 10 11 1.41421
6 13 1 2 4 8 10 12 1.62019
6 13 1 2 4 8 10 14 1.62019
6 13 1 2 4 8 11 12 1.41421
6 13 1 2 4 8 11 14 1.41421
6 13 1 2 4 8 12 14 1.62019
6 13 1 2 4 9 10 11 1.41421
6 13 1 2 4 9 10 12 1.62019
6 13 1 2 4 9 10 14 1.62019
6 13 1 2 4 9 11 12 1.41421
6 13 1 2 4 9 11 14 1.41421
6 13 1 2 4 9 12 14 1.62019
6 13 1 2 4 10 11 12 1.41421
6 13 1 2 4 10 11 14 1.41421
6 13 1 2 4 10 12 14 1.62019
6 13 1 2 4 11 12 14 1.41421
6 13 1 2 5 7 8 9 1.41421
6 13 1 2 5 7 8 10 1
6 13 1 2 5 7 8 11 1.41421
6 13 1 2 5 7 8 12 1.41421
6 13 1 2 5 7 8 14 1
6 13 1 2 5 7 9 10 1
6 13 1 2 5 7 9 11 1.73205
6 13 1 2 5 7 9 12 1.73205
6 13 1 2 5 7 9 14 1.41421
6 13 1 2 5 7 10 11 0
6 13 1 2 5 7 10 12 1
6 13 1 2 5 7 10 14 1
6 13 1 2 5 7 11 12 1.73205
6 13 1 2 5 7 11 14 1.41421
6 13 1 2 5 7 12 14 1.41421
6 13 1 2 5 8 9 10 1.41421
6 13 1 2 5 8 9 11 1.41421
6 13 1 2 5 8 9 12 1.41421
6 13 1 2 5 8 9 14 1.41421
6 13 1 2 5 8 10 11 1
6 13 1 2 5 8 10 12 1.41421
6 13 1 2 5 8 10 14 1.41421
6 13 1 2 5 8 11 12 1.41421
6 13 1 2 5 8 11 14 1
6 13 1 2 5 8 12 14 1.41421
6 13 1 2 5 9 10 11 1
6 13 1 2 5 9 10 12 1.41421
6 13 1 2 5 9 10 14 1.41421
6 13 1 2 5 9 11 12 1.73205
6 13 1 2 5 9 11 14 1.41421
6 13 1 2 5 9 12 14 1.41421
6 13 1 2 5 10 11 12 1
6 13 1 2 5 10 11 14 1
6 13 1 2 5 10 12 14 1.41421
6 13 1 2 5 11 12 14 1.41421
6 13 1 2 7 8 9 10 1
6 13 1 2 7 8 9 11 1.62019
6 13 1 2 7 8 9 12 1.62019
6 13 1 2 7 8 9 14 1.41421
6 13 1 2 7 8 10 11 1
6 13 1 2 7 8 10 12 1
6 13 1 2 7 8 10 14 1
6 13 1 2 7 8 11 12 1.62019
6 13 1 2 7 8 11 14 1.41421
6 13 1 2 7 8 12 14 1.41421
6 13 1 2 7 9 10 11 1
6 13 1 2 7 9 10 12 1
6 13 1 2 7 9 10 14 1
6 13 1 2 7 9 11 12 1.85164
6 13 1 2 7 9 11 14 1.62019
6 13 1 2 7 9 12 14 1.62019
6 13 1 2 7 10 11 12 1
6 13 1 2 7 10 11 14 1
6 13 1 2 7 10 12 14 1
6 13 1 2 7 11 12 14 1.62019
6 13 1 2 8 9 10 11 1.62019
6 13 1 2 8 9 10 12 1.73205
6 13 1 2 8 9 10 14 1.73205
6 13 1 2 8 9 11 12 1.81265
6 13 1 2 8 9 11 14 1.73205
6 13 1 2 8 9 12 14 1.81265
6 13 1 2 8 10 11 12 1.62019
6 13 1 2 8 10 11 14 1.62019
6 13 1 2 8 10 12 14 1.73205
6 13 1 2 8 11 12 14 1.73205
6 13 1 2 9 10 11 12 1.62019
6 13 1 2 9 10 11 14 1.62019
6 13 1 2 9 10 12 14 1.73205
6 13 1 2 9 11 12 14 1.81265
6 13 1 2 10 11 12 14 1.62019
6 13 1 3 4 5 7 8 1
6 13 1 3 4 5 7 9 1.41421
6 13 1 3 4 5 7 10 0
6 13 1 3 4 5 7 11 1.41421
6 13 1 3 4 5 7 12 1.41421
6 13 1 3 4 5 7 14 1
6 13 1 3 4 5 8 9 1
6 13 1 3 4 5 8 10 0
6 13 1 3 4 5 8 11 1
6 13 1 3 4 5 8 12 1
6 13 1 3 4 5 8 14 0
6 13 1 3 4 5 9 10 0
6 13 1 3 4 5 9 11 1.41421
6 13 1 3 4 5 9 12 1.41421
6 13 1 3 4 5 9 14 1
6 13 1 3 4 5 10 11 0
6 13 1 3 4 5 10 12 0
6 13 1 3 4 5 10 14 0
6 13 1 3 4 5 11 12 1.41421
6 13 1 3 4 5 11 14 1
6 13 1 3 4 5 12 14 1
6 13 1 3 4 7 8 9 1
6 13 1 3 4 7 8 10 1
6 13 1 3 4 7 8 11 1
6 13 1 3 4 7 8 12 1
6 13 1 3 4 7 8 14 1
6 13 1 3 4 7 9 10 1
6 13 1 3 4 7 9 11 1.41421
6 13 1 3 4 7 9 12 1.41421
6 13 1 3 4 7 9 14 1
6 13 1 3 4 7 10 11 1
6 13 1 3 4 7 10 12 1
6 13 1 3 4 7 10 14 1
6 13 1 3 4 7 11 12 1.41421
6 13 1 3 4 7 11 14 1
6 13 1 3 4 7 12 14 1
6 13 1 3 4 8 9 10 1.41421
6 13 1 3 4 8 9 11 1.41421
6 13 1 3 4 8 9 12 1.41421
6 13 1 3 4 8 9 14 1.41421
6 13 1 3 4 8 10 11 1.41421
6 13 1 3 4 8 10 12 1.41421
6 13 1 3 4 8 10 14 1.41421
6 13 1 3 4 8 11 12 1.41421
6 13 1 3 4 8 11 14 1.41421
6 13 1 3 4 8 12 14 1.41421
6 13 1 3 4 9 10 11 1.41421
6 13 1 3 4 9 10 12 1.41421
6 13 1 3 4 9 10 14 1.41421
6 13 1 3 4 9 11 12 1.41421
6 13 1 3 4 9 11 14 1.41421
6 13 1 3 4 9 12 14 1.41421
6 13 1 3 4 10 11 12 1.41421
6 13 1 3 4 10 11 14 1.41421
6 13 1 3 4 10 12 14 1.41421
6 13 1 3 4 11 12 14 1.41421
6 13 1 3 5 7 8 9 1.41421
6 13 1 3 5 7 8 10 0
6 13 1 3 5 7 8 11 1.41421
6 13 1 3 5 7 8 12 1.41421
6 13 1 3 5 7 8 14 1
6 13 1 3 5 7 9 10 0
6 13 1 3 5 7 9 11 1.73205
6 13 1 3 5 7 9 12 1.73205
6 13 1 3 5 7 9 14 1.41421
6 13 1 3 5 7 10 11 0
6 13 1 3 5 7 10 12 0
6 13 1 3 5 7 10 14 0
6 13 1 3 5 7 11 12 1.73205
6 13 1 3 5 7 11 14 1.41421
6 13 1 3 5 7 12 14 1.41421
6 13 1 3 5 8 9 10 0
6 13 1 3 5 8 9 11 1.41421
6 13 1 3 5 8 9 12 1.41421
6 13 1 3 5 8 9 14 1
6 13 1 3 5 8 10 11 0
6 13 1 3 5 8 10 12 0
6 13 1 3 5 8 10 14 0
6 13 1 3 5 8 11 12 1.41421
6 13 1 3 5 8 11 14 1
6 13 1 3 5 8 12 14 1
6 13 1 3 5 9 10 11 0
6 13 1 3 5 9 10 12 0
6 13 1 3 5 9 10 14 0
6 13 1 3 5 9 11 12 1.73205
6 13 1 3 5 9 11 14 1.41421
6 13 1 3 5 9 12 14 1.41421
6 13 1 3 5 10 11 12 0
6 13 1 3 5 10 11 14 0
6 13 1 3 5 10 12 14 0
6 13 1 3 5 11 12 14 1.41421
6 13 1 3 7 8 9 10 1.41421
6 13 1 3 7 8 9 11 1.73205
6 13 1 3 7 8 9 12 1.73205
6 13 1 3 7 8 9 14 1.62019
6 13 1 3 7 8 10 11 1.41421
6 13 1 3 7 8 10 12 1.41421
6 13 1 3 7 8 10 14 1.41421
6 13 1 3 7 8 11 12 1.73205
6 13 1 3 7 8 11 14 1.62019
6 13 1 3 7 8 12 14 1.62019
6 13 1 3 7 9 10 11 1.41421
6 13 1 3 7 9 10 12 1.41421
6 13 1 3 7 9 10 14 1.41421
6 13 1 3 7 9 11 12 1.90693
6 13 1 3 7 9 11 14 1.73205
6 13 1 3 7 9 12 14 1.73205
6 13 1 3 7 10 11 12 1.41421
6 13 1 3 7 10 11 14 1.41421
6 13 1 3 7 10 12 14 1.41421
6 13 1 3 7 11 12 14 1.73205
6 13 1 3 8 9 10 11 1.73205
6 13 1 3 8 9 10 12 1.73205
6 13 1 3 8 9 10 14 1.73205
6 13 1 3 8 9 11 12 1.90693
6 13 1 3 8 9 11 14 1.85164
6 13 1 3 8 9 12 14 1.85164
6 13 1 3 8 10 11 12 1.73205
6 13 1 3 8 10 11 14 1.73205
6 13 1 3 8 10 12 14 1.73205
6 13 1 3 8 11 12 14 1.85164
6 13 1 3 9 10 11 12 1.73205
6 13 1 3 9 10 11 14 1.73205
6 13 1 3 9 10 12 14 1.73205
6 13 1 3 9 11 12 14 1.90693
6 13 1 3 10 11 12 14 1.73205
6 13 1 4 5 7 8 9 1.41421
6 13 1 4 5 7 8 10 1.41421
6 13 1 4 5 7 8 11 1
6 13 1 4 5 7 8 12 1.41421
6 13 1 4 5 7 8 14 1.41421
6 13 1 4 5 7 9 10 1.41421
6 13 1 4 5 7 9 11 1.41421
6 13 1 4 5 7 9 12 1.41421
6 13 1 4 5 7 9 14 1.41421
6 13 1 4 5 7 10 11 1
6 13 1 4 5 7 10 12 1.41421
6 13 1 4 5 7 10 14 1.41421
6 13 1 4 5 7 11 12 1.41421
6 13 1 4 5 7 11 14 1
6 13 1 4 5 7 12 14 1.41421
6 13 1 4 5 8 9 10 1.73205
6 13 1 4 5 8 9 11 1.41421
6 13 1 4 5 8 9 12 1.73205
6 13 1 4 5 8 9 14 1.73205
6 13 1 4 5 8 10 11 1.41421
6 13 1 4 5 8 10 12 1.73205
6 13 1 4 5 8 10 14 1.73205
6 13 1 4 5 8 11 12 1.41421
6 13 1 4 5 8 11 14 1.41421
6 13 1 4 5 8 12 14 1.73205
6 13 1 4 5 9 10 11 1.41421
6 13 1 4 5 9 10 12 1.73205
6 13 1 4 5 9 10 14 1.73205
6 13 1 4 5 9 11 12 1.41421
6 13 1 4 5 9 11 14 1.41421
6 13 1 4 5 9 12 14 1.73205
6 13 1 4 5 10 11 12 1.41421
6 13 1 4 5 10 11 14 1.41421
6 13 1 4 5 10 12 14 1.73205
6 13 1 4 5 11 12 14 1.41421
6 13 1 4 7 8 9 10 1.62019
6 13 1 4 7 8 9 11 1.41421
6 13 1 4 7 8 9 12 1.62019
6 13 1 4 7 8 9 14 1.62019
6 13 1 4 7 8 10 11 1.41421
6 13 1 4 7 8 10 12 1.62019
6 13 1 4 7 8 10 14 1.62019
6 13 1 4 7 8 11 12 1.41421
6 13 1 4 7 8 11 14 1.41421
6 13 1 4 7 8 12 14 1.62019
6 13 1 4 7 9 10 11 1.41421
6 13 1 4 7 9 10 12 1.62019
6 13 1 4 7 9 10 14 1.62019
6 13 1 4 7 9 11 12 1.41421
6 13 1 4 7 9 11 14 1.41421
6 13 1 4 7 9 12 14 1.62019
6 13 1 4 7 10 11 12 1.41421
6 13 1 4 7 10 11 14 1.41421
6 13 1 4 7 10 12 14 1.62019
6 13 1 4 7 11 12 14 1.41421
6 13 1 4 8 9 10 11 2
6 13 1 4 8 9 10 12 2.13664
6 13 1 4 8 9 10 14 2.13664
6 13 1 4 8 9 11 12 2
6 13 1 4 8 9 11 14 2
6 13 1 4 8 9 12 14 2.13664
6 13 1 4 8 10 11 12 2
6 13 1 4 8 10 11 14 2
6 13 1 4 8 10 12 14 2.13664
6 13 1 4 8 11 12 14 2
6 13 1 4 9 10 11 12 2
6 13 1 4 9 10 11 14 2
6 13 1 4 9 10 12 14 2.13664
6 13 1 4 9 11 12 14 2
6 13 1 4 10 11 12 14 2
6 13 1 5 7 8 9 10 1.41421
6 13 1 5 7 8 9 11 1.41421
6 13 1 5 7 8 9 12 1.41421
6 13 1 5 7 8 9 14 1.41421
6 13 1 5 7 8 10 11 1
6 13 1 5 7 8 10 12 1.41421
6 13 1 5 7 8 10 14 1.41421
6 13 1 5 7 8 11 12 1.41421
6 13 1 5 7 8 11 14 1
6 13 1 5 7 8 12 14 1.41421
6 13 1 5 7 9 10 11 1
6 13 1 5 7 9 10 12 1.41421
6 13 1 5 7 9 10 14 1.41421
6 13 1 5 7 9 11 12 1.73205
6 13 1 5 7 9 11 14 1.41421
6 13 1 5 7 9 12 14 1.41421
6 13 1 5 7 10 11 12 1
6 13 1 5 7 10 11 14 1
6 13 1 5 7 10 12 14 1.41421
6 13 1 5 7 11 12 14 1.41421
6 13 1 5 8 9 10 11 1.41421
6 13 1 5 8 9 10 12 1.73205
6 13 1 5 8 9 10 14 1.73205
6 13 1 5 8 9 11 12 1.41421
6 13 1 5 8 9 11 14 1.41421
6 13 1 5 8 9 12 14 1.73205
6 13 1 5 8 10 11 12 1.41421
6 13 1 5 8 10 11 14 1.41421
6 13 1 5 8 10 12 14 1.73205
6 13 1 5 8 11 12 14 1.41421
6 13 1 5 9 10 11 12 1.41421
6 13 1 5 9 10 11 14 1.41421
6 13 1 5 9 10 12 14 1.73205
6 13 1 5 9 11 12 14 1.41421
6 13 1 5 10 11 12 14 1.41421
6 13 1 7 8 9 10 11 1.62019
6 13 1 7 8 9 10 12 1.73205
6 13 1 7 8 9 10 14 1.73205
6 13 1 7 8 9 11 12 1.81265
6 13 1 7 8 9 11 14 1.73205
6 13 1 7 8 9 12 14 1.81265
6 13 1 7 8 10 11 12 1.62019
6 13 1 7 8 10 11 14 1.62019
6 13 1 7 8 10 12 14 1.73205
6 13 1 7 8 11 12 14 1.73205
6 13 1 7 9 10 11 12 1.62019
6 13 1 7 9 10 11 14 1.62019
6 13 1 7 9 10 12 14 1.73205
6 13 1 7 9 11 12 14 1.81265
6 13 1 7 10 11 12 14 1.62019
6 13 1 8 9 10 11 12 2.13664
6 13 1 8 9 10 11 14 2.13664
6 13 1 8 9 10 12 14 2.23607
6 13 1 8 9 11 12 14 2.16025
6 13 1 8 10 11 12 14 2.13664
6 13 1 9 10 11 12 14 2.13664
6 13 2 3 4 5 7 8 1
6 13 2 3 4 5 7 9 1.73205
6 13 2 3 4 5 7 10 1.41421
6 13 2 3 4 5 7 11 1.73205
6 13 2 3 4 5 7 12 1.62019
6 13 2 3 4 5 7 14 1.62019
6 13 2 3 4 5 8 9 1.41421
6 13 2 3 4 5 8 10 1.41421
6 13 2 3 4 5 8 11 1.41421
6 13 2 3 4 5 8 12 1
6 13 2 3 4 5 8 14 1.41421
6 13 2 3 4 5 9 10 1.73205
6 13 2 3 4 5 9 11 1.90693
6 13 2 3 4 5 9 12 1.73205
6 13 2 3 4 5 9 14 1.85164
6 13 2 3 4 5 10 11 1.73205
6 13 2 3 4 5 10 12 1.41421
6 13 2 3 4 5 10 14 1.73205
6 13 2 3 4 5 11 12 1.73205
6 13 2 3 4 5 11 14 1.85164
6 13 2 3 4 5 12 14 1.62019
6 13 2 3 4 7 8 9 1
6 13 2 3 4 7 8 10 1
6 13 2 3 4 7 8 11 1
6 13 2 3 4 7 8 12 1
6 13 2 3 4 7 8 14 1
6 13 2 3 4 7 9 10 1.41421
6 13 2 3 4 7 9 11 1.73205
6 13 2 3 4 7 9 12 1.62019
6 13 2 3 4 7 9 14 1.62019
6 13 2 3 4 7 10 11 1.41421
6 13 2 3 4 7 10 12 1
6 13 2 3 4 7 10 14 1.41421
6 13 2 3 4 7 11 12 1.62019
6 13 2 3 4 7 11 14 1.62019
6 13 2 3 4 7 12 14 1.41421
6 13 2 3 4 8 9 10 1.62019
6 13 2 3 4 8 9 11 1.62019
6 13 2 3 4 8 9 12 1.41421
6 13 2 3 4 8 9 14 1.62019
6 13 2 3 4 8 10 11 1.62019
6 13 2 3 4 8 10 12 1.41421
6 13 2 3 4 8 10 14 1.62019
6 13 2 3 4 8 11 12 1.41421
6 13 2 3 4 8 11 14 1.62019
6 13 2 3 4 8 12 14 1.41421
6 13 2 3 4 9 10 11 1.85164
6 13 2 3 4 9 10 12 1.62019
6 13 2 3 4 9 10 14 1.85164
6 13 2 3 4 9 11 12 1.81265
6 13 2 3 4 9 11 14 1.93309
6 13 2 3 4 9 12 14 1.73205
6 13 2 3 4 10 11 12 1.62019
6 13 2 3 4 10 11 14 1.85164
6 13 2 3 4 10 12 14 1.62019
6 13 2 3 4 11 12 14 1.73205
6 13 2 3 5 7 8 9 1.41421
6 13 2 3 5 7 8 10 1
6 13 2 3 5 7 8 11 1.41421
6 13 2 3 5 7 8 12 1.41421
6 13 2 3 5 7 8 14 1
6 13 2 3 5 7 9 10 1.41421
6 13 2 3 5 7 9 11 1.90693
6 13 2 3 5 7 9 12 1.85164
6 13 2 3 5 7 9 14 1.73205
6 13 2 3 5 7 10 11 1.41421
6 13 2 3 5 7 10 12 1
6 13 2 3 5 7 10 14 1.41421
6 13 2 3 5 7 11 12 1.85164
6 13 2 3 5 7 11 14 1.73205
6 13 2 3 5 7 12 14 1.62019
6 13 2 3 5 8 9 10 1.41421
6 13 2 3 5 8 9 11 1.41421
6 13 2 3 5 8 9 12 1.41421
6 13 2 3 5 8 9 14 1.41421
6 13 2 3 5 8 10 11 1.41421
6 13 2 3 5 8 10 12 1
6 13 2 3 5 8 10 14 1.41421
6 13 2 3 5 8 11 12 1.41421
6 13 2 3 5 8 11 14 1.41421
6 13 2 3 5 8 12 14 1
6 13 2 3 5 9 10 11 1.73205
6 13 2 3 5 9 10 12 1.41421
6 13 2 3 5 9 10 14 1.73205
6 13 2 3 5 9 11 12 1.90693
6 13 2 3 5 9 11 14 1.90693
6 13 2 3 5 9 12 14 1.73205
6 13 2 3 5 10 11 12 1.41421
6 13 2 3 5 10 11 14 1.73205
6 13 2 3 5 10 12 14 1.41421
6 13 2 3 5 11 12 14 1.73205
6 13 2 3 7 8 9 10 1
6 13 2 3 7 8 9 11 1.62019
6 13 2 3 7 8 9 12 1.62019
6 13 2 3 7 8 9 14 1.41421
6 13 2 3 7 8 10 11 1
6 13 2 3 7 8 10 12 1
6 13 2 3 7 8 10 14 1
6 13 2 3 7 8 11 12 1.62019
6 13 2 3 7 8 11 14 1.41421
6 13 2 3 7 8 12 14 1.41421
6 13 2 3 7 9 10 11 1.41421
6 13 2 3 7 9 10 12 1
6 13 2 3 7 9 10 14 1.41421
6 13 2 3 7 9 11 12 1.93309
6 13 2 3 7 9 11 14 1.81265
6 13 2 3 7 9 12 14 1.73205
6 13 2 3 7 10 11 12 1
6 13 2 3 7 10 11 14 1.41421
6 13 2 3 7 10 12 14 1
6 13 2 3 7 11 12 14 1.73205
6 13 2 3 8 9 10 11 1.73205
6 13 2 3 8 9 10 12 1.62019
6 13 2 3 8 9 10 14 1.73205
6 13 2 3 8 9 11 12 1.81265
6 13 2 3 8 9 11 14 1.81265
6 13 2 3 8 9 12 14 1.73205
6 13 2 3 8 10 11 12 1.62019
6 13 2 3 8 10 11 14 1.73205
6 13 2 3 8 10 12 14 1.62019
6 13 2 3 8 11 12 14 1.73205
6 13 2 3 9 10 11 12 1.73205
6 13 2 3 9 10 11 14 1.90693
6 13 2 3 9 10 12 14 1.73205
6 13 2 3 9 11 12 14 2
6 13 2 3 10 11 12 14 1.73205
6 13 2 4 5 7 8 9 1
6 13 2 4 5 7 8 10 1
6 13 2 4 5 7 8 11 1
6 13 2 4 5 7 8 12 1
6 13 2 4 5 7 8 14 1
6 13 2 4 5 7 9 10 1.41421
6 13 2 4 5 7 9 11 1.73205
6 13 2 4 5 7 9 12 1.62019
6 13 2 4 5 7 9 14 1.62019
6 13 2 4 5 7 10 11 1.41421
6 13 2 4 5 7 10 12 1
6 13 2 4 5 7 10 14 1.41421
6 13 2 4 5 7 11 12 1.62019
6 13 2 4 5 7 11 14 1.62019
6 13 2 4 5 7 12 14 1.41421
6 13 2 4 5 8 9 10 1.73205
6 13 2 4 5 8 9 11 1.62019
6 13 2 4 5 8 9 12 1.62019
6 13 2 4 5 8 9 14 1.73205
6 13 2 4 5 8 10 11 1.62019
6 13 2 4 5 8 10 12 1.62019
6 13 2 4 5 8 10 14 1.73205
6 13 2 4 5 8 11 12 1.41421
6 13 2 4 5 8 11 14 1.62019
6 13 2 4 5 8 12 14 1.62019
6 13 2 4 5 9 10 11 1.85164
6 13 2 4 5 9 10 12 1.73205
6 13 2 4 5 9 10 14 1.90693
6 13 2 4 5 9 11 12 1.81265
6 13 2 4 5 9 11 14 1.93309
6 13 2 4 5 9 12 14 1.81265
6 13 2 4 5 10 11 12 1.62019
6 13 2 4 5 10 11 14 1.85164
6 13 2 4 5 10 12 14 1.73205
6 13 2 4 5 11 12 14 1.73205
6 13 2 4 7 8 9 10 1
6 13 2 4 7 8 9 11 1
6 13 2 4 7 8 9 12 1
6 13 2 4 7 8 9 14 1
6 13 2 4 7 8 10 11 1
6 13 2 4 7 8 10 12 1
6 13 2 4 7 8 10 14 1
6 13 2 4 7 8 11 12 1
6 13 2 4 7 8 11 14 1
6 13 2 4 7 8 12 14 1
6 13 2 4 7 9 10 11 1.41421
6 13 2 4 7 9 10 12 1
6 13 2 4 7 9 10 14 1.41421
6 13 2 4 7 9 11 12 1.62019
6 13 2 4 7 9 11 14 1.62019
6 13 2 4 7 9 12 14 1.41421
6 13 2 4 7 10 11 12 1
6 13 2 4 7 10 11 14 1.41421
6 13 2 4 7 10 12 14 1
6 13 2 4 7 11 12 14 1.41421
6 13 2 4 8 9 10 11 1.85164
6 13 2 4 8 9 10 12 1.85164
6 13 2 4 8 9 10 14 1.93309
6 13 2 4 8 9 11 12 1.73205
6 13 2 4 8 9 11 14 1.85164
6 13 2 4 8 9 12 14 1.85164
6 13 2 4 8 10 11 12 1.73205
6 13 2 4 8 10 11 14 1.85164
6 13 2 4 8 10 12 14 1.85164
6 13 2 4 8 11 12 14 1.73205
6 13 2 4 9 10 11 12 1.85164
6 13 2 4 9 10 11 14 2.00294
6 13 2 4 9 10 12 14 1.93309
6 13 2 4 9 11 12 14 1.90693
6 13 2 4 10 11 12 14 1.85164
6 13 2 5 7 8 9 10 1
6 13 2 5 7 8 9 11 1.41421
6 13 2 5 7 8 9 12 1.41421
6 13 2 5 7 8 9 14 1
6 13 2 5 7 8 10 11 1
6 13 2 5 7 8 10 12 1
6 13 2 5 7 8 10 14 1
6 13 2 5 7 8 11 12 1.41421
6 13 2 5 7 8 11 14 1
6 13 2 5 7 8 12 14 1
6 13 2 5 7 9 10 11 1.41421
6 13 2 5 7 9 10 12 1
6 13 2 5 7 9 10 14 1.41421
6 13 2 5 7 9 11 12 1.85164
6 13 2 5 7 9 11 14 1.73205
6 13 2 5 7 9 12 14 1.62019
6 13 2 5 7 10 11 12 1
6 13 2 5 7 10 11 14 1.41421
6 13 2 5 7 10 12 14 1
6 13 2 5 7 11 12 14 1.62019
6 13 2 5 8 9 10 11 1.62019
6 13 2 5 8 9 10 12 1.62019
6 13 2 5 8 9 10 14 1.73205
6 13 2 5 8 9 11 12 1.41421
6 13 2 5 8 9 11 14 1.62019
6 13 2 5 8 9 12 14 1.62019
6 13 2 5 8 10 11 12 1.41421
6 13 2 5 8 10 11 14 1.62019
6 13 2 5 8 10 12 14 1.62019
6 13 2 5 8 11 12 14 1.41421
6 13 2 5 9 10 11 12 1.62019
6 13 2 5 9 10 11 14 1.85164
6 13 2 5 9 10 12 14 1.73205
6 13 2 5 9 11 12 14 1.81265
6 13 2 5 10 11 12 14 1.62019
6 13 2 7 8 9 10 11 1
6 13 2 7 8 9 10 12 1
6 13 2 7 8 9 10 14 1
6 13 2 7 8 9 11 12 1.62019
6 13 2 7 8 9 11 14 1.41421
6 13 2 7 8 9 12 14 1.41421
6 13 2 7 8 10 11 12 1
6 13 2 7 8 10 11 14 1
6 13 2 7 8 10 12 14 1
6 13 2 7 8 11 12 14 1.41421
6 13 2 7 9 10 11 12 1
6 13 2 7 9 10 11 14 1.41421
6 13 2 7 9 10 12 14 1
6 13 2 7 9 11 12 14 1.73205
6 13 2 7 10 11 12 14 1
6 13 2 8 9 10 11 12 1.85164
6 13 2 8 9 10 11 14 1.93309
6 13 2 8 9 10 12 14 1.93309
6 13 2 8 9 11 12 14 1.90693
6 13 2 8 10 11 12 14 1.85164
6 13 2 9 10 11 12 14 1.93309
6 13 3 4 5 7 8 9 1.41421
6 13 3 4 5 7 8 10 1.41421
6 13 3 4 5 7 8 11 1.41421
6 13 3 4 5 7 8 12 1
6 13 3 4 5 7 8 14 1.41421
6 13 3 4 5 7 9 10 1.73205
6 13 3 4 5 7 9 11 1.90693
6 13 3 4 5 7 9 12 1.73205
6 13 3 4 5 7 9 14 1.85164
6 13 3 4 5 7 10 11 1.73205
6 13 3 4 5 7 10 12 1.41421
6 13 3 4 5 7 10 14 1.73205
6 13 3 4 5 7 11 12 1.73205
6 13 3 4 5 7 11 14 1.85164
6 13 3 4 5 7 12 14 1.62019
6 13 3 4 5 8 9 10 1.73205
6 13 3 4 5 8 9 11 1.73205
6 13 3 4 5 8 9 12 1.41421
6 13 3 4 5 8 9 14 1.73205
6 13 3 4 5 8 10 11 1.73205
6 13 3 4 5 8 10 12 1.41421
6 13 3 4 5 8 10 14 1.73205
6 13 3 4 5 8 11 12 1.41421
6 13 3 4 5 8 11 14 1.73205
6 13 3 4 5 8 12 14 1.41421
6 13 3 4 5 9 10 11 2
6 13 3 4 5 9 10 12 1.73205
6 13 3 4 5 9 10 14 2
6 13 3 4 5 9 11 12 1.90693
6 13 3 4 5 9 11 14 2.07802
6 13 3 4 5 9 12 14 1.85164
6 13 3 4 5 10 11 12 1.73205
6 13 3 4 5 10 11 14 2
6 13 3 4 5 10 12 14 1.73205
6 13 3 4 5 11 12 14 1.85164
6 13 3 4 7 8 9 10 1.62019
6 13 3 4 7 8 9 11 1.62019
6 13 3 4 7 8 9 12 1.41421
6 13 3 4 7 8 9 14 1.62019
6 13 3 4 7 8 10 11 1.62019
6 13 3 4 7 8 10 12 1.41421
6 13 3 4 7 8 10 14 1.62019
6 13 3 4 7 8 11 12 1.41421
6 13 3 4 7 8 11 14 1.62019
6 13 3 4 7 8 12 14 1.41421
6 13 3 4 7 9 10 11 1.85164
6 13 3 4 7 9 10 12 1.62019
6 13 3 4 7 9 10 14 1.85164
6 13 3 4 7 9 11 12 1.81265
6 13 3 4 7 9 11 14 1.93309
6 13 3 4 7 9 12 14 1.73205
6 13 3 4 7 10 11 12 1.62019
6 13 3 4 7 10 11 14 1.85164
6 13 3 4 7 10 12 14 1.62019
6 13 3 4 7 11 12 14 1.73205
6 13 3 4 8 9 10 11 2.13664
6 13 3 4 8 9 10 12 2
6 13 3 4 8 9 10 14 2.13664
6 13 3 4 8 9 11 12 2
6 13 3 4 8 9 11 14 2.13664
6 13 3 4 8 9 12 14 2
6 13 3 4 8 10 11 12 2
6 13 3 4 8 10 11 14 2.13664
6 13 3 4 8 10 12 14 2
6 13 3 4 8 11 12 14 2
6 13 3 4 9 10 11 12 2.13664
6 13 3 4 9 10 11 14 2.28709
6 13 3 4 9 10 12 14 2.13664
6 13 3 4 9 11 12 14 2.16025
6 13 3 4 10 11 12 14 2.13664
6 13 3 5 7 8 9 10 1.41421
6 13 3 5 7 8 9 11 1.41421
6 13 3 5 7 8 9 12 1.41421
6 13 3 5 7 8 9 14 1.41421
6 13 3 5 7 8 10 11 1.41421
6 13 3 5 7 8 10 12 1
6 13 3 5 7 8 10 14 1.41421
6 13 3 5 7 8 11 12 1.41421
6 13 3 5 7 8 11 14 1.41421
6 13 3 5 7 8 12 14 1
6 13 3 5 7 9 10 11 1.73205
6 13 3 5 7 9 10 12 1.41421
6 13 3 5 7 9 10 14 1.73205
6 13 3 5 7 9 11 12 1.90693
6 13 3 5 7 9 11 14 1.90693
6 13 3 5 7 9 12 14 1.73205
6 13 3 5 7 10 11 12 1.41421
6 13 3 5 7 10 11 14 1.73205
6 13 3 5 7 10 12 14 1.41421
6 13 3 5 7 11 12 14 1.73205
6 13 3 5 8 9 10 11 1.73205
6 13 3 5 8 9 10 12 1.41421
6 13 3 5 8 9 10 14 1.73205
6 13 3 5 8 9 11 12 1.41421
6 13 3 5 8 9 11 14 1.73205
6 13 3 5 8 9 12 14 1.41421
6 13 3 5 8 10 11 12 1.41421
6 13 3 5 8 10 11 14 1.73205
6 13 3 5 8 10 12 14 1.41421
6 13 3 5 8 11 12 14 1.41421
6 13 3 5 9 10 11 12 1.73205
6 13 3 5 9 10 11 14 2
6 13 3 5 9 10 12 14 1.73205
6 13 3 5 9 11 12 14 1.90693
6 13 3 5 10 11 12 14 1.73205
6 13 3 7 8 9 10 11 1.73205
6 13 3 7 8 9 10 12 1.62019
6 13 3 7 8 9 10 14 1.73205
6 13 3 7 8 9 11 12 1.81265
6 13 3 7 8 9 11 14 1.81265
6 13 3 7 8 9 12 14 1.73205
6 13 3 7 8 10 11 12 1.62019
6 13 3 7 8 10 11 14 1.73205
6 13 3 7 8 10 12 14 1.62019
6 13 3 7 8 11 12 14 1.73205
6 13 3 7 9 10 11 12 1.73205
6 13 3 7 9 10 11 14 1.90693
6 13 3 7 9 10 12 14 1.73205
6 13 3 7 9 11 12 14 2
6 13 3 7 10 11 12 14 1.73205
6 13 3 8 9 10 11 12 2.13664
6 13 3 8 9 10 11 14 2.23607
6 13 3 8 9 10 12 14 2.13664
6 13 3 8 9 11 12 14 2.16025
6 13 3 8 10 11 12 14 2.13664
6 13 3 9 10 11 12 14 2.23607
6 13 4 5 7 8 9 10 1.73205
6 13 4 5 7 8 9 11 1.62019
6 13 4 5 7 8 9 12 1.62019
6 13 4 5 7 8 9 14 1.73205
6 13 4 5 7 8 10 11 1.62019
6 13 4 5 7 8 10 12 1.62019
6 13 4 5 7 8 10 14 1.73205
6 13 4 5 7 8 11 12 1.41421
6 13 4 5 7 8 11 14 1.62019
6 13 4 5 7 8 12 14 1.62019
6 13 4 5 7 9 10 11 1.85164
6 13 4 5 7 9 10 12 1.73205
6 13 4 5 7 9 10 14 1.90693
6 13 4 5 7 9 11 12 1.81265
6 13 4 5 7 9 11 14 1.93309
6 13 4 5 7 9 12 14 1.81265
6 13 4 5 7 10 11 12 1.62019
6 13 4 5 7 10 11 14 1.85164
6 13 4 5 7 10 12 14 1.73205
6 13 4 5 7 11 12 14 1.73205
6 13 4 5 8 9 10 11 2.13664
6 13 4 5 8 9 10 12 2.13664
6 13 4 5 8 9 10 14 2.23607
6 13 4 5 8 9 11 12 2
6 13 4 5 8 9 11 14 2.13664
6 13 4 5 8 9 12 14 2.13664
6 13 4 5 8 10 11 12 2
6 13 4 5 8 10 11 14 2.13664
6 13 4 5 8 10 12 14 2.13664
6 13 4 5 8 11 12 14 2
6 13 4 5 9 10 11 12 2.13664
6 13 4 5 9 10 11 14 2.28709
6 13 4 5 9 10 12 14 2.23607
6 13 4 5 9 11 12 14 2.16025
6 13 4 5 10 11 12 14 2.13664
6 13 4 7 8 9 10 11 1.85164
6 13 4 7 8 9 10 12 1.85164
6 13 4 7 8 9 10 14 1.93309
6 13 4 7 8 9 11 12 1.73205
6 13 4 7 8 9 11 14 1.85164
6 13 4 7 8 9 12 14 1.85164
6 13 4 7 8 10 11 12 1.73205
6 13 4 7 8 10 11 14 1.85164
6 13 4 7 8 10 12 14 1.85164
6 13 4 7 8 11 12 14 1.73205
6 13 4 7 9 10 11 12 1.85164
6 13 4 7 9 10 11 14 2.00294
6 13 4 7 9 10 12 14 1.93309
6 13 4 7 9 11 12 14 1.90693
6 13 4 7 10 11 12 14 1.85164
6 13 4 8 9 10 11 12 2.44949
6 13 4 8 9 10 11 14 2.52543
6 13 4 8 9 10 12 14 2.52543
6 13 4 8 9 11 12 14 2.44949
6 13 4 8 10 11 12 14 2.44949
6 13 4 9 10 11 12 14 2.52543
6 13 5 7 8 9 10 11 1.62019
6 13 5 7 8 9 10 12 1.62019
6 13 5 7 8 9 10 14 1.73205
6 13 5 7 8 9 11 12 1.41421
6 13 5 7 8 9 11 14 1.62019
6 13 5 7 8 9 12 14 1.62019
6 13 5 7 8 10 11 12 1.41421
6 13 5 7 8 10 11 14 1.62019
6 13 5 7 8 10 12 14 1.62019
6 13 5 7 8 11 12 14 1.41421
6 13 5 7 9 10 11 12 1.62019
6 13 5 7 9 10 11 14 1.85164
6 13 5 7 9 10 12 14 1.73205
6 13 5 7 9 11 12 14 1.81265
6 13 5 7 10 11 12 14 1.62019
6 13 5 8 9 10 11 12 2
6 13 5 8 9 10 11 14 2.13664
6 13 5 8 9 10 12 14 2.13664
6 13 5 8 9 11 12 14 2
6 13 5 8 10 11 12 14 2
6 13 5 9 10 11 12 14 2.13664
6 13 7 8 9 10 11 12 1.85164
6 13 7 8 9 10 11 14 1.93309
6 13 7 8 9 10 12 14 1.93309
6 13 7 8 9 11 12 14 1.90693
6 13 7 8 10 11 12 14 1.85164
6 13 7 9 10 11 12 14 1.93309
6 13 8 9 10 11 12 14 2.52543
