1 13 0 2 1.97531
1 13 0 3 2
1 13 0 4 2.19089
1 13 0 5 1.90693
1 13 0 6 2.44949
1 13 0 7 1.97531
1 13 0 8 2.38048
1 13 0 9 2.44949
1 13 0 10 2.28446
1 13 0 11 2.23607
1 13 0 12 2.44949
1 13 0 14 2.38048
1 13 2 3 1.90693
1 13 2 4 1.81265
1 13 2 5 1.73205
1 13 2 6 1.96214
1 13 2 7 1.85164
1 13 2 8 2
1 13 2 9 1.96769
1 13 2 10 2
1 13 2 11 1.93309
1 13 2 12 1.97531
1 13 2 14 2
1 13 3 4 1.41421
1 13 3 5 1.73205
1 13 3 6 2
1 13 3 7 1.90693
1 13 3 8 1.90693
1 13 3 9 2
1 13 3 10 1.73205
1 13 3 11 2
1 13 3 12 2
1 13 3 14 1.90693
1 13 4 5 1.90693
1 13 4 6 2.13664
1 13 4 7 1.81265
1 13 4 8 2.19089
1 13 4 9 2.16025
1 13 4 10 2.19089
1 13 4 11 2
1 13 4 12 2.19089
1 13 4 14 2.19089
1 13 5 6 1.73205
1 13 5 7 1.73205
1 13 5 8 1.90693
1 13 5 9 1.85164
1 13 5 10 1.90693
1 13 5 11 1.73205
1 13 5 12 1.90693
1 13 5 14 1.90693
1 13 6 7 1.96214
1 13 6 8 2.28446
1 13 6 9 2.44949
1 13 6 10 2.23607
1 13 6 11 2.23607
1 13 6 12 2.44949
1 13 6 14 2.28446
1 13 7 8 2
1 13 7 9 1.96769
1 13 7 10 2
1 13 7 11 1.93309
1 13 7 12 1.97531
1 13 7 14 2
1 13 8 9 2.3094
1 13 8 10 2.28446
1 13 8 11 2.19089
1 13 8 12 2.38048
1 13 8 14 2.3094
1 13 9 10 2.26385
1 13 9 11 2.23607
1 13 9 12 2.44949
1 13 9 14 2.3094
1 13 10 11 2.13664
1 13 10 12 2.28446
1 13 10 14 2.28446
1 13 11 12 2.23607
1 13 11 14 2.19089
1 13 12 14 2.38048
