1 13 0 2 3 1.90693
1 13 0 2 4 1.81265
1 13 0 2 5 1.73205
1 13 0 2 6 1.96214
1 13 0 2 7 1.85164
1 13 0 2 8 2
1 13 0 2 9 1.96769
1 13 0 2 10 2
1 13 0 2 11 1.93309
1 13 0 2 12 1.97531
1 13 0 2 14 2
1 13 0 3 4 1.41421
1 13 0 3 5 1.73205
1 13 0 3 6 2
1 13 0 3 7 1.90693
1 13 0 3 8 1.90693
1 13 0 3 9 2
1 13 0 3 10 1.73205
1 13 0 3 11 2
1 13 0 3 12 2
1 13 0 3 14 1.90693
1 13 0 4 5 1.90693
1 13 0 4 6 2.13664
1 13 0 4 7 1.81265
1 13 0 4 8 2.19089
1 13 0 4 9 2.16025
1 13 0 4 10 2.19089
1 13 0 4 11 2
1 13 0 4 12 2.19089
1 13 0 4 14 2.19089
1 13 0 5 6 1.73205
1 13 0 5 7 1.73205
1 13 0 5 8 1.90693
1 13 0 5 9 1.85164
1 13 0 5 10 1.90693
1 13 0 5 11 1.73205
1 13 0 5 12 1.90693
1 13 0 5 14 1.90693
1 13 0 6 7 1.96214
1 13 0 6 8 2.28446
1 13 0 6 9 2.44949
1 13 0 6 10 2.23607
1 13 0 6 11 2.23607
1 13 0 6 12 2.44949
1 13 0 6 14 2.28446
1 13 0 7 8 2
1 13 0 7 9 1.96769
1 13 0 7 10 2
1 13 0 7 11 1.93309
1 13 0 7 12 1.97531
1 13 0 7 14 2
1 13 0 8 9 2.3094
1 13 0 8 10 2.28446
1 13 0 8 11 2.19089
1 13 0 8 12 2.38048
1 13 0 8 14 2.3094
1 13 0 9 10 2.26385
1 13 0 9 11 2.23607
1 13 0 9 12 2.44949
1 13 0 9 14 2.3094
1 13 0 10 11 2.13664
1 13 0 10 12 2.28446
1 13 0 10 14 2.28446
1 13 0 11 12 2.23607
1 13 0 11 14 2.19089
1 13 0 12 14 2.38048
1 13 2 3 4 1.41421
1 13 2 3 5 1.73205
1 13 2 3 6 1.90693
1 13 2 3 7 1.85164
1 13 2 3 8 1.73205
1 13 2 3 9 1.90693
1 13 2 3 10 1.41421
1 13 2 3 11 1.90693
1 13 2 3 12 1.90693
1 13 2 3 14 1.73205
1 13 2 4 5 1.73205
1 13 2 4 6 1.62019
1 13 2 4 7 1.62019
1 13 2 4 8 1.81265
1 13 2 4 9 1.73205
1 13 2 4 10 1.81265
1 13 2 4 11 1.41421
1 13 2 4 12 1.81265
1 13 2 4 14 1.81265
1 13 2 5 6 1.73205
1 13 2 5 7 1.73205
1 13 2 5 8 1.73205
1 13 2 5 9 1.73205
1 13 2 5 10 1.73205
1 13 2 5 11 1.73205
1 13 2 5 12 1.73205
1 13 2 5 14 1.73205
1 13 2 6 7 1.85164
1 13 2 6 8 2
1 13 2 6 9 1.96214
1 13 2 6 10 1.73205
1 13 2 6 11 1.93309
1 13 2 6 12 1.96214
1 13 2 6 14 2
1 13 2 7 8 1.62019
1 13 2 7 9 1.85164
1 13 2 7 10 1.62019
1 13 2 7 11 1.85164
1 13 2 7 12 1.85164
1 13 2 7 14 1.62019
1 13 2 8 9 2
1 13 2 8 10 2
1 13 2 8 11 1.81265
1 13 2 8 12 2
1 13 2 8 14 2
1 13 2 9 10 1.81265
1 13 2 9 11 1.93309
1 13 2 9 12 1.96769
1 13 2 9 14 2
1 13 2 10 11 1.62019
1 13 2 10 12 2
1 13 2 10 14 2
1 13 2 11 12 1.93309
1 13 2 11 14 1.81265
1 13 2 12 14 2
1 13 3 4 5 1.41421
1 13 3 4 6 1.41421
1 13 3 4 7 1.41421
1 13 3 4 8 1.41421
1 13 3 4 9 1.41421
1 13 3 4 10 1.41421
1 13 3 4 11 1.41421
1 13 3 4 12 1.41421
1 13 3 4 14 1.41421
1 13 3 5 6 1.73205
1 13 3 5 7 1.73205
1 13 3 5 8 1.41421
1 13 3 5 9 1.73205
1 13 3 5 10 1.41421
1 13 3 5 11 1.73205
1 13 3 5 12 1.73205
1 13 3 5 14 1.41421
1 13 3 6 7 1.90693
1 13 3 6 8 1.90693
1 13 3 6 9 2
1 13 3 6 10 1.73205
1 13 3 6 11 2
1 13 3 6 12 2
1 13 3 6 14 1.90693
1 13 3 7 8 1.73205
1 13 3 7 9 1.90693
1 13 3 7 10 1.41421
1 13 3 7 11 1.90693
1 13 3 7 12 1.90693
1 13 3 7 14 1.73205
1 13 3 8 9 1.90693
1 13 3 8 10 1.73205
1 13 3 8 11 1.90693
1 13 3 8 12 1.90693
1 13 3 8 14 1.85164
1 13 3 9 10 1.73205
1 13 3 9 11 2
1 13 3 9 12 2
1 13 3 9 14 1.90693
1 13 3 10 11 1.73205
1 13 3 10 12 1.73205
1 13 3 10 14 1.73205
1 13 3 11 12 2
1 13 3 11 14 1.90693
1 13 3 12 14 1.90693
1 13 4 5 6 1.73205
1 13 4 5 7 1.73205
1 13 4 5 8 1.90693
1 13 4 5 9 1.85164
1 13 4 5 10 1.90693
1 13 4 5 11 1.41421
1 13 4 5 12 1.90693
1 13 4 5 14 1.90693
1 13 4 6 7 1.62019
1 13 4 6 8 2.13664
1 13 4 6 9 2.13664
1 13 4 6 10 2.13664
1 13 4 6 11 2
1 13 4 6 12 2.13664
1 13 4 6 14 2.13664
1 13 4 7 8 1.81265
1 13 4 7 9 1.73205
1 13 4 7 10 1.81265
1 13 4 7 11 1.41421
1 13 4 7 12 1.81265
1 13 4 7 14 1.81265
1 13 4 8 9 2.16025
1 13 4 8 10 2.19089
1 13 4 8 11 2
1 13 4 8 12 2.19089
1 13 4 8 14 2.19089
1 13 4 9 10 2.16025
1 13 4 9 11 2
1 13 4 9 12 2.16025
1 13 4 9 14 2.16025
1 13 4 10 11 2
1 13 4 10 12 2.19089
1 13 4 10 14 2.19089
1 13 4 11 12 2
1 13 4 11 14 2
1 13 4 12 14 2.19089
1 13 5 6 7 1.73205
1 13 5 6 8 1.73205
1 13 5 6 9 1.73205
1 13 5 6 10 1.73205
1 13 5 6 11 1.73205
1 13 5 6 12 1.73205
1 13 5 6 14 1.73205
1 13 5 7 8 1.73205
1 13 5 7 9 1.73205
1 13 5 7 10 1.73205
1 13 5 7 11 1.73205
1 13 5 7 12 1.73205
1 13 5 7 14 1.73205
1 13 5 8 9 1.85164
1 13 5 8 10 1.90693
1 13 5 8 11 1.41421
1 13 5 8 12 1.90693
1 13 5 8 14 1.90693
1 13 5 9 10 1.85164
1 13 5 9 11 1.73205
1 13 5 9 12 1.85164
1 13 5 9 14 1.85164
1 13 5 10 11 1.41421
1 13 5 10 12 1.90693
1 13 5 10 14 1.90693
1 13 5 11 12 1.73205
1 13 5 11 14 1.41421
1 13 5 12 14 1.90693
1 13 6 7 8 2
1 13 6 7 9 1.96214
1 13 6 7 10 1.73205
1 13 6 7 11 1.93309
1 13 6 7 12 1.96214
1 13 6 7 14 2
1 13 6 8 9 2.28446
1 13 6 8 10 2.23607
1 13 6 8 11 2.19089
1 13 6 8 12 2.28446
1 13 6 8 14 2.26385
1 13 6 9 10 2.23607
1 13 6 9 11 2.23607
1 13 6 9 12 2.44949
1 13 6 9 14 2.28446
1 13 6 10 11 2.13664
1 13 6 10 12 2.23607
1 13 6 10 14 2.23607
1 13 6 11 12 2.23607
1 13 6 11 14 2.19089
1 13 6 12 14 2.28446
1 13 7 8 9 2
1 13 7 8 10 2
1 13 7 8 11 1.81265
1 13 7 8 12 2
1 13 7 8 14 2
1 13 7 9 10 1.81265
1 13 7 9 11 1.93309
1 13 7 9 12 1.96769
1 13 7 9 14 2
1 13 7 10 11 1.62019
1 13 7 10 12 2
1 13 7 10 14 2
1 13 7 11 12 1.93309
1 13 7 11 14 1.81265
1 13 7 12 14 2
1 13 8 9 10 2.26385
1 13 8 9 11 2.19089
1 13 8 9 12 2.3094
1 13 8 9 14 2.3094
1 13 8 10 11 2.13664
1 13 8 10 12 2.28446
1 13 8 10 14 2.28446
1 13 8 11 12 2.19089
1 13 8 11 14 2.16025
1 13 8 12 14 2.3094
1 13 9 10 11 2.13664
1 13 9 10 12 2.26385
1 13 9 10 14 2.26385
1 13 9 11 12 2.23607
1 13 9 11 14 2.19089
1 13 9 12 14 2.3094
1 13 10 11 12 2.13664
1 13 10 11 14 2.13664
1 13 10 12 14 2.28446
1 13 11 12 14 2.19089
