8 14 0 1 2.3094
8 14 0 2 2.1557
8 14 0 3 2.37697
8 14 0 4 2.68408
8 14 0 5 2.389
8 14 0 6 2.72172
8 14 0 7 2.1557
8 14 0 9 2.7338
8 14 0 10 2.7314
8 14 0 11 2.67435
8 14 0 12 2.67706
8 14 0 13 2.67706
8 14 1 2 2
8 14 1 3 1.85164
8 14 1 4 2.19089
8 14 1 5 1.90693
8 14 1 6 2.26385
8 14 1 7 2
8 14 1 9 2.3094
8 14 1 10 2.28446
8 14 1 11 2.16025
8 14 1 12 2.3094
8 14 1 13 2.3094
8 14 2 3 2
8 14 2 4 2.14154
8 14 2 5 2.02367
8 14 2 6 2.15322
8 14 2 7 1.62019
8 14 2 9 2.1643
8 14 2 10 2.1693
8 14 2 11 2.16025
8 14 2 12 2.10442
8 14 2 13 2.08167
8 14 3 4 2.32266
8 14 3 5 2.07802
8 14 3 6 2.40662
8 14 3 7 2
8 14 3 9 2.40662
8 14 3 10 2.39046
8 14 3 11 2.40662
8 14 3 12 2.3094
8 14 3 13 2.26385
8 14 4 5 2.42507
8 14 4 6 2.68164
8 14 4 7 2.14154
8 14 4 9 2.69077
8 14 4 10 2.69472
8 14 4 11 2.62216
8 14 4 12 2.62912
8 14 4 13 2.64575
8 14 5 6 2.39046
8 14 5 7 2.02367
8 14 5 9 2.40662
8 14 5 10 2.42507
8 14 5 11 2.32266
8 14 5 12 2.3094
8 14 5 13 2.28446
8 14 6 7 2.15322
8 14 6 9 2.73139
8 14 6 10 2.72185
8 14 6 11 2.69077
8 14 6 12 2.67842
8 14 6 13 2.66288
8 14 7 9 2.1643
8 14 7 10 2.1693
8 14 7 11 2.16025
8 14 7 12 2.10442
8 14 7 13 2.08167
8 14 9 10 2.73139
8 14 9 11 2.69077
8 14 9 12 2.67814
8 14 9 13 2.67842
8 14 10 11 2.68164
8 14 10 12 2.67706
8 14 10 13 2.65417
8 14 11 12 2.61861
8 14 11 13 2.60419
8 14 12 13 2.62912
