3 11 0 1 2
3 11 0 2 2.27913
3 11 0 4 2.49313
3 11 0 5 2.32279
3 11 0 6 2.60641
3 11 0 7 2.27913
3 11 0 8 2.389
3 11 0 9 2.60641
3 11 0 10 2.49516
3 11 0 12 2.50333
3 11 0 13 2.50333
3 11 0 14 2.58404
3 11 1 2 1.90693
3 11 1 4 1.41421
3 11 1 5 1.73205
3 11 1 6 2
3 11 1 7 1.90693
3 11 1 8 1.90693
3 11 1 9 2
3 11 1 10 1.73205
3 11 1 12 2
3 11 1 13 2
3 11 1 14 1.90693
3 11 2 4 2.23607
3 11 2 5 2.19034
3 11 2 6 2.326
3 11 2 7 2.08167
3 11 2 8 2.02367
3 11 2 9 2.326
3 11 2 10 2.16556
3 11 2 12 2.20605
3 11 2 13 2.16025
3 11 2 14 2.27837
3 11 4 5 2.35584
3 11 4 6 2.53859
3 11 4 7 2.23607
3 11 4 8 2.32266
3 11 4 9 2.53859
3 11 4 10 2.48193
3 11 4 12 2.36827
3 11 4 13 2.33699
3 11 4 14 2.50805
3 11 5 6 2.37
3 11 5 7 2.19034
3 11 5 8 2.07802
3 11 5 9 2.37
3 11 5 10 2.29129
3 11 5 12 2.19034
3 11 5 13 2.15297
3 11 5 14 2.35584
3 11 6 7 2.326
3 11 6 8 2.42507
3 11 6 9 2.63095
3 11 6 10 2.52678
3 11 6 12 2.51916
3 11 6 13 2.50333
3 11 6 14 2.60951
3 11 7 8 2.02367
3 11 7 9 2.326
3 11 7 10 2.16556
3 11 7 12 2.20605
3 11 7 13 2.16025
3 11 7 14 2.27837
3 11 8 9 2.42507
3 11 8 10 2.39046
3 11 8 12 2.3094
3 11 8 13 2.28446
3 11 8 14 2.40662
3 11 9 10 2.52678
3 11 9 12 2.51916
3 11 9 13 2.50333
3 11 9 14 2.60951
3 11 10 12 2.39046
3 11 10 13 2.35488
3 11 10 14 2.52678
3 11 12 13 2.44949
3 11 12 14 2.5
3 11 13 14 2.46311
