3 11 0 1 2 4 5 1.41421
3 11 0 1 2 4 6 1.41421
3 11 0 1 2 4 7 1.41421
3 11 0 1 2 4 8 1
3 11 0 1 2 4 9 1.41421
3 11 0 1 2 4 10 1
3 11 0 1 2 4 12 1.41421
3 11 0 1 2 4 13 1.41421
3 11 0 1 2 4 14 1
3 11 0 1 2 5 6 1.73205
3 11 0 1 2 5 7 1.73205
3 11 0 1 2 5 8 1.41421
3 11 0 1 2 5 9 1.73205
3 11 0 1 2 5 10 1
3 11 0 1 2 5 12 1.73205
3 11 0 1 2 5 13 1.73205
3 11 0 1 2 5 14 1.41421
3 11 0 1 2 6 7 1.85164
3 11 0 1 2 6 8 1.73205
3 11 0 1 2 6 9 1.90693
3 11 0 1 2 6 10 1.41421
3 11 0 1 2 6 12 1.90693
3 11 0 1 2 6 13 1.90693
3 11 0 1 2 6 14 1.73205
3 11 0 1 2 7 8 1.62019
3 11 0 1 2 7 9 1.85164
3 11 0 1 2 7 10 1
3 11 0 1 2 7 12 1.85164
3 11 0 1 2 7 13 1.85164
3 11 0 1 2 7 14 1.62019
3 11 0 1 2 8 9 1.73205
3 11 0 1 2 8 10 1.41421
3 11 0 1 2 8 12 1.73205
3 11 0 1 2 8 13 1.73205
3 11 0 1 2 8 14 1.62019
3 11 0 1 2 9 10 1.41421
3 11 0 1 2 9 12 1.90693
3 11 0 1 2 9 13 1.90693
3 11 0 1 2 9 14 1.73205
3 11 0 1 2 10 12 1.41421
3 11 0 1 2 10 13 1.41421
3 11 0 1 2 10 14 1.41421
3 11 0 1 2 12 13 1.90693
3 11 0 1 2 12 14 1.73205
3 11 0 1 2 13 14 1.73205
3 11 0 1 4 5 6 1.41421
3 11 0 1 4 5 7 1.41421
3 11 0 1 4 5 8 1
3 11 0 1 4 5 9 1.41421
3 11 0 1 4 5 10 1
3 11 0 1 4 5 12 1.41421
3 11 0 1 4 5 13 1.41421
3 11 0 1 4 5 14 1
3 11 0 1 4 6 7 1.41421
3 11 0 1 4 6 8 1.41421
3 11 0 1 4 6 9 1.41421
3 11 0 1 4 6 10 1.41421
3 11 0 1 4 6 12 1.41421
3 11 0 1 4 6 13 1.41421
3 11 0 1 4 6 14 1.41421
3 11 0 1 4 7 8 1
3 11 0 1 4 7 9 1.41421
3 11 0 1 4 7 10 1
3 11 0 1 4 7 12 1.41421
3 11 0 1 4 7 13 1.41421
3 11 0 1 4 7 14 1
3 11 0 1 4 8 9 1.41421
3 11 0 1 4 8 10 1.41421
3 11 0 1 4 8 12 1.41421
3 11 0 1 4 8 13 1.41421
3 11 0 1 4 8 14 1.41421
3 11 0 1 4 9 10 1.41421
3 11 0 1 4 9 12 1.41421
3 11 0 1 4 9 13 1.41421
3 11 0 1 4 9 14 1.41421
3 11 0 1 4 10 12 1.41421
3 11 0 1 4 10 13 1.41421
3 11 0 1 4 10 14 1.41421
3 11 0 1 4 12 13 1.41421
3 11 0 1 4 12 14 1.41421
3 11 0 1 4 13 14 1.41421
3 11 0 1 5 6 7 1.73205
3 11 0 1 5 6 8 1.41421
3 11 0 1 5 6 9 1.73205
3 11 0 1 5 6 10 0
3 11 0 1 5 6 12 1.73205
3 11 0 1 5 6 13 1.73205
3 11 0 1 5 6 14 1.41421
3 11 0 1 5 7 8 1.41421
3 11 0 1 5 7 9 1.73205
3 11 0 1 5 7 10 1
3 11 0 1 5 7 12 1.73205
3 11 0 1 5 7 13 1.73205
3 11 0 1 5 7 14 1.41421
3 11 0 1 5 8 9 1.41421
3 11 0 1 5 8 10 1
3 11 0 1 5 8 12 1.41421
3 11 0 1 5 8 13 1.41421
3 11 0 1 5 8 14 1
3 11 0 1 5 9 10 0
3 11 0 1 5 9 12 1.73205
3 11 0 1 5 9 13 1.73205
3 11 0 1 5 9 14 1.41421
3 11 0 1 5 10 12 1
3 11 0 1 5 10 13 1
3 11 0 1 5 10 14 1
3 11 0 1 5 12 13 1.73205
3 11 0 1 5 12 14 1.41421
3 11 0 1 5 13 14 1.41421
3 11 0 1 6 7 8 1.73205
3 11 0 1 6 7 9 1.90693
3 11 0 1 6 7 10 1.41421
3 11 0 1 6 7 12 1.90693
3 11 0 1 6 7 13 1.90693
3 11 0 1 6 7 14 1.73205
3 11 0 1 6 8 9 1.90693
3 11 0 1 6 8 10 1.73205
3 11 0 1 6 8 12 1.90693
3 11 0 1 6 8 13 1.90693
3 11 0 1 6 8 14 1.85164
3 11 0 1 6 9 10 1.73205
3 11 0 1 6 9 12 2
3 11 0 1 6 9 13 2
3 11 0 1 6 9 14 1.90693
3 11 0 1 6 10 12 1.73205
3 11 0 1 6 10 13 1.73205
3 11 0 1 6 10 14 1.73205
3 11 0 1 6 12 13 2
3 11 0 1 6 12 14 1.90693
3 11 0 1 6 13 14 1.90693
3 11 0 1 7 8 9 1.73205
3 11 0 1 7 8 10 1.41421
3 11 0 1 7 8 12 1.73205
3 11 0 1 7 8 13 1.73205
3 11 0 1 7 8 14 1.62019
3 11 0 1 7 9 10 1.41421
3 11 0 1 7 9 12 1.90693
3 11 0 1 7 9 13 1.90693
3 11 0 1 7 9 14 1.73205
3 11 0 1 7 10 12 1.41421
3 11 0 1 7 10 13 1.41421
3 11 0 1 7 10 14 1.41421
3 11 0 1 7 12 13 1.90693
3 11 0 1 7 12 14 1.73205
3 11 0 1 7 13 14 1.73205
3 11 0 1 8 9 10 1.73205
3 11 0 1 8 9 12 1.90693
3 11 0 1 8 9 13 1.90693
3 11 0 1 8 9 14 1.85164
3 11 0 1 8 10 12 1.73205
3 11 0 1 8 10 13 1.73205
3 11 0 1 8 10 14 1.73205
3 11 0 1 8 12 13 1.90693
3 11 0 1 8 12 14 1.85164
3 11 0 1 8 13 14 1.85164
3 11 0 1 9 10 12 1.73205
3 11 0 1 9 10 13 1.73205
3 11 0 1 9 10 14 1.73205
3 11 0 1 9 12 13 2
3 11 0 1 9 12 14 1.90693
3 11 0 1 9 13 14 1.90693
3 11 0 1 10 12 13 1.73205
3 11 0 1 10 12 14 1.73205
3 11 0 1 10 13 14 1.73205
3 11 0 1 12 13 14 1.90693
3 11 0 2 4 5 6 2.10357
3 11 0 2 4 5 7 1.90693
3 11 0 2 4 5 8 1.73205
3 11 0 2 4 5 9 2.10357
3 11 0 2 4 5 10 2
3 11 0 2 4 5 12 1.90693
3 11 0 2 4 5 13 1.90693
3 11 0 2 4 5 14 2.07802
3 11 0 2 4 6 7 1.90693
3 11 0 2 4 6 8 1.85164
3 11 0 2 4 6 9 2.16556
3 11 0 2 4 6 10 2.07802
3 11 0 2 4 6 12 2
3 11 0 2 4 6 13 2
3 11 0 2 4 6 14 2.13809
3 11 0 2 4 7 8 1.41421
3 11 0 2 4 7 9 1.90693
3 11 0 2 4 7 10 1.73205
3 11 0 2 4 7 12 1.73205
3 11 0 2 4 7 13 1.73205
3 11 0 2 4 7 14 1.85164
3 11 0 2 4 8 9 1.85164
3 11 0 2 4 8 10 1.85164
3 11 0 2 4 8 12 1.62019
3 11 0 2 4 8 13 1.62019
3 11 0 2 4 8 14 1.85164
3 11 0 2 4 9 10 2.07802
3 11 0 2 4 9 12 2
3 11 0 2 4 9 13 2
3 11 0 2 4 9 14 2.13809
3 11 0 2 4 10 12 1.85164
3 11 0 2 4 10 13 1.85164
3 11 0 2 4 10 14 2.07802
3 11 0 2 4 12 13 1.81265
3 11 0 2 4 12 14 1.93309
3 11 0 2 4 13 14 1.93309
3 11 0 2 5 6 7 2
3 11 0 2 5 6 8 1.73205
3 11 0 2 5 6 9 2.15297
3 11 0 2 5 6 10 2
3 11 0 2 5 6 12 2
3 11 0 2 5 6 13 2
3 11 0 2 5 6 14 2.10357
3 11 0 2 5 7 8 1.41421
3 11 0 2 5 7 9 2
3 11 0 2 5 7 10 1.73205
3 11 0 2 5 7 12 1.90693
3 11 0 2 5 7 13 1.90693
3 11 0 2 5 7 14 1.90693
3 11 0 2 5 8 9 1.73205
3 11 0 2 5 8 10 1.73205
3 11 0 2 5 8 12 1.41421
3 11 0 2 5 8 13 1.41421
3 11 0 2 5 8 14 1.73205
3 11 0 2 5 9 10 2
3 11 0 2 5 9 12 2
3 11 0 2 5 9 13 2
3 11 0 2 5 9 14 2.10357
3 11 0 2 5 10 12 1.73205
3 11 0 2 5 10 13 1.73205
3 11 0 2 5 10 14 2
3 11 0 2 5 12 13 1.90693
3 11 0 2 5 12 14 1.90693
3 11 0 2 5 13 14 1.90693
3 11 0 2 6 7 8 1.62019
3 11 0 2 6 7 9 2.04939
3 11 0 2 6 7 10 1.73205
3 11 0 2 6 7 12 2
3 11 0 2 6 7 13 2
3 11 0 2 6 7 14 1.93309
3 11 0 2 6 8 9 1.96214
3 11 0 2 6 8 10 1.90693
3 11 0 2 6 8 12 2
3 11 0 2 6 8 13 2
3 11 0 2 6 8 14 1.93309
3 11 0 2 6 9 10 2.10357
3 11 0 2 6 9 12 2.16025
3 11 0 2 6 9 13 2.16025
3 11 0 2 6 9 14 2.24038
3 11 0 2 6 10 12 1.90693
3 11 0 2 6 10 13 1.90693
3 11 0 2 6 10 14 2.10357
3 11 0 2 6 12 13 2.10639
3 11 0 2 6 12 14 2.10639
3 11 0 2 6 13 14 2.10639
3 11 0 2 7 8 9 1.62019
3 11 0 2 7 8 10 1.41421
3 11 0 2 7 8 12 1.62019
3 11 0 2 7 8 13 1.62019
3 11 0 2 7 8 14 1.41421
3 11 0 2 7 9 10 1.73205
3 11 0 2 7 9 12 2
3 11 0 2 7 9 13 2
3 11 0 2 7 9 14 1.93309
3 11 0 2 7 10 12 1.41421
3 11 0 2 7 10 13 1.41421
3 11 0 2 7 10 14 1.73205
3 11 0 2 7 12 13 1.93309
3 11 0 2 7 12 14 1.81265
3 11 0 2 7 13 14 1.81265
3 11 0 2 8 9 10 1.90693
3 11 0 2 8 9 12 2
3 11 0 2 8 9 13 2
3 11 0 2 8 9 14 1.93309
3 11 0 2 8 10 12 1.73205
3 11 0 2 8 10 13 1.73205
3 11 0 2 8 10 14 1.90693
3 11 0 2 8 12 13 1.81265
3 11 0 2 8 12 14 1.81265
3 11 0 2 8 13 14 1.81265
3 11 0 2 9 10 12 1.90693
3 11 0 2 9 10 13 1.90693
3 11 0 2 9 10 14 2.10357
3 11 0 2 9 12 13 2.10639
3 11 0 2 9 12 14 2.10639
3 11 0 2 9 13 14 2.10639
3 11 0 2 10 12 13 1.73205
3 11 0 2 10 12 14 1.90693
3 11 0 2 10 13 14 1.90693
3 11 0 2 12 13 14 2
3 11 0 4 5 6 7 2.10357
3 11 0 4 5 6 8 2
3 11 0 4 5 6 9 2.29907
3 11 0 4 5 6 10 2.23607
3 11 0 4 5 6 12 2.10357
3 11 0 4 5 6 13 2.10357
3 11 0 4 5 6 14 2.29129
3 11 0 4 5 7 8 1.73205
3 11 0 4 5 7 9 2.10357
3 11 0 4 5 7 10 2
3 11 0 4 5 7 12 1.90693
3 11 0 4 5 7 13 1.90693
3 11 0 4 5 7 14 2.07802
3 11 0 4 5 8 9 2
3 11 0 4 5 8 10 2
3 11 0 4 5 8 12 1.73205
3 11 0 4 5 8 13 1.73205
3 11 0 4 5 8 14 2
3 11 0 4 5 9 10 2.23607
3 11 0 4 5 9 12 2.10357
3 11 0 4 5 9 13 2.10357
3 11 0 4 5 9 14 2.29129
3 11 0 4 5 10 12 2
3 11 0 4 5 10 13 2
3 11 0 4 5 10 14 2.23607
3 11 0 4 5 12 13 1.90693
3 11 0 4 5 12 14 2.07802
3 11 0 4 5 13 14 2.07802
3 11 0 4 6 7 8 1.85164
3 11 0 4 6 7 9 2.16556
3 11 0 4 6 7 10 2.07802
3 11 0 4 6 7 12 2
3 11 0 4 6 7 13 2
3 11 0 4 6 7 14 2.13809
3 11 0 4 6 8 9 2.28709
3 11 0 4 6 8 10 2.28709
3 11 0 4 6 8 12 2.13664
3 11 0 4 6 8 13 2.13664
3 11 0 4 6 8 14 2.28709
3 11 0 4 6 9 10 2.44831
3 11 0 4 6 9 12 2.33699
3 11 0 4 6 9 13 2.33699
3 11 0 4 6 9 14 2.48193
3 11 0 4 6 10 12 2.28709
3 11 0 4 6 10 13 2.28709
3 11 0 4 6 10 14 2.44831
3 11 0 4 6 12 13 2.19089
3 11 0 4 6 12 14 2.32266
3 11 0 4 6 13 14 2.32266
3 11 0 4 7 8 9 1.85164
3 11 0 4 7 8 10 1.85164
3 11 0 4 7 8 12 1.62019
3 11 0 4 7 8 13 1.62019
3 11 0 4 7 8 14 1.85164
3 11 0 4 7 9 10 2.07802
3 11 0 4 7 9 12 2
3 11 0 4 7 9 13 2
3 11 0 4 7 9 14 2.13809
3 11 0 4 7 10 12 1.85164
3 11 0 4 7 10 13 1.85164
3 11 0 4 7 10 14 2.07802
3 11 0 4 7 12 13 1.81265
3 11 0 4 7 12 14 1.93309
3 11 0 4 7 13 14 1.93309
3 11 0 4 8 9 10 2.28709
3 11 0 4 8 9 12 2.13664
3 11 0 4 8 9 13 2.13664
3 11 0 4 8 9 14 2.28709
3 11 0 4 8 10 12 2.13664
3 11 0 4 8 10 13 2.13664
3 11 0 4 8 10 14 2.28709
3 11 0 4 8 12 13 2
3 11 0 4 8 12 14 2.13664
3 11 0 4 8 13 14 2.13664
3 11 0 4 9 10 12 2.28709
3 11 0 4 9 10 13 2.28709
3 11 0 4 9 10 14 2.44831
3 11 0 4 9 12 13 2.19089
3 11 0 4 9 12 14 2.32266
3 11 0 4 9 13 14 2.32266
3 11 0 4 10 12 13 2.13664
3 11 0 4 10 12 14 2.28709
3 11 0 4 10 13 14 2.28709
3 11 0 4 12 13 14 2.16025
3 11 0 5 6 7 8 1.73205
3 11 0 5 6 7 9 2.15297
3 11 0 5 6 7 10 2
3 11 0 5 6 7 12 2
3 11 0 5 6 7 13 2
3 11 0 5 6 7 14 2.10357
3 11 0 5 6 8 9 2
3 11 0 5 6 8 10 2
3 11 0 5 6 8 12 1.73205
3 11 0 5 6 8 13 1.73205
3 11 0 5 6 8 14 2
3 11 0 5 6 9 10 2.23607
3 11 0 5 6 9 12 2.15297
3 11 0 5 6 9 13 2.15297
3 11 0 5 6 9 14 2.29907
3 11 0 5 6 10 12 2
3 11 0 5 6 10 13 2
3 11 0 5 6 10 14 2.23607
3 11 0 5 6 12 13 2
3 11 0 5 6 12 14 2.10357
3 11 0 5 6 13 14 2.10357
3 11 0 5 7 8 9 1.73205
3 11 0 5 7 8 10 1.73205
3 11 0 5 7 8 12 1.41421
3 11 0 5 7 8 13 1.41421
3 11 0 5 7 8 14 1.73205
3 11 0 5 7 9 10 2
3 11 0 5 7 9 12 2
3 11 0 5 7 9 13 2
3 11 0 5 7 9 14 2.10357
3 11 0 5 7 10 12 1.73205
3 11 0 5 7 10 13 1.73205
3 11 0 5 7 10 14 2
3 11 0 5 7 12 13 1.90693
3 11 0 5 7 12 14 1.90693
3 11 0 5 7 13 14 1.90693
3 11 0 5 8 9 10 2
3 11 0 5 8 9 12 1.73205
3 11 0 5 8 9 13 1.73205
3 11 0 5 8 9 14 2
3 11 0 5 8 10 12 1.73205
3 11 0 5 8 10 13 1.73205
3 11 0 5 8 10 14 2
3 11 0 5 8 12 13 1.41421
3 11 0 5 8 12 14 1.73205
3 11 0 5 8 13 14 1.73205
3 11 0 5 9 10 12 2
3 11 0 5 9 10 13 2
3 11 0 5 9 10 14 2.23607
3 11 0 5 9 12 13 2
3 11 0 5 9 12 14 2.10357
3 11 0 5 9 13 14 2.10357
3 11 0 5 10 12 13 1.73205
3 11 0 5 10 12 14 2
3 11 0 5 10 13 14 2
3 11 0 5 12 13 14 1.90693
3 11 0 6 7 8 9 1.96214
3 11 0 6 7 8 10 1.90693
3 11 0 6 7 8 12 2
3 11 0 6 7 8 13 2
3 11 0 6 7 8 14 1.93309
3 11 0 6 7 9 10 2.10357
3 11 0 6 7 9 12 2.16025
3 11 0 6 7 9 13 2.16025
3 11 0 6 7 9 14 2.24038
3 11 0 6 7 10 12 1.90693
3 11 0 6 7 10 13 1.90693
3 11 0 6 7 10 14 2.10357
3 11 0 6 7 12 13 2.10639
3 11 0 6 7 12 14 2.10639
3 11 0 6 7 13 14 2.10639
3 11 0 6 8 9 10 2.35488
3 11 0 6 8 9 12 2.28446
3 11 0 6 8 9 13 2.28446
3 11 0 6 8 9 14 2.37697
3 11 0 6 8 10 12 2.23607
3 11 0 6 8 10 13 2.23607
3 11 0 6 8 10 14 2.35488
3 11 0 6 8 12 13 2.19089
3 11 0 6 8 12 14 2.26385
3 11 0 6 8 13 14 2.26385
3 11 0 6 9 10 12 2.35488
3 11 0 6 9 10 13 2.35488
3 11 0 6 9 10 14 2.49516
3 11 0 6 9 12 13 2.44949
3 11 0 6 9 12 14 2.46311
3 11 0 6 9 13 14 2.46311
3 11 0 6 10 12 13 2.23607
3 11 0 6 10 12 14 2.35488
3 11 0 6 10 13 14 2.35488
3 11 0 6 12 13 14 2.38048
3 11 0 7 8 9 10 1.90693
3 11 0 7 8 9 12 2
3 11 0 7 8 9 13 2
3 11 0 7 8 9 14 1.93309
3 11 0 7 8 10 12 1.73205
3 11 0 7 8 10 13 1.73205
3 11 0 7 8 10 14 1.90693
3 11 0 7 8 12 13 1.81265
3 11 0 7 8 12 14 1.81265
3 11 0 7 8 13 14 1.81265
3 11 0 7 9 10 12 1.90693
3 11 0 7 9 10 13 1.90693
3 11 0 7 9 10 14 2.10357
3 11 0 7 9 12 13 2.10639
3 11 0 7 9 12 14 2.10639
3 11 0 7 9 13 14 2.10639
3 11 0 7 10 12 13 1.73205
3 11 0 7 10 12 14 1.90693
3 11 0 7 10 13 14 1.90693
3 11 0 7 12 13 14 2
3 11 0 8 9 10 12 2.23607
3 11 0 8 9 10 13 2.23607
3 11 0 8 9 10 14 2.35488
3 11 0 8 9 12 13 2.19089
3 11 0 8 9 12 14 2.26385
3 11 0 8 9 13 14 2.26385
3 11 0 8 10 12 13 2.13664
3 11 0 8 10 12 14 2.23607
3 11 0 8 10 13 14 2.23607
3 11 0 8 12 13 14 2.16025
3 11 0 9 10 12 13 2.23607
3 11 0 9 10 12 14 2.35488
3 11 0 9 10 13 14 2.35488
3 11 0 9 12 13 14 2.38048
3 11 0 10 12 13 14 2.23607
3 11 1 2 4 5 6 1.41421
3 11 1 2 4 5 7 1.41421
3 11 1 2 4 5 8 1
3 11 1 2 4 5 9 1.41421
3 11 1 2 4 5 10 1
3 11 1 2 4 5 12 1.41421
3 11 1 2 4 5 13 1.41421
3 11 1 2 4 5 14 1
3 11 1 2 4 6 7 1.41421
3 11 1 2 4 6 8 1
3 11 1 2 4 6 9 1.41421
3 11 1 2 4 6 10 1
3 11 1 2 4 6 12 1.41421
3 11 1 2 4 6 13 1.41421
3 11 1 2 4 6 14 1
3 11 1 2 4 7 8 1
3 11 1 2 4 7 9 1.41421
3 11 1 2 4 7 10 1
3 11 1 2 4 7 12 1.41421
3 11 1 2 4 7 13 1.41421
3 11 1 2 4 7 14 1
3 11 1 2 4 8 9 1
3 11 1 2 4 8 10 1
3 11 1 2 4 8 12 1
3 11 1 2 4 8 13 1
3 11 1 2 4 8 14 1
3 11 1 2 4 9 10 1
3 11 1 2 4 9 12 1.41421
3 11 1 2 4 9 13 1.41421
3 11 1 2 4 9 14 1
3 11 1 2 4 10 12 1
3 11 1 2 4 10 13 1
3 11 1 2 4 10 14 1
3 11 1 2 4 12 13 1.41421
3 11 1 2 4 12 14 1
3 11 1 2 4 13 14 1
3 11 1 2 5 6 7 1.73205
3 11 1 2 5 6 8 1.41421
3 11 1 2 5 6 9 1.73205
3 11 1 2 5 6 10 1
3 11 1 2 5 6 12 1.73205
3 11 1 2 5 6 13 1.73205
3 11 1 2 5 6 14 1.41421
3 11 1 2 5 7 8 1.41421
3 11 1 2 5 7 9 1.73205
3 11 1 2 5 7 10 1
3 11 1 2 5 7 12 1.73205
3 11 1 2 5 7 13 1.73205
3 11 1 2 5 7 14 1.41421
3 11 1 2 5 8 9 1.41421
3 11 1 2 5 8 10 1
3 11 1 2 5 8 12 1.41421
3 11 1 2 5 8 13 1.41421
3 11 1 2 5 8 14 1
3 11 1 2 5 9 10 1
3 11 1 2 5 9 12 1.73205
3 11 1 2 5 9 13 1.73205
3 11 1 2 5 9 14 1.41421
3 11 1 2 5 10 12 1
3 11 1 2 5 10 13 1
3 11 1 2 5 10 14 1
3 11 1 2 5 12 13 1.73205
3 11 1 2 5 12 14 1.41421
3 11 1 2 5 13 14 1.41421
3 11 1 2 6 7 8 1.62019
3 11 1 2 6 7 9 1.85164
3 11 1 2 6 7 10 1
3 11 1 2 6 7 12 1.85164
3 11 1 2 6 7 13 1.85164
3 11 1 2 6 7 14 1.62019
3 11 1 2 6 8 9 1.73205
3 11 1 2 6 8 10 1.41421
3 11 1 2 6 8 12 1.73205
3 11 1 2 6 8 13 1.73205
3 11 1 2 6 8 14 1.62019
3 11 1 2 6 9 10 1.41421
3 11 1 2 6 9 12 1.90693
3 11 1 2 6 9 13 1.90693
3 11 1 2 6 9 14 1.73205
3 11 1 2 6 10 12 1.41421
3 11 1 2 6 10 13 1.41421
3 11 1 2 6 10 14 1.41421
3 11 1 2 6 12 13 1.90693
3 11 1 2 6 12 14 1.73205
3 11 1 2 6 13 14 1.73205
3 11 1 2 7 8 9 1.62019
3 11 1 2 7 8 10 1
3 11 1 2 7 8 12 1.62019
3 11 1 2 7 8 13 1.62019
3 11 1 2 7 8 14 1.41421
3 11 1 2 7 9 10 1
3 11 1 2 7 9 12 1.85164
3 11 1 2 7 9 13 1.85164
3 11 1 2 7 9 14 1.62019
3 11 1 2 7 10 12 1
3 11 1 2 7 10 13 1
3 11 1 2 7 10 14 1
3 11 1 2 7 12 13 1.85164
3 11 1 2 7 12 14 1.62019
3 11 1 2 7 13 14 1.62019
3 11 1 2 8 9 10 1.41421
3 11 1 2 8 9 12 1.73205
3 11 1 2 8 9 13 1.73205
3 11 1 2 8 9 14 1.62019
3 11 1 2 8 10 12 1.41421
3 11 1 2 8 10 13 1.41421
3 11 1 2 8 10 14 1.41421
3 11 1 2 8 12 13 1.73205
3 11 1 2 8 12 14 1.62019
3 11 1 2 8 13 14 1.62019
3 11 1 2 9 10 12 1.41421
3 11 1 2 9 10 13 1.41421
3 11 1 2 9 10 14 1.41421
3 11 1 2 9 12 13 1.90693
3 11 1 2 9 12 14 1.73205
3 11 1 2 9 13 14 1.73205
3 11 1 2 10 12 13 1.41421
3 11 1 2 10 12 14 1.41421
3 11 1 2 10 13 14 1.41421
3 11 1 2 12 13 14 1.73205
3 11 1 4 5 6 7 1.41421
3 11 1 4 5 6 8 1
3 11 1 4 5 6 9 1.41421
3 11 1 4 5 6 10 1
3 11 1 4 5 6 12 1.41421
3 11 1 4 5 6 13 1.41421
3 11 1 4 5 6 14 1
3 11 1 4 5 7 8 1
3 11 1 4 5 7 9 1.41421
3 11 1 4 5 7 10 1
3 11 1 4 5 7 12 1.41421
3 11 1 4 5 7 13 1.41421
3 11 1 4 5 7 14 1
3 11 1 4 5 8 9 1
3 11 1 4 5 8 10 1
3 11 1 4 5 8 12 1
3 11 1 4 5 8 13 1
3 11 1 4 5 8 14 1
3 11 1 4 5 9 10 1
3 11 1 4 5 9 12 1.41421
3 11 1 4 5 9 13 1.41421
3 11 1 4 5 9 14 1
3 11 1 4 5 10 12 1
3 11 1 4 5 10 13 1
3 11 1 4 5 10 14 1
3 11 1 4 5 12 13 1.41421
3 11 1 4 5 12 14 1
3 11 1 4 5 13 14 1
3 11 1 4 6 7 8 1
3 11 1 4 6 7 9 1.41421
3 11 1 4 6 7 10 1
3 11 1 4 6 7 12 1.41421
3 11 1 4 6 7 13 1.41421
3 11 1 4 6 7 14 1
3 11 1 4 6 8 9 1.41421
3 11 1 4 6 8 10 1.41421
3 11 1 4 6 8 12 1.41421
3 11 1 4 6 8 13 1.41421
3 11 1 4 6 8 14 1.41421
3 11 1 4 6 9 10 1.41421
3 11 1 4 6 9 12 1.41421
3 11 1 4 6 9 13 1.41421
3 11 1 4 6 9 14 1.41421
3 11 1 4 6 10 12 1.41421
3 11 1 4 6 10 13 1.41421
3 11 1 4 6 10 14 1.41421
3 11 1 4 6 12 13 1.41421
3 11 1 4 6 12 14 1.41421
3 11 1 4 6 13 14 1.41421
3 11 1 4 7 8 9 1
3 11 1 4 7 8 10 1
3 11 1 4 7 8 12 1
3 11 1 4 7 8 13 1
3 11 1 4 7 8 14 1
3 11 1 4 7 9 10 1
3 11 1 4 7 9 12 1.41421
3 11 1 4 7 9 13 1.41421
3 11 1 4 7 9 14 1
3 11 1 4 7 10 12 1
3 11 1 4 7 10 13 1
3 11 1 4 7 10 14 1
3 11 1 4 7 12 13 1.41421
3 11 1 4 7 12 14 1
3 11 1 4 7 13 14 1
3 11 1 4 8 9 10 1.41421
3 11 1 4 8 9 12 1.41421
3 11 1 4 8 9 13 1.41421
3 11 1 4 8 9 14 1.41421
3 11 1 4 8 10 12 1.41421
3 11 1 4 8 10 13 1.41421
3 11 1 4 8 10 14 1.41421
3 11 1 4 8 12 13 1.41421
3 11 1 4 8 12 14 1.41421
3 11 1 4 8 13 14 1.41421
3 11 1 4 9 10 12 1.41421
3 11 1 4 9 10 13 1.41421
3 11 1 4 9 10 14 1.41421
3 11 1 4 9 12 13 1.41421
3 11 1 4 9 12 14 1.41421
3 11 1 4 9 13 14 1.41421
3 11 1 4 10 12 13 1.41421
3 11 1 4 10 12 14 1.41421
3 11 1 4 10 13 14 1.41421
3 11 1 4 12 13 14 1.41421
3 11 1 5 6 7 8 1.41421
3 11 1 5 6 7 9 1.73205
3 11 1 5 6 7 10 1
3 11 1 5 6 7 12 1.73205
3 11 1 5 6 7 13 1.73205
3 11 1 5 6 7 14 1.41421
3 11 1 5 6 8 9 1.41421
3 11 1 5 6 8 10 1
3 11 1 5 6 8 12 1.41421
3 11 1 5 6 8 13 1.41421
3 11 1 5 6 8 14 1
3 11 1 5 6 9 10 1
3 11 1 5 6 9 12 1.73205
3 11 1 5 6 9 13 1.73205
3 11 1 5 6 9 14 1.41421
3 11 1 5 6 10 12 1
3 11 1 5 6 10 13 0
3 11 1 5 6 10 14 1
3 11 1 5 6 12 13 1.73205
3 11 1 5 6 12 14 1.41421
3 11 1 5 6 13 14 1.41421
3 11 1 5 7 8 9 1.41421
3 11 1 5 7 8 10 1
3 11 1 5 7 8 12 1.41421
3 11 1 5 7 8 13 1.41421
3 11 1 5 7 8 14 1
3 11 1 5 7 9 10 1
3 11 1 5 7 9 12 1.73205
3 11 1 5 7 9 13 1.73205
3 11 1 5 7 9 14 1.41421
3 11 1 5 7 10 12 1
3 11 1 5 7 10 13 1
3 11 1 5 7 10 14 1
3 11 1 5 7 12 13 1.73205
3 11 1 5 7 12 14 1.41421
3 11 1 5 7 13 14 1.41421
3 11 1 5 8 9 10 1
3 11 1 5 8 9 12 1.41421
3 11 1 5 8 9 13 1.41421
3 11 1 5 8 9 14 1
3 11 1 5 8 10 12 1
3 11 1 5 8 10 13 1
3 11 1 5 8 10 14 1
3 11 1 5 8 12 13 1.41421
3 11 1 5 8 12 14 1
3 11 1 5 8 13 14 1
3 11 1 5 9 10 12 1
3 11 1 5 9 10 13 0
3 11 1 5 9 10 14 1
3 11 1 5 9 12 13 1.73205
3 11 1 5 9 12 14 1.41421
3 11 1 5 9 13 14 1.41421
3 11 1 5 10 12 13 1
3 11 1 5 10 12 14 1
3 11 1 5 10 13 14 1
3 11 1 5 12 13 14 1.41421
3 11 1 6 7 8 9 1.73205
3 11 1 6 7 8 10 1.41421
3 11 1 6 7 8 12 1.73205
3 11 1 6 7 8 13 1.73205
3 11 1 6 7 8 14 1.62019
3 11 1 6 7 9 10 1.41421
3 11 1 6 7 9 12 1.90693
3 11 1 6 7 9 13 1.90693
3 11 1 6 7 9 14 1.73205
3 11 1 6 7 10 12 1.41421
3 11 1 6 7 10 13 1.41421
3 11 1 6 7 10 14 1.41421
3 11 1 6 7 12 13 1.90693
3 11 1 6 7 12 14 1.73205
3 11 1 6 7 13 14 1.73205
3 11 1 6 8 9 10 1.73205
3 11 1 6 8 9 12 1.90693
3 11 1 6 8 9 13 1.90693
3 11 1 6 8 9 14 1.85164
3 11 1 6 8 10 12 1.73205
3 11 1 6 8 10 13 1.73205
3 11 1 6 8 10 14 1.73205
3 11 1 6 8 12 13 1.90693
3 11 1 6 8 12 14 1.85164
3 11 1 6 8 13 14 1.85164
3 11 1 6 9 10 12 1.73205
3 11 1 6 9 10 13 1.73205
3 11 1 6 9 10 14 1.73205
3 11 1 6 9 12 13 2
3 11 1 6 9 12 14 1.90693
3 11 1 6 9 13 14 1.90693
3 11 1 6 10 12 13 1.73205
3 11 1 6 10 12 14 1.73205
3 11 1 6 10 13 14 1.73205
3 11 1 6 12 13 14 1.90693
3 11 1 7 8 9 10 1.41421
3 11 1 7 8 9 12 1.73205
3 11 1 7 8 9 13 1.73205
3 11 1 7 8 9 14 1.62019
3 11 1 7 8 10 12 1.41421
3 11 1 7 8 10 13 1.41421
3 11 1 7 8 10 14 1.41421
3 11 1 7 8 12 13 1.73205
3 11 1 7 8 12 14 1.62019
3 11 1 7 8 13 14 1.62019
3 11 1 7 9 10 12 1.41421
3 11 1 7 9 10 13 1.41421
3 11 1 7 9 10 14 1.41421
3 11 1 7 9 12 13 1.90693
3 11 1 7 9 12 14 1.73205
3 11 1 7 9 13 14 1.73205
3 11 1 7 10 12 13 1.41421
3 11 1 7 10 12 14 1.41421
3 11 1 7 10 13 14 1.41421
3 11 1 7 12 13 14 1.73205
3 11 1 8 9 10 12 1.73205
3 11 1 8 9 10 13 1.73205
3 11 1 8 9 10 14 1.73205
3 11 1 8 9 12 13 1.90693
3 11 1 8 9 12 14 1.85164
3 11 1 8 9 13 14 1.85164
3 11 1 8 10 12 13 1.73205
3 11 1 8 10 12 14 1.73205
3 11 1 8 10 13 14 1.73205
3 11 1 8 12 13 14 1.85164
3 11 1 9 10 12 13 1.73205
3 11 1 9 10 12 14 1.73205
3 11 1 9 10 13 14 1.73205
3 11 1 9 12 13 14 1.90693
3 11 1 10 12 13 14 1.73205
3 11 2 4 5 6 7 2
3 11 2 4 5 6 8 1.85164
3 11 2 4 5 6 9 2.16556
3 11 2 4 5 6 10 2.07802
3 11 2 4 5 6 12 2
3 11 2 4 5 6 13 1.90693
3 11 2 4 5 6 14 2.13809
3 11 2 4 5 7 8 1.62019
3 11 2 4 5 7 9 2
3 11 2 4 5 7 10 1.85164
3 11 2 4 5 7 12 1.81265
3 11 2 4 5 7 13 1.73205
3 11 2 4 5 7 14 1.93309
3 11 2 4 5 8 9 1.85164
3 11 2 4 5 8 10 1.85164
3 11 2 4 5 8 12 1.62019
3 11 2 4 5 8 13 1.41421
3 11 2 4 5 8 14 1.85164
3 11 2 4 5 9 10 2.07802
3 11 2 4 5 9 12 2
3 11 2 4 5 9 13 1.90693
3 11 2 4 5 9 14 2.13809
3 11 2 4 5 10 12 1.85164
3 11 2 4 5 10 13 1.73205
3 11 2 4 5 10 14 2.07802
3 11 2 4 5 12 13 1.73205
3 11 2 4 5 12 14 1.93309
3 11 2 4 5 13 14 1.85164
3 11 2 4 6 7 8 1.62019
3 11 2 4 6 7 9 2
3 11 2 4 6 7 10 1.85164
3 11 2 4 6 7 12 1.81265
3 11 2 4 6 7 13 1.73205
3 11 2 4 6 7 14 1.93309
3 11 2 4 6 8 9 1.93309
3 11 2 4 6 8 10 1.93309
3 11 2 4 6 8 12 1.73205
3 11 2 4 6 8 13 1.62019
3 11 2 4 6 8 14 1.93309
3 11 2 4 6 9 10 2.13809
3 11 2 4 6 9 12 2.0381
3 11 2 4 6 9 13 2
3 11 2 4 6 9 14 2.18955
3 11 2 4 6 10 12 1.93309
3 11 2 4 6 10 13 1.85164
3 11 2 4 6 10 14 2.13809
3 11 2 4 6 12 13 1.81265
3 11 2 4 6 12 14 2
3 11 2 4 6 13 14 1.93309
3 11 2 4 7 8 9 1.62019
3 11 2 4 7 8 10 1.62019
3 11 2 4 7 8 12 1.41421
3 11 2 4 7 8 13 1
3 11 2 4 7 8 14 1.62019
3 11 2 4 7 9 10 1.85164
3 11 2 4 7 9 12 1.81265
3 11 2 4 7 9 13 1.73205
3 11 2 4 7 9 14 1.93309
3 11 2 4 7 10 12 1.62019
3 11 2 4 7 10 13 1.41421
3 11 2 4 7 10 14 1.85164
3 11 2 4 7 12 13 1.62019
3 11 2 4 7 12 14 1.73205
3 11 2 4 7 13 14 1.62019
3 11 2 4 8 9 10 1.93309
3 11 2 4 8 9 12 1.73205
3 11 2 4 8 9 13 1.62019
3 11 2 4 8 9 14 1.93309
3 11 2 4 8 10 12 1.73205
3 11 2 4 8 10 13 1.62019
3 11 2 4 8 10 14 1.93309
3 11 2 4 8 12 13 1.41421
3 11 2 4 8 12 14 1.73205
3 11 2 4 8 13 14 1.62019
3 11 2 4 9 10 12 1.93309
3 11 2 4 9 10 13 1.85164
3 11 2 4 9 10 14 2.13809
3 11 2 4 9 12 13 1.81265
3 11 2 4 9 12 14 2
3 11 2 4 9 13 14 1.93309
3 11 2 4 10 12 13 1.62019
3 11 2 4 10 12 14 1.93309
3 11 2 4 10 13 14 1.85164
3 11 2 4 12 13 14 1.73205
3 11 2 5 6 7 8 1.62019
3 11 2 5 6 7 9 2.04939
3 11 2 5 6 7 10 1.85164
3 11 2 5 6 7 12 1.93309
3 11 2 5 6 7 13 1.90693
3 11 2 5 6 7 14 2
3 11 2 5 6 8 9 1.85164
3 11 2 5 6 8 10 1.85164
3 11 2 5 6 8 12 1.62019
3 11 2 5 6 8 13 1.41421
3 11 2 5 6 8 14 1.85164
3 11 2 5 6 9 10 2.07802
3 11 2 5 6 9 12 2.04939
3 11 2 5 6 9 13 2
3 11 2 5 6 9 14 2.16556
3 11 2 5 6 10 12 1.85164
3 11 2 5 6 10 13 1.73205
3 11 2 5 6 10 14 2.07802
3 11 2 5 6 12 13 1.90693
3 11 2 5 6 12 14 2
3 11 2 5 6 13 14 1.90693
3 11 2 5 7 8 9 1.62019
3 11 2 5 7 8 10 1.62019
3 11 2 5 7 8 12 1.41421
3 11 2 5 7 8 13 1.41421
3 11 2 5 7 8 14 1.62019
3 11 2 5 7 9 10 1.85164
3 11 2 5 7 9 12 1.93309
3 11 2 5 7 9 13 1.90693
3 11 2 5 7 9 14 2
3 11 2 5 7 10 12 1.62019
3 11 2 5 7 10 13 1.41421
3 11 2 5 7 10 14 1.85164
3 11 2 5 7 12 13 1.85164
3 11 2 5 7 12 14 1.81265
3 11 2 5 7 13 14 1.73205
3 11 2 5 8 9 10 1.85164
3 11 2 5 8 9 12 1.62019
3 11 2 5 8 9 13 1.41421
3 11 2 5 8 9 14 1.85164
3 11 2 5 8 10 12 1.62019
3 11 2 5 8 10 13 1.41421
3 11 2 5 8 10 14 1.85164
3 11 2 5 8 12 13 1.41421
3 11 2 5 8 12 14 1.62019
3 11 2 5 8 13 14 1.41421
3 11 2 5 9 10 12 1.85164
3 11 2 5 9 10 13 1.73205
3 11 2 5 9 10 14 2.07802
3 11 2 5 9 12 13 1.90693
3 11 2 5 9 12 14 2
3 11 2 5 9 13 14 1.90693
3 11 2 5 10 12 13 1.41421
3 11 2 5 10 12 14 1.85164
3 11 2 5 10 13 14 1.73205
3 11 2 5 12 13 14 1.73205
3 11 2 6 7 8 9 1.62019
3 11 2 6 7 8 10 1.62019
3 11 2 6 7 8 12 1.62019
3 11 2 6 7 8 13 1.62019
3 11 2 6 7 8 14 1.62019
3 11 2 6 7 9 10 1.85164
3 11 2 6 7 9 12 2
3 11 2 6 7 9 13 2
3 11 2 6 7 9 14 2
3 11 2 6 7 10 12 1.62019
3 11 2 6 7 10 13 1.41421
3 11 2 6 7 10 14 1.85164
3 11 2 6 7 12 13 1.93309
3 11 2 6 7 12 14 2
3 11 2 6 7 13 14 1.81265
3 11 2 6 8 9 10 2
3 11 2 6 8 9 12 2
3 11 2 6 8 9 13 2
3 11 2 6 8 9 14 2
3 11 2 6 8 10 12 1.81265
3 11 2 6 8 10 13 1.73205
3 11 2 6 8 10 14 2
3 11 2 6 8 12 13 1.81265
3 11 2 6 8 12 14 2
3 11 2 6 8 13 14 1.81265
3 11 2 6 9 10 12 2
3 11 2 6 9 10 13 1.90693
3 11 2 6 9 10 14 2.16556
3 11 2 6 9 12 13 2.10639
3 11 2 6 9 12 14 2.16025
3 11 2 6 9 13 14 2.10639
3 11 2 6 10 12 13 1.73205
3 11 2 6 10 12 14 2
3 11 2 6 10 13 14 1.90693
3 11 2 6 12 13 14 2
3 11 2 7 8 9 10 1.62019
3 11 2 7 8 9 12 1.62019
3 11 2 7 8 9 13 1.62019
3 11 2 7 8 9 14 1.62019
3 11 2 7 8 10 12 1.41421
3 11 2 7 8 10 13 1
3 11 2 7 8 10 14 1.62019
3 11 2 7 8 12 13 1.62019
3 11 2 7 8 12 14 1.41421
3 11 2 7 8 13 14 1.41421
3 11 2 7 9 10 12 1.62019
3 11 2 7 9 10 13 1.41421
3 11 2 7 9 10 14 1.85164
3 11 2 7 9 12 13 1.93309
3 11 2 7 9 12 14 2
3 11 2 7 9 13 14 1.81265
3 11 2 7 10 12 13 1
3 11 2 7 10 12 14 1.62019
3 11 2 7 10 13 14 1.41421
3 11 2 7 12 13 14 1.73205
3 11 2 8 9 10 12 1.81265
3 11 2 8 9 10 13 1.73205
3 11 2 8 9 10 14 2
3 11 2 8 9 12 13 1.81265
3 11 2 8 9 12 14 2
3 11 2 8 9 13 14 1.81265
3 11 2 8 10 12 13 1.62019
3 11 2 8 10 12 14 1.81265
3 11 2 8 10 13 14 1.73205
3 11 2 8 12 13 14 1.73205
3 11 2 9 10 12 13 1.73205
3 11 2 9 10 12 14 2
3 11 2 9 10 13 14 1.90693
3 11 2 9 12 13 14 2
3 11 2 10 12 13 14 1.73205
3 11 4 5 6 7 8 1.85164
3 11 4 5 6 7 9 2.16556
3 11 4 5 6 7 10 2.07802
3 11 4 5 6 7 12 2
3 11 4 5 6 7 13 1.90693
3 11 4 5 6 7 14 2.13809
3 11 4 5 6 8 9 2.07802
3 11 4 5 6 8 10 2.07802
3 11 4 5 6 8 12 1.85164
3 11 4 5 6 8 13 1.73205
3 11 4 5 6 8 14 2.07802
3 11 4 5 6 9 10 2.29129
3 11 4 5 6 9 12 2.16556
3 11 4 5 6 9 13 2.10357
3 11 4 5 6 9 14 2.33699
3 11 4 5 6 10 12 2.07802
3 11 4 5 6 10 13 2
3 11 4 5 6 10 14 2.29129
3 11 4 5 6 12 13 1.90693
3 11 4 5 6 12 14 2.13809
3 11 4 5 6 13 14 2.07802
3 11 4 5 7 8 9 1.85164
3 11 4 5 7 8 10 1.85164
3 11 4 5 7 8 12 1.62019
3 11 4 5 7 8 13 1.41421
3 11 4 5 7 8 14 1.85164
3 11 4 5 7 9 10 2.07802
3 11 4 5 7 9 12 2
3 11 4 5 7 9 13 1.90693
3 11 4 5 7 9 14 2.13809
3 11 4 5 7 10 12 1.85164
3 11 4 5 7 10 13 1.73205
3 11 4 5 7 10 14 2.07802
3 11 4 5 7 12 13 1.73205
3 11 4 5 7 12 14 1.93309
3 11 4 5 7 13 14 1.85164
3 11 4 5 8 9 10 2.07802
3 11 4 5 8 9 12 1.85164
3 11 4 5 8 9 13 1.73205
3 11 4 5 8 9 14 2.07802
3 11 4 5 8 10 12 1.85164
3 11 4 5 8 10 13 1.73205
3 11 4 5 8 10 14 2.07802
3 11 4 5 8 12 13 1.41421
3 11 4 5 8 12 14 1.85164
3 11 4 5 8 13 14 1.73205
3 11 4 5 9 10 12 2.07802
3 11 4 5 9 10 13 2
3 11 4 5 9 10 14 2.29129
3 11 4 5 9 12 13 1.90693
3 11 4 5 9 12 14 2.13809
3 11 4 5 9 13 14 2.07802
3 11 4 5 10 12 13 1.73205
3 11 4 5 10 12 14 2.07802
3 11 4 5 10 13 14 2
3 11 4 5 12 13 14 1.85164
3 11 4 6 7 8 9 1.93309
3 11 4 6 7 8 10 1.93309
3 11 4 6 7 8 12 1.73205
3 11 4 6 7 8 13 1.62019
3 11 4 6 7 8 14 1.93309
3 11 4 6 7 9 10 2.13809
3 11 4 6 7 9 12 2.0381
3 11 4 6 7 9 13 2
3 11 4 6 7 9 14 2.18955
3 11 4 6 7 10 12 1.93309
3 11 4 6 7 10 13 1.85164
3 11 4 6 7 10 14 2.13809
3 11 4 6 7 12 13 1.81265
3 11 4 6 7 12 14 2
3 11 4 6 7 13 14 1.93309
3 11 4 6 8 9 10 2.32266
3 11 4 6 8 9 12 2.16025
3 11 4 6 8 9 13 2.13664
3 11 4 6 8 9 14 2.32266
3 11 4 6 8 10 12 2.16025
3 11 4 6 8 10 13 2.13664
3 11 4 6 8 10 14 2.32266
3 11 4 6 8 12 13 2
3 11 4 6 8 12 14 2.16025
3 11 4 6 8 13 14 2.13664
3 11 4 6 9 10 12 2.32266
3 11 4 6 9 10 13 2.28709
3 11 4 6 9 10 14 2.48193
3 11 4 6 9 12 13 2.19089
3 11 4 6 9 12 14 2.34521
3 11 4 6 9 13 14 2.32266
3 11 4 6 10 12 13 2.13664
3 11 4 6 10 12 14 2.32266
3 11 4 6 10 13 14 2.28709
3 11 4 6 12 13 14 2.16025
3 11 4 7 8 9 10 1.93309
3 11 4 7 8 9 12 1.73205
3 11 4 7 8 9 13 1.62019
3 11 4 7 8 9 14 1.93309
3 11 4 7 8 10 12 1.73205
3 11 4 7 8 10 13 1.62019
3 11 4 7 8 10 14 1.93309
3 11 4 7 8 12 13 1.41421
3 11 4 7 8 12 14 1.73205
3 11 4 7 8 13 14 1.62019
3 11 4 7 9 10 12 1.93309
3 11 4 7 9 10 13 1.85164
3 11 4 7 9 10 14 2.13809
3 11 4 7 9 12 13 1.81265
3 11 4 7 9 12 14 2
3 11 4 7 9 13 14 1.93309
3 11 4 7 10 12 13 1.62019
3 11 4 7 10 12 14 1.93309
3 11 4 7 10 13 14 1.85164
3 11 4 7 12 13 14 1.73205
3 11 4 8 9 10 12 2.16025
3 11 4 8 9 10 13 2.13664
3 11 4 8 9 10 14 2.32266
3 11 4 8 9 12 13 2
3 11 4 8 9 12 14 2.16025
3 11 4 8 9 13 14 2.13664
3 11 4 8 10 12 13 2
3 11 4 8 10 12 14 2.16025
3 11 4 8 10 13 14 2.13664
3 11 4 8 12 13 14 2
3 11 4 9 10 12 13 2.13664
3 11 4 9 10 12 14 2.32266
3 11 4 9 10 13 14 2.28709
3 11 4 9 12 13 14 2.16025
3 11 4 10 12 13 14 2.13664
3 11 5 6 7 8 9 1.85164
3 11 5 6 7 8 10 1.85164
3 11 5 6 7 8 12 1.62019
3 11 5 6 7 8 13 1.41421
3 11 5 6 7 8 14 1.85164
3 11 5 6 7 9 10 2.07802
3 11 5 6 7 9 12 2.04939
3 11 5 6 7 9 13 2
3 11 5 6 7 9 14 2.16556
3 11 5 6 7 10 12 1.85164
3 11 5 6 7 10 13 1.73205
3 11 5 6 7 10 14 2.07802
3 11 5 6 7 12 13 1.90693
3 11 5 6 7 12 14 2
3 11 5 6 7 13 14 1.90693
3 11 5 6 8 9 10 2.07802
3 11 5 6 8 9 12 1.85164
3 11 5 6 8 9 13 1.73205
3 11 5 6 8 9 14 2.07802
3 11 5 6 8 10 12 1.85164
3 11 5 6 8 10 13 1.73205
3 11 5 6 8 10 14 2.07802
3 11 5 6 8 12 13 1.41421
3 11 5 6 8 12 14 1.85164
3 11 5 6 8 13 14 1.73205
3 11 5 6 9 10 12 2.07802
3 11 5 6 9 10 13 2
3 11 5 6 9 10 14 2.29129
3 11 5 6 9 12 13 2
3 11 5 6 9 12 14 2.16556
3 11 5 6 9 13 14 2.10357
3 11 5 6 10 12 13 1.73205
3 11 5 6 10 12 14 2.07802
3 11 5 6 10 13 14 2
3 11 5 6 12 13 14 1.90693
3 11 5 7 8 9 10 1.85164
3 11 5 7 8 9 12 1.62019
3 11 5 7 8 9 13 1.41421
3 11 5 7 8 9 14 1.85164
3 11 5 7 8 10 12 1.62019
3 11 5 7 8 10 13 1.41421
3 11 5 7 8 10 14 1.85164
3 11 5 7 8 12 13 1.41421
3 11 5 7 8 12 14 1.62019
3 11 5 7 8 13 14 1.41421
3 11 5 7 9 10 12 1.85164
3 11 5 7 9 10 13 1.73205
3 11 5 7 9 10 14 2.07802
3 11 5 7 9 12 13 1.90693
3 11 5 7 9 12 14 2
3 11 5 7 9 13 14 1.90693
3 11 5 7 10 12 13 1.41421
3 11 5 7 10 12 14 1.85164
3 11 5 7 10 13 14 1.73205
3 11 5 7 12 13 14 1.73205
3 11 5 8 9 10 12 1.85164
3 11 5 8 9 10 13 1.73205
3 11 5 8 9 10 14 2.07802
3 11 5 8 9 12 13 1.41421
3 11 5 8 9 12 14 1.85164
3 11 5 8 9 13 14 1.73205
3 11 5 8 10 12 13 1.41421
3 11 5 8 10 12 14 1.85164
3 11 5 8 10 13 14 1.73205
3 11 5 8 12 13 14 1.41421
3 11 5 9 10 12 13 1.73205
3 11 5 9 10 12 14 2.07802
3 11 5 9 10 13 14 2
3 11 5 9 12 13 14 1.90693
3 11 5 10 12 13 14 1.73205
3 11 6 7 8 9 10 2
3 11 6 7 8 9 12 2
3 11 6 7 8 9 13 2
3 11 6 7 8 9 14 2
3 11 6 7 8 10 12 1.81265
3 11 6 7 8 10 13 1.73205
3 11 6 7 8 10 14 2
3 11 6 7 8 12 13 1.81265
3 11 6 7 8 12 14 2
3 11 6 7 8 13 14 1.81265
3 11 6 7 9 10 12 2
3 11 6 7 9 10 13 1.90693
3 11 6 7 9 10 14 2.16556
3 11 6 7 9 12 13 2.10639
3 11 6 7 9 12 14 2.16025
3 11 6 7 9 13 14 2.10639
3 11 6 7 10 12 13 1.73205
3 11 6 7 10 12 14 2
3 11 6 7 10 13 14 1.90693
3 11 6 7 12 13 14 2
3 11 6 8 9 10 12 2.26385
3 11 6 8 9 10 13 2.23607
3 11 6 8 9 10 14 2.39046
3 11 6 8 9 12 13 2.19089
3 11 6 8 9 12 14 2.3094
3 11 6 8 9 13 14 2.26385
3 11 6 8 10 12 13 2.13664
3 11 6 8 10 12 14 2.26385
3 11 6 8 10 13 14 2.23607
3 11 6 8 12 13 14 2.16025
3 11 6 9 10 12 13 2.23607
3 11 6 9 10 12 14 2.39046
3 11 6 9 10 13 14 2.35488
3 11 6 9 12 13 14 2.38048
3 11 6 10 12 13 14 2.23607
3 11 7 8 9 10 12 1.81265
3 11 7 8 9 10 13 1.73205
3 11 7 8 9 10 14 2
3 11 7 8 9 12 13 1.81265
3 11 7 8 9 12 14 2
3 11 7 8 9 13 14 1.81265
3 11 7 8 10 12 13 1.62019
3 11 7 8 10 12 14 1.81265
3 11 7 8 10 13 14 1.73205
3 11 7 8 12 13 14 1.73205
3 11 7 9 10 12 13 1.73205
3 11 7 9 10 12 14 2
3 11 7 9 10 13 14 1.90693
3 11 7 9 12 13 14 2
3 11 7 10 12 13 14 1.73205
3 11 8 9 10 12 13 2.13664
3 11 8 9 10 12 14 2.26385
3 11 8 9 10 13 14 2.23607
3 11 8 9 12 13 14 2.16025
3 11 8 10 12 13 14 2.13664
3 11 9 10 12 13 14 2.23607
