3 11 0 1 2 4 5 6 7 8 1
3 11 0 1 2 4 5 6 7 9 1.41421
3 11 0 1 2 4 5 6 7 10 0
3 11 0 1 2 4 5 6 7 12 1.41421
3 11 0 1 2 4 5 6 7 13 1.41421
3 11 0 1 2 4 5 6 7 14 1
3 11 0 1 2 4 5 6 8 9 1
3 11 0 1 2 4 5 6 8 10 0
3 11 0 1 2 4 5 6 8 12 1
3 11 0 1 2 4 5 6 8 13 1
3 11 0 1 2 4 5 6 8 14 0
3 11 0 1 2 4 5 6 9 10 0
3 11 0 1 2 4 5 6 9 12 1.41421
3 11 0 1 2 4 5 6 9 13 1.41421
3 11 0 1 2 4 5 6 9 14 1
3 11 0 1 2 4 5 6 10 12 0
3 11 0 1 2 4 5 6 10 13 0
3 11 0 1 2 4 5 6 10 14 0
3 11 0 1 2 4 5 6 12 13 1.41421
3 11 0 1 2 4 5 6 12 14 1
3 11 0 1 2 4 5 6 13 14 1
3 11 0 1 2 4 5 7 8 9 1
3 11 0 1 2 4 5 7 8 10 1
3 11 0 1 2 4 5 7 8 12 1
3 11 0 1 2 4 5 7 8 13 1
3 11 0 1 2 4 5 7 8 14 1
3 11 0 1 2 4 5 7 9 10 0
3 11 0 1 2 4 5 7 9 12 1.41421
3 11 0 1 2 4 5 7 9 13 1.41421
3 11 0 1 2 4 5 7 9 14 1
3 11 0 1 2 4 5 7 10 12 1
3 11 0 1 2 4 5 7 10 13 1
3 11 0 1 2 4 5 7 10 14 1
3 11 0 1 2 4 5 7 12 13 1.41421
3 11 0 1 2 4 5 7 12 14 1
3 11 0 1 2 4 5 7 13 14 1
3 11 0 1 2 4 5 8 9 10 0
3 11 0 1 2 4 5 8 9 12 1
3 11 0 1 2 4 5 8 9 13 1
3 11 0 1 2 4 5 8 9 14 0
3 11 0 1 2 4 5 8 10 12 1
3 11 0 1 2 4 5 8 10 13 1
3 11 0 1 2 4 5 8 10 14 1
3 11 0 1 2 4 5 8 12 13 1
3 11 0 1 2 4 5 8 12 14 1
3 11 0 1 2 4 5 8 13 14 1
3 11 0 1 2 4 5 9 10 12 0
3 11 0 1 2 4 5 9 10 13 0
3 11 0 1 2 4 5 9 10 14 0
3 11 0 1 2 4 5 9 12 13 1.41421
3 11 0 1 2 4 5 9 12 14 1
3 11 0 1 2 4 5 9 13 14 1
3 11 0 1 2 4 5 10 12 13 1
3 11 0 1 2 4 5 10 12 14 1
3 11 0 1 2 4 5 10 13 14 1
3 11 0 1 2 4 5 12 13 14 1
3 11 0 1 2 4 6 7 8 9 1
3 11 0 1 2 4 6 7 8 10 0
3 11 0 1 2 4 6 7 8 12 1
3 11 0 1 2 4 6 7 8 13 1
3 11 0 1 2 4 6 7 8 14 0
3 11 0 1 2 4 6 7 9 10 0
3 11 0 1 2 4 6 7 9 12 1.41421
3 11 0 1 2 4 6 7 9 13 1.41421
3 11 0 1 2 4 6 7 9 14 1
3 11 0 1 2 4 6 7 10 12 0
3 11 0 1 2 4 6 7 10 13 0
3 11 0 1 2 4 6 7 10 14 0
3 11 0 1 2 4 6 7 12 13 1.41421
3 11 0 1 2 4 6 7 12 14 1
3 11 0 1 2 4 6 7 13 14 1
3 11 0 1 2 4 6 8 9 10 1
3 11 0 1 2 4 6 8 9 12 1
3 11 0 1 2 4 6 8 9 13 1
3 11 0 1 2 4 6 8 9 14 1
3 11 0 1 2 4 6 8 10 12 1
3 11 0 1 2 4 6 8 10 13 1
3 11 0 1 2 4 6 8 10 14 1
3 11 0 1 2 4 6 8 12 13 1
3 11 0 1 2 4 6 8 12 14 1
3 11 0 1 2 4 6 8 13 14 1
3 11 0 1 2 4 6 9 10 12 1
3 11 0 1 2 4 6 9 10 13 1
3 11 0 1 2 4 6 9 10 14 1
3 11 0 1 2 4 6 9 12 13 1.41421
3 11 0 1 2 4 6 9 12 14 1
3 11 0 1 2 4 6 9 13 14 1
3 11 0 1 2 4 6 10 12 13 1
3 11 0 1 2 4 6 10 12 14 1
3 11 0 1 2 4 6 10 13 14 1
3 11 0 1 2 4 6 12 13 14 1
3 11 0 1 2 4 7 8 9 10 0
3 11 0 1 2 4 7 8 9 12 1
3 11 0 1 2 4 7 8 9 13 1
3 11 0 1 2 4 7 8 9 14 0
3 11 0 1 2 4 7 8 10 12 1
3 11 0 1 2 4 7 8 10 13 1
3 11 0 1 2 4 7 8 10 14 1
3 11 0 1 2 4 7 8 12 13 1
3 11 0 1 2 4 7 8 12 14 1
3 11 0 1 2 4 7 8 13 14 1
3 11 0 1 2 4 7 9 10 12 0
3 11 0 1 2 4 7 9 10 13 0
3 11 0 1 2 4 7 9 10 14 0
3 11 0 1 2 4 7 9 12 13 1.41421
3 11 0 1 2 4 7 9 12 14 1
3 11 0 1 2 4 7 9 13 14 1
3 11 0 1 2 4 7 10 12 13 1
3 11 0 1 2 4 7 10 12 14 1
3 11 0 1 2 4 7 10 13 14 1
3 11 0 1 2 4 7 12 13 14 1
3 11 0 1 2 4 8 9 10 12 1
3 11 0 1 2 4 8 9 10 13 1
3 11 0 1 2 4 8 9 10 14 1
3 11 0 1 2 4 8 9 12 13 1
3 11 0 1 2 4 8 9 12 14 1
3 11 0 1 2 4 8 9 13 14 1
3 11 0 1 2 4 8 10 12 13 1
3 11 0 1 2 4 8 10 12 14 1
3 11 0 1 2 4 8 10 13 14 1
3 11 0 1 2 4 8 12 13 14 1
3 11 0 1 2 4 9 10 12 13 1
3 11 0 1 2 4 9 10 12 14 1
3 11 0 1 2 4 9 10 13 14 1
3 11 0 1 2 4 9 12 13 14 1
3 11 0 1 2 4 10 12 13 14 1
3 11 0 1 2 5 6 7 8 9 1.41421
3 11 0 1 2 5 6 7 8 10 0
3 11 0 1 2 5 6 7 8 12 1.41421
3 11 0 1 2 5 6 7 8 13 1.41421
3 11 0 1 2 5 6 7 8 14 1
3 11 0 1 2 5 6 7 9 10 0
3 11 0 1 2 5 6 7 9 12 1.73205
3 11 0 1 2 5 6 7 9 13 1.73205
3 11 0 1 2 5 6 7 9 14 1.41421
3 11 0 1 2 5 6 7 10 12 0
3 11 0 1 2 5 6 7 10 13 0
3 11 0 1 2 5 6 7 10 14 0
3 11 0 1 2 5 6 7 12 13 1.73205
3 11 0 1 2 5 6 7 12 14 1.41421
3 11 0 1 2 5 6 7 13 14 1.41421
3 11 0 1 2 5 6 8 9 10 0
3 11 0 1 2 5 6 8 9 12 1.41421
3 11 0 1 2 5 6 8 9 13 1.41421
3 11 0 1 2 5 6 8 9 14 1
3 11 0 1 2 5 6 8 10 12 0
3 11 0 1 2 5 6 8 10 13 0
3 11 0 1 2 5 6 8 10 14 0
3 11 0 1 2 5 6 8 12 13 1.41421
3 11 0 1 2 5 6 8 12 14 1
3 11 0 1 2 5 6 8 13 14 1
3 11 0 1 2 5 6 9 10 12 0
3 11 0 1 2 5 6 9 10 13 0
3 11 0 1 2 5 6 9 10 14 0
3 11 0 1 2 5 6 9 12 13 1.73205
3 11 0 1 2 5 6 9 12 14 1.41421
3 11 0 1 2 5 6 9 13 14 1.41421
3 11 0 1 2 5 6 10 12 13 0
3 11 0 1 2 5 6 10 12 14 0
3 11 0 1 2 5 6 10 13 14 0
3 11 0 1 2 5 6 12 13 14 1.41421
3 11 0 1 2 5 7 8 9 10 0
3 11 0 1 2 5 7 8 9 12 1.41421
3 11 0 1 2 5 7 8 9 13 1.41421
3 11 0 1 2 5 7 8 9 14 1
3 11 0 1 2 5 7 8 10 12 1
3 11 0 1 2 5 7 8 10 13 1
3 11 0 1 2 5 7 8 10 14 1
3 11 0 1 2 5 7 8 12 13 1.41421
3 11 0 1 2 5 7 8 12 14 1
3 11 0 1 2 5 7 8 13 14 1
3 11 0 1 2 5 7 9 10 12 0
3 11 0 1 2 5 7 9 10 13 0
3 11 0 1 2 5 7 9 10 14 0
3 11 0 1 2 5 7 9 12 13 1.73205
3 11 0 1 2 5 7 9 12 14 1.41421
3 11 0 1 2 5 7 9 13 14 1.41421
3 11 0 1 2 5 7 10 12 13 1
3 11 0 1 2 5 7 10 12 14 1
3 11 0 1 2 5 7 10 13 14 1
3 11 0 1 2 5 7 12 13 14 1.41421
3 11 0 1 2 5 8 9 10 12 0
3 11 0 1 2 5 8 9 10 13 0
3 11 0 1 2 5 8 9 10 14 0
3 11 0 1 2 5 8 9 12 13 1.41421
3 11 0 1 2 5 8 9 12 14 1
3 11 0 1 2 5 8 9 13 14 1
3 11 0 1 2 5 8 10 12 13 1
3 11 0 1 2 5 8 10 12 14 1
3 11 0 1 2 5 8 10 13 14 1
3 11 0 1 2 5 8 12 13 14 1
3 11 0 1 2 5 9 10 12 13 0
3 11 0 1 2 5 9 10 12 14 0
3 11 0 1 2 5 9 10 13 14 0
3 11 0 1 2 5 9 12 13 14 1.41421
3 11 0 1 2 5 10 12 13 14 1
3 11 0 1 2 6 7 8 9 10 1
3 11 0 1 2 6 7 8 9 12 1.62019
3 11 0 1 2 6 7 8 9 13 1.62019
3 11 0 1 2 6 7 8 9 14 1.41421
3 11 0 1 2 6 7 8 10 12 1
3 11 0 1 2 6 7 8 10 13 1
3 11 0 1 2 6 7 8 10 14 1
3 11 0 1 2 6 7 8 12 13 1.62019
3 11 0 1 2 6 7 8 12 14 1.41421
3 11 0 1 2 6 7 8 13 14 1.41421
3 11 0 1 2 6 7 9 10 12 1
3 11 0 1 2 6 7 9 10 13 1
3 11 0 1 2 6 7 9 10 14 1
3 11 0 1 2 6 7 9 12 13 1.85164
3 11 0 1 2 6 7 9 12 14 1.62019
3 11 0 1 2 6 7 9 13 14 1.62019
3 11 0 1 2 6 7 10 12 13 1
3 11 0 1 2 6 7 10 12 14 1
3 11 0 1 2 6 7 10 13 14 1
3 11 0 1 2 6 7 12 13 14 1.62019
3 11 0 1 2 6 8 9 10 12 1.41421
3 11 0 1 2 6 8 9 10 13 1.41421
3 11 0 1 2 6 8 9 10 14 1.41421
3 11 0 1 2 6 8 9 12 13 1.73205
3 11 0 1 2 6 8 9 12 14 1.62019
3 11 0 1 2 6 8 9 13 14 1.62019
3 11 0 1 2 6 8 10 12 13 1.41421
3 11 0 1 2 6 8 10 12 14 1.41421
3 11 0 1 2 6 8 10 13 14 1.41421
3 11 0 1 2 6 8 12 13 14 1.62019
3 11 0 1 2 6 9 10 12 13 1.41421
3 11 0 1 2 6 9 10 12 14 1.41421
3 11 0 1 2 6 9 10 13 14 1.41421
3 11 0 1 2 6 9 12 13 14 1.73205
3 11 0 1 2 6 10 12 13 14 1.41421
3 11 0 1 2 7 8 9 10 12 1
3 11 0 1 2 7 8 9 10 13 1
3 11 0 1 2 7 8 9 10 14 1
3 11 0 1 2 7 8 9 12 13 1.62019
3 11 0 1 2 7 8 9 12 14 1.41421
3 11 0 1 2 7 8 9 13 14 1.41421
3 11 0 1 2 7 8 10 12 13 1
3 11 0 1 2 7 8 10 12 14 1
3 11 0 1 2 7 8 10 13 14 1
3 11 0 1 2 7 8 12 13 14 1.41421
3 11 0 1 2 7 9 10 12 13 1
3 11 0 1 2 7 9 10 12 14 1
3 11 0 1 2 7 9 10 13 14 1
3 11 0 1 2 7 9 12 13 14 1.62019
3 11 0 1 2 7 10 12 13 14 1
3 11 0 1 2 8 9 10 12 13 1.41421
3 11 0 1 2 8 9 10 12 14 1.41421
3 11 0 1 2 8 9 10 13 14 1.41421
3 11 0 1 2 8 9 12 13 14 1.62019
3 11 0 1 2 8 10 12 13 14 1.41421
3 11 0 1 2 9 10 12 13 14 1.41421
3 11 0 1 4 5 6 7 8 9 1
3 11 0 1 4 5 6 7 8 10 0
3 11 0 1 4 5 6 7 8 12 1
3 11 0 1 4 5 6 7 8 13 1
3 11 0 1 4 5 6 7 8 14 0
3 11 0 1 4 5 6 7 9 10 0
3 11 0 1 4 5 6 7 9 12 1.41421
3 11 0 1 4 5 6 7 9 13 1.41421
3 11 0 1 4 5 6 7 9 14 1
3 11 0 1 4 5 6 7 10 12 0
3 11 0 1 4 5 6 7 10 13 0
3 11 0 1 4 5 6 7 10 14 0
3 11 0 1 4 5 6 7 12 13 1.41421
3 11 0 1 4 5 6 7 12 14 1
3 11 0 1 4 5 6 7 13 14 1
3 11 0 1 4 5 6 8 9 10 0
3 11 0 1 4 5 6 8 9 12 1
3 11 0 1 4 5 6 8 9 13 1
3 11 0 1 4 5 6 8 9 14 0
3 11 0 1 4 5 6 8 10 12 0
3 11 0 1 4 5 6 8 10 13 0
3 11 0 1 4 5 6 8 10 14 0
3 11 0 1 4 5 6 8 12 13 1
3 11 0 1 4 5 6 8 12 14 0
3 11 0 1 4 5 6 8 13 14 0
3 11 0 1 4 5 6 9 10 12 0
3 11 0 1 4 5 6 9 10 13 0
3 11 0 1 4 5 6 9 10 14 0
3 11 0 1 4 5 6 9 12 13 1.41421
3 11 0 1 4 5 6 9 12 14 1
3 11 0 1 4 5 6 9 13 14 1
3 11 0 1 4 5 6 10 12 13 0
3 11 0 1 4 5 6 10 12 14 0
3 11 0 1 4 5 6 10 13 14 0
3 11 0 1 4 5 6 12 13 14 1
3 11 0 1 4 5 7 8 9 10 0
3 11 0 1 4 5 7 8 9 12 1
3 11 0 1 4 5 7 8 9 13 1
3 11 0 1 4 5 7 8 9 14 0
3 11 0 1 4 5 7 8 10 12 1
3 11 0 1 4 5 7 8 10 13 1
3 11 0 1 4 5 7 8 10 14 1
3 11 0 1 4 5 7 8 12 13 1
3 11 0 1 4 5 7 8 12 14 1
3 11 0 1 4 5 7 8 13 14 1
3 11 0 1 4 5 7 9 10 12 0
3 11 0 1 4 5 7 9 10 13 0
3 11 0 1 4 5 7 9 10 14 0
3 11 0 1 4 5 7 9 12 13 1.41421
3 11 0 1 4 5 7 9 12 14 1
3 11 0 1 4 5 7 9 13 14 1
3 11 0 1 4 5 7 10 12 13 1
3 11 0 1 4 5 7 10 12 14 1
3 11 0 1 4 5 7 10 13 14 1
3 11 0 1 4 5 7 12 13 14 1
3 11 0 1 4 5 8 9 10 12 0
3 11 0 1 4 5 8 9 10 13 0
3 11 0 1 4 5 8 9 10 14 0
3 11 0 1 4 5 8 9 12 13 1
3 11 0 1 4 5 8 9 12 14 0
3 11 0 1 4 5 8 9 13 14 0
3 11 0 1 4 5 8 10 12 13 1
3 11 0 1 4 5 8 10 12 14 1
3 11 0 1 4 5 8 10 13 14 1
3 11 0 1 4 5 8 12 13 14 1
3 11 0 1 4 5 9 10 12 13 0
3 11 0 1 4 5 9 10 12 14 0
3 11 0 1 4 5 9 10 13 14 0
3 11 0 1 4 5 9 12 13 14 1
3 11 0 1 4 5 10 12 13 14 1
3 11 0 1 4 6 7 8 9 10 1
3 11 0 1 4 6 7 8 9 12 1
3 11 0 1 4 6 7 8 9 13 1
3 11 0 1 4 6 7 8 9 14 1
3 11 0 1 4 6 7 8 10 12 1
3 11 0 1 4 6 7 8 10 13 1
3 11 0 1 4 6 7 8 10 14 1
3 11 0 1 4 6 7 8 12 13 1
3 11 0 1 4 6 7 8 12 14 1
3 11 0 1 4 6 7 8 13 14 1
3 11 0 1 4 6 7 9 10 12 1
3 11 0 1 4 6 7 9 10 13 1
3 11 0 1 4 6 7 9 10 14 1
3 11 0 1 4 6 7 9 12 13 1.41421
3 11 0 1 4 6 7 9 12 14 1
3 11 0 1 4 6 7 9 13 14 1
3 11 0 1 4 6 7 10 12 13 1
3 11 0 1 4 6 7 10 12 14 1
3 11 0 1 4 6 7 10 13 14 1
3 11 0 1 4 6 7 12 13 14 1
3 11 0 1 4 6 8 9 10 12 1.41421
3 11 0 1 4 6 8 9 10 13 1.41421
3 11 0 1 4 6 8 9 10 14 1.41421
3 11 0 1 4 6 8 9 12 13 1.41421
3 11 0 1 4 6 8 9 12 14 1.41421
3 11 0 1 4 6 8 9 13 14 1.41421
3 11 0 1 4 6 8 10 12 13 1.41421
3 11 0 1 4 6 8 10 12 14 1.41421
3 11 0 1 4 6 8 10 13 14 1.41421
3 11 0 1 4 6 8 12 13 14 1.41421
3 11 0 1 4 6 9 10 12 13 1.41421
3 11 0 1 4 6 9 10 12 14 1.41421
3 11 0 1 4 6 9 10 13 14 1.41421
3 11 0 1 4 6 9 12 13 14 1.41421
3 11 0 1 4 6 10 12 13 14 1.41421
3 11 0 1 4 7 8 9 10 12 1
3 11 0 1 4 7 8 9 10 13 1
3 11 0 1 4 7 8 9 10 14 1
3 11 0 1 4 7 8 9 12 13 1
3 11 0 1 4 7 8 9 12 14 1
3 11 0 1 4 7 8 9 13 14 1
3 11 0 1 4 7 8 10 12 13 1
3 11 0 1 4 7 8 10 12 14 1
3 11 0 1 4 7 8 10 13 14 1
3 11 0 1 4 7 8 12 13 14 1
3 11 0 1 4 7 9 10 12 13 1
3 11 0 1 4 7 9 10 12 14 1
3 11 0 1 4 7 9 10 13 14 1
3 11 0 1 4 7 9 12 13 14 1
3 11 0 1 4 7 10 12 13 14 1
3 11 0 1 4 8 9 10 12 13 1.41421
3 11 0 1 4 8 9 10 12 14 1.41421
3 11 0 1 4 8 9 10 13 14 1.41421
3 11 0 1 4 8 9 12 13 14 1.41421
3 11 0 1 4 8 10 12 13 14 1.41421
3 11 0 1 4 9 10 12 13 14 1.41421
3 11 0 1 5 6 7 8 9 10 0
3 11 0 1 5 6 7 8 9 12 1.41421
3 11 0 1 5 6 7 8 9 13 1.41421
3 11 0 1 5 6 7 8 9 14 1
3 11 0 1 5 6 7 8 10 12 0
3 11 0 1 5 6 7 8 10 13 0
3 11 0 1 5 6 7 8 10 14 0
3 11 0 1 5 6 7 8 12 13 1.41421
3 11 0 1 5 6 7 8 12 14 1
3 11 0 1 5 6 7 8 13 14 1
3 11 0 1 5 6 7 9 10 12 0
3 11 0 1 5 6 7 9 10 13 0
3 11 0 1 5 6 7 9 10 14 0
3 11 0 1 5 6 7 9 12 13 1.73205
3 11 0 1 5 6 7 9 12 14 1.41421
3 11 0 1 5 6 7 9 13 14 1.41421
3 11 0 1 5 6 7 10 12 13 0
3 11 0 1 5 6 7 10 12 14 0
3 11 0 1 5 6 7 10 13 14 0
3 11 0 1 5 6 7 12 13 14 1.41421
3 11 0 1 5 6 8 9 10 12 0
3 11 0 1 5 6 8 9 10 13 0
3 11 0 1 5 6 8 9 10 14 0
3 11 0 1 5 6 8 9 12 13 1.41421
3 11 0 1 5 6 8 9 12 14 1
3 11 0 1 5 6 8 9 13 14 1
3 11 0 1 5 6 8 10 12 13 0
3 11 0 1 5 6 8 10 12 14 0
3 11 0 1 5 6 8 10 13 14 0
3 11 0 1 5 6 8 12 13 14 1
3 11 0 1 5 6 9 10 12 13 0
3 11 0 1 5 6 9 10 12 14 0
3 11 0 1 5 6 9 10 13 14 0
3 11 0 1 5 6 9 12 13 14 1.41421
3 11 0 1 5 6 10 12 13 14 0
3 11 0 1 5 7 8 9 10 12 0
3 11 0 1 5 7 8 9 10 13 0
3 11 0 1 5 7 8 9 10 14 0
3 11 0 1 5 7 8 9 12 13 1.41421
3 11 0 1 5 7 8 9 12 14 1
3 11 0 1 5 7 8 9 13 14 1
3 11 0 1 5 7 8 10 12 13 1
3 11 0 1 5 7 8 10 12 14 1
3 11 0 1 5 7 8 10 13 14 1
3 11 0 1 5 7 8 12 13 14 1
3 11 0 1 5 7 9 10 12 13 0
3 11 0 1 5 7 9 10 12 14 0
3 11 0 1 5 7 9 10 13 14 0
3 11 0 1 5 7 9 12 13 14 1.41421
3 11 0 1 5 7 10 12 13 14 1
3 11 0 1 5 8 9 10 12 13 0
3 11 0 1 5 8 9 10 12 14 0
3 11 0 1 5 8 9 10 13 14 0
3 11 0 1 5 8 9 12 13 14 1
3 11 0 1 5 8 10 12 13 14 1
3 11 0 1 5 9 10 12 13 14 0
3 11 0 1 6 7 8 9 10 12 1.41421
3 11 0 1 6 7 8 9 10 13 1.41421
3 11 0 1 6 7 8 9 10 14 1.41421
3 11 0 1 6 7 8 9 12 13 1.73205
3 11 0 1 6 7 8 9 12 14 1.62019
3 11 0 1 6 7 8 9 13 14 1.62019
3 11 0 1 6 7 8 10 12 13 1.41421
3 11 0 1 6 7 8 10 12 14 1.41421
3 11 0 1 6 7 8 10 13 14 1.41421
3 11 0 1 6 7 8 12 13 14 1.62019
3 11 0 1 6 7 9 10 12 13 1.41421
3 11 0 1 6 7 9 10 12 14 1.41421
3 11 0 1 6 7 9 10 13 14 1.41421
3 11 0 1 6 7 9 12 13 14 1.73205
3 11 0 1 6 7 10 12 13 14 1.41421
3 11 0 1 6 8 9 10 12 13 1.73205
3 11 0 1 6 8 9 10 12 14 1.73205
3 11 0 1 6 8 9 10 13 14 1.73205
3 11 0 1 6 8 9 12 13 14 1.85164
3 11 0 1 6 8 10 12 13 14 1.73205
3 11 0 1 6 9 10 12 13 14 1.73205
3 11 0 1 7 8 9 10 12 13 1.41421
3 11 0 1 7 8 9 10 12 14 1.41421
3 11 0 1 7 8 9 10 13 14 1.41421
3 11 0 1 7 8 9 12 13 14 1.62019
3 11 0 1 7 8 10 12 13 14 1.41421
3 11 0 1 7 9 10 12 13 14 1.41421
3 11 0 1 8 9 10 12 13 14 1.73205
3 11 0 2 4 5 6 7 8 9 1.41421
3 11 0 2 4 5 6 7 8 10 1.41421
3 11 0 2 4 5 6 7 8 12 1
3 11 0 2 4 5 6 7 8 13 1
3 11 0 2 4 5 6 7 8 14 1.41421
3 11 0 2 4 5 6 7 9 10 1.73205
3 11 0 2 4 5 6 7 9 12 1.73205
3 11 0 2 4 5 6 7 9 13 1.73205
3 11 0 2 4 5 6 7 9 14 1.85164
3 11 0 2 4 5 6 7 10 12 1.41421
3 11 0 2 4 5 6 7 10 13 1.41421
3 11 0 2 4 5 6 7 10 14 1.73205
3 11 0 2 4 5 6 7 12 13 1.62019
3 11 0 2 4 5 6 7 12 14 1.62019
3 11 0 2 4 5 6 7 13 14 1.62019
3 11 0 2 4 5 6 8 9 10 1.73205
3 11 0 2 4 5 6 8 9 12 1.41421
3 11 0 2 4 5 6 8 9 13 1.41421
3 11 0 2 4 5 6 8 9 14 1.73205
3 11 0 2 4 5 6 8 10 12 1.41421
3 11 0 2 4 5 6 8 10 13 1.41421
3 11 0 2 4 5 6 8 10 14 1.73205
3 11 0 2 4 5 6 8 12 13 1
3 11 0 2 4 5 6 8 12 14 1.41421
3 11 0 2 4 5 6 8 13 14 1.41421
3 11 0 2 4 5 6 9 10 12 1.73205
3 11 0 2 4 5 6 9 10 13 1.73205
3 11 0 2 4 5 6 9 10 14 2
3 11 0 2 4 5 6 9 12 13 1.73205
3 11 0 2 4 5 6 9 12 14 1.85164
3 11 0 2 4 5 6 9 13 14 1.85164
3 11 0 2 4 5 6 10 12 13 1.41421
3 11 0 2 4 5 6 10 12 14 1.73205
3 11 0 2 4 5 6 10 13 14 1.73205
3 11 0 2 4 5 6 12 13 14 1.62019
3 11 0 2 4 5 7 8 9 10 1.41421
3 11 0 2 4 5 7 8 9 12 1
3 11 0 2 4 5 7 8 9 13 1
3 11 0 2 4 5 7 8 9 14 1.41421
3 11 0 2 4 5 7 8 10 12 1
3 11 0 2 4 5 7 8 10 13 1
3 11 0 2 4 5 7 8 10 14 1.41421
3 11 0 2 4 5 7 8 12 13 1
3 11 0 2 4 5 7 8 12 14 1
3 11 0 2 4 5 7 8 13 14 1
3 11 0 2 4 5 7 9 10 12 1.41421
3 11 0 2 4 5 7 9 10 13 1.41421
3 11 0 2 4 5 7 9 10 14 1.73205
3 11 0 2 4 5 7 9 12 13 1.62019
3 11 0 2 4 5 7 9 12 14 1.62019
3 11 0 2 4 5 7 9 13 14 1.62019
3 11 0 2 4 5 7 10 12 13 1
3 11 0 2 4 5 7 10 12 14 1.41421
3 11 0 2 4 5 7 10 13 14 1.41421
3 11 0 2 4 5 7 12 13 14 1.41421
3 11 0 2 4 5 8 9 10 12 1.41421
3 11 0 2 4 5 8 9 10 13 1.41421
3 11 0 2 4 5 8 9 10 14 1.73205
3 11 0 2 4 5 8 9 12 13 1
3 11 0 2 4 5 8 9 12 14 1.41421
3 11 0 2 4 5 8 9 13 14 1.41421
3 11 0 2 4 5 8 10 12 13 1
3 11 0 2 4 5 8 10 12 14 1.41421
3 11 0 2 4 5 8 10 13 14 1.41421
3 11 0 2 4 5 8 12 13 14 1
3 11 0 2 4 5 9 10 12 13 1.41421
3 11 0 2 4 5 9 10 12 14 1.73205
3 11 0 2 4 5 9 10 13 14 1.73205
3 11 0 2 4 5 9 12 13 14 1.62019
3 11 0 2 4 5 10 12 13 14 1.41421
3 11 0 2 4 6 7 8 9 10 1.41421
3 11 0 2 4 6 7 8 9 12 1
3 11 0 2 4 6 7 8 9 13 1
3 11 0 2 4 6 7 8 9 14 1.41421
3 11 0 2 4 6 7 8 10 12 1
3 11 0 2 4 6 7 8 10 13 1
3 11 0 2 4 6 7 8 10 14 1.41421
3 11 0 2 4 6 7 8 12 13 1
3 11 0 2 4 6 7 8 12 14 1
3 11 0 2 4 6 7 8 13 14 1
3 11 0 2 4 6 7 9 10 12 1.41421
3 11 0 2 4 6 7 9 10 13 1.41421
3 11 0 2 4 6 7 9 10 14 1.73205
3 11 0 2 4 6 7 9 12 13 1.62019
3 11 0 2 4 6 7 9 12 14 1.62019
3 11 0 2 4 6 7 9 13 14 1.62019
3 11 0 2 4 6 7 10 12 13 1
3 11 0 2 4 6 7 10 12 14 1.41421
3 11 0 2 4 6 7 10 13 14 1.41421
3 11 0 2 4 6 7 12 13 14 1.41421
3 11 0 2 4 6 8 9 10 12 1.62019
3 11 0 2 4 6 8 9 10 13 1.62019
3 11 0 2 4 6 8 9 10 14 1.85164
3 11 0 2 4 6 8 9 12 13 1.41421
3 11 0 2 4 6 8 9 12 14 1.62019
3 11 0 2 4 6 8 9 13 14 1.62019
3 11 0 2 4 6 8 10 12 13 1.41421
3 11 0 2 4 6 8 10 12 14 1.62019
3 11 0 2 4 6 8 10 13 14 1.62019
3 11 0 2 4 6 8 12 13 14 1.41421
3 11 0 2 4 6 9 10 12 13 1.62019
3 11 0 2 4 6 9 10 12 14 1.85164
3 11 0 2 4 6 9 10 13 14 1.85164
3 11 0 2 4 6 9 12 13 14 1.73205
3 11 0 2 4 6 10 12 13 14 1.62019
3 11 0 2 4 7 8 9 10 12 1
3 11 0 2 4 7 8 9 10 13 1
3 11 0 2 4 7 8 9 10 14 1.41421
3 11 0 2 4 7 8 9 12 13 1
3 11 0 2 4 7 8 9 12 14 1
3 11 0 2 4 7 8 9 13 14 1
3 11 0 2 4 7 8 10 12 13 1
3 11 0 2 4 7 8 10 12 14 1
3 11 0 2 4 7 8 10 13 14 1
3 11 0 2 4 7 8 12 13 14 1
3 11 0 2 4 7 9 10 12 13 1
3 11 0 2 4 7 9 10 12 14 1.41421
3 11 0 2 4 7 9 10 13 14 1.41421
3 11 0 2 4 7 9 12 13 14 1.41421
3 11 0 2 4 7 10 12 13 14 1
3 11 0 2 4 8 9 10 12 13 1.41421
3 11 0 2 4 8 9 10 12 14 1.62019
3 11 0 2 4 8 9 10 13 14 1.62019
3 11 0 2 4 8 9 12 13 14 1.41421
3 11 0 2 4 8 10 12 13 14 1.41421
3 11 0 2 4 9 10 12 13 14 1.62019
3 11 0 2 5 6 7 8 9 10 1.41421
3 11 0 2 5 6 7 8 9 12 1.41421
3 11 0 2 5 6 7 8 9 13 1.41421
3 11 0 2 5 6 7 8 9 14 1.41421
3 11 0 2 5 6 7 8 10 12 1
3 11 0 2 5 6 7 8 10 13 1
3 11 0 2 5 6 7 8 10 14 1.41421
3 11 0 2 5 6 7 8 12 13 1.41421
3 11 0 2 5 6 7 8 12 14 1
3 11 0 2 5 6 7 8 13 14 1
3 11 0 2 5 6 7 9 10 12 1.41421
3 11 0 2 5 6 7 9 10 13 1.41421
3 11 0 2 5 6 7 9 10 14 1.73205
3 11 0 2 5 6 7 9 12 13 1.85164
3 11 0 2 5 6 7 9 12 14 1.73205
3 11 0 2 5 6 7 9 13 14 1.73205
3 11 0 2 5 6 7 10 12 13 1
3 11 0 2 5 6 7 10 12 14 1.41421
3 11 0 2 5 6 7 10 13 14 1.41421
3 11 0 2 5 6 7 12 13 14 1.62019
3 11 0 2 5 6 8 9 10 12 1.41421
3 11 0 2 5 6 8 9 10 13 1.41421
3 11 0 2 5 6 8 9 10 14 1.73205
3 11 0 2 5 6 8 9 12 13 1.41421
3 11 0 2 5 6 8 9 12 14 1.41421
3 11 0 2 5 6 8 9 13 14 1.41421
3 11 0 2 5 6 8 10 12 13 1
3 11 0 2 5 6 8 10 12 14 1.41421
3 11 0 2 5 6 8 10 13 14 1.41421
3 11 0 2 5 6 8 12 13 14 1
3 11 0 2 5 6 9 10 12 13 1.41421
3 11 0 2 5 6 9 10 12 14 1.73205
3 11 0 2 5 6 9 10 13 14 1.73205
3 11 0 2 5 6 9 12 13 14 1.73205
3 11 0 2 5 6 10 12 13 14 1.41421
3 11 0 2 5 7 8 9 10 12 1
3 11 0 2 5 7 8 9 10 13 1
3 11 0 2 5 7 8 9 10 14 1.41421
3 11 0 2 5 7 8 9 12 13 1.41421
3 11 0 2 5 7 8 9 12 14 1
3 11 0 2 5 7 8 9 13 14 1
3 11 0 2 5 7 8 10 12 13 1
3 11 0 2 5 7 8 10 12 14 1
3 11 0 2 5 7 8 10 13 14 1
3 11 0 2 5 7 8 12 13 14 1
3 11 0 2 5 7 9 10 12 13 1
3 11 0 2 5 7 9 10 12 14 1.41421
3 11 0 2 5 7 9 10 13 14 1.41421
3 11 0 2 5 7 9 12 13 14 1.62019
3 11 0 2 5 7 10 12 13 14 1
3 11 0 2 5 8 9 10 12 13 1
3 11 0 2 5 8 9 10 12 14 1.41421
3 11 0 2 5 8 9 10 13 14 1.41421
3 11 0 2 5 8 9 12 13 14 1
3 11 0 2 5 8 10 12 13 14 1
3 11 0 2 5 9 10 12 13 14 1.41421
3 11 0 2 6 7 8 9 10 12 1
3 11 0 2 6 7 8 9 10 13 1
3 11 0 2 6 7 8 9 10 14 1.41421
3 11 0 2 6 7 8 9 12 13 1.62019
3 11 0 2 6 7 8 9 12 14 1.41421
3 11 0 2 6 7 8 9 13 14 1.41421
3 11 0 2 6 7 8 10 12 13 1
3 11 0 2 6 7 8 10 12 14 1
3 11 0 2 6 7 8 10 13 14 1
3 11 0 2 6 7 8 12 13 14 1.41421
3 11 0 2 6 7 9 10 12 13 1
3 11 0 2 6 7 9 10 12 14 1.41421
3 11 0 2 6 7 9 10 13 14 1.41421
3 11 0 2 6 7 9 12 13 14 1.73205
3 11 0 2 6 7 10 12 13 14 1
3 11 0 2 6 8 9 10 12 13 1.62019
3 11 0 2 6 8 9 10 12 14 1.73205
3 11 0 2 6 8 9 10 13 14 1.73205
3 11 0 2 6 8 9 12 13 14 1.73205
3 11 0 2 6 8 10 12 13 14 1.62019
3 11 0 2 6 9 10 12 13 14 1.73205
3 11 0 2 7 8 9 10 12 13 1
3 11 0 2 7 8 9 10 12 14 1
3 11 0 2 7 8 9 10 13 14 1
3 11 0 2 7 8 9 12 13 14 1.41421
3 11 0 2 7 8 10 12 13 14 1
3 11 0 2 7 9 10 12 13 14 1
3 11 0 2 8 9 10 12 13 14 1.62019
3 11 0 4 5 6 7 8 9 10 1.73205
3 11 0 4 5 6 7 8 9 12 1.41421
3 11 0 4 5 6 7 8 9 13 1.41421
3 11 0 4 5 6 7 8 9 14 1.73205
3 11 0 4 5 6 7 8 10 12 1.41421
3 11 0 4 5 6 7 8 10 13 1.41421
3 11 0 4 5 6 7 8 10 14 1.73205
3 11 0 4 5 6 7 8 12 13 1
3 11 0 4 5 6 7 8 12 14 1.41421
3 11 0 4 5 6 7 8 13 14 1.41421
3 11 0 4 5 6 7 9 10 12 1.73205
3 11 0 4 5 6 7 9 10 13 1.73205
3 11 0 4 5 6 7 9 10 14 2
3 11 0 4 5 6 7 9 12 13 1.73205
3 11 0 4 5 6 7 9 12 14 1.85164
3 11 0 4 5 6 7 9 13 14 1.85164
3 11 0 4 5 6 7 10 12 13 1.41421
3 11 0 4 5 6 7 10 12 14 1.73205
3 11 0 4 5 6 7 10 13 14 1.73205
3 11 0 4 5 6 7 12 13 14 1.62019
3 11 0 4 5 6 8 9 10 12 1.73205
3 11 0 4 5 6 8 9 10 13 1.73205
3 11 0 4 5 6 8 9 10 14 2
3 11 0 4 5 6 8 9 12 13 1.41421
3 11 0 4 5 6 8 9 12 14 1.73205
3 11 0 4 5 6 8 9 13 14 1.73205
3 11 0 4 5 6 8 10 12 13 1.41421
3 11 0 4 5 6 8 10 12 14 1.73205
3 11 0 4 5 6 8 10 13 14 1.73205
3 11 0 4 5 6 8 12 13 14 1.41421
3 11 0 4 5 6 9 10 12 13 1.73205
3 11 0 4 5 6 9 10 12 14 2
3 11 0 4 5 6 9 10 13 14 2
3 11 0 4 5 6 9 12 13 14 1.85164
3 11 0 4 5 6 10 12 13 14 1.73205
3 11 0 4 5 7 8 9 10 12 1.41421
3 11 0 4 5 7 8 9 10 13 1.41421
3 11 0 4 5 7 8 9 10 14 1.73205
3 11 0 4 5 7 8 9 12 13 1
3 11 0 4 5 7 8 9 12 14 1.41421
3 11 0 4 5 7 8 9 13 14 1.41421
3 11 0 4 5 7 8 10 12 13 1
3 11 0 4 5 7 8 10 12 14 1.41421
3 11 0 4 5 7 8 10 13 14 1.41421
3 11 0 4 5 7 8 12 13 14 1
3 11 0 4 5 7 9 10 12 13 1.41421
3 11 0 4 5 7 9 10 12 14 1.73205
3 11 0 4 5 7 9 10 13 14 1.73205
3 11 0 4 5 7 9 12 13 14 1.62019
3 11 0 4 5 7 10 12 13 14 1.41421
3 11 0 4 5 8 9 10 12 13 1.41421
3 11 0 4 5 8 9 10 12 14 1.73205
3 11 0 4 5 8 9 10 13 14 1.73205
3 11 0 4 5 8 9 12 13 14 1.41421
3 11 0 4 5 8 10 12 13 14 1.41421
3 11 0 4 5 9 10 12 13 14 1.73205
3 11 0 4 6 7 8 9 10 12 1.62019
3 11 0 4 6 7 8 9 10 13 1.62019
3 11 0 4 6 7 8 9 10 14 1.85164
3 11 0 4 6 7 8 9 12 13 1.41421
3 11 0 4 6 7 8 9 12 14 1.62019
3 11 0 4 6 7 8 9 13 14 1.62019
3 11 0 4 6 7 8 10 12 13 1.41421
3 11 0 4 6 7 8 10 12 14 1.62019
3 11 0 4 6 7 8 10 13 14 1.62019
3 11 0 4 6 7 8 12 13 14 1.41421
3 11 0 4 6 7 9 10 12 13 1.62019
3 11 0 4 6 7 9 10 12 14 1.85164
3 11 0 4 6 7 9 10 13 14 1.85164
3 11 0 4 6 7 9 12 13 14 1.73205
3 11 0 4 6 7 10 12 13 14 1.62019
3 11 0 4 6 8 9 10 12 13 2
3 11 0 4 6 8 9 10 12 14 2.13664
3 11 0 4 6 8 9 10 13 14 2.13664
3 11 0 4 6 8 9 12 13 14 2
3 11 0 4 6 8 10 12 13 14 2
3 11 0 4 6 9 10 12 13 14 2.13664
3 11 0 4 7 8 9 10 12 13 1.41421
3 11 0 4 7 8 9 10 12 14 1.62019
3 11 0 4 7 8 9 10 13 14 1.62019
3 11 0 4 7 8 9 12 13 14 1.41421
3 11 0 4 7 8 10 12 13 14 1.41421
3 11 0 4 7 9 10 12 13 14 1.62019
3 11 0 4 8 9 10 12 13 14 2
3 11 0 5 6 7 8 9 10 12 1.41421
3 11 0 5 6 7 8 9 10 13 1.41421
3 11 0 5 6 7 8 9 10 14 1.73205
3 11 0 5 6 7 8 9 12 13 1.41421
3 11 0 5 6 7 8 9 12 14 1.41421
3 11 0 5 6 7 8 9 13 14 1.41421
3 11 0 5 6 7 8 10 12 13 1
3 11 0 5 6 7 8 10 12 14 1.41421
3 11 0 5 6 7 8 10 13 14 1.41421
3 11 0 5 6 7 8 12 13 14 1
3 11 0 5 6 7 9 10 12 13 1.41421
3 11 0 5 6 7 9 10 12 14 1.73205
3 11 0 5 6 7 9 10 13 14 1.73205
3 11 0 5 6 7 9 12 13 14 1.73205
3 11 0 5 6 7 10 12 13 14 1.41421
3 11 0 5 6 8 9 10 12 13 1.41421
3 11 0 5 6 8 9 10 12 14 1.73205
3 11 0 5 6 8 9 10 13 14 1.73205
3 11 0 5 6 8 9 12 13 14 1.41421
3 11 0 5 6 8 10 12 13 14 1.41421
3 11 0 5 6 9 10 12 13 14 1.73205
3 11 0 5 7 8 9 10 12 13 1
3 11 0 5 7 8 9 10 12 14 1.41421
3 11 0 5 7 8 9 10 13 14 1.41421
3 11 0 5 7 8 9 12 13 14 1
3 11 0 5 7 8 10 12 13 14 1
3 11 0 5 7 9 10 12 13 14 1.41421
3 11 0 5 8 9 10 12 13 14 1.41421
3 11 0 6 7 8 9 10 12 13 1.62019
3 11 0 6 7 8 9 10 12 14 1.73205
3 11 0 6 7 8 9 10 13 14 1.73205
3 11 0 6 7 8 9 12 13 14 1.73205
3 11 0 6 7 8 10 12 13 14 1.62019
3 11 0 6 7 9 10 12 13 14 1.73205
3 11 0 6 8 9 10 12 13 14 2.13664
3 11 0 7 8 9 10 12 13 14 1.62019
3 11 1 2 4 5 6 7 8 9 1
3 11 1 2 4 5 6 7 8 10 1
3 11 1 2 4 5 6 7 8 12 1
3 11 1 2 4 5 6 7 8 13 1
3 11 1 2 4 5 6 7 8 14 1
3 11 1 2 4 5 6 7 9 10 1
3 11 1 2 4 5 6 7 9 12 1.41421
3 11 1 2 4 5 6 7 9 13 1.41421
3 11 1 2 4 5 6 7 9 14 1
3 11 1 2 4 5 6 7 10 12 1
3 11 1 2 4 5 6 7 10 13 0
3 11 1 2 4 5 6 7 10 14 1
3 11 1 2 4 5 6 7 12 13 1.41421
3 11 1 2 4 5 6 7 12 14 1
3 11 1 2 4 5 6 7 13 14 1
3 11 1 2 4 5 6 8 9 10 1
3 11 1 2 4 5 6 8 9 12 1
3 11 1 2 4 5 6 8 9 13 1
3 11 1 2 4 5 6 8 9 14 1
3 11 1 2 4 5 6 8 10 12 1
3 11 1 2 4 5 6 8 10 13 0
3 11 1 2 4 5 6 8 10 14 1
3 11 1 2 4 5 6 8 12 13 1
3 11 1 2 4 5 6 8 12 14 1
3 11 1 2 4 5 6 8 13 14 0
3 11 1 2 4 5 6 9 10 12 1
3 11 1 2 4 5 6 9 10 13 0
3 11 1 2 4 5 6 9 10 14 1
3 11 1 2 4 5 6 9 12 13 1.41421
3 11 1 2 4 5 6 9 12 14 1
3 11 1 2 4 5 6 9 13 14 1
3 11 1 2 4 5 6 10 12 13 0
3 11 1 2 4 5 6 10 12 14 1
3 11 1 2 4 5 6 10 13 14 0
3 11 1 2 4 5 6 12 13 14 1
3 11 1 2 4 5 7 8 9 10 1
3 11 1 2 4 5 7 8 9 12 1
3 11 1 2 4 5 7 8 9 13 1
3 11 1 2 4 5 7 8 9 14 1
3 11 1 2 4 5 7 8 10 12 1
3 11 1 2 4 5 7 8 10 13 1
3 11 1 2 4 5 7 8 10 14 1
3 11 1 2 4 5 7 8 12 13 1
3 11 1 2 4 5 7 8 12 14 1
3 11 1 2 4 5 7 8 13 14 1
3 11 1 2 4 5 7 9 10 12 1
3 11 1 2 4 5 7 9 10 13 0
3 11 1 2 4 5 7 9 10 14 1
3 11 1 2 4 5 7 9 12 13 1.41421
3 11 1 2 4 5 7 9 12 14 1
3 11 1 2 4 5 7 9 13 14 1
3 11 1 2 4 5 7 10 12 13 1
3 11 1 2 4 5 7 10 12 14 1
3 11 1 2 4 5 7 10 13 14 1
3 11 1 2 4 5 7 12 13 14 1
3 11 1 2 4 5 8 9 10 12 1
3 11 1 2 4 5 8 9 10 13 0
3 11 1 2 4 5 8 9 10 14 1
3 11 1 2 4 5 8 9 12 13 1
3 11 1 2 4 5 8 9 12 14 1
3 11 1 2 4 5 8 9 13 14 0
3 11 1 2 4 5 8 10 12 13 1
3 11 1 2 4 5 8 10 12 14 1
3 11 1 2 4 5 8 10 13 14 1
3 11 1 2 4 5 8 12 13 14 1
3 11 1 2 4 5 9 10 12 13 0
3 11 1 2 4 5 9 10 12 14 1
3 11 1 2 4 5 9 10 13 14 0
3 11 1 2 4 5 9 12 13 14 1
3 11 1 2 4 5 10 12 13 14 1
3 11 1 2 4 6 7 8 9 10 1
3 11 1 2 4 6 7 8 9 12 1
3 11 1 2 4 6 7 8 9 13 1
3 11 1 2 4 6 7 8 9 14 1
3 11 1 2 4 6 7 8 10 12 1
3 11 1 2 4 6 7 8 10 13 0
3 11 1 2 4 6 7 8 10 14 1
3 11 1 2 4 6 7 8 12 13 1
3 11 1 2 4 6 7 8 12 14 1
3 11 1 2 4 6 7 8 13 14 0
3 11 1 2 4 6 7 9 10 12 1
3 11 1 2 4 6 7 9 10 13 0
3 11 1 2 4 6 7 9 10 14 1
3 11 1 2 4 6 7 9 12 13 1.41421
3 11 1 2 4 6 7 9 12 14 1
3 11 1 2 4 6 7 9 13 14 1
3 11 1 2 4 6 7 10 12 13 0
3 11 1 2 4 6 7 10 12 14 1
3 11 1 2 4 6 7 10 13 14 0
3 11 1 2 4 6 7 12 13 14 1
3 11 1 2 4 6 8 9 10 12 1
3 11 1 2 4 6 8 9 10 13 1
3 11 1 2 4 6 8 9 10 14 1
3 11 1 2 4 6 8 9 12 13 1
3 11 1 2 4 6 8 9 12 14 1
3 11 1 2 4 6 8 9 13 14 1
3 11 1 2 4 6 8 10 12 13 1
3 11 1 2 4 6 8 10 12 14 1
3 11 1 2 4 6 8 10 13 14 1
3 11 1 2 4 6 8 12 13 14 1
3 11 1 2 4 6 9 10 12 13 1
3 11 1 2 4 6 9 10 12 14 1
3 11 1 2 4 6 9 10 13 14 1
3 11 1 2 4 6 9 12 13 14 1
3 11 1 2 4 6 10 12 13 14 1
3 11 1 2 4 7 8 9 10 12 1
3 11 1 2 4 7 8 9 10 13 0
3 11 1 2 4 7 8 9 10 14 1
3 11 1 2 4 7 8 9 12 13 1
3 11 1 2 4 7 8 9 12 14 1
3 11 1 2 4 7 8 9 13 14 0
3 11 1 2 4 7 8 10 12 13 1
3 11 1 2 4 7 8 10 12 14 1
3 11 1 2 4 7 8 10 13 14 1
3 11 1 2 4 7 8 12 13 14 1
3 11 1 2 4 7 9 10 12 13 0
3 11 1 2 4 7 9 10 12 14 1
3 11 1 2 4 7 9 10 13 14 0
3 11 1 2 4 7 9 12 13 14 1
3 11 1 2 4 7 10 12 13 14 1
3 11 1 2 4 8 9 10 12 13 1
3 11 1 2 4 8 9 10 12 14 1
3 11 1 2 4 8 9 10 13 14 1
3 11 1 2 4 8 9 12 13 14 1
3 11 1 2 4 8 10 12 13 14 1
3 11 1 2 4 9 10 12 13 14 1
3 11 1 2 5 6 7 8 9 10 1
3 11 1 2 5 6 7 8 9 12 1.41421
3 11 1 2 5 6 7 8 9 13 1.41421
3 11 1 2 5 6 7 8 9 14 1
3 11 1 2 5 6 7 8 10 12 1
3 11 1 2 5 6 7 8 10 13 0
3 11 1 2 5 6 7 8 10 14 1
3 11 1 2 5 6 7 8 12 13 1.41421
3 11 1 2 5 6 7 8 12 14 1
3 11 1 2 5 6 7 8 13 14 1
3 11 1 2 5 6 7 9 10 12 1
3 11 1 2 5 6 7 9 10 13 0
3 11 1 2 5 6 7 9 10 14 1
3 11 1 2 5 6 7 9 12 13 1.73205
3 11 1 2 5 6 7 9 12 14 1.41421
3 11 1 2 5 6 7 9 13 14 1.41421
3 11 1 2 5 6 7 10 12 13 0
3 11 1 2 5 6 7 10 12 14 1
3 11 1 2 5 6 7 10 13 14 0
3 11 1 2 5 6 7 12 13 14 1.41421
3 11 1 2 5 6 8 9 10 12 1
3 11 1 2 5 6 8 9 10 13 0
3 11 1 2 5 6 8 9 10 14 1
3 11 1 2 5 6 8 9 12 13 1.41421
3 11 1 2 5 6 8 9 12 14 1
3 11 1 2 5 6 8 9 13 14 1
3 11 1 2 5 6 8 10 12 13 0
3 11 1 2 5 6 8 10 12 14 1
3 11 1 2 5 6 8 10 13 14 0
3 11 1 2 5 6 8 12 13 14 1
3 11 1 2 5 6 9 10 12 13 0
3 11 1 2 5 6 9 10 12 14 1
3 11 1 2 5 6 9 10 13 14 0
3 11 1 2 5 6 9 12 13 14 1.41421
3 11 1 2 5 6 10 12 13 14 0
3 11 1 2 5 7 8 9 10 12 1
3 11 1 2 5 7 8 9 10 13 0
3 11 1 2 5 7 8 9 10 14 1
3 11 1 2 5 7 8 9 12 13 1.41421
3 11 1 2 5 7 8 9 12 14 1
3 11 1 2 5 7 8 9 13 14 1
3 11 1 2 5 7 8 10 12 13 1
3 11 1 2 5 7 8 10 12 14 1
3 11 1 2 5 7 8 10 13 14 1
3 11 1 2 5 7 8 12 13 14 1
3 11 1 2 5 7 9 10 12 13 0
3 11 1 2 5 7 9 10 12 14 1
3 11 1 2 5 7 9 10 13 14 0
3 11 1 2 5 7 9 12 13 14 1.41421
3 11 1 2 5 7 10 12 13 14 1
3 11 1 2 5 8 9 10 12 13 0
3 11 1 2 5 8 9 10 12 14 1
3 11 1 2 5 8 9 10 13 14 0
3 11 1 2 5 8 9 12 13 14 1
3 11 1 2 5 8 10 12 13 14 1
3 11 1 2 5 9 10 12 13 14 0
3 11 1 2 6 7 8 9 10 12 1
3 11 1 2 6 7 8 9 10 13 1
3 11 1 2 6 7 8 9 10 14 1
3 11 1 2 6 7 8 9 12 13 1.62019
3 11 1 2 6 7 8 9 12 14 1.41421
3 11 1 2 6 7 8 9 13 14 1.41421
3 11 1 2 6 7 8 10 12 13 1
3 11 1 2 6 7 8 10 12 14 1
3 11 1 2 6 7 8 10 13 14 1
3 11 1 2 6 7 8 12 13 14 1.41421
3 11 1 2 6 7 9 10 12 13 1
3 11 1 2 6 7 9 10 12 14 1
3 11 1 2 6 7 9 10 13 14 1
3 11 1 2 6 7 9 12 13 14 1.62019
3 11 1 2 6 7 10 12 13 14 1
3 11 1 2 6 8 9 10 12 13 1.41421
3 11 1 2 6 8 9 10 12 14 1.41421
3 11 1 2 6 8 9 10 13 14 1.41421
3 11 1 2 6 8 9 12 13 14 1.62019
3 11 1 2 6 8 10 12 13 14 1.41421
3 11 1 2 6 9 10 12 13 14 1.41421
3 11 1 2 7 8 9 10 12 13 1
3 11 1 2 7 8 9 10 12 14 1
3 11 1 2 7 8 9 10 13 14 1
3 11 1 2 7 8 9 12 13 14 1.41421
3 11 1 2 7 8 10 12 13 14 1
3 11 1 2 7 9 10 12 13 14 1
3 11 1 2 8 9 10 12 13 14 1.41421
3 11 1 4 5 6 7 8 9 10 1
3 11 1 4 5 6 7 8 9 12 1
3 11 1 4 5 6 7 8 9 13 1
3 11 1 4 5 6 7 8 9 14 1
3 11 1 4 5 6 7 8 10 12 1
3 11 1 4 5 6 7 8 10 13 0
3 11 1 4 5 6 7 8 10 14 1
3 11 1 4 5 6 7 8 12 13 1
3 11 1 4 5 6 7 8 12 14 1
3 11 1 4 5 6 7 8 13 14 0
3 11 1 4 5 6 7 9 10 12 1
3 11 1 4 5 6 7 9 10 13 0
3 11 1 4 5 6 7 9 10 14 1
3 11 1 4 5 6 7 9 12 13 1.41421
3 11 1 4 5 6 7 9 12 14 1
3 11 1 4 5 6 7 9 13 14 1
3 11 1 4 5 6 7 10 12 13 0
3 11 1 4 5 6 7 10 12 14 1
3 11 1 4 5 6 7 10 13 14 0
3 11 1 4 5 6 7 12 13 14 1
3 11 1 4 5 6 8 9 10 12 1
3 11 1 4 5 6 8 9 10 13 0
3 11 1 4 5 6 8 9 10 14 1
3 11 1 4 5 6 8 9 12 13 1
3 11 1 4 5 6 8 9 12 14 1
3 11 1 4 5 6 8 9 13 14 0
3 11 1 4 5 6 8 10 12 13 0
3 11 1 4 5 6 8 10 12 14 1
3 11 1 4 5 6 8 10 13 14 0
3 11 1 4 5 6 8 12 13 14 0
3 11 1 4 5 6 9 10 12 13 0
3 11 1 4 5 6 9 10 12 14 1
3 11 1 4 5 6 9 10 13 14 0
3 11 1 4 5 6 9 12 13 14 1
3 11 1 4 5 6 10 12 13 14 0
3 11 1 4 5 7 8 9 10 12 1
3 11 1 4 5 7 8 9 10 13 0
3 11 1 4 5 7 8 9 10 14 1
3 11 1 4 5 7 8 9 12 13 1
3 11 1 4 5 7 8 9 12 14 1
3 11 1 4 5 7 8 9 13 14 0
3 11 1 4 5 7 8 10 12 13 1
3 11 1 4 5 7 8 10 12 14 1
3 11 1 4 5 7 8 10 13 14 1
3 11 1 4 5 7 8 12 13 14 1
3 11 1 4 5 7 9 10 12 13 0
3 11 1 4 5 7 9 10 12 14 1
3 11 1 4 5 7 9 10 13 14 0
3 11 1 4 5 7 9 12 13 14 1
3 11 1 4 5 7 10 12 13 14 1
3 11 1 4 5 8 9 10 12 13 0
3 11 1 4 5 8 9 10 12 14 1
3 11 1 4 5 8 9 10 13 14 0
3 11 1 4 5 8 9 12 13 14 0
3 11 1 4 5 8 10 12 13 14 1
3 11 1 4 5 9 10 12 13 14 0
3 11 1 4 6 7 8 9 10 12 1
3 11 1 4 6 7 8 9 10 13 1
3 11 1 4 6 7 8 9 10 14 1
3 11 1 4 6 7 8 9 12 13 1
3 11 1 4 6 7 8 9 12 14 1
3 11 1 4 6 7 8 9 13 14 1
3 11 1 4 6 7 8 10 12 13 1
3 11 1 4 6 7 8 10 12 14 1
3 11 1 4 6 7 8 10 13 14 1
3 11 1 4 6 7 8 12 13 14 1
3 11 1 4 6 7 9 10 12 13 1
3 11 1 4 6 7 9 10 12 14 1
3 11 1 4 6 7 9 10 13 14 1
3 11 1 4 6 7 9 12 13 14 1
3 11 1 4 6 7 10 12 13 14 1
3 11 1 4 6 8 9 10 12 13 1.41421
3 11 1 4 6 8 9 10 12 14 1.41421
3 11 1 4 6 8 9 10 13 14 1.41421
3 11 1 4 6 8 9 12 13 14 1.41421
3 11 1 4 6 8 10 12 13 14 1.41421
3 11 1 4 6 9 10 12 13 14 1.41421
3 11 1 4 7 8 9 10 12 13 1
3 11 1 4 7 8 9 10 12 14 1
3 11 1 4 7 8 9 10 13 14 1
3 11 1 4 7 8 9 12 13 14 1
3 11 1 4 7 8 10 12 13 14 1
3 11 1 4 7 9 10 12 13 14 1
3 11 1 4 8 9 10 12 13 14 1.41421
3 11 1 5 6 7 8 9 10 12 1
3 11 1 5 6 7 8 9 10 13 0
3 11 1 5 6 7 8 9 10 14 1
3 11 1 5 6 7 8 9 12 13 1.41421
3 11 1 5 6 7 8 9 12 14 1
3 11 1 5 6 7 8 9 13 14 1
3 11 1 5 6 7 8 10 12 13 0
3 11 1 5 6 7 8 10 12 14 1
3 11 1 5 6 7 8 10 13 14 0
3 11 1 5 6 7 8 12 13 14 1
3 11 1 5 6 7 9 10 12 13 0
3 11 1 5 6 7 9 10 12 14 1
3 11 1 5 6 7 9 10 13 14 0
3 11 1 5 6 7 9 12 13 14 1.41421
3 11 1 5 6 7 10 12 13 14 0
3 11 1 5 6 8 9 10 12 13 0
3 11 1 5 6 8 9 10 12 14 1
3 11 1 5 6 8 9 10 13 14 0
3 11 1 5 6 8 9 12 13 14 1
3 11 1 5 6 8 10 12 13 14 0
3 11 1 5 6 9 10 12 13 14 0
3 11 1 5 7 8 9 10 12 13 0
3 11 1 5 7 8 9 10 12 14 1
3 11 1 5 7 8 9 10 13 14 0
3 11 1 5 7 8 9 12 13 14 1
3 11 1 5 7 8 10 12 13 14 1
3 11 1 5 7 9 10 12 13 14 0
3 11 1 5 8 9 10 12 13 14 0
3 11 1 6 7 8 9 10 12 13 1.41421
3 11 1 6 7 8 9 10 12 14 1.41421
3 11 1 6 7 8 9 10 13 14 1.41421
3 11 1 6 7 8 9 12 13 14 1.62019
3 11 1 6 7 8 10 12 13 14 1.41421
3 11 1 6 7 9 10 12 13 14 1.41421
3 11 1 6 8 9 10 12 13 14 1.73205
3 11 1 7 8 9 10 12 13 14 1.41421
3 11 2 4 5 6 7 8 9 10 1.62019
3 11 2 4 5 6 7 8 9 12 1.41421
3 11 2 4 5 6 7 8 9 13 1
3 11 2 4 5 6 7 8 9 14 1.62019
3 11 2 4 5 6 7 8 10 12 1.41421
3 11 2 4 5 6 7 8 10 13 1
3 11 2 4 5 6 7 8 10 14 1.62019
3 11 2 4 5 6 7 8 12 13 1
3 11 2 4 5 6 7 8 12 14 1.41421
3 11 2 4 5 6 7 8 13 14 1
3 11 2 4 5 6 7 9 10 12 1.62019
3 11 2 4 5 6 7 9 10 13 1.41421
3 11 2 4 5 6 7 9 10 14 1.85164
3 11 2 4 5 6 7 9 12 13 1.62019
3 11 2 4 5 6 7 9 12 14 1.73205
3 11 2 4 5 6 7 9 13 14 1.62019
3 11 2 4 5 6 7 10 12 13 1
3 11 2 4 5 6 7 10 12 14 1.62019
3 11 2 4 5 6 7 10 13 14 1.41421
3 11 2 4 5 6 7 12 13 14 1.41421
3 11 2 4 5 6 8 9 10 12 1.62019
3 11 2 4 5 6 8 9 10 13 1.41421
3 11 2 4 5 6 8 9 10 14 1.85164
3 11 2 4 5 6 8 9 12 13 1
3 11 2 4 5 6 8 9 12 14 1.62019
3 11 2 4 5 6 8 9 13 14 1.41421
3 11 2 4 5 6 8 10 12 13 1
3 11 2 4 5 6 8 10 12 14 1.62019
3 11 2 4 5 6 8 10 13 14 1.41421
3 11 2 4 5 6 8 12 13 14 1
3 11 2 4 5 6 9 10 12 13 1.41421
3 11 2 4 5 6 9 10 12 14 1.85164
3 11 2 4 5 6 9 10 13 14 1.73205
3 11 2 4 5 6 9 12 13 14 1.62019
3 11 2 4 5 6 10 12 13 14 1.41421
3 11 2 4 5 7 8 9 10 12 1.41421
3 11 2 4 5 7 8 9 10 13 1
3 11 2 4 5 7 8 9 10 14 1.62019
3 11 2 4 5 7 8 9 12 13 1
3 11 2 4 5 7 8 9 12 14 1.41421
3 11 2 4 5 7 8 9 13 14 1
3 11 2 4 5 7 8 10 12 13 1
3 11 2 4 5 7 8 10 12 14 1.41421
3 11 2 4 5 7 8 10 13 14 1
3 11 2 4 5 7 8 12 13 14 1
3 11 2 4 5 7 9 10 12 13 1
3 11 2 4 5 7 9 10 12 14 1.62019
3 11 2 4 5 7 9 10 13 14 1.41421
3 11 2 4 5 7 9 12 13 14 1.41421
3 11 2 4 5 7 10 12 13 14 1
3 11 2 4 5 8 9 10 12 13 1
3 11 2 4 5 8 9 10 12 14 1.62019
3 11 2 4 5 8 9 10 13 14 1.41421
3 11 2 4 5 8 9 12 13 14 1
3 11 2 4 5 8 10 12 13 14 1
3 11 2 4 5 9 10 12 13 14 1.41421
3 11 2 4 6 7 8 9 10 12 1.41421
3 11 2 4 6 7 8 9 10 13 1
3 11 2 4 6 7 8 9 10 14 1.62019
3 11 2 4 6 7 8 9 12 13 1
3 11 2 4 6 7 8 9 12 14 1.41421
3 11 2 4 6 7 8 9 13 14 1
3 11 2 4 6 7 8 10 12 13 0
3 11 2 4 6 7 8 10 12 14 1.41421
3 11 2 4 6 7 8 10 13 14 1
3 11 2 4 6 7 8 12 13 14 0
3 11 2 4 6 7 9 10 12 13 1
3 11 2 4 6 7 9 10 12 14 1.62019
3 11 2 4 6 7 9 10 13 14 1.41421
3 11 2 4 6 7 9 12 13 14 1.41421
3 11 2 4 6 7 10 12 13 14 1
3 11 2 4 6 8 9 10 12 13 1.41421
3 11 2 4 6 8 9 10 12 14 1.73205
3 11 2 4 6 8 9 10 13 14 1.62019
3 11 2 4 6 8 9 12 13 14 1.41421
3 11 2 4 6 8 10 12 13 14 1.41421
3 11 2 4 6 9 10 12 13 14 1.62019
3 11 2 4 7 8 9 10 12 13 0
3 11 2 4 7 8 9 10 12 14 1.41421
3 11 2 4 7 8 9 10 13 14 1
3 11 2 4 7 8 9 12 13 14 0
3 11 2 4 7 8 10 12 13 14 1
3 11 2 4 7 9 10 12 13 14 1
3 11 2 4 8 9 10 12 13 14 1.41421
3 11 2 5 6 7 8 9 10 12 1.41421
3 11 2 5 6 7 8 9 10 13 1
3 11 2 5 6 7 8 9 10 14 1.62019
3 11 2 5 6 7 8 9 12 13 1.41421
3 11 2 5 6 7 8 9 12 14 1.41421
3 11 2 5 6 7 8 9 13 14 1
3 11 2 5 6 7 8 10 12 13 0
3 11 2 5 6 7 8 10 12 14 1.41421
3 11 2 5 6 7 8 10 13 14 1
3 11 2 5 6 7 8 12 13 14 1
3 11 2 5 6 7 9 10 12 13 1
3 11 2 5 6 7 9 10 12 14 1.62019
3 11 2 5 6 7 9 10 13 14 1.41421
3 11 2 5 6 7 9 12 13 14 1.62019
3 11 2 5 6 7 10 12 13 14 1
3 11 2 5 6 8 9 10 12 13 1
3 11 2 5 6 8 9 10 12 14 1.62019
3 11 2 5 6 8 9 10 13 14 1.41421
3 11 2 5 6 8 9 12 13 14 1
3 11 2 5 6 8 10 12 13 14 1
3 11 2 5 6 9 10 12 13 14 1.41421
3 11 2 5 7 8 9 10 12 13 0
3 11 2 5 7 8 9 10 12 14 1.41421
3 11 2 5 7 8 9 10 13 14 1
3 11 2 5 7 8 9 12 13 14 1
3 11 2 5 7 8 10 12 13 14 1
3 11 2 5 7 9 10 12 13 14 1
3 11 2 5 8 9 10 12 13 14 1
3 11 2 6 7 8 9 10 12 13 1
3 11 2 6 7 8 9 10 12 14 1.41421
3 11 2 6 7 8 9 10 13 14 1
3 11 2 6 7 8 9 12 13 14 1.41421
3 11 2 6 7 8 10 12 13 14 1
3 11 2 6 7 9 10 12 13 14 1
3 11 2 6 8 9 10 12 13 14 1.62019
3 11 2 7 8 9 10 12 13 14 1
3 11 4 5 6 7 8 9 10 12 1.62019
3 11 4 5 6 7 8 9 10 13 1.41421
3 11 4 5 6 7 8 9 10 14 1.85164
3 11 4 5 6 7 8 9 12 13 1
3 11 4 5 6 7 8 9 12 14 1.62019
3 11 4 5 6 7 8 9 13 14 1.41421
3 11 4 5 6 7 8 10 12 13 1
3 11 4 5 6 7 8 10 12 14 1.62019
3 11 4 5 6 7 8 10 13 14 1.41421
3 11 4 5 6 7 8 12 13 14 1
3 11 4 5 6 7 9 10 12 13 1.41421
3 11 4 5 6 7 9 10 12 14 1.85164
3 11 4 5 6 7 9 10 13 14 1.73205
3 11 4 5 6 7 9 12 13 14 1.62019
3 11 4 5 6 7 10 12 13 14 1.41421
3 11 4 5 6 8 9 10 12 13 1.41421
3 11 4 5 6 8 9 10 12 14 1.85164
3 11 4 5 6 8 9 10 13 14 1.73205
3 11 4 5 6 8 9 12 13 14 1.41421
3 11 4 5 6 8 10 12 13 14 1.41421
3 11 4 5 6 9 10 12 13 14 1.73205
3 11 4 5 7 8 9 10 12 13 1
3 11 4 5 7 8 9 10 12 14 1.62019
3 11 4 5 7 8 9 10 13 14 1.41421
3 11 4 5 7 8 9 12 13 14 1
3 11 4 5 7 8 10 12 13 14 1
3 11 4 5 7 9 10 12 13 14 1.41421
3 11 4 5 8 9 10 12 13 14 1.41421
3 11 4 6 7 8 9 10 12 13 1.41421
3 11 4 6 7 8 9 10 12 14 1.73205
3 11 4 6 7 8 9 10 13 14 1.62019
3 11 4 6 7 8 9 12 13 14 1.41421
3 11 4 6 7 8 10 12 13 14 1.41421
3 11 4 6 7 9 10 12 13 14 1.62019
3 11 4 6 8 9 10 12 13 14 2
3 11 4 7 8 9 10 12 13 14 1.41421
3 11 5 6 7 8 9 10 12 13 1
3 11 5 6 7 8 9 10 12 14 1.62019
3 11 5 6 7 8 9 10 13 14 1.41421
3 11 5 6 7 8 9 12 13 14 1
3 11 5 6 7 8 10 12 13 14 1
3 11 5 6 7 9 10 12 13 14 1.41421
3 11 5 6 8 9 10 12 13 14 1.41421
3 11 5 7 8 9 10 12 13 14 1
3 11 6 7 8 9 10 12 13 14 1.62019
