0 13 1 2 1.97531
0 13 1 3 2
0 13 1 4 2.19089
0 13 1 5 1.90693
0 13 1 6 2.44949
0 13 1 7 1.97531
0 13 1 8 2.38048
0 13 1 9 2.44949
0 13 1 10 2.28446
0 13 1 11 2.23607
0 13 1 12 2.44949
0 13 1 14 2.38048
0 13 2 3 2.16025
0 13 2 4 2.14542
0 13 2 5 2.08484
0 13 2 6 2.27798
0 13 2 7 2
0 13 2 8 2.16025
0 13 2 9 2.28841
0 13 2 10 2.1391
0 13 2 11 2.2563
0 13 2 12 2.20678
0 13 2 14 2.24812
0 13 3 4 2.33699
0 13 3 5 2.15297
0 13 3 6 2.50333
0 13 3 7 2.16025
0 13 3 8 2.28446
0 13 3 9 2.50333
0 13 3 10 2.35488
0 13 3 11 2.50333
0 13 3 12 2.44949
0 13 3 14 2.46311
0 13 4 5 2.43521
0 13 4 6 2.67896
0 13 4 7 2.14542
0 13 4 8 2.64575
0 13 4 9 2.68845
0 13 4 10 2.68408
0 13 4 11 2.62202
0 13 4 12 2.63923
0 13 4 14 2.69472
0 13 5 6 2.42997
0 13 5 7 2.08484
0 13 5 8 2.28446
0 13 5 9 2.50713
0 13 5 10 2.389
0 13 5 11 2.39046
0 13 5 12 2.44949
0 13 5 14 2.43521
0 13 6 7 2.27798
0 13 6 8 2.65417
0 13 6 9 2.77833
0 13 6 10 2.71163
0 13 6 11 2.74064
0 13 6 12 2.71341
0 13 6 14 2.76353
0 13 7 8 2.16025
0 13 7 9 2.28841
0 13 7 10 2.1391
0 13 7 11 2.2563
0 13 7 12 2.20678
0 13 7 14 2.24812
0 13 8 9 2.67706
0 13 8 10 2.65417
0 13 8 11 2.64575
0 13 8 12 2.63923
0 13 8 14 2.67706
0 13 9 10 2.72172
0 13 9 11 2.74064
0 13 9 12 2.736
0 13 9 14 2.76677
0 13 10 11 2.66231
0 13 10 12 2.65417
0 13 10 14 2.7314
0 13 11 12 2.68949
0 13 11 14 2.72279
0 13 12 14 2.71042
