0 13 1 2 3 1.90693
0 13 1 2 4 1.81265
0 13 1 2 5 1.73205
0 13 1 2 6 1.96214
0 13 1 2 7 1.85164
0 13 1 2 8 2
0 13 1 2 9 1.96769
0 13 1 2 10 2
0 13 1 2 11 1.93309
0 13 1 2 12 1.97531
0 13 1 2 14 2
0 13 1 3 4 1.41421
0 13 1 3 5 1.73205
0 13 1 3 6 2
0 13 1 3 7 1.90693
0 13 1 3 8 1.90693
0 13 1 3 9 2
0 13 1 3 10 1.73205
0 13 1 3 11 2
0 13 1 3 12 2
0 13 1 3 14 1.90693
0 13 1 4 5 1.90693
0 13 1 4 6 2.13664
0 13 1 4 7 1.81265
0 13 1 4 8 2.19089
0 13 1 4 9 2.16025
0 13 1 4 10 2.19089
0 13 1 4 11 2
0 13 1 4 12 2.19089
0 13 1 4 14 2.19089
0 13 1 5 6 1.73205
0 13 1 5 7 1.73205
0 13 1 5 8 1.90693
0 13 1 5 9 1.85164
0 13 1 5 10 1.90693
0 13 1 5 11 1.73205
0 13 1 5 12 1.90693
0 13 1 5 14 1.90693
0 13 1 6 7 1.96214
0 13 1 6 8 2.28446
0 13 1 6 9 2.44949
0 13 1 6 10 2.23607
0 13 1 6 11 2.23607
0 13 1 6 12 2.44949
0 13 1 6 14 2.28446
0 13 1 7 8 2
0 13 1 7 9 1.96769
0 13 1 7 10 2
0 13 1 7 11 1.93309
0 13 1 7 12 1.97531
0 13 1 7 14 2
0 13 1 8 9 2.3094
0 13 1 8 10 2.28446
0 13 1 8 11 2.19089
0 13 1 8 12 2.38048
0 13 1 8 14 2.3094
0 13 1 9 10 2.26385
0 13 1 9 11 2.23607
0 13 1 9 12 2.44949
0 13 1 9 14 2.3094
0 13 1 10 11 2.13664
0 13 1 10 12 2.28446
0 13 1 10 14 2.28446
0 13 1 11 12 2.23607
0 13 1 11 14 2.19089
0 13 1 12 14 2.38048
0 13 2 3 4 2
0 13 2 3 5 2
0 13 2 3 6 2.16025
0 13 2 3 7 2
0 13 2 3 8 2
0 13 2 3 9 2.16025
0 13 2 3 10 1.90693
0 13 2 3 11 2.16025
0 13 2 3 12 2.10639
0 13 2 3 14 2.10639
0 13 2 4 5 2.05603
0 13 2 4 6 2.16025
0 13 2 4 7 1.73205
0 13 2 4 8 2
0 13 2 4 9 2.13535
0 13 2 4 10 2.09069
0 13 2 4 11 2.08167
0 13 2 4 12 2.04742
0 13 2 4 14 2.14154
0 13 2 5 6 2.08738
0 13 2 5 7 1.90693
0 13 2 5 8 2
0 13 2 5 9 2.08296
0 13 2 5 10 1.96214
0 13 2 5 11 2.04939
0 13 2 5 12 1.97531
0 13 2 5 14 2.05603
0 13 2 6 7 2
0 13 2 6 8 2.08167
0 13 2 6 9 2.27798
0 13 2 6 10 2.10223
0 13 2 6 11 2.2563
0 13 2 6 12 2.19644
0 13 2 6 14 2.23607
0 13 2 7 8 1.62019
0 13 2 7 9 2
0 13 2 7 10 1.62019
0 13 2 7 11 2
0 13 2 7 12 1.93309
0 13 2 7 14 1.81265
0 13 2 8 9 2.08167
0 13 2 8 10 2.08167
0 13 2 8 11 2
0 13 2 8 12 2.04742
0 13 2 8 14 2.08167
0 13 2 9 10 2.12132
0 13 2 9 11 2.2563
0 13 2 9 12 2.1965
0 13 2 9 14 2.23607
0 13 2 10 11 2.04939
0 13 2 10 12 2.08167
0 13 2 10 14 2.1391
0 13 2 11 12 2.173
0 13 2 11 14 2.19745
0 13 2 12 14 2.23607
0 13 3 4 5 2.10357
0 13 3 4 6 2.33699
0 13 3 4 7 2
0 13 3 4 8 2.13664
0 13 3 4 9 2.33699
0 13 3 4 10 2.28709
0 13 3 4 11 2.33699
0 13 3 4 12 2.19089
0 13 3 4 14 2.32266
0 13 3 5 6 2.15297
0 13 3 5 7 2
0 13 3 5 8 1.73205
0 13 3 5 9 2.15297
0 13 3 5 10 2
0 13 3 5 11 2.15297
0 13 3 5 12 2
0 13 3 5 14 2.10357
0 13 3 6 7 2.16025
0 13 3 6 8 2.28446
0 13 3 6 9 2.50333
0 13 3 6 10 2.35488
0 13 3 6 11 2.50333
0 13 3 6 12 2.44949
0 13 3 6 14 2.46311
0 13 3 7 8 2
0 13 3 7 9 2.16025
0 13 3 7 10 1.90693
0 13 3 7 11 2.16025
0 13 3 7 12 2.10639
0 13 3 7 14 2.10639
0 13 3 8 9 2.28446
0 13 3 8 10 2.23607
0 13 3 8 11 2.28446
0 13 3 8 12 2.19089
0 13 3 8 14 2.26385
0 13 3 9 10 2.35488
0 13 3 9 11 2.50333
0 13 3 9 12 2.44949
0 13 3 9 14 2.46311
0 13 3 10 11 2.35488
0 13 3 10 12 2.23607
0 13 3 10 14 2.35488
0 13 3 11 12 2.44949
0 13 3 11 14 2.46311
0 13 3 12 14 2.38048
0 13 4 5 6 2.40426
0 13 4 5 7 2.05603
0 13 4 5 8 2.28446
0 13 4 5 9 2.41291
0 13 4 5 10 2.389
0 13 4 5 11 2.33699
0 13 4 5 12 2.38048
0 13 4 5 14 2.42507
0 13 4 6 7 2.16025
0 13 4 6 8 2.58844
0 13 4 6 9 2.67896
0 13 4 6 10 2.66231
0 13 4 6 11 2.62202
0 13 4 6 12 2.64575
0 13 4 6 14 2.68164
0 13 4 7 8 2
0 13 4 7 9 2.13535
0 13 4 7 10 2.09069
0 13 4 7 11 2.08167
0 13 4 7 12 2.04742
0 13 4 7 14 2.14154
0 13 4 8 9 2.60419
0 13 4 8 10 2.64575
0 13 4 8 11 2.52543
0 13 4 8 12 2.53899
0 13 4 8 14 2.64575
0 13 4 9 10 2.67435
0 13 4 9 11 2.62202
0 13 4 9 12 2.62912
0 13 4 9 14 2.69077
0 13 4 10 11 2.61406
0 13 4 10 12 2.64575
0 13 4 10 14 2.68408
0 13 4 11 12 2.53899
0 13 4 11 14 2.62216
0 13 4 12 14 2.62912
0 13 5 6 7 2.08738
0 13 5 6 8 2.23607
0 13 5 6 9 2.42997
0 13 5 6 10 2.35488
0 13 5 6 11 2.39046
0 13 5 6 12 2.44949
0 13 5 6 14 2.40426
0 13 5 7 8 2
0 13 5 7 9 2.08296
0 13 5 7 10 1.96214
0 13 5 7 11 2.04939
0 13 5 7 12 1.97531
0 13 5 7 14 2.05603
0 13 5 8 9 2.26385
0 13 5 8 10 2.28446
0 13 5 8 11 2.13664
0 13 5 8 12 2.19089
0 13 5 8 14 2.28446
0 13 5 9 10 2.37697
0 13 5 9 11 2.39046
0 13 5 9 12 2.44949
0 13 5 9 14 2.41291
0 13 5 10 11 2.28709
0 13 5 10 12 2.28446
0 13 5 10 14 2.389
0 13 5 11 12 2.23607
0 13 5 11 14 2.33699
0 13 5 12 14 2.38048
0 13 6 7 8 2.08167
0 13 6 7 9 2.27798
0 13 6 7 10 2.10223
0 13 6 7 11 2.2563
0 13 6 7 12 2.19644
0 13 6 7 14 2.23607
0 13 6 8 9 2.65417
0 13 6 8 10 2.64575
0 13 6 8 11 2.64575
0 13 6 8 12 2.64575
0 13 6 8 14 2.66288
0 13 6 9 10 2.71163
0 13 6 9 11 2.74064
0 13 6 9 12 2.71341
0 13 6 9 14 2.76353
0 13 6 10 11 2.66231
0 13 6 10 12 2.64575
0 13 6 10 14 2.71163
0 13 6 11 12 2.68949
0 13 6 11 14 2.72279
0 13 6 12 14 2.70157
0 13 7 8 9 2.08167
0 13 7 8 10 2.08167
0 13 7 8 11 2
0 13 7 8 12 2.04742
0 13 7 8 14 2.08167
0 13 7 9 10 2.12132
0 13 7 9 11 2.2563
0 13 7 9 12 2.1965
0 13 7 9 14 2.23607
0 13 7 10 11 2.04939
0 13 7 10 12 2.08167
0 13 7 10 14 2.1391
0 13 7 11 12 2.173
0 13 7 11 14 2.19745
0 13 7 12 14 2.23607
0 13 8 9 10 2.66288
0 13 8 9 11 2.64575
0 13 8 9 12 2.62912
0 13 8 9 14 2.67842
0 13 8 10 11 2.58844
0 13 8 10 12 2.64575
0 13 8 10 14 2.65417
0 13 8 11 12 2.53899
0 13 8 11 14 2.60419
0 13 8 12 14 2.62912
0 13 9 10 11 2.66231
0 13 9 10 12 2.66288
0 13 9 10 14 2.72172
0 13 9 11 12 2.68949
0 13 9 11 14 2.72279
0 13 9 12 14 2.70663
0 13 10 11 12 2.58844
0 13 10 11 14 2.66231
0 13 10 12 14 2.65417
0 13 11 12 14 2.65875
