0 1
1 2
2 0
3 2
4 1
5 2
6 5
7 5
8 1
9 7
10 2
11 6
12 10
13 11
14 8
15 0
16 9
17 0
18 2
19 5
20 7
21 18
22 21
23 2
24 21
25 15
26 0
27 5
28 18
29 21
30 21
31 10
32 21
33 25
34 0
35 2
36 16
37 15
38 37
39 11
40 24
41 0
42 41
43 12
44 7
45 21
46 2
47 8
48 0
49 16
50 21
51 5
52 50
53 42
54 2
55 0
56 5
57 19
58 47
59 19
60 21
61 7
62 17
63 8
64 2
65 10
66 21
67 25
68 2
69 16
70 47
71 30
72 2
73 5
74 56
75 21
76 63
77 7
78 31
79 41
80 0
81 0
82 77
83 21
84 2
85 2
86 3
87 69
88 16
89 2
90 87
91 75
92 2
93 0
94 15
95 16
96 7
97 8
98 71
99 19
