1 10 0 2 2
1 10 0 3 1.73205
1 10 0 4 2.19089
1 10 0 5 1.90693
1 10 0 6 2.23607
1 10 0 7 2
1 10 0 8 2.28446
1 10 0 9 2.26385
1 10 0 11 2.13664
1 10 0 12 2.28446
1 10 0 13 2.28446
1 10 0 14 2.28446
1 10 2 3 1.41421
1 10 2 4 1.81265
1 10 2 5 1.73205
1 10 2 6 1.73205
1 10 2 7 1.62019
1 10 2 8 2
1 10 2 9 1.81265
1 10 2 11 1.62019
1 10 2 12 2
1 10 2 13 2
1 10 2 14 2
1 10 3 4 1.41421
1 10 3 5 1.41421
1 10 3 6 1.73205
1 10 3 7 1.41421
1 10 3 8 1.73205
1 10 3 9 1.73205
1 10 3 11 1.73205
1 10 3 12 1.73205
1 10 3 13 1.73205
1 10 3 14 1.73205
1 10 4 5 1.90693
1 10 4 6 2.13664
1 10 4 7 1.81265
1 10 4 8 2.19089
1 10 4 9 2.16025
1 10 4 11 2
1 10 4 12 2.19089
1 10 4 13 2.19089
1 10 4 14 2.19089
1 10 5 6 1.73205
1 10 5 7 1.73205
1 10 5 8 1.90693
1 10 5 9 1.85164
1 10 5 11 1.41421
1 10 5 12 1.90693
1 10 5 13 1.90693
1 10 5 14 1.90693
1 10 6 7 1.73205
1 10 6 8 2.23607
1 10 6 9 2.23607
1 10 6 11 2.13664
1 10 6 12 2.23607
1 10 6 13 2.23607
1 10 6 14 2.23607
1 10 7 8 2
1 10 7 9 1.81265
1 10 7 11 1.62019
1 10 7 12 2
1 10 7 13 2
1 10 7 14 2
1 10 8 9 2.26385
1 10 8 11 2.13664
1 10 8 12 2.28446
1 10 8 13 2.28446
1 10 8 14 2.28446
1 10 9 11 2.13664
1 10 9 12 2.26385
1 10 9 13 2.26385
1 10 9 14 2.26385
1 10 11 12 2.13664
1 10 11 13 2.13664
1 10 11 14 2.13664
1 10 12 13 2.28446
1 10 12 14 2.28446
1 10 13 14 2.28446
