7 11 0 1 1.93309
7 11 0 2 2.04939
7 11 0 3 2.27913
7 11 0 4 2.23846
7 11 0 5 2.19034
7 11 0 6 2.35855
7 11 0 8 2.09069
7 11 0 9 2.35855
7 11 0 10 2.21037
7 11 0 12 2.2563
7 11 0 13 2.2563
7 11 0 14 2.31349
7 11 1 2 1.85164
7 11 1 3 1.90693
7 11 1 4 1.41421
7 11 1 5 1.73205
7 11 1 6 1.93309
7 11 1 8 1.81265
7 11 1 9 1.93309
7 11 1 10 1.62019
7 11 1 12 1.93309
7 11 1 13 1.93309
7 11 1 14 1.81265
7 11 2 3 2.08167
7 11 2 4 2
7 11 2 5 2.04939
7 11 2 6 2.08167
7 11 2 8 1.62019
7 11 2 9 2.08167
7 11 2 10 1.85164
7 11 2 12 2
7 11 2 13 2
7 11 2 14 2
7 11 3 4 2.23607
7 11 3 5 2.19034
7 11 3 6 2.326
7 11 3 8 2.02367
7 11 3 9 2.326
7 11 3 10 2.16556
7 11 3 12 2.20605
7 11 3 13 2.16025
7 11 3 14 2.27837
7 11 4 5 2.23607
7 11 4 6 2.28239
7 11 4 8 2.04939
7 11 4 9 2.28239
7 11 4 10 2.22354
7 11 4 12 2.12132
7 11 4 13 2.08167
7 11 4 14 2.26779
7 11 5 6 2.24649
7 11 5 8 1.93309
7 11 5 9 2.24649
7 11 5 10 2.13809
7 11 5 12 2.081
7 11 5 13 2.04939
7 11 5 14 2.23607
7 11 6 8 2.14154
7 11 6 9 2.38791
7 11 6 10 2.2514
7 11 6 12 2.27761
7 11 6 13 2.2563
7 11 6 14 2.34937
7 11 8 9 2.14154
7 11 8 10 2.09938
7 11 8 12 2.04495
7 11 8 13 2
7 11 8 14 2.16025
7 11 9 10 2.2514
7 11 9 12 2.27761
7 11 9 13 2.2563
7 11 9 14 2.34937
7 11 10 12 2.09938
7 11 10 13 2.04939
7 11 10 14 2.2514
7 11 12 13 2.173
7 11 12 14 2.23607
7 11 13 14 2.19745
