5 14 0 1 2 3 4 6 1
5 14 0 1 2 3 4 7 1.41421
5 14 0 1 2 3 4 8 1.41421
5 14 0 1 2 3 4 9 1
5 14 0 1 2 3 4 10 1.41421
5 14 0 1 2 3 4 11 1
5 14 0 1 2 3 4 12 1.41421
5 14 0 1 2 3 4 13 1.41421
5 14 0 1 2 3 6 7 1.41421
5 14 0 1 2 3 6 8 1
5 14 0 1 2 3 6 9 1.41421
5 14 0 1 2 3 6 10 0
5 14 0 1 2 3 6 11 1.41421
5 14 0 1 2 3 6 12 1.41421
5 14 0 1 2 3 6 13 1.41421
5 14 0 1 2 3 7 8 1.41421
5 14 0 1 2 3 7 9 1.41421
5 14 0 1 2 3 7 10 1.41421
5 14 0 1 2 3 7 11 1.41421
5 14 0 1 2 3 7 12 1.41421
5 14 0 1 2 3 7 13 1.41421
5 14 0 1 2 3 8 9 1
5 14 0 1 2 3 8 10 1.41421
5 14 0 1 2 3 8 11 1
5 14 0 1 2 3 8 12 1.41421
5 14 0 1 2 3 8 13 1.41421
5 14 0 1 2 3 9 10 1
5 14 0 1 2 3 9 11 1.41421
5 14 0 1 2 3 9 12 1.41421
5 14 0 1 2 3 9 13 1.41421
5 14 0 1 2 3 10 11 1
5 14 0 1 2 3 10 12 1.41421
5 14 0 1 2 3 10 13 1.41421
5 14 0 1 2 3 11 12 1.41421
5 14 0 1 2 3 11 13 1.41421
5 14 0 1 2 3 12 13 1.41421
5 14 0 1 2 4 6 7 1
5 14 0 1 2 4 6 8 1.41421
5 14 0 1 2 4 6 9 1.41421
5 14 0 1 2 4 6 10 1.41421
5 14 0 1 2 4 6 11 1
5 14 0 1 2 4 6 12 1.41421
5 14 0 1 2 4 6 13 1.41421
5 14 0 1 2 4 7 8 1.62019
5 14 0 1 2 4 7 9 1.41421
5 14 0 1 2 4 7 10 1.62019
5 14 0 1 2 4 7 11 1
5 14 0 1 2 4 7 12 1.62019
5 14 0 1 2 4 7 13 1.62019
5 14 0 1 2 4 8 9 1.62019
5 14 0 1 2 4 8 10 1.73205
5 14 0 1 2 4 8 11 1
5 14 0 1 2 4 8 12 1.73205
5 14 0 1 2 4 8 13 1.73205
5 14 0 1 2 4 9 10 1.62019
5 14 0 1 2 4 9 11 1
5 14 0 1 2 4 9 12 1.62019
5 14 0 1 2 4 9 13 1.62019
5 14 0 1 2 4 10 11 1
5 14 0 1 2 4 10 12 1.73205
5 14 0 1 2 4 10 13 1.73205
5 14 0 1 2 4 11 12 1
5 14 0 1 2 4 11 13 1
5 14 0 1 2 4 12 13 1.73205
5 14 0 1 2 6 7 8 1
5 14 0 1 2 6 7 9 1.41421
5 14 0 1 2 6 7 10 1
5 14 0 1 2 6 7 11 1.41421
5 14 0 1 2 6 7 12 1.41421
5 14 0 1 2 6 7 13 1.41421
5 14 0 1 2 6 8 9 1.41421
5 14 0 1 2 6 8 10 1.41421
5 14 0 1 2 6 8 11 1
5 14 0 1 2 6 8 12 1.41421
5 14 0 1 2 6 8 13 1.41421
5 14 0 1 2 6 9 10 1.41421
5 14 0 1 2 6 9 11 1.41421
5 14 0 1 2 6 9 12 1.41421
5 14 0 1 2 6 9 13 1.41421
5 14 0 1 2 6 10 11 1
5 14 0 1 2 6 10 12 1.41421
5 14 0 1 2 6 10 13 1.41421
5 14 0 1 2 6 11 12 1.41421
5 14 0 1 2 6 11 13 1.41421
5 14 0 1 2 6 12 13 1.41421
5 14 0 1 2 7 8 9 1.41421
5 14 0 1 2 7 8 10 1.62019
5 14 0 1 2 7 8 11 1
5 14 0 1 2 7 8 12 1.62019
5 14 0 1 2 7 8 13 1.62019
5 14 0 1 2 7 9 10 1.41421
5 14 0 1 2 7 9 11 1.41421
5 14 0 1 2 7 9 12 1.41421
5 14 0 1 2 7 9 13 1.41421
5 14 0 1 2 7 10 11 1
5 14 0 1 2 7 10 12 1.62019
5 14 0 1 2 7 10 13 1.62019
5 14 0 1 2 7 11 12 1.41421
5 14 0 1 2 7 11 13 1.41421
5 14 0 1 2 7 12 13 1.62019
5 14 0 1 2 8 9 10 1.62019
5 14 0 1 2 8 9 11 1
5 14 0 1 2 8 9 12 1.62019
5 14 0 1 2 8 9 13 1.62019
5 14 0 1 2 8 10 11 1
5 14 0 1 2 8 10 12 1.73205
5 14 0 1 2 8 10 13 1.73205
5 14 0 1 2 8 11 12 1
5 14 0 1 2 8 11 13 1
5 14 0 1 2 8 12 13 1.73205
5 14 0 1 2 9 10 11 1
5 14 0 1 2 9 10 12 1.62019
5 14 0 1 2 9 10 13 1.62019
5 14 0 1 2 9 11 12 1.41421
5 14 0 1 2 9 11 13 1.41421
5 14 0 1 2 9 12 13 1.62019
5 14 0 1 2 10 11 12 1
5 14 0 1 2 10 11 13 1
5 14 0 1 2 10 12 13 1.73205
5 14 0 1 2 11 12 13 1.41421
5 14 0 1 3 4 6 7 1
5 14 0 1 3 4 6 8 0
5 14 0 1 3 4 6 9 1
5 14 0 1 3 4 6 10 0
5 14 0 1 3 4 6 11 1
5 14 0 1 3 4 6 12 1
5 14 0 1 3 4 6 13 1
5 14 0 1 3 4 7 8 1.41421
5 14 0 1 3 4 7 9 1
5 14 0 1 3 4 7 10 1.41421
5 14 0 1 3 4 7 11 1
5 14 0 1 3 4 7 12 1.41421
5 14 0 1 3 4 7 13 1.41421
5 14 0 1 3 4 8 9 1
5 14 0 1 3 4 8 10 1.41421
5 14 0 1 3 4 8 11 1
5 14 0 1 3 4 8 12 1.41421
5 14 0 1 3 4 8 13 1.41421
5 14 0 1 3 4 9 10 1
5 14 0 1 3 4 9 11 1
5 14 0 1 3 4 9 12 1
5 14 0 1 3 4 9 13 1
5 14 0 1 3 4 10 11 1
5 14 0 1 3 4 10 12 1.41421
5 14 0 1 3 4 10 13 1.41421
5 14 0 1 3 4 11 12 1
5 14 0 1 3 4 11 13 1
5 14 0 1 3 4 12 13 1.41421
5 14 0 1 3 6 7 8 1
5 14 0 1 3 6 7 9 1.41421
5 14 0 1 3 6 7 10 0
5 14 0 1 3 6 7 11 1.41421
5 14 0 1 3 6 7 12 1.41421
5 14 0 1 3 6 7 13 1.41421
5 14 0 1 3 6 8 9 1
5 14 0 1 3 6 8 10 0
5 14 0 1 3 6 8 11 1
5 14 0 1 3 6 8 12 1
5 14 0 1 3 6 8 13 1
5 14 0 1 3 6 9 10 0
5 14 0 1 3 6 9 11 1.41421
5 14 0 1 3 6 9 12 1.41421
5 14 0 1 3 6 9 13 1.41421
5 14 0 1 3 6 10 11 0
5 14 0 1 3 6 10 12 0
5 14 0 1 3 6 10 13 0
5 14 0 1 3 6 11 12 1.41421
5 14 0 1 3 6 11 13 1.41421
5 14 0 1 3 6 12 13 1.41421
5 14 0 1 3 7 8 9 1
5 14 0 1 3 7 8 10 1.41421
5 14 0 1 3 7 8 11 1
5 14 0 1 3 7 8 12 1.41421
5 14 0 1 3 7 8 13 1.41421
5 14 0 1 3 7 9 10 1
5 14 0 1 3 7 9 11 1.41421
5 14 0 1 3 7 9 12 1.41421
5 14 0 1 3 7 9 13 1.41421
5 14 0 1 3 7 10 11 1
5 14 0 1 3 7 10 12 1.41421
5 14 0 1 3 7 10 13 1.41421
5 14 0 1 3 7 11 12 1.41421
5 14 0 1 3 7 11 13 1.41421
5 14 0 1 3 7 12 13 1.41421
5 14 0 1 3 8 9 10 1
5 14 0 1 3 8 9 11 1
5 14 0 1 3 8 9 12 1
5 14 0 1 3 8 9 13 1
5 14 0 1 3 8 10 11 1
5 14 0 1 3 8 10 12 1.41421
5 14 0 1 3 8 10 13 1.41421
5 14 0 1 3 8 11 12 1
5 14 0 1 3 8 11 13 1
5 14 0 1 3 8 12 13 1.41421
5 14 0 1 3 9 10 11 0
5 14 0 1 3 9 10 12 1
5 14 0 1 3 9 10 13 1
5 14 0 1 3 9 11 12 1.41421
5 14 0 1 3 9 11 13 1.41421
5 14 0 1 3 9 12 13 1.41421
5 14 0 1 3 10 11 12 1
5 14 0 1 3 10 11 13 1
5 14 0 1 3 10 12 13 1.41421
5 14 0 1 3 11 12 13 1.41421
5 14 0 1 4 6 7 8 1.41421
5 14 0 1 4 6 7 9 1.41421
5 14 0 1 4 6 7 10 1.41421
5 14 0 1 4 6 7 11 1
5 14 0 1 4 6 7 12 1.41421
5 14 0 1 4 6 7 13 1.41421
5 14 0 1 4 6 8 9 1.73205
5 14 0 1 4 6 8 10 1.73205
5 14 0 1 4 6 8 11 1.41421
5 14 0 1 4 6 8 12 1.73205
5 14 0 1 4 6 8 13 1.73205
5 14 0 1 4 6 9 10 1.73205
5 14 0 1 4 6 9 11 1.41421
5 14 0 1 4 6 9 12 1.73205
5 14 0 1 4 6 9 13 1.73205
5 14 0 1 4 6 10 11 1.41421
5 14 0 1 4 6 10 12 1.73205
5 14 0 1 4 6 10 13 1.73205
5 14 0 1 4 6 11 12 1.41421
5 14 0 1 4 6 11 13 1.41421
5 14 0 1 4 6 12 13 1.73205
5 14 0 1 4 7 8 9 1.62019
5 14 0 1 4 7 8 10 1.73205
5 14 0 1 4 7 8 11 1
5 14 0 1 4 7 8 12 1.73205
5 14 0 1 4 7 8 13 1.73205
5 14 0 1 4 7 9 10 1.62019
5 14 0 1 4 7 9 11 1
5 14 0 1 4 7 9 12 1.62019
5 14 0 1 4 7 9 13 1.62019
5 14 0 1 4 7 10 11 1
5 14 0 1 4 7 10 12 1.73205
5 14 0 1 4 7 10 13 1.73205
5 14 0 1 4 7 11 12 1
5 14 0 1 4 7 11 13 1
5 14 0 1 4 7 12 13 1.73205
5 14 0 1 4 8 9 10 1.85164
5 14 0 1 4 8 9 11 1.41421
5 14 0 1 4 8 9 12 1.85164
5 14 0 1 4 8 9 13 1.85164
5 14 0 1 4 8 10 11 1.41421
5 14 0 1 4 8 10 12 1.90693
5 14 0 1 4 8 10 13 1.90693
5 14 0 1 4 8 11 12 1.41421
5 14 0 1 4 8 11 13 1.41421
5 14 0 1 4 8 12 13 1.90693
5 14 0 1 4 9 10 11 1.41421
5 14 0 1 4 9 10 12 1.85164
5 14 0 1 4 9 10 13 1.85164
5 14 0 1 4 9 11 12 1.41421
5 14 0 1 4 9 11 13 1.41421
5 14 0 1 4 9 12 13 1.85164
5 14 0 1 4 10 11 12 1.41421
5 14 0 1 4 10 11 13 1.41421
5 14 0 1 4 10 12 13 1.90693
5 14 0 1 4 11 12 13 1.41421
5 14 0 1 6 7 8 9 1.41421
5 14 0 1 6 7 8 10 1.41421
5 14 0 1 6 7 8 11 1
5 14 0 1 6 7 8 12 1.41421
5 14 0 1 6 7 8 13 1.41421
5 14 0 1 6 7 9 10 1.41421
5 14 0 1 6 7 9 11 1.41421
5 14 0 1 6 7 9 12 1.41421
5 14 0 1 6 7 9 13 1.41421
5 14 0 1 6 7 10 11 1
5 14 0 1 6 7 10 12 1.41421
5 14 0 1 6 7 10 13 1.41421
5 14 0 1 6 7 11 12 1.41421
5 14 0 1 6 7 11 13 1.41421
5 14 0 1 6 7 12 13 1.41421
5 14 0 1 6 8 9 10 1.73205
5 14 0 1 6 8 9 11 1.41421
5 14 0 1 6 8 9 12 1.73205
5 14 0 1 6 8 9 13 1.73205
5 14 0 1 6 8 10 11 1.41421
5 14 0 1 6 8 10 12 1.73205
5 14 0 1 6 8 10 13 1.73205
5 14 0 1 6 8 11 12 1.41421
5 14 0 1 6 8 11 13 1.41421
5 14 0 1 6 8 12 13 1.73205
5 14 0 1 6 9 10 11 1.41421
5 14 0 1 6 9 10 12 1.73205
5 14 0 1 6 9 10 13 1.73205
5 14 0 1 6 9 11 12 1.41421
5 14 0 1 6 9 11 13 1.41421
5 14 0 1 6 9 12 13 1.73205
5 14 0 1 6 10 11 12 1.41421
5 14 0 1 6 10 11 13 1.41421
5 14 0 1 6 10 12 13 1.73205
5 14 0 1 6 11 12 13 1.41421
5 14 0 1 7 8 9 10 1.62019
5 14 0 1 7 8 9 11 1
5 14 0 1 7 8 9 12 1.62019
5 14 0 1 7 8 9 13 1.62019
5 14 0 1 7 8 10 11 1
5 14 0 1 7 8 10 12 1.73205
5 14 0 1 7 8 10 13 1.73205
5 14 0 1 7 8 11 12 1
5 14 0 1 7 8 11 13 1
5 14 0 1 7 8 12 13 1.73205
5 14 0 1 7 9 10 11 1
5 14 0 1 7 9 10 12 1.62019
5 14 0 1 7 9 10 13 1.62019
5 14 0 1 7 9 11 12 1.41421
5 14 0 1 7 9 11 13 1.41421
5 14 0 1 7 9 12 13 1.62019
5 14 0 1 7 10 11 12 1
5 14 0 1 7 10 11 13 1
5 14 0 1 7 10 12 13 1.73205
5 14 0 1 7 11 12 13 1.41421
5 14 0 1 8 9 10 11 1.41421
5 14 0 1 8 9 10 12 1.85164
5 14 0 1 8 9 10 13 1.85164
5 14 0 1 8 9 11 12 1.41421
5 14 0 1 8 9 11 13 1.41421
5 14 0 1 8 9 12 13 1.85164
5 14 0 1 8 10 11 12 1.41421
5 14 0 1 8 10 11 13 1.41421
5 14 0 1 8 10 12 13 1.90693
5 14 0 1 8 11 12 13 1.41421
5 14 0 1 9 10 11 12 1.41421
5 14 0 1 9 10 11 13 1.41421
5 14 0 1 9 10 12 13 1.85164
5 14 0 1 9 11 12 13 1.41421
5 14 0 1 10 11 12 13 1.41421
5 14 0 2 3 4 6 7 1.85164
5 14 0 2 3 4 6 8 1.73205
5 14 0 2 3 4 6 9 2.07802
5 14 0 2 3 4 6 10 2
5 14 0 2 3 4 6 11 2.07802
5 14 0 2 3 4 6 12 1.85164
5 14 0 2 3 4 6 13 1.85164
5 14 0 2 3 4 7 8 1.41421
5 14 0 2 3 4 7 9 1.85164
5 14 0 2 3 4 7 10 1.73205
5 14 0 2 3 4 7 11 1.85164
5 14 0 2 3 4 7 12 1.62019
5 14 0 2 3 4 7 13 1.62019
5 14 0 2 3 4 8 9 1.73205
5 14 0 2 3 4 8 10 1.73205
5 14 0 2 3 4 8 11 1.73205
5 14 0 2 3 4 8 12 1.41421
5 14 0 2 3 4 8 13 1.41421
5 14 0 2 3 4 9 10 2
5 14 0 2 3 4 9 11 2.07802
5 14 0 2 3 4 9 12 1.85164
5 14 0 2 3 4 9 13 1.85164
5 14 0 2 3 4 10 11 2
5 14 0 2 3 4 10 12 1.73205
5 14 0 2 3 4 10 13 1.73205
5 14 0 2 3 4 11 12 1.85164
5 14 0 2 3 4 11 13 1.85164
5 14 0 2 3 4 12 13 1.62019
5 14 0 2 3 6 7 8 1.41421
5 14 0 2 3 6 7 9 1.90693
5 14 0 2 3 6 7 10 1.73205
5 14 0 2 3 6 7 11 1.90693
5 14 0 2 3 6 7 12 1.73205
5 14 0 2 3 6 7 13 1.73205
5 14 0 2 3 6 8 9 1.73205
5 14 0 2 3 6 8 10 1.73205
5 14 0 2 3 6 8 11 1.73205
5 14 0 2 3 6 8 12 1.41421
5 14 0 2 3 6 8 13 1.41421
5 14 0 2 3 6 9 10 2
5 14 0 2 3 6 9 11 2.10357
5 14 0 2 3 6 9 12 1.90693
5 14 0 2 3 6 9 13 1.90693
5 14 0 2 3 6 10 11 2
5 14 0 2 3 6 10 12 1.73205
5 14 0 2 3 6 10 13 1.73205
5 14 0 2 3 6 11 12 1.90693
5 14 0 2 3 6 11 13 1.90693
5 14 0 2 3 6 12 13 1.73205
5 14 0 2 3 7 8 9 1.41421
5 14 0 2 3 7 8 10 1.41421
5 14 0 2 3 7 8 11 1.41421
5 14 0 2 3 7 8 12 1.41421
5 14 0 2 3 7 8 13 1.41421
5 14 0 2 3 7 9 10 1.73205
5 14 0 2 3 7 9 11 1.90693
5 14 0 2 3 7 9 12 1.73205
5 14 0 2 3 7 9 13 1.73205
5 14 0 2 3 7 10 11 1.73205
5 14 0 2 3 7 10 12 1.41421
5 14 0 2 3 7 10 13 1.41421
5 14 0 2 3 7 11 12 1.73205
5 14 0 2 3 7 11 13 1.73205
5 14 0 2 3 7 12 13 1.62019
5 14 0 2 3 8 9 10 1.73205
5 14 0 2 3 8 9 11 1.73205
5 14 0 2 3 8 9 12 1.41421
5 14 0 2 3 8 9 13 1.41421
5 14 0 2 3 8 10 11 1.73205
5 14 0 2 3 8 10 12 1.41421
5 14 0 2 3 8 10 13 1.41421
5 14 0 2 3 8 11 12 1.41421
5 14 0 2 3 8 11 13 1.41421
5 14 0 2 3 8 12 13 1.41421
5 14 0 2 3 9 10 11 2
5 14 0 2 3 9 10 12 1.73205
5 14 0 2 3 9 10 13 1.73205
5 14 0 2 3 9 11 12 1.90693
5 14 0 2 3 9 11 13 1.90693
5 14 0 2 3 9 12 13 1.73205
5 14 0 2 3 10 11 12 1.73205
5 14 0 2 3 10 11 13 1.73205
5 14 0 2 3 10 12 13 1.41421
5 14 0 2 3 11 12 13 1.73205
5 14 0 2 4 6 7 8 1.41421
5 14 0 2 4 6 7 9 1.85164
5 14 0 2 4 6 7 10 1.73205
5 14 0 2 4 6 7 11 1.85164
5 14 0 2 4 6 7 12 1.62019
5 14 0 2 4 6 7 13 1.62019
5 14 0 2 4 6 8 9 1.90693
5 14 0 2 4 6 8 10 1.90693
5 14 0 2 4 6 8 11 1.85164
5 14 0 2 4 6 8 12 1.73205
5 14 0 2 4 6 8 13 1.73205
5 14 0 2 4 6 9 10 2.10357
5 14 0 2 4 6 9 11 2.13809
5 14 0 2 4 6 9 12 2
5 14 0 2 4 6 9 13 2
5 14 0 2 4 6 10 11 2.07802
5 14 0 2 4 6 10 12 1.90693
5 14 0 2 4 6 10 13 1.90693
5 14 0 2 4 6 11 12 1.93309
5 14 0 2 4 6 11 13 1.93309
5 14 0 2 4 6 12 13 1.81265
5 14 0 2 4 7 8 9 1.41421
5 14 0 2 4 7 8 10 1.62019
5 14 0 2 4 7 8 11 1.41421
5 14 0 2 4 7 8 12 1.62019
5 14 0 2 4 7 8 13 1.62019
5 14 0 2 4 7 9 10 1.73205
5 14 0 2 4 7 9 11 1.85164
5 14 0 2 4 7 9 12 1.62019
5 14 0 2 4 7 9 13 1.62019
5 14 0 2 4 7 10 11 1.73205
5 14 0 2 4 7 10 12 1.62019
5 14 0 2 4 7 10 13 1.62019
5 14 0 2 4 7 11 12 1.62019
5 14 0 2 4 7 11 13 1.62019
5 14 0 2 4 7 12 13 1.62019
5 14 0 2 4 8 9 10 1.93309
5 14 0 2 4 8 9 11 1.85164
5 14 0 2 4 8 9 12 1.81265
5 14 0 2 4 8 9 13 1.81265
5 14 0 2 4 8 10 11 1.85164
5 14 0 2 4 8 10 12 2
5 14 0 2 4 8 10 13 2
5 14 0 2 4 8 11 12 1.62019
5 14 0 2 4 8 11 13 1.62019
5 14 0 2 4 8 12 13 1.81265
5 14 0 2 4 9 10 11 2.07802
5 14 0 2 4 9 10 12 1.93309
5 14 0 2 4 9 10 13 1.93309
5 14 0 2 4 9 11 12 1.93309
5 14 0 2 4 9 11 13 1.93309
5 14 0 2 4 9 12 13 2
5 14 0 2 4 10 11 12 1.85164
5 14 0 2 4 10 11 13 1.85164
5 14 0 2 4 10 12 13 2
5 14 0 2 4 11 12 13 1.73205
5 14 0 2 6 7 8 9 1.41421
5 14 0 2 6 7 8 10 1.41421
5 14 0 2 6 7 8 11 1.41421
5 14 0 2 6 7 8 12 1
5 14 0 2 6 7 8 13 1
5 14 0 2 6 7 9 10 1.73205
5 14 0 2 6 7 9 11 1.90693
5 14 0 2 6 7 9 12 1.73205
5 14 0 2 6 7 9 13 1.73205
5 14 0 2 6 7 10 11 1.73205
5 14 0 2 6 7 10 12 1.41421
5 14 0 2 6 7 10 13 1.41421
5 14 0 2 6 7 11 12 1.73205
5 14 0 2 6 7 11 13 1.73205
5 14 0 2 6 7 12 13 1.62019
5 14 0 2 6 8 9 10 1.90693
5 14 0 2 6 8 9 11 1.85164
5 14 0 2 6 8 9 12 1.73205
5 14 0 2 6 8 9 13 1.73205
5 14 0 2 6 8 10 11 1.85164
5 14 0 2 6 8 10 12 1.73205
5 14 0 2 6 8 10 13 1.73205
5 14 0 2 6 8 11 12 1.62019
5 14 0 2 6 8 11 13 1.62019
5 14 0 2 6 8 12 13 1.62019
5 14 0 2 6 9 10 11 2.07802
5 14 0 2 6 9 10 12 1.90693
5 14 0 2 6 9 10 13 1.90693
5 14 0 2 6 9 11 12 2
5 14 0 2 6 9 11 13 2
5 14 0 2 6 9 12 13 2
5 14 0 2 6 10 11 12 1.85164
5 14 0 2 6 10 11 13 1.85164
5 14 0 2 6 10 12 13 1.73205
5 14 0 2 6 11 12 13 1.81265
5 14 0 2 7 8 9 10 1.41421
5 14 0 2 7 8 9 11 1.41421
5 14 0 2 7 8 9 12 1.41421
5 14 0 2 7 8 9 13 1.41421
5 14 0 2 7 8 10 11 1.41421
5 14 0 2 7 8 10 12 1.62019
5 14 0 2 7 8 10 13 1.62019
5 14 0 2 7 8 11 12 1
5 14 0 2 7 8 11 13 1
5 14 0 2 7 8 12 13 1.62019
5 14 0 2 7 9 10 11 1.73205
5 14 0 2 7 9 10 12 1.41421
5 14 0 2 7 9 10 13 1.41421
5 14 0 2 7 9 11 12 1.73205
5 14 0 2 7 9 11 13 1.73205
5 14 0 2 7 9 12 13 1.62019
5 14 0 2 7 10 11 12 1.41421
5 14 0 2 7 10 11 13 1.41421
5 14 0 2 7 10 12 13 1.62019
5 14 0 2 7 11 12 13 1.62019
5 14 0 2 8 9 10 11 1.85164
5 14 0 2 8 9 10 12 1.81265
5 14 0 2 8 9 10 13 1.81265
5 14 0 2 8 9 11 12 1.62019
5 14 0 2 8 9 11 13 1.62019
5 14 0 2 8 9 12 13 1.73205
5 14 0 2 8 10 11 12 1.62019
5 14 0 2 8 10 11 13 1.62019
5 14 0 2 8 10 12 13 1.81265
5 14 0 2 8 11 12 13 1.41421
5 14 0 2 9 10 11 12 1.85164
5 14 0 2 9 10 11 13 1.85164
5 14 0 2 9 10 12 13 1.81265
5 14 0 2 9 11 12 13 1.81265
5 14 0 2 10 11 12 13 1.62019
5 14 0 3 4 6 7 8 1.73205
5 14 0 3 4 6 7 9 2.07802
5 14 0 3 4 6 7 10 2
5 14 0 3 4 6 7 11 2.07802
5 14 0 3 4 6 7 12 1.85164
5 14 0 3 4 6 7 13 1.85164
5 14 0 3 4 6 8 9 2
5 14 0 3 4 6 8 10 2
5 14 0 3 4 6 8 11 2
5 14 0 3 4 6 8 12 1.73205
5 14 0 3 4 6 8 13 1.73205
5 14 0 3 4 6 9 10 2.23607
5 14 0 3 4 6 9 11 2.29129
5 14 0 3 4 6 9 12 2.07802
5 14 0 3 4 6 9 13 2.07802
5 14 0 3 4 6 10 11 2.23607
5 14 0 3 4 6 10 12 2
5 14 0 3 4 6 10 13 2
5 14 0 3 4 6 11 12 2.07802
5 14 0 3 4 6 11 13 2.07802
5 14 0 3 4 6 12 13 1.85164
5 14 0 3 4 7 8 9 1.73205
5 14 0 3 4 7 8 10 1.73205
5 14 0 3 4 7 8 11 1.73205
5 14 0 3 4 7 8 12 1.41421
5 14 0 3 4 7 8 13 1.41421
5 14 0 3 4 7 9 10 2
5 14 0 3 4 7 9 11 2.07802
5 14 0 3 4 7 9 12 1.85164
5 14 0 3 4 7 9 13 1.85164
5 14 0 3 4 7 10 11 2
5 14 0 3 4 7 10 12 1.73205
5 14 0 3 4 7 10 13 1.73205
5 14 0 3 4 7 11 12 1.85164
5 14 0 3 4 7 11 13 1.85164
5 14 0 3 4 7 12 13 1.62019
5 14 0 3 4 8 9 10 2
5 14 0 3 4 8 9 11 2
5 14 0 3 4 8 9 12 1.73205
5 14 0 3 4 8 9 13 1.73205
5 14 0 3 4 8 10 11 2
5 14 0 3 4 8 10 12 1.73205
5 14 0 3 4 8 10 13 1.73205
5 14 0 3 4 8 11 12 1.73205
5 14 0 3 4 8 11 13 1.73205
5 14 0 3 4 8 12 13 1.41421
5 14 0 3 4 9 10 11 2.23607
5 14 0 3 4 9 10 12 2
5 14 0 3 4 9 10 13 2
5 14 0 3 4 9 11 12 2.07802
5 14 0 3 4 9 11 13 2.07802
5 14 0 3 4 9 12 13 1.85164
5 14 0 3 4 10 11 12 2
5 14 0 3 4 10 11 13 2
5 14 0 3 4 10 12 13 1.73205
5 14 0 3 4 11 12 13 1.85164
5 14 0 3 6 7 8 9 1.73205
5 14 0 3 6 7 8 10 1.73205
5 14 0 3 6 7 8 11 1.73205
5 14 0 3 6 7 8 12 1.41421
5 14 0 3 6 7 8 13 1.41421
5 14 0 3 6 7 9 10 2
5 14 0 3 6 7 9 11 2.10357
5 14 0 3 6 7 9 12 1.90693
5 14 0 3 6 7 9 13 1.90693
5 14 0 3 6 7 10 11 2
5 14 0 3 6 7 10 12 1.73205
5 14 0 3 6 7 10 13 1.73205
5 14 0 3 6 7 11 12 1.90693
5 14 0 3 6 7 11 13 1.90693
5 14 0 3 6 7 12 13 1.73205
5 14 0 3 6 8 9 10 2
5 14 0 3 6 8 9 11 2
5 14 0 3 6 8 9 12 1.73205
5 14 0 3 6 8 9 13 1.73205
5 14 0 3 6 8 10 11 2
5 14 0 3 6 8 10 12 1.73205
5 14 0 3 6 8 10 13 1.73205
5 14 0 3 6 8 11 12 1.73205
5 14 0 3 6 8 11 13 1.73205
5 14 0 3 6 8 12 13 1.41421
5 14 0 3 6 9 10 11 2.23607
5 14 0 3 6 9 10 12 2
5 14 0 3 6 9 10 13 2
5 14 0 3 6 9 11 12 2.10357
5 14 0 3 6 9 11 13 2.10357
5 14 0 3 6 9 12 13 1.90693
5 14 0 3 6 10 11 12 2
5 14 0 3 6 10 11 13 2
5 14 0 3 6 10 12 13 1.73205
5 14 0 3 6 11 12 13 1.90693
5 14 0 3 7 8 9 10 1.73205
5 14 0 3 7 8 9 11 1.73205
5 14 0 3 7 8 9 12 1.41421
5 14 0 3 7 8 9 13 1.41421
5 14 0 3 7 8 10 11 1.73205
5 14 0 3 7 8 10 12 1.41421
5 14 0 3 7 8 10 13 1.41421
5 14 0 3 7 8 11 12 1.41421
5 14 0 3 7 8 11 13 1.41421
5 14 0 3 7 8 12 13 1.41421
5 14 0 3 7 9 10 11 2
5 14 0 3 7 9 10 12 1.73205
5 14 0 3 7 9 10 13 1.73205
5 14 0 3 7 9 11 12 1.90693
5 14 0 3 7 9 11 13 1.90693
5 14 0 3 7 9 12 13 1.73205
5 14 0 3 7 10 11 12 1.73205
5 14 0 3 7 10 11 13 1.73205
5 14 0 3 7 10 12 13 1.41421
5 14 0 3 7 11 12 13 1.73205
5 14 0 3 8 9 10 11 2
5 14 0 3 8 9 10 12 1.73205
5 14 0 3 8 9 10 13 1.73205
5 14 0 3 8 9 11 12 1.73205
5 14 0 3 8 9 11 13 1.73205
5 14 0 3 8 9 12 13 1.41421
5 14 0 3 8 10 11 12 1.73205
5 14 0 3 8 10 11 13 1.73205
5 14 0 3 8 10 12 13 1.41421
5 14 0 3 8 11 12 13 1.41421
5 14 0 3 9 10 11 12 2
5 14 0 3 9 10 11 13 2
5 14 0 3 9 10 12 13 1.73205
5 14 0 3 9 11 12 13 1.90693
5 14 0 3 10 11 12 13 1.73205
5 14 0 4 6 7 8 9 1.90693
5 14 0 4 6 7 8 10 1.90693
5 14 0 4 6 7 8 11 1.85164
5 14 0 4 6 7 8 12 1.73205
5 14 0 4 6 7 8 13 1.73205
5 14 0 4 6 7 9 10 2.10357
5 14 0 4 6 7 9 11 2.13809
5 14 0 4 6 7 9 12 2
5 14 0 4 6 7 9 13 2
5 14 0 4 6 7 10 11 2.07802
5 14 0 4 6 7 10 12 1.90693
5 14 0 4 6 7 10 13 1.90693
5 14 0 4 6 7 11 12 1.93309
5 14 0 4 6 7 11 13 1.93309
5 14 0 4 6 7 12 13 1.81265
5 14 0 4 6 8 9 10 2.35488
5 14 0 4 6 8 9 11 2.28709
5 14 0 4 6 8 9 12 2.23607
5 14 0 4 6 8 9 13 2.23607
5 14 0 4 6 8 10 11 2.28709
5 14 0 4 6 8 10 12 2.23607
5 14 0 4 6 8 10 13 2.23607
5 14 0 4 6 8 11 12 2.13664
5 14 0 4 6 8 11 13 2.13664
5 14 0 4 6 8 12 13 2.13664
5 14 0 4 6 9 10 11 2.44831
5 14 0 4 6 9 10 12 2.35488
5 14 0 4 6 9 10 13 2.35488
5 14 0 4 6 9 11 12 2.32266
5 14 0 4 6 9 11 13 2.32266
5 14 0 4 6 9 12 13 2.26385
5 14 0 4 6 10 11 12 2.28709
5 14 0 4 6 10 11 13 2.28709
5 14 0 4 6 10 12 13 2.23607
5 14 0 4 6 11 12 13 2.16025
5 14 0 4 7 8 9 10 1.93309
5 14 0 4 7 8 9 11 1.85164
5 14 0 4 7 8 9 12 1.81265
5 14 0 4 7 8 9 13 1.81265
5 14 0 4 7 8 10 11 1.85164
5 14 0 4 7 8 10 12 2
5 14 0 4 7 8 10 13 2
5 14 0 4 7 8 11 12 1.62019
5 14 0 4 7 8 11 13 1.62019
5 14 0 4 7 8 12 13 1.81265
5 14 0 4 7 9 10 11 2.07802
5 14 0 4 7 9 10 12 1.93309
5 14 0 4 7 9 10 13 1.93309
5 14 0 4 7 9 11 12 1.93309
5 14 0 4 7 9 11 13 1.93309
5 14 0 4 7 9 12 13 2
5 14 0 4 7 10 11 12 1.85164
5 14 0 4 7 10 11 13 1.85164
5 14 0 4 7 10 12 13 2
5 14 0 4 7 11 12 13 1.73205
5 14 0 4 8 9 10 11 2.28709
5 14 0 4 8 9 10 12 2.26385
5 14 0 4 8 9 10 13 2.26385
5 14 0 4 8 9 11 12 2.13664
5 14 0 4 8 9 11 13 2.13664
5 14 0 4 8 9 12 13 2.16025
5 14 0 4 8 10 11 12 2.13664
5 14 0 4 8 10 11 13 2.13664
5 14 0 4 8 10 12 13 2.19089
5 14 0 4 8 11 12 13 2
5 14 0 4 9 10 11 12 2.28709
5 14 0 4 9 10 11 13 2.28709
5 14 0 4 9 10 12 13 2.26385
5 14 0 4 9 11 12 13 2.16025
5 14 0 4 10 11 12 13 2.13664
5 14 0 6 7 8 9 10 1.90693
5 14 0 6 7 8 9 11 1.85164
5 14 0 6 7 8 9 12 1.73205
5 14 0 6 7 8 9 13 1.73205
5 14 0 6 7 8 10 11 1.85164
5 14 0 6 7 8 10 12 1.73205
5 14 0 6 7 8 10 13 1.73205
5 14 0 6 7 8 11 12 1.62019
5 14 0 6 7 8 11 13 1.62019
5 14 0 6 7 8 12 13 1.62019
5 14 0 6 7 9 10 11 2.07802
5 14 0 6 7 9 10 12 1.90693
5 14 0 6 7 9 10 13 1.90693
5 14 0 6 7 9 11 12 2
5 14 0 6 7 9 11 13 2
5 14 0 6 7 9 12 13 2
5 14 0 6 7 10 11 12 1.85164
5 14 0 6 7 10 11 13 1.85164
5 14 0 6 7 10 12 13 1.73205
5 14 0 6 7 11 12 13 1.81265
5 14 0 6 8 9 10 11 2.28709
5 14 0 6 8 9 10 12 2.23607
5 14 0 6 8 9 10 13 2.23607
5 14 0 6 8 9 11 12 2.13664
5 14 0 6 8 9 11 13 2.13664
5 14 0 6 8 9 12 13 2.13664
5 14 0 6 8 10 11 12 2.13664
5 14 0 6 8 10 11 13 2.13664
5 14 0 6 8 10 12 13 2.13664
5 14 0 6 8 11 12 13 2
5 14 0 6 9 10 11 12 2.28709
5 14 0 6 9 10 11 13 2.28709
5 14 0 6 9 10 12 13 2.23607
5 14 0 6 9 11 12 13 2.19089
5 14 0 6 10 11 12 13 2.13664
5 14 0 7 8 9 10 11 1.85164
5 14 0 7 8 9 10 12 1.81265
5 14 0 7 8 9 10 13 1.81265
5 14 0 7 8 9 11 12 1.62019
5 14 0 7 8 9 11 13 1.62019
5 14 0 7 8 9 12 13 1.73205
5 14 0 7 8 10 11 12 1.62019
5 14 0 7 8 10 11 13 1.62019
5 14 0 7 8 10 12 13 1.81265
5 14 0 7 8 11 12 13 1.41421
5 14 0 7 9 10 11 12 1.85164
5 14 0 7 9 10 11 13 1.85164
5 14 0 7 9 10 12 13 1.81265
5 14 0 7 9 11 12 13 1.81265
5 14 0 7 10 11 12 13 1.62019
5 14 0 8 9 10 11 12 2.13664
5 14 0 8 9 10 11 13 2.13664
5 14 0 8 9 10 12 13 2.16025
5 14 0 8 9 11 12 13 2
5 14 0 8 10 11 12 13 2
5 14 0 9 10 11 12 13 2.13664
5 14 1 2 3 4 6 7 1
5 14 1 2 3 4 6 8 1
5 14 1 2 3 4 6 9 1
5 14 1 2 3 4 6 10 1
5 14 1 2 3 4 6 11 1
5 14 1 2 3 4 6 12 1
5 14 1 2 3 4 6 13 1
5 14 1 2 3 4 7 8 1.41421
5 14 1 2 3 4 7 9 1
5 14 1 2 3 4 7 10 1.41421
5 14 1 2 3 4 7 11 1
5 14 1 2 3 4 7 12 1.41421
5 14 1 2 3 4 7 13 1.41421
5 14 1 2 3 4 8 9 1
5 14 1 2 3 4 8 10 1.41421
5 14 1 2 3 4 8 11 1
5 14 1 2 3 4 8 12 1.41421
5 14 1 2 3 4 8 13 1.41421
5 14 1 2 3 4 9 10 1
5 14 1 2 3 4 9 11 1
5 14 1 2 3 4 9 12 1
5 14 1 2 3 4 9 13 1
5 14 1 2 3 4 10 11 1
5 14 1 2 3 4 10 12 1.41421
5 14 1 2 3 4 10 13 1.41421
5 14 1 2 3 4 11 12 1
5 14 1 2 3 4 11 13 1
5 14 1 2 3 4 12 13 1.41421
5 14 1 2 3 6 7 8 1
5 14 1 2 3 6 7 9 1.41421
5 14 1 2 3 6 7 10 1
5 14 1 2 3 6 7 11 1.41421
5 14 1 2 3 6 7 12 1.41421
5 14 1 2 3 6 7 13 1.41421
5 14 1 2 3 6 8 9 1
5 14 1 2 3 6 8 10 1
5 14 1 2 3 6 8 11 1
5 14 1 2 3 6 8 12 1
5 14 1 2 3 6 8 13 1
5 14 1 2 3 6 9 10 1
5 14 1 2 3 6 9 11 1.41421
5 14 1 2 3 6 9 12 1.41421
5 14 1 2 3 6 9 13 1.41421
5 14 1 2 3 6 10 11 1
5 14 1 2 3 6 10 12 1
5 14 1 2 3 6 10 13 0
5 14 1 2 3 6 11 12 1.41421
5 14 1 2 3 6 11 13 1.41421
5 14 1 2 3 6 12 13 1.41421
5 14 1 2 3 7 8 9 1
5 14 1 2 3 7 8 10 1.41421
5 14 1 2 3 7 8 11 1
5 14 1 2 3 7 8 12 1.41421
5 14 1 2 3 7 8 13 1.41421
5 14 1 2 3 7 9 10 1
5 14 1 2 3 7 9 11 1.41421
5 14 1 2 3 7 9 12 1.41421
5 14 1 2 3 7 9 13 1.41421
5 14 1 2 3 7 10 11 1
5 14 1 2 3 7 10 12 1.41421
5 14 1 2 3 7 10 13 1.41421
5 14 1 2 3 7 11 12 1.41421
5 14 1 2 3 7 11 13 1.41421
5 14 1 2 3 7 12 13 1.41421
5 14 1 2 3 8 9 10 1
5 14 1 2 3 8 9 11 1
5 14 1 2 3 8 9 12 1
5 14 1 2 3 8 9 13 1
5 14 1 2 3 8 10 11 1
5 14 1 2 3 8 10 12 1.41421
5 14 1 2 3 8 10 13 1.41421
5 14 1 2 3 8 11 12 1
5 14 1 2 3 8 11 13 1
5 14 1 2 3 8 12 13 1.41421
5 14 1 2 3 9 10 11 1
5 14 1 2 3 9 10 12 1
5 14 1 2 3 9 10 13 1
5 14 1 2 3 9 11 12 1.41421
5 14 1 2 3 9 11 13 1.41421
5 14 1 2 3 9 12 13 1.41421
5 14 1 2 3 10 11 12 1
5 14 1 2 3 10 11 13 1
5 14 1 2 3 10 12 13 1.41421
5 14 1 2 3 11 12 13 1.41421
5 14 1 2 4 6 7 8 1
5 14 1 2 4 6 7 9 1
5 14 1 2 4 6 7 10 1
5 14 1 2 4 6 7 11 1
5 14 1 2 4 6 7 12 1
5 14 1 2 4 6 7 13 1
5 14 1 2 4 6 8 9 1.41421
5 14 1 2 4 6 8 10 1.41421
5 14 1 2 4 6 8 11 1
5 14 1 2 4 6 8 12 1.41421
5 14 1 2 4 6 8 13 1.41421
5 14 1 2 4 6 9 10 1.41421
5 14 1 2 4 6 9 11 1
5 14 1 2 4 6 9 12 1.41421
5 14 1 2 4 6 9 13 1.41421
5 14 1 2 4 6 10 11 1
5 14 1 2 4 6 10 12 1.41421
5 14 1 2 4 6 10 13 1.41421
5 14 1 2 4 6 11 12 1
5 14 1 2 4 6 11 13 1
5 14 1 2 4 6 12 13 1.41421
5 14 1 2 4 7 8 9 1.41421
5 14 1 2 4 7 8 10 1.62019
5 14 1 2 4 7 8 11 1
5 14 1 2 4 7 8 12 1.62019
5 14 1 2 4 7 8 13 1.62019
5 14 1 2 4 7 9 10 1.41421
5 14 1 2 4 7 9 11 1
5 14 1 2 4 7 9 12 1.41421
5 14 1 2 4 7 9 13 1.41421
5 14 1 2 4 7 10 11 1
5 14 1 2 4 7 10 12 1.62019
5 14 1 2 4 7 10 13 1.62019
5 14 1 2 4 7 11 12 1
5 14 1 2 4 7 11 13 1
5 14 1 2 4 7 12 13 1.62019
5 14 1 2 4 8 9 10 1.62019
5 14 1 2 4 8 9 11 1
5 14 1 2 4 8 9 12 1.62019
5 14 1 2 4 8 9 13 1.62019
5 14 1 2 4 8 10 11 1
5 14 1 2 4 8 10 12 1.73205
5 14 1 2 4 8 10 13 1.73205
5 14 1 2 4 8 11 12 1
5 14 1 2 4 8 11 13 1
5 14 1 2 4 8 12 13 1.73205
5 14 1 2 4 9 10 11 1
5 14 1 2 4 9 10 12 1.62019
5 14 1 2 4 9 10 13 1.62019
5 14 1 2 4 9 11 12 1
5 14 1 2 4 9 11 13 1
5 14 1 2 4 9 12 13 1.62019
5 14 1 2 4 10 11 12 1
5 14 1 2 4 10 11 13 1
5 14 1 2 4 10 12 13 1.73205
5 14 1 2 4 11 12 13 1
5 14 1 2 6 7 8 9 1
5 14 1 2 6 7 8 10 1
5 14 1 2 6 7 8 11 1
5 14 1 2 6 7 8 12 1
5 14 1 2 6 7 8 13 1
5 14 1 2 6 7 9 10 1
5 14 1 2 6 7 9 11 1.41421
5 14 1 2 6 7 9 12 1.41421
5 14 1 2 6 7 9 13 1.41421
5 14 1 2 6 7 10 11 1
5 14 1 2 6 7 10 12 1
5 14 1 2 6 7 10 13 1
5 14 1 2 6 7 11 12 1.41421
5 14 1 2 6 7 11 13 1.41421
5 14 1 2 6 7 12 13 1.41421
5 14 1 2 6 8 9 10 1.41421
5 14 1 2 6 8 9 11 1
5 14 1 2 6 8 9 12 1.41421
5 14 1 2 6 8 9 13 1.41421
5 14 1 2 6 8 10 11 1
5 14 1 2 6 8 10 12 1.41421
5 14 1 2 6 8 10 13 1.41421
5 14 1 2 6 8 11 12 1
5 14 1 2 6 8 11 13 1
5 14 1 2 6 8 12 13 1.41421
5 14 1 2 6 9 10 11 1
5 14 1 2 6 9 10 12 1.41421
5 14 1 2 6 9 10 13 1.41421
5 14 1 2 6 9 11 12 1.41421
5 14 1 2 6 9 11 13 1.41421
5 14 1 2 6 9 12 13 1.41421
5 14 1 2 6 10 11 12 1
5 14 1 2 6 10 11 13 1
5 14 1 2 6 10 12 13 1.41421
5 14 1 2 6 11 12 13 1.41421
5 14 1 2 7 8 9 10 1.41421
5 14 1 2 7 8 9 11 1
5 14 1 2 7 8 9 12 1.41421
5 14 1 2 7 8 9 13 1.41421
5 14 1 2 7 8 10 11 1
5 14 1 2 7 8 10 12 1.62019
5 14 1 2 7 8 10 13 1.62019
5 14 1 2 7 8 11 12 1
5 14 1 2 7 8 11 13 1
5 14 1 2 7 8 12 13 1.62019
5 14 1 2 7 9 10 11 1
5 14 1 2 7 9 10 12 1.41421
5 14 1 2 7 9 10 13 1.41421
5 14 1 2 7 9 11 12 1.41421
5 14 1 2 7 9 11 13 1.41421
5 14 1 2 7 9 12 13 1.41421
5 14 1 2 7 10 11 12 1
5 14 1 2 7 10 11 13 1
5 14 1 2 7 10 12 13 1.62019
5 14 1 2 7 11 12 13 1.41421
5 14 1 2 8 9 10 11 1
5 14 1 2 8 9 10 12 1.62019
5 14 1 2 8 9 10 13 1.62019
5 14 1 2 8 9 11 12 1
5 14 1 2 8 9 11 13 1
5 14 1 2 8 9 12 13 1.62019
5 14 1 2 8 10 11 12 1
5 14 1 2 8 10 11 13 1
5 14 1 2 8 10 12 13 1.73205
5 14 1 2 8 11 12 13 1
5 14 1 2 9 10 11 12 1
5 14 1 2 9 10 11 13 1
5 14 1 2 9 10 12 13 1.62019
5 14 1 2 9 11 12 13 1.41421
5 14 1 2 10 11 12 13 1
5 14 1 3 4 6 7 8 1
5 14 1 3 4 6 7 9 1
5 14 1 3 4 6 7 10 1
5 14 1 3 4 6 7 11 1
5 14 1 3 4 6 7 12 1
5 14 1 3 4 6 7 13 1
5 14 1 3 4 6 8 9 1
5 14 1 3 4 6 8 10 1
5 14 1 3 4 6 8 11 1
5 14 1 3 4 6 8 12 1
5 14 1 3 4 6 8 13 0
5 14 1 3 4 6 9 10 1
5 14 1 3 4 6 9 11 1
5 14 1 3 4 6 9 12 1
5 14 1 3 4 6 9 13 1
5 14 1 3 4 6 10 11 1
5 14 1 3 4 6 10 12 1
5 14 1 3 4 6 10 13 0
5 14 1 3 4 6 11 12 1
5 14 1 3 4 6 11 13 1
5 14 1 3 4 6 12 13 1
5 14 1 3 4 7 8 9 1
5 14 1 3 4 7 8 10 1.41421
5 14 1 3 4 7 8 11 1
5 14 1 3 4 7 8 12 1.41421
5 14 1 3 4 7 8 13 1.41421
5 14 1 3 4 7 9 10 1
5 14 1 3 4 7 9 11 1
5 14 1 3 4 7 9 12 1
5 14 1 3 4 7 9 13 1
5 14 1 3 4 7 10 11 1
5 14 1 3 4 7 10 12 1.41421
5 14 1 3 4 7 10 13 1.41421
5 14 1 3 4 7 11 12 1
5 14 1 3 4 7 11 13 1
5 14 1 3 4 7 12 13 1.41421
5 14 1 3 4 8 9 10 1
5 14 1 3 4 8 9 11 1
5 14 1 3 4 8 9 12 1
5 14 1 3 4 8 9 13 1
5 14 1 3 4 8 10 11 1
5 14 1 3 4 8 10 12 1.41421
5 14 1 3 4 8 10 13 1.41421
5 14 1 3 4 8 11 12 1
5 14 1 3 4 8 11 13 1
5 14 1 3 4 8 12 13 1.41421
5 14 1 3 4 9 10 11 1
5 14 1 3 4 9 10 12 1
5 14 1 3 4 9 10 13 1
5 14 1 3 4 9 11 12 1
5 14 1 3 4 9 11 13 1
5 14 1 3 4 9 12 13 1
5 14 1 3 4 10 11 12 1
5 14 1 3 4 10 11 13 1
5 14 1 3 4 10 12 13 1.41421
5 14 1 3 4 11 12 13 1
5 14 1 3 6 7 8 9 1
5 14 1 3 6 7 8 10 1
5 14 1 3 6 7 8 11 1
5 14 1 3 6 7 8 12 1
5 14 1 3 6 7 8 13 1
5 14 1 3 6 7 9 10 1
5 14 1 3 6 7 9 11 1.41421
5 14 1 3 6 7 9 12 1.41421
5 14 1 3 6 7 9 13 1.41421
5 14 1 3 6 7 10 11 1
5 14 1 3 6 7 10 12 1
5 14 1 3 6 7 10 13 0
5 14 1 3 6 7 11 12 1.41421
5 14 1 3 6 7 11 13 1.41421
5 14 1 3 6 7 12 13 1.41421
5 14 1 3 6 8 9 10 1
5 14 1 3 6 8 9 11 1
5 14 1 3 6 8 9 12 1
5 14 1 3 6 8 9 13 1
5 14 1 3 6 8 10 11 1
5 14 1 3 6 8 10 12 1
5 14 1 3 6 8 10 13 0
5 14 1 3 6 8 11 12 1
5 14 1 3 6 8 11 13 1
5 14 1 3 6 8 12 13 1
5 14 1 3 6 9 10 11 1
5 14 1 3 6 9 10 12 1
5 14 1 3 6 9 10 13 0
5 14 1 3 6 9 11 12 1.41421
5 14 1 3 6 9 11 13 1.41421
5 14 1 3 6 9 12 13 1.41421
5 14 1 3 6 10 11 12 1
5 14 1 3 6 10 11 13 0
5 14 1 3 6 10 12 13 0
5 14 1 3 6 11 12 13 1.41421
5 14 1 3 7 8 9 10 1
5 14 1 3 7 8 9 11 1
5 14 1 3 7 8 9 12 1
5 14 1 3 7 8 9 13 1
5 14 1 3 7 8 10 11 1
5 14 1 3 7 8 10 12 1.41421
5 14 1 3 7 8 10 13 1.41421
5 14 1 3 7 8 11 12 1
5 14 1 3 7 8 11 13 1
5 14 1 3 7 8 12 13 1.41421
5 14 1 3 7 9 10 11 1
5 14 1 3 7 9 10 12 1
5 14 1 3 7 9 10 13 1
5 14 1 3 7 9 11 12 1.41421
5 14 1 3 7 9 11 13 1.41421
5 14 1 3 7 9 12 13 1.41421
5 14 1 3 7 10 11 12 1
5 14 1 3 7 10 11 13 1
5 14 1 3 7 10 12 13 1.41421
5 14 1 3 7 11 12 13 1.41421
5 14 1 3 8 9 10 11 1
5 14 1 3 8 9 10 12 1
5 14 1 3 8 9 10 13 1
5 14 1 3 8 9 11 12 1
5 14 1 3 8 9 11 13 1
5 14 1 3 8 9 12 13 1
5 14 1 3 8 10 11 12 1
5 14 1 3 8 10 11 13 1
5 14 1 3 8 10 12 13 1.41421
5 14 1 3 8 11 12 13 1
5 14 1 3 9 10 11 12 1
5 14 1 3 9 10 11 13 0
5 14 1 3 9 10 12 13 1
5 14 1 3 9 11 12 13 1.41421
5 14 1 3 10 11 12 13 1
5 14 1 4 6 7 8 9 1.41421
5 14 1 4 6 7 8 10 1.41421
5 14 1 4 6 7 8 11 1
5 14 1 4 6 7 8 12 1.41421
5 14 1 4 6 7 8 13 1.41421
5 14 1 4 6 7 9 10 1.41421
5 14 1 4 6 7 9 11 1
5 14 1 4 6 7 9 12 1.41421
5 14 1 4 6 7 9 13 1.41421
5 14 1 4 6 7 10 11 1
5 14 1 4 6 7 10 12 1.41421
5 14 1 4 6 7 10 13 1.41421
5 14 1 4 6 7 11 12 1
5 14 1 4 6 7 11 13 1
5 14 1 4 6 7 12 13 1.41421
5 14 1 4 6 8 9 10 1.73205
5 14 1 4 6 8 9 11 1.41421
5 14 1 4 6 8 9 12 1.73205
5 14 1 4 6 8 9 13 1.73205
5 14 1 4 6 8 10 11 1.41421
5 14 1 4 6 8 10 12 1.73205
5 14 1 4 6 8 10 13 1.73205
5 14 1 4 6 8 11 12 1.41421
5 14 1 4 6 8 11 13 1.41421
5 14 1 4 6 8 12 13 1.73205
5 14 1 4 6 9 10 11 1.41421
5 14 1 4 6 9 10 12 1.73205
5 14 1 4 6 9 10 13 1.73205
5 14 1 4 6 9 11 12 1.41421
5 14 1 4 6 9 11 13 1.41421
5 14 1 4 6 9 12 13 1.73205
5 14 1 4 6 10 11 12 1.41421
5 14 1 4 6 10 11 13 1.41421
5 14 1 4 6 10 12 13 1.73205
5 14 1 4 6 11 12 13 1.41421
5 14 1 4 7 8 9 10 1.62019
5 14 1 4 7 8 9 11 1
5 14 1 4 7 8 9 12 1.62019
5 14 1 4 7 8 9 13 1.62019
5 14 1 4 7 8 10 11 1
5 14 1 4 7 8 10 12 1.73205
5 14 1 4 7 8 10 13 1.73205
5 14 1 4 7 8 11 12 1
5 14 1 4 7 8 11 13 1
5 14 1 4 7 8 12 13 1.73205
5 14 1 4 7 9 10 11 1
5 14 1 4 7 9 10 12 1.62019
5 14 1 4 7 9 10 13 1.62019
5 14 1 4 7 9 11 12 1
5 14 1 4 7 9 11 13 1
5 14 1 4 7 9 12 13 1.62019
5 14 1 4 7 10 11 12 1
5 14 1 4 7 10 11 13 1
5 14 1 4 7 10 12 13 1.73205
5 14 1 4 7 11 12 13 1
5 14 1 4 8 9 10 11 1.41421
5 14 1 4 8 9 10 12 1.85164
5 14 1 4 8 9 10 13 1.85164
5 14 1 4 8 9 11 12 1.41421
5 14 1 4 8 9 11 13 1.41421
5 14 1 4 8 9 12 13 1.85164
5 14 1 4 8 10 11 12 1.41421
5 14 1 4 8 10 11 13 1.41421
5 14 1 4 8 10 12 13 1.90693
5 14 1 4 8 11 12 13 1.41421
5 14 1 4 9 10 11 12 1.41421
5 14 1 4 9 10 11 13 1.41421
5 14 1 4 9 10 12 13 1.85164
5 14 1 4 9 11 12 13 1.41421
5 14 1 4 10 11 12 13 1.41421
5 14 1 6 7 8 9 10 1.41421
5 14 1 6 7 8 9 11 1
5 14 1 6 7 8 9 12 1.41421
5 14 1 6 7 8 9 13 1.41421
5 14 1 6 7 8 10 11 1
5 14 1 6 7 8 10 12 1.41421
5 14 1 6 7 8 10 13 1.41421
5 14 1 6 7 8 11 12 1
5 14 1 6 7 8 11 13 1
5 14 1 6 7 8 12 13 1.41421
5 14 1 6 7 9 10 11 1
5 14 1 6 7 9 10 12 1.41421
5 14 1 6 7 9 10 13 1.41421
5 14 1 6 7 9 11 12 1.41421
5 14 1 6 7 9 11 13 1.41421
5 14 1 6 7 9 12 13 1.41421
5 14 1 6 7 10 11 12 1
5 14 1 6 7 10 11 13 1
5 14 1 6 7 10 12 13 1.41421
5 14 1 6 7 11 12 13 1.41421
5 14 1 6 8 9 10 11 1.41421
5 14 1 6 8 9 10 12 1.73205
5 14 1 6 8 9 10 13 1.73205
5 14 1 6 8 9 11 12 1.41421
5 14 1 6 8 9 11 13 1.41421
5 14 1 6 8 9 12 13 1.73205
5 14 1 6 8 10 11 12 1.41421
5 14 1 6 8 10 11 13 1.41421
5 14 1 6 8 10 12 13 1.73205
5 14 1 6 8 11 12 13 1.41421
5 14 1 6 9 10 11 12 1.41421
5 14 1 6 9 10 11 13 1.41421
5 14 1 6 9 10 12 13 1.73205
5 14 1 6 9 11 12 13 1.41421
5 14 1 6 10 11 12 13 1.41421
5 14 1 7 8 9 10 11 1
5 14 1 7 8 9 10 12 1.62019
5 14 1 7 8 9 10 13 1.62019
5 14 1 7 8 9 11 12 1
5 14 1 7 8 9 11 13 1
5 14 1 7 8 9 12 13 1.62019
5 14 1 7 8 10 11 12 1
5 14 1 7 8 10 11 13 1
5 14 1 7 8 10 12 13 1.73205
5 14 1 7 8 11 12 13 1
5 14 1 7 9 10 11 12 1
5 14 1 7 9 10 11 13 1
5 14 1 7 9 10 12 13 1.62019
5 14 1 7 9 11 12 13 1.41421
5 14 1 7 10 11 12 13 1
5 14 1 8 9 10 11 12 1.41421
5 14 1 8 9 10 11 13 1.41421
5 14 1 8 9 10 12 13 1.85164
5 14 1 8 9 11 12 13 1.41421
5 14 1 8 10 11 12 13 1.41421
5 14 1 9 10 11 12 13 1.41421
5 14 2 3 4 6 7 8 1.62019
5 14 2 3 4 6 7 9 1.93309
5 14 2 3 4 6 7 10 1.85164
5 14 2 3 4 6 7 11 1.93309
5 14 2 3 4 6 7 12 1.73205
5 14 2 3 4 6 7 13 1.62019
5 14 2 3 4 6 8 9 1.85164
5 14 2 3 4 6 8 10 1.85164
5 14 2 3 4 6 8 11 1.85164
5 14 2 3 4 6 8 12 1.62019
5 14 2 3 4 6 8 13 1.41421
5 14 2 3 4 6 9 10 2.07802
5 14 2 3 4 6 9 11 2.13809
5 14 2 3 4 6 9 12 1.93309
5 14 2 3 4 6 9 13 1.85164
5 14 2 3 4 6 10 11 2.07802
5 14 2 3 4 6 10 12 1.85164
5 14 2 3 4 6 10 13 1.73205
5 14 2 3 4 6 11 12 1.93309
5 14 2 3 4 6 11 13 1.85164
5 14 2 3 4 6 12 13 1.62019
5 14 2 3 4 7 8 9 1.62019
5 14 2 3 4 7 8 10 1.62019
5 14 2 3 4 7 8 11 1.62019
5 14 2 3 4 7 8 12 1.41421
5 14 2 3 4 7 8 13 1.41421
5 14 2 3 4 7 9 10 1.85164
5 14 2 3 4 7 9 11 1.93309
5 14 2 3 4 7 9 12 1.73205
5 14 2 3 4 7 9 13 1.62019
5 14 2 3 4 7 10 11 1.85164
5 14 2 3 4 7 10 12 1.62019
5 14 2 3 4 7 10 13 1.41421
5 14 2 3 4 7 11 12 1.73205
5 14 2 3 4 7 11 13 1.62019
5 14 2 3 4 7 12 13 1.41421
5 14 2 3 4 8 9 10 1.85164
5 14 2 3 4 8 9 11 1.85164
5 14 2 3 4 8 9 12 1.62019
5 14 2 3 4 8 9 13 1.41421
5 14 2 3 4 8 10 11 1.85164
5 14 2 3 4 8 10 12 1.62019
5 14 2 3 4 8 10 13 1.41421
5 14 2 3 4 8 11 12 1.62019
5 14 2 3 4 8 11 13 1.41421
5 14 2 3 4 8 12 13 1.41421
5 14 2 3 4 9 10 11 2.07802
5 14 2 3 4 9 10 12 1.85164
5 14 2 3 4 9 10 13 1.73205
5 14 2 3 4 9 11 12 1.93309
5 14 2 3 4 9 11 13 1.85164
5 14 2 3 4 9 12 13 1.62019
5 14 2 3 4 10 11 12 1.85164
5 14 2 3 4 10 11 13 1.73205
5 14 2 3 4 10 12 13 1.41421
5 14 2 3 4 11 12 13 1.62019
5 14 2 3 6 7 8 9 1.62019
5 14 2 3 6 7 8 10 1.62019
5 14 2 3 6 7 8 11 1.62019
5 14 2 3 6 7 8 12 1.41421
5 14 2 3 6 7 8 13 1
5 14 2 3 6 7 9 10 1.85164
5 14 2 3 6 7 9 11 2
5 14 2 3 6 7 9 12 1.81265
5 14 2 3 6 7 9 13 1.73205
5 14 2 3 6 7 10 11 1.85164
5 14 2 3 6 7 10 12 1.62019
5 14 2 3 6 7 10 13 1.41421
5 14 2 3 6 7 11 12 1.81265
5 14 2 3 6 7 11 13 1.73205
5 14 2 3 6 7 12 13 1.62019
5 14 2 3 6 8 9 10 1.85164
5 14 2 3 6 8 9 11 1.85164
5 14 2 3 6 8 9 12 1.62019
5 14 2 3 6 8 9 13 1.41421
5 14 2 3 6 8 10 11 1.85164
5 14 2 3 6 8 10 12 1.62019
5 14 2 3 6 8 10 13 1.41421
5 14 2 3 6 8 11 12 1.62019
5 14 2 3 6 8 11 13 1.41421
5 14 2 3 6 8 12 13 1
5 14 2 3 6 9 10 11 2.07802
5 14 2 3 6 9 10 12 1.85164
5 14 2 3 6 9 10 13 1.73205
5 14 2 3 6 9 11 12 2
5 14 2 3 6 9 11 13 1.90693
5 14 2 3 6 9 12 13 1.73205
5 14 2 3 6 10 11 12 1.85164
5 14 2 3 6 10 11 13 1.73205
5 14 2 3 6 10 12 13 1.41421
5 14 2 3 6 11 12 13 1.73205
5 14 2 3 7 8 9 10 1.62019
5 14 2 3 7 8 9 11 1.62019
5 14 2 3 7 8 9 12 1.41421
5 14 2 3 7 8 9 13 1
5 14 2 3 7 8 10 11 1.62019
5 14 2 3 7 8 10 12 1.41421
5 14 2 3 7 8 10 13 1.41421
5 14 2 3 7 8 11 12 1.41421
5 14 2 3 7 8 11 13 1
5 14 2 3 7 8 12 13 1.41421
5 14 2 3 7 9 10 11 1.85164
5 14 2 3 7 9 10 12 1.62019
5 14 2 3 7 9 10 13 1.41421
5 14 2 3 7 9 11 12 1.81265
5 14 2 3 7 9 11 13 1.73205
5 14 2 3 7 9 12 13 1.62019
5 14 2 3 7 10 11 12 1.62019
5 14 2 3 7 10 11 13 1.41421
5 14 2 3 7 10 12 13 1.41421
5 14 2 3 7 11 12 13 1.62019
5 14 2 3 8 9 10 11 1.85164
5 14 2 3 8 9 10 12 1.62019
5 14 2 3 8 9 10 13 1.41421
5 14 2 3 8 9 11 12 1.62019
5 14 2 3 8 9 11 13 1.41421
5 14 2 3 8 9 12 13 1
5 14 2 3 8 10 11 12 1.62019
5 14 2 3 8 10 11 13 1.41421
5 14 2 3 8 10 12 13 1.41421
5 14 2 3 8 11 12 13 1
5 14 2 3 9 10 11 12 1.85164
5 14 2 3 9 10 11 13 1.73205
5 14 2 3 9 10 12 13 1.41421
5 14 2 3 9 11 12 13 1.73205
5 14 2 3 10 11 12 13 1.41421
5 14 2 4 6 7 8 9 1.62019
5 14 2 4 6 7 8 10 1.62019
5 14 2 4 6 7 8 11 1.62019
5 14 2 4 6 7 8 12 1.41421
5 14 2 4 6 7 8 13 1
5 14 2 4 6 7 9 10 1.85164
5 14 2 4 6 7 9 11 1.93309
5 14 2 4 6 7 9 12 1.73205
5 14 2 4 6 7 9 13 1.62019
5 14 2 4 6 7 10 11 1.85164
5 14 2 4 6 7 10 12 1.62019
5 14 2 4 6 7 10 13 1.41421
5 14 2 4 6 7 11 12 1.73205
5 14 2 4 6 7 11 13 1.62019
5 14 2 4 6 7 12 13 1.41421
5 14 2 4 6 8 9 10 2
5 14 2 4 6 8 9 11 1.93309
5 14 2 4 6 8 9 12 1.81265
5 14 2 4 6 8 9 13 1.73205
5 14 2 4 6 8 10 11 1.93309
5 14 2 4 6 8 10 12 1.81265
5 14 2 4 6 8 10 13 1.73205
5 14 2 4 6 8 11 12 1.73205
5 14 2 4 6 8 11 13 1.62019
5 14 2 4 6 8 12 13 1.62019
5 14 2 4 6 9 10 11 2.13809
5 14 2 4 6 9 10 12 2
5 14 2 4 6 9 10 13 1.90693
5 14 2 4 6 9 11 12 2
5 14 2 4 6 9 11 13 1.93309
5 14 2 4 6 9 12 13 1.81265
5 14 2 4 6 10 11 12 1.93309
5 14 2 4 6 10 11 13 1.85164
5 14 2 4 6 10 12 13 1.73205
5 14 2 4 6 11 12 13 1.73205
5 14 2 4 7 8 9 10 1.62019
5 14 2 4 7 8 9 11 1.62019
5 14 2 4 7 8 9 12 1.41421
5 14 2 4 7 8 9 13 1.41421
5 14 2 4 7 8 10 11 1.62019
5 14 2 4 7 8 10 12 1.62019
5 14 2 4 7 8 10 13 1.62019
5 14 2 4 7 8 11 12 1.41421
5 14 2 4 7 8 11 13 1
5 14 2 4 7 8 12 13 1.62019
5 14 2 4 7 9 10 11 1.85164
5 14 2 4 7 9 10 12 1.62019
5 14 2 4 7 9 10 13 1.41421
5 14 2 4 7 9 11 12 1.73205
5 14 2 4 7 9 11 13 1.62019
5 14 2 4 7 9 12 13 1.41421
5 14 2 4 7 10 11 12 1.62019
5 14 2 4 7 10 11 13 1.41421
5 14 2 4 7 10 12 13 1.62019
5 14 2 4 7 11 12 13 1.41421
5 14 2 4 8 9 10 11 1.93309
5 14 2 4 8 9 10 12 2
5 14 2 4 8 9 10 13 1.81265
5 14 2 4 8 9 11 12 1.73205
5 14 2 4 8 9 11 13 1.62019
5 14 2 4 8 9 12 13 1.73205
5 14 2 4 8 10 11 12 1.73205
5 14 2 4 8 10 11 13 1.62019
5 14 2 4 8 10 12 13 1.81265
5 14 2 4 8 11 12 13 1.41421
5 14 2 4 9 10 11 12 1.93309
5 14 2 4 9 10 11 13 1.85164
5 14 2 4 9 10 12 13 1.81265
5 14 2 4 9 11 12 13 1.73205
5 14 2 4 10 11 12 13 1.62019
5 14 2 6 7 8 9 10 1.62019
5 14 2 6 7 8 9 11 1.62019
5 14 2 6 7 8 9 12 1.41421
5 14 2 6 7 8 9 13 1
5 14 2 6 7 8 10 11 1.62019
5 14 2 6 7 8 10 12 1.41421
5 14 2 6 7 8 10 13 1
5 14 2 6 7 8 11 12 1.41421
5 14 2 6 7 8 11 13 1
5 14 2 6 7 8 12 13 1
5 14 2 6 7 9 10 11 1.85164
5 14 2 6 7 9 10 12 1.62019
5 14 2 6 7 9 10 13 1.41421
5 14 2 6 7 9 11 12 1.81265
5 14 2 6 7 9 11 13 1.73205
5 14 2 6 7 9 12 13 1.62019
5 14 2 6 7 10 11 12 1.62019
5 14 2 6 7 10 11 13 1.41421
5 14 2 6 7 10 12 13 1
5 14 2 6 7 11 12 13 1.62019
5 14 2 6 8 9 10 11 1.93309
5 14 2 6 8 9 10 12 1.81265
5 14 2 6 8 9 10 13 1.73205
5 14 2 6 8 9 11 12 1.73205
5 14 2 6 8 9 11 13 1.62019
5 14 2 6 8 9 12 13 1.62019
5 14 2 6 8 10 11 12 1.73205
5 14 2 6 8 10 11 13 1.62019
5 14 2 6 8 10 12 13 1.62019
5 14 2 6 8 11 12 13 1.41421
5 14 2 6 9 10 11 12 1.93309
5 14 2 6 9 10 11 13 1.85164
5 14 2 6 9 10 12 13 1.73205
5 14 2 6 9 11 12 13 1.81265
5 14 2 6 10 11 12 13 1.62019
5 14 2 7 8 9 10 11 1.62019
5 14 2 7 8 9 10 12 1.41421
5 14 2 7 8 9 10 13 1.41421
5 14 2 7 8 9 11 12 1.41421
5 14 2 7 8 9 11 13 1
5 14 2 7 8 9 12 13 1.41421
5 14 2 7 8 10 11 12 1.41421
5 14 2 7 8 10 11 13 1
5 14 2 7 8 10 12 13 1.62019
5 14 2 7 8 11 12 13 1
5 14 2 7 9 10 11 12 1.62019
5 14 2 7 9 10 11 13 1.41421
5 14 2 7 9 10 12 13 1.41421
5 14 2 7 9 11 12 13 1.62019
5 14 2 7 10 11 12 13 1
5 14 2 8 9 10 11 12 1.73205
5 14 2 8 9 10 11 13 1.62019
5 14 2 8 9 10 12 13 1.73205
5 14 2 8 9 11 12 13 1.41421
5 14 2 8 10 11 12 13 1.41421
5 14 2 9 10 11 12 13 1.62019
5 14 3 4 6 7 8 9 1.85164
5 14 3 4 6 7 8 10 1.85164
5 14 3 4 6 7 8 11 1.85164
5 14 3 4 6 7 8 12 1.62019
5 14 3 4 6 7 8 13 1.41421
5 14 3 4 6 7 9 10 2.07802
5 14 3 4 6 7 9 11 2.13809
5 14 3 4 6 7 9 12 1.93309
5 14 3 4 6 7 9 13 1.85164
5 14 3 4 6 7 10 11 2.07802
5 14 3 4 6 7 10 12 1.85164
5 14 3 4 6 7 10 13 1.73205
5 14 3 4 6 7 11 12 1.93309
5 14 3 4 6 7 11 13 1.85164
5 14 3 4 6 7 12 13 1.62019
5 14 3 4 6 8 9 10 2.07802
5 14 3 4 6 8 9 11 2.07802
5 14 3 4 6 8 9 12 1.85164
5 14 3 4 6 8 9 13 1.73205
5 14 3 4 6 8 10 11 2.07802
5 14 3 4 6 8 10 12 1.85164
5 14 3 4 6 8 10 13 1.73205
5 14 3 4 6 8 11 12 1.85164
5 14 3 4 6 8 11 13 1.73205
5 14 3 4 6 8 12 13 1.41421
5 14 3 4 6 9 10 11 2.29129
5 14 3 4 6 9 10 12 2.07802
5 14 3 4 6 9 10 13 2
5 14 3 4 6 9 11 12 2.13809
5 14 3 4 6 9 11 13 2.07802
5 14 3 4 6 9 12 13 1.85164
5 14 3 4 6 10 11 12 2.07802
5 14 3 4 6 10 11 13 2
5 14 3 4 6 10 12 13 1.73205
5 14 3 4 6 11 12 13 1.85164
5 14 3 4 7 8 9 10 1.85164
5 14 3 4 7 8 9 11 1.85164
5 14 3 4 7 8 9 12 1.62019
5 14 3 4 7 8 9 13 1.41421
5 14 3 4 7 8 10 11 1.85164
5 14 3 4 7 8 10 12 1.62019
5 14 3 4 7 8 10 13 1.41421
5 14 3 4 7 8 11 12 1.62019
5 14 3 4 7 8 11 13 1.41421
5 14 3 4 7 8 12 13 1.41421
5 14 3 4 7 9 10 11 2.07802
5 14 3 4 7 9 10 12 1.85164
5 14 3 4 7 9 10 13 1.73205
5 14 3 4 7 9 11 12 1.93309
5 14 3 4 7 9 11 13 1.85164
5 14 3 4 7 9 12 13 1.62019
5 14 3 4 7 10 11 12 1.85164
5 14 3 4 7 10 11 13 1.73205
5 14 3 4 7 10 12 13 1.41421
5 14 3 4 7 11 12 13 1.62019
5 14 3 4 8 9 10 11 2.07802
5 14 3 4 8 9 10 12 1.85164
5 14 3 4 8 9 10 13 1.73205
5 14 3 4 8 9 11 12 1.85164
5 14 3 4 8 9 11 13 1.73205
5 14 3 4 8 9 12 13 1.41421
5 14 3 4 8 10 11 12 1.85164
5 14 3 4 8 10 11 13 1.73205
5 14 3 4 8 10 12 13 1.41421
5 14 3 4 8 11 12 13 1.41421
5 14 3 4 9 10 11 12 2.07802
5 14 3 4 9 10 11 13 2
5 14 3 4 9 10 12 13 1.73205
5 14 3 4 9 11 12 13 1.85164
5 14 3 4 10 11 12 13 1.73205
5 14 3 6 7 8 9 10 1.85164
5 14 3 6 7 8 9 11 1.85164
5 14 3 6 7 8 9 12 1.62019
5 14 3 6 7 8 9 13 1.41421
5 14 3 6 7 8 10 11 1.85164
5 14 3 6 7 8 10 12 1.62019
5 14 3 6 7 8 10 13 1.41421
5 14 3 6 7 8 11 12 1.62019
5 14 3 6 7 8 11 13 1.41421
5 14 3 6 7 8 12 13 1
5 14 3 6 7 9 10 11 2.07802
5 14 3 6 7 9 10 12 1.85164
5 14 3 6 7 9 10 13 1.73205
5 14 3 6 7 9 11 12 2
5 14 3 6 7 9 11 13 1.90693
5 14 3 6 7 9 12 13 1.73205
5 14 3 6 7 10 11 12 1.85164
5 14 3 6 7 10 11 13 1.73205
5 14 3 6 7 10 12 13 1.41421
5 14 3 6 7 11 12 13 1.73205
5 14 3 6 8 9 10 11 2.07802
5 14 3 6 8 9 10 12 1.85164
5 14 3 6 8 9 10 13 1.73205
5 14 3 6 8 9 11 12 1.85164
5 14 3 6 8 9 11 13 1.73205
5 14 3 6 8 9 12 13 1.41421
5 14 3 6 8 10 11 12 1.85164
5 14 3 6 8 10 11 13 1.73205
5 14 3 6 8 10 12 13 1.41421
5 14 3 6 8 11 12 13 1.41421
5 14 3 6 9 10 11 12 2.07802
5 14 3 6 9 10 11 13 2
5 14 3 6 9 10 12 13 1.73205
5 14 3 6 9 11 12 13 1.90693
5 14 3 6 10 11 12 13 1.73205
5 14 3 7 8 9 10 11 1.85164
5 14 3 7 8 9 10 12 1.62019
5 14 3 7 8 9 10 13 1.41421
5 14 3 7 8 9 11 12 1.62019
5 14 3 7 8 9 11 13 1.41421
5 14 3 7 8 9 12 13 1
5 14 3 7 8 10 11 12 1.62019
5 14 3 7 8 10 11 13 1.41421
5 14 3 7 8 10 12 13 1.41421
5 14 3 7 8 11 12 13 1
5 14 3 7 9 10 11 12 1.85164
5 14 3 7 9 10 11 13 1.73205
5 14 3 7 9 10 12 13 1.41421
5 14 3 7 9 11 12 13 1.73205
5 14 3 7 10 11 12 13 1.41421
5 14 3 8 9 10 11 12 1.85164
5 14 3 8 9 10 11 13 1.73205
5 14 3 8 9 10 12 13 1.41421
5 14 3 8 9 11 12 13 1.41421
5 14 3 8 10 11 12 13 1.41421
5 14 3 9 10 11 12 13 1.73205
5 14 4 6 7 8 9 10 2
5 14 4 6 7 8 9 11 1.93309
5 14 4 6 7 8 9 12 1.81265
5 14 4 6 7 8 9 13 1.73205
5 14 4 6 7 8 10 11 1.93309
5 14 4 6 7 8 10 12 1.81265
5 14 4 6 7 8 10 13 1.73205
5 14 4 6 7 8 11 12 1.73205
5 14 4 6 7 8 11 13 1.62019
5 14 4 6 7 8 12 13 1.62019
5 14 4 6 7 9 10 11 2.13809
5 14 4 6 7 9 10 12 2
5 14 4 6 7 9 10 13 1.90693
5 14 4 6 7 9 11 12 2
5 14 4 6 7 9 11 13 1.93309
5 14 4 6 7 9 12 13 1.81265
5 14 4 6 7 10 11 12 1.93309
5 14 4 6 7 10 11 13 1.85164
5 14 4 6 7 10 12 13 1.73205
5 14 4 6 7 11 12 13 1.73205
5 14 4 6 8 9 10 11 2.32266
5 14 4 6 8 9 10 12 2.26385
5 14 4 6 8 9 10 13 2.23607
5 14 4 6 8 9 11 12 2.16025
5 14 4 6 8 9 11 13 2.13664
5 14 4 6 8 9 12 13 2.13664
5 14 4 6 8 10 11 12 2.16025
5 14 4 6 8 10 11 13 2.13664
5 14 4 6 8 10 12 13 2.13664
5 14 4 6 8 11 12 13 2
5 14 4 6 9 10 11 12 2.32266
5 14 4 6 9 10 11 13 2.28709
5 14 4 6 9 10 12 13 2.23607
5 14 4 6 9 11 12 13 2.16025
5 14 4 6 10 11 12 13 2.13664
5 14 4 7 8 9 10 11 1.93309
5 14 4 7 8 9 10 12 2
5 14 4 7 8 9 10 13 1.81265
5 14 4 7 8 9 11 12 1.73205
5 14 4 7 8 9 11 13 1.62019
5 14 4 7 8 9 12 13 1.73205
5 14 4 7 8 10 11 12 1.73205
5 14 4 7 8 10 11 13 1.62019
5 14 4 7 8 10 12 13 1.81265
5 14 4 7 8 11 12 13 1.41421
5 14 4 7 9 10 11 12 1.93309
5 14 4 7 9 10 11 13 1.85164
5 14 4 7 9 10 12 13 1.81265
5 14 4 7 9 11 12 13 1.73205
5 14 4 7 10 11 12 13 1.62019
5 14 4 8 9 10 11 12 2.16025
5 14 4 8 9 10 11 13 2.13664
5 14 4 8 9 10 12 13 2.16025
5 14 4 8 9 11 12 13 2
5 14 4 8 10 11 12 13 2
5 14 4 9 10 11 12 13 2.13664
5 14 6 7 8 9 10 11 1.93309
5 14 6 7 8 9 10 12 1.81265
5 14 6 7 8 9 10 13 1.73205
5 14 6 7 8 9 11 12 1.73205
5 14 6 7 8 9 11 13 1.62019
5 14 6 7 8 9 12 13 1.62019
5 14 6 7 8 10 11 12 1.73205
5 14 6 7 8 10 11 13 1.62019
5 14 6 7 8 10 12 13 1.62019
5 14 6 7 8 11 12 13 1.41421
5 14 6 7 9 10 11 12 1.93309
5 14 6 7 9 10 11 13 1.85164
5 14 6 7 9 10 12 13 1.73205
5 14 6 7 9 11 12 13 1.81265
5 14 6 7 10 11 12 13 1.62019
5 14 6 8 9 10 11 12 2.16025
5 14 6 8 9 10 11 13 2.13664
5 14 6 8 9 10 12 13 2.13664
5 14 6 8 9 11 12 13 2
5 14 6 8 10 11 12 13 2
5 14 6 9 10 11 12 13 2.13664
5 14 7 8 9 10 11 12 1.73205
5 14 7 8 9 10 11 13 1.62019
5 14 7 8 9 10 12 13 1.73205
5 14 7 8 9 11 12 13 1.41421
5 14 7 8 10 11 12 13 1.41421
5 14 7 9 10 11 12 13 1.62019
5 14 8 9 10 11 12 13 2
