2 7 0 1 1.85164
2 7 0 3 2.04939
2 7 0 4 1.90693
2 7 0 5 2
2 7 0 6 2.04939
2 7 0 8 1.62019
2 7 0 9 2.04939
2 7 0 10 1.73205
2 7 0 11 2.04939
2 7 0 12 2
2 7 0 13 2
2 7 0 14 1.93309
2 7 1 3 1.85164
2 7 1 4 1.62019
2 7 1 5 1.73205
2 7 1 6 1.85164
2 7 1 8 1.62019
2 7 1 9 1.85164
2 7 1 10 1.62019
2 7 1 11 1.85164
2 7 1 12 1.85164
2 7 1 13 1.85164
2 7 1 14 1.62019
2 7 3 4 2
2 7 3 5 2.04939
2 7 3 6 2.08167
2 7 3 8 1.62019
2 7 3 9 2.08167
2 7 3 10 1.85164
2 7 3 11 2.08167
2 7 3 12 2
2 7 3 13 2
2 7 3 14 2
2 7 4 5 2
2 7 4 6 2
2 7 4 8 1.62019
2 7 4 9 2
2 7 4 10 1.85164
2 7 4 11 2
2 7 4 12 1.81265
2 7 4 13 1.73205
2 7 4 14 1.93309
2 7 5 6 2.04939
2 7 5 8 1.62019
2 7 5 9 2.04939
2 7 5 10 1.85164
2 7 5 11 2.04939
2 7 5 12 1.93309
2 7 5 13 1.90693
2 7 5 14 2
2 7 6 8 1.62019
2 7 6 9 2.08167
2 7 6 10 1.85164
2 7 6 11 2.08167
2 7 6 12 2
2 7 6 13 2
2 7 6 14 2
2 7 8 9 1.62019
2 7 8 10 1.62019
2 7 8 11 1.62019
2 7 8 12 1.62019
2 7 8 13 1.62019
2 7 8 14 1.62019
2 7 9 10 1.85164
2 7 9 11 2.08167
2 7 9 12 2
2 7 9 13 2
2 7 9 14 2
2 7 10 11 1.85164
2 7 10 12 1.62019
2 7 10 13 1.62019
2 7 10 14 1.85164
2 7 11 12 2
2 7 11 13 2
2 7 11 14 2
2 7 12 13 1.93309
2 7 12 14 2
2 7 13 14 1.81265
