4 14 0 1 2 1.81265
4 14 0 1 3 1.41421
4 14 0 1 5 1.90693
4 14 0 1 6 2.13664
4 14 0 1 7 1.81265
4 14 0 1 8 2.19089
4 14 0 1 9 2.16025
4 14 0 1 10 2.19089
4 14 0 1 11 2
4 14 0 1 12 2.19089
4 14 0 1 13 2.19089
4 14 0 2 3 2.13809
4 14 0 2 5 2.19848
4 14 0 2 6 2.2514
4 14 0 2 7 1.85164
4 14 0 2 8 2.09069
4 14 0 2 9 2.26747
4 14 0 2 10 2.22892
4 14 0 2 11 2.22354
4 14 0 2 12 2.14154
4 14 0 2 13 2.14154
4 14 0 3 5 2.29129
4 14 0 3 6 2.48193
4 14 0 3 7 2.13809
4 14 0 3 8 2.28709
4 14 0 3 9 2.48193
4 14 0 3 10 2.44831
4 14 0 3 11 2.48193
4 14 0 3 12 2.32266
4 14 0 3 13 2.32266
4 14 0 5 6 2.52678
4 14 0 5 7 2.19848
4 14 0 5 8 2.389
4 14 0 5 9 2.54058
4 14 0 5 10 2.51534
4 14 0 5 11 2.48193
4 14 0 5 12 2.42507
4 14 0 5 13 2.42507
4 14 0 6 7 2.2514
4 14 0 6 8 2.66231
4 14 0 6 9 2.77498
4 14 0 6 10 2.75936
4 14 0 6 11 2.72385
4 14 0 6 12 2.68164
4 14 0 6 13 2.68164
4 14 0 7 8 2.09069
4 14 0 7 9 2.26747
4 14 0 7 10 2.22892
4 14 0 7 11 2.22354
4 14 0 7 12 2.14154
4 14 0 7 13 2.14154
4 14 0 8 9 2.67435
4 14 0 8 10 2.68408
4 14 0 8 11 2.61406
4 14 0 8 12 2.64575
4 14 0 8 13 2.64575
4 14 0 9 10 2.7663
4 14 0 9 11 2.72385
4 14 0 9 12 2.69077
4 14 0 9 13 2.69077
4 14 0 10 11 2.71343
4 14 0 10 12 2.68408
4 14 0 10 13 2.68408
4 14 0 11 12 2.62216
4 14 0 11 13 2.62216
4 14 0 12 13 2.62912
4 14 1 2 3 1.41421
4 14 1 2 5 1.73205
4 14 1 2 6 1.62019
4 14 1 2 7 1.62019
4 14 1 2 8 1.81265
4 14 1 2 9 1.73205
4 14 1 2 10 1.81265
4 14 1 2 11 1.41421
4 14 1 2 12 1.81265
4 14 1 2 13 1.81265
4 14 1 3 5 1.41421
4 14 1 3 6 1.41421
4 14 1 3 7 1.41421
4 14 1 3 8 1.41421
4 14 1 3 9 1.41421
4 14 1 3 10 1.41421
4 14 1 3 11 1.41421
4 14 1 3 12 1.41421
4 14 1 3 13 1.41421
4 14 1 5 6 1.73205
4 14 1 5 7 1.73205
4 14 1 5 8 1.90693
4 14 1 5 9 1.85164
4 14 1 5 10 1.90693
4 14 1 5 11 1.41421
4 14 1 5 12 1.90693
4 14 1 5 13 1.90693
4 14 1 6 7 1.62019
4 14 1 6 8 2.13664
4 14 1 6 9 2.13664
4 14 1 6 10 2.13664
4 14 1 6 11 2
4 14 1 6 12 2.13664
4 14 1 6 13 2.13664
4 14 1 7 8 1.81265
4 14 1 7 9 1.73205
4 14 1 7 10 1.81265
4 14 1 7 11 1.41421
4 14 1 7 12 1.81265
4 14 1 7 13 1.81265
4 14 1 8 9 2.16025
4 14 1 8 10 2.19089
4 14 1 8 11 2
4 14 1 8 12 2.19089
4 14 1 8 13 2.19089
4 14 1 9 10 2.16025
4 14 1 9 11 2
4 14 1 9 12 2.16025
4 14 1 9 13 2.16025
4 14 1 10 11 2
4 14 1 10 12 2.19089
4 14 1 10 13 2.19089
4 14 1 11 12 2
4 14 1 11 13 2
4 14 1 12 13 2.19089
4 14 2 3 5 2.13809
4 14 2 3 6 2.18955
4 14 2 3 7 1.93309
4 14 2 3 8 1.93309
4 14 2 3 9 2.18955
4 14 2 3 10 2.13809
4 14 2 3 11 2.18955
4 14 2 3 12 2
4 14 2 3 13 1.93309
4 14 2 5 6 2.23607
4 14 2 5 7 1.93309
4 14 2 5 8 2.02367
4 14 2 5 9 2.22985
4 14 2 5 10 2.19848
4 14 2 5 11 2.18955
4 14 2 5 12 2.08167
4 14 2 5 13 2.02367
4 14 2 6 7 1.93309
4 14 2 6 8 2.09938
4 14 2 6 9 2.29256
4 14 2 6 10 2.2514
4 14 2 6 11 2.26779
4 14 2 6 12 2.13809
4 14 2 6 13 2.09938
4 14 2 7 8 1.62019
4 14 2 7 9 1.93309
4 14 2 7 10 1.85164
4 14 2 7 11 1.93309
4 14 2 7 12 1.73205
4 14 2 7 13 1.62019
4 14 2 8 9 2.16025
4 14 2 8 10 2.14154
4 14 2 8 11 2.04939
4 14 2 8 12 2.04495
4 14 2 8 13 2
4 14 2 9 10 2.26747
4 14 2 9 11 2.26779
4 14 2 9 12 2.16025
4 14 2 9 13 2.16025
4 14 2 10 11 2.22354
4 14 2 10 12 2.14154
4 14 2 10 13 2.09069
4 14 2 11 12 2.10223
4 14 2 11 13 2.04939
4 14 2 12 13 2.04495
4 14 3 5 6 2.33699
4 14 3 5 7 2.13809
4 14 3 5 8 2.07802
4 14 3 5 9 2.33699
4 14 3 5 10 2.29129
4 14 3 5 11 2.33699
4 14 3 5 12 2.13809
4 14 3 5 13 2.07802
4 14 3 6 7 2.18955
4 14 3 6 8 2.32266
4 14 3 6 9 2.50805
4 14 3 6 10 2.48193
4 14 3 6 11 2.50805
4 14 3 6 12 2.34521
4 14 3 6 13 2.32266
4 14 3 7 8 1.93309
4 14 3 7 9 2.18955
4 14 3 7 10 2.13809
4 14 3 7 11 2.18955
4 14 3 7 12 2
4 14 3 7 13 1.93309
4 14 3 8 9 2.32266
4 14 3 8 10 2.32266
4 14 3 8 11 2.32266
4 14 3 8 12 2.16025
4 14 3 8 13 2.13664
4 14 3 9 10 2.48193
4 14 3 9 11 2.50805
4 14 3 9 12 2.34521
4 14 3 9 13 2.32266
4 14 3 10 11 2.48193
4 14 3 10 12 2.32266
4 14 3 10 13 2.28709
4 14 3 11 12 2.34521
4 14 3 11 13 2.32266
4 14 3 12 13 2.16025
4 14 5 6 7 2.23607
4 14 5 6 8 2.39046
4 14 5 6 9 2.56038
4 14 5 6 10 2.52678
4 14 5 6 11 2.50805
4 14 5 6 12 2.41424
4 14 5 6 13 2.39046
4 14 5 7 8 2.02367
4 14 5 7 9 2.22985
4 14 5 7 10 2.19848
4 14 5 7 11 2.18955
4 14 5 7 12 2.08167
4 14 5 7 13 2.02367
4 14 5 8 9 2.40662
4 14 5 8 10 2.42507
4 14 5 8 11 2.32266
4 14 5 8 12 2.3094
4 14 5 8 13 2.28446
4 14 5 9 10 2.54058
4 14 5 9 11 2.50805
4 14 5 9 12 2.44949
4 14 5 9 13 2.40662
4 14 5 10 11 2.48193
4 14 5 10 12 2.42507
4 14 5 10 13 2.389
4 14 5 11 12 2.34521
4 14 5 11 13 2.32266
4 14 5 12 13 2.3094
4 14 6 7 8 2.09938
4 14 6 7 9 2.29256
4 14 6 7 10 2.2514
4 14 6 7 11 2.26779
4 14 6 7 12 2.13809
4 14 6 7 13 2.09938
4 14 6 8 9 2.68164
4 14 6 8 10 2.68164
4 14 6 8 11 2.62216
4 14 6 8 12 2.60419
4 14 6 8 13 2.58844
4 14 6 9 10 2.77498
4 14 6 9 11 2.74037
4 14 6 9 12 2.64575
4 14 6 9 13 2.68164
4 14 6 10 11 2.72385
4 14 6 10 12 2.68164
4 14 6 10 13 2.66231
4 14 6 11 12 2.61652
4 14 6 11 13 2.62216
4 14 6 12 13 2.60419
4 14 7 8 9 2.16025
4 14 7 8 10 2.14154
4 14 7 8 11 2.04939
4 14 7 8 12 2.04495
4 14 7 8 13 2
4 14 7 9 10 2.26747
4 14 7 9 11 2.26779
4 14 7 9 12 2.16025
4 14 7 9 13 2.16025
4 14 7 10 11 2.22354
4 14 7 10 12 2.14154
4 14 7 10 13 2.09069
4 14 7 11 12 2.10223
4 14 7 11 13 2.04939
4 14 7 12 13 2.04495
4 14 8 9 10 2.69077
4 14 8 9 11 2.62216
4 14 8 9 12 2.61861
4 14 8 9 13 2.60419
4 14 8 10 11 2.62216
4 14 8 10 12 2.62912
4 14 8 10 13 2.64575
4 14 8 11 12 2.53722
4 14 8 11 13 2.52543
4 14 8 12 13 2.53899
4 14 9 10 11 2.72385
4 14 9 10 12 2.69077
4 14 9 10 13 2.67435
4 14 9 11 12 2.61652
4 14 9 11 13 2.62216
4 14 9 12 13 2.61861
4 14 10 11 12 2.62216
4 14 10 11 13 2.61406
4 14 10 12 13 2.64575
4 14 11 12 13 2.53722
