5 13 0 1 2 3 4 6 7 8 9 10 11 0
5 13 0 1 2 3 4 6 7 8 9 10 12 0
5 13 0 1 2 3 4 6 7 8 9 10 14 0
5 13 0 1 2 3 4 6 7 8 9 11 12 1
5 13 0 1 2 3 4 6 7 8 9 11 14 0
5 13 0 1 2 3 4 6 7 8 9 12 14 0
5 13 0 1 2 3 4 6 7 8 10 11 12 0
5 13 0 1 2 3 4 6 7 8 10 11 14 0
5 13 0 1 2 3 4 6 7 8 10 12 14 0
5 13 0 1 2 3 4 6 7 8 11 12 14 0
5 13 0 1 2 3 4 6 7 9 10 11 12 0
5 13 0 1 2 3 4 6 7 9 10 11 14 0
5 13 0 1 2 3 4 6 7 9 10 12 14 0
5 13 0 1 2 3 4 6 7 9 11 12 14 1
5 13 0 1 2 3 4 6 7 10 11 12 14 0
5 13 0 1 2 3 4 6 8 9 10 11 12 0
5 13 0 1 2 3 4 6 8 9 10 11 14 0
5 13 0 1 2 3 4 6 8 9 10 12 14 0
5 13 0 1 2 3 4 6 8 9 11 12 14 0
5 13 0 1 2 3 4 6 8 10 11 12 14 0
5 13 0 1 2 3 4 6 9 10 11 12 14 0
5 13 0 1 2 3 4 7 8 9 10 11 12 0
5 13 0 1 2 3 4 7 8 9 10 11 14 0
5 13 0 1 2 3 4 7 8 9 10 12 14 1
5 13 0 1 2 3 4 7 8 9 11 12 14 0
5 13 0 1 2 3 4 7 8 10 11 12 14 1
5 13 0 1 2 3 4 7 9 10 11 12 14 0
5 13 0 1 2 3 4 8 9 10 11 12 14 0
5 13 0 1 2 3 6 7 8 9 10 11 12 0
5 13 0 1 2 3 6 7 8 9 10 11 14 0
5 13 0 1 2 3 6 7 8 9 10 12 14 0
5 13 0 1 2 3 6 7 8 9 11 12 14 1
5 13 0 1 2 3 6 7 8 10 11 12 14 0
5 13 0 1 2 3 6 7 9 10 11 12 14 0
5 13 0 1 2 3 6 8 9 10 11 12 14 0
5 13 0 1 2 3 7 8 9 10 11 12 14 0
5 13 0 1 2 4 6 7 8 9 10 11 12 0
5 13 0 1 2 4 6 7 8 9 10 11 14 0
5 13 0 1 2 4 6 7 8 9 10 12 14 1
5 13 0 1 2 4 6 7 8 9 11 12 14 0
5 13 0 1 2 4 6 7 8 10 11 12 14 0
5 13 0 1 2 4 6 7 9 10 11 12 14 0
5 13 0 1 2 4 6 8 9 10 11 12 14 1
5 13 0 1 2 4 7 8 9 10 11 12 14 0
5 13 0 1 2 6 7 8 9 10 11 12 14 0
5 13 0 1 3 4 6 7 8 9 10 11 12 0
5 13 0 1 3 4 6 7 8 9 10 11 14 0
5 13 0 1 3 4 6 7 8 9 10 12 14 0
5 13 0 1 3 4 6 7 8 9 11 12 14 0
5 13 0 1 3 4 6 7 8 10 11 12 14 0
5 13 0 1 3 4 6 7 9 10 11 12 14 0
5 13 0 1 3 4 6 8 9 10 11 12 14 0
5 13 0 1 3 4 7 8 9 10 11 12 14 0
5 13 0 1 3 6 7 8 9 10 11 12 14 0
5 13 0 1 4 6 7 8 9 10 11 12 14 1
5 13 0 2 3 4 6 7 8 9 10 11 12 0
5 13 0 2 3 4 6 7 8 9 10 11 14 1
5 13 0 2 3 4 6 7 8 9 10 12 14 0
5 13 0 2 3 4 6 7 8 9 11 12 14 0
5 13 0 2 3 4 6 7 8 10 11 12 14 0
5 13 0 2 3 4 6 7 9 10 11 12 14 1
5 13 0 2 3 4 6 8 9 10 11 12 14 1
5 13 0 2 3 4 7 8 9 10 11 12 14 0
5 13 0 2 3 6 7 8 9 10 11 12 14 0
5 13 0 2 4 6 7 8 9 10 11 12 14 0
5 13 0 3 4 6 7 8 9 10 11 12 14 1
5 13 1 2 3 4 6 7 8 9 10 11 12 0
5 13 1 2 3 4 6 7 8 9 10 11 14 0
5 13 1 2 3 4 6 7 8 9 10 12 14 0
5 13 1 2 3 4 6 7 8 9 11 12 14 0
5 13 1 2 3 4 6 7 8 10 11 12 14 0
5 13 1 2 3 4 6 7 9 10 11 12 14 0
5 13 1 2 3 4 6 8 9 10 11 12 14 0
5 13 1 2 3 4 7 8 9 10 11 12 14 0
5 13 1 2 3 6 7 8 9 10 11 12 14 0
5 13 1 2 4 6 7 8 9 10 11 12 14 0
5 13 1 3 4 6 7 8 9 10 11 12 14 0
5 13 2 3 4 6 7 8 9 10 11 12 14 0
