5 13 0 1 1.90693
5 13 0 2 2.08484
5 13 0 3 2.15297
5 13 0 4 2.43521
5 13 0 6 2.42997
5 13 0 7 2.08484
5 13 0 8 2.28446
5 13 0 9 2.50713
5 13 0 10 2.389
5 13 0 11 2.39046
5 13 0 12 2.44949
5 13 0 14 2.43521
5 13 1 2 1.73205
5 13 1 3 1.73205
5 13 1 4 1.90693
5 13 1 6 1.73205
5 13 1 7 1.73205
5 13 1 8 1.90693
5 13 1 9 1.85164
5 13 1 10 1.90693
5 13 1 11 1.73205
5 13 1 12 1.90693
5 13 1 14 1.90693
5 13 2 3 2
5 13 2 4 2.05603
5 13 2 6 2.08738
5 13 2 7 1.90693
5 13 2 8 2
5 13 2 9 2.08296
5 13 2 10 1.96214
5 13 2 11 2.04939
5 13 2 12 1.97531
5 13 2 14 2.05603
5 13 3 4 2.10357
5 13 3 6 2.15297
5 13 3 7 2
5 13 3 8 1.73205
5 13 3 9 2.15297
5 13 3 10 2
5 13 3 11 2.15297
5 13 3 12 2
5 13 3 14 2.10357
5 13 4 6 2.40426
5 13 4 7 2.05603
5 13 4 8 2.28446
5 13 4 9 2.41291
5 13 4 10 2.389
5 13 4 11 2.33699
5 13 4 12 2.38048
5 13 4 14 2.42507
5 13 6 7 2.08738
5 13 6 8 2.23607
5 13 6 9 2.42997
5 13 6 10 2.35488
5 13 6 11 2.39046
5 13 6 12 2.44949
5 13 6 14 2.40426
5 13 7 8 2
5 13 7 9 2.08296
5 13 7 10 1.96214
5 13 7 11 2.04939
5 13 7 12 1.97531
5 13 7 14 2.05603
5 13 8 9 2.26385
5 13 8 10 2.28446
5 13 8 11 2.13664
5 13 8 12 2.19089
5 13 8 14 2.28446
5 13 9 10 2.37697
5 13 9 11 2.39046
5 13 9 12 2.44949
5 13 9 14 2.41291
5 13 10 11 2.28709
5 13 10 12 2.28446
5 13 10 14 2.389
5 13 11 12 2.23607
5 13 11 14 2.33699
5 13 12 14 2.38048
