9 14 0 1 2 3 4 5 6 7 8 10 0
9 14 0 1 2 3 4 5 6 7 8 11 0
9 14 0 1 2 3 4 5 6 7 8 12 0
9 14 0 1 2 3 4 5 6 7 8 13 0
9 14 0 1 2 3 4 5 6 7 10 11 0
9 14 0 1 2 3 4 5 6 7 10 12 0
9 14 0 1 2 3 4 5 6 7 10 13 0
9 14 0 1 2 3 4 5 6 7 11 12 1
9 14 0 1 2 3 4 5 6 7 11 13 1
9 14 0 1 2 3 4 5 6 7 12 13 1
9 14 0 1 2 3 4 5 6 8 10 11 0
9 14 0 1 2 3 4 5 6 8 10 12 0
9 14 0 1 2 3 4 5 6 8 10 13 0
9 14 0 1 2 3 4 5 6 8 11 12 0
9 14 0 1 2 3 4 5 6 8 11 13 0
9 14 0 1 2 3 4 5 6 8 12 13 0
9 14 0 1 2 3 4 5 6 10 11 12 0
9 14 0 1 2 3 4 5 6 10 11 13 0
9 14 0 1 2 3 4 5 6 10 12 13 0
9 14 0 1 2 3 4 5 6 11 12 13 1
9 14 0 1 2 3 4 5 7 8 10 11 0
9 14 0 1 2 3 4 5 7 8 10 12 1
9 14 0 1 2 3 4 5 7 8 10 13 1
9 14 0 1 2 3 4 5 7 8 11 12 0
9 14 0 1 2 3 4 5 7 8 11 13 0
9 14 0 1 2 3 4 5 7 8 12 13 1
9 14 0 1 2 3 4 5 7 10 11 12 0
9 14 0 1 2 3 4 5 7 10 11 13 0
9 14 0 1 2 3 4 5 7 10 12 13 1
9 14 0 1 2 3 4 5 7 11 12 13 1
9 14 0 1 2 3 4 5 8 10 11 12 0
9 14 0 1 2 3 4 5 8 10 11 13 0
9 14 0 1 2 3 4 5 8 10 12 13 1
9 14 0 1 2 3 4 5 8 11 12 13 0
9 14 0 1 2 3 4 5 10 11 12 13 0
9 14 0 1 2 3 4 6 7 8 10 11 0
9 14 0 1 2 3 4 6 7 8 10 12 0
9 14 0 1 2 3 4 6 7 8 10 13 0
9 14 0 1 2 3 4 6 7 8 11 12 0
9 14 0 1 2 3 4 6 7 8 11 13 0
9 14 0 1 2 3 4 6 7 8 12 13 0
9 14 0 1 2 3 4 6 7 10 11 12 0
9 14 0 1 2 3 4 6 7 10 11 13 0
9 14 0 1 2 3 4 6 7 10 12 13 0
9 14 0 1 2 3 4 6 7 11 12 13 1
9 14 0 1 2 3 4 6 8 10 11 12 1
9 14 0 1 2 3 4 6 8 10 11 13 1
9 14 0 1 2 3 4 6 8 10 12 13 1
9 14 0 1 2 3 4 6 8 11 12 13 1
9 14 0 1 2 3 4 6 10 11 12 13 1
9 14 0 1 2 3 4 7 8 10 11 12 0
9 14 0 1 2 3 4 7 8 10 11 13 0
9 14 0 1 2 3 4 7 8 10 12 13 1
9 14 0 1 2 3 4 7 8 11 12 13 0
9 14 0 1 2 3 4 7 10 11 12 13 0
9 14 0 1 2 3 4 8 10 11 12 13 1
9 14 0 1 2 3 5 6 7 8 10 11 0
9 14 0 1 2 3 5 6 7 8 10 12 0
9 14 0 1 2 3 5 6 7 8 10 13 0
9 14 0 1 2 3 5 6 7 8 11 12 1
9 14 0 1 2 3 5 6 7 8 11 13 1
9 14 0 1 2 3 5 6 7 8 12 13 1
9 14 0 1 2 3 5 6 7 10 11 12 0
9 14 0 1 2 3 5 6 7 10 11 13 0
9 14 0 1 2 3 5 6 7 10 12 13 0
9 14 0 1 2 3 5 6 7 11 12 13 1.41421
9 14 0 1 2 3 5 6 8 10 11 12 0
9 14 0 1 2 3 5 6 8 10 11 13 0
9 14 0 1 2 3 5 6 8 10 12 13 0
9 14 0 1 2 3 5 6 8 11 12 13 1
9 14 0 1 2 3 5 6 10 11 12 13 0
9 14 0 1 2 3 5 7 8 10 11 12 0
9 14 0 1 2 3 5 7 8 10 11 13 0
9 14 0 1 2 3 5 7 8 10 12 13 1
9 14 0 1 2 3 5 7 8 11 12 13 1
9 14 0 1 2 3 5 7 10 11 12 13 0
9 14 0 1 2 3 5 8 10 11 12 13 0
9 14 0 1 2 3 6 7 8 10 11 12 1
9 14 0 1 2 3 6 7 8 10 11 13 1
9 14 0 1 2 3 6 7 8 10 12 13 1
9 14 0 1 2 3 6 7 8 11 12 13 1.41421
9 14 0 1 2 3 6 7 10 11 12 13 1
9 14 0 1 2 3 6 8 10 11 12 13 1.41421
9 14 0 1 2 3 7 8 10 11 12 13 1
9 14 0 1 2 4 5 6 7 8 10 11 0
9 14 0 1 2 4 5 6 7 8 10 12 1
9 14 0 1 2 4 5 6 7 8 10 13 1
9 14 0 1 2 4 5 6 7 8 11 12 0
9 14 0 1 2 4 5 6 7 8 11 13 0
9 14 0 1 2 4 5 6 7 8 12 13 1
9 14 0 1 2 4 5 6 7 10 11 12 0
9 14 0 1 2 4 5 6 7 10 11 13 0
9 14 0 1 2 4 5 6 7 10 12 13 1
9 14 0 1 2 4 5 6 7 11 12 13 1
9 14 0 1 2 4 5 6 8 10 11 12 1
9 14 0 1 2 4 5 6 8 10 11 13 1
9 14 0 1 2 4 5 6 8 10 12 13 1.41421
9 14 0 1 2 4 5 6 8 11 12 13 1
9 14 0 1 2 4 5 6 10 11 12 13 1
9 14 0 1 2 4 5 7 8 10 11 12 0
9 14 0 1 2 4 5 7 8 10 11 13 0
9 14 0 1 2 4 5 7 8 10 12 13 1.41421
9 14 0 1 2 4 5 7 8 11 12 13 0
9 14 0 1 2 4 5 7 10 11 12 13 0
9 14 0 1 2 4 5 8 10 11 12 13 1
9 14 0 1 2 4 6 7 8 10 11 12 0
9 14 0 1 2 4 6 7 8 10 11 13 0
9 14 0 1 2 4 6 7 8 10 12 13 1
9 14 0 1 2 4 6 7 8 11 12 13 0
9 14 0 1 2 4 6 7 10 11 12 13 0
9 14 0 1 2 4 6 8 10 11 12 13 1.41421
9 14 0 1 2 4 7 8 10 11 12 13 0
9 14 0 1 2 5 6 7 8 10 11 12 0
9 14 0 1 2 5 6 7 8 10 11 13 0
9 14 0 1 2 5 6 7 8 10 12 13 1
9 14 0 1 2 5 6 7 8 11 12 13 1
9 14 0 1 2 5 6 7 10 11 12 13 0
9 14 0 1 2 5 6 8 10 11 12 13 1
9 14 0 1 2 5 7 8 10 11 12 13 0
9 14 0 1 2 6 7 8 10 11 12 13 1
9 14 0 1 3 4 5 6 7 8 10 11 0
9 14 0 1 3 4 5 6 7 8 10 12 0
9 14 0 1 3 4 5 6 7 8 10 13 0
9 14 0 1 3 4 5 6 7 8 11 12 0
9 14 0 1 3 4 5 6 7 8 11 13 0
9 14 0 1 3 4 5 6 7 8 12 13 0
9 14 0 1 3 4 5 6 7 10 11 12 0
9 14 0 1 3 4 5 6 7 10 11 13 0
9 14 0 1 3 4 5 6 7 10 12 13 0
9 14 0 1 3 4 5 6 7 11 12 13 1
9 14 0 1 3 4 5 6 8 10 11 12 0
9 14 0 1 3 4 5 6 8 10 11 13 0
9 14 0 1 3 4 5 6 8 10 12 13 0
9 14 0 1 3 4 5 6 8 11 12 13 0
9 14 0 1 3 4 5 6 10 11 12 13 0
9 14 0 1 3 4 5 7 8 10 11 12 0
9 14 0 1 3 4 5 7 8 10 11 13 0
9 14 0 1 3 4 5 7 8 10 12 13 1
9 14 0 1 3 4 5 7 8 11 12 13 0
9 14 0 1 3 4 5 7 10 11 12 13 0
9 14 0 1 3 4 5 8 10 11 12 13 0
9 14 0 1 3 4 6 7 8 10 11 12 1
9 14 0 1 3 4 6 7 8 10 11 13 1
9 14 0 1 3 4 6 7 8 10 12 13 1
9 14 0 1 3 4 6 7 8 11 12 13 1
9 14 0 1 3 4 6 7 10 11 12 13 1
9 14 0 1 3 4 6 8 10 11 12 13 1.41421
9 14 0 1 3 4 7 8 10 11 12 13 1
9 14 0 1 3 5 6 7 8 10 11 12 0
9 14 0 1 3 5 6 7 8 10 11 13 0
9 14 0 1 3 5 6 7 8 10 12 13 0
9 14 0 1 3 5 6 7 8 11 12 13 1
9 14 0 1 3 5 6 7 10 11 12 13 0
9 14 0 1 3 5 6 8 10 11 12 13 0
9 14 0 1 3 5 7 8 10 11 12 13 0
9 14 0 1 3 6 7 8 10 11 12 13 1.41421
9 14 0 1 4 5 6 7 8 10 11 12 1
9 14 0 1 4 5 6 7 8 10 11 13 1
9 14 0 1 4 5 6 7 8 10 12 13 1.41421
9 14 0 1 4 5 6 7 8 11 12 13 1
9 14 0 1 4 5 6 7 10 11 12 13 1
9 14 0 1 4 5 6 8 10 11 12 13 1.41421
9 14 0 1 4 5 7 8 10 11 12 13 1
9 14 0 1 4 6 7 8 10 11 12 13 1.41421
9 14 0 1 5 6 7 8 10 11 12 13 1
9 14 0 2 3 4 5 6 7 8 10 11 1.41421
9 14 0 2 3 4 5 6 7 8 10 12 1
9 14 0 2 3 4 5 6 7 8 10 13 1
9 14 0 2 3 4 5 6 7 8 11 12 1
9 14 0 2 3 4 5 6 7 8 11 13 1
9 14 0 2 3 4 5 6 7 8 12 13 0
9 14 0 2 3 4 5 6 7 10 11 12 1.41421
9 14 0 2 3 4 5 6 7 10 11 13 1.41421
9 14 0 2 3 4 5 6 7 10 12 13 1
9 14 0 2 3 4 5 6 7 11 12 13 1.41421
9 14 0 2 3 4 5 6 8 10 11 12 1.41421
9 14 0 2 3 4 5 6 8 10 11 13 1.41421
9 14 0 2 3 4 5 6 8 10 12 13 1
9 14 0 2 3 4 5 6 8 11 12 13 1
9 14 0 2 3 4 5 6 10 11 12 13 1.41421
9 14 0 2 3 4 5 7 8 10 11 12 1
9 14 0 2 3 4 5 7 8 10 11 13 1
9 14 0 2 3 4 5 7 8 10 12 13 1
9 14 0 2 3 4 5 7 8 11 12 13 0
9 14 0 2 3 4 5 7 10 11 12 13 1
9 14 0 2 3 4 5 8 10 11 12 13 1
9 14 0 2 3 4 6 7 8 10 11 12 1
9 14 0 2 3 4 6 7 8 10 11 13 1
9 14 0 2 3 4 6 7 8 10 12 13 0
9 14 0 2 3 4 6 7 8 11 12 13 0
9 14 0 2 3 4 6 7 10 11 12 13 1
9 14 0 2 3 4 6 8 10 11 12 13 1.41421
9 14 0 2 3 4 7 8 10 11 12 13 0
9 14 0 2 3 5 6 7 8 10 11 12 1
9 14 0 2 3 5 6 7 8 10 11 13 1
9 14 0 2 3 5 6 7 8 10 12 13 0
9 14 0 2 3 5 6 7 8 11 12 13 1
9 14 0 2 3 5 6 7 10 11 12 13 1
9 14 0 2 3 5 6 8 10 11 12 13 1
9 14 0 2 3 5 7 8 10 11 12 13 0
9 14 0 2 3 6 7 8 10 11 12 13 1
9 14 0 2 4 5 6 7 8 10 11 12 1
9 14 0 2 4 5 6 7 8 10 11 13 1
9 14 0 2 4 5 6 7 8 10 12 13 1
9 14 0 2 4 5 6 7 8 11 12 13 0
9 14 0 2 4 5 6 7 10 11 12 13 1
9 14 0 2 4 5 6 8 10 11 12 13 1.41421
9 14 0 2 4 5 7 8 10 11 12 13 0
9 14 0 2 4 6 7 8 10 11 12 13 0
9 14 0 2 5 6 7 8 10 11 12 13 0
9 14 0 3 4 5 6 7 8 10 11 12 1.41421
9 14 0 3 4 5 6 7 8 10 11 13 1.41421
9 14 0 3 4 5 6 7 8 10 12 13 1
9 14 0 3 4 5 6 7 8 11 12 13 1
9 14 0 3 4 5 6 7 10 11 12 13 1.41421
9 14 0 3 4 5 6 8 10 11 12 13 1.41421
9 14 0 3 4 5 7 8 10 11 12 13 1
9 14 0 3 4 6 7 8 10 11 12 13 1.41421
9 14 0 3 5 6 7 8 10 11 12 13 1
9 14 0 4 5 6 7 8 10 11 12 13 1.41421
9 14 1 2 3 4 5 6 7 8 10 11 1
9 14 1 2 3 4 5 6 7 8 10 12 1
9 14 1 2 3 4 5 6 7 8 10 13 0
9 14 1 2 3 4 5 6 7 8 11 12 1
9 14 1 2 3 4 5 6 7 8 11 13 0
9 14 1 2 3 4 5 6 7 8 12 13 0
9 14 1 2 3 4 5 6 7 10 11 12 1
9 14 1 2 3 4 5 6 7 10 11 13 0
9 14 1 2 3 4 5 6 7 10 12 13 0
9 14 1 2 3 4 5 6 7 11 12 13 1
9 14 1 2 3 4 5 6 8 10 11 12 1
9 14 1 2 3 4 5 6 8 10 11 13 0
9 14 1 2 3 4 5 6 8 10 12 13 0
9 14 1 2 3 4 5 6 8 11 12 13 0
9 14 1 2 3 4 5 6 10 11 12 13 0
9 14 1 2 3 4 5 7 8 10 11 12 1
9 14 1 2 3 4 5 7 8 10 11 13 0
9 14 1 2 3 4 5 7 8 10 12 13 1
9 14 1 2 3 4 5 7 8 11 12 13 0
9 14 1 2 3 4 5 7 10 11 12 13 0
9 14 1 2 3 4 5 8 10 11 12 13 0
9 14 1 2 3 4 6 7 8 10 11 12 1
9 14 1 2 3 4 6 7 8 10 11 13 0
9 14 1 2 3 4 6 7 8 10 12 13 0
9 14 1 2 3 4 6 7 8 11 12 13 0
9 14 1 2 3 4 6 7 10 11 12 13 0
9 14 1 2 3 4 6 8 10 11 12 13 1
9 14 1 2 3 4 7 8 10 11 12 13 0
9 14 1 2 3 5 6 7 8 10 11 12 1
9 14 1 2 3 5 6 7 8 10 11 13 0
9 14 1 2 3 5 6 7 8 10 12 13 0
9 14 1 2 3 5 6 7 8 11 12 13 1
9 14 1 2 3 5 6 7 10 11 12 13 0
9 14 1 2 3 5 6 8 10 11 12 13 0
9 14 1 2 3 5 7 8 10 11 12 13 0
9 14 1 2 3 6 7 8 10 11 12 13 1
9 14 1 2 4 5 6 7 8 10 11 12 1
9 14 1 2 4 5 6 7 8 10 11 13 0
9 14 1 2 4 5 6 7 8 10 12 13 1
9 14 1 2 4 5 6 7 8 11 12 13 0
9 14 1 2 4 5 6 7 10 11 12 13 0
9 14 1 2 4 5 6 8 10 11 12 13 1
9 14 1 2 4 5 7 8 10 11 12 13 0
9 14 1 2 4 6 7 8 10 11 12 13 0
9 14 1 2 5 6 7 8 10 11 12 13 0
9 14 1 3 4 5 6 7 8 10 11 12 1
9 14 1 3 4 5 6 7 8 10 11 13 0
9 14 1 3 4 5 6 7 8 10 12 13 0
9 14 1 3 4 5 6 7 8 11 12 13 0
9 14 1 3 4 5 6 7 10 11 12 13 0
9 14 1 3 4 5 6 8 10 11 12 13 0
9 14 1 3 4 5 7 8 10 11 12 13 0
9 14 1 3 4 6 7 8 10 11 12 13 1
9 14 1 3 5 6 7 8 10 11 12 13 0
9 14 1 4 5 6 7 8 10 11 12 13 1
9 14 2 3 4 5 6 7 8 10 11 12 1.41421
9 14 2 3 4 5 6 7 8 10 11 13 1
9 14 2 3 4 5 6 7 8 10 12 13 0
9 14 2 3 4 5 6 7 8 11 12 13 0
9 14 2 3 4 5 6 7 10 11 12 13 1
9 14 2 3 4 5 6 8 10 11 12 13 1
9 14 2 3 4 5 7 8 10 11 12 13 0
9 14 2 3 4 6 7 8 10 11 12 13 0
9 14 2 3 5 6 7 8 10 11 12 13 0
9 14 2 4 5 6 7 8 10 11 12 13 0
9 14 3 4 5 6 7 8 10 11 12 13 1
