9 14 0 1 2.3094
9 14 0 2 2.34284
9 14 0 3 2.58404
9 14 0 4 2.77766
9 14 0 5 2.54598
9 14 0 6 2.84346
9 14 0 7 2.34284
9 14 0 8 2.7338
9 14 0 10 2.79933
9 14 0 11 2.80938
9 14 0 12 2.76677
9 14 0 13 2.76677
9 14 1 2 2
9 14 1 3 1.90693
9 14 1 4 2.16025
9 14 1 5 1.85164
9 14 1 6 2.28446
9 14 1 7 2
9 14 1 8 2.3094
9 14 1 10 2.26385
9 14 1 11 2.19089
9 14 1 12 2.3094
9 14 1 13 2.3094
9 14 2 3 2.27837
9 14 2 4 2.30079
9 14 2 5 2.29907
9 14 2 6 2.36834
9 14 2 7 2
9 14 2 8 2.1643
9 14 2 10 2.29129
9 14 2 11 2.34937
9 14 2 12 2.26608
9 14 2 13 2.23607
9 14 3 4 2.50805
9 14 3 5 2.35584
9 14 3 6 2.60951
9 14 3 7 2.27837
9 14 3 8 2.40662
9 14 3 10 2.52678
9 14 3 11 2.60951
9 14 3 12 2.5
9 14 3 13 2.46311
9 14 4 5 2.57032
9 14 4 6 2.77991
9 14 4 7 2.30079
9 14 4 8 2.69077
9 14 4 10 2.77766
9 14 4 11 2.74037
9 14 4 12 2.68594
9 14 4 13 2.69077
9 14 5 6 2.55604
9 14 5 7 2.29907
9 14 5 8 2.40662
9 14 5 10 2.54058
9 14 5 11 2.53859
9 14 5 12 2.44114
9 14 5 13 2.41291
9 14 6 7 2.36834
9 14 6 8 2.73139
9 14 6 10 2.81268
9 14 6 11 2.81356
9 14 6 12 2.77498
9 14 6 13 2.76353
9 14 7 8 2.1643
9 14 7 10 2.29129
9 14 7 11 2.34937
9 14 7 12 2.26608
9 14 7 13 2.23607
9 14 8 10 2.73139
9 14 8 11 2.69077
9 14 8 12 2.67814
9 14 8 13 2.67842
9 14 10 11 2.77498
9 14 10 12 2.73139
9 14 10 13 2.72172
9 14 11 12 2.71649
9 14 11 13 2.72279
9 14 12 13 2.70663
