8 10 0 1 2 3 4 5 6 7 9 11 0
8 10 0 1 2 3 4 5 6 7 9 12 0
8 10 0 1 2 3 4 5 6 7 9 13 0
8 10 0 1 2 3 4 5 6 7 9 14 0
8 10 0 1 2 3 4 5 6 7 11 12 0
8 10 0 1 2 3 4 5 6 7 11 13 0
8 10 0 1 2 3 4 5 6 7 11 14 0
8 10 0 1 2 3 4 5 6 7 12 13 0
8 10 0 1 2 3 4 5 6 7 12 14 0
8 10 0 1 2 3 4 5 6 7 13 14 0
8 10 0 1 2 3 4 5 6 9 11 12 0
8 10 0 1 2 3 4 5 6 9 11 13 0
8 10 0 1 2 3 4 5 6 9 11 14 0
8 10 0 1 2 3 4 5 6 9 12 13 0
8 10 0 1 2 3 4 5 6 9 12 14 0
8 10 0 1 2 3 4 5 6 9 13 14 0
8 10 0 1 2 3 4 5 6 11 12 13 0
8 10 0 1 2 3 4 5 6 11 12 14 0
8 10 0 1 2 3 4 5 6 11 13 14 0
8 10 0 1 2 3 4 5 6 12 13 14 0
8 10 0 1 2 3 4 5 7 9 11 12 0
8 10 0 1 2 3 4 5 7 9 11 13 0
8 10 0 1 2 3 4 5 7 9 11 14 0
8 10 0 1 2 3 4 5 7 9 12 13 1
8 10 0 1 2 3 4 5 7 9 12 14 1
8 10 0 1 2 3 4 5 7 9 13 14 1
8 10 0 1 2 3 4 5 7 11 12 13 1
8 10 0 1 2 3 4 5 7 11 12 14 1
8 10 0 1 2 3 4 5 7 11 13 14 1
8 10 0 1 2 3 4 5 7 12 13 14 1.41421
8 10 0 1 2 3 4 5 9 11 12 13 0
8 10 0 1 2 3 4 5 9 11 12 14 0
8 10 0 1 2 3 4 5 9 11 13 14 0
8 10 0 1 2 3 4 5 9 12 13 14 1
8 10 0 1 2 3 4 5 11 12 13 14 1
8 10 0 1 2 3 4 6 7 9 11 12 0
8 10 0 1 2 3 4 6 7 9 11 13 0
8 10 0 1 2 3 4 6 7 9 11 14 0
8 10 0 1 2 3 4 6 7 9 12 13 0
8 10 0 1 2 3 4 6 7 9 12 14 0
8 10 0 1 2 3 4 6 7 9 13 14 0
8 10 0 1 2 3 4 6 7 11 12 13 0
8 10 0 1 2 3 4 6 7 11 12 14 0
8 10 0 1 2 3 4 6 7 11 13 14 0
8 10 0 1 2 3 4 6 7 12 13 14 0
8 10 0 1 2 3 4 6 9 11 12 13 1
8 10 0 1 2 3 4 6 9 11 12 14 1
8 10 0 1 2 3 4 6 9 11 13 14 1
8 10 0 1 2 3 4 6 9 12 13 14 1
8 10 0 1 2 3 4 6 11 12 13 14 1
8 10 0 1 2 3 4 7 9 11 12 13 0
8 10 0 1 2 3 4 7 9 11 12 14 0
8 10 0 1 2 3 4 7 9 11 13 14 0
8 10 0 1 2 3 4 7 9 12 13 14 1
8 10 0 1 2 3 4 7 11 12 13 14 1
8 10 0 1 2 3 4 9 11 12 13 14 1
8 10 0 1 2 3 5 6 7 9 11 12 0
8 10 0 1 2 3 5 6 7 9 11 13 0
8 10 0 1 2 3 5 6 7 9 11 14 0
8 10 0 1 2 3 5 6 7 9 12 13 0
8 10 0 1 2 3 5 6 7 9 12 14 0
8 10 0 1 2 3 5 6 7 9 13 14 0
8 10 0 1 2 3 5 6 7 11 12 13 0
8 10 0 1 2 3 5 6 7 11 12 14 0
8 10 0 1 2 3 5 6 7 11 13 14 0
8 10 0 1 2 3 5 6 7 12 13 14 0
8 10 0 1 2 3 5 6 9 11 12 13 0
8 10 0 1 2 3 5 6 9 11 12 14 0
8 10 0 1 2 3 5 6 9 11 13 14 0
8 10 0 1 2 3 5 6 9 12 13 14 0
8 10 0 1 2 3 5 6 11 12 13 14 0
8 10 0 1 2 3 5 7 9 11 12 13 0
8 10 0 1 2 3 5 7 9 11 12 14 0
8 10 0 1 2 3 5 7 9 11 13 14 0
8 10 0 1 2 3 5 7 9 12 13 14 1
8 10 0 1 2 3 5 7 11 12 13 14 1
8 10 0 1 2 3 5 9 11 12 13 14 0
8 10 0 1 2 3 6 7 9 11 12 13 1
8 10 0 1 2 3 6 7 9 11 12 14 1
8 10 0 1 2 3 6 7 9 11 13 14 1
8 10 0 1 2 3 6 7 9 12 13 14 1
8 10 0 1 2 3 6 7 11 12 13 14 1
8 10 0 1 2 3 6 9 11 12 13 14 1.41421
8 10 0 1 2 3 7 9 11 12 13 14 1
8 10 0 1 2 4 5 6 7 9 11 12 0
8 10 0 1 2 4 5 6 7 9 11 13 0
8 10 0 1 2 4 5 6 7 9 11 14 0
8 10 0 1 2 4 5 6 7 9 12 13 1
8 10 0 1 2 4 5 6 7 9 12 14 1
8 10 0 1 2 4 5 6 7 9 13 14 1
8 10 0 1 2 4 5 6 7 11 12 13 0
8 10 0 1 2 4 5 6 7 11 12 14 0
8 10 0 1 2 4 5 6 7 11 13 14 0
8 10 0 1 2 4 5 6 7 12 13 14 1
8 10 0 1 2 4 5 6 9 11 12 13 1
8 10 0 1 2 4 5 6 9 11 12 14 1
8 10 0 1 2 4 5 6 9 11 13 14 1
8 10 0 1 2 4 5 6 9 12 13 14 1.41421
8 10 0 1 2 4 5 6 11 12 13 14 1
8 10 0 1 2 4 5 7 9 11 12 13 0
8 10 0 1 2 4 5 7 9 11 12 14 0
8 10 0 1 2 4 5 7 9 11 13 14 0
8 10 0 1 2 4 5 7 9 12 13 14 1.41421
8 10 0 1 2 4 5 7 11 12 13 14 1
8 10 0 1 2 4 5 9 11 12 13 14 1
8 10 0 1 2 4 6 7 9 11 12 13 0
8 10 0 1 2 4 6 7 9 11 12 14 0
8 10 0 1 2 4 6 7 9 11 13 14 0
8 10 0 1 2 4 6 7 9 12 13 14 1
8 10 0 1 2 4 6 7 11 12 13 14 0
8 10 0 1 2 4 6 9 11 12 13 14 1.41421
8 10 0 1 2 4 7 9 11 12 13 14 0
8 10 0 1 2 5 6 7 9 11 12 13 0
8 10 0 1 2 5 6 7 9 11 12 14 0
8 10 0 1 2 5 6 7 9 11 13 14 0
8 10 0 1 2 5 6 7 9 12 13 14 1
8 10 0 1 2 5 6 7 11 12 13 14 0
8 10 0 1 2 5 6 9 11 12 13 14 1
8 10 0 1 2 5 7 9 11 12 13 14 0
8 10 0 1 2 6 7 9 11 12 13 14 1
8 10 0 1 3 4 5 6 7 9 11 12 0
8 10 0 1 3 4 5 6 7 9 11 13 0
8 10 0 1 3 4 5 6 7 9 11 14 0
8 10 0 1 3 4 5 6 7 9 12 13 0
8 10 0 1 3 4 5 6 7 9 12 14 0
8 10 0 1 3 4 5 6 7 9 13 14 0
8 10 0 1 3 4 5 6 7 11 12 13 0
8 10 0 1 3 4 5 6 7 11 12 14 0
8 10 0 1 3 4 5 6 7 11 13 14 0
8 10 0 1 3 4 5 6 7 12 13 14 0
8 10 0 1 3 4 5 6 9 11 12 13 0
8 10 0 1 3 4 5 6 9 11 12 14 0
8 10 0 1 3 4 5 6 9 11 13 14 0
8 10 0 1 3 4 5 6 9 12 13 14 0
8 10 0 1 3 4 5 6 11 12 13 14 0
8 10 0 1 3 4 5 7 9 11 12 13 0
8 10 0 1 3 4 5 7 9 11 12 14 0
8 10 0 1 3 4 5 7 9 11 13 14 0
8 10 0 1 3 4 5 7 9 12 13 14 1
8 10 0 1 3 4 5 7 11 12 13 14 1
8 10 0 1 3 4 5 9 11 12 13 14 0
8 10 0 1 3 4 6 7 9 11 12 13 1
8 10 0 1 3 4 6 7 9 11 12 14 1
8 10 0 1 3 4 6 7 9 11 13 14 1
8 10 0 1 3 4 6 7 9 12 13 14 1
8 10 0 1 3 4 6 7 11 12 13 14 1
8 10 0 1 3 4 6 9 11 12 13 14 1.41421
8 10 0 1 3 4 7 9 11 12 13 14 1
8 10 0 1 3 5 6 7 9 11 12 13 0
8 10 0 1 3 5 6 7 9 11 12 14 0
8 10 0 1 3 5 6 7 9 11 13 14 0
8 10 0 1 3 5 6 7 9 12 13 14 0
8 10 0 1 3 5 6 7 11 12 13 14 0
8 10 0 1 3 5 6 9 11 12 13 14 0
8 10 0 1 3 5 7 9 11 12 13 14 0
8 10 0 1 3 6 7 9 11 12 13 14 1.41421
8 10 0 1 4 5 6 7 9 11 12 13 1
8 10 0 1 4 5 6 7 9 11 12 14 1
8 10 0 1 4 5 6 7 9 11 13 14 1
8 10 0 1 4 5 6 7 9 12 13 14 1.41421
8 10 0 1 4 5 6 7 11 12 13 14 1
8 10 0 1 4 5 6 9 11 12 13 14 1.41421
8 10 0 1 4 5 7 9 11 12 13 14 1
8 10 0 1 4 6 7 9 11 12 13 14 1.41421
8 10 0 1 5 6 7 9 11 12 13 14 1
8 10 0 2 3 4 5 6 7 9 11 12 1
8 10 0 2 3 4 5 6 7 9 11 13 1
8 10 0 2 3 4 5 6 7 9 11 14 1.41421
8 10 0 2 3 4 5 6 7 9 12 13 0
8 10 0 2 3 4 5 6 7 9 12 14 1
8 10 0 2 3 4 5 6 7 9 13 14 1
8 10 0 2 3 4 5 6 7 11 12 13 0
8 10 0 2 3 4 5 6 7 11 12 14 1
8 10 0 2 3 4 5 6 7 11 13 14 1
8 10 0 2 3 4 5 6 7 12 13 14 0
8 10 0 2 3 4 5 6 9 11 12 13 1
8 10 0 2 3 4 5 6 9 11 12 14 1.41421
8 10 0 2 3 4 5 6 9 11 13 14 1.41421
8 10 0 2 3 4 5 6 9 12 13 14 1
8 10 0 2 3 4 5 6 11 12 13 14 1
8 10 0 2 3 4 5 7 9 11 12 13 0
8 10 0 2 3 4 5 7 9 11 12 14 1
8 10 0 2 3 4 5 7 9 11 13 14 1
8 10 0 2 3 4 5 7 9 12 13 14 1
8 10 0 2 3 4 5 7 11 12 13 14 1
8 10 0 2 3 4 5 9 11 12 13 14 1
8 10 0 2 3 4 6 7 9 11 12 13 0
8 10 0 2 3 4 6 7 9 11 12 14 1
8 10 0 2 3 4 6 7 9 11 13 14 1
8 10 0 2 3 4 6 7 9 12 13 14 0
8 10 0 2 3 4 6 7 11 12 13 14 0
8 10 0 2 3 4 6 9 11 12 13 14 1.41421
8 10 0 2 3 4 7 9 11 12 13 14 0
8 10 0 2 3 5 6 7 9 11 12 13 0
8 10 0 2 3 5 6 7 9 11 12 14 1
8 10 0 2 3 5 6 7 9 11 13 14 1
8 10 0 2 3 5 6 7 9 12 13 14 0
8 10 0 2 3 5 6 7 11 12 13 14 0
8 10 0 2 3 5 6 9 11 12 13 14 1
8 10 0 2 3 5 7 9 11 12 13 14 0
8 10 0 2 3 6 7 9 11 12 13 14 1
8 10 0 2 4 5 6 7 9 11 12 13 0
8 10 0 2 4 5 6 7 9 11 12 14 1
8 10 0 2 4 5 6 7 9 11 13 14 1
8 10 0 2 4 5 6 7 9 12 13 14 1
8 10 0 2 4 5 6 7 11 12 13 14 0
8 10 0 2 4 5 6 9 11 12 13 14 1.41421
8 10 0 2 4 5 7 9 11 12 13 14 0
8 10 0 2 4 6 7 9 11 12 13 14 0
8 10 0 2 5 6 7 9 11 12 13 14 0
8 10 0 3 4 5 6 7 9 11 12 13 1
8 10 0 3 4 5 6 7 9 11 12 14 1.41421
8 10 0 3 4 5 6 7 9 11 13 14 1.41421
8 10 0 3 4 5 6 7 9 12 13 14 1
8 10 0 3 4 5 6 7 11 12 13 14 1
8 10 0 3 4 5 6 9 11 12 13 14 1.41421
8 10 0 3 4 5 7 9 11 12 13 14 1
8 10 0 3 4 6 7 9 11 12 13 14 1.41421
8 10 0 3 5 6 7 9 11 12 13 14 1
8 10 0 4 5 6 7 9 11 12 13 14 1.41421
8 10 1 2 3 4 5 6 7 9 11 12 1
8 10 1 2 3 4 5 6 7 9 11 13 0
8 10 1 2 3 4 5 6 7 9 11 14 1
8 10 1 2 3 4 5 6 7 9 12 13 0
8 10 1 2 3 4 5 6 7 9 12 14 1
8 10 1 2 3 4 5 6 7 9 13 14 0
8 10 1 2 3 4 5 6 7 11 12 13 0
8 10 1 2 3 4 5 6 7 11 12 14 1
8 10 1 2 3 4 5 6 7 11 13 14 0
8 10 1 2 3 4 5 6 7 12 13 14 0
8 10 1 2 3 4 5 6 9 11 12 13 0
8 10 1 2 3 4 5 6 9 11 12 14 1
8 10 1 2 3 4 5 6 9 11 13 14 0
8 10 1 2 3 4 5 6 9 12 13 14 0
8 10 1 2 3 4 5 6 11 12 13 14 0
8 10 1 2 3 4 5 7 9 11 12 13 0
8 10 1 2 3 4 5 7 9 11 12 14 1
8 10 1 2 3 4 5 7 9 11 13 14 0
8 10 1 2 3 4 5 7 9 12 13 14 1
8 10 1 2 3 4 5 7 11 12 13 14 1
8 10 1 2 3 4 5 9 11 12 13 14 0
8 10 1 2 3 4 6 7 9 11 12 13 0
8 10 1 2 3 4 6 7 9 11 12 14 1
8 10 1 2 3 4 6 7 9 11 13 14 0
8 10 1 2 3 4 6 7 9 12 13 14 0
8 10 1 2 3 4 6 7 11 12 13 14 0
8 10 1 2 3 4 6 9 11 12 13 14 1
8 10 1 2 3 4 7 9 11 12 13 14 0
8 10 1 2 3 5 6 7 9 11 12 13 0
8 10 1 2 3 5 6 7 9 11 12 14 1
8 10 1 2 3 5 6 7 9 11 13 14 0
8 10 1 2 3 5 6 7 9 12 13 14 0
8 10 1 2 3 5 6 7 11 12 13 14 0
8 10 1 2 3 5 6 9 11 12 13 14 0
8 10 1 2 3 5 7 9 11 12 13 14 0
8 10 1 2 3 6 7 9 11 12 13 14 1
8 10 1 2 4 5 6 7 9 11 12 13 0
8 10 1 2 4 5 6 7 9 11 12 14 1
8 10 1 2 4 5 6 7 9 11 13 14 0
8 10 1 2 4 5 6 7 9 12 13 14 1
8 10 1 2 4 5 6 7 11 12 13 14 0
8 10 1 2 4 5 6 9 11 12 13 14 1
8 10 1 2 4 5 7 9 11 12 13 14 0
8 10 1 2 4 6 7 9 11 12 13 14 0
8 10 1 2 5 6 7 9 11 12 13 14 0
8 10 1 3 4 5 6 7 9 11 12 13 0
8 10 1 3 4 5 6 7 9 11 12 14 1
8 10 1 3 4 5 6 7 9 11 13 14 0
8 10 1 3 4 5 6 7 9 12 13 14 0
8 10 1 3 4 5 6 7 11 12 13 14 0
8 10 1 3 4 5 6 9 11 12 13 14 0
8 10 1 3 4 5 7 9 11 12 13 14 0
8 10 1 3 4 6 7 9 11 12 13 14 1
8 10 1 3 5 6 7 9 11 12 13 14 0
8 10 1 4 5 6 7 9 11 12 13 14 1
8 10 2 3 4 5 6 7 9 11 12 13 0
8 10 2 3 4 5 6 7 9 11 12 14 1.41421
8 10 2 3 4 5 6 7 9 11 13 14 1
8 10 2 3 4 5 6 7 9 12 13 14 0
8 10 2 3 4 5 6 7 11 12 13 14 0
8 10 2 3 4 5 6 9 11 12 13 14 1
8 10 2 3 4 5 7 9 11 12 13 14 0
8 10 2 3 4 6 7 9 11 12 13 14 0
8 10 2 3 5 6 7 9 11 12 13 14 0
8 10 2 4 5 6 7 9 11 12 13 14 0
8 10 3 4 5 6 7 9 11 12 13 14 1
