8 10 0 1 2.28446
8 10 0 2 2.1391
8 10 0 3 2.35488
8 10 0 4 2.68408
8 10 0 5 2.389
8 10 0 6 2.71163
8 10 0 7 2.1391
8 10 0 9 2.72172
8 10 0 11 2.66231
8 10 0 12 2.65417
8 10 0 13 2.65417
8 10 0 14 2.7314
8 10 1 2 2
8 10 1 3 1.73205
8 10 1 4 2.19089
8 10 1 5 1.90693
8 10 1 6 2.23607
8 10 1 7 2
8 10 1 9 2.26385
8 10 1 11 2.13664
8 10 1 12 2.28446
8 10 1 13 2.28446
8 10 1 14 2.28446
8 10 2 3 2
8 10 2 4 2.14154
8 10 2 5 2.02367
8 10 2 6 2.13809
8 10 2 7 1.62019
8 10 2 9 2.15322
8 10 2 11 2.09938
8 10 2 12 2.08167
8 10 2 13 2.08167
8 10 2 14 2.1693
8 10 3 4 2.32266
8 10 3 5 2.07802
8 10 3 6 2.39046
8 10 3 7 2
8 10 3 9 2.39046
8 10 3 11 2.39046
8 10 3 12 2.26385
8 10 3 13 2.23607
8 10 3 14 2.39046
8 10 4 5 2.42507
8 10 4 6 2.68164
8 10 4 7 2.14154
8 10 4 9 2.69077
8 10 4 11 2.62216
8 10 4 12 2.62912
8 10 4 13 2.64575
8 10 4 14 2.69472
8 10 5 6 2.39046
8 10 5 7 2.02367
8 10 5 9 2.40662
8 10 5 11 2.32266
8 10 5 12 2.3094
8 10 5 13 2.28446
8 10 5 14 2.42507
8 10 6 7 2.13809
8 10 6 9 2.72185
8 10 6 11 2.68164
8 10 6 12 2.66288
8 10 6 13 2.64575
8 10 6 14 2.72185
8 10 7 9 2.15322
8 10 7 11 2.09938
8 10 7 12 2.08167
8 10 7 13 2.08167
8 10 7 14 2.1693
8 10 9 11 2.68164
8 10 9 12 2.67842
8 10 9 13 2.66288
8 10 9 14 2.73139
8 10 11 12 2.60419
8 10 11 13 2.58844
8 10 11 14 2.68164
8 10 12 13 2.64575
8 10 12 14 2.67706
8 10 13 14 2.65417
