8 10 0 1 2 3 4 5 1.41421
8 10 0 1 2 3 4 6 1
8 10 0 1 2 3 4 7 1.41421
8 10 0 1 2 3 4 9 1
8 10 0 1 2 3 4 11 1
8 10 0 1 2 3 4 12 1.41421
8 10 0 1 2 3 4 13 1.41421
8 10 0 1 2 3 4 14 1.41421
8 10 0 1 2 3 5 6 0
8 10 0 1 2 3 5 7 1.41421
8 10 0 1 2 3 5 9 1
8 10 0 1 2 3 5 11 1
8 10 0 1 2 3 5 12 1.41421
8 10 0 1 2 3 5 13 1.41421
8 10 0 1 2 3 5 14 1.41421
8 10 0 1 2 3 6 7 1
8 10 0 1 2 3 6 9 1.41421
8 10 0 1 2 3 6 11 1.41421
8 10 0 1 2 3 6 12 1.41421
8 10 0 1 2 3 6 13 1.41421
8 10 0 1 2 3 6 14 1.41421
8 10 0 1 2 3 7 9 1
8 10 0 1 2 3 7 11 1
8 10 0 1 2 3 7 12 1.41421
8 10 0 1 2 3 7 13 1.41421
8 10 0 1 2 3 7 14 1.41421
8 10 0 1 2 3 9 11 1.41421
8 10 0 1 2 3 9 12 1.41421
8 10 0 1 2 3 9 13 1.41421
8 10 0 1 2 3 9 14 1.41421
8 10 0 1 2 3 11 12 1.41421
8 10 0 1 2 3 11 13 1.41421
8 10 0 1 2 3 11 14 1.41421
8 10 0 1 2 3 12 13 1.41421
8 10 0 1 2 3 12 14 1.41421
8 10 0 1 2 3 13 14 1.41421
8 10 0 1 2 4 5 6 1.41421
8 10 0 1 2 4 5 7 1.62019
8 10 0 1 2 4 5 9 1.62019
8 10 0 1 2 4 5 11 1
8 10 0 1 2 4 5 12 1.73205
8 10 0 1 2 4 5 13 1.73205
8 10 0 1 2 4 5 14 1.73205
8 10 0 1 2 4 6 7 1
8 10 0 1 2 4 6 9 1.62019
8 10 0 1 2 4 6 11 1.41421
8 10 0 1 2 4 6 12 1.62019
8 10 0 1 2 4 6 13 1.62019
8 10 0 1 2 4 6 14 1.62019
8 10 0 1 2 4 7 9 1.41421
8 10 0 1 2 4 7 11 1
8 10 0 1 2 4 7 12 1.62019
8 10 0 1 2 4 7 13 1.62019
8 10 0 1 2 4 7 14 1.62019
8 10 0 1 2 4 9 11 1.41421
8 10 0 1 2 4 9 12 1.73205
8 10 0 1 2 4 9 13 1.73205
8 10 0 1 2 4 9 14 1.73205
8 10 0 1 2 4 11 12 1.41421
8 10 0 1 2 4 11 13 1.41421
8 10 0 1 2 4 11 14 1.41421
8 10 0 1 2 4 12 13 1.81265
8 10 0 1 2 4 12 14 1.81265
8 10 0 1 2 4 13 14 1.81265
8 10 0 1 2 5 6 7 1
8 10 0 1 2 5 6 9 1.41421
8 10 0 1 2 5 6 11 1
8 10 0 1 2 5 6 12 1.41421
8 10 0 1 2 5 6 13 1.41421
8 10 0 1 2 5 6 14 1.41421
8 10 0 1 2 5 7 9 1.41421
8 10 0 1 2 5 7 11 1
8 10 0 1 2 5 7 12 1.62019
8 10 0 1 2 5 7 13 1.62019
8 10 0 1 2 5 7 14 1.62019
8 10 0 1 2 5 9 11 1
8 10 0 1 2 5 9 12 1.62019
8 10 0 1 2 5 9 13 1.62019
8 10 0 1 2 5 9 14 1.62019
8 10 0 1 2 5 11 12 1
8 10 0 1 2 5 11 13 1
8 10 0 1 2 5 11 14 1
8 10 0 1 2 5 12 13 1.73205
8 10 0 1 2 5 12 14 1.73205
8 10 0 1 2 5 13 14 1.73205
8 10 0 1 2 6 7 9 1
8 10 0 1 2 6 7 11 1
8 10 0 1 2 6 7 12 1
8 10 0 1 2 6 7 13 1
8 10 0 1 2 6 7 14 1
8 10 0 1 2 6 9 11 1.62019
8 10 0 1 2 6 9 12 1.73205
8 10 0 1 2 6 9 13 1.73205
8 10 0 1 2 6 9 14 1.73205
8 10 0 1 2 6 11 12 1.62019
8 10 0 1 2 6 11 13 1.62019
8 10 0 1 2 6 11 14 1.62019
8 10 0 1 2 6 12 13 1.73205
8 10 0 1 2 6 12 14 1.73205
8 10 0 1 2 6 13 14 1.73205
8 10 0 1 2 7 9 11 1
8 10 0 1 2 7 9 12 1.41421
8 10 0 1 2 7 9 13 1.41421
8 10 0 1 2 7 9 14 1.41421
8 10 0 1 2 7 11 12 1
8 10 0 1 2 7 11 13 1
8 10 0 1 2 7 11 14 1
8 10 0 1 2 7 12 13 1.62019
8 10 0 1 2 7 12 14 1.62019
8 10 0 1 2 7 13 14 1.62019
8 10 0 1 2 9 11 12 1.62019
8 10 0 1 2 9 11 13 1.62019
8 10 0 1 2 9 11 14 1.62019
8 10 0 1 2 9 12 13 1.81265
8 10 0 1 2 9 12 14 1.81265
8 10 0 1 2 9 13 14 1.81265
8 10 0 1 2 11 12 13 1.62019
8 10 0 1 2 11 12 14 1.62019
8 10 0 1 2 11 13 14 1.62019
8 10 0 1 2 12 13 14 2
8 10 0 1 3 4 5 6 0
8 10 0 1 3 4 5 7 1.41421
8 10 0 1 3 4 5 9 1
8 10 0 1 3 4 5 11 1
8 10 0 1 3 4 5 12 1.41421
8 10 0 1 3 4 5 13 1.41421
8 10 0 1 3 4 5 14 1.41421
8 10 0 1 3 4 6 7 1
8 10 0 1 3 4 6 9 1.41421
8 10 0 1 3 4 6 11 1.41421
8 10 0 1 3 4 6 12 1.41421
8 10 0 1 3 4 6 13 1.41421
8 10 0 1 3 4 6 14 1.41421
8 10 0 1 3 4 7 9 1
8 10 0 1 3 4 7 11 1
8 10 0 1 3 4 7 12 1.41421
8 10 0 1 3 4 7 13 1.41421
8 10 0 1 3 4 7 14 1.41421
8 10 0 1 3 4 9 11 1.41421
8 10 0 1 3 4 9 12 1.41421
8 10 0 1 3 4 9 13 1.41421
8 10 0 1 3 4 9 14 1.41421
8 10 0 1 3 4 11 12 1.41421
8 10 0 1 3 4 11 13 1.41421
8 10 0 1 3 4 11 14 1.41421
8 10 0 1 3 4 12 13 1.41421
8 10 0 1 3 4 12 14 1.41421
8 10 0 1 3 4 13 14 1.41421
8 10 0 1 3 5 6 7 0
8 10 0 1 3 5 6 9 0
8 10 0 1 3 5 6 11 0
8 10 0 1 3 5 6 12 0
8 10 0 1 3 5 6 13 0
8 10 0 1 3 5 6 14 0
8 10 0 1 3 5 7 9 1
8 10 0 1 3 5 7 11 1
8 10 0 1 3 5 7 12 1.41421
8 10 0 1 3 5 7 13 1.41421
8 10 0 1 3 5 7 14 1.41421
8 10 0 1 3 5 9 11 0
8 10 0 1 3 5 9 12 1
8 10 0 1 3 5 9 13 1
8 10 0 1 3 5 9 14 1
8 10 0 1 3 5 11 12 1
8 10 0 1 3 5 11 13 1
8 10 0 1 3 5 11 14 1
8 10 0 1 3 5 12 13 1.41421
8 10 0 1 3 5 12 14 1.41421
8 10 0 1 3 5 13 14 1.41421
8 10 0 1 3 6 7 9 1.41421
8 10 0 1 3 6 7 11 1.41421
8 10 0 1 3 6 7 12 1.41421
8 10 0 1 3 6 7 13 1.41421
8 10 0 1 3 6 7 14 1.41421
8 10 0 1 3 6 9 11 1.73205
8 10 0 1 3 6 9 12 1.73205
8 10 0 1 3 6 9 13 1.73205
8 10 0 1 3 6 9 14 1.73205
8 10 0 1 3 6 11 12 1.73205
8 10 0 1 3 6 11 13 1.73205
8 10 0 1 3 6 11 14 1.73205
8 10 0 1 3 6 12 13 1.73205
8 10 0 1 3 6 12 14 1.73205
8 10 0 1 3 6 13 14 1.73205
8 10 0 1 3 7 9 11 1.41421
8 10 0 1 3 7 9 12 1.41421
8 10 0 1 3 7 9 13 1.41421
8 10 0 1 3 7 9 14 1.41421
8 10 0 1 3 7 11 12 1.41421
8 10 0 1 3 7 11 13 1.41421
8 10 0 1 3 7 11 14 1.41421
8 10 0 1 3 7 12 13 1.41421
8 10 0 1 3 7 12 14 1.41421
8 10 0 1 3 7 13 14 1.41421
8 10 0 1 3 9 11 12 1.73205
8 10 0 1 3 9 11 13 1.73205
8 10 0 1 3 9 11 14 1.73205
8 10 0 1 3 9 12 13 1.73205
8 10 0 1 3 9 12 14 1.73205
8 10 0 1 3 9 13 14 1.73205
8 10 0 1 3 11 12 13 1.73205
8 10 0 1 3 11 12 14 1.73205
8 10 0 1 3 11 13 14 1.73205
8 10 0 1 3 12 13 14 1.73205
8 10 0 1 4 5 6 7 1.41421
8 10 0 1 4 5 6 9 1.73205
8 10 0 1 4 5 6 11 1.41421
8 10 0 1 4 5 6 12 1.73205
8 10 0 1 4 5 6 13 1.73205
8 10 0 1 4 5 6 14 1.73205
8 10 0 1 4 5 7 9 1.62019
8 10 0 1 4 5 7 11 1
8 10 0 1 4 5 7 12 1.73205
8 10 0 1 4 5 7 13 1.73205
8 10 0 1 4 5 7 14 1.73205
8 10 0 1 4 5 9 11 1.41421
8 10 0 1 4 5 9 12 1.85164
8 10 0 1 4 5 9 13 1.85164
8 10 0 1 4 5 9 14 1.85164
8 10 0 1 4 5 11 12 1.41421
8 10 0 1 4 5 11 13 1.41421
8 10 0 1 4 5 11 14 1.41421
8 10 0 1 4 5 12 13 1.90693
8 10 0 1 4 5 12 14 1.90693
8 10 0 1 4 5 13 14 1.90693
8 10 0 1 4 6 7 9 1.62019
8 10 0 1 4 6 7 11 1.41421
8 10 0 1 4 6 7 12 1.62019
8 10 0 1 4 6 7 13 1.62019
8 10 0 1 4 6 7 14 1.62019
8 10 0 1 4 6 9 11 2
8 10 0 1 4 6 9 12 2.13664
8 10 0 1 4 6 9 13 2.13664
8 10 0 1 4 6 9 14 2.13664
8 10 0 1 4 6 11 12 2
8 10 0 1 4 6 11 13 2
8 10 0 1 4 6 11 14 2
8 10 0 1 4 6 12 13 2.13664
8 10 0 1 4 6 12 14 2.13664
8 10 0 1 4 6 13 14 2.13664
8 10 0 1 4 7 9 11 1.41421
8 10 0 1 4 7 9 12 1.73205
8 10 0 1 4 7 9 13 1.73205
8 10 0 1 4 7 9 14 1.73205
8 10 0 1 4 7 11 12 1.41421
8 10 0 1 4 7 11 13 1.41421
8 10 0 1 4 7 11 14 1.41421
8 10 0 1 4 7 12 13 1.81265
8 10 0 1 4 7 12 14 1.81265
8 10 0 1 4 7 13 14 1.81265
8 10 0 1 4 9 11 12 2
8 10 0 1 4 9 11 13 2
8 10 0 1 4 9 11 14 2
8 10 0 1 4 9 12 13 2.16025
8 10 0 1 4 9 12 14 2.16025
8 10 0 1 4 9 13 14 2.16025
8 10 0 1 4 11 12 13 2
8 10 0 1 4 11 12 14 2
8 10 0 1 4 11 13 14 2
8 10 0 1 4 12 13 14 2.19089
8 10 0 1 5 6 7 9 1.41421
8 10 0 1 5 6 7 11 1
8 10 0 1 5 6 7 12 1.41421
8 10 0 1 5 6 7 13 1.41421
8 10 0 1 5 6 7 14 1.41421
8 10 0 1 5 6 9 11 1.41421
8 10 0 1 5 6 9 12 1.73205
8 10 0 1 5 6 9 13 1.73205
8 10 0 1 5 6 9 14 1.73205
8 10 0 1 5 6 11 12 1.41421
8 10 0 1 5 6 11 13 1.41421
8 10 0 1 5 6 11 14 1.41421
8 10 0 1 5 6 12 13 1.73205
8 10 0 1 5 6 12 14 1.73205
8 10 0 1 5 6 13 14 1.73205
8 10 0 1 5 7 9 11 1
8 10 0 1 5 7 9 12 1.62019
8 10 0 1 5 7 9 13 1.62019
8 10 0 1 5 7 9 14 1.62019
8 10 0 1 5 7 11 12 1
8 10 0 1 5 7 11 13 1
8 10 0 1 5 7 11 14 1
8 10 0 1 5 7 12 13 1.73205
8 10 0 1 5 7 12 14 1.73205
8 10 0 1 5 7 13 14 1.73205
8 10 0 1 5 9 11 12 1.41421
8 10 0 1 5 9 11 13 1.41421
8 10 0 1 5 9 11 14 1.41421
8 10 0 1 5 9 12 13 1.85164
8 10 0 1 5 9 12 14 1.85164
8 10 0 1 5 9 13 14 1.85164
8 10 0 1 5 11 12 13 1.41421
8 10 0 1 5 11 12 14 1.41421
8 10 0 1 5 11 13 14 1.41421
8 10 0 1 5 12 13 14 1.90693
8 10 0 1 6 7 9 11 1.62019
8 10 0 1 6 7 9 12 1.73205
8 10 0 1 6 7 9 13 1.73205
8 10 0 1 6 7 9 14 1.73205
8 10 0 1 6 7 11 12 1.62019
8 10 0 1 6 7 11 13 1.62019
8 10 0 1 6 7 11 14 1.62019
8 10 0 1 6 7 12 13 1.73205
8 10 0 1 6 7 12 14 1.73205
8 10 0 1 6 7 13 14 1.73205
8 10 0 1 6 9 11 12 2.13664
8 10 0 1 6 9 11 13 2.13664
8 10 0 1 6 9 11 14 2.13664
8 10 0 1 6 9 12 13 2.23607
8 10 0 1 6 9 12 14 2.23607
8 10 0 1 6 9 13 14 2.23607
8 10 0 1 6 11 12 13 2.13664
8 10 0 1 6 11 12 14 2.13664
8 10 0 1 6 11 13 14 2.13664
8 10 0 1 6 12 13 14 2.23607
8 10 0 1 7 9 11 12 1.62019
8 10 0 1 7 9 11 13 1.62019
8 10 0 1 7 9 11 14 1.62019
8 10 0 1 7 9 12 13 1.81265
8 10 0 1 7 9 12 14 1.81265
8 10 0 1 7 9 13 14 1.81265
8 10 0 1 7 11 12 13 1.62019
8 10 0 1 7 11 12 14 1.62019
8 10 0 1 7 11 13 14 1.62019
8 10 0 1 7 12 13 14 2
8 10 0 1 9 11 12 13 2.13664
8 10 0 1 9 11 12 14 2.13664
8 10 0 1 9 11 13 14 2.13664
8 10 0 1 9 12 13 14 2.26385
8 10 0 1 11 12 13 14 2.13664
8 10 0 2 3 4 5 6 1.73205
8 10 0 2 3 4 5 7 1.41421
8 10 0 2 3 4 5 9 1.73205
8 10 0 2 3 4 5 11 1.73205
8 10 0 2 3 4 5 12 1.41421
8 10 0 2 3 4 5 13 1.41421
8 10 0 2 3 4 5 14 1.73205
8 10 0 2 3 4 6 7 1.41421
8 10 0 2 3 4 6 9 1.85164
8 10 0 2 3 4 6 11 1.85164
8 10 0 2 3 4 6 12 1.62019
8 10 0 2 3 4 6 13 1.62019
8 10 0 2 3 4 6 14 1.85164
8 10 0 2 3 4 7 9 1.41421
8 10 0 2 3 4 7 11 1.41421
8 10 0 2 3 4 7 12 1.41421
8 10 0 2 3 4 7 13 1.41421
8 10 0 2 3 4 7 14 1.41421
8 10 0 2 3 4 9 11 1.85164
8 10 0 2 3 4 9 12 1.62019
8 10 0 2 3 4 9 13 1.62019
8 10 0 2 3 4 9 14 1.85164
8 10 0 2 3 4 11 12 1.62019
8 10 0 2 3 4 11 13 1.62019
8 10 0 2 3 4 11 14 1.85164
8 10 0 2 3 4 12 13 1.41421
8 10 0 2 3 4 12 14 1.62019
8 10 0 2 3 4 13 14 1.62019
8 10 0 2 3 5 6 7 1.41421
8 10 0 2 3 5 6 9 1.73205
8 10 0 2 3 5 6 11 1.73205
8 10 0 2 3 5 6 12 1.41421
8 10 0 2 3 5 6 13 1.41421
8 10 0 2 3 5 6 14 1.73205
8 10 0 2 3 5 7 9 1.41421
8 10 0 2 3 5 7 11 1.41421
8 10 0 2 3 5 7 12 1.41421
8 10 0 2 3 5 7 13 1.41421
8 10 0 2 3 5 7 14 1.41421
8 10 0 2 3 5 9 11 1.73205
8 10 0 2 3 5 9 12 1.41421
8 10 0 2 3 5 9 13 1.41421
8 10 0 2 3 5 9 14 1.73205
8 10 0 2 3 5 11 12 1.41421
8 10 0 2 3 5 11 13 1.41421
8 10 0 2 3 5 11 14 1.73205
8 10 0 2 3 5 12 13 1.41421
8 10 0 2 3 5 12 14 1.41421
8 10 0 2 3 5 13 14 1.41421
8 10 0 2 3 6 7 9 1.41421
8 10 0 2 3 6 7 11 1.41421
8 10 0 2 3 6 7 12 1
8 10 0 2 3 6 7 13 1
8 10 0 2 3 6 7 14 1.41421
8 10 0 2 3 6 9 11 1.90693
8 10 0 2 3 6 9 12 1.73205
8 10 0 2 3 6 9 13 1.73205
8 10 0 2 3 6 9 14 1.90693
8 10 0 2 3 6 11 12 1.73205
8 10 0 2 3 6 11 13 1.73205
8 10 0 2 3 6 11 14 1.90693
8 10 0 2 3 6 12 13 1.62019
8 10 0 2 3 6 12 14 1.73205
8 10 0 2 3 6 13 14 1.73205
8 10 0 2 3 7 9 11 1.41421
8 10 0 2 3 7 9 12 1
8 10 0 2 3 7 9 13 1
8 10 0 2 3 7 9 14 1.41421
8 10 0 2 3 7 11 12 1
8 10 0 2 3 7 11 13 1
8 10 0 2 3 7 11 14 1.41421
8 10 0 2 3 7 12 13 1.41421
8 10 0 2 3 7 12 14 1.41421
8 10 0 2 3 7 13 14 1.41421
8 10 0 2 3 9 11 12 1.73205
8 10 0 2 3 9 11 13 1.73205
8 10 0 2 3 9 11 14 1.90693
8 10 0 2 3 9 12 13 1.62019
8 10 0 2 3 9 12 14 1.73205
8 10 0 2 3 9 13 14 1.73205
8 10 0 2 3 11 12 13 1.62019
8 10 0 2 3 11 12 14 1.73205
8 10 0 2 3 11 13 14 1.73205
8 10 0 2 3 12 13 14 1.62019
8 10 0 2 4 5 6 7 1.41421
8 10 0 2 4 5 6 9 1.90693
8 10 0 2 4 5 6 11 1.85164
8 10 0 2 4 5 6 12 1.73205
8 10 0 2 4 5 6 13 1.73205
8 10 0 2 4 5 6 14 1.90693
8 10 0 2 4 5 7 9 1.41421
8 10 0 2 4 5 7 11 1.41421
8 10 0 2 4 5 7 12 1.62019
8 10 0 2 4 5 7 13 1.62019
8 10 0 2 4 5 7 14 1.62019
8 10 0 2 4 5 9 11 1.85164
8 10 0 2 4 5 9 12 1.81265
8 10 0 2 4 5 9 13 1.81265
8 10 0 2 4 5 9 14 1.93309
8 10 0 2 4 5 11 12 1.62019
8 10 0 2 4 5 11 13 1.62019
8 10 0 2 4 5 11 14 1.85164
8 10 0 2 4 5 12 13 1.81265
8 10 0 2 4 5 12 14 2
8 10 0 2 4 5 13 14 2
8 10 0 2 4 6 7 9 1.41421
8 10 0 2 4 6 7 11 1.41421
8 10 0 2 4 6 7 12 1
8 10 0 2 4 6 7 13 1
8 10 0 2 4 6 7 14 1.41421
8 10 0 2 4 6 9 11 2.00294
8 10 0 2 4 6 9 12 1.93309
8 10 0 2 4 6 9 13 1.93309
8 10 0 2 4 6 9 14 2.04939
8 10 0 2 4 6 11 12 1.85164
8 10 0 2 4 6 11 13 1.85164
8 10 0 2 4 6 11 14 2.00294
8 10 0 2 4 6 12 13 1.85164
8 10 0 2 4 6 12 14 1.93309
8 10 0 2 4 6 13 14 1.93309
8 10 0 2 4 7 9 11 1.41421
8 10 0 2 4 7 9 12 1.41421
8 10 0 2 4 7 9 13 1.41421
8 10 0 2 4 7 9 14 1.41421
8 10 0 2 4 7 11 12 1
8 10 0 2 4 7 11 13 1
8 10 0 2 4 7 11 14 1.41421
8 10 0 2 4 7 12 13 1.62019
8 10 0 2 4 7 12 14 1.62019
8 10 0 2 4 7 13 14 1.62019
8 10 0 2 4 9 11 12 1.85164
8 10 0 2 4 9 11 13 1.85164
8 10 0 2 4 9 11 14 2.00294
8 10 0 2 4 9 12 13 1.90693
8 10 0 2 4 9 12 14 2
8 10 0 2 4 9 13 14 2
8 10 0 2 4 11 12 13 1.73205
8 10 0 2 4 11 12 14 1.85164
8 10 0 2 4 11 13 14 1.85164
8 10 0 2 4 12 13 14 1.93309
8 10 0 2 5 6 7 9 1.41421
8 10 0 2 5 6 7 11 1.41421
8 10 0 2 5 6 7 12 1
8 10 0 2 5 6 7 13 1
8 10 0 2 5 6 7 14 1.41421
8 10 0 2 5 6 9 11 1.85164
8 10 0 2 5 6 9 12 1.73205
8 10 0 2 5 6 9 13 1.73205
8 10 0 2 5 6 9 14 1.90693
8 10 0 2 5 6 11 12 1.62019
8 10 0 2 5 6 11 13 1.62019
8 10 0 2 5 6 11 14 1.85164
8 10 0 2 5 6 12 13 1.62019
8 10 0 2 5 6 12 14 1.73205
8 10 0 2 5 6 13 14 1.73205
8 10 0 2 5 7 9 11 1.41421
8 10 0 2 5 7 9 12 1.41421
8 10 0 2 5 7 9 13 1.41421
8 10 0 2 5 7 9 14 1.41421
8 10 0 2 5 7 11 12 1
8 10 0 2 5 7 11 13 1
8 10 0 2 5 7 11 14 1.41421
8 10 0 2 5 7 12 13 1.62019
8 10 0 2 5 7 12 14 1.62019
8 10 0 2 5 7 13 14 1.62019
8 10 0 2 5 9 11 12 1.62019
8 10 0 2 5 9 11 13 1.62019
8 10 0 2 5 9 11 14 1.85164
8 10 0 2 5 9 12 13 1.73205
8 10 0 2 5 9 12 14 1.81265
8 10 0 2 5 9 13 14 1.81265
8 10 0 2 5 11 12 13 1.41421
8 10 0 2 5 11 12 14 1.62019
8 10 0 2 5 11 13 14 1.62019
8 10 0 2 5 12 13 14 1.81265
8 10 0 2 6 7 9 11 1.41421
8 10 0 2 6 7 9 12 1
8 10 0 2 6 7 9 13 1
8 10 0 2 6 7 9 14 1.41421
8 10 0 2 6 7 11 12 1
8 10 0 2 6 7 11 13 1
8 10 0 2 6 7 11 14 1.41421
8 10 0 2 6 7 12 13 1
8 10 0 2 6 7 12 14 1
8 10 0 2 6 7 13 14 1
8 10 0 2 6 9 11 12 1.93309
8 10 0 2 6 9 11 13 1.93309
8 10 0 2 6 9 11 14 2.04939
8 10 0 2 6 9 12 13 1.93309
8 10 0 2 6 9 12 14 2
8 10 0 2 6 9 13 14 2
8 10 0 2 6 11 12 13 1.85164
8 10 0 2 6 11 12 14 1.93309
8 10 0 2 6 11 13 14 1.93309
8 10 0 2 6 12 13 14 1.93309
8 10 0 2 7 9 11 12 1
8 10 0 2 7 9 11 13 1
8 10 0 2 7 9 11 14 1.41421
8 10 0 2 7 9 12 13 1.41421
8 10 0 2 7 9 12 14 1.41421
8 10 0 2 7 9 13 14 1.41421
8 10 0 2 7 11 12 13 1
8 10 0 2 7 11 12 14 1
8 10 0 2 7 11 13 14 1
8 10 0 2 7 12 13 14 1.62019
8 10 0 2 9 11 12 13 1.85164
8 10 0 2 9 11 12 14 1.93309
8 10 0 2 9 11 13 14 1.93309
8 10 0 2 9 12 13 14 2
8 10 0 2 11 12 13 14 1.85164
8 10 0 3 4 5 6 7 1.73205
8 10 0 3 4 5 6 9 2
8 10 0 3 4 5 6 11 2
8 10 0 3 4 5 6 12 1.73205
8 10 0 3 4 5 6 13 1.73205
8 10 0 3 4 5 6 14 2
8 10 0 3 4 5 7 9 1.73205
8 10 0 3 4 5 7 11 1.73205
8 10 0 3 4 5 7 12 1.41421
8 10 0 3 4 5 7 13 1.41421
8 10 0 3 4 5 7 14 1.73205
8 10 0 3 4 5 9 11 2
8 10 0 3 4 5 9 12 1.73205
8 10 0 3 4 5 9 13 1.73205
8 10 0 3 4 5 9 14 2
8 10 0 3 4 5 11 12 1.73205
8 10 0 3 4 5 11 13 1.73205
8 10 0 3 4 5 11 14 2
8 10 0 3 4 5 12 13 1.41421
8 10 0 3 4 5 12 14 1.73205
8 10 0 3 4 5 13 14 1.73205
8 10 0 3 4 6 7 9 1.85164
8 10 0 3 4 6 7 11 1.85164
8 10 0 3 4 6 7 12 1.62019
8 10 0 3 4 6 7 13 1.62019
8 10 0 3 4 6 7 14 1.85164
8 10 0 3 4 6 9 11 2.28709
8 10 0 3 4 6 9 12 2.13664
8 10 0 3 4 6 9 13 2.13664
8 10 0 3 4 6 9 14 2.28709
8 10 0 3 4 6 11 12 2.13664
8 10 0 3 4 6 11 13 2.13664
8 10 0 3 4 6 11 14 2.28709
8 10 0 3 4 6 12 13 2
8 10 0 3 4 6 12 14 2.13664
8 10 0 3 4 6 13 14 2.13664
8 10 0 3 4 7 9 11 1.85164
8 10 0 3 4 7 9 12 1.62019
8 10 0 3 4 7 9 13 1.62019
8 10 0 3 4 7 9 14 1.85164
8 10 0 3 4 7 11 12 1.62019
8 10 0 3 4 7 11 13 1.62019
8 10 0 3 4 7 11 14 1.85164
8 10 0 3 4 7 12 13 1.41421
8 10 0 3 4 7 12 14 1.62019
8 10 0 3 4 7 13 14 1.62019
8 10 0 3 4 9 11 12 2.13664
8 10 0 3 4 9 11 13 2.13664
8 10 0 3 4 9 11 14 2.28709
8 10 0 3 4 9 12 13 2
8 10 0 3 4 9 12 14 2.13664
8 10 0 3 4 9 13 14 2.13664
8 10 0 3 4 11 12 13 2
8 10 0 3 4 11 12 14 2.13664
8 10 0 3 4 11 13 14 2.13664
8 10 0 3 4 12 13 14 2
8 10 0 3 5 6 7 9 1.73205
8 10 0 3 5 6 7 11 1.73205
8 10 0 3 5 6 7 12 1.41421
8 10 0 3 5 6 7 13 1.41421
8 10 0 3 5 6 7 14 1.73205
8 10 0 3 5 6 9 11 2
8 10 0 3 5 6 9 12 1.73205
8 10 0 3 5 6 9 13 1.73205
8 10 0 3 5 6 9 14 2
8 10 0 3 5 6 11 12 1.73205
8 10 0 3 5 6 11 13 1.73205
8 10 0 3 5 6 11 14 2
8 10 0 3 5 6 12 13 1.41421
8 10 0 3 5 6 12 14 1.73205
8 10 0 3 5 6 13 14 1.73205
8 10 0 3 5 7 9 11 1.73205
8 10 0 3 5 7 9 12 1.41421
8 10 0 3 5 7 9 13 1.41421
8 10 0 3 5 7 9 14 1.73205
8 10 0 3 5 7 11 12 1.41421
8 10 0 3 5 7 11 13 1.41421
8 10 0 3 5 7 11 14 1.73205
8 10 0 3 5 7 12 13 1.41421
8 10 0 3 5 7 12 14 1.41421
8 10 0 3 5 7 13 14 1.41421
8 10 0 3 5 9 11 12 1.73205
8 10 0 3 5 9 11 13 1.73205
8 10 0 3 5 9 11 14 2
8 10 0 3 5 9 12 13 1.41421
8 10 0 3 5 9 12 14 1.73205
8 10 0 3 5 9 13 14 1.73205
8 10 0 3 5 11 12 13 1.41421
8 10 0 3 5 11 12 14 1.73205
8 10 0 3 5 11 13 14 1.73205
8 10 0 3 5 12 13 14 1.41421
8 10 0 3 6 7 9 11 1.90693
8 10 0 3 6 7 9 12 1.73205
8 10 0 3 6 7 9 13 1.73205
8 10 0 3 6 7 9 14 1.90693
8 10 0 3 6 7 11 12 1.73205
8 10 0 3 6 7 11 13 1.73205
8 10 0 3 6 7 11 14 1.90693
8 10 0 3 6 7 12 13 1.62019
8 10 0 3 6 7 12 14 1.73205
8 10 0 3 6 7 13 14 1.73205
8 10 0 3 6 9 11 12 2.23607
8 10 0 3 6 9 11 13 2.23607
8 10 0 3 6 9 11 14 2.35488
8 10 0 3 6 9 12 13 2.13664
8 10 0 3 6 9 12 14 2.23607
8 10 0 3 6 9 13 14 2.23607
8 10 0 3 6 11 12 13 2.13664
8 10 0 3 6 11 12 14 2.23607
8 10 0 3 6 11 13 14 2.23607
8 10 0 3 6 12 13 14 2.13664
8 10 0 3 7 9 11 12 1.73205
8 10 0 3 7 9 11 13 1.73205
8 10 0 3 7 9 11 14 1.90693
8 10 0 3 7 9 12 13 1.62019
8 10 0 3 7 9 12 14 1.73205
8 10 0 3 7 9 13 14 1.73205
8 10 0 3 7 11 12 13 1.62019
8 10 0 3 7 11 12 14 1.73205
8 10 0 3 7 11 13 14 1.73205
8 10 0 3 7 12 13 14 1.62019
8 10 0 3 9 11 12 13 2.13664
8 10 0 3 9 11 12 14 2.23607
8 10 0 3 9 11 13 14 2.23607
8 10 0 3 9 12 13 14 2.13664
8 10 0 3 11 12 13 14 2.13664
8 10 0 4 5 6 7 9 1.90693
8 10 0 4 5 6 7 11 1.85164
8 10 0 4 5 6 7 12 1.73205
8 10 0 4 5 6 7 13 1.73205
8 10 0 4 5 6 7 14 1.90693
8 10 0 4 5 6 9 11 2.28709
8 10 0 4 5 6 9 12 2.23607
8 10 0 4 5 6 9 13 2.23607
8 10 0 4 5 6 9 14 2.35488
8 10 0 4 5 6 11 12 2.13664
8 10 0 4 5 6 11 13 2.13664
8 10 0 4 5 6 11 14 2.28709
8 10 0 4 5 6 12 13 2.13664
8 10 0 4 5 6 12 14 2.23607
8 10 0 4 5 6 13 14 2.23607
8 10 0 4 5 7 9 11 1.85164
8 10 0 4 5 7 9 12 1.81265
8 10 0 4 5 7 9 13 1.81265
8 10 0 4 5 7 9 14 1.93309
8 10 0 4 5 7 11 12 1.62019
8 10 0 4 5 7 11 13 1.62019
8 10 0 4 5 7 11 14 1.85164
8 10 0 4 5 7 12 13 1.81265
8 10 0 4 5 7 12 14 2
8 10 0 4 5 7 13 14 2
8 10 0 4 5 9 11 12 2.13664
8 10 0 4 5 9 11 13 2.13664
8 10 0 4 5 9 11 14 2.28709
8 10 0 4 5 9 12 13 2.16025
8 10 0 4 5 9 12 14 2.26385
8 10 0 4 5 9 13 14 2.26385
8 10 0 4 5 11 12 13 2
8 10 0 4 5 11 12 14 2.13664
8 10 0 4 5 11 13 14 2.13664
8 10 0 4 5 12 13 14 2.19089
8 10 0 4 6 7 9 11 2.00294
8 10 0 4 6 7 9 12 1.93309
8 10 0 4 6 7 9 13 1.93309
8 10 0 4 6 7 9 14 2.04939
8 10 0 4 6 7 11 12 1.85164
8 10 0 4 6 7 11 13 1.85164
8 10 0 4 6 7 11 14 2.00294
8 10 0 4 6 7 12 13 1.85164
8 10 0 4 6 7 12 14 1.93309
8 10 0 4 6 7 13 14 1.93309
8 10 0 4 6 9 11 12 2.52543
8 10 0 4 6 9 11 13 2.52543
8 10 0 4 6 9 11 14 2.61406
8 10 0 4 6 9 12 13 2.52543
8 10 0 4 6 9 12 14 2.58844
8 10 0 4 6 9 13 14 2.58844
8 10 0 4 6 11 12 13 2.44949
8 10 0 4 6 11 12 14 2.52543
8 10 0 4 6 11 13 14 2.52543
8 10 0 4 6 12 13 14 2.52543
8 10 0 4 7 9 11 12 1.85164
8 10 0 4 7 9 11 13 1.85164
8 10 0 4 7 9 11 14 2.00294
8 10 0 4 7 9 12 13 1.90693
8 10 0 4 7 9 12 14 2
8 10 0 4 7 9 13 14 2
8 10 0 4 7 11 12 13 1.73205
8 10 0 4 7 11 12 14 1.85164
8 10 0 4 7 11 13 14 1.85164
8 10 0 4 7 12 13 14 1.93309
8 10 0 4 9 11 12 13 2.44949
8 10 0 4 9 11 12 14 2.52543
8 10 0 4 9 11 13 14 2.52543
8 10 0 4 9 12 13 14 2.53722
8 10 0 4 11 12 13 14 2.44949
8 10 0 5 6 7 9 11 1.85164
8 10 0 5 6 7 9 12 1.73205
8 10 0 5 6 7 9 13 1.73205
8 10 0 5 6 7 9 14 1.90693
8 10 0 5 6 7 11 12 1.62019
8 10 0 5 6 7 11 13 1.62019
8 10 0 5 6 7 11 14 1.85164
8 10 0 5 6 7 12 13 1.62019
8 10 0 5 6 7 12 14 1.73205
8 10 0 5 6 7 13 14 1.73205
8 10 0 5 6 9 11 12 2.13664
8 10 0 5 6 9 11 13 2.13664
8 10 0 5 6 9 11 14 2.28709
8 10 0 5 6 9 12 13 2.13664
8 10 0 5 6 9 12 14 2.23607
8 10 0 5 6 9 13 14 2.23607
8 10 0 5 6 11 12 13 2
8 10 0 5 6 11 12 14 2.13664
8 10 0 5 6 11 13 14 2.13664
8 10 0 5 6 12 13 14 2.13664
8 10 0 5 7 9 11 12 1.62019
8 10 0 5 7 9 11 13 1.62019
8 10 0 5 7 9 11 14 1.85164
8 10 0 5 7 9 12 13 1.73205
8 10 0 5 7 9 12 14 1.81265
8 10 0 5 7 9 13 14 1.81265
8 10 0 5 7 11 12 13 1.41421
8 10 0 5 7 11 12 14 1.62019
8 10 0 5 7 11 13 14 1.62019
8 10 0 5 7 12 13 14 1.81265
8 10 0 5 9 11 12 13 2
8 10 0 5 9 11 12 14 2.13664
8 10 0 5 9 11 13 14 2.13664
8 10 0 5 9 12 13 14 2.16025
8 10 0 5 11 12 13 14 2
8 10 0 6 7 9 11 12 1.93309
8 10 0 6 7 9 11 13 1.93309
8 10 0 6 7 9 11 14 2.04939
8 10 0 6 7 9 12 13 1.93309
8 10 0 6 7 9 12 14 2
8 10 0 6 7 9 13 14 2
8 10 0 6 7 11 12 13 1.85164
8 10 0 6 7 11 12 14 1.93309
8 10 0 6 7 11 13 14 1.93309
8 10 0 6 7 12 13 14 1.93309
8 10 0 6 9 11 12 13 2.52543
8 10 0 6 9 11 12 14 2.58844
8 10 0 6 9 11 13 14 2.58844
8 10 0 6 9 12 13 14 2.58844
8 10 0 6 11 12 13 14 2.52543
8 10 0 7 9 11 12 13 1.85164
8 10 0 7 9 11 12 14 1.93309
8 10 0 7 9 11 13 14 1.93309
8 10 0 7 9 12 13 14 2
8 10 0 7 11 12 13 14 1.85164
8 10 0 9 11 12 13 14 2.52543
8 10 1 2 3 4 5 6 1
8 10 1 2 3 4 5 7 1.41421
8 10 1 2 3 4 5 9 1
8 10 1 2 3 4 5 11 1
8 10 1 2 3 4 5 12 1.41421
8 10 1 2 3 4 5 13 1.41421
8 10 1 2 3 4 5 14 1.41421
8 10 1 2 3 4 6 7 1
8 10 1 2 3 4 6 9 1
8 10 1 2 3 4 6 11 1
8 10 1 2 3 4 6 12 1
8 10 1 2 3 4 6 13 1
8 10 1 2 3 4 6 14 1
8 10 1 2 3 4 7 9 1
8 10 1 2 3 4 7 11 1
8 10 1 2 3 4 7 12 1.41421
8 10 1 2 3 4 7 13 1.41421
8 10 1 2 3 4 7 14 1.41421
8 10 1 2 3 4 9 11 1
8 10 1 2 3 4 9 12 1
8 10 1 2 3 4 9 13 1
8 10 1 2 3 4 9 14 1
8 10 1 2 3 4 11 12 1
8 10 1 2 3 4 11 13 1
8 10 1 2 3 4 11 14 1
8 10 1 2 3 4 12 13 1.41421
8 10 1 2 3 4 12 14 1.41421
8 10 1 2 3 4 13 14 1.41421
8 10 1 2 3 5 6 7 1
8 10 1 2 3 5 6 9 1
8 10 1 2 3 5 6 11 1
8 10 1 2 3 5 6 12 1
8 10 1 2 3 5 6 13 0
8 10 1 2 3 5 6 14 1
8 10 1 2 3 5 7 9 1
8 10 1 2 3 5 7 11 1
8 10 1 2 3 5 7 12 1.41421
8 10 1 2 3 5 7 13 1.41421
8 10 1 2 3 5 7 14 1.41421
8 10 1 2 3 5 9 11 1
8 10 1 2 3 5 9 12 1
8 10 1 2 3 5 9 13 1
8 10 1 2 3 5 9 14 1
8 10 1 2 3 5 11 12 1
8 10 1 2 3 5 11 13 1
8 10 1 2 3 5 11 14 1
8 10 1 2 3 5 12 13 1.41421
8 10 1 2 3 5 12 14 1.41421
8 10 1 2 3 5 13 14 1.41421
8 10 1 2 3 6 7 9 1
8 10 1 2 3 6 7 11 1
8 10 1 2 3 6 7 12 1
8 10 1 2 3 6 7 13 1
8 10 1 2 3 6 7 14 1
8 10 1 2 3 6 9 11 1.41421
8 10 1 2 3 6 9 12 1.41421
8 10 1 2 3 6 9 13 1.41421
8 10 1 2 3 6 9 14 1.41421
8 10 1 2 3 6 11 12 1.41421
8 10 1 2 3 6 11 13 1.41421
8 10 1 2 3 6 11 14 1.41421
8 10 1 2 3 6 12 13 1.41421
8 10 1 2 3 6 12 14 1.41421
8 10 1 2 3 6 13 14 1.41421
8 10 1 2 3 7 9 11 1
8 10 1 2 3 7 9 12 1
8 10 1 2 3 7 9 13 1
8 10 1 2 3 7 9 14 1
8 10 1 2 3 7 11 12 1
8 10 1 2 3 7 11 13 1
8 10 1 2 3 7 11 14 1
8 10 1 2 3 7 12 13 1.41421
8 10 1 2 3 7 12 14 1.41421
8 10 1 2 3 7 13 14 1.41421
8 10 1 2 3 9 11 12 1.41421
8 10 1 2 3 9 11 13 1.41421
8 10 1 2 3 9 11 14 1.41421
8 10 1 2 3 9 12 13 1.41421
8 10 1 2 3 9 12 14 1.41421
8 10 1 2 3 9 13 14 1.41421
8 10 1 2 3 11 12 13 1.41421
8 10 1 2 3 11 12 14 1.41421
8 10 1 2 3 11 13 14 1.41421
8 10 1 2 3 12 13 14 1.41421
8 10 1 2 4 5 6 7 1
8 10 1 2 4 5 6 9 1.41421
8 10 1 2 4 5 6 11 1
8 10 1 2 4 5 6 12 1.41421
8 10 1 2 4 5 6 13 1.41421
8 10 1 2 4 5 6 14 1.41421
8 10 1 2 4 5 7 9 1.41421
8 10 1 2 4 5 7 11 1
8 10 1 2 4 5 7 12 1.62019
8 10 1 2 4 5 7 13 1.62019
8 10 1 2 4 5 7 14 1.62019
8 10 1 2 4 5 9 11 1
8 10 1 2 4 5 9 12 1.62019
8 10 1 2 4 5 9 13 1.62019
8 10 1 2 4 5 9 14 1.62019
8 10 1 2 4 5 11 12 1
8 10 1 2 4 5 11 13 1
8 10 1 2 4 5 11 14 1
8 10 1 2 4 5 12 13 1.73205
8 10 1 2 4 5 12 14 1.73205
8 10 1 2 4 5 13 14 1.73205
8 10 1 2 4 6 7 9 1
8 10 1 2 4 6 7 11 1
8 10 1 2 4 6 7 12 1
8 10 1 2 4 6 7 13 1
8 10 1 2 4 6 7 14 1
8 10 1 2 4 6 9 11 1.41421
8 10 1 2 4 6 9 12 1.62019
8 10 1 2 4 6 9 13 1.62019
8 10 1 2 4 6 9 14 1.62019
8 10 1 2 4 6 11 12 1.41421
8 10 1 2 4 6 11 13 1.41421
8 10 1 2 4 6 11 14 1.41421
8 10 1 2 4 6 12 13 1.62019
8 10 1 2 4 6 12 14 1.62019
8 10 1 2 4 6 13 14 1.62019
8 10 1 2 4 7 9 11 1
8 10 1 2 4 7 9 12 1.41421
8 10 1 2 4 7 9 13 1.41421
8 10 1 2 4 7 9 14 1.41421
8 10 1 2 4 7 11 12 1
8 10 1 2 4 7 11 13 1
8 10 1 2 4 7 11 14 1
8 10 1 2 4 7 12 13 1.62019
8 10 1 2 4 7 12 14 1.62019
8 10 1 2 4 7 13 14 1.62019
8 10 1 2 4 9 11 12 1.41421
8 10 1 2 4 9 11 13 1.41421
8 10 1 2 4 9 11 14 1.41421
8 10 1 2 4 9 12 13 1.73205
8 10 1 2 4 9 12 14 1.73205
8 10 1 2 4 9 13 14 1.73205
8 10 1 2 4 11 12 13 1.41421
8 10 1 2 4 11 12 14 1.41421
8 10 1 2 4 11 13 14 1.41421
8 10 1 2 4 12 13 14 1.81265
8 10 1 2 5 6 7 9 1
8 10 1 2 5 6 7 11 1
8 10 1 2 5 6 7 12 1
8 10 1 2 5 6 7 13 1
8 10 1 2 5 6 7 14 1
8 10 1 2 5 6 9 11 1
8 10 1 2 5 6 9 12 1.41421
8 10 1 2 5 6 9 13 1.41421
8 10 1 2 5 6 9 14 1.41421
8 10 1 2 5 6 11 12 1
8 10 1 2 5 6 11 13 1
8 10 1 2 5 6 11 14 1
8 10 1 2 5 6 12 13 1.41421
8 10 1 2 5 6 12 14 1.41421
8 10 1 2 5 6 13 14 1.41421
8 10 1 2 5 7 9 11 1
8 10 1 2 5 7 9 12 1.41421
8 10 1 2 5 7 9 13 1.41421
8 10 1 2 5 7 9 14 1.41421
8 10 1 2 5 7 11 12 1
8 10 1 2 5 7 11 13 1
8 10 1 2 5 7 11 14 1
8 10 1 2 5 7 12 13 1.62019
8 10 1 2 5 7 12 14 1.62019
8 10 1 2 5 7 13 14 1.62019
8 10 1 2 5 9 11 12 1
8 10 1 2 5 9 11 13 1
8 10 1 2 5 9 11 14 1
8 10 1 2 5 9 12 13 1.62019
8 10 1 2 5 9 12 14 1.62019
8 10 1 2 5 9 13 14 1.62019
8 10 1 2 5 11 12 13 1
8 10 1 2 5 11 12 14 1
8 10 1 2 5 11 13 14 1
8 10 1 2 5 12 13 14 1.73205
8 10 1 2 6 7 9 11 1
8 10 1 2 6 7 9 12 1
8 10 1 2 6 7 9 13 1
8 10 1 2 6 7 9 14 1
8 10 1 2 6 7 11 12 1
8 10 1 2 6 7 11 13 1
8 10 1 2 6 7 11 14 1
8 10 1 2 6 7 12 13 1
8 10 1 2 6 7 12 14 1
8 10 1 2 6 7 13 14 1
8 10 1 2 6 9 11 12 1.62019
8 10 1 2 6 9 11 13 1.62019
8 10 1 2 6 9 11 14 1.62019
8 10 1 2 6 9 12 13 1.73205
8 10 1 2 6 9 12 14 1.73205
8 10 1 2 6 9 13 14 1.73205
8 10 1 2 6 11 12 13 1.62019
8 10 1 2 6 11 12 14 1.62019
8 10 1 2 6 11 13 14 1.62019
8 10 1 2 6 12 13 14 1.73205
8 10 1 2 7 9 11 12 1
8 10 1 2 7 9 11 13 1
8 10 1 2 7 9 11 14 1
8 10 1 2 7 9 12 13 1.41421
8 10 1 2 7 9 12 14 1.41421
8 10 1 2 7 9 13 14 1.41421
8 10 1 2 7 11 12 13 1
8 10 1 2 7 11 12 14 1
8 10 1 2 7 11 13 14 1
8 10 1 2 7 12 13 14 1.62019
8 10 1 2 9 11 12 13 1.62019
8 10 1 2 9 11 12 14 1.62019
8 10 1 2 9 11 13 14 1.62019
8 10 1 2 9 12 13 14 1.81265
8 10 1 2 11 12 13 14 1.62019
8 10 1 3 4 5 6 7 1
8 10 1 3 4 5 6 9 1
8 10 1 3 4 5 6 11 1
8 10 1 3 4 5 6 12 1
8 10 1 3 4 5 6 13 0
8 10 1 3 4 5 6 14 1
8 10 1 3 4 5 7 9 1
8 10 1 3 4 5 7 11 1
8 10 1 3 4 5 7 12 1.41421
8 10 1 3 4 5 7 13 1.41421
8 10 1 3 4 5 7 14 1.41421
8 10 1 3 4 5 9 11 1
8 10 1 3 4 5 9 12 1
8 10 1 3 4 5 9 13 1
8 10 1 3 4 5 9 14 1
8 10 1 3 4 5 11 12 1
8 10 1 3 4 5 11 13 1
8 10 1 3 4 5 11 14 1
8 10 1 3 4 5 12 13 1.41421
8 10 1 3 4 5 12 14 1.41421
8 10 1 3 4 5 13 14 1.41421
8 10 1 3 4 6 7 9 1
8 10 1 3 4 6 7 11 1
8 10 1 3 4 6 7 12 1
8 10 1 3 4 6 7 13 1
8 10 1 3 4 6 7 14 1
8 10 1 3 4 6 9 11 1.41421
8 10 1 3 4 6 9 12 1.41421
8 10 1 3 4 6 9 13 1.41421
8 10 1 3 4 6 9 14 1.41421
8 10 1 3 4 6 11 12 1.41421
8 10 1 3 4 6 11 13 1.41421
8 10 1 3 4 6 11 14 1.41421
8 10 1 3 4 6 12 13 1.41421
8 10 1 3 4 6 12 14 1.41421
8 10 1 3 4 6 13 14 1.41421
8 10 1 3 4 7 9 11 1
8 10 1 3 4 7 9 12 1
8 10 1 3 4 7 9 13 1
8 10 1 3 4 7 9 14 1
8 10 1 3 4 7 11 12 1
8 10 1 3 4 7 11 13 1
8 10 1 3 4 7 11 14 1
8 10 1 3 4 7 12 13 1.41421
8 10 1 3 4 7 12 14 1.41421
8 10 1 3 4 7 13 14 1.41421
8 10 1 3 4 9 11 12 1.41421
8 10 1 3 4 9 11 13 1.41421
8 10 1 3 4 9 11 14 1.41421
8 10 1 3 4 9 12 13 1.41421
8 10 1 3 4 9 12 14 1.41421
8 10 1 3 4 9 13 14 1.41421
8 10 1 3 4 11 12 13 1.41421
8 10 1 3 4 11 12 14 1.41421
8 10 1 3 4 11 13 14 1.41421
8 10 1 3 4 12 13 14 1.41421
8 10 1 3 5 6 7 9 1
8 10 1 3 5 6 7 11 1
8 10 1 3 5 6 7 12 1
8 10 1 3 5 6 7 13 0
8 10 1 3 5 6 7 14 1
8 10 1 3 5 6 9 11 1
8 10 1 3 5 6 9 12 1
8 10 1 3 5 6 9 13 0
8 10 1 3 5 6 9 14 1
8 10 1 3 5 6 11 12 1
8 10 1 3 5 6 11 13 0
8 10 1 3 5 6 11 14 1
8 10 1 3 5 6 12 13 0
8 10 1 3 5 6 12 14 1
8 10 1 3 5 6 13 14 0
8 10 1 3 5 7 9 11 1
8 10 1 3 5 7 9 12 1
8 10 1 3 5 7 9 13 1
8 10 1 3 5 7 9 14 1
8 10 1 3 5 7 11 12 1
8 10 1 3 5 7 11 13 1
8 10 1 3 5 7 11 14 1
8 10 1 3 5 7 12 13 1.41421
8 10 1 3 5 7 12 14 1.41421
8 10 1 3 5 7 13 14 1.41421
8 10 1 3 5 9 11 12 1
8 10 1 3 5 9 11 13 0
8 10 1 3 5 9 11 14 1
8 10 1 3 5 9 12 13 1
8 10 1 3 5 9 12 14 1
8 10 1 3 5 9 13 14 1
8 10 1 3 5 11 12 13 1
8 10 1 3 5 11 12 14 1
8 10 1 3 5 11 13 14 1
8 10 1 3 5 12 13 14 1.41421
8 10 1 3 6 7 9 11 1.41421
8 10 1 3 6 7 9 12 1.41421
8 10 1 3 6 7 9 13 1.41421
8 10 1 3 6 7 9 14 1.41421
8 10 1 3 6 7 11 12 1.41421
8 10 1 3 6 7 11 13 1.41421
8 10 1 3 6 7 11 14 1.41421
8 10 1 3 6 7 12 13 1.41421
8 10 1 3 6 7 12 14 1.41421
8 10 1 3 6 7 13 14 1.41421
8 10 1 3 6 9 11 12 1.73205
8 10 1 3 6 9 11 13 1.73205
8 10 1 3 6 9 11 14 1.73205
8 10 1 3 6 9 12 13 1.73205
8 10 1 3 6 9 12 14 1.73205
8 10 1 3 6 9 13 14 1.73205
8 10 1 3 6 11 12 13 1.73205
8 10 1 3 6 11 12 14 1.73205
8 10 1 3 6 11 13 14 1.73205
8 10 1 3 6 12 13 14 1.73205
8 10 1 3 7 9 11 12 1.41421
8 10 1 3 7 9 11 13 1.41421
8 10 1 3 7 9 11 14 1.41421
8 10 1 3 7 9 12 13 1.41421
8 10 1 3 7 9 12 14 1.41421
8 10 1 3 7 9 13 14 1.41421
8 10 1 3 7 11 12 13 1.41421
8 10 1 3 7 11 12 14 1.41421
8 10 1 3 7 11 13 14 1.41421
8 10 1 3 7 12 13 14 1.41421
8 10 1 3 9 11 12 13 1.73205
8 10 1 3 9 11 12 14 1.73205
8 10 1 3 9 11 13 14 1.73205
8 10 1 3 9 12 13 14 1.73205
8 10 1 3 11 12 13 14 1.73205
8 10 1 4 5 6 7 9 1.41421
8 10 1 4 5 6 7 11 1
8 10 1 4 5 6 7 12 1.41421
8 10 1 4 5 6 7 13 1.41421
8 10 1 4 5 6 7 14 1.41421
8 10 1 4 5 6 9 11 1.41421
8 10 1 4 5 6 9 12 1.73205
8 10 1 4 5 6 9 13 1.73205
8 10 1 4 5 6 9 14 1.73205
8 10 1 4 5 6 11 12 1.41421
8 10 1 4 5 6 11 13 1.41421
8 10 1 4 5 6 11 14 1.41421
8 10 1 4 5 6 12 13 1.73205
8 10 1 4 5 6 12 14 1.73205
8 10 1 4 5 6 13 14 1.73205
8 10 1 4 5 7 9 11 1
8 10 1 4 5 7 9 12 1.62019
8 10 1 4 5 7 9 13 1.62019
8 10 1 4 5 7 9 14 1.62019
8 10 1 4 5 7 11 12 1
8 10 1 4 5 7 11 13 1
8 10 1 4 5 7 11 14 1
8 10 1 4 5 7 12 13 1.73205
8 10 1 4 5 7 12 14 1.73205
8 10 1 4 5 7 13 14 1.73205
8 10 1 4 5 9 11 12 1.41421
8 10 1 4 5 9 11 13 1.41421
8 10 1 4 5 9 11 14 1.41421
8 10 1 4 5 9 12 13 1.85164
8 10 1 4 5 9 12 14 1.85164
8 10 1 4 5 9 13 14 1.85164
8 10 1 4 5 11 12 13 1.41421
8 10 1 4 5 11 12 14 1.41421
8 10 1 4 5 11 13 14 1.41421
8 10 1 4 5 12 13 14 1.90693
8 10 1 4 6 7 9 11 1.41421
8 10 1 4 6 7 9 12 1.62019
8 10 1 4 6 7 9 13 1.62019
8 10 1 4 6 7 9 14 1.62019
8 10 1 4 6 7 11 12 1.41421
8 10 1 4 6 7 11 13 1.41421
8 10 1 4 6 7 11 14 1.41421
8 10 1 4 6 7 12 13 1.62019
8 10 1 4 6 7 12 14 1.62019
8 10 1 4 6 7 13 14 1.62019
8 10 1 4 6 9 11 12 2
8 10 1 4 6 9 11 13 2
8 10 1 4 6 9 11 14 2
8 10 1 4 6 9 12 13 2.13664
8 10 1 4 6 9 12 14 2.13664
8 10 1 4 6 9 13 14 2.13664
8 10 1 4 6 11 12 13 2
8 10 1 4 6 11 12 14 2
8 10 1 4 6 11 13 14 2
8 10 1 4 6 12 13 14 2.13664
8 10 1 4 7 9 11 12 1.41421
8 10 1 4 7 9 11 13 1.41421
8 10 1 4 7 9 11 14 1.41421
8 10 1 4 7 9 12 13 1.73205
8 10 1 4 7 9 12 14 1.73205
8 10 1 4 7 9 13 14 1.73205
8 10 1 4 7 11 12 13 1.41421
8 10 1 4 7 11 12 14 1.41421
8 10 1 4 7 11 13 14 1.41421
8 10 1 4 7 12 13 14 1.81265
8 10 1 4 9 11 12 13 2
8 10 1 4 9 11 12 14 2
8 10 1 4 9 11 13 14 2
8 10 1 4 9 12 13 14 2.16025
8 10 1 4 11 12 13 14 2
8 10 1 5 6 7 9 11 1
8 10 1 5 6 7 9 12 1.41421
8 10 1 5 6 7 9 13 1.41421
8 10 1 5 6 7 9 14 1.41421
8 10 1 5 6 7 11 12 1
8 10 1 5 6 7 11 13 1
8 10 1 5 6 7 11 14 1
8 10 1 5 6 7 12 13 1.41421
8 10 1 5 6 7 12 14 1.41421
8 10 1 5 6 7 13 14 1.41421
8 10 1 5 6 9 11 12 1.41421
8 10 1 5 6 9 11 13 1.41421
8 10 1 5 6 9 11 14 1.41421
8 10 1 5 6 9 12 13 1.73205
8 10 1 5 6 9 12 14 1.73205
8 10 1 5 6 9 13 14 1.73205
8 10 1 5 6 11 12 13 1.41421
8 10 1 5 6 11 12 14 1.41421
8 10 1 5 6 11 13 14 1.41421
8 10 1 5 6 12 13 14 1.73205
8 10 1 5 7 9 11 12 1
8 10 1 5 7 9 11 13 1
8 10 1 5 7 9 11 14 1
8 10 1 5 7 9 12 13 1.62019
8 10 1 5 7 9 12 14 1.62019
8 10 1 5 7 9 13 14 1.62019
8 10 1 5 7 11 12 13 1
8 10 1 5 7 11 12 14 1
8 10 1 5 7 11 13 14 1
8 10 1 5 7 12 13 14 1.73205
8 10 1 5 9 11 12 13 1.41421
8 10 1 5 9 11 12 14 1.41421
8 10 1 5 9 11 13 14 1.41421
8 10 1 5 9 12 13 14 1.85164
8 10 1 5 11 12 13 14 1.41421
8 10 1 6 7 9 11 12 1.62019
8 10 1 6 7 9 11 13 1.62019
8 10 1 6 7 9 11 14 1.62019
8 10 1 6 7 9 12 13 1.73205
8 10 1 6 7 9 12 14 1.73205
8 10 1 6 7 9 13 14 1.73205
8 10 1 6 7 11 12 13 1.62019
8 10 1 6 7 11 12 14 1.62019
8 10 1 6 7 11 13 14 1.62019
8 10 1 6 7 12 13 14 1.73205
8 10 1 6 9 11 12 13 2.13664
8 10 1 6 9 11 12 14 2.13664
8 10 1 6 9 11 13 14 2.13664
8 10 1 6 9 12 13 14 2.23607
8 10 1 6 11 12 13 14 2.13664
8 10 1 7 9 11 12 13 1.62019
8 10 1 7 9 11 12 14 1.62019
8 10 1 7 9 11 13 14 1.62019
8 10 1 7 9 12 13 14 1.81265
8 10 1 7 11 12 13 14 1.62019
8 10 1 9 11 12 13 14 2.13664
8 10 2 3 4 5 6 7 1.62019
8 10 2 3 4 5 6 9 1.85164
8 10 2 3 4 5 6 11 1.85164
8 10 2 3 4 5 6 12 1.62019
8 10 2 3 4 5 6 13 1.41421
8 10 2 3 4 5 6 14 1.85164
8 10 2 3 4 5 7 9 1.62019
8 10 2 3 4 5 7 11 1.62019
8 10 2 3 4 5 7 12 1.41421
8 10 2 3 4 5 7 13 1.41421
8 10 2 3 4 5 7 14 1.62019
8 10 2 3 4 5 9 11 1.85164
8 10 2 3 4 5 9 12 1.62019
8 10 2 3 4 5 9 13 1.41421
8 10 2 3 4 5 9 14 1.85164
8 10 2 3 4 5 11 12 1.62019
8 10 2 3 4 5 11 13 1.41421
8 10 2 3 4 5 11 14 1.85164
8 10 2 3 4 5 12 13 1.41421
8 10 2 3 4 5 12 14 1.62019
8 10 2 3 4 5 13 14 1.41421
8 10 2 3 4 6 7 9 1.62019
8 10 2 3 4 6 7 11 1.62019
8 10 2 3 4 6 7 12 1.41421
8 10 2 3 4 6 7 13 1
8 10 2 3 4 6 7 14 1.62019
8 10 2 3 4 6 9 11 1.93309
8 10 2 3 4 6 9 12 1.73205
8 10 2 3 4 6 9 13 1.62019
8 10 2 3 4 6 9 14 1.93309
8 10 2 3 4 6 11 12 1.73205
8 10 2 3 4 6 11 13 1.62019
8 10 2 3 4 6 11 14 1.93309
8 10 2 3 4 6 12 13 1.41421
8 10 2 3 4 6 12 14 1.73205
8 10 2 3 4 6 13 14 1.62019
8 10 2 3 4 7 9 11 1.62019
8 10 2 3 4 7 9 12 1.41421
8 10 2 3 4 7 9 13 1
8 10 2 3 4 7 9 14 1.62019
8 10 2 3 4 7 11 12 1.41421
8 10 2 3 4 7 11 13 1
8 10 2 3 4 7 11 14 1.62019
8 10 2 3 4 7 12 13 1.41421
8 10 2 3 4 7 12 14 1.41421
8 10 2 3 4 7 13 14 1.41421
8 10 2 3 4 9 11 12 1.73205
8 10 2 3 4 9 11 13 1.62019
8 10 2 3 4 9 11 14 1.93309
8 10 2 3 4 9 12 13 1.41421
8 10 2 3 4 9 12 14 1.73205
8 10 2 3 4 9 13 14 1.62019
8 10 2 3 4 11 12 13 1.41421
8 10 2 3 4 11 12 14 1.73205
8 10 2 3 4 11 13 14 1.62019
8 10 2 3 4 12 13 14 1.41421
8 10 2 3 5 6 7 9 1.62019
8 10 2 3 5 6 7 11 1.62019
8 10 2 3 5 6 7 12 1.41421
8 10 2 3 5 6 7 13 1
8 10 2 3 5 6 7 14 1.62019
8 10 2 3 5 6 9 11 1.85164
8 10 2 3 5 6 9 12 1.62019
8 10 2 3 5 6 9 13 1.41421
8 10 2 3 5 6 9 14 1.85164
8 10 2 3 5 6 11 12 1.62019
8 10 2 3 5 6 11 13 1.41421
8 10 2 3 5 6 11 14 1.85164
8 10 2 3 5 6 12 13 1
8 10 2 3 5 6 12 14 1.62019
8 10 2 3 5 6 13 14 1.41421
8 10 2 3 5 7 9 11 1.62019
8 10 2 3 5 7 9 12 1.41421
8 10 2 3 5 7 9 13 1
8 10 2 3 5 7 9 14 1.62019
8 10 2 3 5 7 11 12 1.41421
8 10 2 3 5 7 11 13 1
8 10 2 3 5 7 11 14 1.62019
8 10 2 3 5 7 12 13 1.41421
8 10 2 3 5 7 12 14 1.41421
8 10 2 3 5 7 13 14 1.41421
8 10 2 3 5 9 11 12 1.62019
8 10 2 3 5 9 11 13 1.41421
8 10 2 3 5 9 11 14 1.85164
8 10 2 3 5 9 12 13 1
8 10 2 3 5 9 12 14 1.62019
8 10 2 3 5 9 13 14 1.41421
8 10 2 3 5 11 12 13 1
8 10 2 3 5 11 12 14 1.62019
8 10 2 3 5 11 13 14 1.41421
8 10 2 3 5 12 13 14 1.41421
8 10 2 3 6 7 9 11 1.62019
8 10 2 3 6 7 9 12 1.41421
8 10 2 3 6 7 9 13 1
8 10 2 3 6 7 9 14 1.62019
8 10 2 3 6 7 11 12 1.41421
8 10 2 3 6 7 11 13 1
8 10 2 3 6 7 11 14 1.62019
8 10 2 3 6 7 12 13 1
8 10 2 3 6 7 12 14 1.41421
8 10 2 3 6 7 13 14 1
8 10 2 3 6 9 11 12 1.81265
8 10 2 3 6 9 11 13 1.73205
8 10 2 3 6 9 11 14 2
8 10 2 3 6 9 12 13 1.62019
8 10 2 3 6 9 12 14 1.81265
8 10 2 3 6 9 13 14 1.73205
8 10 2 3 6 11 12 13 1.62019
8 10 2 3 6 11 12 14 1.81265
8 10 2 3 6 11 13 14 1.73205
8 10 2 3 6 12 13 14 1.62019
8 10 2 3 7 9 11 12 1.41421
8 10 2 3 7 9 11 13 1
8 10 2 3 7 9 11 14 1.62019
8 10 2 3 7 9 12 13 1
8 10 2 3 7 9 12 14 1.41421
8 10 2 3 7 9 13 14 1
8 10 2 3 7 11 12 13 1
8 10 2 3 7 11 12 14 1.41421
8 10 2 3 7 11 13 14 1
8 10 2 3 7 12 13 14 1.41421
8 10 2 3 9 11 12 13 1.62019
8 10 2 3 9 11 12 14 1.81265
8 10 2 3 9 11 13 14 1.73205
8 10 2 3 9 12 13 14 1.62019
8 10 2 3 11 12 13 14 1.62019
8 10 2 4 5 6 7 9 1.62019
8 10 2 4 5 6 7 11 1.62019
8 10 2 4 5 6 7 12 1.41421
8 10 2 4 5 6 7 13 1
8 10 2 4 5 6 7 14 1.62019
8 10 2 4 5 6 9 11 1.93309
8 10 2 4 5 6 9 12 1.81265
8 10 2 4 5 6 9 13 1.73205
8 10 2 4 5 6 9 14 2
8 10 2 4 5 6 11 12 1.73205
8 10 2 4 5 6 11 13 1.62019
8 10 2 4 5 6 11 14 1.93309
8 10 2 4 5 6 12 13 1.62019
8 10 2 4 5 6 12 14 1.81265
8 10 2 4 5 6 13 14 1.73205
8 10 2 4 5 7 9 11 1.62019
8 10 2 4 5 7 9 12 1.41421
8 10 2 4 5 7 9 13 1.41421
8 10 2 4 5 7 9 14 1.62019
8 10 2 4 5 7 11 12 1.41421
8 10 2 4 5 7 11 13 1
8 10 2 4 5 7 11 14 1.62019
8 10 2 4 5 7 12 13 1.62019
8 10 2 4 5 7 12 14 1.62019
8 10 2 4 5 7 13 14 1.62019
8 10 2 4 5 9 11 12 1.73205
8 10 2 4 5 9 11 13 1.62019
8 10 2 4 5 9 11 14 1.93309
8 10 2 4 5 9 12 13 1.73205
8 10 2 4 5 9 12 14 2
8 10 2 4 5 9 13 14 1.81265
8 10 2 4 5 11 12 13 1.41421
8 10 2 4 5 11 12 14 1.73205
8 10 2 4 5 11 13 14 1.62019
8 10 2 4 5 12 13 14 1.81265
8 10 2 4 6 7 9 11 1.62019
8 10 2 4 6 7 9 12 1.41421
8 10 2 4 6 7 9 13 1
8 10 2 4 6 7 9 14 1.62019
8 10 2 4 6 7 11 12 1.41421
8 10 2 4 6 7 11 13 1
8 10 2 4 6 7 11 14 1.62019
8 10 2 4 6 7 12 13 1
8 10 2 4 6 7 12 14 1.41421
8 10 2 4 6 7 13 14 1
8 10 2 4 6 9 11 12 1.90693
8 10 2 4 6 9 11 13 1.85164
8 10 2 4 6 9 11 14 2.04939
8 10 2 4 6 9 12 13 1.85164
8 10 2 4 6 9 12 14 2
8 10 2 4 6 9 13 14 1.93309
8 10 2 4 6 11 12 13 1.73205
8 10 2 4 6 11 12 14 1.90693
8 10 2 4 6 11 13 14 1.85164
8 10 2 4 6 12 13 14 1.85164
8 10 2 4 7 9 11 12 1.41421
8 10 2 4 7 9 11 13 1
8 10 2 4 7 9 11 14 1.62019
8 10 2 4 7 9 12 13 1.41421
8 10 2 4 7 9 12 14 1.41421
8 10 2 4 7 9 13 14 1.41421
8 10 2 4 7 11 12 13 1
8 10 2 4 7 11 12 14 1.41421
8 10 2 4 7 11 13 14 1
8 10 2 4 7 12 13 14 1.62019
8 10 2 4 9 11 12 13 1.73205
8 10 2 4 9 11 12 14 1.90693
8 10 2 4 9 11 13 14 1.85164
8 10 2 4 9 12 13 14 1.90693
8 10 2 4 11 12 13 14 1.73205
8 10 2 5 6 7 9 11 1.62019
8 10 2 5 6 7 9 12 1.41421
8 10 2 5 6 7 9 13 1
8 10 2 5 6 7 9 14 1.62019
8 10 2 5 6 7 11 12 1.41421
8 10 2 5 6 7 11 13 1
8 10 2 5 6 7 11 14 1.62019
8 10 2 5 6 7 12 13 1
8 10 2 5 6 7 12 14 1.41421
8 10 2 5 6 7 13 14 1
8 10 2 5 6 9 11 12 1.73205
8 10 2 5 6 9 11 13 1.62019
8 10 2 5 6 9 11 14 1.93309
8 10 2 5 6 9 12 13 1.62019
8 10 2 5 6 9 12 14 1.81265
8 10 2 5 6 9 13 14 1.73205
8 10 2 5 6 11 12 13 1.41421
8 10 2 5 6 11 12 14 1.73205
8 10 2 5 6 11 13 14 1.62019
8 10 2 5 6 12 13 14 1.62019
8 10 2 5 7 9 11 12 1.41421
8 10 2 5 7 9 11 13 1
8 10 2 5 7 9 11 14 1.62019
8 10 2 5 7 9 12 13 1.41421
8 10 2 5 7 9 12 14 1.41421
8 10 2 5 7 9 13 14 1.41421
8 10 2 5 7 11 12 13 1
8 10 2 5 7 11 12 14 1.41421
8 10 2 5 7 11 13 14 1
8 10 2 5 7 12 13 14 1.62019
8 10 2 5 9 11 12 13 1.41421
8 10 2 5 9 11 12 14 1.73205
8 10 2 5 9 11 13 14 1.62019
8 10 2 5 9 12 13 14 1.73205
8 10 2 5 11 12 13 14 1.41421
8 10 2 6 7 9 11 12 1.41421
8 10 2 6 7 9 11 13 1
8 10 2 6 7 9 11 14 1.62019
8 10 2 6 7 9 12 13 1
8 10 2 6 7 9 12 14 1.41421
8 10 2 6 7 9 13 14 1
8 10 2 6 7 11 12 13 1
8 10 2 6 7 11 12 14 1.41421
8 10 2 6 7 11 13 14 1
8 10 2 6 7 12 13 14 1
8 10 2 6 9 11 12 13 1.85164
8 10 2 6 9 11 12 14 2
8 10 2 6 9 11 13 14 1.93309
8 10 2 6 9 12 13 14 1.93309
8 10 2 6 11 12 13 14 1.85164
8 10 2 7 9 11 12 13 1
8 10 2 7 9 11 12 14 1.41421
8 10 2 7 9 11 13 14 1
8 10 2 7 9 12 13 14 1.41421
8 10 2 7 11 12 13 14 1
8 10 2 9 11 12 13 14 1.85164
8 10 3 4 5 6 7 9 1.85164
8 10 3 4 5 6 7 11 1.85164
8 10 3 4 5 6 7 12 1.62019
8 10 3 4 5 6 7 13 1.41421
8 10 3 4 5 6 7 14 1.85164
8 10 3 4 5 6 9 11 2.07802
8 10 3 4 5 6 9 12 1.85164
8 10 3 4 5 6 9 13 1.73205
8 10 3 4 5 6 9 14 2.07802
8 10 3 4 5 6 11 12 1.85164
8 10 3 4 5 6 11 13 1.73205
8 10 3 4 5 6 11 14 2.07802
8 10 3 4 5 6 12 13 1.41421
8 10 3 4 5 6 12 14 1.85164
8 10 3 4 5 6 13 14 1.73205
8 10 3 4 5 7 9 11 1.85164
8 10 3 4 5 7 9 12 1.62019
8 10 3 4 5 7 9 13 1.41421
8 10 3 4 5 7 9 14 1.85164
8 10 3 4 5 7 11 12 1.62019
8 10 3 4 5 7 11 13 1.41421
8 10 3 4 5 7 11 14 1.85164
8 10 3 4 5 7 12 13 1.41421
8 10 3 4 5 7 12 14 1.62019
8 10 3 4 5 7 13 14 1.41421
8 10 3 4 5 9 11 12 1.85164
8 10 3 4 5 9 11 13 1.73205
8 10 3 4 5 9 11 14 2.07802
8 10 3 4 5 9 12 13 1.41421
8 10 3 4 5 9 12 14 1.85164
8 10 3 4 5 9 13 14 1.73205
8 10 3 4 5 11 12 13 1.41421
8 10 3 4 5 11 12 14 1.85164
8 10 3 4 5 11 13 14 1.73205
8 10 3 4 5 12 13 14 1.41421
8 10 3 4 6 7 9 11 1.93309
8 10 3 4 6 7 9 12 1.73205
8 10 3 4 6 7 9 13 1.62019
8 10 3 4 6 7 9 14 1.93309
8 10 3 4 6 7 11 12 1.73205
8 10 3 4 6 7 11 13 1.62019
8 10 3 4 6 7 11 14 1.93309
8 10 3 4 6 7 12 13 1.41421
8 10 3 4 6 7 12 14 1.73205
8 10 3 4 6 7 13 14 1.62019
8 10 3 4 6 9 11 12 2.16025
8 10 3 4 6 9 11 13 2.13664
8 10 3 4 6 9 11 14 2.32266
8 10 3 4 6 9 12 13 2
8 10 3 4 6 9 12 14 2.16025
8 10 3 4 6 9 13 14 2.13664
8 10 3 4 6 11 12 13 2
8 10 3 4 6 11 12 14 2.16025
8 10 3 4 6 11 13 14 2.13664
8 10 3 4 6 12 13 14 2
8 10 3 4 7 9 11 12 1.73205
8 10 3 4 7 9 11 13 1.62019
8 10 3 4 7 9 11 14 1.93309
8 10 3 4 7 9 12 13 1.41421
8 10 3 4 7 9 12 14 1.73205
8 10 3 4 7 9 13 14 1.62019
8 10 3 4 7 11 12 13 1.41421
8 10 3 4 7 11 12 14 1.73205
8 10 3 4 7 11 13 14 1.62019
8 10 3 4 7 12 13 14 1.41421
8 10 3 4 9 11 12 13 2
8 10 3 4 9 11 12 14 2.16025
8 10 3 4 9 11 13 14 2.13664
8 10 3 4 9 12 13 14 2
8 10 3 4 11 12 13 14 2
8 10 3 5 6 7 9 11 1.85164
8 10 3 5 6 7 9 12 1.62019
8 10 3 5 6 7 9 13 1.41421
8 10 3 5 6 7 9 14 1.85164
8 10 3 5 6 7 11 12 1.62019
8 10 3 5 6 7 11 13 1.41421
8 10 3 5 6 7 11 14 1.85164
8 10 3 5 6 7 12 13 1
8 10 3 5 6 7 12 14 1.62019
8 10 3 5 6 7 13 14 1.41421
8 10 3 5 6 9 11 12 1.85164
8 10 3 5 6 9 11 13 1.73205
8 10 3 5 6 9 11 14 2.07802
8 10 3 5 6 9 12 13 1.41421
8 10 3 5 6 9 12 14 1.85164
8 10 3 5 6 9 13 14 1.73205
8 10 3 5 6 11 12 13 1.41421
8 10 3 5 6 11 12 14 1.85164
8 10 3 5 6 11 13 14 1.73205
8 10 3 5 6 12 13 14 1.41421
8 10 3 5 7 9 11 12 1.62019
8 10 3 5 7 9 11 13 1.41421
8 10 3 5 7 9 11 14 1.85164
8 10 3 5 7 9 12 13 1
8 10 3 5 7 9 12 14 1.62019
8 10 3 5 7 9 13 14 1.41421
8 10 3 5 7 11 12 13 1
8 10 3 5 7 11 12 14 1.62019
8 10 3 5 7 11 13 14 1.41421
8 10 3 5 7 12 13 14 1.41421
8 10 3 5 9 11 12 13 1.41421
8 10 3 5 9 11 12 14 1.85164
8 10 3 5 9 11 13 14 1.73205
8 10 3 5 9 12 13 14 1.41421
8 10 3 5 11 12 13 14 1.41421
8 10 3 6 7 9 11 12 1.81265
8 10 3 6 7 9 11 13 1.73205
8 10 3 6 7 9 11 14 2
8 10 3 6 7 9 12 13 1.62019
8 10 3 6 7 9 12 14 1.81265
8 10 3 6 7 9 13 14 1.73205
8 10 3 6 7 11 12 13 1.62019
8 10 3 6 7 11 12 14 1.81265
8 10 3 6 7 11 13 14 1.73205
8 10 3 6 7 12 13 14 1.62019
8 10 3 6 9 11 12 13 2.13664
8 10 3 6 9 11 12 14 2.26385
8 10 3 6 9 11 13 14 2.23607
8 10 3 6 9 12 13 14 2.13664
8 10 3 6 11 12 13 14 2.13664
8 10 3 7 9 11 12 13 1.62019
8 10 3 7 9 11 12 14 1.81265
8 10 3 7 9 11 13 14 1.73205
8 10 3 7 9 12 13 14 1.62019
8 10 3 7 11 12 13 14 1.62019
8 10 3 9 11 12 13 14 2.13664
8 10 4 5 6 7 9 11 1.93309
8 10 4 5 6 7 9 12 1.81265
8 10 4 5 6 7 9 13 1.73205
8 10 4 5 6 7 9 14 2
8 10 4 5 6 7 11 12 1.73205
8 10 4 5 6 7 11 13 1.62019
8 10 4 5 6 7 11 14 1.93309
8 10 4 5 6 7 12 13 1.62019
8 10 4 5 6 7 12 14 1.81265
8 10 4 5 6 7 13 14 1.73205
8 10 4 5 6 9 11 12 2.16025
8 10 4 5 6 9 11 13 2.13664
8 10 4 5 6 9 11 14 2.32266
8 10 4 5 6 9 12 13 2.13664
8 10 4 5 6 9 12 14 2.26385
8 10 4 5 6 9 13 14 2.23607
8 10 4 5 6 11 12 13 2
8 10 4 5 6 11 12 14 2.16025
8 10 4 5 6 11 13 14 2.13664
8 10 4 5 6 12 13 14 2.13664
8 10 4 5 7 9 11 12 1.73205
8 10 4 5 7 9 11 13 1.62019
8 10 4 5 7 9 11 14 1.93309
8 10 4 5 7 9 12 13 1.73205
8 10 4 5 7 9 12 14 2
8 10 4 5 7 9 13 14 1.81265
8 10 4 5 7 11 12 13 1.41421
8 10 4 5 7 11 12 14 1.73205
8 10 4 5 7 11 13 14 1.62019
8 10 4 5 7 12 13 14 1.81265
8 10 4 5 9 11 12 13 2
8 10 4 5 9 11 12 14 2.16025
8 10 4 5 9 11 13 14 2.13664
8 10 4 5 9 12 13 14 2.16025
8 10 4 5 11 12 13 14 2
8 10 4 6 7 9 11 12 1.90693
8 10 4 6 7 9 11 13 1.85164
8 10 4 6 7 9 11 14 2.04939
8 10 4 6 7 9 12 13 1.85164
8 10 4 6 7 9 12 14 2
8 10 4 6 7 9 13 14 1.93309
8 10 4 6 7 11 12 13 1.73205
8 10 4 6 7 11 12 14 1.90693
8 10 4 6 7 11 13 14 1.85164
8 10 4 6 7 12 13 14 1.85164
8 10 4 6 9 11 12 13 2.44949
8 10 4 6 9 11 12 14 2.53722
8 10 4 6 9 11 13 14 2.52543
8 10 4 6 9 12 13 14 2.52543
8 10 4 6 11 12 13 14 2.44949
8 10 4 7 9 11 12 13 1.73205
8 10 4 7 9 11 12 14 1.90693
8 10 4 7 9 11 13 14 1.85164
8 10 4 7 9 12 13 14 1.90693
8 10 4 7 11 12 13 14 1.73205
8 10 4 9 11 12 13 14 2.44949
8 10 5 6 7 9 11 12 1.73205
8 10 5 6 7 9 11 13 1.62019
8 10 5 6 7 9 11 14 1.93309
8 10 5 6 7 9 12 13 1.62019
8 10 5 6 7 9 12 14 1.81265
8 10 5 6 7 9 13 14 1.73205
8 10 5 6 7 11 12 13 1.41421
8 10 5 6 7 11 12 14 1.73205
8 10 5 6 7 11 13 14 1.62019
8 10 5 6 7 12 13 14 1.62019
8 10 5 6 9 11 12 13 2
8 10 5 6 9 11 12 14 2.16025
8 10 5 6 9 11 13 14 2.13664
8 10 5 6 9 12 13 14 2.13664
8 10 5 6 11 12 13 14 2
8 10 5 7 9 11 12 13 1.41421
8 10 5 7 9 11 12 14 1.73205
8 10 5 7 9 11 13 14 1.62019
8 10 5 7 9 12 13 14 1.73205
8 10 5 7 11 12 13 14 1.41421
8 10 5 9 11 12 13 14 2
8 10 6 7 9 11 12 13 1.85164
8 10 6 7 9 11 12 14 2
8 10 6 7 9 11 13 14 1.93309
8 10 6 7 9 12 13 14 1.93309
8 10 6 7 11 12 13 14 1.85164
8 10 6 9 11 12 13 14 2.52543
8 10 7 9 11 12 13 14 1.85164
