2 6 0 1 1.96214
2 6 0 3 2.27913
2 6 0 4 2.27689
2 6 0 5 2.21303
2 6 0 7 2.04939
2 6 0 8 2.1391
2 6 0 9 2.39792
2 6 0 10 2.23607
2 6 0 11 2.35855
2 6 0 12 2.27798
2 6 0 13 2.27798
2 6 0 14 2.34521
2 6 1 3 1.90693
2 6 1 4 1.62019
2 6 1 5 1.73205
2 6 1 7 1.85164
2 6 1 8 2
2 6 1 9 1.96214
2 6 1 10 1.73205
2 6 1 11 1.93309
2 6 1 12 1.96214
2 6 1 13 1.96214
2 6 1 14 2
2 6 3 4 2.23607
2 6 3 5 2.19034
2 6 3 7 2.08167
2 6 3 8 2.02367
2 6 3 9 2.326
2 6 3 10 2.16556
2 6 3 11 2.326
2 6 3 12 2.20605
2 6 3 13 2.16025
2 6 3 14 2.27837
2 6 4 5 2.22985
2 6 4 7 2
2 6 4 8 2.09938
2 6 4 9 2.34521
2 6 4 10 2.2514
2 6 4 11 2.28239
2 6 4 12 2.15322
2 6 4 13 2.16025
2 6 4 14 2.29256
2 6 5 7 2.04939
2 6 5 8 2
2 6 5 9 2.25948
2 6 5 10 2.16556
2 6 5 11 2.24649
2 6 5 12 2.12916
2 6 5 13 2.08738
2 6 5 14 2.22985
2 6 7 8 1.62019
2 6 7 9 2.08167
2 6 7 10 1.85164
2 6 7 11 2.08167
2 6 7 12 2
2 6 7 13 2
2 6 7 14 2
2 6 8 9 2.1693
2 6 8 10 2.13809
2 6 8 11 2.14154
2 6 8 12 2.08167
2 6 8 13 2.08167
2 6 8 14 2.15322
2 6 9 10 2.26855
2 6 9 11 2.38791
2 6 9 12 2.29989
2 6 9 13 2.27798
2 6 9 14 2.36834
2 6 10 11 2.2514
2 6 10 12 2.13809
2 6 10 13 2.10223
2 6 10 14 2.26855
2 6 11 12 2.27761
2 6 11 13 2.2563
2 6 11 14 2.34937
2 6 12 13 2.19644
2 6 12 14 2.24846
2 6 13 14 2.23607
