2 6 0 1 3 1.90693
2 6 0 1 4 1.62019
2 6 0 1 5 1.73205
2 6 0 1 7 1.85164
2 6 0 1 8 2
2 6 0 1 9 1.96214
2 6 0 1 10 1.73205
2 6 0 1 11 1.93309
2 6 0 1 12 1.96214
2 6 0 1 13 1.96214
2 6 0 1 14 2
2 6 0 3 4 2.16556
2 6 0 3 5 2.15297
2 6 0 3 7 2.04939
2 6 0 3 8 1.96214
2 6 0 3 9 2.27913
2 6 0 3 10 2.10357
2 6 0 3 11 2.27913
2 6 0 3 12 2.16025
2 6 0 3 13 2.16025
2 6 0 3 14 2.24038
2 6 0 4 5 2.23607
2 6 0 4 7 1.90693
2 6 0 4 8 2.04939
2 6 0 4 9 2.27689
2 6 0 4 10 2.21037
2 6 0 4 11 2.23846
2 6 0 4 12 2.16025
2 6 0 4 13 2.16025
2 6 0 4 14 2.2514
2 6 0 5 7 2
2 6 0 5 8 1.90693
2 6 0 5 9 2.21303
2 6 0 5 10 2.10357
2 6 0 5 11 2.19034
2 6 0 5 12 2.08738
2 6 0 5 13 2.08738
2 6 0 5 14 2.23607
2 6 0 7 8 1.62019
2 6 0 7 9 2.04939
2 6 0 7 10 1.73205
2 6 0 7 11 2.04939
2 6 0 7 12 2
2 6 0 7 13 2
2 6 0 7 14 1.93309
2 6 0 8 9 2.1391
2 6 0 8 10 2.10223
2 6 0 8 11 2.09069
2 6 0 8 12 2.08167
2 6 0 8 13 2.08167
2 6 0 8 14 2.12132
2 6 0 9 10 2.23607
2 6 0 9 11 2.35855
2 6 0 9 12 2.27798
2 6 0 9 13 2.27798
2 6 0 9 14 2.34521
2 6 0 10 11 2.21037
2 6 0 10 12 2.10223
2 6 0 10 13 2.10223
2 6 0 10 14 2.23607
2 6 0 11 12 2.2563
2 6 0 11 13 2.2563
2 6 0 11 14 2.31349
2 6 0 12 13 2.19644
2 6 0 12 14 2.23607
2 6 0 13 14 2.23607
2 6 1 3 4 1.41421
2 6 1 3 5 1.73205
2 6 1 3 7 1.85164
2 6 1 3 8 1.73205
2 6 1 3 9 1.90693
2 6 1 3 10 1.41421
2 6 1 3 11 1.90693
2 6 1 3 12 1.90693
2 6 1 3 13 1.90693
2 6 1 3 14 1.73205
2 6 1 4 5 1.41421
2 6 1 4 7 1.41421
2 6 1 4 8 1.62019
2 6 1 4 9 1.62019
2 6 1 4 10 1.62019
2 6 1 4 11 1.41421
2 6 1 4 12 1.62019
2 6 1 4 13 1.62019
2 6 1 4 14 1.62019
2 6 1 5 7 1.73205
2 6 1 5 8 1.41421
2 6 1 5 9 1.73205
2 6 1 5 10 1.41421
2 6 1 5 11 1.73205
2 6 1 5 12 1.73205
2 6 1 5 13 1.73205
2 6 1 5 14 1.41421
2 6 1 7 8 1.62019
2 6 1 7 9 1.85164
2 6 1 7 10 1
2 6 1 7 11 1.85164
2 6 1 7 12 1.85164
2 6 1 7 13 1.85164
2 6 1 7 14 1.62019
2 6 1 8 9 2
2 6 1 8 10 1.73205
2 6 1 8 11 1.81265
2 6 1 8 12 2
2 6 1 8 13 2
2 6 1 8 14 1.81265
2 6 1 9 10 1.73205
2 6 1 9 11 1.93309
2 6 1 9 12 1.96214
2 6 1 9 13 1.96214
2 6 1 9 14 2
2 6 1 10 11 1.62019
2 6 1 10 12 1.73205
2 6 1 10 13 1.73205
2 6 1 10 14 1.73205
2 6 1 11 12 1.93309
2 6 1 11 13 1.93309
2 6 1 11 14 1.81265
2 6 1 12 13 1.96214
2 6 1 12 14 2
2 6 1 13 14 2
2 6 3 4 5 2.16556
2 6 3 4 7 2
2 6 3 4 8 1.93309
2 6 3 4 9 2.23607
2 6 3 4 10 2.13809
2 6 3 4 11 2.23607
2 6 3 4 12 2.0381
2 6 3 4 13 2
2 6 3 4 14 2.18955
2 6 3 5 7 2.04939
2 6 3 5 8 1.85164
2 6 3 5 9 2.19034
2 6 3 5 10 2.07802
2 6 3 5 11 2.19034
2 6 3 5 12 2.04939
2 6 3 5 13 2
2 6 3 5 14 2.16556
2 6 3 7 8 1.62019
2 6 3 7 9 2.08167
2 6 3 7 10 1.85164
2 6 3 7 11 2.08167
2 6 3 7 12 2
2 6 3 7 13 2
2 6 3 7 14 2
2 6 3 8 9 2.02367
2 6 3 8 10 2
2 6 3 8 11 2.02367
2 6 3 8 12 2
2 6 3 8 13 2
2 6 3 8 14 2
2 6 3 9 10 2.16556
2 6 3 9 11 2.326
2 6 3 9 12 2.20605
2 6 3 9 13 2.16025
2 6 3 9 14 2.27837
2 6 3 10 11 2.16556
2 6 3 10 12 2
2 6 3 10 13 1.90693
2 6 3 10 14 2.16556
2 6 3 11 12 2.20605
2 6 3 11 13 2.16025
2 6 3 11 14 2.27837
2 6 3 12 13 2.10639
2 6 3 12 14 2.16025
2 6 3 13 14 2.10639
2 6 4 5 7 2
2 6 4 5 8 2
2 6 4 5 9 2.22985
2 6 4 5 10 2.16556
2 6 4 5 11 2.23607
2 6 4 5 12 2.05751
2 6 4 5 13 2.01187
2 6 4 5 14 2.23607
2 6 4 7 8 1.62019
2 6 4 7 9 2
2 6 4 7 10 1.85164
2 6 4 7 11 2
2 6 4 7 12 1.81265
2 6 4 7 13 1.73205
2 6 4 7 14 1.93309
2 6 4 8 9 2.09938
2 6 4 8 10 2.09938
2 6 4 8 11 2.04939
2 6 4 8 12 2
2 6 4 8 13 1.93309
2 6 4 8 14 2.09938
2 6 4 9 10 2.2514
2 6 4 9 11 2.28239
2 6 4 9 12 2.15322
2 6 4 9 13 2.16025
2 6 4 9 14 2.29256
2 6 4 10 11 2.22354
2 6 4 10 12 2.09938
2 6 4 10 13 2.04939
2 6 4 10 14 2.2514
2 6 4 11 12 2.12132
2 6 4 11 13 2.08167
2 6 4 11 14 2.26779
2 6 4 12 13 2
2 6 4 12 14 2.13809
2 6 4 13 14 2.09938
2 6 5 7 8 1.62019
2 6 5 7 9 2.04939
2 6 5 7 10 1.85164
2 6 5 7 11 2.04939
2 6 5 7 12 1.93309
2 6 5 7 13 1.90693
2 6 5 7 14 2
2 6 5 8 9 2
2 6 5 8 10 2
2 6 5 8 11 1.93309
2 6 5 8 12 1.81265
2 6 5 8 13 1.73205
2 6 5 8 14 2
2 6 5 9 10 2.16556
2 6 5 9 11 2.24649
2 6 5 9 12 2.12916
2 6 5 9 13 2.08738
2 6 5 9 14 2.22985
2 6 5 10 11 2.13809
2 6 5 10 12 2
2 6 5 10 13 1.90693
2 6 5 10 14 2.16556
2 6 5 11 12 2.081
2 6 5 11 13 2.04939
2 6 5 11 14 2.23607
2 6 5 12 13 1.96214
2 6 5 12 14 2.05751
2 6 5 13 14 2.01187
2 6 7 8 9 1.62019
2 6 7 8 10 1.62019
2 6 7 8 11 1.62019
2 6 7 8 12 1.62019
2 6 7 8 13 1.62019
2 6 7 8 14 1.62019
2 6 7 9 10 1.85164
2 6 7 9 11 2.08167
2 6 7 9 12 2
2 6 7 9 13 2
2 6 7 9 14 2
2 6 7 10 11 1.85164
2 6 7 10 12 1.62019
2 6 7 10 13 1.41421
2 6 7 10 14 1.85164
2 6 7 11 12 2
2 6 7 11 13 2
2 6 7 11 14 2
2 6 7 12 13 1.93309
2 6 7 12 14 2
2 6 7 13 14 1.81265
2 6 8 9 10 2.13809
2 6 8 9 11 2.14154
2 6 8 9 12 2.08167
2 6 8 9 13 2.08167
2 6 8 9 14 2.15322
2 6 8 10 11 2.09938
2 6 8 10 12 2.0381
2 6 8 10 13 2
2 6 8 10 14 2.13809
2 6 8 11 12 2.04495
2 6 8 11 13 2
2 6 8 11 14 2.16025
2 6 8 12 13 2
2 6 8 12 14 2.05751
2 6 8 13 14 2.0381
2 6 9 10 11 2.2514
2 6 9 10 12 2.13809
2 6 9 10 13 2.10223
2 6 9 10 14 2.26855
2 6 9 11 12 2.27761
2 6 9 11 13 2.2563
2 6 9 11 14 2.34937
2 6 9 12 13 2.19644
2 6 9 12 14 2.24846
2 6 9 13 14 2.23607
2 6 10 11 12 2.09938
2 6 10 11 13 2.04939
2 6 10 11 14 2.2514
2 6 10 12 13 2
2 6 10 12 14 2.13809
2 6 10 13 14 2.10223
2 6 11 12 13 2.173
2 6 11 12 14 2.23607
2 6 11 13 14 2.19745
2 6 12 13 14 2.16025
