10 12 0 1 2.28446
10 12 0 2 2.1391
10 12 0 3 2.35488
10 12 0 4 2.68408
10 12 0 5 2.389
10 12 0 6 2.71163
10 12 0 7 2.1391
10 12 0 8 2.65417
10 12 0 9 2.72172
10 12 0 11 2.66231
10 12 0 13 2.65417
10 12 0 14 2.7314
10 12 1 2 2
10 12 1 3 1.73205
10 12 1 4 2.19089
10 12 1 5 1.90693
10 12 1 6 2.23607
10 12 1 7 2
10 12 1 8 2.28446
10 12 1 9 2.26385
10 12 1 11 2.13664
10 12 1 13 2.28446
10 12 1 14 2.28446
10 12 2 3 2
10 12 2 4 2.14154
10 12 2 5 2.02367
10 12 2 6 2.13809
10 12 2 7 1.62019
10 12 2 8 2.08167
10 12 2 9 2.15322
10 12 2 11 2.09938
10 12 2 13 2.08167
10 12 2 14 2.1693
10 12 3 4 2.32266
10 12 3 5 2.07802
10 12 3 6 2.39046
10 12 3 7 2
10 12 3 8 2.26385
10 12 3 9 2.39046
10 12 3 11 2.39046
10 12 3 13 2.23607
10 12 3 14 2.39046
10 12 4 5 2.42507
10 12 4 6 2.68164
10 12 4 7 2.14154
10 12 4 8 2.62912
10 12 4 9 2.69077
10 12 4 11 2.62216
10 12 4 13 2.64575
10 12 4 14 2.69472
10 12 5 6 2.39046
10 12 5 7 2.02367
10 12 5 8 2.3094
10 12 5 9 2.40662
10 12 5 11 2.32266
10 12 5 13 2.28446
10 12 5 14 2.42507
10 12 6 7 2.13809
10 12 6 8 2.66288
10 12 6 9 2.72185
10 12 6 11 2.68164
10 12 6 13 2.64575
10 12 6 14 2.72185
10 12 7 8 2.08167
10 12 7 9 2.15322
10 12 7 11 2.09938
10 12 7 13 2.08167
10 12 7 14 2.1693
10 12 8 9 2.67842
10 12 8 11 2.60419
10 12 8 13 2.64575
10 12 8 14 2.67706
10 12 9 11 2.68164
10 12 9 13 2.66288
10 12 9 14 2.73139
10 12 11 13 2.58844
10 12 11 14 2.68164
10 12 13 14 2.65417
