10 12 0 1 2 3 4 1.41421
10 12 0 1 2 3 5 1.41421
10 12 0 1 2 3 6 1.41421
10 12 0 1 2 3 7 1.41421
10 12 0 1 2 3 8 1.41421
10 12 0 1 2 3 9 1.41421
10 12 0 1 2 3 11 1.41421
10 12 0 1 2 3 13 1.41421
10 12 0 1 2 3 14 1.41421
10 12 0 1 2 4 5 1.73205
10 12 0 1 2 4 6 1.62019
10 12 0 1 2 4 7 1.62019
10 12 0 1 2 4 8 1.81265
10 12 0 1 2 4 9 1.73205
10 12 0 1 2 4 11 1.41421
10 12 0 1 2 4 13 1.81265
10 12 0 1 2 4 14 1.81265
10 12 0 1 2 5 6 1.41421
10 12 0 1 2 5 7 1.62019
10 12 0 1 2 5 8 1.73205
10 12 0 1 2 5 9 1.62019
10 12 0 1 2 5 11 1
10 12 0 1 2 5 13 1.73205
10 12 0 1 2 5 14 1.73205
10 12 0 1 2 6 7 1
10 12 0 1 2 6 8 1.73205
10 12 0 1 2 6 9 1.73205
10 12 0 1 2 6 11 1.62019
10 12 0 1 2 6 13 1.73205
10 12 0 1 2 6 14 1.73205
10 12 0 1 2 7 8 1.62019
10 12 0 1 2 7 9 1.41421
10 12 0 1 2 7 11 1
10 12 0 1 2 7 13 1.62019
10 12 0 1 2 7 14 1.62019
10 12 0 1 2 8 9 1.81265
10 12 0 1 2 8 11 1.62019
10 12 0 1 2 8 13 2
10 12 0 1 2 8 14 2
10 12 0 1 2 9 11 1.62019
10 12 0 1 2 9 13 1.81265
10 12 0 1 2 9 14 1.81265
10 12 0 1 2 11 13 1.62019
10 12 0 1 2 11 14 1.62019
10 12 0 1 2 13 14 2
10 12 0 1 3 4 5 1.41421
10 12 0 1 3 4 6 1.41421
10 12 0 1 3 4 7 1.41421
10 12 0 1 3 4 8 1.41421
10 12 0 1 3 4 9 1.41421
10 12 0 1 3 4 11 1.41421
10 12 0 1 3 4 13 1.41421
10 12 0 1 3 4 14 1.41421
10 12 0 1 3 5 6 0
10 12 0 1 3 5 7 1.41421
10 12 0 1 3 5 8 1.41421
10 12 0 1 3 5 9 1
10 12 0 1 3 5 11 1
10 12 0 1 3 5 13 1.41421
10 12 0 1 3 5 14 1.41421
10 12 0 1 3 6 7 1.41421
10 12 0 1 3 6 8 1.73205
10 12 0 1 3 6 9 1.73205
10 12 0 1 3 6 11 1.73205
10 12 0 1 3 6 13 1.73205
10 12 0 1 3 6 14 1.73205
10 12 0 1 3 7 8 1.41421
10 12 0 1 3 7 9 1.41421
10 12 0 1 3 7 11 1.41421
10 12 0 1 3 7 13 1.41421
10 12 0 1 3 7 14 1.41421
10 12 0 1 3 8 9 1.73205
10 12 0 1 3 8 11 1.73205
10 12 0 1 3 8 13 1.73205
10 12 0 1 3 8 14 1.73205
10 12 0 1 3 9 11 1.73205
10 12 0 1 3 9 13 1.73205
10 12 0 1 3 9 14 1.73205
10 12 0 1 3 11 13 1.73205
10 12 0 1 3 11 14 1.73205
10 12 0 1 3 13 14 1.73205
10 12 0 1 4 5 6 1.73205
10 12 0 1 4 5 7 1.73205
10 12 0 1 4 5 8 1.90693
10 12 0 1 4 5 9 1.85164
10 12 0 1 4 5 11 1.41421
10 12 0 1 4 5 13 1.90693
10 12 0 1 4 5 14 1.90693
10 12 0 1 4 6 7 1.62019
10 12 0 1 4 6 8 2.13664
10 12 0 1 4 6 9 2.13664
10 12 0 1 4 6 11 2
10 12 0 1 4 6 13 2.13664
10 12 0 1 4 6 14 2.13664
10 12 0 1 4 7 8 1.81265
10 12 0 1 4 7 9 1.73205
10 12 0 1 4 7 11 1.41421
10 12 0 1 4 7 13 1.81265
10 12 0 1 4 7 14 1.81265
10 12 0 1 4 8 9 2.16025
10 12 0 1 4 8 11 2
10 12 0 1 4 8 13 2.19089
10 12 0 1 4 8 14 2.19089
10 12 0 1 4 9 11 2
10 12 0 1 4 9 13 2.16025
10 12 0 1 4 9 14 2.16025
10 12 0 1 4 11 13 2
10 12 0 1 4 11 14 2
10 12 0 1 4 13 14 2.19089
10 12 0 1 5 6 7 1.41421
10 12 0 1 5 6 8 1.73205
10 12 0 1 5 6 9 1.73205
10 12 0 1 5 6 11 1.41421
10 12 0 1 5 6 13 1.73205
10 12 0 1 5 6 14 1.73205
10 12 0 1 5 7 8 1.73205
10 12 0 1 5 7 9 1.62019
10 12 0 1 5 7 11 1
10 12 0 1 5 7 13 1.73205
10 12 0 1 5 7 14 1.73205
10 12 0 1 5 8 9 1.85164
10 12 0 1 5 8 11 1.41421
10 12 0 1 5 8 13 1.90693
10 12 0 1 5 8 14 1.90693
10 12 0 1 5 9 11 1.41421
10 12 0 1 5 9 13 1.85164
10 12 0 1 5 9 14 1.85164
10 12 0 1 5 11 13 1.41421
10 12 0 1 5 11 14 1.41421
10 12 0 1 5 13 14 1.90693
10 12 0 1 6 7 8 1.73205
10 12 0 1 6 7 9 1.73205
10 12 0 1 6 7 11 1.62019
10 12 0 1 6 7 13 1.73205
10 12 0 1 6 7 14 1.73205
10 12 0 1 6 8 9 2.23607
10 12 0 1 6 8 11 2.13664
10 12 0 1 6 8 13 2.23607
10 12 0 1 6 8 14 2.23607
10 12 0 1 6 9 11 2.13664
10 12 0 1 6 9 13 2.23607
10 12 0 1 6 9 14 2.23607
10 12 0 1 6 11 13 2.13664
10 12 0 1 6 11 14 2.13664
10 12 0 1 6 13 14 2.23607
10 12 0 1 7 8 9 1.81265
10 12 0 1 7 8 11 1.62019
10 12 0 1 7 8 13 2
10 12 0 1 7 8 14 2
10 12 0 1 7 9 11 1.62019
10 12 0 1 7 9 13 1.81265
10 12 0 1 7 9 14 1.81265
10 12 0 1 7 11 13 1.62019
10 12 0 1 7 11 14 1.62019
10 12 0 1 7 13 14 2
10 12 0 1 8 9 11 2.13664
10 12 0 1 8 9 13 2.26385
10 12 0 1 8 9 14 2.26385
10 12 0 1 8 11 13 2.13664
10 12 0 1 8 11 14 2.13664
10 12 0 1 8 13 14 2.28446
10 12 0 1 9 11 13 2.13664
10 12 0 1 9 11 14 2.13664
10 12 0 1 9 13 14 2.26385
10 12 0 1 11 13 14 2.13664
10 12 0 2 3 4 5 1.73205
10 12 0 2 3 4 6 1.85164
10 12 0 2 3 4 7 1.41421
10 12 0 2 3 4 8 1.62019
10 12 0 2 3 4 9 1.85164
10 12 0 2 3 4 11 1.85164
10 12 0 2 3 4 13 1.62019
10 12 0 2 3 4 14 1.85164
10 12 0 2 3 5 6 1.73205
10 12 0 2 3 5 7 1.41421
10 12 0 2 3 5 8 1.41421
10 12 0 2 3 5 9 1.73205
10 12 0 2 3 5 11 1.73205
10 12 0 2 3 5 13 1.41421
10 12 0 2 3 5 14 1.73205
10 12 0 2 3 6 7 1.41421
10 12 0 2 3 6 8 1.73205
10 12 0 2 3 6 9 1.90693
10 12 0 2 3 6 11 1.90693
10 12 0 2 3 6 13 1.73205
10 12 0 2 3 6 14 1.90693
10 12 0 2 3 7 8 1.41421
10 12 0 2 3 7 9 1.41421
10 12 0 2 3 7 11 1.41421
10 12 0 2 3 7 13 1.41421
10 12 0 2 3 7 14 1.41421
10 12 0 2 3 8 9 1.73205
10 12 0 2 3 8 11 1.73205
10 12 0 2 3 8 13 1.62019
10 12 0 2 3 8 14 1.73205
10 12 0 2 3 9 11 1.90693
10 12 0 2 3 9 13 1.73205
10 12 0 2 3 9 14 1.90693
10 12 0 2 3 11 13 1.73205
10 12 0 2 3 11 14 1.90693
10 12 0 2 3 13 14 1.73205
10 12 0 2 4 5 6 1.90693
10 12 0 2 4 5 7 1.62019
10 12 0 2 4 5 8 2
10 12 0 2 4 5 9 1.93309
10 12 0 2 4 5 11 1.85164
10 12 0 2 4 5 13 2
10 12 0 2 4 5 14 1.96214
10 12 0 2 4 6 7 1.41421
10 12 0 2 4 6 8 1.93309
10 12 0 2 4 6 9 2.04939
10 12 0 2 4 6 11 2.00294
10 12 0 2 4 6 13 1.93309
10 12 0 2 4 6 14 2.04939
10 12 0 2 4 7 8 1.62019
10 12 0 2 4 7 9 1.41421
10 12 0 2 4 7 11 1.41421
10 12 0 2 4 7 13 1.62019
10 12 0 2 4 7 14 1.62019
10 12 0 2 4 8 9 2
10 12 0 2 4 8 11 1.85164
10 12 0 2 4 8 13 1.93309
10 12 0 2 4 8 14 2
10 12 0 2 4 9 11 2.00294
10 12 0 2 4 9 13 2
10 12 0 2 4 9 14 2.08167
10 12 0 2 4 11 13 1.85164
10 12 0 2 4 11 14 2.00294
10 12 0 2 4 13 14 2
10 12 0 2 5 6 7 1.41421
10 12 0 2 5 6 8 1.73205
10 12 0 2 5 6 9 1.90693
10 12 0 2 5 6 11 1.85164
10 12 0 2 5 6 13 1.73205
10 12 0 2 5 6 14 1.90693
10 12 0 2 5 7 8 1.62019
10 12 0 2 5 7 9 1.41421
10 12 0 2 5 7 11 1.41421
10 12 0 2 5 7 13 1.62019
10 12 0 2 5 7 14 1.62019
10 12 0 2 5 8 9 1.81265
10 12 0 2 5 8 11 1.62019
10 12 0 2 5 8 13 1.81265
10 12 0 2 5 8 14 2
10 12 0 2 5 9 11 1.85164
10 12 0 2 5 9 13 1.81265
10 12 0 2 5 9 14 1.93309
10 12 0 2 5 11 13 1.62019
10 12 0 2 5 11 14 1.85164
10 12 0 2 5 13 14 2
10 12 0 2 6 7 8 1
10 12 0 2 6 7 9 1.41421
10 12 0 2 6 7 11 1.41421
10 12 0 2 6 7 13 1
10 12 0 2 6 7 14 1.41421
10 12 0 2 6 8 9 2
10 12 0 2 6 8 11 1.93309
10 12 0 2 6 8 13 1.93309
10 12 0 2 6 8 14 2
10 12 0 2 6 9 11 2.04939
10 12 0 2 6 9 13 2
10 12 0 2 6 9 14 2.10223
10 12 0 2 6 11 13 1.93309
10 12 0 2 6 11 14 2.04939
10 12 0 2 6 13 14 2
10 12 0 2 7 8 9 1.41421
10 12 0 2 7 8 11 1
10 12 0 2 7 8 13 1.62019
10 12 0 2 7 8 14 1.62019
10 12 0 2 7 9 11 1.41421
10 12 0 2 7 9 13 1.41421
10 12 0 2 7 9 14 1.41421
10 12 0 2 7 11 13 1
10 12 0 2 7 11 14 1.41421
10 12 0 2 7 13 14 1.62019
10 12 0 2 8 9 11 1.93309
10 12 0 2 8 9 13 2
10 12 0 2 8 9 14 2.0381
10 12 0 2 8 11 13 1.85164
10 12 0 2 8 11 14 1.93309
10 12 0 2 8 13 14 2
10 12 0 2 9 11 13 1.93309
10 12 0 2 9 11 14 2.04939
10 12 0 2 9 13 14 2.0381
10 12 0 2 11 13 14 1.93309
10 12 0 3 4 5 6 2
10 12 0 3 4 5 7 1.73205
10 12 0 3 4 5 8 1.73205
10 12 0 3 4 5 9 2
10 12 0 3 4 5 11 2
10 12 0 3 4 5 13 1.73205
10 12 0 3 4 5 14 2
10 12 0 3 4 6 7 1.85164
10 12 0 3 4 6 8 2.13664
10 12 0 3 4 6 9 2.28709
10 12 0 3 4 6 11 2.28709
10 12 0 3 4 6 13 2.13664
10 12 0 3 4 6 14 2.28709
10 12 0 3 4 7 8 1.62019
10 12 0 3 4 7 9 1.85164
10 12 0 3 4 7 11 1.85164
10 12 0 3 4 7 13 1.62019
10 12 0 3 4 7 14 1.85164
10 12 0 3 4 8 9 2.13664
10 12 0 3 4 8 11 2.13664
10 12 0 3 4 8 13 2
10 12 0 3 4 8 14 2.13664
10 12 0 3 4 9 11 2.28709
10 12 0 3 4 9 13 2.13664
10 12 0 3 4 9 14 2.28709
10 12 0 3 4 11 13 2.13664
10 12 0 3 4 11 14 2.28709
10 12 0 3 4 13 14 2.13664
10 12 0 3 5 6 7 1.73205
10 12 0 3 5 6 8 1.73205
10 12 0 3 5 6 9 2
10 12 0 3 5 6 11 2
10 12 0 3 5 6 13 1.73205
10 12 0 3 5 6 14 2
10 12 0 3 5 7 8 1.41421
10 12 0 3 5 7 9 1.73205
10 12 0 3 5 7 11 1.73205
10 12 0 3 5 7 13 1.41421
10 12 0 3 5 7 14 1.73205
10 12 0 3 5 8 9 1.73205
10 12 0 3 5 8 11 1.73205
10 12 0 3 5 8 13 1.41421
10 12 0 3 5 8 14 1.73205
10 12 0 3 5 9 11 2
10 12 0 3 5 9 13 1.73205
10 12 0 3 5 9 14 2
10 12 0 3 5 11 13 1.73205
10 12 0 3 5 11 14 2
10 12 0 3 5 13 14 1.73205
10 12 0 3 6 7 8 1.73205
10 12 0 3 6 7 9 1.90693
10 12 0 3 6 7 11 1.90693
10 12 0 3 6 7 13 1.73205
10 12 0 3 6 7 14 1.90693
10 12 0 3 6 8 9 2.23607
10 12 0 3 6 8 11 2.23607
10 12 0 3 6 8 13 2.13664
10 12 0 3 6 8 14 2.23607
10 12 0 3 6 9 11 2.35488
10 12 0 3 6 9 13 2.23607
10 12 0 3 6 9 14 2.35488
10 12 0 3 6 11 13 2.23607
10 12 0 3 6 11 14 2.35488
10 12 0 3 6 13 14 2.23607
10 12 0 3 7 8 9 1.73205
10 12 0 3 7 8 11 1.73205
10 12 0 3 7 8 13 1.62019
10 12 0 3 7 8 14 1.73205
10 12 0 3 7 9 11 1.90693
10 12 0 3 7 9 13 1.73205
10 12 0 3 7 9 14 1.90693
10 12 0 3 7 11 13 1.73205
10 12 0 3 7 11 14 1.90693
10 12 0 3 7 13 14 1.73205
10 12 0 3 8 9 11 2.23607
10 12 0 3 8 9 13 2.13664
10 12 0 3 8 9 14 2.23607
10 12 0 3 8 11 13 2.13664
10 12 0 3 8 11 14 2.23607
10 12 0 3 8 13 14 2.13664
10 12 0 3 9 11 13 2.23607
10 12 0 3 9 11 14 2.35488
10 12 0 3 9 13 14 2.23607
10 12 0 3 11 13 14 2.23607
10 12 0 4 5 6 7 1.90693
10 12 0 4 5 6 8 2.23607
10 12 0 4 5 6 9 2.35488
10 12 0 4 5 6 11 2.28709
10 12 0 4 5 6 13 2.23607
10 12 0 4 5 6 14 2.35488
10 12 0 4 5 7 8 2
10 12 0 4 5 7 9 1.93309
10 12 0 4 5 7 11 1.85164
10 12 0 4 5 7 13 2
10 12 0 4 5 7 14 1.96214
10 12 0 4 5 8 9 2.26385
10 12 0 4 5 8 11 2.13664
10 12 0 4 5 8 13 2.19089
10 12 0 4 5 8 14 2.28446
10 12 0 4 5 9 11 2.28709
10 12 0 4 5 9 13 2.26385
10 12 0 4 5 9 14 2.37697
10 12 0 4 5 11 13 2.13664
10 12 0 4 5 11 14 2.28709
10 12 0 4 5 13 14 2.28446
10 12 0 4 6 7 8 1.93309
10 12 0 4 6 7 9 2.04939
10 12 0 4 6 7 11 2.00294
10 12 0 4 6 7 13 1.93309
10 12 0 4 6 7 14 2.04939
10 12 0 4 6 8 9 2.58844
10 12 0 4 6 8 11 2.52543
10 12 0 4 6 8 13 2.52543
10 12 0 4 6 8 14 2.58844
10 12 0 4 6 9 11 2.61406
10 12 0 4 6 9 13 2.58844
10 12 0 4 6 9 14 2.66231
10 12 0 4 6 11 13 2.52543
10 12 0 4 6 11 14 2.61406
10 12 0 4 6 13 14 2.58844
10 12 0 4 7 8 9 2
10 12 0 4 7 8 11 1.85164
10 12 0 4 7 8 13 1.93309
10 12 0 4 7 8 14 2
10 12 0 4 7 9 11 2.00294
10 12 0 4 7 9 13 2
10 12 0 4 7 9 14 2.08167
10 12 0 4 7 11 13 1.85164
10 12 0 4 7 11 14 2.00294
10 12 0 4 7 13 14 2
10 12 0 4 8 9 11 2.52543
10 12 0 4 8 9 13 2.53722
10 12 0 4 8 9 14 2.60419
10 12 0 4 8 11 13 2.44949
10 12 0 4 8 11 14 2.52543
10 12 0 4 8 13 14 2.53899
10 12 0 4 9 11 13 2.52543
10 12 0 4 9 11 14 2.61406
10 12 0 4 9 13 14 2.60419
10 12 0 4 11 13 14 2.52543
10 12 0 5 6 7 8 1.73205
10 12 0 5 6 7 9 1.90693
10 12 0 5 6 7 11 1.85164
10 12 0 5 6 7 13 1.73205
10 12 0 5 6 7 14 1.90693
10 12 0 5 6 8 9 2.23607
10 12 0 5 6 8 11 2.13664
10 12 0 5 6 8 13 2.13664
10 12 0 5 6 8 14 2.23607
10 12 0 5 6 9 11 2.28709
10 12 0 5 6 9 13 2.23607
10 12 0 5 6 9 14 2.35488
10 12 0 5 6 11 13 2.13664
10 12 0 5 6 11 14 2.28709
10 12 0 5 6 13 14 2.23607
10 12 0 5 7 8 9 1.81265
10 12 0 5 7 8 11 1.62019
10 12 0 5 7 8 13 1.81265
10 12 0 5 7 8 14 2
10 12 0 5 7 9 11 1.85164
10 12 0 5 7 9 13 1.81265
10 12 0 5 7 9 14 1.93309
10 12 0 5 7 11 13 1.62019
10 12 0 5 7 11 14 1.85164
10 12 0 5 7 13 14 2
10 12 0 5 8 9 11 2.13664
10 12 0 5 8 9 13 2.16025
10 12 0 5 8 9 14 2.26385
10 12 0 5 8 11 13 2
10 12 0 5 8 11 14 2.13664
10 12 0 5 8 13 14 2.19089
10 12 0 5 9 11 13 2.13664
10 12 0 5 9 11 14 2.28709
10 12 0 5 9 13 14 2.26385
10 12 0 5 11 13 14 2.13664
10 12 0 6 7 8 9 2
10 12 0 6 7 8 11 1.93309
10 12 0 6 7 8 13 1.93309
10 12 0 6 7 8 14 2
10 12 0 6 7 9 11 2.04939
10 12 0 6 7 9 13 2
10 12 0 6 7 9 14 2.10223
10 12 0 6 7 11 13 1.93309
10 12 0 6 7 11 14 2.04939
10 12 0 6 7 13 14 2
10 12 0 6 8 9 11 2.58844
10 12 0 6 8 9 13 2.58844
10 12 0 6 8 9 14 2.64575
10 12 0 6 8 11 13 2.52543
10 12 0 6 8 11 14 2.58844
10 12 0 6 8 13 14 2.58844
10 12 0 6 9 11 13 2.58844
10 12 0 6 9 11 14 2.66231
10 12 0 6 9 13 14 2.64575
10 12 0 6 11 13 14 2.58844
10 12 0 7 8 9 11 1.93309
10 12 0 7 8 9 13 2
10 12 0 7 8 9 14 2.0381
10 12 0 7 8 11 13 1.85164
10 12 0 7 8 11 14 1.93309
10 12 0 7 8 13 14 2
10 12 0 7 9 11 13 1.93309
10 12 0 7 9 11 14 2.04939
10 12 0 7 9 13 14 2.0381
10 12 0 7 11 13 14 1.93309
10 12 0 8 9 11 13 2.52543
10 12 0 8 9 11 14 2.58844
10 12 0 8 9 13 14 2.60419
10 12 0 8 11 13 14 2.52543
10 12 0 9 11 13 14 2.58844
10 12 1 2 3 4 5 1.41421
10 12 1 2 3 4 6 1
10 12 1 2 3 4 7 1.41421
10 12 1 2 3 4 8 1.41421
10 12 1 2 3 4 9 1
10 12 1 2 3 4 11 1
10 12 1 2 3 4 13 1.41421
10 12 1 2 3 4 14 1.41421
10 12 1 2 3 5 6 1
10 12 1 2 3 5 7 1.41421
10 12 1 2 3 5 8 1.41421
10 12 1 2 3 5 9 1
10 12 1 2 3 5 11 1
10 12 1 2 3 5 13 1.41421
10 12 1 2 3 5 14 1.41421
10 12 1 2 3 6 7 1
10 12 1 2 3 6 8 1.41421
10 12 1 2 3 6 9 1.41421
10 12 1 2 3 6 11 1.41421
10 12 1 2 3 6 13 1.41421
10 12 1 2 3 6 14 1.41421
10 12 1 2 3 7 8 1.41421
10 12 1 2 3 7 9 1
10 12 1 2 3 7 11 1
10 12 1 2 3 7 13 1.41421
10 12 1 2 3 7 14 1.41421
10 12 1 2 3 8 9 1.41421
10 12 1 2 3 8 11 1.41421
10 12 1 2 3 8 13 1.41421
10 12 1 2 3 8 14 1.41421
10 12 1 2 3 9 11 1.41421
10 12 1 2 3 9 13 1.41421
10 12 1 2 3 9 14 1.41421
10 12 1 2 3 11 13 1.41421
10 12 1 2 3 11 14 1.41421
10 12 1 2 3 13 14 1.41421
10 12 1 2 4 5 6 1.41421
10 12 1 2 4 5 7 1.62019
10 12 1 2 4 5 8 1.73205
10 12 1 2 4 5 9 1.62019
10 12 1 2 4 5 11 1
10 12 1 2 4 5 13 1.73205
10 12 1 2 4 5 14 1.73205
10 12 1 2 4 6 7 1
10 12 1 2 4 6 8 1.62019
10 12 1 2 4 6 9 1.62019
10 12 1 2 4 6 11 1.41421
10 12 1 2 4 6 13 1.62019
10 12 1 2 4 6 14 1.62019
10 12 1 2 4 7 8 1.62019
10 12 1 2 4 7 9 1.41421
10 12 1 2 4 7 11 1
10 12 1 2 4 7 13 1.62019
10 12 1 2 4 7 14 1.62019
10 12 1 2 4 8 9 1.73205
10 12 1 2 4 8 11 1.41421
10 12 1 2 4 8 13 1.81265
10 12 1 2 4 8 14 1.81265
10 12 1 2 4 9 11 1.41421
10 12 1 2 4 9 13 1.73205
10 12 1 2 4 9 14 1.73205
10 12 1 2 4 11 13 1.41421
10 12 1 2 4 11 14 1.41421
10 12 1 2 4 13 14 1.81265
10 12 1 2 5 6 7 1
10 12 1 2 5 6 8 1.41421
10 12 1 2 5 6 9 1.41421
10 12 1 2 5 6 11 1
10 12 1 2 5 6 13 1.41421
10 12 1 2 5 6 14 1.41421
10 12 1 2 5 7 8 1.62019
10 12 1 2 5 7 9 1.41421
10 12 1 2 5 7 11 1
10 12 1 2 5 7 13 1.62019
10 12 1 2 5 7 14 1.62019
10 12 1 2 5 8 9 1.62019
10 12 1 2 5 8 11 1
10 12 1 2 5 8 13 1.73205
10 12 1 2 5 8 14 1.73205
10 12 1 2 5 9 11 1
10 12 1 2 5 9 13 1.62019
10 12 1 2 5 9 14 1.62019
10 12 1 2 5 11 13 1
10 12 1 2 5 11 14 1
10 12 1 2 5 13 14 1.73205
10 12 1 2 6 7 8 1
10 12 1 2 6 7 9 1
10 12 1 2 6 7 11 1
10 12 1 2 6 7 13 1
10 12 1 2 6 7 14 1
10 12 1 2 6 8 9 1.73205
10 12 1 2 6 8 11 1.62019
10 12 1 2 6 8 13 1.73205
10 12 1 2 6 8 14 1.73205
10 12 1 2 6 9 11 1.62019
10 12 1 2 6 9 13 1.73205
10 12 1 2 6 9 14 1.73205
10 12 1 2 6 11 13 1.62019
10 12 1 2 6 11 14 1.62019
10 12 1 2 6 13 14 1.73205
10 12 1 2 7 8 9 1.41421
10 12 1 2 7 8 11 1
10 12 1 2 7 8 13 1.62019
10 12 1 2 7 8 14 1.62019
10 12 1 2 7 9 11 1
10 12 1 2 7 9 13 1.41421
10 12 1 2 7 9 14 1.41421
10 12 1 2 7 11 13 1
10 12 1 2 7 11 14 1
10 12 1 2 7 13 14 1.62019
10 12 1 2 8 9 11 1.62019
10 12 1 2 8 9 13 1.81265
10 12 1 2 8 9 14 1.81265
10 12 1 2 8 11 13 1.62019
10 12 1 2 8 11 14 1.62019
10 12 1 2 8 13 14 2
10 12 1 2 9 11 13 1.62019
10 12 1 2 9 11 14 1.62019
10 12 1 2 9 13 14 1.81265
10 12 1 2 11 13 14 1.62019
10 12 1 3 4 5 6 1
10 12 1 3 4 5 7 1.41421
10 12 1 3 4 5 8 1.41421
10 12 1 3 4 5 9 1
10 12 1 3 4 5 11 1
10 12 1 3 4 5 13 1.41421
10 12 1 3 4 5 14 1.41421
10 12 1 3 4 6 7 1
10 12 1 3 4 6 8 1.41421
10 12 1 3 4 6 9 1.41421
10 12 1 3 4 6 11 1.41421
10 12 1 3 4 6 13 1.41421
10 12 1 3 4 6 14 1.41421
10 12 1 3 4 7 8 1.41421
10 12 1 3 4 7 9 1
10 12 1 3 4 7 11 1
10 12 1 3 4 7 13 1.41421
10 12 1 3 4 7 14 1.41421
10 12 1 3 4 8 9 1.41421
10 12 1 3 4 8 11 1.41421
10 12 1 3 4 8 13 1.41421
10 12 1 3 4 8 14 1.41421
10 12 1 3 4 9 11 1.41421
10 12 1 3 4 9 13 1.41421
10 12 1 3 4 9 14 1.41421
10 12 1 3 4 11 13 1.41421
10 12 1 3 4 11 14 1.41421
10 12 1 3 4 13 14 1.41421
10 12 1 3 5 6 7 1
10 12 1 3 5 6 8 1
10 12 1 3 5 6 9 1
10 12 1 3 5 6 11 1
10 12 1 3 5 6 13 0
10 12 1 3 5 6 14 1
10 12 1 3 5 7 8 1.41421
10 12 1 3 5 7 9 1
10 12 1 3 5 7 11 1
10 12 1 3 5 7 13 1.41421
10 12 1 3 5 7 14 1.41421
10 12 1 3 5 8 9 1
10 12 1 3 5 8 11 1
10 12 1 3 5 8 13 1.41421
10 12 1 3 5 8 14 1.41421
10 12 1 3 5 9 11 1
10 12 1 3 5 9 13 1
10 12 1 3 5 9 14 1
10 12 1 3 5 11 13 1
10 12 1 3 5 11 14 1
10 12 1 3 5 13 14 1.41421
10 12 1 3 6 7 8 1.41421
10 12 1 3 6 7 9 1.41421
10 12 1 3 6 7 11 1.41421
10 12 1 3 6 7 13 1.41421
10 12 1 3 6 7 14 1.41421
10 12 1 3 6 8 9 1.73205
10 12 1 3 6 8 11 1.73205
10 12 1 3 6 8 13 1.73205
10 12 1 3 6 8 14 1.73205
10 12 1 3 6 9 11 1.73205
10 12 1 3 6 9 13 1.73205
10 12 1 3 6 9 14 1.73205
10 12 1 3 6 11 13 1.73205
10 12 1 3 6 11 14 1.73205
10 12 1 3 6 13 14 1.73205
10 12 1 3 7 8 9 1.41421
10 12 1 3 7 8 11 1.41421
10 12 1 3 7 8 13 1.41421
10 12 1 3 7 8 14 1.41421
10 12 1 3 7 9 11 1.41421
10 12 1 3 7 9 13 1.41421
10 12 1 3 7 9 14 1.41421
10 12 1 3 7 11 13 1.41421
10 12 1 3 7 11 14 1.41421
10 12 1 3 7 13 14 1.41421
10 12 1 3 8 9 11 1.73205
10 12 1 3 8 9 13 1.73205
10 12 1 3 8 9 14 1.73205
10 12 1 3 8 11 13 1.73205
10 12 1 3 8 11 14 1.73205
10 12 1 3 8 13 14 1.73205
10 12 1 3 9 11 13 1.73205
10 12 1 3 9 11 14 1.73205
10 12 1 3 9 13 14 1.73205
10 12 1 3 11 13 14 1.73205
10 12 1 4 5 6 7 1.41421
10 12 1 4 5 6 8 1.73205
10 12 1 4 5 6 9 1.73205
10 12 1 4 5 6 11 1.41421
10 12 1 4 5 6 13 1.73205
10 12 1 4 5 6 14 1.73205
10 12 1 4 5 7 8 1.73205
10 12 1 4 5 7 9 1.62019
10 12 1 4 5 7 11 1
10 12 1 4 5 7 13 1.73205
10 12 1 4 5 7 14 1.73205
10 12 1 4 5 8 9 1.85164
10 12 1 4 5 8 11 1.41421
10 12 1 4 5 8 13 1.90693
10 12 1 4 5 8 14 1.90693
10 12 1 4 5 9 11 1.41421
10 12 1 4 5 9 13 1.85164
10 12 1 4 5 9 14 1.85164
10 12 1 4 5 11 13 1.41421
10 12 1 4 5 11 14 1.41421
10 12 1 4 5 13 14 1.90693
10 12 1 4 6 7 8 1.62019
10 12 1 4 6 7 9 1.62019
10 12 1 4 6 7 11 1.41421
10 12 1 4 6 7 13 1.62019
10 12 1 4 6 7 14 1.62019
10 12 1 4 6 8 9 2.13664
10 12 1 4 6 8 11 2
10 12 1 4 6 8 13 2.13664
10 12 1 4 6 8 14 2.13664
10 12 1 4 6 9 11 2
10 12 1 4 6 9 13 2.13664
10 12 1 4 6 9 14 2.13664
10 12 1 4 6 11 13 2
10 12 1 4 6 11 14 2
10 12 1 4 6 13 14 2.13664
10 12 1 4 7 8 9 1.73205
10 12 1 4 7 8 11 1.41421
10 12 1 4 7 8 13 1.81265
10 12 1 4 7 8 14 1.81265
10 12 1 4 7 9 11 1.41421
10 12 1 4 7 9 13 1.73205
10 12 1 4 7 9 14 1.73205
10 12 1 4 7 11 13 1.41421
10 12 1 4 7 11 14 1.41421
10 12 1 4 7 13 14 1.81265
10 12 1 4 8 9 11 2
10 12 1 4 8 9 13 2.16025
10 12 1 4 8 9 14 2.16025
10 12 1 4 8 11 13 2
10 12 1 4 8 11 14 2
10 12 1 4 8 13 14 2.19089
10 12 1 4 9 11 13 2
10 12 1 4 9 11 14 2
10 12 1 4 9 13 14 2.16025
10 12 1 4 11 13 14 2
10 12 1 5 6 7 8 1.41421
10 12 1 5 6 7 9 1.41421
10 12 1 5 6 7 11 1
10 12 1 5 6 7 13 1.41421
10 12 1 5 6 7 14 1.41421
10 12 1 5 6 8 9 1.73205
10 12 1 5 6 8 11 1.41421
10 12 1 5 6 8 13 1.73205
10 12 1 5 6 8 14 1.73205
10 12 1 5 6 9 11 1.41421
10 12 1 5 6 9 13 1.73205
10 12 1 5 6 9 14 1.73205
10 12 1 5 6 11 13 1.41421
10 12 1 5 6 11 14 1.41421
10 12 1 5 6 13 14 1.73205
10 12 1 5 7 8 9 1.62019
10 12 1 5 7 8 11 1
10 12 1 5 7 8 13 1.73205
10 12 1 5 7 8 14 1.73205
10 12 1 5 7 9 11 1
10 12 1 5 7 9 13 1.62019
10 12 1 5 7 9 14 1.62019
10 12 1 5 7 11 13 1
10 12 1 5 7 11 14 1
10 12 1 5 7 13 14 1.73205
10 12 1 5 8 9 11 1.41421
10 12 1 5 8 9 13 1.85164
10 12 1 5 8 9 14 1.85164
10 12 1 5 8 11 13 1.41421
10 12 1 5 8 11 14 1.41421
10 12 1 5 8 13 14 1.90693
10 12 1 5 9 11 13 1.41421
10 12 1 5 9 11 14 1.41421
10 12 1 5 9 13 14 1.85164
10 12 1 5 11 13 14 1.41421
10 12 1 6 7 8 9 1.73205
10 12 1 6 7 8 11 1.62019
10 12 1 6 7 8 13 1.73205
10 12 1 6 7 8 14 1.73205
10 12 1 6 7 9 11 1.62019
10 12 1 6 7 9 13 1.73205
10 12 1 6 7 9 14 1.73205
10 12 1 6 7 11 13 1.62019
10 12 1 6 7 11 14 1.62019
10 12 1 6 7 13 14 1.73205
10 12 1 6 8 9 11 2.13664
10 12 1 6 8 9 13 2.23607
10 12 1 6 8 9 14 2.23607
10 12 1 6 8 11 13 2.13664
10 12 1 6 8 11 14 2.13664
10 12 1 6 8 13 14 2.23607
10 12 1 6 9 11 13 2.13664
10 12 1 6 9 11 14 2.13664
10 12 1 6 9 13 14 2.23607
10 12 1 6 11 13 14 2.13664
10 12 1 7 8 9 11 1.62019
10 12 1 7 8 9 13 1.81265
10 12 1 7 8 9 14 1.81265
10 12 1 7 8 11 13 1.62019
10 12 1 7 8 11 14 1.62019
10 12 1 7 8 13 14 2
10 12 1 7 9 11 13 1.62019
10 12 1 7 9 11 14 1.62019
10 12 1 7 9 13 14 1.81265
10 12 1 7 11 13 14 1.62019
10 12 1 8 9 11 13 2.13664
10 12 1 8 9 11 14 2.13664
10 12 1 8 9 13 14 2.26385
10 12 1 8 11 13 14 2.13664
10 12 1 9 11 13 14 2.13664
10 12 2 3 4 5 6 1.85164
10 12 2 3 4 5 7 1.62019
10 12 2 3 4 5 8 1.62019
10 12 2 3 4 5 9 1.85164
10 12 2 3 4 5 11 1.85164
10 12 2 3 4 5 13 1.41421
10 12 2 3 4 5 14 1.85164
10 12 2 3 4 6 7 1.62019
10 12 2 3 4 6 8 1.73205
10 12 2 3 4 6 9 1.93309
10 12 2 3 4 6 11 1.93309
10 12 2 3 4 6 13 1.62019
10 12 2 3 4 6 14 1.93309
10 12 2 3 4 7 8 1.41421
10 12 2 3 4 7 9 1.62019
10 12 2 3 4 7 11 1.62019
10 12 2 3 4 7 13 1.41421
10 12 2 3 4 7 14 1.62019
10 12 2 3 4 8 9 1.73205
10 12 2 3 4 8 11 1.73205
10 12 2 3 4 8 13 1.41421
10 12 2 3 4 8 14 1.73205
10 12 2 3 4 9 11 1.93309
10 12 2 3 4 9 13 1.62019
10 12 2 3 4 9 14 1.93309
10 12 2 3 4 11 13 1.62019
10 12 2 3 4 11 14 1.93309
10 12 2 3 4 13 14 1.62019
10 12 2 3 5 6 7 1.62019
10 12 2 3 5 6 8 1.62019
10 12 2 3 5 6 9 1.85164
10 12 2 3 5 6 11 1.85164
10 12 2 3 5 6 13 1.41421
10 12 2 3 5 6 14 1.85164
10 12 2 3 5 7 8 1.41421
10 12 2 3 5 7 9 1.62019
10 12 2 3 5 7 11 1.62019
10 12 2 3 5 7 13 1.41421
10 12 2 3 5 7 14 1.62019
10 12 2 3 5 8 9 1.62019
10 12 2 3 5 8 11 1.62019
10 12 2 3 5 8 13 1.41421
10 12 2 3 5 8 14 1.62019
10 12 2 3 5 9 11 1.85164
10 12 2 3 5 9 13 1.41421
10 12 2 3 5 9 14 1.85164
10 12 2 3 5 11 13 1.41421
10 12 2 3 5 11 14 1.85164
10 12 2 3 5 13 14 1.41421
10 12 2 3 6 7 8 1.41421
10 12 2 3 6 7 9 1.62019
10 12 2 3 6 7 11 1.62019
10 12 2 3 6 7 13 1
10 12 2 3 6 7 14 1.62019
10 12 2 3 6 8 9 1.81265
10 12 2 3 6 8 11 1.81265
10 12 2 3 6 8 13 1.62019
10 12 2 3 6 8 14 1.81265
10 12 2 3 6 9 11 2
10 12 2 3 6 9 13 1.73205
10 12 2 3 6 9 14 2
10 12 2 3 6 11 13 1.73205
10 12 2 3 6 11 14 2
10 12 2 3 6 13 14 1.73205
10 12 2 3 7 8 9 1.41421
10 12 2 3 7 8 11 1.41421
10 12 2 3 7 8 13 1.41421
10 12 2 3 7 8 14 1.41421
10 12 2 3 7 9 11 1.62019
10 12 2 3 7 9 13 1
10 12 2 3 7 9 14 1.62019
10 12 2 3 7 11 13 1
10 12 2 3 7 11 14 1.62019
10 12 2 3 7 13 14 1.41421
10 12 2 3 8 9 11 1.81265
10 12 2 3 8 9 13 1.62019
10 12 2 3 8 9 14 1.81265
10 12 2 3 8 11 13 1.62019
10 12 2 3 8 11 14 1.81265
10 12 2 3 8 13 14 1.62019
10 12 2 3 9 11 13 1.73205
10 12 2 3 9 11 14 2
10 12 2 3 9 13 14 1.73205
10 12 2 3 11 13 14 1.73205
10 12 2 4 5 6 7 1.62019
10 12 2 4 5 6 8 1.81265
10 12 2 4 5 6 9 2
10 12 2 4 5 6 11 1.93309
10 12 2 4 5 6 13 1.73205
10 12 2 4 5 6 14 2
10 12 2 4 5 7 8 1.62019
10 12 2 4 5 7 9 1.62019
10 12 2 4 5 7 11 1.62019
10 12 2 4 5 7 13 1.62019
10 12 2 4 5 7 14 1.62019
10 12 2 4 5 8 9 2
10 12 2 4 5 8 11 1.73205
10 12 2 4 5 8 13 1.81265
10 12 2 4 5 8 14 2
10 12 2 4 5 9 11 1.93309
10 12 2 4 5 9 13 1.81265
10 12 2 4 5 9 14 2
10 12 2 4 5 11 13 1.62019
10 12 2 4 5 11 14 1.93309
10 12 2 4 5 13 14 2
10 12 2 4 6 7 8 1.41421
10 12 2 4 6 7 9 1.62019
10 12 2 4 6 7 11 1.62019
10 12 2 4 6 7 13 1
10 12 2 4 6 7 14 1.62019
10 12 2 4 6 8 9 2
10 12 2 4 6 8 11 1.90693
10 12 2 4 6 8 13 1.85164
10 12 2 4 6 8 14 2
10 12 2 4 6 9 11 2.04939
10 12 2 4 6 9 13 1.93309
10 12 2 4 6 9 14 2.09938
10 12 2 4 6 11 13 1.85164
10 12 2 4 6 11 14 2.04939
10 12 2 4 6 13 14 1.93309
10 12 2 4 7 8 9 1.41421
10 12 2 4 7 8 11 1.41421
10 12 2 4 7 8 13 1.62019
10 12 2 4 7 8 14 1.62019
10 12 2 4 7 9 11 1.62019
10 12 2 4 7 9 13 1.41421
10 12 2 4 7 9 14 1.62019
10 12 2 4 7 11 13 1
10 12 2 4 7 11 14 1.62019
10 12 2 4 7 13 14 1.62019
10 12 2 4 8 9 11 1.90693
10 12 2 4 8 9 13 1.90693
10 12 2 4 8 9 14 2.01187
10 12 2 4 8 11 13 1.73205
10 12 2 4 8 11 14 1.90693
10 12 2 4 8 13 14 1.93309
10 12 2 4 9 11 13 1.85164
10 12 2 4 9 11 14 2.04939
10 12 2 4 9 13 14 2
10 12 2 4 11 13 14 1.85164
10 12 2 5 6 7 8 1.41421
10 12 2 5 6 7 9 1.62019
10 12 2 5 6 7 11 1.62019
10 12 2 5 6 7 13 1
10 12 2 5 6 7 14 1.62019
10 12 2 5 6 8 9 1.81265
10 12 2 5 6 8 11 1.73205
10 12 2 5 6 8 13 1.62019
10 12 2 5 6 8 14 1.81265
10 12 2 5 6 9 11 1.93309
10 12 2 5 6 9 13 1.73205
10 12 2 5 6 9 14 2
10 12 2 5 6 11 13 1.62019
10 12 2 5 6 11 14 1.93309
10 12 2 5 6 13 14 1.73205
10 12 2 5 7 8 9 1.41421
10 12 2 5 7 8 11 1.41421
10 12 2 5 7 8 13 1.62019
10 12 2 5 7 8 14 1.62019
10 12 2 5 7 9 11 1.62019
10 12 2 5 7 9 13 1.41421
10 12 2 5 7 9 14 1.62019
10 12 2 5 7 11 13 1
10 12 2 5 7 11 14 1.62019
10 12 2 5 7 13 14 1.62019
10 12 2 5 8 9 11 1.73205
10 12 2 5 8 9 13 1.73205
10 12 2 5 8 9 14 2
10 12 2 5 8 11 13 1.41421
10 12 2 5 8 11 14 1.73205
10 12 2 5 8 13 14 1.81265
10 12 2 5 9 11 13 1.62019
10 12 2 5 9 11 14 1.93309
10 12 2 5 9 13 14 1.81265
10 12 2 5 11 13 14 1.62019
10 12 2 6 7 8 9 1.41421
10 12 2 6 7 8 11 1.41421
10 12 2 6 7 8 13 1
10 12 2 6 7 8 14 1.41421
10 12 2 6 7 9 11 1.62019
10 12 2 6 7 9 13 1
10 12 2 6 7 9 14 1.62019
10 12 2 6 7 11 13 1
10 12 2 6 7 11 14 1.62019
10 12 2 6 7 13 14 1
10 12 2 6 8 9 11 2
10 12 2 6 8 9 13 1.93309
10 12 2 6 8 9 14 2.0381
10 12 2 6 8 11 13 1.85164
10 12 2 6 8 11 14 2
10 12 2 6 8 13 14 1.93309
10 12 2 6 9 11 13 1.93309
10 12 2 6 9 11 14 2.09938
10 12 2 6 9 13 14 2
10 12 2 6 11 13 14 1.93309
10 12 2 7 8 9 11 1.41421
10 12 2 7 8 9 13 1.41421
10 12 2 7 8 9 14 1.41421
10 12 2 7 8 11 13 1
10 12 2 7 8 11 14 1.41421
10 12 2 7 8 13 14 1.62019
10 12 2 7 9 11 13 1
10 12 2 7 9 11 14 1.62019
10 12 2 7 9 13 14 1.41421
10 12 2 7 11 13 14 1
10 12 2 8 9 11 13 1.85164
10 12 2 8 9 11 14 2
10 12 2 8 9 13 14 2
10 12 2 8 11 13 14 1.85164
10 12 2 9 11 13 14 1.93309
10 12 3 4 5 6 7 1.85164
10 12 3 4 5 6 8 1.85164
10 12 3 4 5 6 9 2.07802
10 12 3 4 5 6 11 2.07802
10 12 3 4 5 6 13 1.73205
10 12 3 4 5 6 14 2.07802
10 12 3 4 5 7 8 1.62019
10 12 3 4 5 7 9 1.85164
10 12 3 4 5 7 11 1.85164
10 12 3 4 5 7 13 1.41421
10 12 3 4 5 7 14 1.85164
10 12 3 4 5 8 9 1.85164
10 12 3 4 5 8 11 1.85164
10 12 3 4 5 8 13 1.41421
10 12 3 4 5 8 14 1.85164
10 12 3 4 5 9 11 2.07802
10 12 3 4 5 9 13 1.73205
10 12 3 4 5 9 14 2.07802
10 12 3 4 5 11 13 1.73205
10 12 3 4 5 11 14 2.07802
10 12 3 4 5 13 14 1.73205
10 12 3 4 6 7 8 1.73205
10 12 3 4 6 7 9 1.93309
10 12 3 4 6 7 11 1.93309
10 12 3 4 6 7 13 1.62019
10 12 3 4 6 7 14 1.93309
10 12 3 4 6 8 9 2.16025
10 12 3 4 6 8 11 2.16025
10 12 3 4 6 8 13 2
10 12 3 4 6 8 14 2.16025
10 12 3 4 6 9 11 2.32266
10 12 3 4 6 9 13 2.13664
10 12 3 4 6 9 14 2.32266
10 12 3 4 6 11 13 2.13664
10 12 3 4 6 11 14 2.32266
10 12 3 4 6 13 14 2.13664
10 12 3 4 7 8 9 1.73205
10 12 3 4 7 8 11 1.73205
10 12 3 4 7 8 13 1.41421
10 12 3 4 7 8 14 1.73205
10 12 3 4 7 9 11 1.93309
10 12 3 4 7 9 13 1.62019
10 12 3 4 7 9 14 1.93309
10 12 3 4 7 11 13 1.62019
10 12 3 4 7 11 14 1.93309
10 12 3 4 7 13 14 1.62019
10 12 3 4 8 9 11 2.16025
10 12 3 4 8 9 13 2
10 12 3 4 8 9 14 2.16025
10 12 3 4 8 11 13 2
10 12 3 4 8 11 14 2.16025
10 12 3 4 8 13 14 2
10 12 3 4 9 11 13 2.13664
10 12 3 4 9 11 14 2.32266
10 12 3 4 9 13 14 2.13664
10 12 3 4 11 13 14 2.13664
10 12 3 5 6 7 8 1.62019
10 12 3 5 6 7 9 1.85164
10 12 3 5 6 7 11 1.85164
10 12 3 5 6 7 13 1.41421
10 12 3 5 6 7 14 1.85164
10 12 3 5 6 8 9 1.85164
10 12 3 5 6 8 11 1.85164
10 12 3 5 6 8 13 1.41421
10 12 3 5 6 8 14 1.85164
10 12 3 5 6 9 11 2.07802
10 12 3 5 6 9 13 1.73205
10 12 3 5 6 9 14 2.07802
10 12 3 5 6 11 13 1.73205
10 12 3 5 6 11 14 2.07802
10 12 3 5 6 13 14 1.73205
10 12 3 5 7 8 9 1.62019
10 12 3 5 7 8 11 1.62019
10 12 3 5 7 8 13 1.41421
10 12 3 5 7 8 14 1.62019
10 12 3 5 7 9 11 1.85164
10 12 3 5 7 9 13 1.41421
10 12 3 5 7 9 14 1.85164
10 12 3 5 7 11 13 1.41421
10 12 3 5 7 11 14 1.85164
10 12 3 5 7 13 14 1.41421
10 12 3 5 8 9 11 1.85164
10 12 3 5 8 9 13 1.41421
10 12 3 5 8 9 14 1.85164
10 12 3 5 8 11 13 1.41421
10 12 3 5 8 11 14 1.85164
10 12 3 5 8 13 14 1.41421
10 12 3 5 9 11 13 1.73205
10 12 3 5 9 11 14 2.07802
10 12 3 5 9 13 14 1.73205
10 12 3 5 11 13 14 1.73205
10 12 3 6 7 8 9 1.81265
10 12 3 6 7 8 11 1.81265
10 12 3 6 7 8 13 1.62019
10 12 3 6 7 8 14 1.81265
10 12 3 6 7 9 11 2
10 12 3 6 7 9 13 1.73205
10 12 3 6 7 9 14 2
10 12 3 6 7 11 13 1.73205
10 12 3 6 7 11 14 2
10 12 3 6 7 13 14 1.73205
10 12 3 6 8 9 11 2.26385
10 12 3 6 8 9 13 2.13664
10 12 3 6 8 9 14 2.26385
10 12 3 6 8 11 13 2.13664
10 12 3 6 8 11 14 2.26385
10 12 3 6 8 13 14 2.13664
10 12 3 6 9 11 13 2.23607
10 12 3 6 9 11 14 2.39046
10 12 3 6 9 13 14 2.23607
10 12 3 6 11 13 14 2.23607
10 12 3 7 8 9 11 1.81265
10 12 3 7 8 9 13 1.62019
10 12 3 7 8 9 14 1.81265
10 12 3 7 8 11 13 1.62019
10 12 3 7 8 11 14 1.81265
10 12 3 7 8 13 14 1.62019
10 12 3 7 9 11 13 1.73205
10 12 3 7 9 11 14 2
10 12 3 7 9 13 14 1.73205
10 12 3 7 11 13 14 1.73205
10 12 3 8 9 11 13 2.13664
10 12 3 8 9 11 14 2.26385
10 12 3 8 9 13 14 2.13664
10 12 3 8 11 13 14 2.13664
10 12 3 9 11 13 14 2.23607
10 12 4 5 6 7 8 1.81265
10 12 4 5 6 7 9 2
10 12 4 5 6 7 11 1.93309
10 12 4 5 6 7 13 1.73205
10 12 4 5 6 7 14 2
10 12 4 5 6 8 9 2.26385
10 12 4 5 6 8 11 2.16025
10 12 4 5 6 8 13 2.13664
10 12 4 5 6 8 14 2.26385
10 12 4 5 6 9 11 2.32266
10 12 4 5 6 9 13 2.23607
10 12 4 5 6 9 14 2.39046
10 12 4 5 6 11 13 2.13664
10 12 4 5 6 11 14 2.32266
10 12 4 5 6 13 14 2.23607
10 12 4 5 7 8 9 2
10 12 4 5 7 8 11 1.73205
10 12 4 5 7 8 13 1.81265
10 12 4 5 7 8 14 2
10 12 4 5 7 9 11 1.93309
10 12 4 5 7 9 13 1.81265
10 12 4 5 7 9 14 2
10 12 4 5 7 11 13 1.62019
10 12 4 5 7 11 14 1.93309
10 12 4 5 7 13 14 2
10 12 4 5 8 9 11 2.16025
10 12 4 5 8 9 13 2.16025
10 12 4 5 8 9 14 2.3094
10 12 4 5 8 11 13 2
10 12 4 5 8 11 14 2.16025
10 12 4 5 8 13 14 2.19089
10 12 4 5 9 11 13 2.13664
10 12 4 5 9 11 14 2.32266
10 12 4 5 9 13 14 2.26385
10 12 4 5 11 13 14 2.13664
10 12 4 6 7 8 9 2
10 12 4 6 7 8 11 1.90693
10 12 4 6 7 8 13 1.85164
10 12 4 6 7 8 14 2
10 12 4 6 7 9 11 2.04939
10 12 4 6 7 9 13 1.93309
10 12 4 6 7 9 14 2.09938
10 12 4 6 7 11 13 1.85164
10 12 4 6 7 11 14 2.04939
10 12 4 6 7 13 14 1.93309
10 12 4 6 8 9 11 2.53722
10 12 4 6 8 9 13 2.52543
10 12 4 6 8 9 14 2.60419
10 12 4 6 8 11 13 2.44949
10 12 4 6 8 11 14 2.53722
10 12 4 6 8 13 14 2.52543
10 12 4 6 9 11 13 2.52543
10 12 4 6 9 11 14 2.62216
10 12 4 6 9 13 14 2.58844
10 12 4 6 11 13 14 2.52543
10 12 4 7 8 9 11 1.90693
10 12 4 7 8 9 13 1.90693
10 12 4 7 8 9 14 2.01187
10 12 4 7 8 11 13 1.73205
10 12 4 7 8 11 14 1.90693
10 12 4 7 8 13 14 1.93309
10 12 4 7 9 11 13 1.85164
10 12 4 7 9 11 14 2.04939
10 12 4 7 9 13 14 2
10 12 4 7 11 13 14 1.85164
10 12 4 8 9 11 13 2.44949
10 12 4 8 9 11 14 2.53722
10 12 4 8 9 13 14 2.53722
10 12 4 8 11 13 14 2.44949
10 12 4 9 11 13 14 2.52543
10 12 5 6 7 8 9 1.81265
10 12 5 6 7 8 11 1.73205
10 12 5 6 7 8 13 1.62019
10 12 5 6 7 8 14 1.81265
10 12 5 6 7 9 11 1.93309
10 12 5 6 7 9 13 1.73205
10 12 5 6 7 9 14 2
10 12 5 6 7 11 13 1.62019
10 12 5 6 7 11 14 1.93309
10 12 5 6 7 13 14 1.73205
10 12 5 6 8 9 11 2.16025
10 12 5 6 8 9 13 2.13664
10 12 5 6 8 9 14 2.26385
10 12 5 6 8 11 13 2
10 12 5 6 8 11 14 2.16025
10 12 5 6 8 13 14 2.13664
10 12 5 6 9 11 13 2.13664
10 12 5 6 9 11 14 2.32266
10 12 5 6 9 13 14 2.23607
10 12 5 6 11 13 14 2.13664
10 12 5 7 8 9 11 1.73205
10 12 5 7 8 9 13 1.73205
10 12 5 7 8 9 14 2
10 12 5 7 8 11 13 1.41421
10 12 5 7 8 11 14 1.73205
10 12 5 7 8 13 14 1.81265
10 12 5 7 9 11 13 1.62019
10 12 5 7 9 11 14 1.93309
10 12 5 7 9 13 14 1.81265
10 12 5 7 11 13 14 1.62019
10 12 5 8 9 11 13 2
10 12 5 8 9 11 14 2.16025
10 12 5 8 9 13 14 2.16025
10 12 5 8 11 13 14 2
10 12 5 9 11 13 14 2.13664
10 12 6 7 8 9 11 2
10 12 6 7 8 9 13 1.93309
10 12 6 7 8 9 14 2.0381
10 12 6 7 8 11 13 1.85164
10 12 6 7 8 11 14 2
10 12 6 7 8 13 14 1.93309
10 12 6 7 9 11 13 1.93309
10 12 6 7 9 11 14 2.09938
10 12 6 7 9 13 14 2
10 12 6 7 11 13 14 1.93309
10 12 6 8 9 11 13 2.52543
10 12 6 8 9 11 14 2.60419
10 12 6 8 9 13 14 2.58844
10 12 6 8 11 13 14 2.52543
10 12 6 9 11 13 14 2.58844
10 12 7 8 9 11 13 1.85164
10 12 7 8 9 11 14 2
10 12 7 8 9 13 14 2
10 12 7 8 11 13 14 1.85164
10 12 7 9 11 13 14 1.93309
10 12 8 9 11 13 14 2.52543
