10 12 0 1 2 3 4 5 6 7 8 0
10 12 0 1 2 3 4 5 6 7 9 0
10 12 0 1 2 3 4 5 6 7 11 0
10 12 0 1 2 3 4 5 6 7 13 0
10 12 0 1 2 3 4 5 6 7 14 0
10 12 0 1 2 3 4 5 6 8 9 0
10 12 0 1 2 3 4 5 6 8 11 0
10 12 0 1 2 3 4 5 6 8 13 0
10 12 0 1 2 3 4 5 6 8 14 0
10 12 0 1 2 3 4 5 6 9 11 0
10 12 0 1 2 3 4 5 6 9 13 0
10 12 0 1 2 3 4 5 6 9 14 0
10 12 0 1 2 3 4 5 6 11 13 0
10 12 0 1 2 3 4 5 6 11 14 0
10 12 0 1 2 3 4 5 6 13 14 0
10 12 0 1 2 3 4 5 7 8 9 1
10 12 0 1 2 3 4 5 7 8 11 1
10 12 0 1 2 3 4 5 7 8 13 1.41421
10 12 0 1 2 3 4 5 7 8 14 1.41421
10 12 0 1 2 3 4 5 7 9 11 0
10 12 0 1 2 3 4 5 7 9 13 1
10 12 0 1 2 3 4 5 7 9 14 1
10 12 0 1 2 3 4 5 7 11 13 1
10 12 0 1 2 3 4 5 7 11 14 1
10 12 0 1 2 3 4 5 7 13 14 1.41421
10 12 0 1 2 3 4 5 8 9 11 0
10 12 0 1 2 3 4 5 8 9 13 1
10 12 0 1 2 3 4 5 8 9 14 1
10 12 0 1 2 3 4 5 8 11 13 1
10 12 0 1 2 3 4 5 8 11 14 1
10 12 0 1 2 3 4 5 8 13 14 1.41421
10 12 0 1 2 3 4 5 9 11 13 0
10 12 0 1 2 3 4 5 9 11 14 0
10 12 0 1 2 3 4 5 9 13 14 1
10 12 0 1 2 3 4 5 11 13 14 1
10 12 0 1 2 3 4 6 7 8 9 0
10 12 0 1 2 3 4 6 7 8 11 0
10 12 0 1 2 3 4 6 7 8 13 0
10 12 0 1 2 3 4 6 7 8 14 0
10 12 0 1 2 3 4 6 7 9 11 0
10 12 0 1 2 3 4 6 7 9 13 0
10 12 0 1 2 3 4 6 7 9 14 0
10 12 0 1 2 3 4 6 7 11 13 0
10 12 0 1 2 3 4 6 7 11 14 0
10 12 0 1 2 3 4 6 7 13 14 0
10 12 0 1 2 3 4 6 8 9 11 1
10 12 0 1 2 3 4 6 8 9 13 1
10 12 0 1 2 3 4 6 8 9 14 1
10 12 0 1 2 3 4 6 8 11 13 1
10 12 0 1 2 3 4 6 8 11 14 1
10 12 0 1 2 3 4 6 8 13 14 1
10 12 0 1 2 3 4 6 9 11 13 1
10 12 0 1 2 3 4 6 9 11 14 1
10 12 0 1 2 3 4 6 9 13 14 1
10 12 0 1 2 3 4 6 11 13 14 1
10 12 0 1 2 3 4 7 8 9 11 0
10 12 0 1 2 3 4 7 8 9 13 1
10 12 0 1 2 3 4 7 8 9 14 1
10 12 0 1 2 3 4 7 8 11 13 1
10 12 0 1 2 3 4 7 8 11 14 1
10 12 0 1 2 3 4 7 8 13 14 1.41421
10 12 0 1 2 3 4 7 9 11 13 0
10 12 0 1 2 3 4 7 9 11 14 0
10 12 0 1 2 3 4 7 9 13 14 1
10 12 0 1 2 3 4 7 11 13 14 1
10 12 0 1 2 3 4 8 9 11 13 1
10 12 0 1 2 3 4 8 9 11 14 1
10 12 0 1 2 3 4 8 9 13 14 1
10 12 0 1 2 3 4 8 11 13 14 1
10 12 0 1 2 3 4 9 11 13 14 1
10 12 0 1 2 3 5 6 7 8 9 0
10 12 0 1 2 3 5 6 7 8 11 0
10 12 0 1 2 3 5 6 7 8 13 0
10 12 0 1 2 3 5 6 7 8 14 0
10 12 0 1 2 3 5 6 7 9 11 0
10 12 0 1 2 3 5 6 7 9 13 0
10 12 0 1 2 3 5 6 7 9 14 0
10 12 0 1 2 3 5 6 7 11 13 0
10 12 0 1 2 3 5 6 7 11 14 0
10 12 0 1 2 3 5 6 7 13 14 0
10 12 0 1 2 3 5 6 8 9 11 0
10 12 0 1 2 3 5 6 8 9 13 0
10 12 0 1 2 3 5 6 8 9 14 0
10 12 0 1 2 3 5 6 8 11 13 0
10 12 0 1 2 3 5 6 8 11 14 0
10 12 0 1 2 3 5 6 8 13 14 0
10 12 0 1 2 3 5 6 9 11 13 0
10 12 0 1 2 3 5 6 9 11 14 0
10 12 0 1 2 3 5 6 9 13 14 0
10 12 0 1 2 3 5 6 11 13 14 0
10 12 0 1 2 3 5 7 8 9 11 0
10 12 0 1 2 3 5 7 8 9 13 1
10 12 0 1 2 3 5 7 8 9 14 1
10 12 0 1 2 3 5 7 8 11 13 1
10 12 0 1 2 3 5 7 8 11 14 1
10 12 0 1 2 3 5 7 8 13 14 1.41421
10 12 0 1 2 3 5 7 9 11 13 0
10 12 0 1 2 3 5 7 9 11 14 0
10 12 0 1 2 3 5 7 9 13 14 1
10 12 0 1 2 3 5 7 11 13 14 1
10 12 0 1 2 3 5 8 9 11 13 0
10 12 0 1 2 3 5 8 9 11 14 0
10 12 0 1 2 3 5 8 9 13 14 1
10 12 0 1 2 3 5 8 11 13 14 1
10 12 0 1 2 3 5 9 11 13 14 0
10 12 0 1 2 3 6 7 8 9 11 1
10 12 0 1 2 3 6 7 8 9 13 1
10 12 0 1 2 3 6 7 8 9 14 1
10 12 0 1 2 3 6 7 8 11 13 1
10 12 0 1 2 3 6 7 8 11 14 1
10 12 0 1 2 3 6 7 8 13 14 1
10 12 0 1 2 3 6 7 9 11 13 1
10 12 0 1 2 3 6 7 9 11 14 1
10 12 0 1 2 3 6 7 9 13 14 1
10 12 0 1 2 3 6 7 11 13 14 1
10 12 0 1 2 3 6 8 9 11 13 1.41421
10 12 0 1 2 3 6 8 9 11 14 1.41421
10 12 0 1 2 3 6 8 9 13 14 1.41421
10 12 0 1 2 3 6 8 11 13 14 1.41421
10 12 0 1 2 3 6 9 11 13 14 1.41421
10 12 0 1 2 3 7 8 9 11 13 1
10 12 0 1 2 3 7 8 9 11 14 1
10 12 0 1 2 3 7 8 9 13 14 1
10 12 0 1 2 3 7 8 11 13 14 1
10 12 0 1 2 3 7 9 11 13 14 1
10 12 0 1 2 3 8 9 11 13 14 1.41421
10 12 0 1 2 4 5 6 7 8 9 1
10 12 0 1 2 4 5 6 7 8 11 0
10 12 0 1 2 4 5 6 7 8 13 1
10 12 0 1 2 4 5 6 7 8 14 1
10 12 0 1 2 4 5 6 7 9 11 0
10 12 0 1 2 4 5 6 7 9 13 1
10 12 0 1 2 4 5 6 7 9 14 1
10 12 0 1 2 4 5 6 7 11 13 0
10 12 0 1 2 4 5 6 7 11 14 0
10 12 0 1 2 4 5 6 7 13 14 1
10 12 0 1 2 4 5 6 8 9 11 1
10 12 0 1 2 4 5 6 8 9 13 1.41421
10 12 0 1 2 4 5 6 8 9 14 1.41421
10 12 0 1 2 4 5 6 8 11 13 1
10 12 0 1 2 4 5 6 8 11 14 1
10 12 0 1 2 4 5 6 8 13 14 1.41421
10 12 0 1 2 4 5 6 9 11 13 1
10 12 0 1 2 4 5 6 9 11 14 1
10 12 0 1 2 4 5 6 9 13 14 1.41421
10 12 0 1 2 4 5 6 11 13 14 1
10 12 0 1 2 4 5 7 8 9 11 0
10 12 0 1 2 4 5 7 8 9 13 1.41421
10 12 0 1 2 4 5 7 8 9 14 1.41421
10 12 0 1 2 4 5 7 8 11 13 1
10 12 0 1 2 4 5 7 8 11 14 1
10 12 0 1 2 4 5 7 8 13 14 1.62019
10 12 0 1 2 4 5 7 9 11 13 0
10 12 0 1 2 4 5 7 9 11 14 0
10 12 0 1 2 4 5 7 9 13 14 1.41421
10 12 0 1 2 4 5 7 11 13 14 1
10 12 0 1 2 4 5 8 9 11 13 1
10 12 0 1 2 4 5 8 9 11 14 1
10 12 0 1 2 4 5 8 9 13 14 1.62019
10 12 0 1 2 4 5 8 11 13 14 1
10 12 0 1 2 4 5 9 11 13 14 1
10 12 0 1 2 4 6 7 8 9 11 0
10 12 0 1 2 4 6 7 8 9 13 1
10 12 0 1 2 4 6 7 8 9 14 1
10 12 0 1 2 4 6 7 8 11 13 0
10 12 0 1 2 4 6 7 8 11 14 0
10 12 0 1 2 4 6 7 8 13 14 1
10 12 0 1 2 4 6 7 9 11 13 0
10 12 0 1 2 4 6 7 9 11 14 0
10 12 0 1 2 4 6 7 9 13 14 1
10 12 0 1 2 4 6 7 11 13 14 0
10 12 0 1 2 4 6 8 9 11 13 1.41421
10 12 0 1 2 4 6 8 9 11 14 1.41421
10 12 0 1 2 4 6 8 9 13 14 1.62019
10 12 0 1 2 4 6 8 11 13 14 1.41421
10 12 0 1 2 4 6 9 11 13 14 1.41421
10 12 0 1 2 4 7 8 9 11 13 0
10 12 0 1 2 4 7 8 9 11 14 0
10 12 0 1 2 4 7 8 9 13 14 1.41421
10 12 0 1 2 4 7 8 11 13 14 1
10 12 0 1 2 4 7 9 11 13 14 0
10 12 0 1 2 4 8 9 11 13 14 1.41421
10 12 0 1 2 5 6 7 8 9 11 0
10 12 0 1 2 5 6 7 8 9 13 1
10 12 0 1 2 5 6 7 8 9 14 1
10 12 0 1 2 5 6 7 8 11 13 0
10 12 0 1 2 5 6 7 8 11 14 0
10 12 0 1 2 5 6 7 8 13 14 1
10 12 0 1 2 5 6 7 9 11 13 0
10 12 0 1 2 5 6 7 9 11 14 0
10 12 0 1 2 5 6 7 9 13 14 1
10 12 0 1 2 5 6 7 11 13 14 0
10 12 0 1 2 5 6 8 9 11 13 1
10 12 0 1 2 5 6 8 9 11 14 1
10 12 0 1 2 5 6 8 9 13 14 1.41421
10 12 0 1 2 5 6 8 11 13 14 1
10 12 0 1 2 5 6 9 11 13 14 1
10 12 0 1 2 5 7 8 9 11 13 0
10 12 0 1 2 5 7 8 9 11 14 0
10 12 0 1 2 5 7 8 9 13 14 1.41421
10 12 0 1 2 5 7 8 11 13 14 1
10 12 0 1 2 5 7 9 11 13 14 0
10 12 0 1 2 5 8 9 11 13 14 1
10 12 0 1 2 6 7 8 9 11 13 1
10 12 0 1 2 6 7 8 9 11 14 1
10 12 0 1 2 6 7 8 9 13 14 1
10 12 0 1 2 6 7 8 11 13 14 1
10 12 0 1 2 6 7 9 11 13 14 1
10 12 0 1 2 6 8 9 11 13 14 1.62019
10 12 0 1 2 7 8 9 11 13 14 1
10 12 0 1 3 4 5 6 7 8 9 0
10 12 0 1 3 4 5 6 7 8 11 0
10 12 0 1 3 4 5 6 7 8 13 0
10 12 0 1 3 4 5 6 7 8 14 0
10 12 0 1 3 4 5 6 7 9 11 0
10 12 0 1 3 4 5 6 7 9 13 0
10 12 0 1 3 4 5 6 7 9 14 0
10 12 0 1 3 4 5 6 7 11 13 0
10 12 0 1 3 4 5 6 7 11 14 0
10 12 0 1 3 4 5 6 7 13 14 0
10 12 0 1 3 4 5 6 8 9 11 0
10 12 0 1 3 4 5 6 8 9 13 0
10 12 0 1 3 4 5 6 8 9 14 0
10 12 0 1 3 4 5 6 8 11 13 0
10 12 0 1 3 4 5 6 8 11 14 0
10 12 0 1 3 4 5 6 8 13 14 0
10 12 0 1 3 4 5 6 9 11 13 0
10 12 0 1 3 4 5 6 9 11 14 0
10 12 0 1 3 4 5 6 9 13 14 0
10 12 0 1 3 4 5 6 11 13 14 0
10 12 0 1 3 4 5 7 8 9 11 0
10 12 0 1 3 4 5 7 8 9 13 1
10 12 0 1 3 4 5 7 8 9 14 1
10 12 0 1 3 4 5 7 8 11 13 1
10 12 0 1 3 4 5 7 8 11 14 1
10 12 0 1 3 4 5 7 8 13 14 1.41421
10 12 0 1 3 4 5 7 9 11 13 0
10 12 0 1 3 4 5 7 9 11 14 0
10 12 0 1 3 4 5 7 9 13 14 1
10 12 0 1 3 4 5 7 11 13 14 1
10 12 0 1 3 4 5 8 9 11 13 0
10 12 0 1 3 4 5 8 9 11 14 0
10 12 0 1 3 4 5 8 9 13 14 1
10 12 0 1 3 4 5 8 11 13 14 1
10 12 0 1 3 4 5 9 11 13 14 0
10 12 0 1 3 4 6 7 8 9 11 1
10 12 0 1 3 4 6 7 8 9 13 1
10 12 0 1 3 4 6 7 8 9 14 1
10 12 0 1 3 4 6 7 8 11 13 1
10 12 0 1 3 4 6 7 8 11 14 1
10 12 0 1 3 4 6 7 8 13 14 1
10 12 0 1 3 4 6 7 9 11 13 1
10 12 0 1 3 4 6 7 9 11 14 1
10 12 0 1 3 4 6 7 9 13 14 1
10 12 0 1 3 4 6 7 11 13 14 1
10 12 0 1 3 4 6 8 9 11 13 1.41421
10 12 0 1 3 4 6 8 9 11 14 1.41421
10 12 0 1 3 4 6 8 9 13 14 1.41421
10 12 0 1 3 4 6 8 11 13 14 1.41421
10 12 0 1 3 4 6 9 11 13 14 1.41421
10 12 0 1 3 4 7 8 9 11 13 1
10 12 0 1 3 4 7 8 9 11 14 1
10 12 0 1 3 4 7 8 9 13 14 1
10 12 0 1 3 4 7 8 11 13 14 1
10 12 0 1 3 4 7 9 11 13 14 1
10 12 0 1 3 4 8 9 11 13 14 1.41421
10 12 0 1 3 5 6 7 8 9 11 0
10 12 0 1 3 5 6 7 8 9 13 0
10 12 0 1 3 5 6 7 8 9 14 0
10 12 0 1 3 5 6 7 8 11 13 0
10 12 0 1 3 5 6 7 8 11 14 0
10 12 0 1 3 5 6 7 8 13 14 0
10 12 0 1 3 5 6 7 9 11 13 0
10 12 0 1 3 5 6 7 9 11 14 0
10 12 0 1 3 5 6 7 9 13 14 0
10 12 0 1 3 5 6 7 11 13 14 0
10 12 0 1 3 5 6 8 9 11 13 0
10 12 0 1 3 5 6 8 9 11 14 0
10 12 0 1 3 5 6 8 9 13 14 0
10 12 0 1 3 5 6 8 11 13 14 0
10 12 0 1 3 5 6 9 11 13 14 0
10 12 0 1 3 5 7 8 9 11 13 0
10 12 0 1 3 5 7 8 9 11 14 0
10 12 0 1 3 5 7 8 9 13 14 1
10 12 0 1 3 5 7 8 11 13 14 1
10 12 0 1 3 5 7 9 11 13 14 0
10 12 0 1 3 5 8 9 11 13 14 0
10 12 0 1 3 6 7 8 9 11 13 1.41421
10 12 0 1 3 6 7 8 9 11 14 1.41421
10 12 0 1 3 6 7 8 9 13 14 1.41421
10 12 0 1 3 6 7 8 11 13 14 1.41421
10 12 0 1 3 6 7 9 11 13 14 1.41421
10 12 0 1 3 6 8 9 11 13 14 1.73205
10 12 0 1 3 7 8 9 11 13 14 1.41421
10 12 0 1 4 5 6 7 8 9 11 1
10 12 0 1 4 5 6 7 8 9 13 1.41421
10 12 0 1 4 5 6 7 8 9 14 1.41421
10 12 0 1 4 5 6 7 8 11 13 1
10 12 0 1 4 5 6 7 8 11 14 1
10 12 0 1 4 5 6 7 8 13 14 1.41421
10 12 0 1 4 5 6 7 9 11 13 1
10 12 0 1 4 5 6 7 9 11 14 1
10 12 0 1 4 5 6 7 9 13 14 1.41421
10 12 0 1 4 5 6 7 11 13 14 1
10 12 0 1 4 5 6 8 9 11 13 1.41421
10 12 0 1 4 5 6 8 9 11 14 1.41421
10 12 0 1 4 5 6 8 9 13 14 1.73205
10 12 0 1 4 5 6 8 11 13 14 1.41421
10 12 0 1 4 5 6 9 11 13 14 1.41421
10 12 0 1 4 5 7 8 9 11 13 1
10 12 0 1 4 5 7 8 9 11 14 1
10 12 0 1 4 5 7 8 9 13 14 1.62019
10 12 0 1 4 5 7 8 11 13 14 1
10 12 0 1 4 5 7 9 11 13 14 1
10 12 0 1 4 5 8 9 11 13 14 1.41421
10 12 0 1 4 6 7 8 9 11 13 1.41421
10 12 0 1 4 6 7 8 9 11 14 1.41421
10 12 0 1 4 6 7 8 9 13 14 1.62019
10 12 0 1 4 6 7 8 11 13 14 1.41421
10 12 0 1 4 6 7 9 11 13 14 1.41421
10 12 0 1 4 6 8 9 11 13 14 2
10 12 0 1 4 7 8 9 11 13 14 1.41421
10 12 0 1 5 6 7 8 9 11 13 1
10 12 0 1 5 6 7 8 9 11 14 1
10 12 0 1 5 6 7 8 9 13 14 1.41421
10 12 0 1 5 6 7 8 11 13 14 1
10 12 0 1 5 6 7 9 11 13 14 1
10 12 0 1 5 6 8 9 11 13 14 1.41421
10 12 0 1 5 7 8 9 11 13 14 1
10 12 0 1 6 7 8 9 11 13 14 1.62019
10 12 0 2 3 4 5 6 7 8 9 1
10 12 0 2 3 4 5 6 7 8 11 1
10 12 0 2 3 4 5 6 7 8 13 0
10 12 0 2 3 4 5 6 7 8 14 1
10 12 0 2 3 4 5 6 7 9 11 1.41421
10 12 0 2 3 4 5 6 7 9 13 1
10 12 0 2 3 4 5 6 7 9 14 1.41421
10 12 0 2 3 4 5 6 7 11 13 1
10 12 0 2 3 4 5 6 7 11 14 1.41421
10 12 0 2 3 4 5 6 7 13 14 1
10 12 0 2 3 4 5 6 8 9 11 1.41421
10 12 0 2 3 4 5 6 8 9 13 1
10 12 0 2 3 4 5 6 8 9 14 1.41421
10 12 0 2 3 4 5 6 8 11 13 1
10 12 0 2 3 4 5 6 8 11 14 1.41421
10 12 0 2 3 4 5 6 8 13 14 1
10 12 0 2 3 4 5 6 9 11 13 1.41421
10 12 0 2 3 4 5 6 9 11 14 1.73205
10 12 0 2 3 4 5 6 9 13 14 1.41421
10 12 0 2 3 4 5 6 11 13 14 1.41421
10 12 0 2 3 4 5 7 8 9 11 1
10 12 0 2 3 4 5 7 8 9 13 1
10 12 0 2 3 4 5 7 8 9 14 1
10 12 0 2 3 4 5 7 8 11 13 1
10 12 0 2 3 4 5 7 8 11 14 1
10 12 0 2 3 4 5 7 8 13 14 1.41421
10 12 0 2 3 4 5 7 9 11 13 1
10 12 0 2 3 4 5 7 9 11 14 1.41421
10 12 0 2 3 4 5 7 9 13 14 1
10 12 0 2 3 4 5 7 11 13 14 1
10 12 0 2 3 4 5 8 9 11 13 1
10 12 0 2 3 4 5 8 9 11 14 1.41421
10 12 0 2 3 4 5 8 9 13 14 1
10 12 0 2 3 4 5 8 11 13 14 1
10 12 0 2 3 4 5 9 11 13 14 1.41421
10 12 0 2 3 4 6 7 8 9 11 1
10 12 0 2 3 4 6 7 8 9 13 0
10 12 0 2 3 4 6 7 8 9 14 1
10 12 0 2 3 4 6 7 8 11 13 0
10 12 0 2 3 4 6 7 8 11 14 1
10 12 0 2 3 4 6 7 8 13 14 0
10 12 0 2 3 4 6 7 9 11 13 1
10 12 0 2 3 4 6 7 9 11 14 1.41421
10 12 0 2 3 4 6 7 9 13 14 1
10 12 0 2 3 4 6 7 11 13 14 1
10 12 0 2 3 4 6 8 9 11 13 1.41421
10 12 0 2 3 4 6 8 9 11 14 1.62019
10 12 0 2 3 4 6 8 9 13 14 1.41421
10 12 0 2 3 4 6 8 11 13 14 1.41421
10 12 0 2 3 4 6 9 11 13 14 1.62019
10 12 0 2 3 4 7 8 9 11 13 0
10 12 0 2 3 4 7 8 9 11 14 1
10 12 0 2 3 4 7 8 9 13 14 1
10 12 0 2 3 4 7 8 11 13 14 1
10 12 0 2 3 4 7 9 11 13 14 1
10 12 0 2 3 4 8 9 11 13 14 1.41421
10 12 0 2 3 5 6 7 8 9 11 1
10 12 0 2 3 5 6 7 8 9 13 0
10 12 0 2 3 5 6 7 8 9 14 1
10 12 0 2 3 5 6 7 8 11 13 0
10 12 0 2 3 5 6 7 8 11 14 1
10 12 0 2 3 5 6 7 8 13 14 0
10 12 0 2 3 5 6 7 9 11 13 1
10 12 0 2 3 5 6 7 9 11 14 1.41421
10 12 0 2 3 5 6 7 9 13 14 1
10 12 0 2 3 5 6 7 11 13 14 1
10 12 0 2 3 5 6 8 9 11 13 1
10 12 0 2 3 5 6 8 9 11 14 1.41421
10 12 0 2 3 5 6 8 9 13 14 1
10 12 0 2 3 5 6 8 11 13 14 1
10 12 0 2 3 5 6 9 11 13 14 1.41421
10 12 0 2 3 5 7 8 9 11 13 0
10 12 0 2 3 5 7 8 9 11 14 1
10 12 0 2 3 5 7 8 9 13 14 1
10 12 0 2 3 5 7 8 11 13 14 1
10 12 0 2 3 5 7 9 11 13 14 1
10 12 0 2 3 5 8 9 11 13 14 1
10 12 0 2 3 6 7 8 9 11 13 1
10 12 0 2 3 6 7 8 9 11 14 1
10 12 0 2 3 6 7 8 9 13 14 1
10 12 0 2 3 6 7 8 11 13 14 1
10 12 0 2 3 6 7 9 11 13 14 1
10 12 0 2 3 6 8 9 11 13 14 1.62019
10 12 0 2 3 7 8 9 11 13 14 1
10 12 0 2 4 5 6 7 8 9 11 1
10 12 0 2 4 5 6 7 8 9 13 1
10 12 0 2 4 5 6 7 8 9 14 1
10 12 0 2 4 5 6 7 8 11 13 0
10 12 0 2 4 5 6 7 8 11 14 1
10 12 0 2 4 5 6 7 8 13 14 1
10 12 0 2 4 5 6 7 9 11 13 1
10 12 0 2 4 5 6 7 9 11 14 1.41421
10 12 0 2 4 5 6 7 9 13 14 1
10 12 0 2 4 5 6 7 11 13 14 1
10 12 0 2 4 5 6 8 9 11 13 1.41421
10 12 0 2 4 5 6 8 9 11 14 1.62019
10 12 0 2 4 5 6 8 9 13 14 1.62019
10 12 0 2 4 5 6 8 11 13 14 1.41421
10 12 0 2 4 5 6 9 11 13 14 1.62019
10 12 0 2 4 5 7 8 9 11 13 0
10 12 0 2 4 5 7 8 9 11 14 1
10 12 0 2 4 5 7 8 9 13 14 1.41421
10 12 0 2 4 5 7 8 11 13 14 1
10 12 0 2 4 5 7 9 11 13 14 1
10 12 0 2 4 5 8 9 11 13 14 1.41421
10 12 0 2 4 6 7 8 9 11 13 0
10 12 0 2 4 6 7 8 9 11 14 1
10 12 0 2 4 6 7 8 9 13 14 1
10 12 0 2 4 6 7 8 11 13 14 0
10 12 0 2 4 6 7 9 11 13 14 1
10 12 0 2 4 6 8 9 11 13 14 1.73205
10 12 0 2 4 7 8 9 11 13 14 0
10 12 0 2 5 6 7 8 9 11 13 0
10 12 0 2 5 6 7 8 9 11 14 1
10 12 0 2 5 6 7 8 9 13 14 1
10 12 0 2 5 6 7 8 11 13 14 0
10 12 0 2 5 6 7 9 11 13 14 1
10 12 0 2 5 6 8 9 11 13 14 1.41421
10 12 0 2 5 7 8 9 11 13 14 0
10 12 0 2 6 7 8 9 11 13 14 1
10 12 0 3 4 5 6 7 8 9 11 1.41421
10 12 0 3 4 5 6 7 8 9 13 1
10 12 0 3 4 5 6 7 8 9 14 1.41421
10 12 0 3 4 5 6 7 8 11 13 1
10 12 0 3 4 5 6 7 8 11 14 1.41421
10 12 0 3 4 5 6 7 8 13 14 1
10 12 0 3 4 5 6 7 9 11 13 1.41421
10 12 0 3 4 5 6 7 9 11 14 1.73205
10 12 0 3 4 5 6 7 9 13 14 1.41421
10 12 0 3 4 5 6 7 11 13 14 1.41421
10 12 0 3 4 5 6 8 9 11 13 1.41421
10 12 0 3 4 5 6 8 9 11 14 1.73205
10 12 0 3 4 5 6 8 9 13 14 1.41421
10 12 0 3 4 5 6 8 11 13 14 1.41421
10 12 0 3 4 5 6 9 11 13 14 1.73205
10 12 0 3 4 5 7 8 9 11 13 1
10 12 0 3 4 5 7 8 9 11 14 1.41421
10 12 0 3 4 5 7 8 9 13 14 1
10 12 0 3 4 5 7 8 11 13 14 1
10 12 0 3 4 5 7 9 11 13 14 1.41421
10 12 0 3 4 5 8 9 11 13 14 1.41421
10 12 0 3 4 6 7 8 9 11 13 1.41421
10 12 0 3 4 6 7 8 9 11 14 1.62019
10 12 0 3 4 6 7 8 9 13 14 1.41421
10 12 0 3 4 6 7 8 11 13 14 1.41421
10 12 0 3 4 6 7 9 11 13 14 1.62019
10 12 0 3 4 6 8 9 11 13 14 2
10 12 0 3 4 7 8 9 11 13 14 1.41421
10 12 0 3 5 6 7 8 9 11 13 1
10 12 0 3 5 6 7 8 9 11 14 1.41421
10 12 0 3 5 6 7 8 9 13 14 1
10 12 0 3 5 6 7 8 11 13 14 1
10 12 0 3 5 6 7 9 11 13 14 1.41421
10 12 0 3 5 6 8 9 11 13 14 1.41421
10 12 0 3 5 7 8 9 11 13 14 1
10 12 0 3 6 7 8 9 11 13 14 1.62019
10 12 0 4 5 6 7 8 9 11 13 1.41421
10 12 0 4 5 6 7 8 9 11 14 1.62019
10 12 0 4 5 6 7 8 9 13 14 1.62019
10 12 0 4 5 6 7 8 11 13 14 1.41421
10 12 0 4 5 6 7 9 11 13 14 1.62019
10 12 0 4 5 6 8 9 11 13 14 2
10 12 0 4 5 7 8 9 11 13 14 1.41421
10 12 0 4 6 7 8 9 11 13 14 1.73205
10 12 0 5 6 7 8 9 11 13 14 1.41421
10 12 1 2 3 4 5 6 7 8 9 1
10 12 1 2 3 4 5 6 7 8 11 1
10 12 1 2 3 4 5 6 7 8 13 0
10 12 1 2 3 4 5 6 7 8 14 1
10 12 1 2 3 4 5 6 7 9 11 1
10 12 1 2 3 4 5 6 7 9 13 0
10 12 1 2 3 4 5 6 7 9 14 1
10 12 1 2 3 4 5 6 7 11 13 0
10 12 1 2 3 4 5 6 7 11 14 1
10 12 1 2 3 4 5 6 7 13 14 0
10 12 1 2 3 4 5 6 8 9 11 1
10 12 1 2 3 4 5 6 8 9 13 0
10 12 1 2 3 4 5 6 8 9 14 1
10 12 1 2 3 4 5 6 8 11 13 0
10 12 1 2 3 4 5 6 8 11 14 1
10 12 1 2 3 4 5 6 8 13 14 0
10 12 1 2 3 4 5 6 9 11 13 0
10 12 1 2 3 4 5 6 9 11 14 1
10 12 1 2 3 4 5 6 9 13 14 0
10 12 1 2 3 4 5 6 11 13 14 0
10 12 1 2 3 4 5 7 8 9 11 1
10 12 1 2 3 4 5 7 8 9 13 1
10 12 1 2 3 4 5 7 8 9 14 1
10 12 1 2 3 4 5 7 8 11 13 1
10 12 1 2 3 4 5 7 8 11 14 1
10 12 1 2 3 4 5 7 8 13 14 1.41421
10 12 1 2 3 4 5 7 9 11 13 0
10 12 1 2 3 4 5 7 9 11 14 1
10 12 1 2 3 4 5 7 9 13 14 1
10 12 1 2 3 4 5 7 11 13 14 1
10 12 1 2 3 4 5 8 9 11 13 0
10 12 1 2 3 4 5 8 9 11 14 1
10 12 1 2 3 4 5 8 9 13 14 1
10 12 1 2 3 4 5 8 11 13 14 1
10 12 1 2 3 4 5 9 11 13 14 0
10 12 1 2 3 4 6 7 8 9 11 1
10 12 1 2 3 4 6 7 8 9 13 0
10 12 1 2 3 4 6 7 8 9 14 1
10 12 1 2 3 4 6 7 8 11 13 0
10 12 1 2 3 4 6 7 8 11 14 1
10 12 1 2 3 4 6 7 8 13 14 0
10 12 1 2 3 4 6 7 9 11 13 0
10 12 1 2 3 4 6 7 9 11 14 1
10 12 1 2 3 4 6 7 9 13 14 0
10 12 1 2 3 4 6 7 11 13 14 0
10 12 1 2 3 4 6 8 9 11 13 1
10 12 1 2 3 4 6 8 9 11 14 1
10 12 1 2 3 4 6 8 9 13 14 1
10 12 1 2 3 4 6 8 11 13 14 1
10 12 1 2 3 4 6 9 11 13 14 1
10 12 1 2 3 4 7 8 9 11 13 0
10 12 1 2 3 4 7 8 9 11 14 1
10 12 1 2 3 4 7 8 9 13 14 1
10 12 1 2 3 4 7 8 11 13 14 1
10 12 1 2 3 4 7 9 11 13 14 0
10 12 1 2 3 4 8 9 11 13 14 1
10 12 1 2 3 5 6 7 8 9 11 1
10 12 1 2 3 5 6 7 8 9 13 0
10 12 1 2 3 5 6 7 8 9 14 1
10 12 1 2 3 5 6 7 8 11 13 0
10 12 1 2 3 5 6 7 8 11 14 1
10 12 1 2 3 5 6 7 8 13 14 0
10 12 1 2 3 5 6 7 9 11 13 0
10 12 1 2 3 5 6 7 9 11 14 1
10 12 1 2 3 5 6 7 9 13 14 0
10 12 1 2 3 5 6 7 11 13 14 0
10 12 1 2 3 5 6 8 9 11 13 0
10 12 1 2 3 5 6 8 9 11 14 1
10 12 1 2 3 5 6 8 9 13 14 0
10 12 1 2 3 5 6 8 11 13 14 0
10 12 1 2 3 5 6 9 11 13 14 0
10 12 1 2 3 5 7 8 9 11 13 0
10 12 1 2 3 5 7 8 9 11 14 1
10 12 1 2 3 5 7 8 9 13 14 1
10 12 1 2 3 5 7 8 11 13 14 1
10 12 1 2 3 5 7 9 11 13 14 0
10 12 1 2 3 5 8 9 11 13 14 0
10 12 1 2 3 6 7 8 9 11 13 1
10 12 1 2 3 6 7 8 9 11 14 1
10 12 1 2 3 6 7 8 9 13 14 1
10 12 1 2 3 6 7 8 11 13 14 1
10 12 1 2 3 6 7 9 11 13 14 1
10 12 1 2 3 6 8 9 11 13 14 1.41421
10 12 1 2 3 7 8 9 11 13 14 1
10 12 1 2 4 5 6 7 8 9 11 1
10 12 1 2 4 5 6 7 8 9 13 1
10 12 1 2 4 5 6 7 8 9 14 1
10 12 1 2 4 5 6 7 8 11 13 0
10 12 1 2 4 5 6 7 8 11 14 1
10 12 1 2 4 5 6 7 8 13 14 1
10 12 1 2 4 5 6 7 9 11 13 0
10 12 1 2 4 5 6 7 9 11 14 1
10 12 1 2 4 5 6 7 9 13 14 1
10 12 1 2 4 5 6 7 11 13 14 0
10 12 1 2 4 5 6 8 9 11 13 1
10 12 1 2 4 5 6 8 9 11 14 1
10 12 1 2 4 5 6 8 9 13 14 1.41421
10 12 1 2 4 5 6 8 11 13 14 1
10 12 1 2 4 5 6 9 11 13 14 1
10 12 1 2 4 5 7 8 9 11 13 0
10 12 1 2 4 5 7 8 9 11 14 1
10 12 1 2 4 5 7 8 9 13 14 1.41421
10 12 1 2 4 5 7 8 11 13 14 1
10 12 1 2 4 5 7 9 11 13 14 0
10 12 1 2 4 5 8 9 11 13 14 1
10 12 1 2 4 6 7 8 9 11 13 0
10 12 1 2 4 6 7 8 9 11 14 1
10 12 1 2 4 6 7 8 9 13 14 1
10 12 1 2 4 6 7 8 11 13 14 0
10 12 1 2 4 6 7 9 11 13 14 0
10 12 1 2 4 6 8 9 11 13 14 1.41421
10 12 1 2 4 7 8 9 11 13 14 0
10 12 1 2 5 6 7 8 9 11 13 0
10 12 1 2 5 6 7 8 9 11 14 1
10 12 1 2 5 6 7 8 9 13 14 1
10 12 1 2 5 6 7 8 11 13 14 0
10 12 1 2 5 6 7 9 11 13 14 0
10 12 1 2 5 6 8 9 11 13 14 1
10 12 1 2 5 7 8 9 11 13 14 0
10 12 1 2 6 7 8 9 11 13 14 1
10 12 1 3 4 5 6 7 8 9 11 1
10 12 1 3 4 5 6 7 8 9 13 0
10 12 1 3 4 5 6 7 8 9 14 1
10 12 1 3 4 5 6 7 8 11 13 0
10 12 1 3 4 5 6 7 8 11 14 1
10 12 1 3 4 5 6 7 8 13 14 0
10 12 1 3 4 5 6 7 9 11 13 0
10 12 1 3 4 5 6 7 9 11 14 1
10 12 1 3 4 5 6 7 9 13 14 0
10 12 1 3 4 5 6 7 11 13 14 0
10 12 1 3 4 5 6 8 9 11 13 0
10 12 1 3 4 5 6 8 9 11 14 1
10 12 1 3 4 5 6 8 9 13 14 0
10 12 1 3 4 5 6 8 11 13 14 0
10 12 1 3 4 5 6 9 11 13 14 0
10 12 1 3 4 5 7 8 9 11 13 0
10 12 1 3 4 5 7 8 9 11 14 1
10 12 1 3 4 5 7 8 9 13 14 1
10 12 1 3 4 5 7 8 11 13 14 1
10 12 1 3 4 5 7 9 11 13 14 0
10 12 1 3 4 5 8 9 11 13 14 0
10 12 1 3 4 6 7 8 9 11 13 1
10 12 1 3 4 6 7 8 9 11 14 1
10 12 1 3 4 6 7 8 9 13 14 1
10 12 1 3 4 6 7 8 11 13 14 1
10 12 1 3 4 6 7 9 11 13 14 1
10 12 1 3 4 6 8 9 11 13 14 1.41421
10 12 1 3 4 7 8 9 11 13 14 1
10 12 1 3 5 6 7 8 9 11 13 0
10 12 1 3 5 6 7 8 9 11 14 1
10 12 1 3 5 6 7 8 9 13 14 0
10 12 1 3 5 6 7 8 11 13 14 0
10 12 1 3 5 6 7 9 11 13 14 0
10 12 1 3 5 6 8 9 11 13 14 0
10 12 1 3 5 7 8 9 11 13 14 0
10 12 1 3 6 7 8 9 11 13 14 1.41421
10 12 1 4 5 6 7 8 9 11 13 1
10 12 1 4 5 6 7 8 9 11 14 1
10 12 1 4 5 6 7 8 9 13 14 1.41421
10 12 1 4 5 6 7 8 11 13 14 1
10 12 1 4 5 6 7 9 11 13 14 1
10 12 1 4 5 6 8 9 11 13 14 1.41421
10 12 1 4 5 7 8 9 11 13 14 1
10 12 1 4 6 7 8 9 11 13 14 1.41421
10 12 1 5 6 7 8 9 11 13 14 1
10 12 2 3 4 5 6 7 8 9 11 1.41421
10 12 2 3 4 5 6 7 8 9 13 0
10 12 2 3 4 5 6 7 8 9 14 1.41421
10 12 2 3 4 5 6 7 8 11 13 0
10 12 2 3 4 5 6 7 8 11 14 1.41421
10 12 2 3 4 5 6 7 8 13 14 0
10 12 2 3 4 5 6 7 9 11 13 1
10 12 2 3 4 5 6 7 9 11 14 1.62019
10 12 2 3 4 5 6 7 9 13 14 1
10 12 2 3 4 5 6 7 11 13 14 1
10 12 2 3 4 5 6 8 9 11 13 1
10 12 2 3 4 5 6 8 9 11 14 1.62019
10 12 2 3 4 5 6 8 9 13 14 1
10 12 2 3 4 5 6 8 11 13 14 1
10 12 2 3 4 5 6 9 11 13 14 1.41421
10 12 2 3 4 5 7 8 9 11 13 0
10 12 2 3 4 5 7 8 9 11 14 1.41421
10 12 2 3 4 5 7 8 9 13 14 1
10 12 2 3 4 5 7 8 11 13 14 1
10 12 2 3 4 5 7 9 11 13 14 1
10 12 2 3 4 5 8 9 11 13 14 1
10 12 2 3 4 6 7 8 9 11 13 0
10 12 2 3 4 6 7 8 9 11 14 1.41421
10 12 2 3 4 6 7 8 9 13 14 0
10 12 2 3 4 6 7 8 11 13 14 0
10 12 2 3 4 6 7 9 11 13 14 1
10 12 2 3 4 6 8 9 11 13 14 1.41421
10 12 2 3 4 7 8 9 11 13 14 0
10 12 2 3 5 6 7 8 9 11 13 0
10 12 2 3 5 6 7 8 9 11 14 1.41421
10 12 2 3 5 6 7 8 9 13 14 0
10 12 2 3 5 6 7 8 11 13 14 0
10 12 2 3 5 6 7 9 11 13 14 1
10 12 2 3 5 6 8 9 11 13 14 1
10 12 2 3 5 7 8 9 11 13 14 0
10 12 2 3 6 7 8 9 11 13 14 1
10 12 2 4 5 6 7 8 9 11 13 0
10 12 2 4 5 6 7 8 9 11 14 1.41421
10 12 2 4 5 6 7 8 9 13 14 1
10 12 2 4 5 6 7 8 11 13 14 0
10 12 2 4 5 6 7 9 11 13 14 1
10 12 2 4 5 6 8 9 11 13 14 1.41421
10 12 2 4 5 7 8 9 11 13 14 0
10 12 2 4 6 7 8 9 11 13 14 0
10 12 2 5 6 7 8 9 11 13 14 0
10 12 3 4 5 6 7 8 9 11 13 1
10 12 3 4 5 6 7 8 9 11 14 1.62019
10 12 3 4 5 6 7 8 9 13 14 1
10 12 3 4 5 6 7 8 11 13 14 1
10 12 3 4 5 6 7 9 11 13 14 1.41421
10 12 3 4 5 6 8 9 11 13 14 1.41421
10 12 3 4 5 7 8 9 11 13 14 1
10 12 3 4 6 7 8 9 11 13 14 1.41421
10 12 3 5 6 7 8 9 11 13 14 1
10 12 4 5 6 7 8 9 11 13 14 1.41421
