1 6 0 2 3 4 5 7 8 9 10 11 12 0
1 6 0 2 3 4 5 7 8 9 10 11 13 0
1 6 0 2 3 4 5 7 8 9 10 11 14 0
1 6 0 2 3 4 5 7 8 9 10 12 13 0
1 6 0 2 3 4 5 7 8 9 10 12 14 0
1 6 0 2 3 4 5 7 8 9 10 13 14 0
1 6 0 2 3 4 5 7 8 9 11 12 13 1
1 6 0 2 3 4 5 7 8 9 11 12 14 0
1 6 0 2 3 4 5 7 8 9 11 13 14 0
1 6 0 2 3 4 5 7 8 9 12 13 14 0
1 6 0 2 3 4 5 7 8 10 11 12 13 0
1 6 0 2 3 4 5 7 8 10 11 12 14 0
1 6 0 2 3 4 5 7 8 10 11 13 14 0
1 6 0 2 3 4 5 7 8 10 12 13 14 0
1 6 0 2 3 4 5 7 8 11 12 13 14 0
1 6 0 2 3 4 5 7 9 10 11 12 13 0
1 6 0 2 3 4 5 7 9 10 11 12 14 0
1 6 0 2 3 4 5 7 9 10 11 13 14 0
1 6 0 2 3 4 5 7 9 10 12 13 14 0
1 6 0 2 3 4 5 7 9 11 12 13 14 1
1 6 0 2 3 4 5 7 10 11 12 13 14 0
1 6 0 2 3 4 5 8 9 10 11 12 13 0
1 6 0 2 3 4 5 8 9 10 11 12 14 0
1 6 0 2 3 4 5 8 9 10 11 13 14 0
1 6 0 2 3 4 5 8 9 10 12 13 14 0
1 6 0 2 3 4 5 8 9 11 12 13 14 0
1 6 0 2 3 4 5 8 10 11 12 13 14 0
1 6 0 2 3 4 5 9 10 11 12 13 14 0
1 6 0 2 3 4 7 8 9 10 11 12 13 0
1 6 0 2 3 4 7 8 9 10 11 12 14 0
1 6 0 2 3 4 7 8 9 10 11 13 14 0
1 6 0 2 3 4 7 8 9 10 12 13 14 0
1 6 0 2 3 4 7 8 9 11 12 13 14 0
1 6 0 2 3 4 7 8 10 11 12 13 14 0
1 6 0 2 3 4 7 9 10 11 12 13 14 0
1 6 0 2 3 4 8 9 10 11 12 13 14 1
1 6 0 2 3 5 7 8 9 10 11 12 13 0
1 6 0 2 3 5 7 8 9 10 11 12 14 0
1 6 0 2 3 5 7 8 9 10 11 13 14 0
1 6 0 2 3 5 7 8 9 10 12 13 14 0
1 6 0 2 3 5 7 8 9 11 12 13 14 1
1 6 0 2 3 5 7 8 10 11 12 13 14 0
1 6 0 2 3 5 7 9 10 11 12 13 14 0
1 6 0 2 3 5 8 9 10 11 12 13 14 0
1 6 0 2 3 7 8 9 10 11 12 13 14 1
1 6 0 2 4 5 7 8 9 10 11 12 13 0
1 6 0 2 4 5 7 8 9 10 11 12 14 0
1 6 0 2 4 5 7 8 9 10 11 13 14 0
1 6 0 2 4 5 7 8 9 10 12 13 14 1
1 6 0 2 4 5 7 8 9 11 12 13 14 0
1 6 0 2 4 5 7 8 10 11 12 13 14 0
1 6 0 2 4 5 7 9 10 11 12 13 14 0
1 6 0 2 4 5 8 9 10 11 12 13 14 1
1 6 0 2 4 7 8 9 10 11 12 13 14 0
1 6 0 2 5 7 8 9 10 11 12 13 14 0
1 6 0 3 4 5 7 8 9 10 11 12 13 0
1 6 0 3 4 5 7 8 9 10 11 12 14 0
1 6 0 3 4 5 7 8 9 10 11 13 14 0
1 6 0 3 4 5 7 8 9 10 12 13 14 0
1 6 0 3 4 5 7 8 9 11 12 13 14 0
1 6 0 3 4 5 7 8 10 11 12 13 14 0
1 6 0 3 4 5 7 9 10 11 12 13 14 0
1 6 0 3 4 5 8 9 10 11 12 13 14 0
1 6 0 3 4 7 8 9 10 11 12 13 14 1
1 6 0 3 5 7 8 9 10 11 12 13 14 0
1 6 0 4 5 7 8 9 10 11 12 13 14 1
1 6 2 3 4 5 7 8 9 10 11 12 13 0
1 6 2 3 4 5 7 8 9 10 11 12 14 1
1 6 2 3 4 5 7 8 9 10 11 13 14 0
1 6 2 3 4 5 7 8 9 10 12 13 14 0
1 6 2 3 4 5 7 8 9 11 12 13 14 0
1 6 2 3 4 5 7 8 10 11 12 13 14 0
1 6 2 3 4 5 7 9 10 11 12 13 14 0
1 6 2 3 4 5 8 9 10 11 12 13 14 0
1 6 2 3 4 7 8 9 10 11 12 13 14 0
1 6 2 3 5 7 8 9 10 11 12 13 14 0
1 6 2 4 5 7 8 9 10 11 12 13 14 0
1 6 3 4 5 7 8 9 10 11 12 13 14 0
