3 7 0 1 1.90693
3 7 0 2 2.04939
3 7 0 4 2.16556
3 7 0 5 2.15297
3 7 0 6 2.27913
3 7 0 8 1.96214
3 7 0 9 2.27913
3 7 0 10 2.10357
3 7 0 11 2.27913
3 7 0 12 2.16025
3 7 0 13 2.16025
3 7 0 14 2.24038
3 7 1 2 1.85164
3 7 1 4 1.41421
3 7 1 5 1.73205
3 7 1 6 1.90693
3 7 1 8 1.73205
3 7 1 9 1.90693
3 7 1 10 1.41421
3 7 1 11 1.90693
3 7 1 12 1.90693
3 7 1 13 1.90693
3 7 1 14 1.73205
3 7 2 4 2
3 7 2 5 2.04939
3 7 2 6 2.08167
3 7 2 8 1.62019
3 7 2 9 2.08167
3 7 2 10 1.85164
3 7 2 11 2.08167
3 7 2 12 2
3 7 2 13 2
3 7 2 14 2
3 7 4 5 2.16556
3 7 4 6 2.23607
3 7 4 8 1.93309
3 7 4 9 2.23607
3 7 4 10 2.13809
3 7 4 11 2.23607
3 7 4 12 2.0381
3 7 4 13 2
3 7 4 14 2.18955
3 7 5 6 2.19034
3 7 5 8 1.85164
3 7 5 9 2.19034
3 7 5 10 2.07802
3 7 5 11 2.19034
3 7 5 12 2.04939
3 7 5 13 2
3 7 5 14 2.16556
3 7 6 8 2.02367
3 7 6 9 2.326
3 7 6 10 2.16556
3 7 6 11 2.326
3 7 6 12 2.20605
3 7 6 13 2.16025
3 7 6 14 2.27837
3 7 8 9 2.02367
3 7 8 10 2
3 7 8 11 2.02367
3 7 8 12 2
3 7 8 13 2
3 7 8 14 2
3 7 9 10 2.16556
3 7 9 11 2.326
3 7 9 12 2.20605
3 7 9 13 2.16025
3 7 9 14 2.27837
3 7 10 11 2.16556
3 7 10 12 2
3 7 10 13 1.90693
3 7 10 14 2.16556
3 7 11 12 2.20605
3 7 11 13 2.16025
3 7 11 14 2.27837
3 7 12 13 2.10639
3 7 12 14 2.16025
3 7 13 14 2.10639
