9 13 0 1 2.44949
9 13 0 2 2.28841
9 13 0 3 2.50333
9 13 0 4 2.68845
9 13 0 5 2.50713
9 13 0 6 2.77833
9 13 0 7 2.28841
9 13 0 8 2.67706
9 13 0 10 2.72172
9 13 0 11 2.74064
9 13 0 12 2.736
9 13 0 14 2.76677
9 13 1 2 1.96769
9 13 1 3 2
9 13 1 4 2.16025
9 13 1 5 1.85164
9 13 1 6 2.44949
9 13 1 7 1.96769
9 13 1 8 2.3094
9 13 1 10 2.26385
9 13 1 11 2.23607
9 13 1 12 2.44949
9 13 1 14 2.3094
9 13 2 3 2.16025
9 13 2 4 2.13535
9 13 2 5 2.08296
9 13 2 6 2.27798
9 13 2 7 2
9 13 2 8 2.08167
9 13 2 10 2.12132
9 13 2 11 2.2563
9 13 2 12 2.1965
9 13 2 14 2.23607
9 13 3 4 2.33699
9 13 3 5 2.15297
9 13 3 6 2.50333
9 13 3 7 2.16025
9 13 3 8 2.28446
9 13 3 10 2.35488
9 13 3 11 2.50333
9 13 3 12 2.44949
9 13 3 14 2.46311
9 13 4 5 2.41291
9 13 4 6 2.67896
9 13 4 7 2.13535
9 13 4 8 2.60419
9 13 4 10 2.67435
9 13 4 11 2.62202
9 13 4 12 2.62912
9 13 4 14 2.69077
9 13 5 6 2.42997
9 13 5 7 2.08296
9 13 5 8 2.26385
9 13 5 10 2.37697
9 13 5 11 2.39046
9 13 5 12 2.44949
9 13 5 14 2.41291
9 13 6 7 2.27798
9 13 6 8 2.65417
9 13 6 10 2.71163
9 13 6 11 2.74064
9 13 6 12 2.71341
9 13 6 14 2.76353
9 13 7 8 2.08167
9 13 7 10 2.12132
9 13 7 11 2.2563
9 13 7 12 2.1965
9 13 7 14 2.23607
9 13 8 10 2.66288
9 13 8 11 2.64575
9 13 8 12 2.62912
9 13 8 14 2.67842
9 13 10 11 2.66231
9 13 10 12 2.66288
9 13 10 14 2.72172
9 13 11 12 2.68949
9 13 11 14 2.72279
9 13 12 14 2.70663
