9 13 0 1 2 3 4 5 6 1.41421
9 13 0 1 2 3 4 5 7 1.41421
9 13 0 1 2 3 4 5 8 1
9 13 0 1 2 3 4 5 10 1
9 13 0 1 2 3 4 5 11 1.41421
9 13 0 1 2 3 4 5 12 1.41421
9 13 0 1 2 3 4 5 14 1
9 13 0 1 2 3 4 6 7 1.41421
9 13 0 1 2 3 4 6 8 1
9 13 0 1 2 3 4 6 10 1
9 13 0 1 2 3 4 6 11 1.41421
9 13 0 1 2 3 4 6 12 1.41421
9 13 0 1 2 3 4 6 14 1
9 13 0 1 2 3 4 7 8 1
9 13 0 1 2 3 4 7 10 1
9 13 0 1 2 3 4 7 11 1.41421
9 13 0 1 2 3 4 7 12 1.41421
9 13 0 1 2 3 4 7 14 1
9 13 0 1 2 3 4 8 10 1
9 13 0 1 2 3 4 8 11 1
9 13 0 1 2 3 4 8 12 1
9 13 0 1 2 3 4 8 14 1
9 13 0 1 2 3 4 10 11 1
9 13 0 1 2 3 4 10 12 1
9 13 0 1 2 3 4 10 14 1
9 13 0 1 2 3 4 11 12 1.41421
9 13 0 1 2 3 4 11 14 1
9 13 0 1 2 3 4 12 14 1
9 13 0 1 2 3 5 6 7 1.73205
9 13 0 1 2 3 5 6 8 1.41421
9 13 0 1 2 3 5 6 10 0
9 13 0 1 2 3 5 6 11 1.73205
9 13 0 1 2 3 5 6 12 1.73205
9 13 0 1 2 3 5 6 14 1.41421
9 13 0 1 2 3 5 7 8 1.41421
9 13 0 1 2 3 5 7 10 1
9 13 0 1 2 3 5 7 11 1.73205
9 13 0 1 2 3 5 7 12 1.73205
9 13 0 1 2 3 5 7 14 1.41421
9 13 0 1 2 3 5 8 10 1
9 13 0 1 2 3 5 8 11 1.41421
9 13 0 1 2 3 5 8 12 1.41421
9 13 0 1 2 3 5 8 14 1
9 13 0 1 2 3 5 10 11 0
9 13 0 1 2 3 5 10 12 1
9 13 0 1 2 3 5 10 14 1
9 13 0 1 2 3 5 11 12 1.73205
9 13 0 1 2 3 5 11 14 1.41421
9 13 0 1 2 3 5 12 14 1.41421
9 13 0 1 2 3 6 7 8 1.62019
9 13 0 1 2 3 6 7 10 1
9 13 0 1 2 3 6 7 11 1.85164
9 13 0 1 2 3 6 7 12 1.85164
9 13 0 1 2 3 6 7 14 1.62019
9 13 0 1 2 3 6 8 10 1.41421
9 13 0 1 2 3 6 8 11 1.73205
9 13 0 1 2 3 6 8 12 1.73205
9 13 0 1 2 3 6 8 14 1.62019
9 13 0 1 2 3 6 10 11 1.41421
9 13 0 1 2 3 6 10 12 1.41421
9 13 0 1 2 3 6 10 14 1.41421
9 13 0 1 2 3 6 11 12 1.90693
9 13 0 1 2 3 6 11 14 1.73205
9 13 0 1 2 3 6 12 14 1.73205
9 13 0 1 2 3 7 8 10 1
9 13 0 1 2 3 7 8 11 1.62019
9 13 0 1 2 3 7 8 12 1.62019
9 13 0 1 2 3 7 8 14 1.41421
9 13 0 1 2 3 7 10 11 1
9 13 0 1 2 3 7 10 12 1
9 13 0 1 2 3 7 10 14 1
9 13 0 1 2 3 7 11 12 1.85164
9 13 0 1 2 3 7 11 14 1.62019
9 13 0 1 2 3 7 12 14 1.62019
9 13 0 1 2 3 8 10 11 1.41421
9 13 0 1 2 3 8 10 12 1.41421
9 13 0 1 2 3 8 10 14 1.41421
9 13 0 1 2 3 8 11 12 1.73205
9 13 0 1 2 3 8 11 14 1.62019
9 13 0 1 2 3 8 12 14 1.62019
9 13 0 1 2 3 10 11 12 1.41421
9 13 0 1 2 3 10 11 14 1.41421
9 13 0 1 2 3 10 12 14 1.41421
9 13 0 1 2 3 11 12 14 1.73205
9 13 0 1 2 4 5 6 7 1.41421
9 13 0 1 2 4 5 6 8 1.41421
9 13 0 1 2 4 5 6 10 1.41421
9 13 0 1 2 4 5 6 11 1.41421
9 13 0 1 2 4 5 6 12 1.41421
9 13 0 1 2 4 5 6 14 1.41421
9 13 0 1 2 4 5 7 8 1.41421
9 13 0 1 2 4 5 7 10 1.41421
9 13 0 1 2 4 5 7 11 1.41421
9 13 0 1 2 4 5 7 12 1.41421
9 13 0 1 2 4 5 7 14 1.41421
9 13 0 1 2 4 5 8 10 1.62019
9 13 0 1 2 4 5 8 11 1
9 13 0 1 2 4 5 8 12 1.62019
9 13 0 1 2 4 5 8 14 1.62019
9 13 0 1 2 4 5 10 11 1
9 13 0 1 2 4 5 10 12 1.62019
9 13 0 1 2 4 5 10 14 1.62019
9 13 0 1 2 4 5 11 12 1.41421
9 13 0 1 2 4 5 11 14 1
9 13 0 1 2 4 5 12 14 1.62019
9 13 0 1 2 4 6 7 8 1
9 13 0 1 2 4 6 7 10 1
9 13 0 1 2 4 6 7 11 1.41421
9 13 0 1 2 4 6 7 12 1.41421
9 13 0 1 2 4 6 7 14 1
9 13 0 1 2 4 6 8 10 1.62019
9 13 0 1 2 4 6 8 11 1.41421
9 13 0 1 2 4 6 8 12 1.62019
9 13 0 1 2 4 6 8 14 1.62019
9 13 0 1 2 4 6 10 11 1.41421
9 13 0 1 2 4 6 10 12 1.62019
9 13 0 1 2 4 6 10 14 1.62019
9 13 0 1 2 4 6 11 12 1.41421
9 13 0 1 2 4 6 11 14 1.41421
9 13 0 1 2 4 6 12 14 1.62019
9 13 0 1 2 4 7 8 10 1.41421
9 13 0 1 2 4 7 8 11 1
9 13 0 1 2 4 7 8 12 1.41421
9 13 0 1 2 4 7 8 14 1.41421
9 13 0 1 2 4 7 10 11 0
9 13 0 1 2 4 7 10 12 1.41421
9 13 0 1 2 4 7 10 14 1.41421
9 13 0 1 2 4 7 11 12 1.41421
9 13 0 1 2 4 7 11 14 1
9 13 0 1 2 4 7 12 14 1.41421
9 13 0 1 2 4 8 10 11 1.41421
9 13 0 1 2 4 8 10 12 1.73205
9 13 0 1 2 4 8 10 14 1.73205
9 13 0 1 2 4 8 11 12 1.41421
9 13 0 1 2 4 8 11 14 1.41421
9 13 0 1 2 4 8 12 14 1.73205
9 13 0 1 2 4 10 11 12 1.41421
9 13 0 1 2 4 10 11 14 1.41421
9 13 0 1 2 4 10 12 14 1.73205
9 13 0 1 2 4 11 12 14 1.41421
9 13 0 1 2 5 6 7 8 1.41421
9 13 0 1 2 5 6 7 10 1
9 13 0 1 2 5 6 7 11 1.73205
9 13 0 1 2 5 6 7 12 1.73205
9 13 0 1 2 5 6 7 14 1.41421
9 13 0 1 2 5 6 8 10 1.41421
9 13 0 1 2 5 6 8 11 1.41421
9 13 0 1 2 5 6 8 12 1.41421
9 13 0 1 2 5 6 8 14 1.41421
9 13 0 1 2 5 6 10 11 1
9 13 0 1 2 5 6 10 12 1.41421
9 13 0 1 2 5 6 10 14 1.41421
9 13 0 1 2 5 6 11 12 1.73205
9 13 0 1 2 5 6 11 14 1.41421
9 13 0 1 2 5 6 12 14 1.41421
9 13 0 1 2 5 7 8 10 1.41421
9 13 0 1 2 5 7 8 11 1.41421
9 13 0 1 2 5 7 8 12 1.41421
9 13 0 1 2 5 7 8 14 1.41421
9 13 0 1 2 5 7 10 11 0
9 13 0 1 2 5 7 10 12 1.41421
9 13 0 1 2 5 7 10 14 1.41421
9 13 0 1 2 5 7 11 12 1.73205
9 13 0 1 2 5 7 11 14 1.41421
9 13 0 1 2 5 7 12 14 1.41421
9 13 0 1 2 5 8 10 11 1
9 13 0 1 2 5 8 10 12 1.62019
9 13 0 1 2 5 8 10 14 1.62019
9 13 0 1 2 5 8 11 12 1.41421
9 13 0 1 2 5 8 11 14 1
9 13 0 1 2 5 8 12 14 1.62019
9 13 0 1 2 5 10 11 12 1
9 13 0 1 2 5 10 11 14 1
9 13 0 1 2 5 10 12 14 1.62019
9 13 0 1 2 5 11 12 14 1.41421
9 13 0 1 2 6 7 8 10 1
9 13 0 1 2 6 7 8 11 1.62019
9 13 0 1 2 6 7 8 12 1.62019
9 13 0 1 2 6 7 8 14 1.41421
9 13 0 1 2 6 7 10 11 1
9 13 0 1 2 6 7 10 12 1
9 13 0 1 2 6 7 10 14 1
9 13 0 1 2 6 7 11 12 1.85164
9 13 0 1 2 6 7 11 14 1.62019
9 13 0 1 2 6 7 12 14 1.62019
9 13 0 1 2 6 8 10 11 1.62019
9 13 0 1 2 6 8 10 12 1.73205
9 13 0 1 2 6 8 10 14 1.73205
9 13 0 1 2 6 8 11 12 1.81265
9 13 0 1 2 6 8 11 14 1.73205
9 13 0 1 2 6 8 12 14 1.81265
9 13 0 1 2 6 10 11 12 1.62019
9 13 0 1 2 6 10 11 14 1.62019
9 13 0 1 2 6 10 12 14 1.73205
9 13 0 1 2 6 11 12 14 1.81265
9 13 0 1 2 7 8 10 11 1
9 13 0 1 2 7 8 10 12 1.41421
9 13 0 1 2 7 8 10 14 1.41421
9 13 0 1 2 7 8 11 12 1.62019
9 13 0 1 2 7 8 11 14 1.41421
9 13 0 1 2 7 8 12 14 1.41421
9 13 0 1 2 7 10 11 12 1
9 13 0 1 2 7 10 11 14 1
9 13 0 1 2 7 10 12 14 1.41421
9 13 0 1 2 7 11 12 14 1.62019
9 13 0 1 2 8 10 11 12 1.62019
9 13 0 1 2 8 10 11 14 1.62019
9 13 0 1 2 8 10 12 14 1.81265
9 13 0 1 2 8 11 12 14 1.73205
9 13 0 1 2 10 11 12 14 1.62019
9 13 0 1 3 4 5 6 7 1.41421
9 13 0 1 3 4 5 6 8 1
9 13 0 1 3 4 5 6 10 0
9 13 0 1 3 4 5 6 11 1.41421
9 13 0 1 3 4 5 6 12 1.41421
9 13 0 1 3 4 5 6 14 1
9 13 0 1 3 4 5 7 8 1
9 13 0 1 3 4 5 7 10 1
9 13 0 1 3 4 5 7 11 1.41421
9 13 0 1 3 4 5 7 12 1.41421
9 13 0 1 3 4 5 7 14 1
9 13 0 1 3 4 5 8 10 1
9 13 0 1 3 4 5 8 11 1
9 13 0 1 3 4 5 8 12 1
9 13 0 1 3 4 5 8 14 1
9 13 0 1 3 4 5 10 11 0
9 13 0 1 3 4 5 10 12 1
9 13 0 1 3 4 5 10 14 1
9 13 0 1 3 4 5 11 12 1.41421
9 13 0 1 3 4 5 11 14 1
9 13 0 1 3 4 5 12 14 1
9 13 0 1 3 4 6 7 8 1
9 13 0 1 3 4 6 7 10 1
9 13 0 1 3 4 6 7 11 1.41421
9 13 0 1 3 4 6 7 12 1.41421
9 13 0 1 3 4 6 7 14 1
9 13 0 1 3 4 6 8 10 1.41421
9 13 0 1 3 4 6 8 11 1.41421
9 13 0 1 3 4 6 8 12 1.41421
9 13 0 1 3 4 6 8 14 1.41421
9 13 0 1 3 4 6 10 11 1.41421
9 13 0 1 3 4 6 10 12 1.41421
9 13 0 1 3 4 6 10 14 1.41421
9 13 0 1 3 4 6 11 12 1.41421
9 13 0 1 3 4 6 11 14 1.41421
9 13 0 1 3 4 6 12 14 1.41421
9 13 0 1 3 4 7 8 10 1
9 13 0 1 3 4 7 8 11 1
9 13 0 1 3 4 7 8 12 1
9 13 0 1 3 4 7 8 14 1
9 13 0 1 3 4 7 10 11 1
9 13 0 1 3 4 7 10 12 1
9 13 0 1 3 4 7 10 14 1
9 13 0 1 3 4 7 11 12 1.41421
9 13 0 1 3 4 7 11 14 1
9 13 0 1 3 4 7 12 14 1
9 13 0 1 3 4 8 10 11 1.41421
9 13 0 1 3 4 8 10 12 1.41421
9 13 0 1 3 4 8 10 14 1.41421
9 13 0 1 3 4 8 11 12 1.41421
9 13 0 1 3 4 8 11 14 1.41421
9 13 0 1 3 4 8 12 14 1.41421
9 13 0 1 3 4 10 11 12 1.41421
9 13 0 1 3 4 10 11 14 1.41421
9 13 0 1 3 4 10 12 14 1.41421
9 13 0 1 3 4 11 12 14 1.41421
9 13 0 1 3 5 6 7 8 1.41421
9 13 0 1 3 5 6 7 10 0
9 13 0 1 3 5 6 7 11 1.73205
9 13 0 1 3 5 6 7 12 1.73205
9 13 0 1 3 5 6 7 14 1.41421
9 13 0 1 3 5 6 8 10 0
9 13 0 1 3 5 6 8 11 1.41421
9 13 0 1 3 5 6 8 12 1.41421
9 13 0 1 3 5 6 8 14 1
9 13 0 1 3 5 6 10 11 0
9 13 0 1 3 5 6 10 12 0
9 13 0 1 3 5 6 10 14 0
9 13 0 1 3 5 6 11 12 1.73205
9 13 0 1 3 5 6 11 14 1.41421
9 13 0 1 3 5 6 12 14 1.41421
9 13 0 1 3 5 7 8 10 1
9 13 0 1 3 5 7 8 11 1.41421
9 13 0 1 3 5 7 8 12 1.41421
9 13 0 1 3 5 7 8 14 1
9 13 0 1 3 5 7 10 11 0
9 13 0 1 3 5 7 10 12 1
9 13 0 1 3 5 7 10 14 1
9 13 0 1 3 5 7 11 12 1.73205
9 13 0 1 3 5 7 11 14 1.41421
9 13 0 1 3 5 7 12 14 1.41421
9 13 0 1 3 5 8 10 11 0
9 13 0 1 3 5 8 10 12 1
9 13 0 1 3 5 8 10 14 1
9 13 0 1 3 5 8 11 12 1.41421
9 13 0 1 3 5 8 11 14 1
9 13 0 1 3 5 8 12 14 1
9 13 0 1 3 5 10 11 12 0
9 13 0 1 3 5 10 11 14 0
9 13 0 1 3 5 10 12 14 1
9 13 0 1 3 5 11 12 14 1.41421
9 13 0 1 3 6 7 8 10 1.41421
9 13 0 1 3 6 7 8 11 1.73205
9 13 0 1 3 6 7 8 12 1.73205
9 13 0 1 3 6 7 8 14 1.62019
9 13 0 1 3 6 7 10 11 1.41421
9 13 0 1 3 6 7 10 12 1.41421
9 13 0 1 3 6 7 10 14 1.41421
9 13 0 1 3 6 7 11 12 1.90693
9 13 0 1 3 6 7 11 14 1.73205
9 13 0 1 3 6 7 12 14 1.73205
9 13 0 1 3 6 8 10 11 1.73205
9 13 0 1 3 6 8 10 12 1.73205
9 13 0 1 3 6 8 10 14 1.73205
9 13 0 1 3 6 8 11 12 1.90693
9 13 0 1 3 6 8 11 14 1.85164
9 13 0 1 3 6 8 12 14 1.85164
9 13 0 1 3 6 10 11 12 1.73205
9 13 0 1 3 6 10 11 14 1.73205
9 13 0 1 3 6 10 12 14 1.73205
9 13 0 1 3 6 11 12 14 1.90693
9 13 0 1 3 7 8 10 11 1.41421
9 13 0 1 3 7 8 10 12 1.41421
9 13 0 1 3 7 8 10 14 1.41421
9 13 0 1 3 7 8 11 12 1.73205
9 13 0 1 3 7 8 11 14 1.62019
9 13 0 1 3 7 8 12 14 1.62019
9 13 0 1 3 7 10 11 12 1.41421
9 13 0 1 3 7 10 11 14 1.41421
9 13 0 1 3 7 10 12 14 1.41421
9 13 0 1 3 7 11 12 14 1.73205
9 13 0 1 3 8 10 11 12 1.73205
9 13 0 1 3 8 10 11 14 1.73205
9 13 0 1 3 8 10 12 14 1.73205
9 13 0 1 3 8 11 12 14 1.85164
9 13 0 1 3 10 11 12 14 1.73205
9 13 0 1 4 5 6 7 8 1.41421
9 13 0 1 4 5 6 7 10 1.41421
9 13 0 1 4 5 6 7 11 1.41421
9 13 0 1 4 5 6 7 12 1.41421
9 13 0 1 4 5 6 7 14 1.41421
9 13 0 1 4 5 6 8 10 1.73205
9 13 0 1 4 5 6 8 11 1.41421
9 13 0 1 4 5 6 8 12 1.73205
9 13 0 1 4 5 6 8 14 1.73205
9 13 0 1 4 5 6 10 11 1.41421
9 13 0 1 4 5 6 10 12 1.73205
9 13 0 1 4 5 6 10 14 1.73205
9 13 0 1 4 5 6 11 12 1.41421
9 13 0 1 4 5 6 11 14 1.41421
9 13 0 1 4 5 6 12 14 1.73205
9 13 0 1 4 5 7 8 10 1.62019
9 13 0 1 4 5 7 8 11 1
9 13 0 1 4 5 7 8 12 1.62019
9 13 0 1 4 5 7 8 14 1.62019
9 13 0 1 4 5 7 10 11 1
9 13 0 1 4 5 7 10 12 1.62019
9 13 0 1 4 5 7 10 14 1.62019
9 13 0 1 4 5 7 11 12 1.41421
9 13 0 1 4 5 7 11 14 1
9 13 0 1 4 5 7 12 14 1.62019
9 13 0 1 4 5 8 10 11 1.41421
9 13 0 1 4 5 8 10 12 1.85164
9 13 0 1 4 5 8 10 14 1.85164
9 13 0 1 4 5 8 11 12 1.41421
9 13 0 1 4 5 8 11 14 1.41421
9 13 0 1 4 5 8 12 14 1.85164
9 13 0 1 4 5 10 11 12 1.41421
9 13 0 1 4 5 10 11 14 1.41421
9 13 0 1 4 5 10 12 14 1.85164
9 13 0 1 4 5 11 12 14 1.41421
9 13 0 1 4 6 7 8 10 1.62019
9 13 0 1 4 6 7 8 11 1.41421
9 13 0 1 4 6 7 8 12 1.62019
9 13 0 1 4 6 7 8 14 1.62019
9 13 0 1 4 6 7 10 11 1.41421
9 13 0 1 4 6 7 10 12 1.62019
9 13 0 1 4 6 7 10 14 1.62019
9 13 0 1 4 6 7 11 12 1.41421
9 13 0 1 4 6 7 11 14 1.41421
9 13 0 1 4 6 7 12 14 1.62019
9 13 0 1 4 6 8 10 11 2
9 13 0 1 4 6 8 10 12 2.13664
9 13 0 1 4 6 8 10 14 2.13664
9 13 0 1 4 6 8 11 12 2
9 13 0 1 4 6 8 11 14 2
9 13 0 1 4 6 8 12 14 2.13664
9 13 0 1 4 6 10 11 12 2
9 13 0 1 4 6 10 11 14 2
9 13 0 1 4 6 10 12 14 2.13664
9 13 0 1 4 6 11 12 14 2
9 13 0 1 4 7 8 10 11 1.41421
9 13 0 1 4 7 8 10 12 1.73205
9 13 0 1 4 7 8 10 14 1.73205
9 13 0 1 4 7 8 11 12 1.41421
9 13 0 1 4 7 8 11 14 1.41421
9 13 0 1 4 7 8 12 14 1.73205
9 13 0 1 4 7 10 11 12 1.41421
9 13 0 1 4 7 10 11 14 1.41421
9 13 0 1 4 7 10 12 14 1.73205
9 13 0 1 4 7 11 12 14 1.41421
9 13 0 1 4 8 10 11 12 2
9 13 0 1 4 8 10 11 14 2
9 13 0 1 4 8 10 12 14 2.16025
9 13 0 1 4 8 11 12 14 2
9 13 0 1 4 10 11 12 14 2
9 13 0 1 5 6 7 8 10 1.41421
9 13 0 1 5 6 7 8 11 1.41421
9 13 0 1 5 6 7 8 12 1.41421
9 13 0 1 5 6 7 8 14 1.41421
9 13 0 1 5 6 7 10 11 1
9 13 0 1 5 6 7 10 12 1.41421
9 13 0 1 5 6 7 10 14 1.41421
9 13 0 1 5 6 7 11 12 1.73205
9 13 0 1 5 6 7 11 14 1.41421
9 13 0 1 5 6 7 12 14 1.41421
9 13 0 1 5 6 8 10 11 1.41421
9 13 0 1 5 6 8 10 12 1.73205
9 13 0 1 5 6 8 10 14 1.73205
9 13 0 1 5 6 8 11 12 1.41421
9 13 0 1 5 6 8 11 14 1.41421
9 13 0 1 5 6 8 12 14 1.73205
9 13 0 1 5 6 10 11 12 1.41421
9 13 0 1 5 6 10 11 14 1.41421
9 13 0 1 5 6 10 12 14 1.73205
9 13 0 1 5 6 11 12 14 1.41421
9 13 0 1 5 7 8 10 11 1
9 13 0 1 5 7 8 10 12 1.62019
9 13 0 1 5 7 8 10 14 1.62019
9 13 0 1 5 7 8 11 12 1.41421
9 13 0 1 5 7 8 11 14 1
9 13 0 1 5 7 8 12 14 1.62019
9 13 0 1 5 7 10 11 12 1
9 13 0 1 5 7 10 11 14 1
9 13 0 1 5 7 10 12 14 1.62019
9 13 0 1 5 7 11 12 14 1.41421
9 13 0 1 5 8 10 11 12 1.41421
9 13 0 1 5 8 10 11 14 1.41421
9 13 0 1 5 8 10 12 14 1.85164
9 13 0 1 5 8 11 12 14 1.41421
9 13 0 1 5 10 11 12 14 1.41421
9 13 0 1 6 7 8 10 11 1.62019
9 13 0 1 6 7 8 10 12 1.73205
9 13 0 1 6 7 8 10 14 1.73205
9 13 0 1 6 7 8 11 12 1.81265
9 13 0 1 6 7 8 11 14 1.73205
9 13 0 1 6 7 8 12 14 1.81265
9 13 0 1 6 7 10 11 12 1.62019
9 13 0 1 6 7 10 11 14 1.62019
9 13 0 1 6 7 10 12 14 1.73205
9 13 0 1 6 7 11 12 14 1.81265
9 13 0 1 6 8 10 11 12 2.13664
9 13 0 1 6 8 10 11 14 2.13664
9 13 0 1 6 8 10 12 14 2.23607
9 13 0 1 6 8 11 12 14 2.16025
9 13 0 1 6 10 11 12 14 2.13664
9 13 0 1 7 8 10 11 12 1.62019
9 13 0 1 7 8 10 11 14 1.62019
9 13 0 1 7 8 10 12 14 1.81265
9 13 0 1 7 8 11 12 14 1.73205
9 13 0 1 7 10 11 12 14 1.62019
9 13 0 1 8 10 11 12 14 2.13664
9 13 0 2 3 4 5 6 7 1.73205
9 13 0 2 3 4 5 6 8 1.41421
9 13 0 2 3 4 5 6 10 1.73205
9 13 0 2 3 4 5 6 11 1.90693
9 13 0 2 3 4 5 6 12 1.73205
9 13 0 2 3 4 5 6 14 1.85164
9 13 0 2 3 4 5 7 8 1
9 13 0 2 3 4 5 7 10 1.41421
9 13 0 2 3 4 5 7 11 1.73205
9 13 0 2 3 4 5 7 12 1.62019
9 13 0 2 3 4 5 7 14 1.62019
9 13 0 2 3 4 5 8 10 1.41421
9 13 0 2 3 4 5 8 11 1.41421
9 13 0 2 3 4 5 8 12 1
9 13 0 2 3 4 5 8 14 1.41421
9 13 0 2 3 4 5 10 11 1.73205
9 13 0 2 3 4 5 10 12 1.41421
9 13 0 2 3 4 5 10 14 1.73205
9 13 0 2 3 4 5 11 12 1.73205
9 13 0 2 3 4 5 11 14 1.85164
9 13 0 2 3 4 5 12 14 1.62019
9 13 0 2 3 4 6 7 8 1
9 13 0 2 3 4 6 7 10 1.41421
9 13 0 2 3 4 6 7 11 1.73205
9 13 0 2 3 4 6 7 12 1.62019
9 13 0 2 3 4 6 7 14 1.62019
9 13 0 2 3 4 6 8 10 1.62019
9 13 0 2 3 4 6 8 11 1.62019
9 13 0 2 3 4 6 8 12 1.41421
9 13 0 2 3 4 6 8 14 1.62019
9 13 0 2 3 4 6 10 11 1.85164
9 13 0 2 3 4 6 10 12 1.62019
9 13 0 2 3 4 6 10 14 1.85164
9 13 0 2 3 4 6 11 12 1.81265
9 13 0 2 3 4 6 11 14 1.93309
9 13 0 2 3 4 6 12 14 1.73205
9 13 0 2 3 4 7 8 10 1
9 13 0 2 3 4 7 8 11 1
9 13 0 2 3 4 7 8 12 1
9 13 0 2 3 4 7 8 14 1
9 13 0 2 3 4 7 10 11 1.41421
9 13 0 2 3 4 7 10 12 1
9 13 0 2 3 4 7 10 14 1.41421
9 13 0 2 3 4 7 11 12 1.62019
9 13 0 2 3 4 7 11 14 1.62019
9 13 0 2 3 4 7 12 14 1.41421
9 13 0 2 3 4 8 10 11 1.62019
9 13 0 2 3 4 8 10 12 1.41421
9 13 0 2 3 4 8 10 14 1.62019
9 13 0 2 3 4 8 11 12 1.41421
9 13 0 2 3 4 8 11 14 1.62019
9 13 0 2 3 4 8 12 14 1.41421
9 13 0 2 3 4 10 11 12 1.62019
9 13 0 2 3 4 10 11 14 1.85164
9 13 0 2 3 4 10 12 14 1.62019
9 13 0 2 3 4 11 12 14 1.73205
9 13 0 2 3 5 6 7 8 1.41421
9 13 0 2 3 5 6 7 10 1.41421
9 13 0 2 3 5 6 7 11 1.90693
9 13 0 2 3 5 6 7 12 1.85164
9 13 0 2 3 5 6 7 14 1.73205
9 13 0 2 3 5 6 8 10 1.41421
9 13 0 2 3 5 6 8 11 1.41421
9 13 0 2 3 5 6 8 12 1.41421
9 13 0 2 3 5 6 8 14 1.41421
9 13 0 2 3 5 6 10 11 1.73205
9 13 0 2 3 5 6 10 12 1.41421
9 13 0 2 3 5 6 10 14 1.73205
9 13 0 2 3 5 6 11 12 1.90693
9 13 0 2 3 5 6 11 14 1.90693
9 13 0 2 3 5 6 12 14 1.73205
9 13 0 2 3 5 7 8 10 1
9 13 0 2 3 5 7 8 11 1.41421
9 13 0 2 3 5 7 8 12 1.41421
9 13 0 2 3 5 7 8 14 1
9 13 0 2 3 5 7 10 11 1.41421
9 13 0 2 3 5 7 10 12 1
9 13 0 2 3 5 7 10 14 1.41421
9 13 0 2 3 5 7 11 12 1.85164
9 13 0 2 3 5 7 11 14 1.73205
9 13 0 2 3 5 7 12 14 1.62019
9 13 0 2 3 5 8 10 11 1.41421
9 13 0 2 3 5 8 10 12 1
9 13 0 2 3 5 8 10 14 1.41421
9 13 0 2 3 5 8 11 12 1.41421
9 13 0 2 3 5 8 11 14 1.41421
9 13 0 2 3 5 8 12 14 1
9 13 0 2 3 5 10 11 12 1.41421
9 13 0 2 3 5 10 11 14 1.73205
9 13 0 2 3 5 10 12 14 1.41421
9 13 0 2 3 5 11 12 14 1.73205
9 13 0 2 3 6 7 8 10 1
9 13 0 2 3 6 7 8 11 1.62019
9 13 0 2 3 6 7 8 12 1.62019
9 13 0 2 3 6 7 8 14 1.41421
9 13 0 2 3 6 7 10 11 1.41421
9 13 0 2 3 6 7 10 12 1
9 13 0 2 3 6 7 10 14 1.41421
9 13 0 2 3 6 7 11 12 1.93309
9 13 0 2 3 6 7 11 14 1.81265
9 13 0 2 3 6 7 12 14 1.73205
9 13 0 2 3 6 8 10 11 1.73205
9 13 0 2 3 6 8 10 12 1.62019
9 13 0 2 3 6 8 10 14 1.73205
9 13 0 2 3 6 8 11 12 1.81265
9 13 0 2 3 6 8 11 14 1.81265
9 13 0 2 3 6 8 12 14 1.73205
9 13 0 2 3 6 10 11 12 1.73205
9 13 0 2 3 6 10 11 14 1.90693
9 13 0 2 3 6 10 12 14 1.73205
9 13 0 2 3 6 11 12 14 2
9 13 0 2 3 7 8 10 11 1
9 13 0 2 3 7 8 10 12 1
9 13 0 2 3 7 8 10 14 1
9 13 0 2 3 7 8 11 12 1.62019
9 13 0 2 3 7 8 11 14 1.41421
9 13 0 2 3 7 8 12 14 1.41421
9 13 0 2 3 7 10 11 12 1
9 13 0 2 3 7 10 11 14 1.41421
9 13 0 2 3 7 10 12 14 1
9 13 0 2 3 7 11 12 14 1.73205
9 13 0 2 3 8 10 11 12 1.62019
9 13 0 2 3 8 10 11 14 1.73205
9 13 0 2 3 8 10 12 14 1.62019
9 13 0 2 3 8 11 12 14 1.73205
9 13 0 2 3 10 11 12 14 1.73205
9 13 0 2 4 5 6 7 8 1
9 13 0 2 4 5 6 7 10 1.41421
9 13 0 2 4 5 6 7 11 1.73205
9 13 0 2 4 5 6 7 12 1.62019
9 13 0 2 4 5 6 7 14 1.62019
9 13 0 2 4 5 6 8 10 1.73205
9 13 0 2 4 5 6 8 11 1.62019
9 13 0 2 4 5 6 8 12 1.62019
9 13 0 2 4 5 6 8 14 1.73205
9 13 0 2 4 5 6 10 11 1.85164
9 13 0 2 4 5 6 10 12 1.73205
9 13 0 2 4 5 6 10 14 1.90693
9 13 0 2 4 5 6 11 12 1.81265
9 13 0 2 4 5 6 11 14 1.93309
9 13 0 2 4 5 6 12 14 1.81265
9 13 0 2 4 5 7 8 10 1.41421
9 13 0 2 4 5 7 8 11 1
9 13 0 2 4 5 7 8 12 1.41421
9 13 0 2 4 5 7 8 14 1.41421
9 13 0 2 4 5 7 10 11 1.41421
9 13 0 2 4 5 7 10 12 1.41421
9 13 0 2 4 5 7 10 14 1.41421
9 13 0 2 4 5 7 11 12 1.62019
9 13 0 2 4 5 7 11 14 1.62019
9 13 0 2 4 5 7 12 14 1.41421
9 13 0 2 4 5 8 10 11 1.62019
9 13 0 2 4 5 8 10 12 1.73205
9 13 0 2 4 5 8 10 14 1.81265
9 13 0 2 4 5 8 11 12 1.41421
9 13 0 2 4 5 8 11 14 1.62019
9 13 0 2 4 5 8 12 14 1.73205
9 13 0 2 4 5 10 11 12 1.62019
9 13 0 2 4 5 10 11 14 1.85164
9 13 0 2 4 5 10 12 14 1.81265
9 13 0 2 4 5 11 12 14 1.73205
9 13 0 2 4 6 7 8 10 1
9 13 0 2 4 6 7 8 11 1
9 13 0 2 4 6 7 8 12 1
9 13 0 2 4 6 7 8 14 1
9 13 0 2 4 6 7 10 11 1.41421
9 13 0 2 4 6 7 10 12 1
9 13 0 2 4 6 7 10 14 1.41421
9 13 0 2 4 6 7 11 12 1.62019
9 13 0 2 4 6 7 11 14 1.62019
9 13 0 2 4 6 7 12 14 1.41421
9 13 0 2 4 6 8 10 11 1.85164
9 13 0 2 4 6 8 10 12 1.85164
9 13 0 2 4 6 8 10 14 1.93309
9 13 0 2 4 6 8 11 12 1.73205
9 13 0 2 4 6 8 11 14 1.85164
9 13 0 2 4 6 8 12 14 1.85164
9 13 0 2 4 6 10 11 12 1.85164
9 13 0 2 4 6 10 11 14 2.00294
9 13 0 2 4 6 10 12 14 1.93309
9 13 0 2 4 6 11 12 14 1.90693
9 13 0 2 4 7 8 10 11 1
9 13 0 2 4 7 8 10 12 1.41421
9 13 0 2 4 7 8 10 14 1.41421
9 13 0 2 4 7 8 11 12 1
9 13 0 2 4 7 8 11 14 1
9 13 0 2 4 7 8 12 14 1.41421
9 13 0 2 4 7 10 11 12 1
9 13 0 2 4 7 10 11 14 1.41421
9 13 0 2 4 7 10 12 14 1.41421
9 13 0 2 4 7 11 12 14 1.41421
9 13 0 2 4 8 10 11 12 1.73205
9 13 0 2 4 8 10 11 14 1.85164
9 13 0 2 4 8 10 12 14 1.90693
9 13 0 2 4 8 11 12 14 1.73205
9 13 0 2 4 10 11 12 14 1.85164
9 13 0 2 5 6 7 8 10 1
9 13 0 2 5 6 7 8 11 1.41421
9 13 0 2 5 6 7 8 12 1.41421
9 13 0 2 5 6 7 8 14 1
9 13 0 2 5 6 7 10 11 1.41421
9 13 0 2 5 6 7 10 12 1
9 13 0 2 5 6 7 10 14 1.41421
9 13 0 2 5 6 7 11 12 1.85164
9 13 0 2 5 6 7 11 14 1.73205
9 13 0 2 5 6 7 12 14 1.62019
9 13 0 2 5 6 8 10 11 1.62019
9 13 0 2 5 6 8 10 12 1.62019
9 13 0 2 5 6 8 10 14 1.73205
9 13 0 2 5 6 8 11 12 1.41421
9 13 0 2 5 6 8 11 14 1.62019
9 13 0 2 5 6 8 12 14 1.62019
9 13 0 2 5 6 10 11 12 1.62019
9 13 0 2 5 6 10 11 14 1.85164
9 13 0 2 5 6 10 12 14 1.73205
9 13 0 2 5 6 11 12 14 1.81265
9 13 0 2 5 7 8 10 11 1
9 13 0 2 5 7 8 10 12 1.41421
9 13 0 2 5 7 8 10 14 1.41421
9 13 0 2 5 7 8 11 12 1.41421
9 13 0 2 5 7 8 11 14 1
9 13 0 2 5 7 8 12 14 1.41421
9 13 0 2 5 7 10 11 12 1
9 13 0 2 5 7 10 11 14 1.41421
9 13 0 2 5 7 10 12 14 1.41421
9 13 0 2 5 7 11 12 14 1.62019
9 13 0 2 5 8 10 11 12 1.41421
9 13 0 2 5 8 10 11 14 1.62019
9 13 0 2 5 8 10 12 14 1.73205
9 13 0 2 5 8 11 12 14 1.41421
9 13 0 2 5 10 11 12 14 1.62019
9 13 0 2 6 7 8 10 11 1
9 13 0 2 6 7 8 10 12 1
9 13 0 2 6 7 8 10 14 1
9 13 0 2 6 7 8 11 12 1.62019
9 13 0 2 6 7 8 11 14 1.41421
9 13 0 2 6 7 8 12 14 1.41421
9 13 0 2 6 7 10 11 12 1
9 13 0 2 6 7 10 11 14 1.41421
9 13 0 2 6 7 10 12 14 1
9 13 0 2 6 7 11 12 14 1.73205
9 13 0 2 6 8 10 11 12 1.85164
9 13 0 2 6 8 10 11 14 1.93309
9 13 0 2 6 8 10 12 14 1.93309
9 13 0 2 6 8 11 12 14 1.90693
9 13 0 2 6 10 11 12 14 1.93309
9 13 0 2 7 8 10 11 12 1
9 13 0 2 7 8 10 11 14 1
9 13 0 2 7 8 10 12 14 1.41421
9 13 0 2 7 8 11 12 14 1.41421
9 13 0 2 7 10 11 12 14 1
9 13 0 2 8 10 11 12 14 1.85164
9 13 0 3 4 5 6 7 8 1.41421
9 13 0 3 4 5 6 7 10 1.73205
9 13 0 3 4 5 6 7 11 1.90693
9 13 0 3 4 5 6 7 12 1.73205
9 13 0 3 4 5 6 7 14 1.85164
9 13 0 3 4 5 6 8 10 1.73205
9 13 0 3 4 5 6 8 11 1.73205
9 13 0 3 4 5 6 8 12 1.41421
9 13 0 3 4 5 6 8 14 1.73205
9 13 0 3 4 5 6 10 11 2
9 13 0 3 4 5 6 10 12 1.73205
9 13 0 3 4 5 6 10 14 2
9 13 0 3 4 5 6 11 12 1.90693
9 13 0 3 4 5 6 11 14 2.07802
9 13 0 3 4 5 6 12 14 1.85164
9 13 0 3 4 5 7 8 10 1.41421
9 13 0 3 4 5 7 8 11 1.41421
9 13 0 3 4 5 7 8 12 1
9 13 0 3 4 5 7 8 14 1.41421
9 13 0 3 4 5 7 10 11 1.73205
9 13 0 3 4 5 7 10 12 1.41421
9 13 0 3 4 5 7 10 14 1.73205
9 13 0 3 4 5 7 11 12 1.73205
9 13 0 3 4 5 7 11 14 1.85164
9 13 0 3 4 5 7 12 14 1.62019
9 13 0 3 4 5 8 10 11 1.73205
9 13 0 3 4 5 8 10 12 1.41421
9 13 0 3 4 5 8 10 14 1.73205
9 13 0 3 4 5 8 11 12 1.41421
9 13 0 3 4 5 8 11 14 1.73205
9 13 0 3 4 5 8 12 14 1.41421
9 13 0 3 4 5 10 11 12 1.73205
9 13 0 3 4 5 10 11 14 2
9 13 0 3 4 5 10 12 14 1.73205
9 13 0 3 4 5 11 12 14 1.85164
9 13 0 3 4 6 7 8 10 1.62019
9 13 0 3 4 6 7 8 11 1.62019
9 13 0 3 4 6 7 8 12 1.41421
9 13 0 3 4 6 7 8 14 1.62019
9 13 0 3 4 6 7 10 11 1.85164
9 13 0 3 4 6 7 10 12 1.62019
9 13 0 3 4 6 7 10 14 1.85164
9 13 0 3 4 6 7 11 12 1.81265
9 13 0 3 4 6 7 11 14 1.93309
9 13 0 3 4 6 7 12 14 1.73205
9 13 0 3 4 6 8 10 11 2.13664
9 13 0 3 4 6 8 10 12 2
9 13 0 3 4 6 8 10 14 2.13664
9 13 0 3 4 6 8 11 12 2
9 13 0 3 4 6 8 11 14 2.13664
9 13 0 3 4 6 8 12 14 2
9 13 0 3 4 6 10 11 12 2.13664
9 13 0 3 4 6 10 11 14 2.28709
9 13 0 3 4 6 10 12 14 2.13664
9 13 0 3 4 6 11 12 14 2.16025
9 13 0 3 4 7 8 10 11 1.62019
9 13 0 3 4 7 8 10 12 1.41421
9 13 0 3 4 7 8 10 14 1.62019
9 13 0 3 4 7 8 11 12 1.41421
9 13 0 3 4 7 8 11 14 1.62019
9 13 0 3 4 7 8 12 14 1.41421
9 13 0 3 4 7 10 11 12 1.62019
9 13 0 3 4 7 10 11 14 1.85164
9 13 0 3 4 7 10 12 14 1.62019
9 13 0 3 4 7 11 12 14 1.73205
9 13 0 3 4 8 10 11 12 2
9 13 0 3 4 8 10 11 14 2.13664
9 13 0 3 4 8 10 12 14 2
9 13 0 3 4 8 11 12 14 2
9 13 0 3 4 10 11 12 14 2.13664
9 13 0 3 5 6 7 8 10 1.41421
9 13 0 3 5 6 7 8 11 1.41421
9 13 0 3 5 6 7 8 12 1.41421
9 13 0 3 5 6 7 8 14 1.41421
9 13 0 3 5 6 7 10 11 1.73205
9 13 0 3 5 6 7 10 12 1.41421
9 13 0 3 5 6 7 10 14 1.73205
9 13 0 3 5 6 7 11 12 1.90693
9 13 0 3 5 6 7 11 14 1.90693
9 13 0 3 5 6 7 12 14 1.73205
9 13 0 3 5 6 8 10 11 1.73205
9 13 0 3 5 6 8 10 12 1.41421
9 13 0 3 5 6 8 10 14 1.73205
9 13 0 3 5 6 8 11 12 1.41421
9 13 0 3 5 6 8 11 14 1.73205
9 13 0 3 5 6 8 12 14 1.41421
9 13 0 3 5 6 10 11 12 1.73205
9 13 0 3 5 6 10 11 14 2
9 13 0 3 5 6 10 12 14 1.73205
9 13 0 3 5 6 11 12 14 1.90693
9 13 0 3 5 7 8 10 11 1.41421
9 13 0 3 5 7 8 10 12 1
9 13 0 3 5 7 8 10 14 1.41421
9 13 0 3 5 7 8 11 12 1.41421
9 13 0 3 5 7 8 11 14 1.41421
9 13 0 3 5 7 8 12 14 1
9 13 0 3 5 7 10 11 12 1.41421
9 13 0 3 5 7 10 11 14 1.73205
9 13 0 3 5 7 10 12 14 1.41421
9 13 0 3 5 7 11 12 14 1.73205
9 13 0 3 5 8 10 11 12 1.41421
9 13 0 3 5 8 10 11 14 1.73205
9 13 0 3 5 8 10 12 14 1.41421
9 13 0 3 5 8 11 12 14 1.41421
9 13 0 3 5 10 11 12 14 1.73205
9 13 0 3 6 7 8 10 11 1.73205
9 13 0 3 6 7 8 10 12 1.62019
9 13 0 3 6 7 8 10 14 1.73205
9 13 0 3 6 7 8 11 12 1.81265
9 13 0 3 6 7 8 11 14 1.81265
9 13 0 3 6 7 8 12 14 1.73205
9 13 0 3 6 7 10 11 12 1.73205
9 13 0 3 6 7 10 11 14 1.90693
9 13 0 3 6 7 10 12 14 1.73205
9 13 0 3 6 7 11 12 14 2
9 13 0 3 6 8 10 11 12 2.13664
9 13 0 3 6 8 10 11 14 2.23607
9 13 0 3 6 8 10 12 14 2.13664
9 13 0 3 6 8 11 12 14 2.16025
9 13 0 3 6 10 11 12 14 2.23607
9 13 0 3 7 8 10 11 12 1.62019
9 13 0 3 7 8 10 11 14 1.73205
9 13 0 3 7 8 10 12 14 1.62019
9 13 0 3 7 8 11 12 14 1.73205
9 13 0 3 7 10 11 12 14 1.73205
9 13 0 3 8 10 11 12 14 2.13664
9 13 0 4 5 6 7 8 10 1.73205
9 13 0 4 5 6 7 8 11 1.62019
9 13 0 4 5 6 7 8 12 1.62019
9 13 0 4 5 6 7 8 14 1.73205
9 13 0 4 5 6 7 10 11 1.85164
9 13 0 4 5 6 7 10 12 1.73205
9 13 0 4 5 6 7 10 14 1.90693
9 13 0 4 5 6 7 11 12 1.81265
9 13 0 4 5 6 7 11 14 1.93309
9 13 0 4 5 6 7 12 14 1.81265
9 13 0 4 5 6 8 10 11 2.13664
9 13 0 4 5 6 8 10 12 2.13664
9 13 0 4 5 6 8 10 14 2.23607
9 13 0 4 5 6 8 11 12 2
9 13 0 4 5 6 8 11 14 2.13664
9 13 0 4 5 6 8 12 14 2.13664
9 13 0 4 5 6 10 11 12 2.13664
9 13 0 4 5 6 10 11 14 2.28709
9 13 0 4 5 6 10 12 14 2.23607
9 13 0 4 5 6 11 12 14 2.16025
9 13 0 4 5 7 8 10 11 1.62019
9 13 0 4 5 7 8 10 12 1.73205
9 13 0 4 5 7 8 10 14 1.81265
9 13 0 4 5 7 8 11 12 1.41421
9 13 0 4 5 7 8 11 14 1.62019
9 13 0 4 5 7 8 12 14 1.73205
9 13 0 4 5 7 10 11 12 1.62019
9 13 0 4 5 7 10 11 14 1.85164
9 13 0 4 5 7 10 12 14 1.81265
9 13 0 4 5 7 11 12 14 1.73205
9 13 0 4 5 8 10 11 12 2
9 13 0 4 5 8 10 11 14 2.13664
9 13 0 4 5 8 10 12 14 2.16025
9 13 0 4 5 8 11 12 14 2
9 13 0 4 5 10 11 12 14 2.13664
9 13 0 4 6 7 8 10 11 1.85164
9 13 0 4 6 7 8 10 12 1.85164
9 13 0 4 6 7 8 10 14 1.93309
9 13 0 4 6 7 8 11 12 1.73205
9 13 0 4 6 7 8 11 14 1.85164
9 13 0 4 6 7 8 12 14 1.85164
9 13 0 4 6 7 10 11 12 1.85164
9 13 0 4 6 7 10 11 14 2.00294
9 13 0 4 6 7 10 12 14 1.93309
9 13 0 4 6 7 11 12 14 1.90693
9 13 0 4 6 8 10 11 12 2.44949
9 13 0 4 6 8 10 11 14 2.52543
9 13 0 4 6 8 10 12 14 2.52543
9 13 0 4 6 8 11 12 14 2.44949
9 13 0 4 6 10 11 12 14 2.52543
9 13 0 4 7 8 10 11 12 1.73205
9 13 0 4 7 8 10 11 14 1.85164
9 13 0 4 7 8 10 12 14 1.90693
9 13 0 4 7 8 11 12 14 1.73205
9 13 0 4 7 10 11 12 14 1.85164
9 13 0 4 8 10 11 12 14 2.44949
9 13 0 5 6 7 8 10 11 1.62019
9 13 0 5 6 7 8 10 12 1.62019
9 13 0 5 6 7 8 10 14 1.73205
9 13 0 5 6 7 8 11 12 1.41421
9 13 0 5 6 7 8 11 14 1.62019
9 13 0 5 6 7 8 12 14 1.62019
9 13 0 5 6 7 10 11 12 1.62019
9 13 0 5 6 7 10 11 14 1.85164
9 13 0 5 6 7 10 12 14 1.73205
9 13 0 5 6 7 11 12 14 1.81265
9 13 0 5 6 8 10 11 12 2
9 13 0 5 6 8 10 11 14 2.13664
9 13 0 5 6 8 10 12 14 2.13664
9 13 0 5 6 8 11 12 14 2
9 13 0 5 6 10 11 12 14 2.13664
9 13 0 5 7 8 10 11 12 1.41421
9 13 0 5 7 8 10 11 14 1.62019
9 13 0 5 7 8 10 12 14 1.73205
9 13 0 5 7 8 11 12 14 1.41421
9 13 0 5 7 10 11 12 14 1.62019
9 13 0 5 8 10 11 12 14 2
9 13 0 6 7 8 10 11 12 1.85164
9 13 0 6 7 8 10 11 14 1.93309
9 13 0 6 7 8 10 12 14 1.93309
9 13 0 6 7 8 11 12 14 1.90693
9 13 0 6 7 10 11 12 14 1.93309
9 13 0 6 8 10 11 12 14 2.52543
9 13 0 7 8 10 11 12 14 1.85164
9 13 1 2 3 4 5 6 7 1.41421
9 13 1 2 3 4 5 6 8 1
9 13 1 2 3 4 5 6 10 0
9 13 1 2 3 4 5 6 11 1.41421
9 13 1 2 3 4 5 6 12 1.41421
9 13 1 2 3 4 5 6 14 1
9 13 1 2 3 4 5 7 8 1
9 13 1 2 3 4 5 7 10 1
9 13 1 2 3 4 5 7 11 1.41421
9 13 1 2 3 4 5 7 12 1.41421
9 13 1 2 3 4 5 7 14 1
9 13 1 2 3 4 5 8 10 1
9 13 1 2 3 4 5 8 11 1
9 13 1 2 3 4 5 8 12 1
9 13 1 2 3 4 5 8 14 1
9 13 1 2 3 4 5 10 11 0
9 13 1 2 3 4 5 10 12 1
9 13 1 2 3 4 5 10 14 1
9 13 1 2 3 4 5 11 12 1.41421
9 13 1 2 3 4 5 11 14 1
9 13 1 2 3 4 5 12 14 1
9 13 1 2 3 4 6 7 8 1
9 13 1 2 3 4 6 7 10 0
9 13 1 2 3 4 6 7 11 1.41421
9 13 1 2 3 4 6 7 12 1.41421
9 13 1 2 3 4 6 7 14 1
9 13 1 2 3 4 6 8 10 1
9 13 1 2 3 4 6 8 11 1
9 13 1 2 3 4 6 8 12 1
9 13 1 2 3 4 6 8 14 1
9 13 1 2 3 4 6 10 11 1
9 13 1 2 3 4 6 10 12 1
9 13 1 2 3 4 6 10 14 1
9 13 1 2 3 4 6 11 12 1.41421
9 13 1 2 3 4 6 11 14 1
9 13 1 2 3 4 6 12 14 1
9 13 1 2 3 4 7 8 10 1
9 13 1 2 3 4 7 8 11 1
9 13 1 2 3 4 7 8 12 1
9 13 1 2 3 4 7 8 14 1
9 13 1 2 3 4 7 10 11 0
9 13 1 2 3 4 7 10 12 1
9 13 1 2 3 4 7 10 14 1
9 13 1 2 3 4 7 11 12 1.41421
9 13 1 2 3 4 7 11 14 1
9 13 1 2 3 4 7 12 14 1
9 13 1 2 3 4 8 10 11 1
9 13 1 2 3 4 8 10 12 1
9 13 1 2 3 4 8 10 14 1
9 13 1 2 3 4 8 11 12 1
9 13 1 2 3 4 8 11 14 1
9 13 1 2 3 4 8 12 14 1
9 13 1 2 3 4 10 11 12 1
9 13 1 2 3 4 10 11 14 1
9 13 1 2 3 4 10 12 14 1
9 13 1 2 3 4 11 12 14 1
9 13 1 2 3 5 6 7 8 1.41421
9 13 1 2 3 5 6 7 10 0
9 13 1 2 3 5 6 7 11 1.73205
9 13 1 2 3 5 6 7 12 1.73205
9 13 1 2 3 5 6 7 14 1.41421
9 13 1 2 3 5 6 8 10 0
9 13 1 2 3 5 6 8 11 1.41421
9 13 1 2 3 5 6 8 12 1.41421
9 13 1 2 3 5 6 8 14 1
9 13 1 2 3 5 6 10 11 0
9 13 1 2 3 5 6 10 12 0
9 13 1 2 3 5 6 10 14 0
9 13 1 2 3 5 6 11 12 1.73205
9 13 1 2 3 5 6 11 14 1.41421
9 13 1 2 3 5 6 12 14 1.41421
9 13 1 2 3 5 7 8 10 1
9 13 1 2 3 5 7 8 11 1.41421
9 13 1 2 3 5 7 8 12 1.41421
9 13 1 2 3 5 7 8 14 1
9 13 1 2 3 5 7 10 11 0
9 13 1 2 3 5 7 10 12 1
9 13 1 2 3 5 7 10 14 1
9 13 1 2 3 5 7 11 12 1.73205
9 13 1 2 3 5 7 11 14 1.41421
9 13 1 2 3 5 7 12 14 1.41421
9 13 1 2 3 5 8 10 11 0
9 13 1 2 3 5 8 10 12 1
9 13 1 2 3 5 8 10 14 1
9 13 1 2 3 5 8 11 12 1.41421
9 13 1 2 3 5 8 11 14 1
9 13 1 2 3 5 8 12 14 1
9 13 1 2 3 5 10 11 12 0
9 13 1 2 3 5 10 11 14 0
9 13 1 2 3 5 10 12 14 1
9 13 1 2 3 5 11 12 14 1.41421
9 13 1 2 3 6 7 8 10 1
9 13 1 2 3 6 7 8 11 1.62019
9 13 1 2 3 6 7 8 12 1.62019
9 13 1 2 3 6 7 8 14 1.41421
9 13 1 2 3 6 7 10 11 1
9 13 1 2 3 6 7 10 12 1
9 13 1 2 3 6 7 10 14 1
9 13 1 2 3 6 7 11 12 1.85164
9 13 1 2 3 6 7 11 14 1.62019
9 13 1 2 3 6 7 12 14 1.62019
9 13 1 2 3 6 8 10 11 1.41421
9 13 1 2 3 6 8 10 12 1.41421
9 13 1 2 3 6 8 10 14 1.41421
9 13 1 2 3 6 8 11 12 1.73205
9 13 1 2 3 6 8 11 14 1.62019
9 13 1 2 3 6 8 12 14 1.62019
9 13 1 2 3 6 10 11 12 1.41421
9 13 1 2 3 6 10 11 14 1.41421
9 13 1 2 3 6 10 12 14 1.41421
9 13 1 2 3 6 11 12 14 1.73205
9 13 1 2 3 7 8 10 11 1
9 13 1 2 3 7 8 10 12 1
9 13 1 2 3 7 8 10 14 1
9 13 1 2 3 7 8 11 12 1.62019
9 13 1 2 3 7 8 11 14 1.41421
9 13 1 2 3 7 8 12 14 1.41421
9 13 1 2 3 7 10 11 12 1
9 13 1 2 3 7 10 11 14 1
9 13 1 2 3 7 10 12 14 1
9 13 1 2 3 7 11 12 14 1.62019
9 13 1 2 3 8 10 11 12 1.41421
9 13 1 2 3 8 10 11 14 1.41421
9 13 1 2 3 8 10 12 14 1.41421
9 13 1 2 3 8 11 12 14 1.62019
9 13 1 2 3 10 11 12 14 1.41421
9 13 1 2 4 5 6 7 8 1
9 13 1 2 4 5 6 7 10 1
9 13 1 2 4 5 6 7 11 1.41421
9 13 1 2 4 5 6 7 12 1.41421
9 13 1 2 4 5 6 7 14 1
9 13 1 2 4 5 6 8 10 1.41421
9 13 1 2 4 5 6 8 11 1
9 13 1 2 4 5 6 8 12 1.41421
9 13 1 2 4 5 6 8 14 1.41421
9 13 1 2 4 5 6 10 11 1
9 13 1 2 4 5 6 10 12 1.41421
9 13 1 2 4 5 6 10 14 1.41421
9 13 1 2 4 5 6 11 12 1.41421
9 13 1 2 4 5 6 11 14 1
9 13 1 2 4 5 6 12 14 1.41421
9 13 1 2 4 5 7 8 10 1.41421
9 13 1 2 4 5 7 8 11 1
9 13 1 2 4 5 7 8 12 1.41421
9 13 1 2 4 5 7 8 14 1.41421
9 13 1 2 4 5 7 10 11 0
9 13 1 2 4 5 7 10 12 1.41421
9 13 1 2 4 5 7 10 14 1.41421
9 13 1 2 4 5 7 11 12 1.41421
9 13 1 2 4 5 7 11 14 1
9 13 1 2 4 5 7 12 14 1.41421
9 13 1 2 4 5 8 10 11 1
9 13 1 2 4 5 8 10 12 1.62019
9 13 1 2 4 5 8 10 14 1.62019
9 13 1 2 4 5 8 11 12 1
9 13 1 2 4 5 8 11 14 1
9 13 1 2 4 5 8 12 14 1.62019
9 13 1 2 4 5 10 11 12 1
9 13 1 2 4 5 10 11 14 1
9 13 1 2 4 5 10 12 14 1.62019
9 13 1 2 4 5 11 12 14 1
9 13 1 2 4 6 7 8 10 1
9 13 1 2 4 6 7 8 11 1
9 13 1 2 4 6 7 8 12 1
9 13 1 2 4 6 7 8 14 1
9 13 1 2 4 6 7 10 11 0
9 13 1 2 4 6 7 10 12 1
9 13 1 2 4 6 7 10 14 1
9 13 1 2 4 6 7 11 12 1.41421
9 13 1 2 4 6 7 11 14 1
9 13 1 2 4 6 7 12 14 1
9 13 1 2 4 6 8 10 11 1.41421
9 13 1 2 4 6 8 10 12 1.62019
9 13 1 2 4 6 8 10 14 1.62019
9 13 1 2 4 6 8 11 12 1.41421
9 13 1 2 4 6 8 11 14 1.41421
9 13 1 2 4 6 8 12 14 1.62019
9 13 1 2 4 6 10 11 12 1.41421
9 13 1 2 4 6 10 11 14 1.41421
9 13 1 2 4 6 10 12 14 1.62019
9 13 1 2 4 6 11 12 14 1.41421
9 13 1 2 4 7 8 10 11 0
9 13 1 2 4 7 8 10 12 1.41421
9 13 1 2 4 7 8 10 14 1.41421
9 13 1 2 4 7 8 11 12 1
9 13 1 2 4 7 8 11 14 0
9 13 1 2 4 7 8 12 14 1.41421
9 13 1 2 4 7 10 11 12 0
9 13 1 2 4 7 10 11 14 0
9 13 1 2 4 7 10 12 14 1.41421
9 13 1 2 4 7 11 12 14 1
9 13 1 2 4 8 10 11 12 1.41421
9 13 1 2 4 8 10 11 14 1.41421
9 13 1 2 4 8 10 12 14 1.73205
9 13 1 2 4 8 11 12 14 1.41421
9 13 1 2 4 10 11 12 14 1.41421
9 13 1 2 5 6 7 8 10 1
9 13 1 2 5 6 7 8 11 1.41421
9 13 1 2 5 6 7 8 12 1.41421
9 13 1 2 5 6 7 8 14 1
9 13 1 2 5 6 7 10 11 0
9 13 1 2 5 6 7 10 12 1
9 13 1 2 5 6 7 10 14 1
9 13 1 2 5 6 7 11 12 1.73205
9 13 1 2 5 6 7 11 14 1.41421
9 13 1 2 5 6 7 12 14 1.41421
9 13 1 2 5 6 8 10 11 1
9 13 1 2 5 6 8 10 12 1.41421
9 13 1 2 5 6 8 10 14 1.41421
9 13 1 2 5 6 8 11 12 1.41421
9 13 1 2 5 6 8 11 14 1
9 13 1 2 5 6 8 12 14 1.41421
9 13 1 2 5 6 10 11 12 1
9 13 1 2 5 6 10 11 14 1
9 13 1 2 5 6 10 12 14 1.41421
9 13 1 2 5 6 11 12 14 1.41421
9 13 1 2 5 7 8 10 11 0
9 13 1 2 5 7 8 10 12 1.41421
9 13 1 2 5 7 8 10 14 1.41421
9 13 1 2 5 7 8 11 12 1.41421
9 13 1 2 5 7 8 11 14 1
9 13 1 2 5 7 8 12 14 1.41421
9 13 1 2 5 7 10 11 12 0
9 13 1 2 5 7 10 11 14 0
9 13 1 2 5 7 10 12 14 1.41421
9 13 1 2 5 7 11 12 14 1.41421
9 13 1 2 5 8 10 11 12 1
9 13 1 2 5 8 10 11 14 1
9 13 1 2 5 8 10 12 14 1.62019
9 13 1 2 5 8 11 12 14 1
9 13 1 2 5 10 11 12 14 1
9 13 1 2 6 7 8 10 11 1
9 13 1 2 6 7 8 10 12 1
9 13 1 2 6 7 8 10 14 1
9 13 1 2 6 7 8 11 12 1.62019
9 13 1 2 6 7 8 11 14 1.41421
9 13 1 2 6 7 8 12 14 1.41421
9 13 1 2 6 7 10 11 12 1
9 13 1 2 6 7 10 11 14 1
9 13 1 2 6 7 10 12 14 1
9 13 1 2 6 7 11 12 14 1.62019
9 13 1 2 6 8 10 11 12 1.62019
9 13 1 2 6 8 10 11 14 1.62019
9 13 1 2 6 8 10 12 14 1.73205
9 13 1 2 6 8 11 12 14 1.73205
9 13 1 2 6 10 11 12 14 1.62019
9 13 1 2 7 8 10 11 12 1
9 13 1 2 7 8 10 11 14 1
9 13 1 2 7 8 10 12 14 1.41421
9 13 1 2 7 8 11 12 14 1.41421
9 13 1 2 7 10 11 12 14 1
9 13 1 2 8 10 11 12 14 1.62019
9 13 1 3 4 5 6 7 8 1
9 13 1 3 4 5 6 7 10 0
9 13 1 3 4 5 6 7 11 1.41421
9 13 1 3 4 5 6 7 12 1.41421
9 13 1 3 4 5 6 7 14 1
9 13 1 3 4 5 6 8 10 0
9 13 1 3 4 5 6 8 11 1
9 13 1 3 4 5 6 8 12 1
9 13 1 3 4 5 6 8 14 0
9 13 1 3 4 5 6 10 11 0
9 13 1 3 4 5 6 10 12 0
9 13 1 3 4 5 6 10 14 0
9 13 1 3 4 5 6 11 12 1.41421
9 13 1 3 4 5 6 11 14 1
9 13 1 3 4 5 6 12 14 1
9 13 1 3 4 5 7 8 10 1
9 13 1 3 4 5 7 8 11 1
9 13 1 3 4 5 7 8 12 1
9 13 1 3 4 5 7 8 14 1
9 13 1 3 4 5 7 10 11 0
9 13 1 3 4 5 7 10 12 1
9 13 1 3 4 5 7 10 14 1
9 13 1 3 4 5 7 11 12 1.41421
9 13 1 3 4 5 7 11 14 1
9 13 1 3 4 5 7 12 14 1
9 13 1 3 4 5 8 10 11 0
9 13 1 3 4 5 8 10 12 1
9 13 1 3 4 5 8 10 14 1
9 13 1 3 4 5 8 11 12 1
9 13 1 3 4 5 8 11 14 0
9 13 1 3 4 5 8 12 14 1
9 13 1 3 4 5 10 11 12 0
9 13 1 3 4 5 10 11 14 0
9 13 1 3 4 5 10 12 14 1
9 13 1 3 4 5 11 12 14 1
9 13 1 3 4 6 7 8 10 1
9 13 1 3 4 6 7 8 11 1
9 13 1 3 4 6 7 8 12 1
9 13 1 3 4 6 7 8 14 1
9 13 1 3 4 6 7 10 11 1
9 13 1 3 4 6 7 10 12 1
9 13 1 3 4 6 7 10 14 1
9 13 1 3 4 6 7 11 12 1.41421
9 13 1 3 4 6 7 11 14 1
9 13 1 3 4 6 7 12 14 1
9 13 1 3 4 6 8 10 11 1.41421
9 13 1 3 4 6 8 10 12 1.41421
9 13 1 3 4 6 8 10 14 1.41421
9 13 1 3 4 6 8 11 12 1.41421
9 13 1 3 4 6 8 11 14 1.41421
9 13 1 3 4 6 8 12 14 1.41421
9 13 1 3 4 6 10 11 12 1.41421
9 13 1 3 4 6 10 11 14 1.41421
9 13 1 3 4 6 10 12 14 1.41421
9 13 1 3 4 6 11 12 14 1.41421
9 13 1 3 4 7 8 10 11 1
9 13 1 3 4 7 8 10 12 1
9 13 1 3 4 7 8 10 14 1
9 13 1 3 4 7 8 11 12 1
9 13 1 3 4 7 8 11 14 1
9 13 1 3 4 7 8 12 14 1
9 13 1 3 4 7 10 11 12 1
9 13 1 3 4 7 10 11 14 1
9 13 1 3 4 7 10 12 14 1
9 13 1 3 4 7 11 12 14 1
9 13 1 3 4 8 10 11 12 1.41421
9 13 1 3 4 8 10 11 14 1.41421
9 13 1 3 4 8 10 12 14 1.41421
9 13 1 3 4 8 11 12 14 1.41421
9 13 1 3 4 10 11 12 14 1.41421
9 13 1 3 5 6 7 8 10 0
9 13 1 3 5 6 7 8 11 1.41421
9 13 1 3 5 6 7 8 12 1.41421
9 13 1 3 5 6 7 8 14 1
9 13 1 3 5 6 7 10 11 0
9 13 1 3 5 6 7 10 12 0
9 13 1 3 5 6 7 10 14 0
9 13 1 3 5 6 7 11 12 1.73205
9 13 1 3 5 6 7 11 14 1.41421
9 13 1 3 5 6 7 12 14 1.41421
9 13 1 3 5 6 8 10 11 0
9 13 1 3 5 6 8 10 12 0
9 13 1 3 5 6 8 10 14 0
9 13 1 3 5 6 8 11 12 1.41421
9 13 1 3 5 6 8 11 14 1
9 13 1 3 5 6 8 12 14 1
9 13 1 3 5 6 10 11 12 0
9 13 1 3 5 6 10 11 14 0
9 13 1 3 5 6 10 12 14 0
9 13 1 3 5 6 11 12 14 1.41421
9 13 1 3 5 7 8 10 11 0
9 13 1 3 5 7 8 10 12 1
9 13 1 3 5 7 8 10 14 1
9 13 1 3 5 7 8 11 12 1.41421
9 13 1 3 5 7 8 11 14 1
9 13 1 3 5 7 8 12 14 1
9 13 1 3 5 7 10 11 12 0
9 13 1 3 5 7 10 11 14 0
9 13 1 3 5 7 10 12 14 1
9 13 1 3 5 7 11 12 14 1.41421
9 13 1 3 5 8 10 11 12 0
9 13 1 3 5 8 10 11 14 0
9 13 1 3 5 8 10 12 14 1
9 13 1 3 5 8 11 12 14 1
9 13 1 3 5 10 11 12 14 0
9 13 1 3 6 7 8 10 11 1.41421
9 13 1 3 6 7 8 10 12 1.41421
9 13 1 3 6 7 8 10 14 1.41421
9 13 1 3 6 7 8 11 12 1.73205
9 13 1 3 6 7 8 11 14 1.62019
9 13 1 3 6 7 8 12 14 1.62019
9 13 1 3 6 7 10 11 12 1.41421
9 13 1 3 6 7 10 11 14 1.41421
9 13 1 3 6 7 10 12 14 1.41421
9 13 1 3 6 7 11 12 14 1.73205
9 13 1 3 6 8 10 11 12 1.73205
9 13 1 3 6 8 10 11 14 1.73205
9 13 1 3 6 8 10 12 14 1.73205
9 13 1 3 6 8 11 12 14 1.85164
9 13 1 3 6 10 11 12 14 1.73205
9 13 1 3 7 8 10 11 12 1.41421
9 13 1 3 7 8 10 11 14 1.41421
9 13 1 3 7 8 10 12 14 1.41421
9 13 1 3 7 8 11 12 14 1.62019
9 13 1 3 7 10 11 12 14 1.41421
9 13 1 3 8 10 11 12 14 1.73205
9 13 1 4 5 6 7 8 10 1.41421
9 13 1 4 5 6 7 8 11 1
9 13 1 4 5 6 7 8 12 1.41421
9 13 1 4 5 6 7 8 14 1.41421
9 13 1 4 5 6 7 10 11 1
9 13 1 4 5 6 7 10 12 1.41421
9 13 1 4 5 6 7 10 14 1.41421
9 13 1 4 5 6 7 11 12 1.41421
9 13 1 4 5 6 7 11 14 1
9 13 1 4 5 6 7 12 14 1.41421
9 13 1 4 5 6 8 10 11 1.41421
9 13 1 4 5 6 8 10 12 1.73205
9 13 1 4 5 6 8 10 14 1.73205
9 13 1 4 5 6 8 11 12 1.41421
9 13 1 4 5 6 8 11 14 1.41421
9 13 1 4 5 6 8 12 14 1.73205
9 13 1 4 5 6 10 11 12 1.41421
9 13 1 4 5 6 10 11 14 1.41421
9 13 1 4 5 6 10 12 14 1.73205
9 13 1 4 5 6 11 12 14 1.41421
9 13 1 4 5 7 8 10 11 1
9 13 1 4 5 7 8 10 12 1.62019
9 13 1 4 5 7 8 10 14 1.62019
9 13 1 4 5 7 8 11 12 1
9 13 1 4 5 7 8 11 14 1
9 13 1 4 5 7 8 12 14 1.62019
9 13 1 4 5 7 10 11 12 1
9 13 1 4 5 7 10 11 14 1
9 13 1 4 5 7 10 12 14 1.62019
9 13 1 4 5 7 11 12 14 1
9 13 1 4 5 8 10 11 12 1.41421
9 13 1 4 5 8 10 11 14 1.41421
9 13 1 4 5 8 10 12 14 1.85164
9 13 1 4 5 8 11 12 14 1.41421
9 13 1 4 5 10 11 12 14 1.41421
9 13 1 4 6 7 8 10 11 1.41421
9 13 1 4 6 7 8 10 12 1.62019
9 13 1 4 6 7 8 10 14 1.62019
9 13 1 4 6 7 8 11 12 1.41421
9 13 1 4 6 7 8 11 14 1.41421
9 13 1 4 6 7 8 12 14 1.62019
9 13 1 4 6 7 10 11 12 1.41421
9 13 1 4 6 7 10 11 14 1.41421
9 13 1 4 6 7 10 12 14 1.62019
9 13 1 4 6 7 11 12 14 1.41421
9 13 1 4 6 8 10 11 12 2
9 13 1 4 6 8 10 11 14 2
9 13 1 4 6 8 10 12 14 2.13664
9 13 1 4 6 8 11 12 14 2
9 13 1 4 6 10 11 12 14 2
9 13 1 4 7 8 10 11 12 1.41421
9 13 1 4 7 8 10 11 14 1.41421
9 13 1 4 7 8 10 12 14 1.73205
9 13 1 4 7 8 11 12 14 1.41421
9 13 1 4 7 10 11 12 14 1.41421
9 13 1 4 8 10 11 12 14 2
9 13 1 5 6 7 8 10 11 1
9 13 1 5 6 7 8 10 12 1.41421
9 13 1 5 6 7 8 10 14 1.41421
9 13 1 5 6 7 8 11 12 1.41421
9 13 1 5 6 7 8 11 14 1
9 13 1 5 6 7 8 12 14 1.41421
9 13 1 5 6 7 10 11 12 1
9 13 1 5 6 7 10 11 14 1
9 13 1 5 6 7 10 12 14 1.41421
9 13 1 5 6 7 11 12 14 1.41421
9 13 1 5 6 8 10 11 12 1.41421
9 13 1 5 6 8 10 11 14 1.41421
9 13 1 5 6 8 10 12 14 1.73205
9 13 1 5 6 8 11 12 14 1.41421
9 13 1 5 6 10 11 12 14 1.41421
9 13 1 5 7 8 10 11 12 1
9 13 1 5 7 8 10 11 14 1
9 13 1 5 7 8 10 12 14 1.62019
9 13 1 5 7 8 11 12 14 1
9 13 1 5 7 10 11 12 14 1
9 13 1 5 8 10 11 12 14 1.41421
9 13 1 6 7 8 10 11 12 1.62019
9 13 1 6 7 8 10 11 14 1.62019
9 13 1 6 7 8 10 12 14 1.73205
9 13 1 6 7 8 11 12 14 1.73205
9 13 1 6 7 10 11 12 14 1.62019
9 13 1 6 8 10 11 12 14 2.13664
9 13 1 7 8 10 11 12 14 1.62019
9 13 2 3 4 5 6 7 8 1
9 13 2 3 4 5 6 7 10 1.41421
9 13 2 3 4 5 6 7 11 1.73205
9 13 2 3 4 5 6 7 12 1.62019
9 13 2 3 4 5 6 7 14 1.62019
9 13 2 3 4 5 6 8 10 1.41421
9 13 2 3 4 5 6 8 11 1.41421
9 13 2 3 4 5 6 8 12 1
9 13 2 3 4 5 6 8 14 1.41421
9 13 2 3 4 5 6 10 11 1.73205
9 13 2 3 4 5 6 10 12 1.41421
9 13 2 3 4 5 6 10 14 1.73205
9 13 2 3 4 5 6 11 12 1.73205
9 13 2 3 4 5 6 11 14 1.85164
9 13 2 3 4 5 6 12 14 1.62019
9 13 2 3 4 5 7 8 10 1
9 13 2 3 4 5 7 8 11 1
9 13 2 3 4 5 7 8 12 1
9 13 2 3 4 5 7 8 14 1
9 13 2 3 4 5 7 10 11 1.41421
9 13 2 3 4 5 7 10 12 1
9 13 2 3 4 5 7 10 14 1.41421
9 13 2 3 4 5 7 11 12 1.62019
9 13 2 3 4 5 7 11 14 1.62019
9 13 2 3 4 5 7 12 14 1.41421
9 13 2 3 4 5 8 10 11 1.41421
9 13 2 3 4 5 8 10 12 1
9 13 2 3 4 5 8 10 14 1.41421
9 13 2 3 4 5 8 11 12 1
9 13 2 3 4 5 8 11 14 1.41421
9 13 2 3 4 5 8 12 14 1
9 13 2 3 4 5 10 11 12 1.41421
9 13 2 3 4 5 10 11 14 1.73205
9 13 2 3 4 5 10 12 14 1.41421
9 13 2 3 4 5 11 12 14 1.62019
9 13 2 3 4 6 7 8 10 1
9 13 2 3 4 6 7 8 11 1
9 13 2 3 4 6 7 8 12 1
9 13 2 3 4 6 7 8 14 1
9 13 2 3 4 6 7 10 11 1.41421
9 13 2 3 4 6 7 10 12 1
9 13 2 3 4 6 7 10 14 1.41421
9 13 2 3 4 6 7 11 12 1.62019
9 13 2 3 4 6 7 11 14 1.62019
9 13 2 3 4 6 7 12 14 1.41421
9 13 2 3 4 6 8 10 11 1.62019
9 13 2 3 4 6 8 10 12 1.41421
9 13 2 3 4 6 8 10 14 1.62019
9 13 2 3 4 6 8 11 12 1.41421
9 13 2 3 4 6 8 11 14 1.62019
9 13 2 3 4 6 8 12 14 1.41421
9 13 2 3 4 6 10 11 12 1.62019
9 13 2 3 4 6 10 11 14 1.85164
9 13 2 3 4 6 10 12 14 1.62019
9 13 2 3 4 6 11 12 14 1.73205
9 13 2 3 4 7 8 10 11 1
9 13 2 3 4 7 8 10 12 1
9 13 2 3 4 7 8 10 14 1
9 13 2 3 4 7 8 11 12 1
9 13 2 3 4 7 8 11 14 1
9 13 2 3 4 7 8 12 14 1
9 13 2 3 4 7 10 11 12 1
9 13 2 3 4 7 10 11 14 1.41421
9 13 2 3 4 7 10 12 14 1
9 13 2 3 4 7 11 12 14 1.41421
9 13 2 3 4 8 10 11 12 1.41421
9 13 2 3 4 8 10 11 14 1.62019
9 13 2 3 4 8 10 12 14 1.41421
9 13 2 3 4 8 11 12 14 1.41421
9 13 2 3 4 10 11 12 14 1.62019
9 13 2 3 5 6 7 8 10 1
9 13 2 3 5 6 7 8 11 1.41421
9 13 2 3 5 6 7 8 12 1.41421
9 13 2 3 5 6 7 8 14 1
9 13 2 3 5 6 7 10 11 1.41421
9 13 2 3 5 6 7 10 12 1
9 13 2 3 5 6 7 10 14 1.41421
9 13 2 3 5 6 7 11 12 1.85164
9 13 2 3 5 6 7 11 14 1.73205
9 13 2 3 5 6 7 12 14 1.62019
9 13 2 3 5 6 8 10 11 1.41421
9 13 2 3 5 6 8 10 12 1
9 13 2 3 5 6 8 10 14 1.41421
9 13 2 3 5 6 8 11 12 1.41421
9 13 2 3 5 6 8 11 14 1.41421
9 13 2 3 5 6 8 12 14 1
9 13 2 3 5 6 10 11 12 1.41421
9 13 2 3 5 6 10 11 14 1.73205
9 13 2 3 5 6 10 12 14 1.41421
9 13 2 3 5 6 11 12 14 1.73205
9 13 2 3 5 7 8 10 11 1
9 13 2 3 5 7 8 10 12 1
9 13 2 3 5 7 8 10 14 1
9 13 2 3 5 7 8 11 12 1.41421
9 13 2 3 5 7 8 11 14 1
9 13 2 3 5 7 8 12 14 1
9 13 2 3 5 7 10 11 12 1
9 13 2 3 5 7 10 11 14 1.41421
9 13 2 3 5 7 10 12 14 1
9 13 2 3 5 7 11 12 14 1.62019
9 13 2 3 5 8 10 11 12 1
9 13 2 3 5 8 10 11 14 1.41421
9 13 2 3 5 8 10 12 14 1
9 13 2 3 5 8 11 12 14 1
9 13 2 3 5 10 11 12 14 1.41421
9 13 2 3 6 7 8 10 11 1
9 13 2 3 6 7 8 10 12 1
9 13 2 3 6 7 8 10 14 1
9 13 2 3 6 7 8 11 12 1.62019
9 13 2 3 6 7 8 11 14 1.41421
9 13 2 3 6 7 8 12 14 1.41421
9 13 2 3 6 7 10 11 12 1
9 13 2 3 6 7 10 11 14 1.41421
9 13 2 3 6 7 10 12 14 1
9 13 2 3 6 7 11 12 14 1.73205
9 13 2 3 6 8 10 11 12 1.62019
9 13 2 3 6 8 10 11 14 1.73205
9 13 2 3 6 8 10 12 14 1.62019
9 13 2 3 6 8 11 12 14 1.73205
9 13 2 3 6 10 11 12 14 1.73205
9 13 2 3 7 8 10 11 12 1
9 13 2 3 7 8 10 11 14 1
9 13 2 3 7 8 10 12 14 1
9 13 2 3 7 8 11 12 14 1.41421
9 13 2 3 7 10 11 12 14 1
9 13 2 3 8 10 11 12 14 1.62019
9 13 2 4 5 6 7 8 10 1
9 13 2 4 5 6 7 8 11 1
9 13 2 4 5 6 7 8 12 1
9 13 2 4 5 6 7 8 14 1
9 13 2 4 5 6 7 10 11 1.41421
9 13 2 4 5 6 7 10 12 1
9 13 2 4 5 6 7 10 14 1.41421
9 13 2 4 5 6 7 11 12 1.62019
9 13 2 4 5 6 7 11 14 1.62019
9 13 2 4 5 6 7 12 14 1.41421
9 13 2 4 5 6 8 10 11 1.62019
9 13 2 4 5 6 8 10 12 1.62019
9 13 2 4 5 6 8 10 14 1.73205
9 13 2 4 5 6 8 11 12 1.41421
9 13 2 4 5 6 8 11 14 1.62019
9 13 2 4 5 6 8 12 14 1.62019
9 13 2 4 5 6 10 11 12 1.62019
9 13 2 4 5 6 10 11 14 1.85164
9 13 2 4 5 6 10 12 14 1.73205
9 13 2 4 5 6 11 12 14 1.73205
9 13 2 4 5 7 8 10 11 1
9 13 2 4 5 7 8 10 12 1.41421
9 13 2 4 5 7 8 10 14 1.41421
9 13 2 4 5 7 8 11 12 1
9 13 2 4 5 7 8 11 14 1
9 13 2 4 5 7 8 12 14 1.41421
9 13 2 4 5 7 10 11 12 1
9 13 2 4 5 7 10 11 14 1.41421
9 13 2 4 5 7 10 12 14 1.41421
9 13 2 4 5 7 11 12 14 1.41421
9 13 2 4 5 8 10 11 12 1.41421
9 13 2 4 5 8 10 11 14 1.62019
9 13 2 4 5 8 10 12 14 1.73205
9 13 2 4 5 8 11 12 14 1.41421
9 13 2 4 5 10 11 12 14 1.62019
9 13 2 4 6 7 8 10 11 1
9 13 2 4 6 7 8 10 12 1
9 13 2 4 6 7 8 10 14 1
9 13 2 4 6 7 8 11 12 1
9 13 2 4 6 7 8 11 14 1
9 13 2 4 6 7 8 12 14 1
9 13 2 4 6 7 10 11 12 1
9 13 2 4 6 7 10 11 14 1.41421
9 13 2 4 6 7 10 12 14 1
9 13 2 4 6 7 11 12 14 1.41421
9 13 2 4 6 8 10 11 12 1.73205
9 13 2 4 6 8 10 11 14 1.85164
9 13 2 4 6 8 10 12 14 1.85164
9 13 2 4 6 8 11 12 14 1.73205
9 13 2 4 6 10 11 12 14 1.85164
9 13 2 4 7 8 10 11 12 0
9 13 2 4 7 8 10 11 14 1
9 13 2 4 7 8 10 12 14 1.41421
9 13 2 4 7 8 11 12 14 0
9 13 2 4 7 10 11 12 14 1
9 13 2 4 8 10 11 12 14 1.73205
9 13 2 5 6 7 8 10 11 1
9 13 2 5 6 7 8 10 12 1
9 13 2 5 6 7 8 10 14 1
9 13 2 5 6 7 8 11 12 1.41421
9 13 2 5 6 7 8 11 14 1
9 13 2 5 6 7 8 12 14 1
9 13 2 5 6 7 10 11 12 1
9 13 2 5 6 7 10 11 14 1.41421
9 13 2 5 6 7 10 12 14 1
9 13 2 5 6 7 11 12 14 1.62019
9 13 2 5 6 8 10 11 12 1.41421
9 13 2 5 6 8 10 11 14 1.62019
9 13 2 5 6 8 10 12 14 1.62019
9 13 2 5 6 8 11 12 14 1.41421
9 13 2 5 6 10 11 12 14 1.62019
9 13 2 5 7 8 10 11 12 0
9 13 2 5 7 8 10 11 14 1
9 13 2 5 7 8 10 12 14 1.41421
9 13 2 5 7 8 11 12 14 1
9 13 2 5 7 10 11 12 14 1
9 13 2 5 8 10 11 12 14 1.41421
9 13 2 6 7 8 10 11 12 1
9 13 2 6 7 8 10 11 14 1
9 13 2 6 7 8 10 12 14 1
9 13 2 6 7 8 11 12 14 1.41421
9 13 2 6 7 10 11 12 14 1
9 13 2 6 8 10 11 12 14 1.85164
9 13 2 7 8 10 11 12 14 1
9 13 3 4 5 6 7 8 10 1.41421
9 13 3 4 5 6 7 8 11 1.41421
9 13 3 4 5 6 7 8 12 1
9 13 3 4 5 6 7 8 14 1.41421
9 13 3 4 5 6 7 10 11 1.73205
9 13 3 4 5 6 7 10 12 1.41421
9 13 3 4 5 6 7 10 14 1.73205
9 13 3 4 5 6 7 11 12 1.73205
9 13 3 4 5 6 7 11 14 1.85164
9 13 3 4 5 6 7 12 14 1.62019
9 13 3 4 5 6 8 10 11 1.73205
9 13 3 4 5 6 8 10 12 1.41421
9 13 3 4 5 6 8 10 14 1.73205
9 13 3 4 5 6 8 11 12 1.41421
9 13 3 4 5 6 8 11 14 1.73205
9 13 3 4 5 6 8 12 14 1.41421
9 13 3 4 5 6 10 11 12 1.73205
9 13 3 4 5 6 10 11 14 2
9 13 3 4 5 6 10 12 14 1.73205
9 13 3 4 5 6 11 12 14 1.85164
9 13 3 4 5 7 8 10 11 1.41421
9 13 3 4 5 7 8 10 12 1
9 13 3 4 5 7 8 10 14 1.41421
9 13 3 4 5 7 8 11 12 1
9 13 3 4 5 7 8 11 14 1.41421
9 13 3 4 5 7 8 12 14 1
9 13 3 4 5 7 10 11 12 1.41421
9 13 3 4 5 7 10 11 14 1.73205
9 13 3 4 5 7 10 12 14 1.41421
9 13 3 4 5 7 11 12 14 1.62019
9 13 3 4 5 8 10 11 12 1.41421
9 13 3 4 5 8 10 11 14 1.73205
9 13 3 4 5 8 10 12 14 1.41421
9 13 3 4 5 8 11 12 14 1.41421
9 13 3 4 5 10 11 12 14 1.73205
9 13 3 4 6 7 8 10 11 1.62019
9 13 3 4 6 7 8 10 12 1.41421
9 13 3 4 6 7 8 10 14 1.62019
9 13 3 4 6 7 8 11 12 1.41421
9 13 3 4 6 7 8 11 14 1.62019
9 13 3 4 6 7 8 12 14 1.41421
9 13 3 4 6 7 10 11 12 1.62019
9 13 3 4 6 7 10 11 14 1.85164
9 13 3 4 6 7 10 12 14 1.62019
9 13 3 4 6 7 11 12 14 1.73205
9 13 3 4 6 8 10 11 12 2
9 13 3 4 6 8 10 11 14 2.13664
9 13 3 4 6 8 10 12 14 2
9 13 3 4 6 8 11 12 14 2
9 13 3 4 6 10 11 12 14 2.13664
9 13 3 4 7 8 10 11 12 1.41421
9 13 3 4 7 8 10 11 14 1.62019
9 13 3 4 7 8 10 12 14 1.41421
9 13 3 4 7 8 11 12 14 1.41421
9 13 3 4 7 10 11 12 14 1.62019
9 13 3 4 8 10 11 12 14 2
9 13 3 5 6 7 8 10 11 1.41421
9 13 3 5 6 7 8 10 12 1
9 13 3 5 6 7 8 10 14 1.41421
9 13 3 5 6 7 8 11 12 1.41421
9 13 3 5 6 7 8 11 14 1.41421
9 13 3 5 6 7 8 12 14 1
9 13 3 5 6 7 10 11 12 1.41421
9 13 3 5 6 7 10 11 14 1.73205
9 13 3 5 6 7 10 12 14 1.41421
9 13 3 5 6 7 11 12 14 1.73205
9 13 3 5 6 8 10 11 12 1.41421
9 13 3 5 6 8 10 11 14 1.73205
9 13 3 5 6 8 10 12 14 1.41421
9 13 3 5 6 8 11 12 14 1.41421
9 13 3 5 6 10 11 12 14 1.73205
9 13 3 5 7 8 10 11 12 1
9 13 3 5 7 8 10 11 14 1.41421
9 13 3 5 7 8 10 12 14 1
9 13 3 5 7 8 11 12 14 1
9 13 3 5 7 10 11 12 14 1.41421
9 13 3 5 8 10 11 12 14 1.41421
9 13 3 6 7 8 10 11 12 1.62019
9 13 3 6 7 8 10 11 14 1.73205
9 13 3 6 7 8 10 12 14 1.62019
9 13 3 6 7 8 11 12 14 1.73205
9 13 3 6 7 10 11 12 14 1.73205
9 13 3 6 8 10 11 12 14 2.13664
9 13 3 7 8 10 11 12 14 1.62019
9 13 4 5 6 7 8 10 11 1.62019
9 13 4 5 6 7 8 10 12 1.62019
9 13 4 5 6 7 8 10 14 1.73205
9 13 4 5 6 7 8 11 12 1.41421
9 13 4 5 6 7 8 11 14 1.62019
9 13 4 5 6 7 8 12 14 1.62019
9 13 4 5 6 7 10 11 12 1.62019
9 13 4 5 6 7 10 11 14 1.85164
9 13 4 5 6 7 10 12 14 1.73205
9 13 4 5 6 7 11 12 14 1.73205
9 13 4 5 6 8 10 11 12 2
9 13 4 5 6 8 10 11 14 2.13664
9 13 4 5 6 8 10 12 14 2.13664
9 13 4 5 6 8 11 12 14 2
9 13 4 5 6 10 11 12 14 2.13664
9 13 4 5 7 8 10 11 12 1.41421
9 13 4 5 7 8 10 11 14 1.62019
9 13 4 5 7 8 10 12 14 1.73205
9 13 4 5 7 8 11 12 14 1.41421
9 13 4 5 7 10 11 12 14 1.62019
9 13 4 5 8 10 11 12 14 2
9 13 4 6 7 8 10 11 12 1.73205
9 13 4 6 7 8 10 11 14 1.85164
9 13 4 6 7 8 10 12 14 1.85164
9 13 4 6 7 8 11 12 14 1.73205
9 13 4 6 7 10 11 12 14 1.85164
9 13 4 6 8 10 11 12 14 2.44949
9 13 4 7 8 10 11 12 14 1.73205
9 13 5 6 7 8 10 11 12 1.41421
9 13 5 6 7 8 10 11 14 1.62019
9 13 5 6 7 8 10 12 14 1.62019
9 13 5 6 7 8 11 12 14 1.41421
9 13 5 6 7 10 11 12 14 1.62019
9 13 5 6 8 10 11 12 14 2
9 13 5 7 8 10 11 12 14 1.41421
9 13 6 7 8 10 11 12 14 1.85164
