3 14 0 1 2 4 5 6 7 8 9 10 0
3 14 0 1 2 4 5 6 7 8 9 11 0
3 14 0 1 2 4 5 6 7 8 9 12 0
3 14 0 1 2 4 5 6 7 8 9 13 0
3 14 0 1 2 4 5 6 7 8 10 11 0
3 14 0 1 2 4 5 6 7 8 10 12 0
3 14 0 1 2 4 5 6 7 8 10 13 0
3 14 0 1 2 4 5 6 7 8 11 12 0
3 14 0 1 2 4 5 6 7 8 11 13 0
3 14 0 1 2 4 5 6 7 8 12 13 0
3 14 0 1 2 4 5 6 7 9 10 11 0
3 14 0 1 2 4 5 6 7 9 10 12 0
3 14 0 1 2 4 5 6 7 9 10 13 0
3 14 0 1 2 4 5 6 7 9 11 12 1
3 14 0 1 2 4 5 6 7 9 11 13 1
3 14 0 1 2 4 5 6 7 9 12 13 1
3 14 0 1 2 4 5 6 7 10 11 12 0
3 14 0 1 2 4 5 6 7 10 11 13 0
3 14 0 1 2 4 5 6 7 10 12 13 0
3 14 0 1 2 4 5 6 7 11 12 13 1
3 14 0 1 2 4 5 6 8 9 10 11 0
3 14 0 1 2 4 5 6 8 9 10 12 0
3 14 0 1 2 4 5 6 8 9 10 13 0
3 14 0 1 2 4 5 6 8 9 11 12 0
3 14 0 1 2 4 5 6 8 9 11 13 0
3 14 0 1 2 4 5 6 8 9 12 13 0
3 14 0 1 2 4 5 6 8 10 11 12 0
3 14 0 1 2 4 5 6 8 10 11 13 0
3 14 0 1 2 4 5 6 8 10 12 13 0
3 14 0 1 2 4 5 6 8 11 12 13 0
3 14 0 1 2 4 5 6 9 10 11 12 0
3 14 0 1 2 4 5 6 9 10 11 13 0
3 14 0 1 2 4 5 6 9 10 12 13 0
3 14 0 1 2 4 5 6 9 11 12 13 1
3 14 0 1 2 4 5 6 10 11 12 13 0
3 14 0 1 2 4 5 7 8 9 10 11 0
3 14 0 1 2 4 5 7 8 9 10 12 1
3 14 0 1 2 4 5 7 8 9 10 13 1
3 14 0 1 2 4 5 7 8 9 11 12 0
3 14 0 1 2 4 5 7 8 9 11 13 0
3 14 0 1 2 4 5 7 8 9 12 13 1
3 14 0 1 2 4 5 7 8 10 11 12 1
3 14 0 1 2 4 5 7 8 10 11 13 1
3 14 0 1 2 4 5 7 8 10 12 13 1.41421
3 14 0 1 2 4 5 7 8 11 12 13 1
3 14 0 1 2 4 5 7 9 10 11 12 0
3 14 0 1 2 4 5 7 9 10 11 13 0
3 14 0 1 2 4 5 7 9 10 12 13 1
3 14 0 1 2 4 5 7 9 11 12 13 1
3 14 0 1 2 4 5 7 10 11 12 13 1
3 14 0 1 2 4 5 8 9 10 11 12 0
3 14 0 1 2 4 5 8 9 10 11 13 0
3 14 0 1 2 4 5 8 9 10 12 13 1
3 14 0 1 2 4 5 8 9 11 12 13 0
3 14 0 1 2 4 5 8 10 11 12 13 1
3 14 0 1 2 4 5 9 10 11 12 13 0
3 14 0 1 2 4 6 7 8 9 10 11 0
3 14 0 1 2 4 6 7 8 9 10 12 0
3 14 0 1 2 4 6 7 8 9 10 13 0
3 14 0 1 2 4 6 7 8 9 11 12 0
3 14 0 1 2 4 6 7 8 9 11 13 0
3 14 0 1 2 4 6 7 8 9 12 13 0
3 14 0 1 2 4 6 7 8 10 11 12 0
3 14 0 1 2 4 6 7 8 10 11 13 0
3 14 0 1 2 4 6 7 8 10 12 13 0
3 14 0 1 2 4 6 7 8 11 12 13 0
3 14 0 1 2 4 6 7 9 10 11 12 0
3 14 0 1 2 4 6 7 9 10 11 13 0
3 14 0 1 2 4 6 7 9 10 12 13 0
3 14 0 1 2 4 6 7 9 11 12 13 1
3 14 0 1 2 4 6 7 10 11 12 13 0
3 14 0 1 2 4 6 8 9 10 11 12 1
3 14 0 1 2 4 6 8 9 10 11 13 1
3 14 0 1 2 4 6 8 9 10 12 13 1
3 14 0 1 2 4 6 8 9 11 12 13 1
3 14 0 1 2 4 6 8 10 11 12 13 1
3 14 0 1 2 4 6 9 10 11 12 13 1
3 14 0 1 2 4 7 8 9 10 11 12 0
3 14 0 1 2 4 7 8 9 10 11 13 0
3 14 0 1 2 4 7 8 9 10 12 13 1
3 14 0 1 2 4 7 8 9 11 12 13 0
3 14 0 1 2 4 7 8 10 11 12 13 1
3 14 0 1 2 4 7 9 10 11 12 13 0
3 14 0 1 2 4 8 9 10 11 12 13 1
3 14 0 1 2 5 6 7 8 9 10 11 0
3 14 0 1 2 5 6 7 8 9 10 12 0
3 14 0 1 2 5 6 7 8 9 10 13 0
3 14 0 1 2 5 6 7 8 9 11 12 1
3 14 0 1 2 5 6 7 8 9 11 13 1
3 14 0 1 2 5 6 7 8 9 12 13 1
3 14 0 1 2 5 6 7 8 10 11 12 0
3 14 0 1 2 5 6 7 8 10 11 13 0
3 14 0 1 2 5 6 7 8 10 12 13 0
3 14 0 1 2 5 6 7 8 11 12 13 1
3 14 0 1 2 5 6 7 9 10 11 12 0
3 14 0 1 2 5 6 7 9 10 11 13 0
3 14 0 1 2 5 6 7 9 10 12 13 0
3 14 0 1 2 5 6 7 9 11 12 13 1.41421
3 14 0 1 2 5 6 7 10 11 12 13 0
3 14 0 1 2 5 6 8 9 10 11 12 0
3 14 0 1 2 5 6 8 9 10 11 13 0
3 14 0 1 2 5 6 8 9 10 12 13 0
3 14 0 1 2 5 6 8 9 11 12 13 1
3 14 0 1 2 5 6 8 10 11 12 13 0
3 14 0 1 2 5 6 9 10 11 12 13 0
3 14 0 1 2 5 7 8 9 10 11 12 0
3 14 0 1 2 5 7 8 9 10 11 13 0
3 14 0 1 2 5 7 8 9 10 12 13 1
3 14 0 1 2 5 7 8 9 11 12 13 1
3 14 0 1 2 5 7 8 10 11 12 13 1
3 14 0 1 2 5 7 9 10 11 12 13 0
3 14 0 1 2 5 8 9 10 11 12 13 0
3 14 0 1 2 6 7 8 9 10 11 12 1
3 14 0 1 2 6 7 8 9 10 11 13 1
3 14 0 1 2 6 7 8 9 10 12 13 1
3 14 0 1 2 6 7 8 9 11 12 13 1.41421
3 14 0 1 2 6 7 8 10 11 12 13 1
3 14 0 1 2 6 7 9 10 11 12 13 1
3 14 0 1 2 6 8 9 10 11 12 13 1.41421
3 14 0 1 2 7 8 9 10 11 12 13 1
3 14 0 1 4 5 6 7 8 9 10 11 0
3 14 0 1 4 5 6 7 8 9 10 12 0
3 14 0 1 4 5 6 7 8 9 10 13 0
3 14 0 1 4 5 6 7 8 9 11 12 0
3 14 0 1 4 5 6 7 8 9 11 13 0
3 14 0 1 4 5 6 7 8 9 12 13 0
3 14 0 1 4 5 6 7 8 10 11 12 0
3 14 0 1 4 5 6 7 8 10 11 13 0
3 14 0 1 4 5 6 7 8 10 12 13 0
3 14 0 1 4 5 6 7 8 11 12 13 0
3 14 0 1 4 5 6 7 9 10 11 12 0
3 14 0 1 4 5 6 7 9 10 11 13 0
3 14 0 1 4 5 6 7 9 10 12 13 0
3 14 0 1 4 5 6 7 9 11 12 13 1
3 14 0 1 4 5 6 7 10 11 12 13 0
3 14 0 1 4 5 6 8 9 10 11 12 0
3 14 0 1 4 5 6 8 9 10 11 13 0
3 14 0 1 4 5 6 8 9 10 12 13 0
3 14 0 1 4 5 6 8 9 11 12 13 0
3 14 0 1 4 5 6 8 10 11 12 13 0
3 14 0 1 4 5 6 9 10 11 12 13 0
3 14 0 1 4 5 7 8 9 10 11 12 0
3 14 0 1 4 5 7 8 9 10 11 13 0
3 14 0 1 4 5 7 8 9 10 12 13 1
3 14 0 1 4 5 7 8 9 11 12 13 0
3 14 0 1 4 5 7 8 10 11 12 13 1
3 14 0 1 4 5 7 9 10 11 12 13 0
3 14 0 1 4 5 8 9 10 11 12 13 0
3 14 0 1 4 6 7 8 9 10 11 12 1
3 14 0 1 4 6 7 8 9 10 11 13 1
3 14 0 1 4 6 7 8 9 10 12 13 1
3 14 0 1 4 6 7 8 9 11 12 13 1
3 14 0 1 4 6 7 8 10 11 12 13 1
3 14 0 1 4 6 7 9 10 11 12 13 1
3 14 0 1 4 6 8 9 10 11 12 13 1.41421
3 14 0 1 4 7 8 9 10 11 12 13 1
3 14 0 1 5 6 7 8 9 10 11 12 0
3 14 0 1 5 6 7 8 9 10 11 13 0
3 14 0 1 5 6 7 8 9 10 12 13 0
3 14 0 1 5 6 7 8 9 11 12 13 1
3 14 0 1 5 6 7 8 10 11 12 13 0
3 14 0 1 5 6 7 9 10 11 12 13 0
3 14 0 1 5 6 8 9 10 11 12 13 0
3 14 0 1 5 7 8 9 10 11 12 13 0
3 14 0 1 6 7 8 9 10 11 12 13 1.41421
3 14 0 2 4 5 6 7 8 9 10 11 1.41421
3 14 0 2 4 5 6 7 8 9 10 12 1
3 14 0 2 4 5 6 7 8 9 10 13 1
3 14 0 2 4 5 6 7 8 9 11 12 1
3 14 0 2 4 5 6 7 8 9 11 13 1
3 14 0 2 4 5 6 7 8 9 12 13 0
3 14 0 2 4 5 6 7 8 10 11 12 1
3 14 0 2 4 5 6 7 8 10 11 13 1
3 14 0 2 4 5 6 7 8 10 12 13 0
3 14 0 2 4 5 6 7 8 11 12 13 0
3 14 0 2 4 5 6 7 9 10 11 12 1.41421
3 14 0 2 4 5 6 7 9 10 11 13 1.41421
3 14 0 2 4 5 6 7 9 10 12 13 1
3 14 0 2 4 5 6 7 9 11 12 13 1.41421
3 14 0 2 4 5 6 7 10 11 12 13 1
3 14 0 2 4 5 6 8 9 10 11 12 1.41421
3 14 0 2 4 5 6 8 9 10 11 13 1.41421
3 14 0 2 4 5 6 8 9 10 12 13 1
3 14 0 2 4 5 6 8 9 11 12 13 1
3 14 0 2 4 5 6 8 10 11 12 13 1
3 14 0 2 4 5 6 9 10 11 12 13 1.41421
3 14 0 2 4 5 7 8 9 10 11 12 1
3 14 0 2 4 5 7 8 9 10 11 13 1
3 14 0 2 4 5 7 8 9 10 12 13 1
3 14 0 2 4 5 7 8 9 11 12 13 0
3 14 0 2 4 5 7 8 10 11 12 13 1
3 14 0 2 4 5 7 9 10 11 12 13 1
3 14 0 2 4 5 8 9 10 11 12 13 1
3 14 0 2 4 6 7 8 9 10 11 12 1
3 14 0 2 4 6 7 8 9 10 11 13 1
3 14 0 2 4 6 7 8 9 10 12 13 0
3 14 0 2 4 6 7 8 9 11 12 13 0
3 14 0 2 4 6 7 8 10 11 12 13 0
3 14 0 2 4 6 7 9 10 11 12 13 1
3 14 0 2 4 6 8 9 10 11 12 13 1.41421
3 14 0 2 4 7 8 9 10 11 12 13 0
3 14 0 2 5 6 7 8 9 10 11 12 1
3 14 0 2 5 6 7 8 9 10 11 13 1
3 14 0 2 5 6 7 8 9 10 12 13 0
3 14 0 2 5 6 7 8 9 11 12 13 1
3 14 0 2 5 6 7 8 10 11 12 13 0
3 14 0 2 5 6 7 9 10 11 12 13 1
3 14 0 2 5 6 8 9 10 11 12 13 1
3 14 0 2 5 7 8 9 10 11 12 13 0
3 14 0 2 6 7 8 9 10 11 12 13 1
3 14 0 4 5 6 7 8 9 10 11 12 1.41421
3 14 0 4 5 6 7 8 9 10 11 13 1.41421
3 14 0 4 5 6 7 8 9 10 12 13 1
3 14 0 4 5 6 7 8 9 11 12 13 1
3 14 0 4 5 6 7 8 10 11 12 13 1
3 14 0 4 5 6 7 9 10 11 12 13 1.41421
3 14 0 4 5 6 8 9 10 11 12 13 1.41421
3 14 0 4 5 7 8 9 10 11 12 13 1
3 14 0 4 6 7 8 9 10 11 12 13 1.41421
3 14 0 5 6 7 8 9 10 11 12 13 1
3 14 1 2 4 5 6 7 8 9 10 11 1
3 14 1 2 4 5 6 7 8 9 10 12 1
3 14 1 2 4 5 6 7 8 9 10 13 0
3 14 1 2 4 5 6 7 8 9 11 12 1
3 14 1 2 4 5 6 7 8 9 11 13 0
3 14 1 2 4 5 6 7 8 9 12 13 0
3 14 1 2 4 5 6 7 8 10 11 12 1
3 14 1 2 4 5 6 7 8 10 11 13 0
3 14 1 2 4 5 6 7 8 10 12 13 0
3 14 1 2 4 5 6 7 8 11 12 13 0
3 14 1 2 4 5 6 7 9 10 11 12 1
3 14 1 2 4 5 6 7 9 10 11 13 0
3 14 1 2 4 5 6 7 9 10 12 13 0
3 14 1 2 4 5 6 7 9 11 12 13 1
3 14 1 2 4 5 6 7 10 11 12 13 0
3 14 1 2 4 5 6 8 9 10 11 12 1
3 14 1 2 4 5 6 8 9 10 11 13 0
3 14 1 2 4 5 6 8 9 10 12 13 0
3 14 1 2 4 5 6 8 9 11 12 13 0
3 14 1 2 4 5 6 8 10 11 12 13 0
3 14 1 2 4 5 6 9 10 11 12 13 0
3 14 1 2 4 5 7 8 9 10 11 12 1
3 14 1 2 4 5 7 8 9 10 11 13 0
3 14 1 2 4 5 7 8 9 10 12 13 1
3 14 1 2 4 5 7 8 9 11 12 13 0
3 14 1 2 4 5 7 8 10 11 12 13 1
3 14 1 2 4 5 7 9 10 11 12 13 0
3 14 1 2 4 5 8 9 10 11 12 13 0
3 14 1 2 4 6 7 8 9 10 11 12 1
3 14 1 2 4 6 7 8 9 10 11 13 0
3 14 1 2 4 6 7 8 9 10 12 13 0
3 14 1 2 4 6 7 8 9 11 12 13 0
3 14 1 2 4 6 7 8 10 11 12 13 0
3 14 1 2 4 6 7 9 10 11 12 13 0
3 14 1 2 4 6 8 9 10 11 12 13 1
3 14 1 2 4 7 8 9 10 11 12 13 0
3 14 1 2 5 6 7 8 9 10 11 12 1
3 14 1 2 5 6 7 8 9 10 11 13 0
3 14 1 2 5 6 7 8 9 10 12 13 0
3 14 1 2 5 6 7 8 9 11 12 13 1
3 14 1 2 5 6 7 8 10 11 12 13 0
3 14 1 2 5 6 7 9 10 11 12 13 0
3 14 1 2 5 6 8 9 10 11 12 13 0
3 14 1 2 5 7 8 9 10 11 12 13 0
3 14 1 2 6 7 8 9 10 11 12 13 1
3 14 1 4 5 6 7 8 9 10 11 12 1
3 14 1 4 5 6 7 8 9 10 11 13 0
3 14 1 4 5 6 7 8 9 10 12 13 0
3 14 1 4 5 6 7 8 9 11 12 13 0
3 14 1 4 5 6 7 8 10 11 12 13 0
3 14 1 4 5 6 7 9 10 11 12 13 0
3 14 1 4 5 6 8 9 10 11 12 13 0
3 14 1 4 5 7 8 9 10 11 12 13 0
3 14 1 4 6 7 8 9 10 11 12 13 1
3 14 1 5 6 7 8 9 10 11 12 13 0
3 14 2 4 5 6 7 8 9 10 11 12 1.41421
3 14 2 4 5 6 7 8 9 10 11 13 1
3 14 2 4 5 6 7 8 9 10 12 13 0
3 14 2 4 5 6 7 8 9 11 12 13 0
3 14 2 4 5 6 7 8 10 11 12 13 0
3 14 2 4 5 6 7 9 10 11 12 13 1
3 14 2 4 5 6 8 9 10 11 12 13 1
3 14 2 4 5 7 8 9 10 11 12 13 0
3 14 2 4 6 7 8 9 10 11 12 13 0
3 14 2 5 6 7 8 9 10 11 12 13 0
3 14 4 5 6 7 8 9 10 11 12 13 1
