3 14 0 1 1.90693
3 14 0 2 2.24038
3 14 0 4 2.48193
3 14 0 5 2.29907
3 14 0 6 2.58404
3 14 0 7 2.24038
3 14 0 8 2.37697
3 14 0 9 2.58404
3 14 0 10 2.49516
3 14 0 11 2.58404
3 14 0 12 2.46311
3 14 0 13 2.46311
3 14 1 2 1.73205
3 14 1 4 1.41421
3 14 1 5 1.41421
3 14 1 6 1.90693
3 14 1 7 1.73205
3 14 1 8 1.85164
3 14 1 9 1.90693
3 14 1 10 1.73205
3 14 1 11 1.90693
3 14 1 12 1.90693
3 14 1 13 1.90693
3 14 2 4 2.18955
3 14 2 5 2.16556
3 14 2 6 2.27837
3 14 2 7 2
3 14 2 8 2
3 14 2 9 2.27837
3 14 2 10 2.16556
3 14 2 11 2.27837
3 14 2 12 2.16025
3 14 2 13 2.10639
3 14 4 5 2.33699
3 14 4 6 2.50805
3 14 4 7 2.18955
3 14 4 8 2.32266
3 14 4 9 2.50805
3 14 4 10 2.48193
3 14 4 11 2.50805
3 14 4 12 2.34521
3 14 4 13 2.32266
3 14 5 6 2.35584
3 14 5 7 2.16556
3 14 5 8 2.07802
3 14 5 9 2.35584
3 14 5 10 2.29129
3 14 5 11 2.35584
3 14 5 12 2.16556
3 14 5 13 2.10357
3 14 6 7 2.27837
3 14 6 8 2.40662
3 14 6 9 2.60951
3 14 6 10 2.52678
3 14 6 11 2.60951
3 14 6 12 2.5
3 14 6 13 2.46311
3 14 7 8 2
3 14 7 9 2.27837
3 14 7 10 2.16556
3 14 7 11 2.27837
3 14 7 12 2.16025
3 14 7 13 2.10639
3 14 8 9 2.40662
3 14 8 10 2.39046
3 14 8 11 2.40662
3 14 8 12 2.3094
3 14 8 13 2.26385
3 14 9 10 2.52678
3 14 9 11 2.60951
3 14 9 12 2.5
3 14 9 13 2.46311
3 14 10 11 2.52678
3 14 10 12 2.39046
3 14 10 13 2.35488
3 14 11 12 2.5
3 14 11 13 2.46311
3 14 12 13 2.38048
