11 13 0 1 2 1.93309
11 13 0 1 3 2
11 13 0 1 4 2
11 13 0 1 5 1.73205
11 13 0 1 6 2.23607
11 13 0 1 7 1.93309
11 13 0 1 8 2.19089
11 13 0 1 9 2.23607
11 13 0 1 10 2.13664
11 13 0 1 12 2.23607
11 13 0 1 14 2.19089
11 13 0 2 3 2.16025
11 13 0 2 4 2.08167
11 13 0 2 5 2.04939
11 13 0 2 6 2.2563
11 13 0 2 7 2
11 13 0 2 8 2
11 13 0 2 9 2.2563
11 13 0 2 10 2.04939
11 13 0 2 12 2.173
11 13 0 2 14 2.19745
11 13 0 3 4 2.33699
11 13 0 3 5 2.15297
11 13 0 3 6 2.50333
11 13 0 3 7 2.16025
11 13 0 3 8 2.28446
11 13 0 3 9 2.50333
11 13 0 3 10 2.35488
11 13 0 3 12 2.44949
11 13 0 3 14 2.46311
11 13 0 4 5 2.33699
11 13 0 4 6 2.62202
11 13 0 4 7 2.08167
11 13 0 4 8 2.52543
11 13 0 4 9 2.62202
11 13 0 4 10 2.61406
11 13 0 4 12 2.53899
11 13 0 4 14 2.62216
11 13 0 5 6 2.39046
11 13 0 5 7 2.04939
11 13 0 5 8 2.13664
11 13 0 5 9 2.39046
11 13 0 5 10 2.28709
11 13 0 5 12 2.23607
11 13 0 5 14 2.33699
11 13 0 6 7 2.2563
11 13 0 6 8 2.64575
11 13 0 6 9 2.74064
11 13 0 6 10 2.66231
11 13 0 6 12 2.68949
11 13 0 6 14 2.72279
11 13 0 7 8 2
11 13 0 7 9 2.2563
11 13 0 7 10 2.04939
11 13 0 7 12 2.173
11 13 0 7 14 2.19745
11 13 0 8 9 2.64575
11 13 0 8 10 2.58844
11 13 0 8 12 2.53899
11 13 0 8 14 2.60419
11 13 0 9 10 2.66231
11 13 0 9 12 2.68949
11 13 0 9 14 2.72279
11 13 0 10 12 2.58844
11 13 0 10 14 2.66231
11 13 0 12 14 2.65875
11 13 1 2 3 1.90693
11 13 1 2 4 1.41421
11 13 1 2 5 1.73205
11 13 1 2 6 1.93309
11 13 1 2 7 1.85164
11 13 1 2 8 1.81265
11 13 1 2 9 1.93309
11 13 1 2 10 1.62019
11 13 1 2 12 1.93309
11 13 1 2 14 1.81265
11 13 1 3 4 1.41421
11 13 1 3 5 1.73205
11 13 1 3 6 2
11 13 1 3 7 1.90693
11 13 1 3 8 1.90693
11 13 1 3 9 2
11 13 1 3 10 1.73205
11 13 1 3 12 2
11 13 1 3 14 1.90693
11 13 1 4 5 1.41421
11 13 1 4 6 2
11 13 1 4 7 1.41421
11 13 1 4 8 2
11 13 1 4 9 2
11 13 1 4 10 2
11 13 1 4 12 2
11 13 1 4 14 2
11 13 1 5 6 1.73205
11 13 1 5 7 1.73205
11 13 1 5 8 1.41421
11 13 1 5 9 1.73205
11 13 1 5 10 1.41421
11 13 1 5 12 1.73205
11 13 1 5 14 1.41421
11 13 1 6 7 1.93309
11 13 1 6 8 2.19089
11 13 1 6 9 2.23607
11 13 1 6 10 2.13664
11 13 1 6 12 2.23607
11 13 1 6 14 2.19089
11 13 1 7 8 1.81265
11 13 1 7 9 1.93309
11 13 1 7 10 1.62019
11 13 1 7 12 1.93309
11 13 1 7 14 1.81265
11 13 1 8 9 2.19089
11 13 1 8 10 2.13664
11 13 1 8 12 2.19089
11 13 1 8 14 2.16025
11 13 1 9 10 2.13664
11 13 1 9 12 2.23607
11 13 1 9 14 2.19089
11 13 1 10 12 2.13664
11 13 1 10 14 2.13664
11 13 1 12 14 2.19089
11 13 2 3 4 2
11 13 2 3 5 2
11 13 2 3 6 2.16025
11 13 2 3 7 2
11 13 2 3 8 2
11 13 2 3 9 2.16025
11 13 2 3 10 1.90693
11 13 2 3 12 2.10639
11 13 2 3 14 2.10639
11 13 2 4 5 2
11 13 2 4 6 2.08167
11 13 2 4 7 1.73205
11 13 2 4 8 1.85164
11 13 2 4 9 2.08167
11 13 2 4 10 2.00294
11 13 2 4 12 1.93309
11 13 2 4 14 2.04939
11 13 2 5 6 2.04939
11 13 2 5 7 1.90693
11 13 2 5 8 1.62019
11 13 2 5 9 2.04939
11 13 2 5 10 1.85164
11 13 2 5 12 1.93309
11 13 2 5 14 2
11 13 2 6 7 2
11 13 2 6 8 2
11 13 2 6 9 2.2563
11 13 2 6 10 2.04939
11 13 2 6 12 2.173
11 13 2 6 14 2.19745
11 13 2 7 8 1.62019
11 13 2 7 9 2
11 13 2 7 10 1.41421
11 13 2 7 12 1.93309
11 13 2 7 14 1.81265
11 13 2 8 9 2
11 13 2 8 10 1.93309
11 13 2 8 12 1.93309
11 13 2 8 14 2
11 13 2 9 10 2.04939
11 13 2 9 12 2.173
11 13 2 9 14 2.19745
11 13 2 10 12 1.93309
11 13 2 10 14 2.04939
11 13 2 12 14 2.10639
11 13 3 4 5 2.10357
11 13 3 4 6 2.33699
11 13 3 4 7 2
11 13 3 4 8 2.13664
11 13 3 4 9 2.33699
11 13 3 4 10 2.28709
11 13 3 4 12 2.19089
11 13 3 4 14 2.32266
11 13 3 5 6 2.15297
11 13 3 5 7 2
11 13 3 5 8 1.73205
11 13 3 5 9 2.15297
11 13 3 5 10 2
11 13 3 5 12 2
11 13 3 5 14 2.10357
11 13 3 6 7 2.16025
11 13 3 6 8 2.28446
11 13 3 6 9 2.50333
11 13 3 6 10 2.35488
11 13 3 6 12 2.44949
11 13 3 6 14 2.46311
11 13 3 7 8 2
11 13 3 7 9 2.16025
11 13 3 7 10 1.90693
11 13 3 7 12 2.10639
11 13 3 7 14 2.10639
11 13 3 8 9 2.28446
11 13 3 8 10 2.23607
11 13 3 8 12 2.19089
11 13 3 8 14 2.26385
11 13 3 9 10 2.35488
11 13 3 9 12 2.44949
11 13 3 9 14 2.46311
11 13 3 10 12 2.23607
11 13 3 10 14 2.35488
11 13 3 12 14 2.38048
11 13 4 5 6 2.33699
11 13 4 5 7 2
11 13 4 5 8 2.13664
11 13 4 5 9 2.33699
11 13 4 5 10 2.28709
11 13 4 5 12 2.19089
11 13 4 5 14 2.32266
11 13 4 6 7 2.08167
11 13 4 6 8 2.52543
11 13 4 6 9 2.62202
11 13 4 6 10 2.61406
11 13 4 6 12 2.53899
11 13 4 6 14 2.62216
11 13 4 7 8 1.85164
11 13 4 7 9 2.08167
11 13 4 7 10 2.00294
11 13 4 7 12 1.93309
11 13 4 7 14 2.04939
11 13 4 8 9 2.52543
11 13 4 8 10 2.52543
11 13 4 8 12 2.44949
11 13 4 8 14 2.52543
11 13 4 9 10 2.61406
11 13 4 9 12 2.53899
11 13 4 9 14 2.62216
11 13 4 10 12 2.52543
11 13 4 10 14 2.61406
11 13 4 12 14 2.53722
11 13 5 6 7 2.04939
11 13 5 6 8 2.13664
11 13 5 6 9 2.39046
11 13 5 6 10 2.28709
11 13 5 6 12 2.23607
11 13 5 6 14 2.33699
11 13 5 7 8 1.62019
11 13 5 7 9 2.04939
11 13 5 7 10 1.85164
11 13 5 7 12 1.93309
11 13 5 7 14 2
11 13 5 8 9 2.13664
11 13 5 8 10 2.13664
11 13 5 8 12 2
11 13 5 8 14 2.13664
11 13 5 9 10 2.28709
11 13 5 9 12 2.23607
11 13 5 9 14 2.33699
11 13 5 10 12 2.13664
11 13 5 10 14 2.28709
11 13 5 12 14 2.19089
11 13 6 7 8 2
11 13 6 7 9 2.2563
11 13 6 7 10 2.04939
11 13 6 7 12 2.173
11 13 6 7 14 2.19745
11 13 6 8 9 2.64575
11 13 6 8 10 2.58844
11 13 6 8 12 2.53899
11 13 6 8 14 2.60419
11 13 6 9 10 2.66231
11 13 6 9 12 2.68949
11 13 6 9 14 2.72279
11 13 6 10 12 2.58844
11 13 6 10 14 2.66231
11 13 6 12 14 2.65875
11 13 7 8 9 2
11 13 7 8 10 1.93309
11 13 7 8 12 1.93309
11 13 7 8 14 2
11 13 7 9 10 2.04939
11 13 7 9 12 2.173
11 13 7 9 14 2.19745
11 13 7 10 12 1.93309
11 13 7 10 14 2.04939
11 13 7 12 14 2.10639
11 13 8 9 10 2.58844
11 13 8 9 12 2.53899
11 13 8 9 14 2.60419
11 13 8 10 12 2.52543
11 13 8 10 14 2.58844
11 13 8 12 14 2.53722
11 13 9 10 12 2.58844
11 13 9 10 14 2.66231
11 13 9 12 14 2.65875
11 13 10 12 14 2.58844
