11 13 0 1 2 3 4 5 6 1.41421
11 13 0 1 2 3 4 5 7 1.41421
11 13 0 1 2 3 4 5 8 1
11 13 0 1 2 3 4 5 9 1.41421
11 13 0 1 2 3 4 5 10 1
11 13 0 1 2 3 4 5 12 1.41421
11 13 0 1 2 3 4 5 14 1
11 13 0 1 2 3 4 6 7 1.41421
11 13 0 1 2 3 4 6 8 1
11 13 0 1 2 3 4 6 9 1.41421
11 13 0 1 2 3 4 6 10 1
11 13 0 1 2 3 4 6 12 1.41421
11 13 0 1 2 3 4 6 14 1
11 13 0 1 2 3 4 7 8 1
11 13 0 1 2 3 4 7 9 1.41421
11 13 0 1 2 3 4 7 10 1
11 13 0 1 2 3 4 7 12 1.41421
11 13 0 1 2 3 4 7 14 1
11 13 0 1 2 3 4 8 9 1
11 13 0 1 2 3 4 8 10 1
11 13 0 1 2 3 4 8 12 1
11 13 0 1 2 3 4 8 14 1
11 13 0 1 2 3 4 9 10 1
11 13 0 1 2 3 4 9 12 1.41421
11 13 0 1 2 3 4 9 14 1
11 13 0 1 2 3 4 10 12 1
11 13 0 1 2 3 4 10 14 1
11 13 0 1 2 3 4 12 14 1
11 13 0 1 2 3 5 6 7 1.73205
11 13 0 1 2 3 5 6 8 1.41421
11 13 0 1 2 3 5 6 9 1.73205
11 13 0 1 2 3 5 6 10 0
11 13 0 1 2 3 5 6 12 1.73205
11 13 0 1 2 3 5 6 14 1.41421
11 13 0 1 2 3 5 7 8 1.41421
11 13 0 1 2 3 5 7 9 1.73205
11 13 0 1 2 3 5 7 10 1
11 13 0 1 2 3 5 7 12 1.73205
11 13 0 1 2 3 5 7 14 1.41421
11 13 0 1 2 3 5 8 9 1.41421
11 13 0 1 2 3 5 8 10 1
11 13 0 1 2 3 5 8 12 1.41421
11 13 0 1 2 3 5 8 14 1
11 13 0 1 2 3 5 9 10 0
11 13 0 1 2 3 5 9 12 1.73205
11 13 0 1 2 3 5 9 14 1.41421
11 13 0 1 2 3 5 10 12 1
11 13 0 1 2 3 5 10 14 1
11 13 0 1 2 3 5 12 14 1.41421
11 13 0 1 2 3 6 7 8 1.62019
11 13 0 1 2 3 6 7 9 1.85164
11 13 0 1 2 3 6 7 10 1
11 13 0 1 2 3 6 7 12 1.85164
11 13 0 1 2 3 6 7 14 1.62019
11 13 0 1 2 3 6 8 9 1.73205
11 13 0 1 2 3 6 8 10 1.41421
11 13 0 1 2 3 6 8 12 1.73205
11 13 0 1 2 3 6 8 14 1.62019
11 13 0 1 2 3 6 9 10 1.41421
11 13 0 1 2 3 6 9 12 1.90693
11 13 0 1 2 3 6 9 14 1.73205
11 13 0 1 2 3 6 10 12 1.41421
11 13 0 1 2 3 6 10 14 1.41421
11 13 0 1 2 3 6 12 14 1.73205
11 13 0 1 2 3 7 8 9 1.62019
11 13 0 1 2 3 7 8 10 1
11 13 0 1 2 3 7 8 12 1.62019
11 13 0 1 2 3 7 8 14 1.41421
11 13 0 1 2 3 7 9 10 1
11 13 0 1 2 3 7 9 12 1.85164
11 13 0 1 2 3 7 9 14 1.62019
11 13 0 1 2 3 7 10 12 1
11 13 0 1 2 3 7 10 14 1
11 13 0 1 2 3 7 12 14 1.62019
11 13 0 1 2 3 8 9 10 1.41421
11 13 0 1 2 3 8 9 12 1.73205
11 13 0 1 2 3 8 9 14 1.62019
11 13 0 1 2 3 8 10 12 1.41421
11 13 0 1 2 3 8 10 14 1.41421
11 13 0 1 2 3 8 12 14 1.62019
11 13 0 1 2 3 9 10 12 1.41421
11 13 0 1 2 3 9 10 14 1.41421
11 13 0 1 2 3 9 12 14 1.73205
11 13 0 1 2 3 10 12 14 1.41421
11 13 0 1 2 4 5 6 7 1.41421
11 13 0 1 2 4 5 6 8 1
11 13 0 1 2 4 5 6 9 1.41421
11 13 0 1 2 4 5 6 10 1
11 13 0 1 2 4 5 6 12 1.41421
11 13 0 1 2 4 5 6 14 1
11 13 0 1 2 4 5 7 8 1
11 13 0 1 2 4 5 7 9 1.41421
11 13 0 1 2 4 5 7 10 1
11 13 0 1 2 4 5 7 12 1.41421
11 13 0 1 2 4 5 7 14 1
11 13 0 1 2 4 5 8 9 1
11 13 0 1 2 4 5 8 10 1
11 13 0 1 2 4 5 8 12 1
11 13 0 1 2 4 5 8 14 1
11 13 0 1 2 4 5 9 10 1
11 13 0 1 2 4 5 9 12 1.41421
11 13 0 1 2 4 5 9 14 1
11 13 0 1 2 4 5 10 12 1
11 13 0 1 2 4 5 10 14 1
11 13 0 1 2 4 5 12 14 1
11 13 0 1 2 4 6 7 8 1
11 13 0 1 2 4 6 7 9 1.41421
11 13 0 1 2 4 6 7 10 0
11 13 0 1 2 4 6 7 12 1.41421
11 13 0 1 2 4 6 7 14 1
11 13 0 1 2 4 6 8 9 1.41421
11 13 0 1 2 4 6 8 10 1.41421
11 13 0 1 2 4 6 8 12 1.41421
11 13 0 1 2 4 6 8 14 1.41421
11 13 0 1 2 4 6 9 10 1.41421
11 13 0 1 2 4 6 9 12 1.41421
11 13 0 1 2 4 6 9 14 1.41421
11 13 0 1 2 4 6 10 12 1.41421
11 13 0 1 2 4 6 10 14 1.41421
11 13 0 1 2 4 6 12 14 1.41421
11 13 0 1 2 4 7 8 9 1
11 13 0 1 2 4 7 8 10 1
11 13 0 1 2 4 7 8 12 1
11 13 0 1 2 4 7 8 14 1
11 13 0 1 2 4 7 9 10 0
11 13 0 1 2 4 7 9 12 1.41421
11 13 0 1 2 4 7 9 14 1
11 13 0 1 2 4 7 10 12 1
11 13 0 1 2 4 7 10 14 1
11 13 0 1 2 4 7 12 14 1
11 13 0 1 2 4 8 9 10 1.41421
11 13 0 1 2 4 8 9 12 1.41421
11 13 0 1 2 4 8 9 14 1.41421
11 13 0 1 2 4 8 10 12 1.41421
11 13 0 1 2 4 8 10 14 1.41421
11 13 0 1 2 4 8 12 14 1.41421
11 13 0 1 2 4 9 10 12 1.41421
11 13 0 1 2 4 9 10 14 1.41421
11 13 0 1 2 4 9 12 14 1.41421
11 13 0 1 2 4 10 12 14 1.41421
11 13 0 1 2 5 6 7 8 1.41421
11 13 0 1 2 5 6 7 9 1.73205
11 13 0 1 2 5 6 7 10 0
11 13 0 1 2 5 6 7 12 1.73205
11 13 0 1 2 5 6 7 14 1.41421
11 13 0 1 2 5 6 8 9 1.41421
11 13 0 1 2 5 6 8 10 1
11 13 0 1 2 5 6 8 12 1.41421
11 13 0 1 2 5 6 8 14 1
11 13 0 1 2 5 6 9 10 1
11 13 0 1 2 5 6 9 12 1.73205
11 13 0 1 2 5 6 9 14 1.41421
11 13 0 1 2 5 6 10 12 1
11 13 0 1 2 5 6 10 14 1
11 13 0 1 2 5 6 12 14 1.41421
11 13 0 1 2 5 7 8 9 1.41421
11 13 0 1 2 5 7 8 10 1
11 13 0 1 2 5 7 8 12 1.41421
11 13 0 1 2 5 7 8 14 1
11 13 0 1 2 5 7 9 10 0
11 13 0 1 2 5 7 9 12 1.73205
11 13 0 1 2 5 7 9 14 1.41421
11 13 0 1 2 5 7 10 12 1
11 13 0 1 2 5 7 10 14 1
11 13 0 1 2 5 7 12 14 1.41421
11 13 0 1 2 5 8 9 10 1
11 13 0 1 2 5 8 9 12 1.41421
11 13 0 1 2 5 8 9 14 1
11 13 0 1 2 5 8 10 12 1
11 13 0 1 2 5 8 10 14 1
11 13 0 1 2 5 8 12 14 1
11 13 0 1 2 5 9 10 12 1
11 13 0 1 2 5 9 10 14 1
11 13 0 1 2 5 9 12 14 1.41421
11 13 0 1 2 5 10 12 14 1
11 13 0 1 2 6 7 8 9 1.62019
11 13 0 1 2 6 7 8 10 1
11 13 0 1 2 6 7 8 12 1.62019
11 13 0 1 2 6 7 8 14 1.41421
11 13 0 1 2 6 7 9 10 1
11 13 0 1 2 6 7 9 12 1.85164
11 13 0 1 2 6 7 9 14 1.62019
11 13 0 1 2 6 7 10 12 1
11 13 0 1 2 6 7 10 14 1
11 13 0 1 2 6 7 12 14 1.62019
11 13 0 1 2 6 8 9 10 1.62019
11 13 0 1 2 6 8 9 12 1.81265
11 13 0 1 2 6 8 9 14 1.73205
11 13 0 1 2 6 8 10 12 1.62019
11 13 0 1 2 6 8 10 14 1.62019
11 13 0 1 2 6 8 12 14 1.73205
11 13 0 1 2 6 9 10 12 1.62019
11 13 0 1 2 6 9 10 14 1.62019
11 13 0 1 2 6 9 12 14 1.81265
11 13 0 1 2 6 10 12 14 1.62019
11 13 0 1 2 7 8 9 10 1
11 13 0 1 2 7 8 9 12 1.62019
11 13 0 1 2 7 8 9 14 1.41421
11 13 0 1 2 7 8 10 12 1
11 13 0 1 2 7 8 10 14 1
11 13 0 1 2 7 8 12 14 1.41421
11 13 0 1 2 7 9 10 12 1
11 13 0 1 2 7 9 10 14 1
11 13 0 1 2 7 9 12 14 1.62019
11 13 0 1 2 7 10 12 14 1
11 13 0 1 2 8 9 10 12 1.62019
11 13 0 1 2 8 9 10 14 1.62019
11 13 0 1 2 8 9 12 14 1.73205
11 13 0 1 2 8 10 12 14 1.62019
11 13 0 1 2 9 10 12 14 1.62019
11 13 0 1 3 4 5 6 7 1.41421
11 13 0 1 3 4 5 6 8 1
11 13 0 1 3 4 5 6 9 1.41421
11 13 0 1 3 4 5 6 10 0
11 13 0 1 3 4 5 6 12 1.41421
11 13 0 1 3 4 5 6 14 1
11 13 0 1 3 4 5 7 8 1
11 13 0 1 3 4 5 7 9 1.41421
11 13 0 1 3 4 5 7 10 1
11 13 0 1 3 4 5 7 12 1.41421
11 13 0 1 3 4 5 7 14 1
11 13 0 1 3 4 5 8 9 1
11 13 0 1 3 4 5 8 10 1
11 13 0 1 3 4 5 8 12 1
11 13 0 1 3 4 5 8 14 1
11 13 0 1 3 4 5 9 10 0
11 13 0 1 3 4 5 9 12 1.41421
11 13 0 1 3 4 5 9 14 1
11 13 0 1 3 4 5 10 12 1
11 13 0 1 3 4 5 10 14 1
11 13 0 1 3 4 5 12 14 1
11 13 0 1 3 4 6 7 8 1
11 13 0 1 3 4 6 7 9 1.41421
11 13 0 1 3 4 6 7 10 1
11 13 0 1 3 4 6 7 12 1.41421
11 13 0 1 3 4 6 7 14 1
11 13 0 1 3 4 6 8 9 1.41421
11 13 0 1 3 4 6 8 10 1.41421
11 13 0 1 3 4 6 8 12 1.41421
11 13 0 1 3 4 6 8 14 1.41421
11 13 0 1 3 4 6 9 10 1.41421
11 13 0 1 3 4 6 9 12 1.41421
11 13 0 1 3 4 6 9 14 1.41421
11 13 0 1 3 4 6 10 12 1.41421
11 13 0 1 3 4 6 10 14 1.41421
11 13 0 1 3 4 6 12 14 1.41421
11 13 0 1 3 4 7 8 9 1
11 13 0 1 3 4 7 8 10 1
11 13 0 1 3 4 7 8 12 1
11 13 0 1 3 4 7 8 14 1
11 13 0 1 3 4 7 9 10 1
11 13 0 1 3 4 7 9 12 1.41421
11 13 0 1 3 4 7 9 14 1
11 13 0 1 3 4 7 10 12 1
11 13 0 1 3 4 7 10 14 1
11 13 0 1 3 4 7 12 14 1
11 13 0 1 3 4 8 9 10 1.41421
11 13 0 1 3 4 8 9 12 1.41421
11 13 0 1 3 4 8 9 14 1.41421
11 13 0 1 3 4 8 10 12 1.41421
11 13 0 1 3 4 8 10 14 1.41421
11 13 0 1 3 4 8 12 14 1.41421
11 13 0 1 3 4 9 10 12 1.41421
11 13 0 1 3 4 9 10 14 1.41421
11 13 0 1 3 4 9 12 14 1.41421
11 13 0 1 3 4 10 12 14 1.41421
11 13 0 1 3 5 6 7 8 1.41421
11 13 0 1 3 5 6 7 9 1.73205
11 13 0 1 3 5 6 7 10 0
11 13 0 1 3 5 6 7 12 1.73205
11 13 0 1 3 5 6 7 14 1.41421
11 13 0 1 3 5 6 8 9 1.41421
11 13 0 1 3 5 6 8 10 0
11 13 0 1 3 5 6 8 12 1.41421
11 13 0 1 3 5 6 8 14 1
11 13 0 1 3 5 6 9 10 0
11 13 0 1 3 5 6 9 12 1.73205
11 13 0 1 3 5 6 9 14 1.41421
11 13 0 1 3 5 6 10 12 0
11 13 0 1 3 5 6 10 14 0
11 13 0 1 3 5 6 12 14 1.41421
11 13 0 1 3 5 7 8 9 1.41421
11 13 0 1 3 5 7 8 10 1
11 13 0 1 3 5 7 8 12 1.41421
11 13 0 1 3 5 7 8 14 1
11 13 0 1 3 5 7 9 10 0
11 13 0 1 3 5 7 9 12 1.73205
11 13 0 1 3 5 7 9 14 1.41421
11 13 0 1 3 5 7 10 12 1
11 13 0 1 3 5 7 10 14 1
11 13 0 1 3 5 7 12 14 1.41421
11 13 0 1 3 5 8 9 10 0
11 13 0 1 3 5 8 9 12 1.41421
11 13 0 1 3 5 8 9 14 1
11 13 0 1 3 5 8 10 12 1
11 13 0 1 3 5 8 10 14 1
11 13 0 1 3 5 8 12 14 1
11 13 0 1 3 5 9 10 12 0
11 13 0 1 3 5 9 10 14 0
11 13 0 1 3 5 9 12 14 1.41421
11 13 0 1 3 5 10 12 14 1
11 13 0 1 3 6 7 8 9 1.73205
11 13 0 1 3 6 7 8 10 1.41421
11 13 0 1 3 6 7 8 12 1.73205
11 13 0 1 3 6 7 8 14 1.62019
11 13 0 1 3 6 7 9 10 1.41421
11 13 0 1 3 6 7 9 12 1.90693
11 13 0 1 3 6 7 9 14 1.73205
11 13 0 1 3 6 7 10 12 1.41421
11 13 0 1 3 6 7 10 14 1.41421
11 13 0 1 3 6 7 12 14 1.73205
11 13 0 1 3 6 8 9 10 1.73205
11 13 0 1 3 6 8 9 12 1.90693
11 13 0 1 3 6 8 9 14 1.85164
11 13 0 1 3 6 8 10 12 1.73205
11 13 0 1 3 6 8 10 14 1.73205
11 13 0 1 3 6 8 12 14 1.85164
11 13 0 1 3 6 9 10 12 1.73205
11 13 0 1 3 6 9 10 14 1.73205
11 13 0 1 3 6 9 12 14 1.90693
11 13 0 1 3 6 10 12 14 1.73205
11 13 0 1 3 7 8 9 10 1.41421
11 13 0 1 3 7 8 9 12 1.73205
11 13 0 1 3 7 8 9 14 1.62019
11 13 0 1 3 7 8 10 12 1.41421
11 13 0 1 3 7 8 10 14 1.41421
11 13 0 1 3 7 8 12 14 1.62019
11 13 0 1 3 7 9 10 12 1.41421
11 13 0 1 3 7 9 10 14 1.41421
11 13 0 1 3 7 9 12 14 1.73205
11 13 0 1 3 7 10 12 14 1.41421
11 13 0 1 3 8 9 10 12 1.73205
11 13 0 1 3 8 9 10 14 1.73205
11 13 0 1 3 8 9 12 14 1.85164
11 13 0 1 3 8 10 12 14 1.73205
11 13 0 1 3 9 10 12 14 1.73205
11 13 0 1 4 5 6 7 8 1
11 13 0 1 4 5 6 7 9 1.41421
11 13 0 1 4 5 6 7 10 1
11 13 0 1 4 5 6 7 12 1.41421
11 13 0 1 4 5 6 7 14 1
11 13 0 1 4 5 6 8 9 1.41421
11 13 0 1 4 5 6 8 10 1.41421
11 13 0 1 4 5 6 8 12 1.41421
11 13 0 1 4 5 6 8 14 1.41421
11 13 0 1 4 5 6 9 10 1.41421
11 13 0 1 4 5 6 9 12 1.41421
11 13 0 1 4 5 6 9 14 1.41421
11 13 0 1 4 5 6 10 12 1.41421
11 13 0 1 4 5 6 10 14 1.41421
11 13 0 1 4 5 6 12 14 1.41421
11 13 0 1 4 5 7 8 9 1
11 13 0 1 4 5 7 8 10 1
11 13 0 1 4 5 7 8 12 1
11 13 0 1 4 5 7 8 14 1
11 13 0 1 4 5 7 9 10 1
11 13 0 1 4 5 7 9 12 1.41421
11 13 0 1 4 5 7 9 14 1
11 13 0 1 4 5 7 10 12 1
11 13 0 1 4 5 7 10 14 1
11 13 0 1 4 5 7 12 14 1
11 13 0 1 4 5 8 9 10 1.41421
11 13 0 1 4 5 8 9 12 1.41421
11 13 0 1 4 5 8 9 14 1.41421
11 13 0 1 4 5 8 10 12 1.41421
11 13 0 1 4 5 8 10 14 1.41421
11 13 0 1 4 5 8 12 14 1.41421
11 13 0 1 4 5 9 10 12 1.41421
11 13 0 1 4 5 9 10 14 1.41421
11 13 0 1 4 5 9 12 14 1.41421
11 13 0 1 4 5 10 12 14 1.41421
11 13 0 1 4 6 7 8 9 1.41421
11 13 0 1 4 6 7 8 10 1.41421
11 13 0 1 4 6 7 8 12 1.41421
11 13 0 1 4 6 7 8 14 1.41421
11 13 0 1 4 6 7 9 10 1.41421
11 13 0 1 4 6 7 9 12 1.41421
11 13 0 1 4 6 7 9 14 1.41421
11 13 0 1 4 6 7 10 12 1.41421
11 13 0 1 4 6 7 10 14 1.41421
11 13 0 1 4 6 7 12 14 1.41421
11 13 0 1 4 6 8 9 10 2
11 13 0 1 4 6 8 9 12 2
11 13 0 1 4 6 8 9 14 2
11 13 0 1 4 6 8 10 12 2
11 13 0 1 4 6 8 10 14 2
11 13 0 1 4 6 8 12 14 2
11 13 0 1 4 6 9 10 12 2
11 13 0 1 4 6 9 10 14 2
11 13 0 1 4 6 9 12 14 2
11 13 0 1 4 6 10 12 14 2
11 13 0 1 4 7 8 9 10 1.41421
11 13 0 1 4 7 8 9 12 1.41421
11 13 0 1 4 7 8 9 14 1.41421
11 13 0 1 4 7 8 10 12 1.41421
11 13 0 1 4 7 8 10 14 1.41421
11 13 0 1 4 7 8 12 14 1.41421
11 13 0 1 4 7 9 10 12 1.41421
11 13 0 1 4 7 9 10 14 1.41421
11 13 0 1 4 7 9 12 14 1.41421
11 13 0 1 4 7 10 12 14 1.41421
11 13 0 1 4 8 9 10 12 2
11 13 0 1 4 8 9 10 14 2
11 13 0 1 4 8 9 12 14 2
11 13 0 1 4 8 10 12 14 2
11 13 0 1 4 9 10 12 14 2
11 13 0 1 5 6 7 8 9 1.41421
11 13 0 1 5 6 7 8 10 1
11 13 0 1 5 6 7 8 12 1.41421
11 13 0 1 5 6 7 8 14 1
11 13 0 1 5 6 7 9 10 1
11 13 0 1 5 6 7 9 12 1.73205
11 13 0 1 5 6 7 9 14 1.41421
11 13 0 1 5 6 7 10 12 1
11 13 0 1 5 6 7 10 14 1
11 13 0 1 5 6 7 12 14 1.41421
11 13 0 1 5 6 8 9 10 1.41421
11 13 0 1 5 6 8 9 12 1.41421
11 13 0 1 5 6 8 9 14 1.41421
11 13 0 1 5 6 8 10 12 1.41421
11 13 0 1 5 6 8 10 14 1.41421
11 13 0 1 5 6 8 12 14 1.41421
11 13 0 1 5 6 9 10 12 1.41421
11 13 0 1 5 6 9 10 14 1.41421
11 13 0 1 5 6 9 12 14 1.41421
11 13 0 1 5 6 10 12 14 1.41421
11 13 0 1 5 7 8 9 10 1
11 13 0 1 5 7 8 9 12 1.41421
11 13 0 1 5 7 8 9 14 1
11 13 0 1 5 7 8 10 12 1
11 13 0 1 5 7 8 10 14 1
11 13 0 1 5 7 8 12 14 1
11 13 0 1 5 7 9 10 12 1
11 13 0 1 5 7 9 10 14 1
11 13 0 1 5 7 9 12 14 1.41421
11 13 0 1 5 7 10 12 14 1
11 13 0 1 5 8 9 10 12 1.41421
11 13 0 1 5 8 9 10 14 1.41421
11 13 0 1 5 8 9 12 14 1.41421
11 13 0 1 5 8 10 12 14 1.41421
11 13 0 1 5 9 10 12 14 1.41421
11 13 0 1 6 7 8 9 10 1.62019
11 13 0 1 6 7 8 9 12 1.81265
11 13 0 1 6 7 8 9 14 1.73205
11 13 0 1 6 7 8 10 12 1.62019
11 13 0 1 6 7 8 10 14 1.62019
11 13 0 1 6 7 8 12 14 1.73205
11 13 0 1 6 7 9 10 12 1.62019
11 13 0 1 6 7 9 10 14 1.62019
11 13 0 1 6 7 9 12 14 1.81265
11 13 0 1 6 7 10 12 14 1.62019
11 13 0 1 6 8 9 10 12 2.13664
11 13 0 1 6 8 9 10 14 2.13664
11 13 0 1 6 8 9 12 14 2.16025
11 13 0 1 6 8 10 12 14 2.13664
11 13 0 1 6 9 10 12 14 2.13664
11 13 0 1 7 8 9 10 12 1.62019
11 13 0 1 7 8 9 10 14 1.62019
11 13 0 1 7 8 9 12 14 1.73205
11 13 0 1 7 8 10 12 14 1.62019
11 13 0 1 7 9 10 12 14 1.62019
11 13 0 1 8 9 10 12 14 2.13664
11 13 0 2 3 4 5 6 7 1.73205
11 13 0 2 3 4 5 6 8 1.41421
11 13 0 2 3 4 5 6 9 1.90693
11 13 0 2 3 4 5 6 10 1.73205
11 13 0 2 3 4 5 6 12 1.73205
11 13 0 2 3 4 5 6 14 1.85164
11 13 0 2 3 4 5 7 8 1
11 13 0 2 3 4 5 7 9 1.73205
11 13 0 2 3 4 5 7 10 1.41421
11 13 0 2 3 4 5 7 12 1.62019
11 13 0 2 3 4 5 7 14 1.62019
11 13 0 2 3 4 5 8 9 1.41421
11 13 0 2 3 4 5 8 10 1.41421
11 13 0 2 3 4 5 8 12 1
11 13 0 2 3 4 5 8 14 1.41421
11 13 0 2 3 4 5 9 10 1.73205
11 13 0 2 3 4 5 9 12 1.73205
11 13 0 2 3 4 5 9 14 1.85164
11 13 0 2 3 4 5 10 12 1.41421
11 13 0 2 3 4 5 10 14 1.73205
11 13 0 2 3 4 5 12 14 1.62019
11 13 0 2 3 4 6 7 8 1
11 13 0 2 3 4 6 7 9 1.73205
11 13 0 2 3 4 6 7 10 1.41421
11 13 0 2 3 4 6 7 12 1.62019
11 13 0 2 3 4 6 7 14 1.62019
11 13 0 2 3 4 6 8 9 1.62019
11 13 0 2 3 4 6 8 10 1.62019
11 13 0 2 3 4 6 8 12 1.41421
11 13 0 2 3 4 6 8 14 1.62019
11 13 0 2 3 4 6 9 10 1.85164
11 13 0 2 3 4 6 9 12 1.81265
11 13 0 2 3 4 6 9 14 1.93309
11 13 0 2 3 4 6 10 12 1.62019
11 13 0 2 3 4 6 10 14 1.85164
11 13 0 2 3 4 6 12 14 1.73205
11 13 0 2 3 4 7 8 9 1
11 13 0 2 3 4 7 8 10 1
11 13 0 2 3 4 7 8 12 1
11 13 0 2 3 4 7 8 14 1
11 13 0 2 3 4 7 9 10 1.41421
11 13 0 2 3 4 7 9 12 1.62019
11 13 0 2 3 4 7 9 14 1.62019
11 13 0 2 3 4 7 10 12 1
11 13 0 2 3 4 7 10 14 1.41421
11 13 0 2 3 4 7 12 14 1.41421
11 13 0 2 3 4 8 9 10 1.62019
11 13 0 2 3 4 8 9 12 1.41421
11 13 0 2 3 4 8 9 14 1.62019
11 13 0 2 3 4 8 10 12 1.41421
11 13 0 2 3 4 8 10 14 1.62019
11 13 0 2 3 4 8 12 14 1.41421
11 13 0 2 3 4 9 10 12 1.62019
11 13 0 2 3 4 9 10 14 1.85164
11 13 0 2 3 4 9 12 14 1.73205
11 13 0 2 3 4 10 12 14 1.62019
11 13 0 2 3 5 6 7 8 1.41421
11 13 0 2 3 5 6 7 9 1.90693
11 13 0 2 3 5 6 7 10 1.41421
11 13 0 2 3 5 6 7 12 1.85164
11 13 0 2 3 5 6 7 14 1.73205
11 13 0 2 3 5 6 8 9 1.41421
11 13 0 2 3 5 6 8 10 1.41421
11 13 0 2 3 5 6 8 12 1.41421
11 13 0 2 3 5 6 8 14 1.41421
11 13 0 2 3 5 6 9 10 1.73205
11 13 0 2 3 5 6 9 12 1.90693
11 13 0 2 3 5 6 9 14 1.90693
11 13 0 2 3 5 6 10 12 1.41421
11 13 0 2 3 5 6 10 14 1.73205
11 13 0 2 3 5 6 12 14 1.73205
11 13 0 2 3 5 7 8 9 1.41421
11 13 0 2 3 5 7 8 10 1
11 13 0 2 3 5 7 8 12 1.41421
11 13 0 2 3 5 7 8 14 1
11 13 0 2 3 5 7 9 10 1.41421
11 13 0 2 3 5 7 9 12 1.85164
11 13 0 2 3 5 7 9 14 1.73205
11 13 0 2 3 5 7 10 12 1
11 13 0 2 3 5 7 10 14 1.41421
11 13 0 2 3 5 7 12 14 1.62019
11 13 0 2 3 5 8 9 10 1.41421
11 13 0 2 3 5 8 9 12 1.41421
11 13 0 2 3 5 8 9 14 1.41421
11 13 0 2 3 5 8 10 12 1
11 13 0 2 3 5 8 10 14 1.41421
11 13 0 2 3 5 8 12 14 1
11 13 0 2 3 5 9 10 12 1.41421
11 13 0 2 3 5 9 10 14 1.73205
11 13 0 2 3 5 9 12 14 1.73205
11 13 0 2 3 5 10 12 14 1.41421
11 13 0 2 3 6 7 8 9 1.62019
11 13 0 2 3 6 7 8 10 1
11 13 0 2 3 6 7 8 12 1.62019
11 13 0 2 3 6 7 8 14 1.41421
11 13 0 2 3 6 7 9 10 1.41421
11 13 0 2 3 6 7 9 12 1.93309
11 13 0 2 3 6 7 9 14 1.81265
11 13 0 2 3 6 7 10 12 1
11 13 0 2 3 6 7 10 14 1.41421
11 13 0 2 3 6 7 12 14 1.73205
11 13 0 2 3 6 8 9 10 1.73205
11 13 0 2 3 6 8 9 12 1.81265
11 13 0 2 3 6 8 9 14 1.81265
11 13 0 2 3 6 8 10 12 1.62019
11 13 0 2 3 6 8 10 14 1.73205
11 13 0 2 3 6 8 12 14 1.73205
11 13 0 2 3 6 9 10 12 1.73205
11 13 0 2 3 6 9 10 14 1.90693
11 13 0 2 3 6 9 12 14 2
11 13 0 2 3 6 10 12 14 1.73205
11 13 0 2 3 7 8 9 10 1
11 13 0 2 3 7 8 9 12 1.62019
11 13 0 2 3 7 8 9 14 1.41421
11 13 0 2 3 7 8 10 12 1
11 13 0 2 3 7 8 10 14 1
11 13 0 2 3 7 8 12 14 1.41421
11 13 0 2 3 7 9 10 12 1
11 13 0 2 3 7 9 10 14 1.41421
11 13 0 2 3 7 9 12 14 1.73205
11 13 0 2 3 7 10 12 14 1
11 13 0 2 3 8 9 10 12 1.62019
11 13 0 2 3 8 9 10 14 1.73205
11 13 0 2 3 8 9 12 14 1.73205
11 13 0 2 3 8 10 12 14 1.62019
11 13 0 2 3 9 10 12 14 1.73205
11 13 0 2 4 5 6 7 8 1
11 13 0 2 4 5 6 7 9 1.73205
11 13 0 2 4 5 6 7 10 1.41421
11 13 0 2 4 5 6 7 12 1.62019
11 13 0 2 4 5 6 7 14 1.62019
11 13 0 2 4 5 6 8 9 1.62019
11 13 0 2 4 5 6 8 10 1.62019
11 13 0 2 4 5 6 8 12 1.41421
11 13 0 2 4 5 6 8 14 1.62019
11 13 0 2 4 5 6 9 10 1.85164
11 13 0 2 4 5 6 9 12 1.81265
11 13 0 2 4 5 6 9 14 1.93309
11 13 0 2 4 5 6 10 12 1.62019
11 13 0 2 4 5 6 10 14 1.85164
11 13 0 2 4 5 6 12 14 1.73205
11 13 0 2 4 5 7 8 9 1
11 13 0 2 4 5 7 8 10 1
11 13 0 2 4 5 7 8 12 1
11 13 0 2 4 5 7 8 14 1
11 13 0 2 4 5 7 9 10 1.41421
11 13 0 2 4 5 7 9 12 1.62019
11 13 0 2 4 5 7 9 14 1.62019
11 13 0 2 4 5 7 10 12 1
11 13 0 2 4 5 7 10 14 1.41421
11 13 0 2 4 5 7 12 14 1.41421
11 13 0 2 4 5 8 9 10 1.62019
11 13 0 2 4 5 8 9 12 1.41421
11 13 0 2 4 5 8 9 14 1.62019
11 13 0 2 4 5 8 10 12 1.41421
11 13 0 2 4 5 8 10 14 1.62019
11 13 0 2 4 5 8 12 14 1.41421
11 13 0 2 4 5 9 10 12 1.62019
11 13 0 2 4 5 9 10 14 1.85164
11 13 0 2 4 5 9 12 14 1.73205
11 13 0 2 4 5 10 12 14 1.62019
11 13 0 2 4 6 7 8 9 1
11 13 0 2 4 6 7 8 10 1
11 13 0 2 4 6 7 8 12 1
11 13 0 2 4 6 7 8 14 1
11 13 0 2 4 6 7 9 10 1.41421
11 13 0 2 4 6 7 9 12 1.62019
11 13 0 2 4 6 7 9 14 1.62019
11 13 0 2 4 6 7 10 12 1
11 13 0 2 4 6 7 10 14 1.41421
11 13 0 2 4 6 7 12 14 1.41421
11 13 0 2 4 6 8 9 10 1.85164
11 13 0 2 4 6 8 9 12 1.73205
11 13 0 2 4 6 8 9 14 1.85164
11 13 0 2 4 6 8 10 12 1.73205
11 13 0 2 4 6 8 10 14 1.85164
11 13 0 2 4 6 8 12 14 1.73205
11 13 0 2 4 6 9 10 12 1.85164
11 13 0 2 4 6 9 10 14 2.00294
11 13 0 2 4 6 9 12 14 1.90693
11 13 0 2 4 6 10 12 14 1.85164
11 13 0 2 4 7 8 9 10 1
11 13 0 2 4 7 8 9 12 1
11 13 0 2 4 7 8 9 14 1
11 13 0 2 4 7 8 10 12 1
11 13 0 2 4 7 8 10 14 1
11 13 0 2 4 7 8 12 14 1
11 13 0 2 4 7 9 10 12 1
11 13 0 2 4 7 9 10 14 1.41421
11 13 0 2 4 7 9 12 14 1.41421
11 13 0 2 4 7 10 12 14 1
11 13 0 2 4 8 9 10 12 1.73205
11 13 0 2 4 8 9 10 14 1.85164
11 13 0 2 4 8 9 12 14 1.73205
11 13 0 2 4 8 10 12 14 1.73205
11 13 0 2 4 9 10 12 14 1.85164
11 13 0 2 5 6 7 8 9 1.41421
11 13 0 2 5 6 7 8 10 1
11 13 0 2 5 6 7 8 12 1.41421
11 13 0 2 5 6 7 8 14 1
11 13 0 2 5 6 7 9 10 1.41421
11 13 0 2 5 6 7 9 12 1.85164
11 13 0 2 5 6 7 9 14 1.73205
11 13 0 2 5 6 7 10 12 1
11 13 0 2 5 6 7 10 14 1.41421
11 13 0 2 5 6 7 12 14 1.62019
11 13 0 2 5 6 8 9 10 1.62019
11 13 0 2 5 6 8 9 12 1.41421
11 13 0 2 5 6 8 9 14 1.62019
11 13 0 2 5 6 8 10 12 1.41421
11 13 0 2 5 6 8 10 14 1.62019
11 13 0 2 5 6 8 12 14 1.41421
11 13 0 2 5 6 9 10 12 1.62019
11 13 0 2 5 6 9 10 14 1.85164
11 13 0 2 5 6 9 12 14 1.81265
11 13 0 2 5 6 10 12 14 1.62019
11 13 0 2 5 7 8 9 10 1
11 13 0 2 5 7 8 9 12 1.41421
11 13 0 2 5 7 8 9 14 1
11 13 0 2 5 7 8 10 12 1
11 13 0 2 5 7 8 10 14 1
11 13 0 2 5 7 8 12 14 1
11 13 0 2 5 7 9 10 12 1
11 13 0 2 5 7 9 10 14 1.41421
11 13 0 2 5 7 9 12 14 1.62019
11 13 0 2 5 7 10 12 14 1
11 13 0 2 5 8 9 10 12 1.41421
11 13 0 2 5 8 9 10 14 1.62019
11 13 0 2 5 8 9 12 14 1.41421
11 13 0 2 5 8 10 12 14 1.41421
11 13 0 2 5 9 10 12 14 1.62019
11 13 0 2 6 7 8 9 10 1
11 13 0 2 6 7 8 9 12 1.62019
11 13 0 2 6 7 8 9 14 1.41421
11 13 0 2 6 7 8 10 12 1
11 13 0 2 6 7 8 10 14 1
11 13 0 2 6 7 8 12 14 1.41421
11 13 0 2 6 7 9 10 12 1
11 13 0 2 6 7 9 10 14 1.41421
11 13 0 2 6 7 9 12 14 1.73205
11 13 0 2 6 7 10 12 14 1
11 13 0 2 6 8 9 10 12 1.85164
11 13 0 2 6 8 9 10 14 1.93309
11 13 0 2 6 8 9 12 14 1.90693
11 13 0 2 6 8 10 12 14 1.85164
11 13 0 2 6 9 10 12 14 1.93309
11 13 0 2 7 8 9 10 12 1
11 13 0 2 7 8 9 10 14 1
11 13 0 2 7 8 9 12 14 1.41421
11 13 0 2 7 8 10 12 14 1
11 13 0 2 7 9 10 12 14 1
11 13 0 2 8 9 10 12 14 1.85164
11 13 0 3 4 5 6 7 8 1.41421
11 13 0 3 4 5 6 7 9 1.90693
11 13 0 3 4 5 6 7 10 1.73205
11 13 0 3 4 5 6 7 12 1.73205
11 13 0 3 4 5 6 7 14 1.85164
11 13 0 3 4 5 6 8 9 1.73205
11 13 0 3 4 5 6 8 10 1.73205
11 13 0 3 4 5 6 8 12 1.41421
11 13 0 3 4 5 6 8 14 1.73205
11 13 0 3 4 5 6 9 10 2
11 13 0 3 4 5 6 9 12 1.90693
11 13 0 3 4 5 6 9 14 2.07802
11 13 0 3 4 5 6 10 12 1.73205
11 13 0 3 4 5 6 10 14 2
11 13 0 3 4 5 6 12 14 1.85164
11 13 0 3 4 5 7 8 9 1.41421
11 13 0 3 4 5 7 8 10 1.41421
11 13 0 3 4 5 7 8 12 1
11 13 0 3 4 5 7 8 14 1.41421
11 13 0 3 4 5 7 9 10 1.73205
11 13 0 3 4 5 7 9 12 1.73205
11 13 0 3 4 5 7 9 14 1.85164
11 13 0 3 4 5 7 10 12 1.41421
11 13 0 3 4 5 7 10 14 1.73205
11 13 0 3 4 5 7 12 14 1.62019
11 13 0 3 4 5 8 9 10 1.73205
11 13 0 3 4 5 8 9 12 1.41421
11 13 0 3 4 5 8 9 14 1.73205
11 13 0 3 4 5 8 10 12 1.41421
11 13 0 3 4 5 8 10 14 1.73205
11 13 0 3 4 5 8 12 14 1.41421
11 13 0 3 4 5 9 10 12 1.73205
11 13 0 3 4 5 9 10 14 2
11 13 0 3 4 5 9 12 14 1.85164
11 13 0 3 4 5 10 12 14 1.73205
11 13 0 3 4 6 7 8 9 1.62019
11 13 0 3 4 6 7 8 10 1.62019
11 13 0 3 4 6 7 8 12 1.41421
11 13 0 3 4 6 7 8 14 1.62019
11 13 0 3 4 6 7 9 10 1.85164
11 13 0 3 4 6 7 9 12 1.81265
11 13 0 3 4 6 7 9 14 1.93309
11 13 0 3 4 6 7 10 12 1.62019
11 13 0 3 4 6 7 10 14 1.85164
11 13 0 3 4 6 7 12 14 1.73205
11 13 0 3 4 6 8 9 10 2.13664
11 13 0 3 4 6 8 9 12 2
11 13 0 3 4 6 8 9 14 2.13664
11 13 0 3 4 6 8 10 12 2
11 13 0 3 4 6 8 10 14 2.13664
11 13 0 3 4 6 8 12 14 2
11 13 0 3 4 6 9 10 12 2.13664
11 13 0 3 4 6 9 10 14 2.28709
11 13 0 3 4 6 9 12 14 2.16025
11 13 0 3 4 6 10 12 14 2.13664
11 13 0 3 4 7 8 9 10 1.62019
11 13 0 3 4 7 8 9 12 1.41421
11 13 0 3 4 7 8 9 14 1.62019
11 13 0 3 4 7 8 10 12 1.41421
11 13 0 3 4 7 8 10 14 1.62019
11 13 0 3 4 7 8 12 14 1.41421
11 13 0 3 4 7 9 10 12 1.62019
11 13 0 3 4 7 9 10 14 1.85164
11 13 0 3 4 7 9 12 14 1.73205
11 13 0 3 4 7 10 12 14 1.62019
11 13 0 3 4 8 9 10 12 2
11 13 0 3 4 8 9 10 14 2.13664
11 13 0 3 4 8 9 12 14 2
11 13 0 3 4 8 10 12 14 2
11 13 0 3 4 9 10 12 14 2.13664
11 13 0 3 5 6 7 8 9 1.41421
11 13 0 3 5 6 7 8 10 1.41421
11 13 0 3 5 6 7 8 12 1.41421
11 13 0 3 5 6 7 8 14 1.41421
11 13 0 3 5 6 7 9 10 1.73205
11 13 0 3 5 6 7 9 12 1.90693
11 13 0 3 5 6 7 9 14 1.90693
11 13 0 3 5 6 7 10 12 1.41421
11 13 0 3 5 6 7 10 14 1.73205
11 13 0 3 5 6 7 12 14 1.73205
11 13 0 3 5 6 8 9 10 1.73205
11 13 0 3 5 6 8 9 12 1.41421
11 13 0 3 5 6 8 9 14 1.73205
11 13 0 3 5 6 8 10 12 1.41421
11 13 0 3 5 6 8 10 14 1.73205
11 13 0 3 5 6 8 12 14 1.41421
11 13 0 3 5 6 9 10 12 1.73205
11 13 0 3 5 6 9 10 14 2
11 13 0 3 5 6 9 12 14 1.90693
11 13 0 3 5 6 10 12 14 1.73205
11 13 0 3 5 7 8 9 10 1.41421
11 13 0 3 5 7 8 9 12 1.41421
11 13 0 3 5 7 8 9 14 1.41421
11 13 0 3 5 7 8 10 12 1
11 13 0 3 5 7 8 10 14 1.41421
11 13 0 3 5 7 8 12 14 1
11 13 0 3 5 7 9 10 12 1.41421
11 13 0 3 5 7 9 10 14 1.73205
11 13 0 3 5 7 9 12 14 1.73205
11 13 0 3 5 7 10 12 14 1.41421
11 13 0 3 5 8 9 10 12 1.41421
11 13 0 3 5 8 9 10 14 1.73205
11 13 0 3 5 8 9 12 14 1.41421
11 13 0 3 5 8 10 12 14 1.41421
11 13 0 3 5 9 10 12 14 1.73205
11 13 0 3 6 7 8 9 10 1.73205
11 13 0 3 6 7 8 9 12 1.81265
11 13 0 3 6 7 8 9 14 1.81265
11 13 0 3 6 7 8 10 12 1.62019
11 13 0 3 6 7 8 10 14 1.73205
11 13 0 3 6 7 8 12 14 1.73205
11 13 0 3 6 7 9 10 12 1.73205
11 13 0 3 6 7 9 10 14 1.90693
11 13 0 3 6 7 9 12 14 2
11 13 0 3 6 7 10 12 14 1.73205
11 13 0 3 6 8 9 10 12 2.13664
11 13 0 3 6 8 9 10 14 2.23607
11 13 0 3 6 8 9 12 14 2.16025
11 13 0 3 6 8 10 12 14 2.13664
11 13 0 3 6 9 10 12 14 2.23607
11 13 0 3 7 8 9 10 12 1.62019
11 13 0 3 7 8 9 10 14 1.73205
11 13 0 3 7 8 9 12 14 1.73205
11 13 0 3 7 8 10 12 14 1.62019
11 13 0 3 7 9 10 12 14 1.73205
11 13 0 3 8 9 10 12 14 2.13664
11 13 0 4 5 6 7 8 9 1.62019
11 13 0 4 5 6 7 8 10 1.62019
11 13 0 4 5 6 7 8 12 1.41421
11 13 0 4 5 6 7 8 14 1.62019
11 13 0 4 5 6 7 9 10 1.85164
11 13 0 4 5 6 7 9 12 1.81265
11 13 0 4 5 6 7 9 14 1.93309
11 13 0 4 5 6 7 10 12 1.62019
11 13 0 4 5 6 7 10 14 1.85164
11 13 0 4 5 6 7 12 14 1.73205
11 13 0 4 5 6 8 9 10 2.13664
11 13 0 4 5 6 8 9 12 2
11 13 0 4 5 6 8 9 14 2.13664
11 13 0 4 5 6 8 10 12 2
11 13 0 4 5 6 8 10 14 2.13664
11 13 0 4 5 6 8 12 14 2
11 13 0 4 5 6 9 10 12 2.13664
11 13 0 4 5 6 9 10 14 2.28709
11 13 0 4 5 6 9 12 14 2.16025
11 13 0 4 5 6 10 12 14 2.13664
11 13 0 4 5 7 8 9 10 1.62019
11 13 0 4 5 7 8 9 12 1.41421
11 13 0 4 5 7 8 9 14 1.62019
11 13 0 4 5 7 8 10 12 1.41421
11 13 0 4 5 7 8 10 14 1.62019
11 13 0 4 5 7 8 12 14 1.41421
11 13 0 4 5 7 9 10 12 1.62019
11 13 0 4 5 7 9 10 14 1.85164
11 13 0 4 5 7 9 12 14 1.73205
11 13 0 4 5 7 10 12 14 1.62019
11 13 0 4 5 8 9 10 12 2
11 13 0 4 5 8 9 10 14 2.13664
11 13 0 4 5 8 9 12 14 2
11 13 0 4 5 8 10 12 14 2
11 13 0 4 5 9 10 12 14 2.13664
11 13 0 4 6 7 8 9 10 1.85164
11 13 0 4 6 7 8 9 12 1.73205
11 13 0 4 6 7 8 9 14 1.85164
11 13 0 4 6 7 8 10 12 1.73205
11 13 0 4 6 7 8 10 14 1.85164
11 13 0 4 6 7 8 12 14 1.73205
11 13 0 4 6 7 9 10 12 1.85164
11 13 0 4 6 7 9 10 14 2.00294
11 13 0 4 6 7 9 12 14 1.90693
11 13 0 4 6 7 10 12 14 1.85164
11 13 0 4 6 8 9 10 12 2.44949
11 13 0 4 6 8 9 10 14 2.52543
11 13 0 4 6 8 9 12 14 2.44949
11 13 0 4 6 8 10 12 14 2.44949
11 13 0 4 6 9 10 12 14 2.52543
11 13 0 4 7 8 9 10 12 1.73205
11 13 0 4 7 8 9 10 14 1.85164
11 13 0 4 7 8 9 12 14 1.73205
11 13 0 4 7 8 10 12 14 1.73205
11 13 0 4 7 9 10 12 14 1.85164
11 13 0 4 8 9 10 12 14 2.44949
11 13 0 5 6 7 8 9 10 1.62019
11 13 0 5 6 7 8 9 12 1.41421
11 13 0 5 6 7 8 9 14 1.62019
11 13 0 5 6 7 8 10 12 1.41421
11 13 0 5 6 7 8 10 14 1.62019
11 13 0 5 6 7 8 12 14 1.41421
11 13 0 5 6 7 9 10 12 1.62019
11 13 0 5 6 7 9 10 14 1.85164
11 13 0 5 6 7 9 12 14 1.81265
11 13 0 5 6 7 10 12 14 1.62019
11 13 0 5 6 8 9 10 12 2
11 13 0 5 6 8 9 10 14 2.13664
11 13 0 5 6 8 9 12 14 2
11 13 0 5 6 8 10 12 14 2
11 13 0 5 6 9 10 12 14 2.13664
11 13 0 5 7 8 9 10 12 1.41421
11 13 0 5 7 8 9 10 14 1.62019
11 13 0 5 7 8 9 12 14 1.41421
11 13 0 5 7 8 10 12 14 1.41421
11 13 0 5 7 9 10 12 14 1.62019
11 13 0 5 8 9 10 12 14 2
11 13 0 6 7 8 9 10 12 1.85164
11 13 0 6 7 8 9 10 14 1.93309
11 13 0 6 7 8 9 12 14 1.90693
11 13 0 6 7 8 10 12 14 1.85164
11 13 0 6 7 9 10 12 14 1.93309
11 13 0 6 8 9 10 12 14 2.52543
11 13 0 7 8 9 10 12 14 1.85164
11 13 1 2 3 4 5 6 7 1.41421
11 13 1 2 3 4 5 6 8 1
11 13 1 2 3 4 5 6 9 1.41421
11 13 1 2 3 4 5 6 10 0
11 13 1 2 3 4 5 6 12 1.41421
11 13 1 2 3 4 5 6 14 1
11 13 1 2 3 4 5 7 8 1
11 13 1 2 3 4 5 7 9 1.41421
11 13 1 2 3 4 5 7 10 1
11 13 1 2 3 4 5 7 12 1.41421
11 13 1 2 3 4 5 7 14 1
11 13 1 2 3 4 5 8 9 1
11 13 1 2 3 4 5 8 10 1
11 13 1 2 3 4 5 8 12 1
11 13 1 2 3 4 5 8 14 1
11 13 1 2 3 4 5 9 10 0
11 13 1 2 3 4 5 9 12 1.41421
11 13 1 2 3 4 5 9 14 1
11 13 1 2 3 4 5 10 12 1
11 13 1 2 3 4 5 10 14 1
11 13 1 2 3 4 5 12 14 1
11 13 1 2 3 4 6 7 8 1
11 13 1 2 3 4 6 7 9 1.41421
11 13 1 2 3 4 6 7 10 0
11 13 1 2 3 4 6 7 12 1.41421
11 13 1 2 3 4 6 7 14 1
11 13 1 2 3 4 6 8 9 1
11 13 1 2 3 4 6 8 10 1
11 13 1 2 3 4 6 8 12 1
11 13 1 2 3 4 6 8 14 1
11 13 1 2 3 4 6 9 10 1
11 13 1 2 3 4 6 9 12 1.41421
11 13 1 2 3 4 6 9 14 1
11 13 1 2 3 4 6 10 12 1
11 13 1 2 3 4 6 10 14 1
11 13 1 2 3 4 6 12 14 1
11 13 1 2 3 4 7 8 9 1
11 13 1 2 3 4 7 8 10 1
11 13 1 2 3 4 7 8 12 1
11 13 1 2 3 4 7 8 14 1
11 13 1 2 3 4 7 9 10 0
11 13 1 2 3 4 7 9 12 1.41421
11 13 1 2 3 4 7 9 14 1
11 13 1 2 3 4 7 10 12 1
11 13 1 2 3 4 7 10 14 1
11 13 1 2 3 4 7 12 14 1
11 13 1 2 3 4 8 9 10 1
11 13 1 2 3 4 8 9 12 1
11 13 1 2 3 4 8 9 14 1
11 13 1 2 3 4 8 10 12 1
11 13 1 2 3 4 8 10 14 1
11 13 1 2 3 4 8 12 14 1
11 13 1 2 3 4 9 10 12 1
11 13 1 2 3 4 9 10 14 1
11 13 1 2 3 4 9 12 14 1
11 13 1 2 3 4 10 12 14 1
11 13 1 2 3 5 6 7 8 1.41421
11 13 1 2 3 5 6 7 9 1.73205
11 13 1 2 3 5 6 7 10 0
11 13 1 2 3 5 6 7 12 1.73205
11 13 1 2 3 5 6 7 14 1.41421
11 13 1 2 3 5 6 8 9 1.41421
11 13 1 2 3 5 6 8 10 0
11 13 1 2 3 5 6 8 12 1.41421
11 13 1 2 3 5 6 8 14 1
11 13 1 2 3 5 6 9 10 0
11 13 1 2 3 5 6 9 12 1.73205
11 13 1 2 3 5 6 9 14 1.41421
11 13 1 2 3 5 6 10 12 0
11 13 1 2 3 5 6 10 14 0
11 13 1 2 3 5 6 12 14 1.41421
11 13 1 2 3 5 7 8 9 1.41421
11 13 1 2 3 5 7 8 10 1
11 13 1 2 3 5 7 8 12 1.41421
11 13 1 2 3 5 7 8 14 1
11 13 1 2 3 5 7 9 10 0
11 13 1 2 3 5 7 9 12 1.73205
11 13 1 2 3 5 7 9 14 1.41421
11 13 1 2 3 5 7 10 12 1
11 13 1 2 3 5 7 10 14 1
11 13 1 2 3 5 7 12 14 1.41421
11 13 1 2 3 5 8 9 10 0
11 13 1 2 3 5 8 9 12 1.41421
11 13 1 2 3 5 8 9 14 1
11 13 1 2 3 5 8 10 12 1
11 13 1 2 3 5 8 10 14 1
11 13 1 2 3 5 8 12 14 1
11 13 1 2 3 5 9 10 12 0
11 13 1 2 3 5 9 10 14 0
11 13 1 2 3 5 9 12 14 1.41421
11 13 1 2 3 5 10 12 14 1
11 13 1 2 3 6 7 8 9 1.62019
11 13 1 2 3 6 7 8 10 1
11 13 1 2 3 6 7 8 12 1.62019
11 13 1 2 3 6 7 8 14 1.41421
11 13 1 2 3 6 7 9 10 1
11 13 1 2 3 6 7 9 12 1.85164
11 13 1 2 3 6 7 9 14 1.62019
11 13 1 2 3 6 7 10 12 1
11 13 1 2 3 6 7 10 14 1
11 13 1 2 3 6 7 12 14 1.62019
11 13 1 2 3 6 8 9 10 1.41421
11 13 1 2 3 6 8 9 12 1.73205
11 13 1 2 3 6 8 9 14 1.62019
11 13 1 2 3 6 8 10 12 1.41421
11 13 1 2 3 6 8 10 14 1.41421
11 13 1 2 3 6 8 12 14 1.62019
11 13 1 2 3 6 9 10 12 1.41421
11 13 1 2 3 6 9 10 14 1.41421
11 13 1 2 3 6 9 12 14 1.73205
11 13 1 2 3 6 10 12 14 1.41421
11 13 1 2 3 7 8 9 10 1
11 13 1 2 3 7 8 9 12 1.62019
11 13 1 2 3 7 8 9 14 1.41421
11 13 1 2 3 7 8 10 12 1
11 13 1 2 3 7 8 10 14 1
11 13 1 2 3 7 8 12 14 1.41421
11 13 1 2 3 7 9 10 12 1
11 13 1 2 3 7 9 10 14 1
11 13 1 2 3 7 9 12 14 1.62019
11 13 1 2 3 7 10 12 14 1
11 13 1 2 3 8 9 10 12 1.41421
11 13 1 2 3 8 9 10 14 1.41421
11 13 1 2 3 8 9 12 14 1.62019
11 13 1 2 3 8 10 12 14 1.41421
11 13 1 2 3 9 10 12 14 1.41421
11 13 1 2 4 5 6 7 8 1
11 13 1 2 4 5 6 7 9 1.41421
11 13 1 2 4 5 6 7 10 0
11 13 1 2 4 5 6 7 12 1.41421
11 13 1 2 4 5 6 7 14 1
11 13 1 2 4 5 6 8 9 1
11 13 1 2 4 5 6 8 10 1
11 13 1 2 4 5 6 8 12 1
11 13 1 2 4 5 6 8 14 1
11 13 1 2 4 5 6 9 10 1
11 13 1 2 4 5 6 9 12 1.41421
11 13 1 2 4 5 6 9 14 1
11 13 1 2 4 5 6 10 12 1
11 13 1 2 4 5 6 10 14 1
11 13 1 2 4 5 6 12 14 1
11 13 1 2 4 5 7 8 9 1
11 13 1 2 4 5 7 8 10 1
11 13 1 2 4 5 7 8 12 1
11 13 1 2 4 5 7 8 14 1
11 13 1 2 4 5 7 9 10 0
11 13 1 2 4 5 7 9 12 1.41421
11 13 1 2 4 5 7 9 14 1
11 13 1 2 4 5 7 10 12 1
11 13 1 2 4 5 7 10 14 1
11 13 1 2 4 5 7 12 14 1
11 13 1 2 4 5 8 9 10 1
11 13 1 2 4 5 8 9 12 1
11 13 1 2 4 5 8 9 14 1
11 13 1 2 4 5 8 10 12 1
11 13 1 2 4 5 8 10 14 1
11 13 1 2 4 5 8 12 14 1
11 13 1 2 4 5 9 10 12 1
11 13 1 2 4 5 9 10 14 1
11 13 1 2 4 5 9 12 14 1
11 13 1 2 4 5 10 12 14 1
11 13 1 2 4 6 7 8 9 1
11 13 1 2 4 6 7 8 10 0
11 13 1 2 4 6 7 8 12 1
11 13 1 2 4 6 7 8 14 0
11 13 1 2 4 6 7 9 10 0
11 13 1 2 4 6 7 9 12 1.41421
11 13 1 2 4 6 7 9 14 1
11 13 1 2 4 6 7 10 12 0
11 13 1 2 4 6 7 10 14 0
11 13 1 2 4 6 7 12 14 1
11 13 1 2 4 6 8 9 10 1.41421
11 13 1 2 4 6 8 9 12 1.41421
11 13 1 2 4 6 8 9 14 1.41421
11 13 1 2 4 6 8 10 12 1.41421
11 13 1 2 4 6 8 10 14 1.41421
11 13 1 2 4 6 8 12 14 1.41421
11 13 1 2 4 6 9 10 12 1.41421
11 13 1 2 4 6 9 10 14 1.41421
11 13 1 2 4 6 9 12 14 1.41421
11 13 1 2 4 6 10 12 14 1.41421
11 13 1 2 4 7 8 9 10 0
11 13 1 2 4 7 8 9 12 1
11 13 1 2 4 7 8 9 14 0
11 13 1 2 4 7 8 10 12 1
11 13 1 2 4 7 8 10 14 1
11 13 1 2 4 7 8 12 14 1
11 13 1 2 4 7 9 10 12 0
11 13 1 2 4 7 9 10 14 0
11 13 1 2 4 7 9 12 14 1
11 13 1 2 4 7 10 12 14 1
11 13 1 2 4 8 9 10 12 1.41421
11 13 1 2 4 8 9 10 14 1.41421
11 13 1 2 4 8 9 12 14 1.41421
11 13 1 2 4 8 10 12 14 1.41421
11 13 1 2 4 9 10 12 14 1.41421
11 13 1 2 5 6 7 8 9 1.41421
11 13 1 2 5 6 7 8 10 0
11 13 1 2 5 6 7 8 12 1.41421
11 13 1 2 5 6 7 8 14 1
11 13 1 2 5 6 7 9 10 0
11 13 1 2 5 6 7 9 12 1.73205
11 13 1 2 5 6 7 9 14 1.41421
11 13 1 2 5 6 7 10 12 0
11 13 1 2 5 6 7 10 14 0
11 13 1 2 5 6 7 12 14 1.41421
11 13 1 2 5 6 8 9 10 1
11 13 1 2 5 6 8 9 12 1.41421
11 13 1 2 5 6 8 9 14 1
11 13 1 2 5 6 8 10 12 1
11 13 1 2 5 6 8 10 14 1
11 13 1 2 5 6 8 12 14 1
11 13 1 2 5 6 9 10 12 1
11 13 1 2 5 6 9 10 14 1
11 13 1 2 5 6 9 12 14 1.41421
11 13 1 2 5 6 10 12 14 1
11 13 1 2 5 7 8 9 10 0
11 13 1 2 5 7 8 9 12 1.41421
11 13 1 2 5 7 8 9 14 1
11 13 1 2 5 7 8 10 12 1
11 13 1 2 5 7 8 10 14 1
11 13 1 2 5 7 8 12 14 1
11 13 1 2 5 7 9 10 12 0
11 13 1 2 5 7 9 10 14 0
11 13 1 2 5 7 9 12 14 1.41421
11 13 1 2 5 7 10 12 14 1
11 13 1 2 5 8 9 10 12 1
11 13 1 2 5 8 9 10 14 1
11 13 1 2 5 8 9 12 14 1
11 13 1 2 5 8 10 12 14 1
11 13 1 2 5 9 10 12 14 1
11 13 1 2 6 7 8 9 10 1
11 13 1 2 6 7 8 9 12 1.62019
11 13 1 2 6 7 8 9 14 1.41421
11 13 1 2 6 7 8 10 12 1
11 13 1 2 6 7 8 10 14 1
11 13 1 2 6 7 8 12 14 1.41421
11 13 1 2 6 7 9 10 12 1
11 13 1 2 6 7 9 10 14 1
11 13 1 2 6 7 9 12 14 1.62019
11 13 1 2 6 7 10 12 14 1
11 13 1 2 6 8 9 10 12 1.62019
11 13 1 2 6 8 9 10 14 1.62019
11 13 1 2 6 8 9 12 14 1.73205
11 13 1 2 6 8 10 12 14 1.62019
11 13 1 2 6 9 10 12 14 1.62019
11 13 1 2 7 8 9 10 12 1
11 13 1 2 7 8 9 10 14 1
11 13 1 2 7 8 9 12 14 1.41421
11 13 1 2 7 8 10 12 14 1
11 13 1 2 7 9 10 12 14 1
11 13 1 2 8 9 10 12 14 1.62019
11 13 1 3 4 5 6 7 8 1
11 13 1 3 4 5 6 7 9 1.41421
11 13 1 3 4 5 6 7 10 0
11 13 1 3 4 5 6 7 12 1.41421
11 13 1 3 4 5 6 7 14 1
11 13 1 3 4 5 6 8 9 1
11 13 1 3 4 5 6 8 10 0
11 13 1 3 4 5 6 8 12 1
11 13 1 3 4 5 6 8 14 0
11 13 1 3 4 5 6 9 10 0
11 13 1 3 4 5 6 9 12 1.41421
11 13 1 3 4 5 6 9 14 1
11 13 1 3 4 5 6 10 12 0
11 13 1 3 4 5 6 10 14 0
11 13 1 3 4 5 6 12 14 1
11 13 1 3 4 5 7 8 9 1
11 13 1 3 4 5 7 8 10 1
11 13 1 3 4 5 7 8 12 1
11 13 1 3 4 5 7 8 14 1
11 13 1 3 4 5 7 9 10 0
11 13 1 3 4 5 7 9 12 1.41421
11 13 1 3 4 5 7 9 14 1
11 13 1 3 4 5 7 10 12 1
11 13 1 3 4 5 7 10 14 1
11 13 1 3 4 5 7 12 14 1
11 13 1 3 4 5 8 9 10 0
11 13 1 3 4 5 8 9 12 1
11 13 1 3 4 5 8 9 14 0
11 13 1 3 4 5 8 10 12 1
11 13 1 3 4 5 8 10 14 1
11 13 1 3 4 5 8 12 14 1
11 13 1 3 4 5 9 10 12 0
11 13 1 3 4 5 9 10 14 0
11 13 1 3 4 5 9 12 14 1
11 13 1 3 4 5 10 12 14 1
11 13 1 3 4 6 7 8 9 1
11 13 1 3 4 6 7 8 10 1
11 13 1 3 4 6 7 8 12 1
11 13 1 3 4 6 7 8 14 1
11 13 1 3 4 6 7 9 10 1
11 13 1 3 4 6 7 9 12 1.41421
11 13 1 3 4 6 7 9 14 1
11 13 1 3 4 6 7 10 12 1
11 13 1 3 4 6 7 10 14 1
11 13 1 3 4 6 7 12 14 1
11 13 1 3 4 6 8 9 10 1.41421
11 13 1 3 4 6 8 9 12 1.41421
11 13 1 3 4 6 8 9 14 1.41421
11 13 1 3 4 6 8 10 12 1.41421
11 13 1 3 4 6 8 10 14 1.41421
11 13 1 3 4 6 8 12 14 1.41421
11 13 1 3 4 6 9 10 12 1.41421
11 13 1 3 4 6 9 10 14 1.41421
11 13 1 3 4 6 9 12 14 1.41421
11 13 1 3 4 6 10 12 14 1.41421
11 13 1 3 4 7 8 9 10 1
11 13 1 3 4 7 8 9 12 1
11 13 1 3 4 7 8 9 14 1
11 13 1 3 4 7 8 10 12 1
11 13 1 3 4 7 8 10 14 1
11 13 1 3 4 7 8 12 14 1
11 13 1 3 4 7 9 10 12 1
11 13 1 3 4 7 9 10 14 1
11 13 1 3 4 7 9 12 14 1
11 13 1 3 4 7 10 12 14 1
11 13 1 3 4 8 9 10 12 1.41421
11 13 1 3 4 8 9 10 14 1.41421
11 13 1 3 4 8 9 12 14 1.41421
11 13 1 3 4 8 10 12 14 1.41421
11 13 1 3 4 9 10 12 14 1.41421
11 13 1 3 5 6 7 8 9 1.41421
11 13 1 3 5 6 7 8 10 0
11 13 1 3 5 6 7 8 12 1.41421
11 13 1 3 5 6 7 8 14 1
11 13 1 3 5 6 7 9 10 0
11 13 1 3 5 6 7 9 12 1.73205
11 13 1 3 5 6 7 9 14 1.41421
11 13 1 3 5 6 7 10 12 0
11 13 1 3 5 6 7 10 14 0
11 13 1 3 5 6 7 12 14 1.41421
11 13 1 3 5 6 8 9 10 0
11 13 1 3 5 6 8 9 12 1.41421
11 13 1 3 5 6 8 9 14 1
11 13 1 3 5 6 8 10 12 0
11 13 1 3 5 6 8 10 14 0
11 13 1 3 5 6 8 12 14 1
11 13 1 3 5 6 9 10 12 0
11 13 1 3 5 6 9 10 14 0
11 13 1 3 5 6 9 12 14 1.41421
11 13 1 3 5 6 10 12 14 0
11 13 1 3 5 7 8 9 10 0
11 13 1 3 5 7 8 9 12 1.41421
11 13 1 3 5 7 8 9 14 1
11 13 1 3 5 7 8 10 12 1
11 13 1 3 5 7 8 10 14 1
11 13 1 3 5 7 8 12 14 1
11 13 1 3 5 7 9 10 12 0
11 13 1 3 5 7 9 10 14 0
11 13 1 3 5 7 9 12 14 1.41421
11 13 1 3 5 7 10 12 14 1
11 13 1 3 5 8 9 10 12 0
11 13 1 3 5 8 9 10 14 0
11 13 1 3 5 8 9 12 14 1
11 13 1 3 5 8 10 12 14 1
11 13 1 3 5 9 10 12 14 0
11 13 1 3 6 7 8 9 10 1.41421
11 13 1 3 6 7 8 9 12 1.73205
11 13 1 3 6 7 8 9 14 1.62019
11 13 1 3 6 7 8 10 12 1.41421
11 13 1 3 6 7 8 10 14 1.41421
11 13 1 3 6 7 8 12 14 1.62019
11 13 1 3 6 7 9 10 12 1.41421
11 13 1 3 6 7 9 10 14 1.41421
11 13 1 3 6 7 9 12 14 1.73205
11 13 1 3 6 7 10 12 14 1.41421
11 13 1 3 6 8 9 10 12 1.73205
11 13 1 3 6 8 9 10 14 1.73205
11 13 1 3 6 8 9 12 14 1.85164
11 13 1 3 6 8 10 12 14 1.73205
11 13 1 3 6 9 10 12 14 1.73205
11 13 1 3 7 8 9 10 12 1.41421
11 13 1 3 7 8 9 10 14 1.41421
11 13 1 3 7 8 9 12 14 1.62019
11 13 1 3 7 8 10 12 14 1.41421
11 13 1 3 7 9 10 12 14 1.41421
11 13 1 3 8 9 10 12 14 1.73205
11 13 1 4 5 6 7 8 9 1
11 13 1 4 5 6 7 8 10 1
11 13 1 4 5 6 7 8 12 1
11 13 1 4 5 6 7 8 14 1
11 13 1 4 5 6 7 9 10 1
11 13 1 4 5 6 7 9 12 1.41421
11 13 1 4 5 6 7 9 14 1
11 13 1 4 5 6 7 10 12 1
11 13 1 4 5 6 7 10 14 1
11 13 1 4 5 6 7 12 14 1
11 13 1 4 5 6 8 9 10 1.41421
11 13 1 4 5 6 8 9 12 1.41421
11 13 1 4 5 6 8 9 14 1.41421
11 13 1 4 5 6 8 10 12 1.41421
11 13 1 4 5 6 8 10 14 1.41421
11 13 1 4 5 6 8 12 14 1.41421
11 13 1 4 5 6 9 10 12 1.41421
11 13 1 4 5 6 9 10 14 1.41421
11 13 1 4 5 6 9 12 14 1.41421
11 13 1 4 5 6 10 12 14 1.41421
11 13 1 4 5 7 8 9 10 1
11 13 1 4 5 7 8 9 12 1
11 13 1 4 5 7 8 9 14 1
11 13 1 4 5 7 8 10 12 1
11 13 1 4 5 7 8 10 14 1
11 13 1 4 5 7 8 12 14 1
11 13 1 4 5 7 9 10 12 1
11 13 1 4 5 7 9 10 14 1
11 13 1 4 5 7 9 12 14 1
11 13 1 4 5 7 10 12 14 1
11 13 1 4 5 8 9 10 12 1.41421
11 13 1 4 5 8 9 10 14 1.41421
11 13 1 4 5 8 9 12 14 1.41421
11 13 1 4 5 8 10 12 14 1.41421
11 13 1 4 5 9 10 12 14 1.41421
11 13 1 4 6 7 8 9 10 1.41421
11 13 1 4 6 7 8 9 12 1.41421
11 13 1 4 6 7 8 9 14 1.41421
11 13 1 4 6 7 8 10 12 1.41421
11 13 1 4 6 7 8 10 14 1.41421
11 13 1 4 6 7 8 12 14 1.41421
11 13 1 4 6 7 9 10 12 1.41421
11 13 1 4 6 7 9 10 14 1.41421
11 13 1 4 6 7 9 12 14 1.41421
11 13 1 4 6 7 10 12 14 1.41421
11 13 1 4 6 8 9 10 12 2
11 13 1 4 6 8 9 10 14 2
11 13 1 4 6 8 9 12 14 2
11 13 1 4 6 8 10 12 14 2
11 13 1 4 6 9 10 12 14 2
11 13 1 4 7 8 9 10 12 1.41421
11 13 1 4 7 8 9 10 14 1.41421
11 13 1 4 7 8 9 12 14 1.41421
11 13 1 4 7 8 10 12 14 1.41421
11 13 1 4 7 9 10 12 14 1.41421
11 13 1 4 8 9 10 12 14 2
11 13 1 5 6 7 8 9 10 1
11 13 1 5 6 7 8 9 12 1.41421
11 13 1 5 6 7 8 9 14 1
11 13 1 5 6 7 8 10 12 1
11 13 1 5 6 7 8 10 14 1
11 13 1 5 6 7 8 12 14 1
11 13 1 5 6 7 9 10 12 1
11 13 1 5 6 7 9 10 14 1
11 13 1 5 6 7 9 12 14 1.41421
11 13 1 5 6 7 10 12 14 1
11 13 1 5 6 8 9 10 12 1.41421
11 13 1 5 6 8 9 10 14 1.41421
11 13 1 5 6 8 9 12 14 1.41421
11 13 1 5 6 8 10 12 14 1.41421
11 13 1 5 6 9 10 12 14 1.41421
11 13 1 5 7 8 9 10 12 1
11 13 1 5 7 8 9 10 14 1
11 13 1 5 7 8 9 12 14 1
11 13 1 5 7 8 10 12 14 1
11 13 1 5 7 9 10 12 14 1
11 13 1 5 8 9 10 12 14 1.41421
11 13 1 6 7 8 9 10 12 1.62019
11 13 1 6 7 8 9 10 14 1.62019
11 13 1 6 7 8 9 12 14 1.73205
11 13 1 6 7 8 10 12 14 1.62019
11 13 1 6 7 9 10 12 14 1.62019
11 13 1 6 8 9 10 12 14 2.13664
11 13 1 7 8 9 10 12 14 1.62019
11 13 2 3 4 5 6 7 8 1
11 13 2 3 4 5 6 7 9 1.73205
11 13 2 3 4 5 6 7 10 1.41421
11 13 2 3 4 5 6 7 12 1.62019
11 13 2 3 4 5 6 7 14 1.62019
11 13 2 3 4 5 6 8 9 1.41421
11 13 2 3 4 5 6 8 10 1.41421
11 13 2 3 4 5 6 8 12 1
11 13 2 3 4 5 6 8 14 1.41421
11 13 2 3 4 5 6 9 10 1.73205
11 13 2 3 4 5 6 9 12 1.73205
11 13 2 3 4 5 6 9 14 1.85164
11 13 2 3 4 5 6 10 12 1.41421
11 13 2 3 4 5 6 10 14 1.73205
11 13 2 3 4 5 6 12 14 1.62019
11 13 2 3 4 5 7 8 9 1
11 13 2 3 4 5 7 8 10 1
11 13 2 3 4 5 7 8 12 1
11 13 2 3 4 5 7 8 14 1
11 13 2 3 4 5 7 9 10 1.41421
11 13 2 3 4 5 7 9 12 1.62019
11 13 2 3 4 5 7 9 14 1.62019
11 13 2 3 4 5 7 10 12 1
11 13 2 3 4 5 7 10 14 1.41421
11 13 2 3 4 5 7 12 14 1.41421
11 13 2 3 4 5 8 9 10 1.41421
11 13 2 3 4 5 8 9 12 1
11 13 2 3 4 5 8 9 14 1.41421
11 13 2 3 4 5 8 10 12 1
11 13 2 3 4 5 8 10 14 1.41421
11 13 2 3 4 5 8 12 14 1
11 13 2 3 4 5 9 10 12 1.41421
11 13 2 3 4 5 9 10 14 1.73205
11 13 2 3 4 5 9 12 14 1.62019
11 13 2 3 4 5 10 12 14 1.41421
11 13 2 3 4 6 7 8 9 1
11 13 2 3 4 6 7 8 10 1
11 13 2 3 4 6 7 8 12 1
11 13 2 3 4 6 7 8 14 1
11 13 2 3 4 6 7 9 10 1.41421
11 13 2 3 4 6 7 9 12 1.62019
11 13 2 3 4 6 7 9 14 1.62019
11 13 2 3 4 6 7 10 12 1
11 13 2 3 4 6 7 10 14 1.41421
11 13 2 3 4 6 7 12 14 1.41421
11 13 2 3 4 6 8 9 10 1.62019
11 13 2 3 4 6 8 9 12 1.41421
11 13 2 3 4 6 8 9 14 1.62019
11 13 2 3 4 6 8 10 12 1.41421
11 13 2 3 4 6 8 10 14 1.62019
11 13 2 3 4 6 8 12 14 1.41421
11 13 2 3 4 6 9 10 12 1.62019
11 13 2 3 4 6 9 10 14 1.85164
11 13 2 3 4 6 9 12 14 1.73205
11 13 2 3 4 6 10 12 14 1.62019
11 13 2 3 4 7 8 9 10 1
11 13 2 3 4 7 8 9 12 1
11 13 2 3 4 7 8 9 14 1
11 13 2 3 4 7 8 10 12 1
11 13 2 3 4 7 8 10 14 1
11 13 2 3 4 7 8 12 14 1
11 13 2 3 4 7 9 10 12 1
11 13 2 3 4 7 9 10 14 1.41421
11 13 2 3 4 7 9 12 14 1.41421
11 13 2 3 4 7 10 12 14 1
11 13 2 3 4 8 9 10 12 1.41421
11 13 2 3 4 8 9 10 14 1.62019
11 13 2 3 4 8 9 12 14 1.41421
11 13 2 3 4 8 10 12 14 1.41421
11 13 2 3 4 9 10 12 14 1.62019
11 13 2 3 5 6 7 8 9 1.41421
11 13 2 3 5 6 7 8 10 1
11 13 2 3 5 6 7 8 12 1.41421
11 13 2 3 5 6 7 8 14 1
11 13 2 3 5 6 7 9 10 1.41421
11 13 2 3 5 6 7 9 12 1.85164
11 13 2 3 5 6 7 9 14 1.73205
11 13 2 3 5 6 7 10 12 1
11 13 2 3 5 6 7 10 14 1.41421
11 13 2 3 5 6 7 12 14 1.62019
11 13 2 3 5 6 8 9 10 1.41421
11 13 2 3 5 6 8 9 12 1.41421
11 13 2 3 5 6 8 9 14 1.41421
11 13 2 3 5 6 8 10 12 1
11 13 2 3 5 6 8 10 14 1.41421
11 13 2 3 5 6 8 12 14 1
11 13 2 3 5 6 9 10 12 1.41421
11 13 2 3 5 6 9 10 14 1.73205
11 13 2 3 5 6 9 12 14 1.73205
11 13 2 3 5 6 10 12 14 1.41421
11 13 2 3 5 7 8 9 10 1
11 13 2 3 5 7 8 9 12 1.41421
11 13 2 3 5 7 8 9 14 1
11 13 2 3 5 7 8 10 12 1
11 13 2 3 5 7 8 10 14 1
11 13 2 3 5 7 8 12 14 1
11 13 2 3 5 7 9 10 12 1
11 13 2 3 5 7 9 10 14 1.41421
11 13 2 3 5 7 9 12 14 1.62019
11 13 2 3 5 7 10 12 14 1
11 13 2 3 5 8 9 10 12 1
11 13 2 3 5 8 9 10 14 1.41421
11 13 2 3 5 8 9 12 14 1
11 13 2 3 5 8 10 12 14 1
11 13 2 3 5 9 10 12 14 1.41421
11 13 2 3 6 7 8 9 10 1
11 13 2 3 6 7 8 9 12 1.62019
11 13 2 3 6 7 8 9 14 1.41421
11 13 2 3 6 7 8 10 12 1
11 13 2 3 6 7 8 10 14 1
11 13 2 3 6 7 8 12 14 1.41421
11 13 2 3 6 7 9 10 12 1
11 13 2 3 6 7 9 10 14 1.41421
11 13 2 3 6 7 9 12 14 1.73205
11 13 2 3 6 7 10 12 14 1
11 13 2 3 6 8 9 10 12 1.62019
11 13 2 3 6 8 9 10 14 1.73205
11 13 2 3 6 8 9 12 14 1.73205
11 13 2 3 6 8 10 12 14 1.62019
11 13 2 3 6 9 10 12 14 1.73205
11 13 2 3 7 8 9 10 12 1
11 13 2 3 7 8 9 10 14 1
11 13 2 3 7 8 9 12 14 1.41421
11 13 2 3 7 8 10 12 14 1
11 13 2 3 7 9 10 12 14 1
11 13 2 3 8 9 10 12 14 1.62019
11 13 2 4 5 6 7 8 9 1
11 13 2 4 5 6 7 8 10 1
11 13 2 4 5 6 7 8 12 1
11 13 2 4 5 6 7 8 14 1
11 13 2 4 5 6 7 9 10 1.41421
11 13 2 4 5 6 7 9 12 1.62019
11 13 2 4 5 6 7 9 14 1.62019
11 13 2 4 5 6 7 10 12 1
11 13 2 4 5 6 7 10 14 1.41421
11 13 2 4 5 6 7 12 14 1.41421
11 13 2 4 5 6 8 9 10 1.62019
11 13 2 4 5 6 8 9 12 1.41421
11 13 2 4 5 6 8 9 14 1.62019
11 13 2 4 5 6 8 10 12 1.41421
11 13 2 4 5 6 8 10 14 1.62019
11 13 2 4 5 6 8 12 14 1.41421
11 13 2 4 5 6 9 10 12 1.62019
11 13 2 4 5 6 9 10 14 1.85164
11 13 2 4 5 6 9 12 14 1.73205
11 13 2 4 5 6 10 12 14 1.62019
11 13 2 4 5 7 8 9 10 1
11 13 2 4 5 7 8 9 12 1
11 13 2 4 5 7 8 9 14 1
11 13 2 4 5 7 8 10 12 1
11 13 2 4 5 7 8 10 14 1
11 13 2 4 5 7 8 12 14 1
11 13 2 4 5 7 9 10 12 1
11 13 2 4 5 7 9 10 14 1.41421
11 13 2 4 5 7 9 12 14 1.41421
11 13 2 4 5 7 10 12 14 1
11 13 2 4 5 8 9 10 12 1.41421
11 13 2 4 5 8 9 10 14 1.62019
11 13 2 4 5 8 9 12 14 1.41421
11 13 2 4 5 8 10 12 14 1.41421
11 13 2 4 5 9 10 12 14 1.62019
11 13 2 4 6 7 8 9 10 1
11 13 2 4 6 7 8 9 12 1
11 13 2 4 6 7 8 9 14 1
11 13 2 4 6 7 8 10 12 0
11 13 2 4 6 7 8 10 14 1
11 13 2 4 6 7 8 12 14 0
11 13 2 4 6 7 9 10 12 1
11 13 2 4 6 7 9 10 14 1.41421
11 13 2 4 6 7 9 12 14 1.41421
11 13 2 4 6 7 10 12 14 1
11 13 2 4 6 8 9 10 12 1.73205
11 13 2 4 6 8 9 10 14 1.85164
11 13 2 4 6 8 9 12 14 1.73205
11 13 2 4 6 8 10 12 14 1.73205
11 13 2 4 6 9 10 12 14 1.85164
11 13 2 4 7 8 9 10 12 0
11 13 2 4 7 8 9 10 14 1
11 13 2 4 7 8 9 12 14 0
11 13 2 4 7 8 10 12 14 1
11 13 2 4 7 9 10 12 14 1
11 13 2 4 8 9 10 12 14 1.73205
11 13 2 5 6 7 8 9 10 1
11 13 2 5 6 7 8 9 12 1.41421
11 13 2 5 6 7 8 9 14 1
11 13 2 5 6 7 8 10 12 0
11 13 2 5 6 7 8 10 14 1
11 13 2 5 6 7 8 12 14 1
11 13 2 5 6 7 9 10 12 1
11 13 2 5 6 7 9 10 14 1.41421
11 13 2 5 6 7 9 12 14 1.62019
11 13 2 5 6 7 10 12 14 1
11 13 2 5 6 8 9 10 12 1.41421
11 13 2 5 6 8 9 10 14 1.62019
11 13 2 5 6 8 9 12 14 1.41421
11 13 2 5 6 8 10 12 14 1.41421
11 13 2 5 6 9 10 12 14 1.62019
11 13 2 5 7 8 9 10 12 0
11 13 2 5 7 8 9 10 14 1
11 13 2 5 7 8 9 12 14 1
11 13 2 5 7 8 10 12 14 1
11 13 2 5 7 9 10 12 14 1
11 13 2 5 8 9 10 12 14 1.41421
11 13 2 6 7 8 9 10 12 1
11 13 2 6 7 8 9 10 14 1
11 13 2 6 7 8 9 12 14 1.41421
11 13 2 6 7 8 10 12 14 1
11 13 2 6 7 9 10 12 14 1
11 13 2 6 8 9 10 12 14 1.85164
11 13 2 7 8 9 10 12 14 1
11 13 3 4 5 6 7 8 9 1.41421
11 13 3 4 5 6 7 8 10 1.41421
11 13 3 4 5 6 7 8 12 1
11 13 3 4 5 6 7 8 14 1.41421
11 13 3 4 5 6 7 9 10 1.73205
11 13 3 4 5 6 7 9 12 1.73205
11 13 3 4 5 6 7 9 14 1.85164
11 13 3 4 5 6 7 10 12 1.41421
11 13 3 4 5 6 7 10 14 1.73205
11 13 3 4 5 6 7 12 14 1.62019
11 13 3 4 5 6 8 9 10 1.73205
11 13 3 4 5 6 8 9 12 1.41421
11 13 3 4 5 6 8 9 14 1.73205
11 13 3 4 5 6 8 10 12 1.41421
11 13 3 4 5 6 8 10 14 1.73205
11 13 3 4 5 6 8 12 14 1.41421
11 13 3 4 5 6 9 10 12 1.73205
11 13 3 4 5 6 9 10 14 2
11 13 3 4 5 6 9 12 14 1.85164
11 13 3 4 5 6 10 12 14 1.73205
11 13 3 4 5 7 8 9 10 1.41421
11 13 3 4 5 7 8 9 12 1
11 13 3 4 5 7 8 9 14 1.41421
11 13 3 4 5 7 8 10 12 1
11 13 3 4 5 7 8 10 14 1.41421
11 13 3 4 5 7 8 12 14 1
11 13 3 4 5 7 9 10 12 1.41421
11 13 3 4 5 7 9 10 14 1.73205
11 13 3 4 5 7 9 12 14 1.62019
11 13 3 4 5 7 10 12 14 1.41421
11 13 3 4 5 8 9 10 12 1.41421
11 13 3 4 5 8 9 10 14 1.73205
11 13 3 4 5 8 9 12 14 1.41421
11 13 3 4 5 8 10 12 14 1.41421
11 13 3 4 5 9 10 12 14 1.73205
11 13 3 4 6 7 8 9 10 1.62019
11 13 3 4 6 7 8 9 12 1.41421
11 13 3 4 6 7 8 9 14 1.62019
11 13 3 4 6 7 8 10 12 1.41421
11 13 3 4 6 7 8 10 14 1.62019
11 13 3 4 6 7 8 12 14 1.41421
11 13 3 4 6 7 9 10 12 1.62019
11 13 3 4 6 7 9 10 14 1.85164
11 13 3 4 6 7 9 12 14 1.73205
11 13 3 4 6 7 10 12 14 1.62019
11 13 3 4 6 8 9 10 12 2
11 13 3 4 6 8 9 10 14 2.13664
11 13 3 4 6 8 9 12 14 2
11 13 3 4 6 8 10 12 14 2
11 13 3 4 6 9 10 12 14 2.13664
11 13 3 4 7 8 9 10 12 1.41421
11 13 3 4 7 8 9 10 14 1.62019
11 13 3 4 7 8 9 12 14 1.41421
11 13 3 4 7 8 10 12 14 1.41421
11 13 3 4 7 9 10 12 14 1.62019
11 13 3 4 8 9 10 12 14 2
11 13 3 5 6 7 8 9 10 1.41421
11 13 3 5 6 7 8 9 12 1.41421
11 13 3 5 6 7 8 9 14 1.41421
11 13 3 5 6 7 8 10 12 1
11 13 3 5 6 7 8 10 14 1.41421
11 13 3 5 6 7 8 12 14 1
11 13 3 5 6 7 9 10 12 1.41421
11 13 3 5 6 7 9 10 14 1.73205
11 13 3 5 6 7 9 12 14 1.73205
11 13 3 5 6 7 10 12 14 1.41421
11 13 3 5 6 8 9 10 12 1.41421
11 13 3 5 6 8 9 10 14 1.73205
11 13 3 5 6 8 9 12 14 1.41421
11 13 3 5 6 8 10 12 14 1.41421
11 13 3 5 6 9 10 12 14 1.73205
11 13 3 5 7 8 9 10 12 1
11 13 3 5 7 8 9 10 14 1.41421
11 13 3 5 7 8 9 12 14 1
11 13 3 5 7 8 10 12 14 1
11 13 3 5 7 9 10 12 14 1.41421
11 13 3 5 8 9 10 12 14 1.41421
11 13 3 6 7 8 9 10 12 1.62019
11 13 3 6 7 8 9 10 14 1.73205
11 13 3 6 7 8 9 12 14 1.73205
11 13 3 6 7 8 10 12 14 1.62019
11 13 3 6 7 9 10 12 14 1.73205
11 13 3 6 8 9 10 12 14 2.13664
11 13 3 7 8 9 10 12 14 1.62019
11 13 4 5 6 7 8 9 10 1.62019
11 13 4 5 6 7 8 9 12 1.41421
11 13 4 5 6 7 8 9 14 1.62019
11 13 4 5 6 7 8 10 12 1.41421
11 13 4 5 6 7 8 10 14 1.62019
11 13 4 5 6 7 8 12 14 1.41421
11 13 4 5 6 7 9 10 12 1.62019
11 13 4 5 6 7 9 10 14 1.85164
11 13 4 5 6 7 9 12 14 1.73205
11 13 4 5 6 7 10 12 14 1.62019
11 13 4 5 6 8 9 10 12 2
11 13 4 5 6 8 9 10 14 2.13664
11 13 4 5 6 8 9 12 14 2
11 13 4 5 6 8 10 12 14 2
11 13 4 5 6 9 10 12 14 2.13664
11 13 4 5 7 8 9 10 12 1.41421
11 13 4 5 7 8 9 10 14 1.62019
11 13 4 5 7 8 9 12 14 1.41421
11 13 4 5 7 8 10 12 14 1.41421
11 13 4 5 7 9 10 12 14 1.62019
11 13 4 5 8 9 10 12 14 2
11 13 4 6 7 8 9 10 12 1.73205
11 13 4 6 7 8 9 10 14 1.85164
11 13 4 6 7 8 9 12 14 1.73205
11 13 4 6 7 8 10 12 14 1.73205
11 13 4 6 7 9 10 12 14 1.85164
11 13 4 6 8 9 10 12 14 2.44949
11 13 4 7 8 9 10 12 14 1.73205
11 13 5 6 7 8 9 10 12 1.41421
11 13 5 6 7 8 9 10 14 1.62019
11 13 5 6 7 8 9 12 14 1.41421
11 13 5 6 7 8 10 12 14 1.41421
11 13 5 6 7 9 10 12 14 1.62019
11 13 5 6 8 9 10 12 14 2
11 13 5 7 8 9 10 12 14 1.41421
11 13 6 7 8 9 10 12 14 1.85164
