4 14 0 1 2 3 5 6 7 8 9 10 0
4 14 0 1 2 3 5 6 7 8 9 11 0
4 14 0 1 2 3 5 6 7 8 9 12 0
4 14 0 1 2 3 5 6 7 8 9 13 0
4 14 0 1 2 3 5 6 7 8 10 11 0
4 14 0 1 2 3 5 6 7 8 10 12 0
4 14 0 1 2 3 5 6 7 8 10 13 0
4 14 0 1 2 3 5 6 7 8 11 12 0
4 14 0 1 2 3 5 6 7 8 11 13 0
4 14 0 1 2 3 5 6 7 8 12 13 0
4 14 0 1 2 3 5 6 7 9 10 11 0
4 14 0 1 2 3 5 6 7 9 10 12 0
4 14 0 1 2 3 5 6 7 9 10 13 0
4 14 0 1 2 3 5 6 7 9 11 12 1
4 14 0 1 2 3 5 6 7 9 11 13 1
4 14 0 1 2 3 5 6 7 9 12 13 1
4 14 0 1 2 3 5 6 7 10 11 12 0
4 14 0 1 2 3 5 6 7 10 11 13 0
4 14 0 1 2 3 5 6 7 10 12 13 0
4 14 0 1 2 3 5 6 7 11 12 13 1
4 14 0 1 2 3 5 6 8 9 10 11 0
4 14 0 1 2 3 5 6 8 9 10 12 0
4 14 0 1 2 3 5 6 8 9 10 13 0
4 14 0 1 2 3 5 6 8 9 11 12 0
4 14 0 1 2 3 5 6 8 9 11 13 0
4 14 0 1 2 3 5 6 8 9 12 13 0
4 14 0 1 2 3 5 6 8 10 11 12 0
4 14 0 1 2 3 5 6 8 10 11 13 0
4 14 0 1 2 3 5 6 8 10 12 13 0
4 14 0 1 2 3 5 6 8 11 12 13 0
4 14 0 1 2 3 5 6 9 10 11 12 0
4 14 0 1 2 3 5 6 9 10 11 13 0
4 14 0 1 2 3 5 6 9 10 12 13 0
4 14 0 1 2 3 5 6 9 11 12 13 1
4 14 0 1 2 3 5 6 10 11 12 13 0
4 14 0 1 2 3 5 7 8 9 10 11 0
4 14 0 1 2 3 5 7 8 9 10 12 1
4 14 0 1 2 3 5 7 8 9 10 13 1
4 14 0 1 2 3 5 7 8 9 11 12 0
4 14 0 1 2 3 5 7 8 9 11 13 0
4 14 0 1 2 3 5 7 8 9 12 13 1
4 14 0 1 2 3 5 7 8 10 11 12 1
4 14 0 1 2 3 5 7 8 10 11 13 1
4 14 0 1 2 3 5 7 8 10 12 13 1.41421
4 14 0 1 2 3 5 7 8 11 12 13 1
4 14 0 1 2 3 5 7 9 10 11 12 0
4 14 0 1 2 3 5 7 9 10 11 13 0
4 14 0 1 2 3 5 7 9 10 12 13 1
4 14 0 1 2 3 5 7 9 11 12 13 1
4 14 0 1 2 3 5 7 10 11 12 13 1
4 14 0 1 2 3 5 8 9 10 11 12 0
4 14 0 1 2 3 5 8 9 10 11 13 0
4 14 0 1 2 3 5 8 9 10 12 13 1
4 14 0 1 2 3 5 8 9 11 12 13 0
4 14 0 1 2 3 5 8 10 11 12 13 1
4 14 0 1 2 3 5 9 10 11 12 13 0
4 14 0 1 2 3 6 7 8 9 10 11 0
4 14 0 1 2 3 6 7 8 9 10 12 0
4 14 0 1 2 3 6 7 8 9 10 13 0
4 14 0 1 2 3 6 7 8 9 11 12 0
4 14 0 1 2 3 6 7 8 9 11 13 0
4 14 0 1 2 3 6 7 8 9 12 13 0
4 14 0 1 2 3 6 7 8 10 11 12 0
4 14 0 1 2 3 6 7 8 10 11 13 0
4 14 0 1 2 3 6 7 8 10 12 13 0
4 14 0 1 2 3 6 7 8 11 12 13 0
4 14 0 1 2 3 6 7 9 10 11 12 0
4 14 0 1 2 3 6 7 9 10 11 13 0
4 14 0 1 2 3 6 7 9 10 12 13 0
4 14 0 1 2 3 6 7 9 11 12 13 1
4 14 0 1 2 3 6 7 10 11 12 13 0
4 14 0 1 2 3 6 8 9 10 11 12 1
4 14 0 1 2 3 6 8 9 10 11 13 1
4 14 0 1 2 3 6 8 9 10 12 13 1
4 14 0 1 2 3 6 8 9 11 12 13 1
4 14 0 1 2 3 6 8 10 11 12 13 1
4 14 0 1 2 3 6 9 10 11 12 13 1
4 14 0 1 2 3 7 8 9 10 11 12 0
4 14 0 1 2 3 7 8 9 10 11 13 0
4 14 0 1 2 3 7 8 9 10 12 13 1
4 14 0 1 2 3 7 8 9 11 12 13 0
4 14 0 1 2 3 7 8 10 11 12 13 1
4 14 0 1 2 3 7 9 10 11 12 13 0
4 14 0 1 2 3 8 9 10 11 12 13 1
4 14 0 1 2 5 6 7 8 9 10 11 0
4 14 0 1 2 5 6 7 8 9 10 12 1
4 14 0 1 2 5 6 7 8 9 10 13 1
4 14 0 1 2 5 6 7 8 9 11 12 0
4 14 0 1 2 5 6 7 8 9 11 13 0
4 14 0 1 2 5 6 7 8 9 12 13 1
4 14 0 1 2 5 6 7 8 10 11 12 0
4 14 0 1 2 5 6 7 8 10 11 13 0
4 14 0 1 2 5 6 7 8 10 12 13 1
4 14 0 1 2 5 6 7 8 11 12 13 0
4 14 0 1 2 5 6 7 9 10 11 12 0
4 14 0 1 2 5 6 7 9 10 11 13 0
4 14 0 1 2 5 6 7 9 10 12 13 1
4 14 0 1 2 5 6 7 9 11 12 13 1
4 14 0 1 2 5 6 7 10 11 12 13 0
4 14 0 1 2 5 6 8 9 10 11 12 1
4 14 0 1 2 5 6 8 9 10 11 13 1
4 14 0 1 2 5 6 8 9 10 12 13 1.41421
4 14 0 1 2 5 6 8 9 11 12 13 1
4 14 0 1 2 5 6 8 10 11 12 13 1
4 14 0 1 2 5 6 9 10 11 12 13 1
4 14 0 1 2 5 7 8 9 10 11 12 0
4 14 0 1 2 5 7 8 9 10 11 13 0
4 14 0 1 2 5 7 8 9 10 12 13 1.41421
4 14 0 1 2 5 7 8 9 11 12 13 0
4 14 0 1 2 5 7 8 10 11 12 13 1
4 14 0 1 2 5 7 9 10 11 12 13 0
4 14 0 1 2 5 8 9 10 11 12 13 1
4 14 0 1 2 6 7 8 9 10 11 12 0
4 14 0 1 2 6 7 8 9 10 11 13 0
4 14 0 1 2 6 7 8 9 10 12 13 1
4 14 0 1 2 6 7 8 9 11 12 13 0
4 14 0 1 2 6 7 8 10 11 12 13 0
4 14 0 1 2 6 7 9 10 11 12 13 0
4 14 0 1 2 6 8 9 10 11 12 13 1.41421
4 14 0 1 2 7 8 9 10 11 12 13 0
4 14 0 1 3 5 6 7 8 9 10 11 0
4 14 0 1 3 5 6 7 8 9 10 12 0
4 14 0 1 3 5 6 7 8 9 10 13 0
4 14 0 1 3 5 6 7 8 9 11 12 0
4 14 0 1 3 5 6 7 8 9 11 13 0
4 14 0 1 3 5 6 7 8 9 12 13 0
4 14 0 1 3 5 6 7 8 10 11 12 0
4 14 0 1 3 5 6 7 8 10 11 13 0
4 14 0 1 3 5 6 7 8 10 12 13 0
4 14 0 1 3 5 6 7 8 11 12 13 0
4 14 0 1 3 5 6 7 9 10 11 12 0
4 14 0 1 3 5 6 7 9 10 11 13 0
4 14 0 1 3 5 6 7 9 10 12 13 0
4 14 0 1 3 5 6 7 9 11 12 13 1
4 14 0 1 3 5 6 7 10 11 12 13 0
4 14 0 1 3 5 6 8 9 10 11 12 0
4 14 0 1 3 5 6 8 9 10 11 13 0
4 14 0 1 3 5 6 8 9 10 12 13 0
4 14 0 1 3 5 6 8 9 11 12 13 0
4 14 0 1 3 5 6 8 10 11 12 13 0
4 14 0 1 3 5 6 9 10 11 12 13 0
4 14 0 1 3 5 7 8 9 10 11 12 0
4 14 0 1 3 5 7 8 9 10 11 13 0
4 14 0 1 3 5 7 8 9 10 12 13 1
4 14 0 1 3 5 7 8 9 11 12 13 0
4 14 0 1 3 5 7 8 10 11 12 13 1
4 14 0 1 3 5 7 9 10 11 12 13 0
4 14 0 1 3 5 8 9 10 11 12 13 0
4 14 0 1 3 6 7 8 9 10 11 12 1
4 14 0 1 3 6 7 8 9 10 11 13 1
4 14 0 1 3 6 7 8 9 10 12 13 1
4 14 0 1 3 6 7 8 9 11 12 13 1
4 14 0 1 3 6 7 8 10 11 12 13 1
4 14 0 1 3 6 7 9 10 11 12 13 1
4 14 0 1 3 6 8 9 10 11 12 13 1.41421
4 14 0 1 3 7 8 9 10 11 12 13 1
4 14 0 1 5 6 7 8 9 10 11 12 1
4 14 0 1 5 6 7 8 9 10 11 13 1
4 14 0 1 5 6 7 8 9 10 12 13 1.41421
4 14 0 1 5 6 7 8 9 11 12 13 1
4 14 0 1 5 6 7 8 10 11 12 13 1
4 14 0 1 5 6 7 9 10 11 12 13 1
4 14 0 1 5 6 8 9 10 11 12 13 1.41421
4 14 0 1 5 7 8 9 10 11 12 13 1
4 14 0 1 6 7 8 9 10 11 12 13 1.41421
4 14 0 2 3 5 6 7 8 9 10 11 1.41421
4 14 0 2 3 5 6 7 8 9 10 12 1
4 14 0 2 3 5 6 7 8 9 10 13 1
4 14 0 2 3 5 6 7 8 9 11 12 1
4 14 0 2 3 5 6 7 8 9 11 13 1
4 14 0 2 3 5 6 7 8 9 12 13 0
4 14 0 2 3 5 6 7 8 10 11 12 1
4 14 0 2 3 5 6 7 8 10 11 13 1
4 14 0 2 3 5 6 7 8 10 12 13 0
4 14 0 2 3 5 6 7 8 11 12 13 0
4 14 0 2 3 5 6 7 9 10 11 12 1.41421
4 14 0 2 3 5 6 7 9 10 11 13 1.41421
4 14 0 2 3 5 6 7 9 10 12 13 1
4 14 0 2 3 5 6 7 9 11 12 13 1.41421
4 14 0 2 3 5 6 7 10 11 12 13 1
4 14 0 2 3 5 6 8 9 10 11 12 1.41421
4 14 0 2 3 5 6 8 9 10 11 13 1.41421
4 14 0 2 3 5 6 8 9 10 12 13 1
4 14 0 2 3 5 6 8 9 11 12 13 1
4 14 0 2 3 5 6 8 10 11 12 13 1
4 14 0 2 3 5 6 9 10 11 12 13 1.41421
4 14 0 2 3 5 7 8 9 10 11 12 1
4 14 0 2 3 5 7 8 9 10 11 13 1
4 14 0 2 3 5 7 8 9 10 12 13 1
4 14 0 2 3 5 7 8 9 11 12 13 0
4 14 0 2 3 5 7 8 10 11 12 13 1
4 14 0 2 3 5 7 9 10 11 12 13 1
4 14 0 2 3 5 8 9 10 11 12 13 1
4 14 0 2 3 6 7 8 9 10 11 12 1
4 14 0 2 3 6 7 8 9 10 11 13 1
4 14 0 2 3 6 7 8 9 10 12 13 0
4 14 0 2 3 6 7 8 9 11 12 13 0
4 14 0 2 3 6 7 8 10 11 12 13 0
4 14 0 2 3 6 7 9 10 11 12 13 1
4 14 0 2 3 6 8 9 10 11 12 13 1.41421
4 14 0 2 3 7 8 9 10 11 12 13 0
4 14 0 2 5 6 7 8 9 10 11 12 1
4 14 0 2 5 6 7 8 9 10 11 13 1
4 14 0 2 5 6 7 8 9 10 12 13 1
4 14 0 2 5 6 7 8 9 11 12 13 0
4 14 0 2 5 6 7 8 10 11 12 13 0
4 14 0 2 5 6 7 9 10 11 12 13 1
4 14 0 2 5 6 8 9 10 11 12 13 1.41421
4 14 0 2 5 7 8 9 10 11 12 13 0
4 14 0 2 6 7 8 9 10 11 12 13 0
4 14 0 3 5 6 7 8 9 10 11 12 1.41421
4 14 0 3 5 6 7 8 9 10 11 13 1.41421
4 14 0 3 5 6 7 8 9 10 12 13 1
4 14 0 3 5 6 7 8 9 11 12 13 1
4 14 0 3 5 6 7 8 10 11 12 13 1
4 14 0 3 5 6 7 9 10 11 12 13 1.41421
4 14 0 3 5 6 8 9 10 11 12 13 1.41421
4 14 0 3 5 7 8 9 10 11 12 13 1
4 14 0 3 6 7 8 9 10 11 12 13 1.41421
4 14 0 5 6 7 8 9 10 11 12 13 1.41421
4 14 1 2 3 5 6 7 8 9 10 11 1
4 14 1 2 3 5 6 7 8 9 10 12 1
4 14 1 2 3 5 6 7 8 9 10 13 0
4 14 1 2 3 5 6 7 8 9 11 12 1
4 14 1 2 3 5 6 7 8 9 11 13 0
4 14 1 2 3 5 6 7 8 9 12 13 0
4 14 1 2 3 5 6 7 8 10 11 12 1
4 14 1 2 3 5 6 7 8 10 11 13 0
4 14 1 2 3 5 6 7 8 10 12 13 0
4 14 1 2 3 5 6 7 8 11 12 13 0
4 14 1 2 3 5 6 7 9 10 11 12 1
4 14 1 2 3 5 6 7 9 10 11 13 0
4 14 1 2 3 5 6 7 9 10 12 13 0
4 14 1 2 3 5 6 7 9 11 12 13 1
4 14 1 2 3 5 6 7 10 11 12 13 0
4 14 1 2 3 5 6 8 9 10 11 12 1
4 14 1 2 3 5 6 8 9 10 11 13 0
4 14 1 2 3 5 6 8 9 10 12 13 0
4 14 1 2 3 5 6 8 9 11 12 13 0
4 14 1 2 3 5 6 8 10 11 12 13 0
4 14 1 2 3 5 6 9 10 11 12 13 0
4 14 1 2 3 5 7 8 9 10 11 12 1
4 14 1 2 3 5 7 8 9 10 11 13 0
4 14 1 2 3 5 7 8 9 10 12 13 1
4 14 1 2 3 5 7 8 9 11 12 13 0
4 14 1 2 3 5 7 8 10 11 12 13 1
4 14 1 2 3 5 7 9 10 11 12 13 0
4 14 1 2 3 5 8 9 10 11 12 13 0
4 14 1 2 3 6 7 8 9 10 11 12 1
4 14 1 2 3 6 7 8 9 10 11 13 0
4 14 1 2 3 6 7 8 9 10 12 13 0
4 14 1 2 3 6 7 8 9 11 12 13 0
4 14 1 2 3 6 7 8 10 11 12 13 0
4 14 1 2 3 6 7 9 10 11 12 13 0
4 14 1 2 3 6 8 9 10 11 12 13 1
4 14 1 2 3 7 8 9 10 11 12 13 0
4 14 1 2 5 6 7 8 9 10 11 12 1
4 14 1 2 5 6 7 8 9 10 11 13 0
4 14 1 2 5 6 7 8 9 10 12 13 1
4 14 1 2 5 6 7 8 9 11 12 13 0
4 14 1 2 5 6 7 8 10 11 12 13 0
4 14 1 2 5 6 7 9 10 11 12 13 0
4 14 1 2 5 6 8 9 10 11 12 13 1
4 14 1 2 5 7 8 9 10 11 12 13 0
4 14 1 2 6 7 8 9 10 11 12 13 0
4 14 1 3 5 6 7 8 9 10 11 12 1
4 14 1 3 5 6 7 8 9 10 11 13 0
4 14 1 3 5 6 7 8 9 10 12 13 0
4 14 1 3 5 6 7 8 9 11 12 13 0
4 14 1 3 5 6 7 8 10 11 12 13 0
4 14 1 3 5 6 7 9 10 11 12 13 0
4 14 1 3 5 6 8 9 10 11 12 13 0
4 14 1 3 5 7 8 9 10 11 12 13 0
4 14 1 3 6 7 8 9 10 11 12 13 1
4 14 1 5 6 7 8 9 10 11 12 13 1
4 14 2 3 5 6 7 8 9 10 11 12 1.41421
4 14 2 3 5 6 7 8 9 10 11 13 1
4 14 2 3 5 6 7 8 9 10 12 13 0
4 14 2 3 5 6 7 8 9 11 12 13 0
4 14 2 3 5 6 7 8 10 11 12 13 0
4 14 2 3 5 6 7 9 10 11 12 13 1
4 14 2 3 5 6 8 9 10 11 12 13 1
4 14 2 3 5 7 8 9 10 11 12 13 0
4 14 2 3 6 7 8 9 10 11 12 13 0
4 14 2 5 6 7 8 9 10 11 12 13 0
4 14 3 5 6 7 8 9 10 11 12 13 1
