4 14 0 1 2.19089
4 14 0 2 2.27395
4 14 0 3 2.48193
4 14 0 5 2.54674
4 14 0 6 2.77498
4 14 0 7 2.27395
4 14 0 8 2.68408
4 14 0 9 2.77766
4 14 0 10 2.76819
4 14 0 11 2.72385
4 14 0 12 2.69472
4 14 0 13 2.69472
4 14 1 2 1.81265
4 14 1 3 1.41421
4 14 1 5 1.90693
4 14 1 6 2.13664
4 14 1 7 1.81265
4 14 1 8 2.19089
4 14 1 9 2.16025
4 14 1 10 2.19089
4 14 1 11 2
4 14 1 12 2.19089
4 14 1 13 2.19089
4 14 2 3 2.18955
4 14 2 5 2.23607
4 14 2 6 2.29256
4 14 2 7 1.93309
4 14 2 8 2.14154
4 14 2 9 2.30079
4 14 2 10 2.27395
4 14 2 11 2.26779
4 14 2 12 2.17562
4 14 2 13 2.14154
4 14 3 5 2.33699
4 14 3 6 2.50805
4 14 3 7 2.18955
4 14 3 8 2.32266
4 14 3 9 2.50805
4 14 3 10 2.48193
4 14 3 11 2.50805
4 14 3 12 2.34521
4 14 3 13 2.32266
4 14 5 6 2.56038
4 14 5 7 2.23607
4 14 5 8 2.42507
4 14 5 9 2.57032
4 14 5 10 2.54674
4 14 5 11 2.50805
4 14 5 12 2.44949
4 14 5 13 2.42507
4 14 6 7 2.29256
4 14 6 8 2.68164
4 14 6 9 2.77991
4 14 6 10 2.77498
4 14 6 11 2.74037
4 14 6 12 2.64575
4 14 6 13 2.68164
4 14 7 8 2.14154
4 14 7 9 2.30079
4 14 7 10 2.27395
4 14 7 11 2.26779
4 14 7 12 2.17562
4 14 7 13 2.14154
4 14 8 9 2.69077
4 14 8 10 2.69472
4 14 8 11 2.62216
4 14 8 12 2.62912
4 14 8 13 2.64575
4 14 9 10 2.77766
4 14 9 11 2.74037
4 14 9 12 2.68594
4 14 9 13 2.69077
4 14 10 11 2.72385
4 14 10 12 2.69472
4 14 10 13 2.68408
4 14 11 12 2.61652
4 14 11 13 2.62216
4 14 12 13 2.62912
