1 11 0 2 1.93309
1 11 0 3 2
1 11 0 4 2
1 11 0 5 1.73205
1 11 0 6 2.23607
1 11 0 7 1.93309
1 11 0 8 2.19089
1 11 0 9 2.23607
1 11 0 10 2.13664
1 11 0 12 2.23607
1 11 0 13 2.23607
1 11 0 14 2.19089
1 11 2 3 1.90693
1 11 2 4 1.41421
1 11 2 5 1.73205
1 11 2 6 1.93309
1 11 2 7 1.85164
1 11 2 8 1.81265
1 11 2 9 1.93309
1 11 2 10 1.62019
1 11 2 12 1.93309
1 11 2 13 1.93309
1 11 2 14 1.81265
1 11 3 4 1.41421
1 11 3 5 1.73205
1 11 3 6 2
1 11 3 7 1.90693
1 11 3 8 1.90693
1 11 3 9 2
1 11 3 10 1.73205
1 11 3 12 2
1 11 3 13 2
1 11 3 14 1.90693
1 11 4 5 1.41421
1 11 4 6 2
1 11 4 7 1.41421
1 11 4 8 2
1 11 4 9 2
1 11 4 10 2
1 11 4 12 2
1 11 4 13 2
1 11 4 14 2
1 11 5 6 1.73205
1 11 5 7 1.73205
1 11 5 8 1.41421
1 11 5 9 1.73205
1 11 5 10 1.41421
1 11 5 12 1.73205
1 11 5 13 1.73205
1 11 5 14 1.41421
1 11 6 7 1.93309
1 11 6 8 2.19089
1 11 6 9 2.23607
1 11 6 10 2.13664
1 11 6 12 2.23607
1 11 6 13 2.23607
1 11 6 14 2.19089
1 11 7 8 1.81265
1 11 7 9 1.93309
1 11 7 10 1.62019
1 11 7 12 1.93309
1 11 7 13 1.93309
1 11 7 14 1.81265
1 11 8 9 2.19089
1 11 8 10 2.13664
1 11 8 12 2.19089
1 11 8 13 2.19089
1 11 8 14 2.16025
1 11 9 10 2.13664
1 11 9 12 2.23607
1 11 9 13 2.23607
1 11 9 14 2.19089
1 11 10 12 2.13664
1 11 10 13 2.13664
1 11 10 14 2.13664
1 11 12 13 2.23607
1 11 12 14 2.19089
1 11 13 14 2.19089
