8 9 0 1 2 3 4 5 6 7 10 11 12 0
8 9 0 1 2 3 4 5 6 7 10 11 13 0
8 9 0 1 2 3 4 5 6 7 10 11 14 0
8 9 0 1 2 3 4 5 6 7 10 12 13 0
8 9 0 1 2 3 4 5 6 7 10 12 14 0
8 9 0 1 2 3 4 5 6 7 10 13 14 0
8 9 0 1 2 3 4 5 6 7 11 12 13 1
8 9 0 1 2 3 4 5 6 7 11 12 14 0
8 9 0 1 2 3 4 5 6 7 11 13 14 0
8 9 0 1 2 3 4 5 6 7 12 13 14 0
8 9 0 1 2 3 4 5 6 10 11 12 13 0
8 9 0 1 2 3 4 5 6 10 11 12 14 0
8 9 0 1 2 3 4 5 6 10 11 13 14 0
8 9 0 1 2 3 4 5 6 10 12 13 14 0
8 9 0 1 2 3 4 5 6 11 12 13 14 0
8 9 0 1 2 3 4 5 7 10 11 12 13 0
8 9 0 1 2 3 4 5 7 10 11 12 14 0
8 9 0 1 2 3 4 5 7 10 11 13 14 0
8 9 0 1 2 3 4 5 7 10 12 13 14 1
8 9 0 1 2 3 4 5 7 11 12 13 14 0
8 9 0 1 2 3 4 5 10 11 12 13 14 0
8 9 0 1 2 3 4 6 7 10 11 12 13 0
8 9 0 1 2 3 4 6 7 10 11 12 14 0
8 9 0 1 2 3 4 6 7 10 11 13 14 0
8 9 0 1 2 3 4 6 7 10 12 13 14 0
8 9 0 1 2 3 4 6 7 11 12 13 14 0
8 9 0 1 2 3 4 6 10 11 12 13 14 1
8 9 0 1 2 3 4 7 10 11 12 13 14 0
8 9 0 1 2 3 5 6 7 10 11 12 13 0
8 9 0 1 2 3 5 6 7 10 11 12 14 0
8 9 0 1 2 3 5 6 7 10 11 13 14 0
8 9 0 1 2 3 5 6 7 10 12 13 14 0
8 9 0 1 2 3 5 6 7 11 12 13 14 1
8 9 0 1 2 3 5 6 10 11 12 13 14 0
8 9 0 1 2 3 5 7 10 11 12 13 14 0
8 9 0 1 2 3 6 7 10 11 12 13 14 1
8 9 0 1 2 4 5 6 7 10 11 12 13 0
8 9 0 1 2 4 5 6 7 10 11 12 14 0
8 9 0 1 2 4 5 6 7 10 11 13 14 0
8 9 0 1 2 4 5 6 7 10 12 13 14 1
8 9 0 1 2 4 5 6 7 11 12 13 14 0
8 9 0 1 2 4 5 6 10 11 12 13 14 1
8 9 0 1 2 4 5 7 10 11 12 13 14 0
8 9 0 1 2 4 6 7 10 11 12 13 14 0
8 9 0 1 2 5 6 7 10 11 12 13 14 0
8 9 0 1 3 4 5 6 7 10 11 12 13 0
8 9 0 1 3 4 5 6 7 10 11 12 14 0
8 9 0 1 3 4 5 6 7 10 11 13 14 0
8 9 0 1 3 4 5 6 7 10 12 13 14 0
8 9 0 1 3 4 5 6 7 11 12 13 14 0
8 9 0 1 3 4 5 6 10 11 12 13 14 0
8 9 0 1 3 4 5 7 10 11 12 13 14 0
8 9 0 1 3 4 6 7 10 11 12 13 14 1
8 9 0 1 3 5 6 7 10 11 12 13 14 0
8 9 0 1 4 5 6 7 10 11 12 13 14 1
8 9 0 2 3 4 5 6 7 10 11 12 13 0
8 9 0 2 3 4 5 6 7 10 11 12 14 1
8 9 0 2 3 4 5 6 7 10 11 13 14 1
8 9 0 2 3 4 5 6 7 10 12 13 14 0
8 9 0 2 3 4 5 6 7 11 12 13 14 0
8 9 0 2 3 4 5 6 10 11 12 13 14 1
8 9 0 2 3 4 5 7 10 11 12 13 14 0
8 9 0 2 3 4 6 7 10 11 12 13 14 0
8 9 0 2 3 5 6 7 10 11 12 13 14 0
8 9 0 2 4 5 6 7 10 11 12 13 14 0
8 9 0 3 4 5 6 7 10 11 12 13 14 1
8 9 1 2 3 4 5 6 7 10 11 12 13 0
8 9 1 2 3 4 5 6 7 10 11 12 14 1
8 9 1 2 3 4 5 6 7 10 11 13 14 0
8 9 1 2 3 4 5 6 7 10 12 13 14 0
8 9 1 2 3 4 5 6 7 11 12 13 14 0
8 9 1 2 3 4 5 6 10 11 12 13 14 0
8 9 1 2 3 4 5 7 10 11 12 13 14 0
8 9 1 2 3 4 6 7 10 11 12 13 14 0
8 9 1 2 3 5 6 7 10 11 12 13 14 0
8 9 1 2 4 5 6 7 10 11 12 13 14 0
8 9 1 3 4 5 6 7 10 11 12 13 14 0
8 9 2 3 4 5 6 7 10 11 12 13 14 0
