8 9 0 1 2.3094
8 9 0 2 2.1557
8 9 0 3 2.389
8 9 0 4 2.67435
8 9 0 5 2.37697
8 9 0 6 2.7314
8 9 0 7 2.1557
8 9 0 10 2.72172
8 9 0 11 2.68408
8 9 0 12 2.67706
8 9 0 13 2.67706
8 9 0 14 2.7338
8 9 1 2 2
8 9 1 3 1.90693
8 9 1 4 2.16025
8 9 1 5 1.85164
8 9 1 6 2.28446
8 9 1 7 2
8 9 1 10 2.26385
8 9 1 11 2.19089
8 9 1 12 2.3094
8 9 1 13 2.3094
8 9 1 14 2.3094
8 9 2 3 2.02367
8 9 2 4 2.16025
8 9 2 5 2
8 9 2 6 2.1693
8 9 2 7 1.62019
8 9 2 10 2.15322
8 9 2 11 2.14154
8 9 2 12 2.10442
8 9 2 13 2.08167
8 9 2 14 2.1643
8 9 3 4 2.32266
8 9 3 5 2.07802
8 9 3 6 2.42507
8 9 3 7 2.02367
8 9 3 10 2.39046
8 9 3 11 2.42507
8 9 3 12 2.3094
8 9 3 13 2.28446
8 9 3 14 2.40662
8 9 4 5 2.40662
8 9 4 6 2.68164
8 9 4 7 2.16025
8 9 4 10 2.69077
8 9 4 11 2.62216
8 9 4 12 2.61861
8 9 4 13 2.60419
8 9 4 14 2.69077
8 9 5 6 2.39046
8 9 5 7 2
8 9 5 10 2.40662
8 9 5 11 2.32266
8 9 5 12 2.3094
8 9 5 13 2.26385
8 9 5 14 2.40662
8 9 6 7 2.1693
8 9 6 10 2.72185
8 9 6 11 2.69472
8 9 6 12 2.67706
8 9 6 13 2.65417
8 9 6 14 2.73139
8 9 7 10 2.15322
8 9 7 11 2.14154
8 9 7 12 2.10442
8 9 7 13 2.08167
8 9 7 14 2.1643
8 9 10 11 2.68164
8 9 10 12 2.67842
8 9 10 13 2.66288
8 9 10 14 2.73139
8 9 11 12 2.62912
8 9 11 13 2.64575
8 9 11 14 2.69077
8 9 12 13 2.62912
8 9 12 14 2.67814
8 9 13 14 2.67842
