6 14 0 1 2 2
6 14 0 1 3 1.90693
6 14 0 1 4 2.13664
6 14 0 1 5 1.73205
6 14 0 1 7 2
6 14 0 1 8 2.26385
6 14 0 1 9 2.28446
6 14 0 1 10 2.23607
6 14 0 1 11 2.19089
6 14 0 1 12 2.28446
6 14 0 1 13 2.28446
6 14 0 2 3 2.24038
6 14 0 2 4 2.2514
6 14 0 2 5 2.23607
6 14 0 2 7 1.93309
6 14 0 2 8 2.12132
6 14 0 2 9 2.34521
6 14 0 2 10 2.23607
6 14 0 2 11 2.31349
6 14 0 2 12 2.23607
6 14 0 2 13 2.23607
6 14 0 3 4 2.48193
6 14 0 3 5 2.29907
6 14 0 3 7 2.24038
6 14 0 3 8 2.37697
6 14 0 3 9 2.58404
6 14 0 3 10 2.49516
6 14 0 3 11 2.58404
6 14 0 3 12 2.46311
6 14 0 3 13 2.46311
6 14 0 4 5 2.52678
6 14 0 4 7 2.2514
6 14 0 4 8 2.66231
6 14 0 4 9 2.77498
6 14 0 4 10 2.75936
6 14 0 4 11 2.72385
6 14 0 4 12 2.68164
6 14 0 4 13 2.68164
6 14 0 5 7 2.23607
6 14 0 5 8 2.35488
6 14 0 5 9 2.57391
6 14 0 5 10 2.49516
6 14 0 5 11 2.49313
6 14 0 5 12 2.40426
6 14 0 5 13 2.40426
6 14 0 7 8 2.12132
6 14 0 7 9 2.34521
6 14 0 7 10 2.23607
6 14 0 7 11 2.31349
6 14 0 7 12 2.23607
6 14 0 7 13 2.23607
6 14 0 8 9 2.72172
6 14 0 8 10 2.71163
6 14 0 8 11 2.67435
6 14 0 8 12 2.66288
6 14 0 8 13 2.66288
6 14 0 9 10 2.79903
6 14 0 9 11 2.80938
6 14 0 9 12 2.76353
6 14 0 9 13 2.76353
6 14 0 10 11 2.75936
6 14 0 10 12 2.71163
6 14 0 10 13 2.71163
6 14 0 11 12 2.72279
6 14 0 11 13 2.72279
6 14 0 12 13 2.70157
6 14 1 2 3 1.73205
6 14 1 2 4 1.62019
6 14 1 2 5 1.41421
6 14 1 2 7 1.62019
6 14 1 2 8 1.81265
6 14 1 2 9 2
6 14 1 2 10 1.73205
6 14 1 2 11 1.81265
6 14 1 2 12 2
6 14 1 2 13 2
6 14 1 3 4 1.41421
6 14 1 3 5 1.41421
6 14 1 3 7 1.73205
6 14 1 3 8 1.85164
6 14 1 3 9 1.90693
6 14 1 3 10 1.73205
6 14 1 3 11 1.90693
6 14 1 3 12 1.90693
6 14 1 3 13 1.90693
6 14 1 4 5 1.73205
6 14 1 4 7 1.62019
6 14 1 4 8 2.13664
6 14 1 4 9 2.13664
6 14 1 4 10 2.13664
6 14 1 4 11 2
6 14 1 4 12 2.13664
6 14 1 4 13 2.13664
6 14 1 5 7 1.41421
6 14 1 5 8 1.73205
6 14 1 5 9 1.73205
6 14 1 5 10 1.73205
6 14 1 5 11 1.41421
6 14 1 5 12 1.73205
6 14 1 5 13 1.73205
6 14 1 7 8 1.81265
6 14 1 7 9 2
6 14 1 7 10 1.73205
6 14 1 7 11 1.81265
6 14 1 7 12 2
6 14 1 7 13 2
6 14 1 8 9 2.26385
6 14 1 8 10 2.23607
6 14 1 8 11 2.16025
6 14 1 8 12 2.26385
6 14 1 8 13 2.26385
6 14 1 9 10 2.23607
6 14 1 9 11 2.19089
6 14 1 9 12 2.28446
6 14 1 9 13 2.28446
6 14 1 10 11 2.13664
6 14 1 10 12 2.23607
6 14 1 10 13 2.23607
6 14 1 11 12 2.19089
6 14 1 11 13 2.19089
6 14 1 12 13 2.28446
6 14 2 3 4 2.18955
6 14 2 3 5 2.16556
6 14 2 3 7 2
6 14 2 3 8 2
6 14 2 3 9 2.27837
6 14 2 3 10 2.16556
6 14 2 3 11 2.27837
6 14 2 3 12 2.16025
6 14 2 3 13 2.10639
6 14 2 4 5 2.23607
6 14 2 4 7 1.93309
6 14 2 4 8 2.09938
6 14 2 4 9 2.29256
6 14 2 4 10 2.2514
6 14 2 4 11 2.26779
6 14 2 4 12 2.13809
6 14 2 4 13 2.09938
6 14 2 5 7 2
6 14 2 5 8 2
6 14 2 5 9 2.22985
6 14 2 5 10 2.16556
6 14 2 5 11 2.23607
6 14 2 5 12 2.05751
6 14 2 5 13 2.01187
6 14 2 7 8 1.62019
6 14 2 7 9 2
6 14 2 7 10 1.85164
6 14 2 7 11 2
6 14 2 7 12 2
6 14 2 7 13 1.81265
6 14 2 8 9 2.15322
6 14 2 8 10 2.13809
6 14 2 8 11 2.16025
6 14 2 8 12 2.05751
6 14 2 8 13 2.0381
6 14 2 9 10 2.26855
6 14 2 9 11 2.34937
6 14 2 9 12 2.24846
6 14 2 9 13 2.23607
6 14 2 10 11 2.2514
6 14 2 10 12 2.13809
6 14 2 10 13 2.10223
6 14 2 11 12 2.23607
6 14 2 11 13 2.19745
6 14 2 12 13 2.16025
6 14 3 4 5 2.33699
6 14 3 4 7 2.18955
6 14 3 4 8 2.32266
6 14 3 4 9 2.50805
6 14 3 4 10 2.48193
6 14 3 4 11 2.50805
6 14 3 4 12 2.34521
6 14 3 4 13 2.32266
6 14 3 5 7 2.16556
6 14 3 5 8 2.07802
6 14 3 5 9 2.35584
6 14 3 5 10 2.29129
6 14 3 5 11 2.35584
6 14 3 5 12 2.16556
6 14 3 5 13 2.10357
6 14 3 7 8 2
6 14 3 7 9 2.27837
6 14 3 7 10 2.16556
6 14 3 7 11 2.27837
6 14 3 7 12 2.16025
6 14 3 7 13 2.10639
6 14 3 8 9 2.40662
6 14 3 8 10 2.39046
6 14 3 8 11 2.40662
6 14 3 8 12 2.3094
6 14 3 8 13 2.26385
6 14 3 9 10 2.52678
6 14 3 9 11 2.60951
6 14 3 9 12 2.5
6 14 3 9 13 2.46311
6 14 3 10 11 2.52678
6 14 3 10 12 2.39046
6 14 3 10 13 2.35488
6 14 3 11 12 2.5
6 14 3 11 13 2.46311
6 14 3 12 13 2.38048
6 14 4 5 7 2.23607
6 14 4 5 8 2.39046
6 14 4 5 9 2.56038
6 14 4 5 10 2.52678
6 14 4 5 11 2.50805
6 14 4 5 12 2.41424
6 14 4 5 13 2.39046
6 14 4 7 8 2.09938
6 14 4 7 9 2.29256
6 14 4 7 10 2.2514
6 14 4 7 11 2.26779
6 14 4 7 12 2.13809
6 14 4 7 13 2.09938
6 14 4 8 9 2.68164
6 14 4 8 10 2.68164
6 14 4 8 11 2.62216
6 14 4 8 12 2.60419
6 14 4 8 13 2.58844
6 14 4 9 10 2.77498
6 14 4 9 11 2.74037
6 14 4 9 12 2.64575
6 14 4 9 13 2.68164
6 14 4 10 11 2.72385
6 14 4 10 12 2.68164
6 14 4 10 13 2.66231
6 14 4 11 12 2.61652
6 14 4 11 13 2.62216
6 14 4 12 13 2.60419
6 14 5 7 8 2
6 14 5 7 9 2.22985
6 14 5 7 10 2.16556
6 14 5 7 11 2.23607
6 14 5 7 12 2.05751
6 14 5 7 13 2.01187
6 14 5 8 9 2.39046
6 14 5 8 10 2.39046
6 14 5 8 11 2.32266
6 14 5 8 12 2.26385
6 14 5 8 13 2.23607
6 14 5 9 10 2.52678
6 14 5 9 11 2.53859
6 14 5 9 12 2.42487
6 14 5 9 13 2.40426
6 14 5 10 11 2.48193
6 14 5 10 12 2.39046
6 14 5 10 13 2.35488
6 14 5 11 12 2.36827
6 14 5 11 13 2.33699
6 14 5 12 13 2.28446
6 14 7 8 9 2.15322
6 14 7 8 10 2.13809
6 14 7 8 11 2.16025
6 14 7 8 12 2.05751
6 14 7 8 13 2.0381
6 14 7 9 10 2.26855
6 14 7 9 11 2.34937
6 14 7 9 12 2.24846
6 14 7 9 13 2.23607
6 14 7 10 11 2.2514
6 14 7 10 12 2.13809
6 14 7 10 13 2.10223
6 14 7 11 12 2.23607
6 14 7 11 13 2.19745
6 14 7 12 13 2.16025
6 14 8 9 10 2.72185
6 14 8 9 11 2.69077
6 14 8 9 12 2.67842
6 14 8 9 13 2.66288
6 14 8 10 11 2.68164
6 14 8 10 12 2.66288
6 14 8 10 13 2.64575
6 14 8 11 12 2.61861
6 14 8 11 13 2.60419
6 14 8 12 13 2.60419
6 14 9 10 11 2.77498
6 14 9 10 12 2.72185
6 14 9 10 13 2.71163
6 14 9 11 12 2.71649
6 14 9 11 13 2.72279
6 14 9 12 13 2.70157
6 14 10 11 12 2.68164
6 14 10 11 13 2.66231
6 14 10 12 13 2.64575
6 14 11 12 13 2.65875
