6 14 0 1 2 3 4 5 7 1
6 14 0 1 2 3 4 5 8 0
6 14 0 1 2 3 4 5 9 1
6 14 0 1 2 3 4 5 10 0
6 14 0 1 2 3 4 5 11 1
6 14 0 1 2 3 4 5 12 1
6 14 0 1 2 3 4 5 13 1
6 14 0 1 2 3 4 7 8 0
6 14 0 1 2 3 4 7 9 1
6 14 0 1 2 3 4 7 10 0
6 14 0 1 2 3 4 7 11 1
6 14 0 1 2 3 4 7 12 1
6 14 0 1 2 3 4 7 13 1
6 14 0 1 2 3 4 8 9 1
6 14 0 1 2 3 4 8 10 1
6 14 0 1 2 3 4 8 11 1
6 14 0 1 2 3 4 8 12 1
6 14 0 1 2 3 4 8 13 1
6 14 0 1 2 3 4 9 10 1
6 14 0 1 2 3 4 9 11 1
6 14 0 1 2 3 4 9 12 1
6 14 0 1 2 3 4 9 13 1
6 14 0 1 2 3 4 10 11 1
6 14 0 1 2 3 4 10 12 1
6 14 0 1 2 3 4 10 13 1
6 14 0 1 2 3 4 11 12 1
6 14 0 1 2 3 4 11 13 1
6 14 0 1 2 3 4 12 13 1
6 14 0 1 2 3 5 7 8 1
6 14 0 1 2 3 5 7 9 1.41421
6 14 0 1 2 3 5 7 10 0
6 14 0 1 2 3 5 7 11 1.41421
6 14 0 1 2 3 5 7 12 1.41421
6 14 0 1 2 3 5 7 13 1.41421
6 14 0 1 2 3 5 8 9 1
6 14 0 1 2 3 5 8 10 0
6 14 0 1 2 3 5 8 11 1
6 14 0 1 2 3 5 8 12 1
6 14 0 1 2 3 5 8 13 1
6 14 0 1 2 3 5 9 10 0
6 14 0 1 2 3 5 9 11 1.41421
6 14 0 1 2 3 5 9 12 1.41421
6 14 0 1 2 3 5 9 13 1.41421
6 14 0 1 2 3 5 10 11 0
6 14 0 1 2 3 5 10 12 0
6 14 0 1 2 3 5 10 13 0
6 14 0 1 2 3 5 11 12 1.41421
6 14 0 1 2 3 5 11 13 1.41421
6 14 0 1 2 3 5 12 13 1.41421
6 14 0 1 2 3 7 8 9 1.41421
6 14 0 1 2 3 7 8 10 1
6 14 0 1 2 3 7 8 11 1.41421
6 14 0 1 2 3 7 8 12 1.41421
6 14 0 1 2 3 7 8 13 1.41421
6 14 0 1 2 3 7 9 10 1
6 14 0 1 2 3 7 9 11 1.62019
6 14 0 1 2 3 7 9 12 1.62019
6 14 0 1 2 3 7 9 13 1.62019
6 14 0 1 2 3 7 10 11 1
6 14 0 1 2 3 7 10 12 1
6 14 0 1 2 3 7 10 13 1
6 14 0 1 2 3 7 11 12 1.62019
6 14 0 1 2 3 7 11 13 1.62019
6 14 0 1 2 3 7 12 13 1.62019
6 14 0 1 2 3 8 9 10 1.41421
6 14 0 1 2 3 8 9 11 1.62019
6 14 0 1 2 3 8 9 12 1.62019
6 14 0 1 2 3 8 9 13 1.62019
6 14 0 1 2 3 8 10 11 1.41421
6 14 0 1 2 3 8 10 12 1.41421
6 14 0 1 2 3 8 10 13 1.41421
6 14 0 1 2 3 8 11 12 1.62019
6 14 0 1 2 3 8 11 13 1.62019
6 14 0 1 2 3 8 12 13 1.62019
6 14 0 1 2 3 9 10 11 1.41421
6 14 0 1 2 3 9 10 12 1.41421
6 14 0 1 2 3 9 10 13 1.41421
6 14 0 1 2 3 9 11 12 1.73205
6 14 0 1 2 3 9 11 13 1.73205
6 14 0 1 2 3 9 12 13 1.73205
6 14 0 1 2 3 10 11 12 1.41421
6 14 0 1 2 3 10 11 13 1.41421
6 14 0 1 2 3 10 12 13 1.41421
6 14 0 1 2 3 11 12 13 1.73205
6 14 0 1 2 4 5 7 8 1
6 14 0 1 2 4 5 7 9 1
6 14 0 1 2 4 5 7 10 1
6 14 0 1 2 4 5 7 11 1
6 14 0 1 2 4 5 7 12 1
6 14 0 1 2 4 5 7 13 1
6 14 0 1 2 4 5 8 9 1.41421
6 14 0 1 2 4 5 8 10 1.41421
6 14 0 1 2 4 5 8 11 1
6 14 0 1 2 4 5 8 12 1.41421
6 14 0 1 2 4 5 8 13 1.41421
6 14 0 1 2 4 5 9 10 1.41421
6 14 0 1 2 4 5 9 11 1
6 14 0 1 2 4 5 9 12 1.41421
6 14 0 1 2 4 5 9 13 1.41421
6 14 0 1 2 4 5 10 11 1
6 14 0 1 2 4 5 10 12 1.41421
6 14 0 1 2 4 5 10 13 1.41421
6 14 0 1 2 4 5 11 12 1
6 14 0 1 2 4 5 11 13 1
6 14 0 1 2 4 5 12 13 1.41421
6 14 0 1 2 4 7 8 9 1
6 14 0 1 2 4 7 8 10 1
6 14 0 1 2 4 7 8 11 0
6 14 0 1 2 4 7 8 12 1
6 14 0 1 2 4 7 8 13 1
6 14 0 1 2 4 7 9 10 1
6 14 0 1 2 4 7 9 11 1
6 14 0 1 2 4 7 9 12 1
6 14 0 1 2 4 7 9 13 1
6 14 0 1 2 4 7 10 11 0
6 14 0 1 2 4 7 10 12 1
6 14 0 1 2 4 7 10 13 1
6 14 0 1 2 4 7 11 12 1
6 14 0 1 2 4 7 11 13 1
6 14 0 1 2 4 7 12 13 1
6 14 0 1 2 4 8 9 10 1.62019
6 14 0 1 2 4 8 9 11 1.41421
6 14 0 1 2 4 8 9 12 1.62019
6 14 0 1 2 4 8 9 13 1.62019
6 14 0 1 2 4 8 10 11 1.41421
6 14 0 1 2 4 8 10 12 1.62019
6 14 0 1 2 4 8 10 13 1.62019
6 14 0 1 2 4 8 11 12 1.41421
6 14 0 1 2 4 8 11 13 1.41421
6 14 0 1 2 4 8 12 13 1.62019
6 14 0 1 2 4 9 10 11 1.41421
6 14 0 1 2 4 9 10 12 1.62019
6 14 0 1 2 4 9 10 13 1.62019
6 14 0 1 2 4 9 11 12 1.41421
6 14 0 1 2 4 9 11 13 1.41421
6 14 0 1 2 4 9 12 13 1.62019
6 14 0 1 2 4 10 11 12 1.41421
6 14 0 1 2 4 10 11 13 1.41421
6 14 0 1 2 4 10 12 13 1.62019
6 14 0 1 2 4 11 12 13 1.41421
6 14 0 1 2 5 7 8 9 1
6 14 0 1 2 5 7 8 10 1
6 14 0 1 2 5 7 8 11 1
6 14 0 1 2 5 7 8 12 1
6 14 0 1 2 5 7 8 13 1
6 14 0 1 2 5 7 9 10 1
6 14 0 1 2 5 7 9 11 1.41421
6 14 0 1 2 5 7 9 12 1.41421
6 14 0 1 2 5 7 9 13 1.41421
6 14 0 1 2 5 7 10 11 0
6 14 0 1 2 5 7 10 12 1
6 14 0 1 2 5 7 10 13 1
6 14 0 1 2 5 7 11 12 1.41421
6 14 0 1 2 5 7 11 13 1.41421
6 14 0 1 2 5 7 12 13 1.41421
6 14 0 1 2 5 8 9 10 1.41421
6 14 0 1 2 5 8 9 11 1
6 14 0 1 2 5 8 9 12 1.41421
6 14 0 1 2 5 8 9 13 1.41421
6 14 0 1 2 5 8 10 11 1
6 14 0 1 2 5 8 10 12 1.41421
6 14 0 1 2 5 8 10 13 1.41421
6 14 0 1 2 5 8 11 12 1
6 14 0 1 2 5 8 11 13 1
6 14 0 1 2 5 8 12 13 1.41421
6 14 0 1 2 5 9 10 11 1
6 14 0 1 2 5 9 10 12 1.41421
6 14 0 1 2 5 9 10 13 1.41421
6 14 0 1 2 5 9 11 12 1.41421
6 14 0 1 2 5 9 11 13 1.41421
6 14 0 1 2 5 9 12 13 1.41421
6 14 0 1 2 5 10 11 12 1
6 14 0 1 2 5 10 11 13 1
6 14 0 1 2 5 10 12 13 1.41421
6 14 0 1 2 5 11 12 13 1.41421
6 14 0 1 2 7 8 9 10 1
6 14 0 1 2 7 8 9 11 1.41421
6 14 0 1 2 7 8 9 12 1.41421
6 14 0 1 2 7 8 9 13 1.41421
6 14 0 1 2 7 8 10 11 1
6 14 0 1 2 7 8 10 12 1
6 14 0 1 2 7 8 10 13 1
6 14 0 1 2 7 8 11 12 1.41421
6 14 0 1 2 7 8 11 13 1.41421
6 14 0 1 2 7 8 12 13 1.41421
6 14 0 1 2 7 9 10 11 1
6 14 0 1 2 7 9 10 12 1
6 14 0 1 2 7 9 10 13 1
6 14 0 1 2 7 9 11 12 1.62019
6 14 0 1 2 7 9 11 13 1.62019
6 14 0 1 2 7 9 12 13 1.62019
6 14 0 1 2 7 10 11 12 1
6 14 0 1 2 7 10 11 13 1
6 14 0 1 2 7 10 12 13 1
6 14 0 1 2 7 11 12 13 1.62019
6 14 0 1 2 8 9 10 11 1.62019
6 14 0 1 2 8 9 10 12 1.73205
6 14 0 1 2 8 9 10 13 1.73205
6 14 0 1 2 8 9 11 12 1.73205
6 14 0 1 2 8 9 11 13 1.73205
6 14 0 1 2 8 9 12 13 1.81265
6 14 0 1 2 8 10 11 12 1.62019
6 14 0 1 2 8 10 11 13 1.62019
6 14 0 1 2 8 10 12 13 1.73205
6 14 0 1 2 8 11 12 13 1.73205
6 14 0 1 2 9 10 11 12 1.62019
6 14 0 1 2 9 10 11 13 1.62019
6 14 0 1 2 9 10 12 13 1.73205
6 14 0 1 2 9 11 12 13 1.81265
6 14 0 1 2 10 11 12 13 1.62019
6 14 0 1 3 4 5 7 8 0
6 14 0 1 3 4 5 7 9 1
6 14 0 1 3 4 5 7 10 0
6 14 0 1 3 4 5 7 11 1
6 14 0 1 3 4 5 7 12 1
6 14 0 1 3 4 5 7 13 1
6 14 0 1 3 4 5 8 9 0
6 14 0 1 3 4 5 8 10 0
6 14 0 1 3 4 5 8 11 0
6 14 0 1 3 4 5 8 12 0
6 14 0 1 3 4 5 8 13 0
6 14 0 1 3 4 5 9 10 0
6 14 0 1 3 4 5 9 11 1
6 14 0 1 3 4 5 9 12 1
6 14 0 1 3 4 5 9 13 1
6 14 0 1 3 4 5 10 11 0
6 14 0 1 3 4 5 10 12 0
6 14 0 1 3 4 5 10 13 0
6 14 0 1 3 4 5 11 12 1
6 14 0 1 3 4 5 11 13 1
6 14 0 1 3 4 5 12 13 1
6 14 0 1 3 4 7 8 9 1
6 14 0 1 3 4 7 8 10 1
6 14 0 1 3 4 7 8 11 1
6 14 0 1 3 4 7 8 12 1
6 14 0 1 3 4 7 8 13 1
6 14 0 1 3 4 7 9 10 1
6 14 0 1 3 4 7 9 11 1
6 14 0 1 3 4 7 9 12 1
6 14 0 1 3 4 7 9 13 1
6 14 0 1 3 4 7 10 11 1
6 14 0 1 3 4 7 10 12 1
6 14 0 1 3 4 7 10 13 1
6 14 0 1 3 4 7 11 12 1
6 14 0 1 3 4 7 11 13 1
6 14 0 1 3 4 7 12 13 1
6 14 0 1 3 4 8 9 10 1.41421
6 14 0 1 3 4 8 9 11 1.41421
6 14 0 1 3 4 8 9 12 1.41421
6 14 0 1 3 4 8 9 13 1.41421
6 14 0 1 3 4 8 10 11 1.41421
6 14 0 1 3 4 8 10 12 1.41421
6 14 0 1 3 4 8 10 13 1.41421
6 14 0 1 3 4 8 11 12 1.41421
6 14 0 1 3 4 8 11 13 1.41421
6 14 0 1 3 4 8 12 13 1.41421
6 14 0 1 3 4 9 10 11 1.41421
6 14 0 1 3 4 9 10 12 1.41421
6 14 0 1 3 4 9 10 13 1.41421
6 14 0 1 3 4 9 11 12 1.41421
6 14 0 1 3 4 9 11 13 1.41421
6 14 0 1 3 4 9 12 13 1.41421
6 14 0 1 3 4 10 11 12 1.41421
6 14 0 1 3 4 10 11 13 1.41421
6 14 0 1 3 4 10 12 13 1.41421
6 14 0 1 3 4 11 12 13 1.41421
6 14 0 1 3 5 7 8 9 1
6 14 0 1 3 5 7 8 10 0
6 14 0 1 3 5 7 8 11 1
6 14 0 1 3 5 7 8 12 1
6 14 0 1 3 5 7 8 13 1
6 14 0 1 3 5 7 9 10 0
6 14 0 1 3 5 7 9 11 1.41421
6 14 0 1 3 5 7 9 12 1.41421
6 14 0 1 3 5 7 9 13 1.41421
6 14 0 1 3 5 7 10 11 0
6 14 0 1 3 5 7 10 12 0
6 14 0 1 3 5 7 10 13 0
6 14 0 1 3 5 7 11 12 1.41421
6 14 0 1 3 5 7 11 13 1.41421
6 14 0 1 3 5 7 12 13 1.41421
6 14 0 1 3 5 8 9 10 0
6 14 0 1 3 5 8 9 11 1
6 14 0 1 3 5 8 9 12 1
6 14 0 1 3 5 8 9 13 1
6 14 0 1 3 5 8 10 11 0
6 14 0 1 3 5 8 10 12 0
6 14 0 1 3 5 8 10 13 0
6 14 0 1 3 5 8 11 12 1
6 14 0 1 3 5 8 11 13 1
6 14 0 1 3 5 8 12 13 1
6 14 0 1 3 5 9 10 11 0
6 14 0 1 3 5 9 10 12 0
6 14 0 1 3 5 9 10 13 0
6 14 0 1 3 5 9 11 12 1.41421
6 14 0 1 3 5 9 11 13 1.41421
6 14 0 1 3 5 9 12 13 1.41421
6 14 0 1 3 5 10 11 12 0
6 14 0 1 3 5 10 11 13 0
6 14 0 1 3 5 10 12 13 0
6 14 0 1 3 5 11 12 13 1.41421
6 14 0 1 3 7 8 9 10 1.41421
6 14 0 1 3 7 8 9 11 1.62019
6 14 0 1 3 7 8 9 12 1.62019
6 14 0 1 3 7 8 9 13 1.62019
6 14 0 1 3 7 8 10 11 1.41421
6 14 0 1 3 7 8 10 12 1.41421
6 14 0 1 3 7 8 10 13 1.41421
6 14 0 1 3 7 8 11 12 1.62019
6 14 0 1 3 7 8 11 13 1.62019
6 14 0 1 3 7 8 12 13 1.62019
6 14 0 1 3 7 9 10 11 1.41421
6 14 0 1 3 7 9 10 12 1.41421
6 14 0 1 3 7 9 10 13 1.41421
6 14 0 1 3 7 9 11 12 1.73205
6 14 0 1 3 7 9 11 13 1.73205
6 14 0 1 3 7 9 12 13 1.73205
6 14 0 1 3 7 10 11 12 1.41421
6 14 0 1 3 7 10 11 13 1.41421
6 14 0 1 3 7 10 12 13 1.41421
6 14 0 1 3 7 11 12 13 1.73205
6 14 0 1 3 8 9 10 11 1.73205
6 14 0 1 3 8 9 10 12 1.73205
6 14 0 1 3 8 9 10 13 1.73205
6 14 0 1 3 8 9 11 12 1.85164
6 14 0 1 3 8 9 11 13 1.85164
6 14 0 1 3 8 9 12 13 1.85164
6 14 0 1 3 8 10 11 12 1.73205
6 14 0 1 3 8 10 11 13 1.73205
6 14 0 1 3 8 10 12 13 1.73205
6 14 0 1 3 8 11 12 13 1.85164
6 14 0 1 3 9 10 11 12 1.73205
6 14 0 1 3 9 10 11 13 1.73205
6 14 0 1 3 9 10 12 13 1.73205
6 14 0 1 3 9 11 12 13 1.90693
6 14 0 1 3 10 11 12 13 1.73205
6 14 0 1 4 5 7 8 9 1.41421
6 14 0 1 4 5 7 8 10 1.41421
6 14 0 1 4 5 7 8 11 1
6 14 0 1 4 5 7 8 12 1.41421
6 14 0 1 4 5 7 8 13 1.41421
6 14 0 1 4 5 7 9 10 1.41421
6 14 0 1 4 5 7 9 11 1
6 14 0 1 4 5 7 9 12 1.41421
6 14 0 1 4 5 7 9 13 1.41421
6 14 0 1 4 5 7 10 11 1
6 14 0 1 4 5 7 10 12 1.41421
6 14 0 1 4 5 7 10 13 1.41421
6 14 0 1 4 5 7 11 12 1
6 14 0 1 4 5 7 11 13 1
6 14 0 1 4 5 7 12 13 1.41421
6 14 0 1 4 5 8 9 10 1.73205
6 14 0 1 4 5 8 9 11 1.41421
6 14 0 1 4 5 8 9 12 1.73205
6 14 0 1 4 5 8 9 13 1.73205
6 14 0 1 4 5 8 10 11 1.41421
6 14 0 1 4 5 8 10 12 1.73205
6 14 0 1 4 5 8 10 13 1.73205
6 14 0 1 4 5 8 11 12 1.41421
6 14 0 1 4 5 8 11 13 1.41421
6 14 0 1 4 5 8 12 13 1.73205
6 14 0 1 4 5 9 10 11 1.41421
6 14 0 1 4 5 9 10 12 1.73205
6 14 0 1 4 5 9 10 13 1.73205
6 14 0 1 4 5 9 11 12 1.41421
6 14 0 1 4 5 9 11 13 1.41421
6 14 0 1 4 5 9 12 13 1.73205
6 14 0 1 4 5 10 11 12 1.41421
6 14 0 1 4 5 10 11 13 1.41421
6 14 0 1 4 5 10 12 13 1.73205
6 14 0 1 4 5 11 12 13 1.41421
6 14 0 1 4 7 8 9 10 1.62019
6 14 0 1 4 7 8 9 11 1.41421
6 14 0 1 4 7 8 9 12 1.62019
6 14 0 1 4 7 8 9 13 1.62019
6 14 0 1 4 7 8 10 11 1.41421
6 14 0 1 4 7 8 10 12 1.62019
6 14 0 1 4 7 8 10 13 1.62019
6 14 0 1 4 7 8 11 12 1.41421
6 14 0 1 4 7 8 11 13 1.41421
6 14 0 1 4 7 8 12 13 1.62019
6 14 0 1 4 7 9 10 11 1.41421
6 14 0 1 4 7 9 10 12 1.62019
6 14 0 1 4 7 9 10 13 1.62019
6 14 0 1 4 7 9 11 12 1.41421
6 14 0 1 4 7 9 11 13 1.41421
6 14 0 1 4 7 9 12 13 1.62019
6 14 0 1 4 7 10 11 12 1.41421
6 14 0 1 4 7 10 11 13 1.41421
6 14 0 1 4 7 10 12 13 1.62019
6 14 0 1 4 7 11 12 13 1.41421
6 14 0 1 4 8 9 10 11 2
6 14 0 1 4 8 9 10 12 2.13664
6 14 0 1 4 8 9 10 13 2.13664
6 14 0 1 4 8 9 11 12 2
6 14 0 1 4 8 9 11 13 2
6 14 0 1 4 8 9 12 13 2.13664
6 14 0 1 4 8 10 11 12 2
6 14 0 1 4 8 10 11 13 2
6 14 0 1 4 8 10 12 13 2.13664
6 14 0 1 4 8 11 12 13 2
6 14 0 1 4 9 10 11 12 2
6 14 0 1 4 9 10 11 13 2
6 14 0 1 4 9 10 12 13 2.13664
6 14 0 1 4 9 11 12 13 2
6 14 0 1 4 10 11 12 13 2
6 14 0 1 5 7 8 9 10 1.41421
6 14 0 1 5 7 8 9 11 1
6 14 0 1 5 7 8 9 12 1.41421
6 14 0 1 5 7 8 9 13 1.41421
6 14 0 1 5 7 8 10 11 1
6 14 0 1 5 7 8 10 12 1.41421
6 14 0 1 5 7 8 10 13 1.41421
6 14 0 1 5 7 8 11 12 1
6 14 0 1 5 7 8 11 13 1
6 14 0 1 5 7 8 12 13 1.41421
6 14 0 1 5 7 9 10 11 1
6 14 0 1 5 7 9 10 12 1.41421
6 14 0 1 5 7 9 10 13 1.41421
6 14 0 1 5 7 9 11 12 1.41421
6 14 0 1 5 7 9 11 13 1.41421
6 14 0 1 5 7 9 12 13 1.41421
6 14 0 1 5 7 10 11 12 1
6 14 0 1 5 7 10 11 13 1
6 14 0 1 5 7 10 12 13 1.41421
6 14 0 1 5 7 11 12 13 1.41421
6 14 0 1 5 8 9 10 11 1.41421
6 14 0 1 5 8 9 10 12 1.73205
6 14 0 1 5 8 9 10 13 1.73205
6 14 0 1 5 8 9 11 12 1.41421
6 14 0 1 5 8 9 11 13 1.41421
6 14 0 1 5 8 9 12 13 1.73205
6 14 0 1 5 8 10 11 12 1.41421
6 14 0 1 5 8 10 11 13 1.41421
6 14 0 1 5 8 10 12 13 1.73205
6 14 0 1 5 8 11 12 13 1.41421
6 14 0 1 5 9 10 11 12 1.41421
6 14 0 1 5 9 10 11 13 1.41421
6 14 0 1 5 9 10 12 13 1.73205
6 14 0 1 5 9 11 12 13 1.41421
6 14 0 1 5 10 11 12 13 1.41421
6 14 0 1 7 8 9 10 11 1.62019
6 14 0 1 7 8 9 10 12 1.73205
6 14 0 1 7 8 9 10 13 1.73205
6 14 0 1 7 8 9 11 12 1.73205
6 14 0 1 7 8 9 11 13 1.73205
6 14 0 1 7 8 9 12 13 1.81265
6 14 0 1 7 8 10 11 12 1.62019
6 14 0 1 7 8 10 11 13 1.62019
6 14 0 1 7 8 10 12 13 1.73205
6 14 0 1 7 8 11 12 13 1.73205
6 14 0 1 7 9 10 11 12 1.62019
6 14 0 1 7 9 10 11 13 1.62019
6 14 0 1 7 9 10 12 13 1.73205
6 14 0 1 7 9 11 12 13 1.81265
6 14 0 1 7 10 11 12 13 1.62019
6 14 0 1 8 9 10 11 12 2.13664
6 14 0 1 8 9 10 11 13 2.13664
6 14 0 1 8 9 10 12 13 2.23607
6 14 0 1 8 9 11 12 13 2.16025
6 14 0 1 8 10 11 12 13 2.13664
6 14 0 1 9 10 11 12 13 2.13664
6 14 0 2 3 4 5 7 8 1.41421
6 14 0 2 3 4 5 7 9 1.85164
6 14 0 2 3 4 5 7 10 1.73205
6 14 0 2 3 4 5 7 11 1.85164
6 14 0 2 3 4 5 7 12 1.62019
6 14 0 2 3 4 5 7 13 1.62019
6 14 0 2 3 4 5 8 9 1.73205
6 14 0 2 3 4 5 8 10 1.73205
6 14 0 2 3 4 5 8 11 1.73205
6 14 0 2 3 4 5 8 12 1.41421
6 14 0 2 3 4 5 8 13 1.41421
6 14 0 2 3 4 5 9 10 2
6 14 0 2 3 4 5 9 11 2.07802
6 14 0 2 3 4 5 9 12 1.85164
6 14 0 2 3 4 5 9 13 1.85164
6 14 0 2 3 4 5 10 11 2
6 14 0 2 3 4 5 10 12 1.73205
6 14 0 2 3 4 5 10 13 1.73205
6 14 0 2 3 4 5 11 12 1.85164
6 14 0 2 3 4 5 11 13 1.85164
6 14 0 2 3 4 5 12 13 1.62019
6 14 0 2 3 4 7 8 9 1.41421
6 14 0 2 3 4 7 8 10 1.41421
6 14 0 2 3 4 7 8 11 1.41421
6 14 0 2 3 4 7 8 12 1
6 14 0 2 3 4 7 8 13 1
6 14 0 2 3 4 7 9 10 1.73205
6 14 0 2 3 4 7 9 11 1.85164
6 14 0 2 3 4 7 9 12 1.62019
6 14 0 2 3 4 7 9 13 1.62019
6 14 0 2 3 4 7 10 11 1.73205
6 14 0 2 3 4 7 10 12 1.41421
6 14 0 2 3 4 7 10 13 1.41421
6 14 0 2 3 4 7 11 12 1.62019
6 14 0 2 3 4 7 11 13 1.62019
6 14 0 2 3 4 7 12 13 1.41421
6 14 0 2 3 4 8 9 10 1.85164
6 14 0 2 3 4 8 9 11 1.85164
6 14 0 2 3 4 8 9 12 1.62019
6 14 0 2 3 4 8 9 13 1.62019
6 14 0 2 3 4 8 10 11 1.85164
6 14 0 2 3 4 8 10 12 1.62019
6 14 0 2 3 4 8 10 13 1.62019
6 14 0 2 3 4 8 11 12 1.62019
6 14 0 2 3 4 8 11 13 1.62019
6 14 0 2 3 4 8 12 13 1.41421
6 14 0 2 3 4 9 10 11 2.07802
6 14 0 2 3 4 9 10 12 1.85164
6 14 0 2 3 4 9 10 13 1.85164
6 14 0 2 3 4 9 11 12 1.93309
6 14 0 2 3 4 9 11 13 1.93309
6 14 0 2 3 4 9 12 13 1.73205
6 14 0 2 3 4 10 11 12 1.85164
6 14 0 2 3 4 10 11 13 1.85164
6 14 0 2 3 4 10 12 13 1.62019
6 14 0 2 3 4 11 12 13 1.73205
6 14 0 2 3 5 7 8 9 1.41421
6 14 0 2 3 5 7 8 10 1.41421
6 14 0 2 3 5 7 8 11 1.41421
6 14 0 2 3 5 7 8 12 1
6 14 0 2 3 5 7 8 13 1
6 14 0 2 3 5 7 9 10 1.73205
6 14 0 2 3 5 7 9 11 1.90693
6 14 0 2 3 5 7 9 12 1.73205
6 14 0 2 3 5 7 9 13 1.73205
6 14 0 2 3 5 7 10 11 1.73205
6 14 0 2 3 5 7 10 12 1.41421
6 14 0 2 3 5 7 10 13 1.41421
6 14 0 2 3 5 7 11 12 1.73205
6 14 0 2 3 5 7 11 13 1.73205
6 14 0 2 3 5 7 12 13 1.62019
6 14 0 2 3 5 8 9 10 1.73205
6 14 0 2 3 5 8 9 11 1.73205
6 14 0 2 3 5 8 9 12 1.41421
6 14 0 2 3 5 8 9 13 1.41421
6 14 0 2 3 5 8 10 11 1.73205
6 14 0 2 3 5 8 10 12 1.41421
6 14 0 2 3 5 8 10 13 1.41421
6 14 0 2 3 5 8 11 12 1.41421
6 14 0 2 3 5 8 11 13 1.41421
6 14 0 2 3 5 8 12 13 1
6 14 0 2 3 5 9 10 11 2
6 14 0 2 3 5 9 10 12 1.73205
6 14 0 2 3 5 9 10 13 1.73205
6 14 0 2 3 5 9 11 12 1.90693
6 14 0 2 3 5 9 11 13 1.90693
6 14 0 2 3 5 9 12 13 1.73205
6 14 0 2 3 5 10 11 12 1.73205
6 14 0 2 3 5 10 11 13 1.73205
6 14 0 2 3 5 10 12 13 1.41421
6 14 0 2 3 5 11 12 13 1.73205
6 14 0 2 3 7 8 9 10 1.41421
6 14 0 2 3 7 8 9 11 1.41421
6 14 0 2 3 7 8 9 12 1.41421
6 14 0 2 3 7 8 9 13 1.41421
6 14 0 2 3 7 8 10 11 1.41421
6 14 0 2 3 7 8 10 12 1
6 14 0 2 3 7 8 10 13 1
6 14 0 2 3 7 8 11 12 1.41421
6 14 0 2 3 7 8 11 13 1.41421
6 14 0 2 3 7 8 12 13 1.41421
6 14 0 2 3 7 9 10 11 1.73205
6 14 0 2 3 7 9 10 12 1.41421
6 14 0 2 3 7 9 10 13 1.41421
6 14 0 2 3 7 9 11 12 1.81265
6 14 0 2 3 7 9 11 13 1.81265
6 14 0 2 3 7 9 12 13 1.73205
6 14 0 2 3 7 10 11 12 1.41421
6 14 0 2 3 7 10 11 13 1.41421
6 14 0 2 3 7 10 12 13 1
6 14 0 2 3 7 11 12 13 1.73205
6 14 0 2 3 8 9 10 11 1.90693
6 14 0 2 3 8 9 10 12 1.73205
6 14 0 2 3 8 9 10 13 1.73205
6 14 0 2 3 8 9 11 12 1.81265
6 14 0 2 3 8 9 11 13 1.81265
6 14 0 2 3 8 9 12 13 1.73205
6 14 0 2 3 8 10 11 12 1.73205
6 14 0 2 3 8 10 11 13 1.73205
6 14 0 2 3 8 10 12 13 1.62019
6 14 0 2 3 8 11 12 13 1.73205
6 14 0 2 3 9 10 11 12 1.90693
6 14 0 2 3 9 10 11 13 1.90693
6 14 0 2 3 9 10 12 13 1.73205
6 14 0 2 3 9 11 12 13 2
6 14 0 2 3 10 11 12 13 1.73205
6 14 0 2 4 5 7 8 9 1.41421
6 14 0 2 4 5 7 8 10 1.41421
6 14 0 2 4 5 7 8 11 1.41421
6 14 0 2 4 5 7 8 12 1
6 14 0 2 4 5 7 8 13 1
6 14 0 2 4 5 7 9 10 1.73205
6 14 0 2 4 5 7 9 11 1.85164
6 14 0 2 4 5 7 9 12 1.62019
6 14 0 2 4 5 7 9 13 1.62019
6 14 0 2 4 5 7 10 11 1.73205
6 14 0 2 4 5 7 10 12 1.41421
6 14 0 2 4 5 7 10 13 1.41421
6 14 0 2 4 5 7 11 12 1.62019
6 14 0 2 4 5 7 11 13 1.62019
6 14 0 2 4 5 7 12 13 1.41421
6 14 0 2 4 5 8 9 10 1.90693
6 14 0 2 4 5 8 9 11 1.85164
6 14 0 2 4 5 8 9 12 1.73205
6 14 0 2 4 5 8 9 13 1.73205
6 14 0 2 4 5 8 10 11 1.85164
6 14 0 2 4 5 8 10 12 1.73205
6 14 0 2 4 5 8 10 13 1.73205
6 14 0 2 4 5 8 11 12 1.62019
6 14 0 2 4 5 8 11 13 1.62019
6 14 0 2 4 5 8 12 13 1.62019
6 14 0 2 4 5 9 10 11 2.07802
6 14 0 2 4 5 9 10 12 1.90693
6 14 0 2 4 5 9 10 13 1.90693
6 14 0 2 4 5 9 11 12 1.93309
6 14 0 2 4 5 9 11 13 1.93309
6 14 0 2 4 5 9 12 13 1.81265
6 14 0 2 4 5 10 11 12 1.85164
6 14 0 2 4 5 10 11 13 1.85164
6 14 0 2 4 5 10 12 13 1.73205
6 14 0 2 4 5 11 12 13 1.73205
6 14 0 2 4 7 8 9 10 1.41421
6 14 0 2 4 7 8 9 11 1.41421
6 14 0 2 4 7 8 9 12 1
6 14 0 2 4 7 8 9 13 1
6 14 0 2 4 7 8 10 11 1.41421
6 14 0 2 4 7 8 10 12 1
6 14 0 2 4 7 8 10 13 1
6 14 0 2 4 7 8 11 12 1
6 14 0 2 4 7 8 11 13 1
6 14 0 2 4 7 8 12 13 1
6 14 0 2 4 7 9 10 11 1.73205
6 14 0 2 4 7 9 10 12 1.41421
6 14 0 2 4 7 9 10 13 1.41421
6 14 0 2 4 7 9 11 12 1.62019
6 14 0 2 4 7 9 11 13 1.62019
6 14 0 2 4 7 9 12 13 1.41421
6 14 0 2 4 7 10 11 12 1.41421
6 14 0 2 4 7 10 11 13 1.41421
6 14 0 2 4 7 10 12 13 1
6 14 0 2 4 7 11 12 13 1.41421
6 14 0 2 4 8 9 10 11 2.00294
6 14 0 2 4 8 9 10 12 1.93309
6 14 0 2 4 8 9 10 13 1.93309
6 14 0 2 4 8 9 11 12 1.85164
6 14 0 2 4 8 9 11 13 1.85164
6 14 0 2 4 8 9 12 13 1.85164
6 14 0 2 4 8 10 11 12 1.85164
6 14 0 2 4 8 10 11 13 1.85164
6 14 0 2 4 8 10 12 13 1.85164
6 14 0 2 4 8 11 12 13 1.73205
6 14 0 2 4 9 10 11 12 2.00294
6 14 0 2 4 9 10 11 13 2.00294
6 14 0 2 4 9 10 12 13 1.93309
6 14 0 2 4 9 11 12 13 1.90693
6 14 0 2 4 10 11 12 13 1.85164
6 14 0 2 5 7 8 9 10 1.41421
6 14 0 2 5 7 8 9 11 1.41421
6 14 0 2 5 7 8 9 12 1
6 14 0 2 5 7 8 9 13 1
6 14 0 2 5 7 8 10 11 1.41421
6 14 0 2 5 7 8 10 12 1
6 14 0 2 5 7 8 10 13 1
6 14 0 2 5 7 8 11 12 1
6 14 0 2 5 7 8 11 13 1
6 14 0 2 5 7 8 12 13 1
6 14 0 2 5 7 9 10 11 1.73205
6 14 0 2 5 7 9 10 12 1.41421
6 14 0 2 5 7 9 10 13 1.41421
6 14 0 2 5 7 9 11 12 1.73205
6 14 0 2 5 7 9 11 13 1.73205
6 14 0 2 5 7 9 12 13 1.62019
6 14 0 2 5 7 10 11 12 1.41421
6 14 0 2 5 7 10 11 13 1.41421
6 14 0 2 5 7 10 12 13 1
6 14 0 2 5 7 11 12 13 1.62019
6 14 0 2 5 8 9 10 11 1.85164
6 14 0 2 5 8 9 10 12 1.73205
6 14 0 2 5 8 9 10 13 1.73205
6 14 0 2 5 8 9 11 12 1.62019
6 14 0 2 5 8 9 11 13 1.62019
6 14 0 2 5 8 9 12 13 1.62019
6 14 0 2 5 8 10 11 12 1.62019
6 14 0 2 5 8 10 11 13 1.62019
6 14 0 2 5 8 10 12 13 1.62019
6 14 0 2 5 8 11 12 13 1.41421
6 14 0 2 5 9 10 11 12 1.85164
6 14 0 2 5 9 10 11 13 1.85164
6 14 0 2 5 9 10 12 13 1.73205
6 14 0 2 5 9 11 12 13 1.81265
6 14 0 2 5 10 11 12 13 1.62019
6 14 0 2 7 8 9 10 11 1.41421
6 14 0 2 7 8 9 10 12 1
6 14 0 2 7 8 9 10 13 1
6 14 0 2 7 8 9 11 12 1.41421
6 14 0 2 7 8 9 11 13 1.41421
6 14 0 2 7 8 9 12 13 1.41421
6 14 0 2 7 8 10 11 12 1
6 14 0 2 7 8 10 11 13 1
6 14 0 2 7 8 10 12 13 1
6 14 0 2 7 8 11 12 13 1.41421
6 14 0 2 7 9 10 11 12 1.41421
6 14 0 2 7 9 10 11 13 1.41421
6 14 0 2 7 9 10 12 13 1
6 14 0 2 7 9 11 12 13 1.73205
6 14 0 2 7 10 11 12 13 1
6 14 0 2 8 9 10 11 12 1.93309
6 14 0 2 8 9 10 11 13 1.93309
6 14 0 2 8 9 10 12 13 1.93309
6 14 0 2 8 9 11 12 13 1.90693
6 14 0 2 8 10 11 12 13 1.85164
6 14 0 2 9 10 11 12 13 1.93309
6 14 0 3 4 5 7 8 9 1.73205
6 14 0 3 4 5 7 8 10 1.73205
6 14 0 3 4 5 7 8 11 1.73205
6 14 0 3 4 5 7 8 12 1.41421
6 14 0 3 4 5 7 8 13 1.41421
6 14 0 3 4 5 7 9 10 2
6 14 0 3 4 5 7 9 11 2.07802
6 14 0 3 4 5 7 9 12 1.85164
6 14 0 3 4 5 7 9 13 1.85164
6 14 0 3 4 5 7 10 11 2
6 14 0 3 4 5 7 10 12 1.73205
6 14 0 3 4 5 7 10 13 1.73205
6 14 0 3 4 5 7 11 12 1.85164
6 14 0 3 4 5 7 11 13 1.85164
6 14 0 3 4 5 7 12 13 1.62019
6 14 0 3 4 5 8 9 10 2
6 14 0 3 4 5 8 9 11 2
6 14 0 3 4 5 8 9 12 1.73205
6 14 0 3 4 5 8 9 13 1.73205
6 14 0 3 4 5 8 10 11 2
6 14 0 3 4 5 8 10 12 1.73205
6 14 0 3 4 5 8 10 13 1.73205
6 14 0 3 4 5 8 11 12 1.73205
6 14 0 3 4 5 8 11 13 1.73205
6 14 0 3 4 5 8 12 13 1.41421
6 14 0 3 4 5 9 10 11 2.23607
6 14 0 3 4 5 9 10 12 2
6 14 0 3 4 5 9 10 13 2
6 14 0 3 4 5 9 11 12 2.07802
6 14 0 3 4 5 9 11 13 2.07802
6 14 0 3 4 5 9 12 13 1.85164
6 14 0 3 4 5 10 11 12 2
6 14 0 3 4 5 10 11 13 2
6 14 0 3 4 5 10 12 13 1.73205
6 14 0 3 4 5 11 12 13 1.85164
6 14 0 3 4 7 8 9 10 1.85164
6 14 0 3 4 7 8 9 11 1.85164
6 14 0 3 4 7 8 9 12 1.62019
6 14 0 3 4 7 8 9 13 1.62019
6 14 0 3 4 7 8 10 11 1.85164
6 14 0 3 4 7 8 10 12 1.62019
6 14 0 3 4 7 8 10 13 1.62019
6 14 0 3 4 7 8 11 12 1.62019
6 14 0 3 4 7 8 11 13 1.62019
6 14 0 3 4 7 8 12 13 1.41421
6 14 0 3 4 7 9 10 11 2.07802
6 14 0 3 4 7 9 10 12 1.85164
6 14 0 3 4 7 9 10 13 1.85164
6 14 0 3 4 7 9 11 12 1.93309
6 14 0 3 4 7 9 11 13 1.93309
6 14 0 3 4 7 9 12 13 1.73205
6 14 0 3 4 7 10 11 12 1.85164
6 14 0 3 4 7 10 11 13 1.85164
6 14 0 3 4 7 10 12 13 1.62019
6 14 0 3 4 7 11 12 13 1.73205
6 14 0 3 4 8 9 10 11 2.28709
6 14 0 3 4 8 9 10 12 2.13664
6 14 0 3 4 8 9 10 13 2.13664
6 14 0 3 4 8 9 11 12 2.13664
6 14 0 3 4 8 9 11 13 2.13664
6 14 0 3 4 8 9 12 13 2
6 14 0 3 4 8 10 11 12 2.13664
6 14 0 3 4 8 10 11 13 2.13664
6 14 0 3 4 8 10 12 13 2
6 14 0 3 4 8 11 12 13 2
6 14 0 3 4 9 10 11 12 2.28709
6 14 0 3 4 9 10 11 13 2.28709
6 14 0 3 4 9 10 12 13 2.13664
6 14 0 3 4 9 11 12 13 2.16025
6 14 0 3 4 10 11 12 13 2.13664
6 14 0 3 5 7 8 9 10 1.73205
6 14 0 3 5 7 8 9 11 1.73205
6 14 0 3 5 7 8 9 12 1.41421
6 14 0 3 5 7 8 9 13 1.41421
6 14 0 3 5 7 8 10 11 1.73205
6 14 0 3 5 7 8 10 12 1.41421
6 14 0 3 5 7 8 10 13 1.41421
6 14 0 3 5 7 8 11 12 1.41421
6 14 0 3 5 7 8 11 13 1.41421
6 14 0 3 5 7 8 12 13 1
6 14 0 3 5 7 9 10 11 2
6 14 0 3 5 7 9 10 12 1.73205
6 14 0 3 5 7 9 10 13 1.73205
6 14 0 3 5 7 9 11 12 1.90693
6 14 0 3 5 7 9 11 13 1.90693
6 14 0 3 5 7 9 12 13 1.73205
6 14 0 3 5 7 10 11 12 1.73205
6 14 0 3 5 7 10 11 13 1.73205
6 14 0 3 5 7 10 12 13 1.41421
6 14 0 3 5 7 11 12 13 1.73205
6 14 0 3 5 8 9 10 11 2
6 14 0 3 5 8 9 10 12 1.73205
6 14 0 3 5 8 9 10 13 1.73205
6 14 0 3 5 8 9 11 12 1.73205
6 14 0 3 5 8 9 11 13 1.73205
6 14 0 3 5 8 9 12 13 1.41421
6 14 0 3 5 8 10 11 12 1.73205
6 14 0 3 5 8 10 11 13 1.73205
6 14 0 3 5 8 10 12 13 1.41421
6 14 0 3 5 8 11 12 13 1.41421
6 14 0 3 5 9 10 11 12 2
6 14 0 3 5 9 10 11 13 2
6 14 0 3 5 9 10 12 13 1.73205
6 14 0 3 5 9 11 12 13 1.90693
6 14 0 3 5 10 11 12 13 1.73205
6 14 0 3 7 8 9 10 11 1.90693
6 14 0 3 7 8 9 10 12 1.73205
6 14 0 3 7 8 9 10 13 1.73205
6 14 0 3 7 8 9 11 12 1.81265
6 14 0 3 7 8 9 11 13 1.81265
6 14 0 3 7 8 9 12 13 1.73205
6 14 0 3 7 8 10 11 12 1.73205
6 14 0 3 7 8 10 11 13 1.73205
6 14 0 3 7 8 10 12 13 1.62019
6 14 0 3 7 8 11 12 13 1.73205
6 14 0 3 7 9 10 11 12 1.90693
6 14 0 3 7 9 10 11 13 1.90693
6 14 0 3 7 9 10 12 13 1.73205
6 14 0 3 7 9 11 12 13 2
6 14 0 3 7 10 11 12 13 1.73205
6 14 0 3 8 9 10 11 12 2.23607
6 14 0 3 8 9 10 11 13 2.23607
6 14 0 3 8 9 10 12 13 2.13664
6 14 0 3 8 9 11 12 13 2.16025
6 14 0 3 8 10 11 12 13 2.13664
6 14 0 3 9 10 11 12 13 2.23607
6 14 0 4 5 7 8 9 10 1.90693
6 14 0 4 5 7 8 9 11 1.85164
6 14 0 4 5 7 8 9 12 1.73205
6 14 0 4 5 7 8 9 13 1.73205
6 14 0 4 5 7 8 10 11 1.85164
6 14 0 4 5 7 8 10 12 1.73205
6 14 0 4 5 7 8 10 13 1.73205
6 14 0 4 5 7 8 11 12 1.62019
6 14 0 4 5 7 8 11 13 1.62019
6 14 0 4 5 7 8 12 13 1.62019
6 14 0 4 5 7 9 10 11 2.07802
6 14 0 4 5 7 9 10 12 1.90693
6 14 0 4 5 7 9 10 13 1.90693
6 14 0 4 5 7 9 11 12 1.93309
6 14 0 4 5 7 9 11 13 1.93309
6 14 0 4 5 7 9 12 13 1.81265
6 14 0 4 5 7 10 11 12 1.85164
6 14 0 4 5 7 10 11 13 1.85164
6 14 0 4 5 7 10 12 13 1.73205
6 14 0 4 5 7 11 12 13 1.73205
6 14 0 4 5 8 9 10 11 2.28709
6 14 0 4 5 8 9 10 12 2.23607
6 14 0 4 5 8 9 10 13 2.23607
6 14 0 4 5 8 9 11 12 2.13664
6 14 0 4 5 8 9 11 13 2.13664
6 14 0 4 5 8 9 12 13 2.13664
6 14 0 4 5 8 10 11 12 2.13664
6 14 0 4 5 8 10 11 13 2.13664
6 14 0 4 5 8 10 12 13 2.13664
6 14 0 4 5 8 11 12 13 2
6 14 0 4 5 9 10 11 12 2.28709
6 14 0 4 5 9 10 11 13 2.28709
6 14 0 4 5 9 10 12 13 2.23607
6 14 0 4 5 9 11 12 13 2.16025
6 14 0 4 5 10 11 12 13 2.13664
6 14 0 4 7 8 9 10 11 2.00294
6 14 0 4 7 8 9 10 12 1.93309
6 14 0 4 7 8 9 10 13 1.93309
6 14 0 4 7 8 9 11 12 1.85164
6 14 0 4 7 8 9 11 13 1.85164
6 14 0 4 7 8 9 12 13 1.85164
6 14 0 4 7 8 10 11 12 1.85164
6 14 0 4 7 8 10 11 13 1.85164
6 14 0 4 7 8 10 12 13 1.85164
6 14 0 4 7 8 11 12 13 1.73205
6 14 0 4 7 9 10 11 12 2.00294
6 14 0 4 7 9 10 11 13 2.00294
6 14 0 4 7 9 10 12 13 1.93309
6 14 0 4 7 9 11 12 13 1.90693
6 14 0 4 7 10 11 12 13 1.85164
6 14 0 4 8 9 10 11 12 2.52543
6 14 0 4 8 9 10 11 13 2.52543
6 14 0 4 8 9 10 12 13 2.52543
6 14 0 4 8 9 11 12 13 2.44949
6 14 0 4 8 10 11 12 13 2.44949
6 14 0 4 9 10 11 12 13 2.52543
6 14 0 5 7 8 9 10 11 1.85164
6 14 0 5 7 8 9 10 12 1.73205
6 14 0 5 7 8 9 10 13 1.73205
6 14 0 5 7 8 9 11 12 1.62019
6 14 0 5 7 8 9 11 13 1.62019
6 14 0 5 7 8 9 12 13 1.62019
6 14 0 5 7 8 10 11 12 1.62019
6 14 0 5 7 8 10 11 13 1.62019
6 14 0 5 7 8 10 12 13 1.62019
6 14 0 5 7 8 11 12 13 1.41421
6 14 0 5 7 9 10 11 12 1.85164
6 14 0 5 7 9 10 11 13 1.85164
6 14 0 5 7 9 10 12 13 1.73205
6 14 0 5 7 9 11 12 13 1.81265
6 14 0 5 7 10 11 12 13 1.62019
6 14 0 5 8 9 10 11 12 2.13664
6 14 0 5 8 9 10 11 13 2.13664
6 14 0 5 8 9 10 12 13 2.13664
6 14 0 5 8 9 11 12 13 2
6 14 0 5 8 10 11 12 13 2
6 14 0 5 9 10 11 12 13 2.13664
6 14 0 7 8 9 10 11 12 1.93309
6 14 0 7 8 9 10 11 13 1.93309
6 14 0 7 8 9 10 12 13 1.93309
6 14 0 7 8 9 11 12 13 1.90693
6 14 0 7 8 10 11 12 13 1.85164
6 14 0 7 9 10 11 12 13 1.93309
6 14 0 8 9 10 11 12 13 2.52543
6 14 1 2 3 4 5 7 8 1
6 14 1 2 3 4 5 7 9 1
6 14 1 2 3 4 5 7 10 1
6 14 1 2 3 4 5 7 11 1
6 14 1 2 3 4 5 7 12 1
6 14 1 2 3 4 5 7 13 1
6 14 1 2 3 4 5 8 9 1
6 14 1 2 3 4 5 8 10 1
6 14 1 2 3 4 5 8 11 1
6 14 1 2 3 4 5 8 12 1
6 14 1 2 3 4 5 8 13 0
6 14 1 2 3 4 5 9 10 1
6 14 1 2 3 4 5 9 11 1
6 14 1 2 3 4 5 9 12 1
6 14 1 2 3 4 5 9 13 1
6 14 1 2 3 4 5 10 11 1
6 14 1 2 3 4 5 10 12 1
6 14 1 2 3 4 5 10 13 0
6 14 1 2 3 4 5 11 12 1
6 14 1 2 3 4 5 11 13 1
6 14 1 2 3 4 5 12 13 1
6 14 1 2 3 4 7 8 9 1
6 14 1 2 3 4 7 8 10 1
6 14 1 2 3 4 7 8 11 1
6 14 1 2 3 4 7 8 12 1
6 14 1 2 3 4 7 8 13 0
6 14 1 2 3 4 7 9 10 1
6 14 1 2 3 4 7 9 11 1
6 14 1 2 3 4 7 9 12 1
6 14 1 2 3 4 7 9 13 1
6 14 1 2 3 4 7 10 11 1
6 14 1 2 3 4 7 10 12 1
6 14 1 2 3 4 7 10 13 0
6 14 1 2 3 4 7 11 12 1
6 14 1 2 3 4 7 11 13 1
6 14 1 2 3 4 7 12 13 1
6 14 1 2 3 4 8 9 10 1
6 14 1 2 3 4 8 9 11 1
6 14 1 2 3 4 8 9 12 1
6 14 1 2 3 4 8 9 13 1
6 14 1 2 3 4 8 10 11 1
6 14 1 2 3 4 8 10 12 1
6 14 1 2 3 4 8 10 13 1
6 14 1 2 3 4 8 11 12 1
6 14 1 2 3 4 8 11 13 1
6 14 1 2 3 4 8 12 13 1
6 14 1 2 3 4 9 10 11 1
6 14 1 2 3 4 9 10 12 1
6 14 1 2 3 4 9 10 13 1
6 14 1 2 3 4 9 11 12 1
6 14 1 2 3 4 9 11 13 1
6 14 1 2 3 4 9 12 13 1
6 14 1 2 3 4 10 11 12 1
6 14 1 2 3 4 10 11 13 1
6 14 1 2 3 4 10 12 13 1
6 14 1 2 3 4 11 12 13 1
6 14 1 2 3 5 7 8 9 1
6 14 1 2 3 5 7 8 10 1
6 14 1 2 3 5 7 8 11 1
6 14 1 2 3 5 7 8 12 1
6 14 1 2 3 5 7 8 13 1
6 14 1 2 3 5 7 9 10 1
6 14 1 2 3 5 7 9 11 1.41421
6 14 1 2 3 5 7 9 12 1.41421
6 14 1 2 3 5 7 9 13 1.41421
6 14 1 2 3 5 7 10 11 1
6 14 1 2 3 5 7 10 12 1
6 14 1 2 3 5 7 10 13 0
6 14 1 2 3 5 7 11 12 1.41421
6 14 1 2 3 5 7 11 13 1.41421
6 14 1 2 3 5 7 12 13 1.41421
6 14 1 2 3 5 8 9 10 1
6 14 1 2 3 5 8 9 11 1
6 14 1 2 3 5 8 9 12 1
6 14 1 2 3 5 8 9 13 1
6 14 1 2 3 5 8 10 11 1
6 14 1 2 3 5 8 10 12 1
6 14 1 2 3 5 8 10 13 0
6 14 1 2 3 5 8 11 12 1
6 14 1 2 3 5 8 11 13 1
6 14 1 2 3 5 8 12 13 1
6 14 1 2 3 5 9 10 11 1
6 14 1 2 3 5 9 10 12 1
6 14 1 2 3 5 9 10 13 0
6 14 1 2 3 5 9 11 12 1.41421
6 14 1 2 3 5 9 11 13 1.41421
6 14 1 2 3 5 9 12 13 1.41421
6 14 1 2 3 5 10 11 12 1
6 14 1 2 3 5 10 11 13 0
6 14 1 2 3 5 10 12 13 0
6 14 1 2 3 5 11 12 13 1.41421
6 14 1 2 3 7 8 9 10 1
6 14 1 2 3 7 8 9 11 1.41421
6 14 1 2 3 7 8 9 12 1.41421
6 14 1 2 3 7 8 9 13 1.41421
6 14 1 2 3 7 8 10 11 1
6 14 1 2 3 7 8 10 12 1
6 14 1 2 3 7 8 10 13 1
6 14 1 2 3 7 8 11 12 1.41421
6 14 1 2 3 7 8 11 13 1.41421
6 14 1 2 3 7 8 12 13 1.41421
6 14 1 2 3 7 9 10 11 1
6 14 1 2 3 7 9 10 12 1
6 14 1 2 3 7 9 10 13 1
6 14 1 2 3 7 9 11 12 1.62019
6 14 1 2 3 7 9 11 13 1.62019
6 14 1 2 3 7 9 12 13 1.62019
6 14 1 2 3 7 10 11 12 1
6 14 1 2 3 7 10 11 13 1
6 14 1 2 3 7 10 12 13 1
6 14 1 2 3 7 11 12 13 1.62019
6 14 1 2 3 8 9 10 11 1.41421
6 14 1 2 3 8 9 10 12 1.41421
6 14 1 2 3 8 9 10 13 1.41421
6 14 1 2 3 8 9 11 12 1.62019
6 14 1 2 3 8 9 11 13 1.62019
6 14 1 2 3 8 9 12 13 1.62019
6 14 1 2 3 8 10 11 12 1.41421
6 14 1 2 3 8 10 11 13 1.41421
6 14 1 2 3 8 10 12 13 1.41421
6 14 1 2 3 8 11 12 13 1.62019
6 14 1 2 3 9 10 11 12 1.41421
6 14 1 2 3 9 10 11 13 1.41421
6 14 1 2 3 9 10 12 13 1.41421
6 14 1 2 3 9 11 12 13 1.73205
6 14 1 2 3 10 11 12 13 1.41421
6 14 1 2 4 5 7 8 9 1
6 14 1 2 4 5 7 8 10 1
6 14 1 2 4 5 7 8 11 1
6 14 1 2 4 5 7 8 12 1
6 14 1 2 4 5 7 8 13 1
6 14 1 2 4 5 7 9 10 1
6 14 1 2 4 5 7 9 11 1
6 14 1 2 4 5 7 9 12 1
6 14 1 2 4 5 7 9 13 1
6 14 1 2 4 5 7 10 11 1
6 14 1 2 4 5 7 10 12 1
6 14 1 2 4 5 7 10 13 1
6 14 1 2 4 5 7 11 12 1
6 14 1 2 4 5 7 11 13 1
6 14 1 2 4 5 7 12 13 1
6 14 1 2 4 5 8 9 10 1.41421
6 14 1 2 4 5 8 9 11 1
6 14 1 2 4 5 8 9 12 1.41421
6 14 1 2 4 5 8 9 13 1.41421
6 14 1 2 4 5 8 10 11 1
6 14 1 2 4 5 8 10 12 1.41421
6 14 1 2 4 5 8 10 13 1.41421
6 14 1 2 4 5 8 11 12 1
6 14 1 2 4 5 8 11 13 1
6 14 1 2 4 5 8 12 13 1.41421
6 14 1 2 4 5 9 10 11 1
6 14 1 2 4 5 9 10 12 1.41421
6 14 1 2 4 5 9 10 13 1.41421
6 14 1 2 4 5 9 11 12 1
6 14 1 2 4 5 9 11 13 1
6 14 1 2 4 5 9 12 13 1.41421
6 14 1 2 4 5 10 11 12 1
6 14 1 2 4 5 10 11 13 1
6 14 1 2 4 5 10 12 13 1.41421
6 14 1 2 4 5 11 12 13 1
6 14 1 2 4 7 8 9 10 1
6 14 1 2 4 7 8 9 11 1
6 14 1 2 4 7 8 9 12 1
6 14 1 2 4 7 8 9 13 1
6 14 1 2 4 7 8 10 11 1
6 14 1 2 4 7 8 10 12 1
6 14 1 2 4 7 8 10 13 1
6 14 1 2 4 7 8 11 12 1
6 14 1 2 4 7 8 11 13 0
6 14 1 2 4 7 8 12 13 1
6 14 1 2 4 7 9 10 11 1
6 14 1 2 4 7 9 10 12 1
6 14 1 2 4 7 9 10 13 1
6 14 1 2 4 7 9 11 12 1
6 14 1 2 4 7 9 11 13 1
6 14 1 2 4 7 9 12 13 1
6 14 1 2 4 7 10 11 12 1
6 14 1 2 4 7 10 11 13 0
6 14 1 2 4 7 10 12 13 1
6 14 1 2 4 7 11 12 13 1
6 14 1 2 4 8 9 10 11 1.41421
6 14 1 2 4 8 9 10 12 1.62019
6 14 1 2 4 8 9 10 13 1.62019
6 14 1 2 4 8 9 11 12 1.41421
6 14 1 2 4 8 9 11 13 1.41421
6 14 1 2 4 8 9 12 13 1.62019
6 14 1 2 4 8 10 11 12 1.41421
6 14 1 2 4 8 10 11 13 1.41421
6 14 1 2 4 8 10 12 13 1.62019
6 14 1 2 4 8 11 12 13 1.41421
6 14 1 2 4 9 10 11 12 1.41421
6 14 1 2 4 9 10 11 13 1.41421
6 14 1 2 4 9 10 12 13 1.62019
6 14 1 2 4 9 11 12 13 1.41421
6 14 1 2 4 10 11 12 13 1.41421
6 14 1 2 5 7 8 9 10 1
6 14 1 2 5 7 8 9 11 1
6 14 1 2 5 7 8 9 12 1
6 14 1 2 5 7 8 9 13 1
6 14 1 2 5 7 8 10 11 1
6 14 1 2 5 7 8 10 12 1
6 14 1 2 5 7 8 10 13 1
6 14 1 2 5 7 8 11 12 1
6 14 1 2 5 7 8 11 13 1
6 14 1 2 5 7 8 12 13 1
6 14 1 2 5 7 9 10 11 1
6 14 1 2 5 7 9 10 12 1
6 14 1 2 5 7 9 10 13 1
6 14 1 2 5 7 9 11 12 1.41421
6 14 1 2 5 7 9 11 13 1.41421
6 14 1 2 5 7 9 12 13 1.41421
6 14 1 2 5 7 10 11 12 1
6 14 1 2 5 7 10 11 13 0
6 14 1 2 5 7 10 12 13 1
6 14 1 2 5 7 11 12 13 1.41421
6 14 1 2 5 8 9 10 11 1
6 14 1 2 5 8 9 10 12 1.41421
6 14 1 2 5 8 9 10 13 1.41421
6 14 1 2 5 8 9 11 12 1
6 14 1 2 5 8 9 11 13 1
6 14 1 2 5 8 9 12 13 1.41421
6 14 1 2 5 8 10 11 12 1
6 14 1 2 5 8 10 11 13 1
6 14 1 2 5 8 10 12 13 1.41421
6 14 1 2 5 8 11 12 13 1
6 14 1 2 5 9 10 11 12 1
6 14 1 2 5 9 10 11 13 1
6 14 1 2 5 9 10 12 13 1.41421
6 14 1 2 5 9 11 12 13 1.41421
6 14 1 2 5 10 11 12 13 1
6 14 1 2 7 8 9 10 11 1
6 14 1 2 7 8 9 10 12 1
6 14 1 2 7 8 9 10 13 1
6 14 1 2 7 8 9 11 12 1.41421
6 14 1 2 7 8 9 11 13 1.41421
6 14 1 2 7 8 9 12 13 1.41421
6 14 1 2 7 8 10 11 12 1
6 14 1 2 7 8 10 11 13 1
6 14 1 2 7 8 10 12 13 1
6 14 1 2 7 8 11 12 13 1.41421
6 14 1 2 7 9 10 11 12 1
6 14 1 2 7 9 10 11 13 1
6 14 1 2 7 9 10 12 13 1
6 14 1 2 7 9 11 12 13 1.62019
6 14 1 2 7 10 11 12 13 1
6 14 1 2 8 9 10 11 12 1.62019
6 14 1 2 8 9 10 11 13 1.62019
6 14 1 2 8 9 10 12 13 1.73205
6 14 1 2 8 9 11 12 13 1.73205
6 14 1 2 8 10 11 12 13 1.62019
6 14 1 2 9 10 11 12 13 1.62019
6 14 1 3 4 5 7 8 9 1
6 14 1 3 4 5 7 8 10 1
6 14 1 3 4 5 7 8 11 1
6 14 1 3 4 5 7 8 12 1
6 14 1 3 4 5 7 8 13 0
6 14 1 3 4 5 7 9 10 1
6 14 1 3 4 5 7 9 11 1
6 14 1 3 4 5 7 9 12 1
6 14 1 3 4 5 7 9 13 1
6 14 1 3 4 5 7 10 11 1
6 14 1 3 4 5 7 10 12 1
6 14 1 3 4 5 7 10 13 0
6 14 1 3 4 5 7 11 12 1
6 14 1 3 4 5 7 11 13 1
6 14 1 3 4 5 7 12 13 1
6 14 1 3 4 5 8 9 10 1
6 14 1 3 4 5 8 9 11 1
6 14 1 3 4 5 8 9 12 1
6 14 1 3 4 5 8 9 13 0
6 14 1 3 4 5 8 10 11 1
6 14 1 3 4 5 8 10 12 1
6 14 1 3 4 5 8 10 13 0
6 14 1 3 4 5 8 11 12 1
6 14 1 3 4 5 8 11 13 0
6 14 1 3 4 5 8 12 13 0
6 14 1 3 4 5 9 10 11 1
6 14 1 3 4 5 9 10 12 1
6 14 1 3 4 5 9 10 13 0
6 14 1 3 4 5 9 11 12 1
6 14 1 3 4 5 9 11 13 1
6 14 1 3 4 5 9 12 13 1
6 14 1 3 4 5 10 11 12 1
6 14 1 3 4 5 10 11 13 0
6 14 1 3 4 5 10 12 13 0
6 14 1 3 4 5 11 12 13 1
6 14 1 3 4 7 8 9 10 1
6 14 1 3 4 7 8 9 11 1
6 14 1 3 4 7 8 9 12 1
6 14 1 3 4 7 8 9 13 1
6 14 1 3 4 7 8 10 11 1
6 14 1 3 4 7 8 10 12 1
6 14 1 3 4 7 8 10 13 1
6 14 1 3 4 7 8 11 12 1
6 14 1 3 4 7 8 11 13 1
6 14 1 3 4 7 8 12 13 1
6 14 1 3 4 7 9 10 11 1
6 14 1 3 4 7 9 10 12 1
6 14 1 3 4 7 9 10 13 1
6 14 1 3 4 7 9 11 12 1
6 14 1 3 4 7 9 11 13 1
6 14 1 3 4 7 9 12 13 1
6 14 1 3 4 7 10 11 12 1
6 14 1 3 4 7 10 11 13 1
6 14 1 3 4 7 10 12 13 1
6 14 1 3 4 7 11 12 13 1
6 14 1 3 4 8 9 10 11 1.41421
6 14 1 3 4 8 9 10 12 1.41421
6 14 1 3 4 8 9 10 13 1.41421
6 14 1 3 4 8 9 11 12 1.41421
6 14 1 3 4 8 9 11 13 1.41421
6 14 1 3 4 8 9 12 13 1.41421
6 14 1 3 4 8 10 11 12 1.41421
6 14 1 3 4 8 10 11 13 1.41421
6 14 1 3 4 8 10 12 13 1.41421
6 14 1 3 4 8 11 12 13 1.41421
6 14 1 3 4 9 10 11 12 1.41421
6 14 1 3 4 9 10 11 13 1.41421
6 14 1 3 4 9 10 12 13 1.41421
6 14 1 3 4 9 11 12 13 1.41421
6 14 1 3 4 10 11 12 13 1.41421
6 14 1 3 5 7 8 9 10 1
6 14 1 3 5 7 8 9 11 1
6 14 1 3 5 7 8 9 12 1
6 14 1 3 5 7 8 9 13 1
6 14 1 3 5 7 8 10 11 1
6 14 1 3 5 7 8 10 12 1
6 14 1 3 5 7 8 10 13 0
6 14 1 3 5 7 8 11 12 1
6 14 1 3 5 7 8 11 13 1
6 14 1 3 5 7 8 12 13 1
6 14 1 3 5 7 9 10 11 1
6 14 1 3 5 7 9 10 12 1
6 14 1 3 5 7 9 10 13 0
6 14 1 3 5 7 9 11 12 1.41421
6 14 1 3 5 7 9 11 13 1.41421
6 14 1 3 5 7 9 12 13 1.41421
6 14 1 3 5 7 10 11 12 1
6 14 1 3 5 7 10 11 13 0
6 14 1 3 5 7 10 12 13 0
6 14 1 3 5 7 11 12 13 1.41421
6 14 1 3 5 8 9 10 11 1
6 14 1 3 5 8 9 10 12 1
6 14 1 3 5 8 9 10 13 0
6 14 1 3 5 8 9 11 12 1
6 14 1 3 5 8 9 11 13 1
6 14 1 3 5 8 9 12 13 1
6 14 1 3 5 8 10 11 12 1
6 14 1 3 5 8 10 11 13 0
6 14 1 3 5 8 10 12 13 0
6 14 1 3 5 8 11 12 13 1
6 14 1 3 5 9 10 11 12 1
6 14 1 3 5 9 10 11 13 0
6 14 1 3 5 9 10 12 13 0
6 14 1 3 5 9 11 12 13 1.41421
6 14 1 3 5 10 11 12 13 0
6 14 1 3 7 8 9 10 11 1.41421
6 14 1 3 7 8 9 10 12 1.41421
6 14 1 3 7 8 9 10 13 1.41421
6 14 1 3 7 8 9 11 12 1.62019
6 14 1 3 7 8 9 11 13 1.62019
6 14 1 3 7 8 9 12 13 1.62019
6 14 1 3 7 8 10 11 12 1.41421
6 14 1 3 7 8 10 11 13 1.41421
6 14 1 3 7 8 10 12 13 1.41421
6 14 1 3 7 8 11 12 13 1.62019
6 14 1 3 7 9 10 11 12 1.41421
6 14 1 3 7 9 10 11 13 1.41421
6 14 1 3 7 9 10 12 13 1.41421
6 14 1 3 7 9 11 12 13 1.73205
6 14 1 3 7 10 11 12 13 1.41421
6 14 1 3 8 9 10 11 12 1.73205
6 14 1 3 8 9 10 11 13 1.73205
6 14 1 3 8 9 10 12 13 1.73205
6 14 1 3 8 9 11 12 13 1.85164
6 14 1 3 8 10 11 12 13 1.73205
6 14 1 3 9 10 11 12 13 1.73205
6 14 1 4 5 7 8 9 10 1.41421
6 14 1 4 5 7 8 9 11 1
6 14 1 4 5 7 8 9 12 1.41421
6 14 1 4 5 7 8 9 13 1.41421
6 14 1 4 5 7 8 10 11 1
6 14 1 4 5 7 8 10 12 1.41421
6 14 1 4 5 7 8 10 13 1.41421
6 14 1 4 5 7 8 11 12 1
6 14 1 4 5 7 8 11 13 1
6 14 1 4 5 7 8 12 13 1.41421
6 14 1 4 5 7 9 10 11 1
6 14 1 4 5 7 9 10 12 1.41421
6 14 1 4 5 7 9 10 13 1.41421
6 14 1 4 5 7 9 11 12 1
6 14 1 4 5 7 9 11 13 1
6 14 1 4 5 7 9 12 13 1.41421
6 14 1 4 5 7 10 11 12 1
6 14 1 4 5 7 10 11 13 1
6 14 1 4 5 7 10 12 13 1.41421
6 14 1 4 5 7 11 12 13 1
6 14 1 4 5 8 9 10 11 1.41421
6 14 1 4 5 8 9 10 12 1.73205
6 14 1 4 5 8 9 10 13 1.73205
6 14 1 4 5 8 9 11 12 1.41421
6 14 1 4 5 8 9 11 13 1.41421
6 14 1 4 5 8 9 12 13 1.73205
6 14 1 4 5 8 10 11 12 1.41421
6 14 1 4 5 8 10 11 13 1.41421
6 14 1 4 5 8 10 12 13 1.73205
6 14 1 4 5 8 11 12 13 1.41421
6 14 1 4 5 9 10 11 12 1.41421
6 14 1 4 5 9 10 11 13 1.41421
6 14 1 4 5 9 10 12 13 1.73205
6 14 1 4 5 9 11 12 13 1.41421
6 14 1 4 5 10 11 12 13 1.41421
6 14 1 4 7 8 9 10 11 1.41421
6 14 1 4 7 8 9 10 12 1.62019
6 14 1 4 7 8 9 10 13 1.62019
6 14 1 4 7 8 9 11 12 1.41421
6 14 1 4 7 8 9 11 13 1.41421
6 14 1 4 7 8 9 12 13 1.62019
6 14 1 4 7 8 10 11 12 1.41421
6 14 1 4 7 8 10 11 13 1.41421
6 14 1 4 7 8 10 12 13 1.62019
6 14 1 4 7 8 11 12 13 1.41421
6 14 1 4 7 9 10 11 12 1.41421
6 14 1 4 7 9 10 11 13 1.41421
6 14 1 4 7 9 10 12 13 1.62019
6 14 1 4 7 9 11 12 13 1.41421
6 14 1 4 7 10 11 12 13 1.41421
6 14 1 4 8 9 10 11 12 2
6 14 1 4 8 9 10 11 13 2
6 14 1 4 8 9 10 12 13 2.13664
6 14 1 4 8 9 11 12 13 2
6 14 1 4 8 10 11 12 13 2
6 14 1 4 9 10 11 12 13 2
6 14 1 5 7 8 9 10 11 1
6 14 1 5 7 8 9 10 12 1.41421
6 14 1 5 7 8 9 10 13 1.41421
6 14 1 5 7 8 9 11 12 1
6 14 1 5 7 8 9 11 13 1
6 14 1 5 7 8 9 12 13 1.41421
6 14 1 5 7 8 10 11 12 1
6 14 1 5 7 8 10 11 13 1
6 14 1 5 7 8 10 12 13 1.41421
6 14 1 5 7 8 11 12 13 1
6 14 1 5 7 9 10 11 12 1
6 14 1 5 7 9 10 11 13 1
6 14 1 5 7 9 10 12 13 1.41421
6 14 1 5 7 9 11 12 13 1.41421
6 14 1 5 7 10 11 12 13 1
6 14 1 5 8 9 10 11 12 1.41421
6 14 1 5 8 9 10 11 13 1.41421
6 14 1 5 8 9 10 12 13 1.73205
6 14 1 5 8 9 11 12 13 1.41421
6 14 1 5 8 10 11 12 13 1.41421
6 14 1 5 9 10 11 12 13 1.41421
6 14 1 7 8 9 10 11 12 1.62019
6 14 1 7 8 9 10 11 13 1.62019
6 14 1 7 8 9 10 12 13 1.73205
6 14 1 7 8 9 11 12 13 1.73205
6 14 1 7 8 10 11 12 13 1.62019
6 14 1 7 9 10 11 12 13 1.62019
6 14 1 8 9 10 11 12 13 2.13664
6 14 2 3 4 5 7 8 9 1.62019
6 14 2 3 4 5 7 8 10 1.62019
6 14 2 3 4 5 7 8 11 1.62019
6 14 2 3 4 5 7 8 12 1.41421
6 14 2 3 4 5 7 8 13 1
6 14 2 3 4 5 7 9 10 1.85164
6 14 2 3 4 5 7 9 11 1.93309
6 14 2 3 4 5 7 9 12 1.73205
6 14 2 3 4 5 7 9 13 1.62019
6 14 2 3 4 5 7 10 11 1.85164
6 14 2 3 4 5 7 10 12 1.62019
6 14 2 3 4 5 7 10 13 1.41421
6 14 2 3 4 5 7 11 12 1.73205
6 14 2 3 4 5 7 11 13 1.62019
6 14 2 3 4 5 7 12 13 1.41421
6 14 2 3 4 5 8 9 10 1.85164
6 14 2 3 4 5 8 9 11 1.85164
6 14 2 3 4 5 8 9 12 1.62019
6 14 2 3 4 5 8 9 13 1.41421
6 14 2 3 4 5 8 10 11 1.85164
6 14 2 3 4 5 8 10 12 1.62019
6 14 2 3 4 5 8 10 13 1.41421
6 14 2 3 4 5 8 11 12 1.62019
6 14 2 3 4 5 8 11 13 1.41421
6 14 2 3 4 5 8 12 13 1
6 14 2 3 4 5 9 10 11 2.07802
6 14 2 3 4 5 9 10 12 1.85164
6 14 2 3 4 5 9 10 13 1.73205
6 14 2 3 4 5 9 11 12 1.93309
6 14 2 3 4 5 9 11 13 1.85164
6 14 2 3 4 5 9 12 13 1.62019
6 14 2 3 4 5 10 11 12 1.85164
6 14 2 3 4 5 10 11 13 1.73205
6 14 2 3 4 5 10 12 13 1.41421
6 14 2 3 4 5 11 12 13 1.62019
6 14 2 3 4 7 8 9 10 1.62019
6 14 2 3 4 7 8 9 11 1.62019
6 14 2 3 4 7 8 9 12 1.41421
6 14 2 3 4 7 8 9 13 1
6 14 2 3 4 7 8 10 11 1.62019
6 14 2 3 4 7 8 10 12 1.41421
6 14 2 3 4 7 8 10 13 1
6 14 2 3 4 7 8 11 12 1.41421
6 14 2 3 4 7 8 11 13 1
6 14 2 3 4 7 8 12 13 0
6 14 2 3 4 7 9 10 11 1.85164
6 14 2 3 4 7 9 10 12 1.62019
6 14 2 3 4 7 9 10 13 1.41421
6 14 2 3 4 7 9 11 12 1.73205
6 14 2 3 4 7 9 11 13 1.62019
6 14 2 3 4 7 9 12 13 1.41421
6 14 2 3 4 7 10 11 12 1.62019
6 14 2 3 4 7 10 11 13 1.41421
6 14 2 3 4 7 10 12 13 1
6 14 2 3 4 7 11 12 13 1.41421
6 14 2 3 4 8 9 10 11 1.93309
6 14 2 3 4 8 9 10 12 1.73205
6 14 2 3 4 8 9 10 13 1.62019
6 14 2 3 4 8 9 11 12 1.73205
6 14 2 3 4 8 9 11 13 1.62019
6 14 2 3 4 8 9 12 13 1.41421
6 14 2 3 4 8 10 11 12 1.73205
6 14 2 3 4 8 10 11 13 1.62019
6 14 2 3 4 8 10 12 13 1.41421
6 14 2 3 4 8 11 12 13 1.41421
6 14 2 3 4 9 10 11 12 1.93309
6 14 2 3 4 9 10 11 13 1.85164
6 14 2 3 4 9 10 12 13 1.62019
6 14 2 3 4 9 11 12 13 1.73205
6 14 2 3 4 10 11 12 13 1.62019
6 14 2 3 5 7 8 9 10 1.62019
6 14 2 3 5 7 8 9 11 1.62019
6 14 2 3 5 7 8 9 12 1.41421
6 14 2 3 5 7 8 9 13 1
6 14 2 3 5 7 8 10 11 1.62019
6 14 2 3 5 7 8 10 12 1.41421
6 14 2 3 5 7 8 10 13 1
6 14 2 3 5 7 8 11 12 1.41421
6 14 2 3 5 7 8 11 13 1
6 14 2 3 5 7 8 12 13 1
6 14 2 3 5 7 9 10 11 1.85164
6 14 2 3 5 7 9 10 12 1.62019
6 14 2 3 5 7 9 10 13 1.41421
6 14 2 3 5 7 9 11 12 1.81265
6 14 2 3 5 7 9 11 13 1.73205
6 14 2 3 5 7 9 12 13 1.62019
6 14 2 3 5 7 10 11 12 1.62019
6 14 2 3 5 7 10 11 13 1.41421
6 14 2 3 5 7 10 12 13 1
6 14 2 3 5 7 11 12 13 1.62019
6 14 2 3 5 8 9 10 11 1.85164
6 14 2 3 5 8 9 10 12 1.62019
6 14 2 3 5 8 9 10 13 1.41421
6 14 2 3 5 8 9 11 12 1.62019
6 14 2 3 5 8 9 11 13 1.41421
6 14 2 3 5 8 9 12 13 1
6 14 2 3 5 8 10 11 12 1.62019
6 14 2 3 5 8 10 11 13 1.41421
6 14 2 3 5 8 10 12 13 1
6 14 2 3 5 8 11 12 13 1
6 14 2 3 5 9 10 11 12 1.85164
6 14 2 3 5 9 10 11 13 1.73205
6 14 2 3 5 9 10 12 13 1.41421
6 14 2 3 5 9 11 12 13 1.73205
6 14 2 3 5 10 11 12 13 1.41421
6 14 2 3 7 8 9 10 11 1.62019
6 14 2 3 7 8 9 10 12 1.41421
6 14 2 3 7 8 9 10 13 1
6 14 2 3 7 8 9 11 12 1.41421
6 14 2 3 7 8 9 11 13 1.41421
6 14 2 3 7 8 9 12 13 1.41421
6 14 2 3 7 8 10 11 12 1.41421
6 14 2 3 7 8 10 11 13 1
6 14 2 3 7 8 10 12 13 1
6 14 2 3 7 8 11 12 13 1.41421
6 14 2 3 7 9 10 11 12 1.62019
6 14 2 3 7 9 10 11 13 1.41421
6 14 2 3 7 9 10 12 13 1
6 14 2 3 7 9 11 12 13 1.73205
6 14 2 3 7 10 11 12 13 1
6 14 2 3 8 9 10 11 12 1.81265
6 14 2 3 8 9 10 11 13 1.73205
6 14 2 3 8 9 10 12 13 1.62019
6 14 2 3 8 9 11 12 13 1.73205
6 14 2 3 8 10 11 12 13 1.62019
6 14 2 3 9 10 11 12 13 1.73205
6 14 2 4 5 7 8 9 10 1.62019
6 14 2 4 5 7 8 9 11 1.62019
6 14 2 4 5 7 8 9 12 1.41421
6 14 2 4 5 7 8 9 13 1
6 14 2 4 5 7 8 10 11 1.62019
6 14 2 4 5 7 8 10 12 1.41421
6 14 2 4 5 7 8 10 13 1
6 14 2 4 5 7 8 11 12 1.41421
6 14 2 4 5 7 8 11 13 1
6 14 2 4 5 7 8 12 13 1
6 14 2 4 5 7 9 10 11 1.85164
6 14 2 4 5 7 9 10 12 1.62019
6 14 2 4 5 7 9 10 13 1.41421
6 14 2 4 5 7 9 11 12 1.73205
6 14 2 4 5 7 9 11 13 1.62019
6 14 2 4 5 7 9 12 13 1.41421
6 14 2 4 5 7 10 11 12 1.62019
6 14 2 4 5 7 10 11 13 1.41421
6 14 2 4 5 7 10 12 13 1
6 14 2 4 5 7 11 12 13 1.41421
6 14 2 4 5 8 9 10 11 1.93309
6 14 2 4 5 8 9 10 12 1.81265
6 14 2 4 5 8 9 10 13 1.73205
6 14 2 4 5 8 9 11 12 1.73205
6 14 2 4 5 8 9 11 13 1.62019
6 14 2 4 5 8 9 12 13 1.62019
6 14 2 4 5 8 10 11 12 1.73205
6 14 2 4 5 8 10 11 13 1.62019
6 14 2 4 5 8 10 12 13 1.62019
6 14 2 4 5 8 11 12 13 1.41421
6 14 2 4 5 9 10 11 12 1.93309
6 14 2 4 5 9 10 11 13 1.85164
6 14 2 4 5 9 10 12 13 1.73205
6 14 2 4 5 9 11 12 13 1.73205
6 14 2 4 5 10 11 12 13 1.62019
6 14 2 4 7 8 9 10 11 1.62019
6 14 2 4 7 8 9 10 12 1.41421
6 14 2 4 7 8 9 10 13 1
6 14 2 4 7 8 9 11 12 1.41421
6 14 2 4 7 8 9 11 13 1
6 14 2 4 7 8 9 12 13 1
6 14 2 4 7 8 10 11 12 1.41421
6 14 2 4 7 8 10 11 13 1
6 14 2 4 7 8 10 12 13 1
6 14 2 4 7 8 11 12 13 0
6 14 2 4 7 9 10 11 12 1.62019
6 14 2 4 7 9 10 11 13 1.41421
6 14 2 4 7 9 10 12 13 1
6 14 2 4 7 9 11 12 13 1.41421
6 14 2 4 7 10 11 12 13 1
6 14 2 4 8 9 10 11 12 1.90693
6 14 2 4 8 9 10 11 13 1.85164
6 14 2 4 8 9 10 12 13 1.85164
6 14 2 4 8 9 11 12 13 1.73205
6 14 2 4 8 10 11 12 13 1.73205
6 14 2 4 9 10 11 12 13 1.85164
6 14 2 5 7 8 9 10 11 1.62019
6 14 2 5 7 8 9 10 12 1.41421
6 14 2 5 7 8 9 10 13 1
6 14 2 5 7 8 9 11 12 1.41421
6 14 2 5 7 8 9 11 13 1
6 14 2 5 7 8 9 12 13 1
6 14 2 5 7 8 10 11 12 1.41421
6 14 2 5 7 8 10 11 13 1
6 14 2 5 7 8 10 12 13 1
6 14 2 5 7 8 11 12 13 1
6 14 2 5 7 9 10 11 12 1.62019
6 14 2 5 7 9 10 11 13 1.41421
6 14 2 5 7 9 10 12 13 1
6 14 2 5 7 9 11 12 13 1.62019
6 14 2 5 7 10 11 12 13 1
6 14 2 5 8 9 10 11 12 1.73205
6 14 2 5 8 9 10 11 13 1.62019
6 14 2 5 8 9 10 12 13 1.62019
6 14 2 5 8 9 11 12 13 1.41421
6 14 2 5 8 10 11 12 13 1.41421
6 14 2 5 9 10 11 12 13 1.62019
6 14 2 7 8 9 10 11 12 1.41421
6 14 2 7 8 9 10 11 13 1
6 14 2 7 8 9 10 12 13 1
6 14 2 7 8 9 11 12 13 1.41421
6 14 2 7 8 10 11 12 13 1
6 14 2 7 9 10 11 12 13 1
6 14 2 8 9 10 11 12 13 1.85164
6 14 3 4 5 7 8 9 10 1.85164
6 14 3 4 5 7 8 9 11 1.85164
6 14 3 4 5 7 8 9 12 1.62019
6 14 3 4 5 7 8 9 13 1.41421
6 14 3 4 5 7 8 10 11 1.85164
6 14 3 4 5 7 8 10 12 1.62019
6 14 3 4 5 7 8 10 13 1.41421
6 14 3 4 5 7 8 11 12 1.62019
6 14 3 4 5 7 8 11 13 1.41421
6 14 3 4 5 7 8 12 13 1
6 14 3 4 5 7 9 10 11 2.07802
6 14 3 4 5 7 9 10 12 1.85164
6 14 3 4 5 7 9 10 13 1.73205
6 14 3 4 5 7 9 11 12 1.93309
6 14 3 4 5 7 9 11 13 1.85164
6 14 3 4 5 7 9 12 13 1.62019
6 14 3 4 5 7 10 11 12 1.85164
6 14 3 4 5 7 10 11 13 1.73205
6 14 3 4 5 7 10 12 13 1.41421
6 14 3 4 5 7 11 12 13 1.62019
6 14 3 4 5 8 9 10 11 2.07802
6 14 3 4 5 8 9 10 12 1.85164
6 14 3 4 5 8 9 10 13 1.73205
6 14 3 4 5 8 9 11 12 1.85164
6 14 3 4 5 8 9 11 13 1.73205
6 14 3 4 5 8 9 12 13 1.41421
6 14 3 4 5 8 10 11 12 1.85164
6 14 3 4 5 8 10 11 13 1.73205
6 14 3 4 5 8 10 12 13 1.41421
6 14 3 4 5 8 11 12 13 1.41421
6 14 3 4 5 9 10 11 12 2.07802
6 14 3 4 5 9 10 11 13 2
6 14 3 4 5 9 10 12 13 1.73205
6 14 3 4 5 9 11 12 13 1.85164
6 14 3 4 5 10 11 12 13 1.73205
6 14 3 4 7 8 9 10 11 1.93309
6 14 3 4 7 8 9 10 12 1.73205
6 14 3 4 7 8 9 10 13 1.62019
6 14 3 4 7 8 9 11 12 1.73205
6 14 3 4 7 8 9 11 13 1.62019
6 14 3 4 7 8 9 12 13 1.41421
6 14 3 4 7 8 10 11 12 1.73205
6 14 3 4 7 8 10 11 13 1.62019
6 14 3 4 7 8 10 12 13 1.41421
6 14 3 4 7 8 11 12 13 1.41421
6 14 3 4 7 9 10 11 12 1.93309
6 14 3 4 7 9 10 11 13 1.85164
6 14 3 4 7 9 10 12 13 1.62019
6 14 3 4 7 9 11 12 13 1.73205
6 14 3 4 7 10 11 12 13 1.62019
6 14 3 4 8 9 10 11 12 2.16025
6 14 3 4 8 9 10 11 13 2.13664
6 14 3 4 8 9 10 12 13 2
6 14 3 4 8 9 11 12 13 2
6 14 3 4 8 10 11 12 13 2
6 14 3 4 9 10 11 12 13 2.13664
6 14 3 5 7 8 9 10 11 1.85164
6 14 3 5 7 8 9 10 12 1.62019
6 14 3 5 7 8 9 10 13 1.41421
6 14 3 5 7 8 9 11 12 1.62019
6 14 3 5 7 8 9 11 13 1.41421
6 14 3 5 7 8 9 12 13 1
6 14 3 5 7 8 10 11 12 1.62019
6 14 3 5 7 8 10 11 13 1.41421
6 14 3 5 7 8 10 12 13 1
6 14 3 5 7 8 11 12 13 1
6 14 3 5 7 9 10 11 12 1.85164
6 14 3 5 7 9 10 11 13 1.73205
6 14 3 5 7 9 10 12 13 1.41421
6 14 3 5 7 9 11 12 13 1.73205
6 14 3 5 7 10 11 12 13 1.41421
6 14 3 5 8 9 10 11 12 1.85164
6 14 3 5 8 9 10 11 13 1.73205
6 14 3 5 8 9 10 12 13 1.41421
6 14 3 5 8 9 11 12 13 1.41421
6 14 3 5 8 10 11 12 13 1.41421
6 14 3 5 9 10 11 12 13 1.73205
6 14 3 7 8 9 10 11 12 1.81265
6 14 3 7 8 9 10 11 13 1.73205
6 14 3 7 8 9 10 12 13 1.62019
6 14 3 7 8 9 11 12 13 1.73205
6 14 3 7 8 10 11 12 13 1.62019
6 14 3 7 9 10 11 12 13 1.73205
6 14 3 8 9 10 11 12 13 2.13664
6 14 4 5 7 8 9 10 11 1.93309
6 14 4 5 7 8 9 10 12 1.81265
6 14 4 5 7 8 9 10 13 1.73205
6 14 4 5 7 8 9 11 12 1.73205
6 14 4 5 7 8 9 11 13 1.62019
6 14 4 5 7 8 9 12 13 1.62019
6 14 4 5 7 8 10 11 12 1.73205
6 14 4 5 7 8 10 11 13 1.62019
6 14 4 5 7 8 10 12 13 1.62019
6 14 4 5 7 8 11 12 13 1.41421
6 14 4 5 7 9 10 11 12 1.93309
6 14 4 5 7 9 10 11 13 1.85164
6 14 4 5 7 9 10 12 13 1.73205
6 14 4 5 7 9 11 12 13 1.73205
6 14 4 5 7 10 11 12 13 1.62019
6 14 4 5 8 9 10 11 12 2.16025
6 14 4 5 8 9 10 11 13 2.13664
6 14 4 5 8 9 10 12 13 2.13664
6 14 4 5 8 9 11 12 13 2
6 14 4 5 8 10 11 12 13 2
6 14 4 5 9 10 11 12 13 2.13664
6 14 4 7 8 9 10 11 12 1.90693
6 14 4 7 8 9 10 11 13 1.85164
6 14 4 7 8 9 10 12 13 1.85164
6 14 4 7 8 9 11 12 13 1.73205
6 14 4 7 8 10 11 12 13 1.73205
6 14 4 7 9 10 11 12 13 1.85164
6 14 4 8 9 10 11 12 13 2.44949
6 14 5 7 8 9 10 11 12 1.73205
6 14 5 7 8 9 10 11 13 1.62019
6 14 5 7 8 9 10 12 13 1.62019
6 14 5 7 8 9 11 12 13 1.41421
6 14 5 7 8 10 11 12 13 1.41421
6 14 5 7 9 10 11 12 13 1.62019
6 14 5 8 9 10 11 12 13 2
6 14 7 8 9 10 11 12 13 1.85164
