5 12 0 1 2 1.73205
5 12 0 1 3 1.73205
5 12 0 1 4 1.90693
5 12 0 1 6 1.73205
5 12 0 1 7 1.73205
5 12 0 1 8 1.90693
5 12 0 1 9 1.85164
5 12 0 1 10 1.90693
5 12 0 1 11 1.73205
5 12 0 1 13 1.90693
5 12 0 1 14 1.90693
5 12 0 2 3 2
5 12 0 2 4 2.05603
5 12 0 2 6 2.08738
5 12 0 2 7 1.90693
5 12 0 2 8 2
5 12 0 2 9 2.08296
5 12 0 2 10 1.96214
5 12 0 2 11 2.04939
5 12 0 2 13 1.97531
5 12 0 2 14 2.05603
5 12 0 3 4 2.10357
5 12 0 3 6 2.15297
5 12 0 3 7 2
5 12 0 3 8 1.73205
5 12 0 3 9 2.15297
5 12 0 3 10 2
5 12 0 3 11 2.15297
5 12 0 3 13 2
5 12 0 3 14 2.10357
5 12 0 4 6 2.40426
5 12 0 4 7 2.05603
5 12 0 4 8 2.28446
5 12 0 4 9 2.41291
5 12 0 4 10 2.389
5 12 0 4 11 2.33699
5 12 0 4 13 2.38048
5 12 0 4 14 2.42507
5 12 0 6 7 2.08738
5 12 0 6 8 2.23607
5 12 0 6 9 2.42997
5 12 0 6 10 2.35488
5 12 0 6 11 2.39046
5 12 0 6 13 2.44949
5 12 0 6 14 2.40426
5 12 0 7 8 2
5 12 0 7 9 2.08296
5 12 0 7 10 1.96214
5 12 0 7 11 2.04939
5 12 0 7 13 1.97531
5 12 0 7 14 2.05603
5 12 0 8 9 2.26385
5 12 0 8 10 2.28446
5 12 0 8 11 2.13664
5 12 0 8 13 2.19089
5 12 0 8 14 2.28446
5 12 0 9 10 2.37697
5 12 0 9 11 2.39046
5 12 0 9 13 2.44949
5 12 0 9 14 2.41291
5 12 0 10 11 2.28709
5 12 0 10 13 2.28446
5 12 0 10 14 2.389
5 12 0 11 13 2.23607
5 12 0 11 14 2.33699
5 12 0 13 14 2.38048
5 12 1 2 3 1.73205
5 12 1 2 4 1.73205
5 12 1 2 6 1.73205
5 12 1 2 7 1.73205
5 12 1 2 8 1.73205
5 12 1 2 9 1.73205
5 12 1 2 10 1.73205
5 12 1 2 11 1.73205
5 12 1 2 13 1.73205
5 12 1 2 14 1.73205
5 12 1 3 4 1.41421
5 12 1 3 6 1.73205
5 12 1 3 7 1.73205
5 12 1 3 8 1.41421
5 12 1 3 9 1.73205
5 12 1 3 10 1.41421
5 12 1 3 11 1.73205
5 12 1 3 13 1.73205
5 12 1 3 14 1.41421
5 12 1 4 6 1.73205
5 12 1 4 7 1.73205
5 12 1 4 8 1.90693
5 12 1 4 9 1.85164
5 12 1 4 10 1.90693
5 12 1 4 11 1.41421
5 12 1 4 13 1.90693
5 12 1 4 14 1.90693
5 12 1 6 7 1.73205
5 12 1 6 8 1.73205
5 12 1 6 9 1.73205
5 12 1 6 10 1.73205
5 12 1 6 11 1.73205
5 12 1 6 13 1.73205
5 12 1 6 14 1.73205
5 12 1 7 8 1.73205
5 12 1 7 9 1.73205
5 12 1 7 10 1.73205
5 12 1 7 11 1.73205
5 12 1 7 13 1.73205
5 12 1 7 14 1.73205
5 12 1 8 9 1.85164
5 12 1 8 10 1.90693
5 12 1 8 11 1.41421
5 12 1 8 13 1.90693
5 12 1 8 14 1.90693
5 12 1 9 10 1.85164
5 12 1 9 11 1.73205
5 12 1 9 13 1.85164
5 12 1 9 14 1.85164
5 12 1 10 11 1.41421
5 12 1 10 13 1.90693
5 12 1 10 14 1.90693
5 12 1 11 13 1.73205
5 12 1 11 14 1.41421
5 12 1 13 14 1.90693
5 12 2 3 4 2
5 12 2 3 6 2.04939
5 12 2 3 7 1.93309
5 12 2 3 8 1.62019
5 12 2 3 9 2.04939
5 12 2 3 10 1.85164
5 12 2 3 11 2.04939
5 12 2 3 13 1.90693
5 12 2 3 14 2
5 12 2 4 6 2.05751
5 12 2 4 7 1.81265
5 12 2 4 8 2
5 12 2 4 9 2.08167
5 12 2 4 10 2.02367
5 12 2 4 11 2.0381
5 12 2 4 13 2
5 12 2 4 14 2.08167
5 12 2 6 7 1.93309
5 12 2 6 8 1.81265
5 12 2 6 9 2.12916
5 12 2 6 10 2
5 12 2 6 11 2.081
5 12 2 6 13 1.96214
5 12 2 6 14 2.05751
5 12 2 7 8 1.62019
5 12 2 7 9 1.93309
5 12 2 7 10 1.62019
5 12 2 7 11 1.93309
5 12 2 7 13 1.85164
5 12 2 7 14 1.81265
5 12 2 8 9 2
5 12 2 8 10 2
5 12 2 8 11 1.73205
5 12 2 8 13 1.81265
5 12 2 8 14 2
5 12 2 9 10 2
5 12 2 9 11 2.081
5 12 2 9 13 1.96769
5 12 2 9 14 2.08167
5 12 2 10 11 1.93309
5 12 2 10 13 2
5 12 2 10 14 2.02367
5 12 2 11 13 1.93309
5 12 2 11 14 2.0381
5 12 2 13 14 2
5 12 3 4 6 2.16556
5 12 3 4 7 2
5 12 3 4 8 1.85164
5 12 3 4 9 2.16556
5 12 3 4 10 2.07802
5 12 3 4 11 2.16556
5 12 3 4 13 1.90693
5 12 3 4 14 2.13809
5 12 3 6 7 2.04939
5 12 3 6 8 1.85164
5 12 3 6 9 2.19034
5 12 3 6 10 2.07802
5 12 3 6 11 2.19034
5 12 3 6 13 2
5 12 3 6 14 2.16556
5 12 3 7 8 1.62019
5 12 3 7 9 2.04939
5 12 3 7 10 1.85164
5 12 3 7 11 2.04939
5 12 3 7 13 1.90693
5 12 3 7 14 2
5 12 3 8 9 1.85164
5 12 3 8 10 1.85164
5 12 3 8 11 1.85164
5 12 3 8 13 1.41421
5 12 3 8 14 1.85164
5 12 3 9 10 2.07802
5 12 3 9 11 2.19034
5 12 3 9 13 2
5 12 3 9 14 2.16556
5 12 3 10 11 2.07802
5 12 3 10 13 1.73205
5 12 3 10 14 2.07802
5 12 3 11 13 2
5 12 3 11 14 2.16556
5 12 3 13 14 1.90693
5 12 4 6 7 2.05751
5 12 4 6 8 2.26385
5 12 4 6 9 2.42487
5 12 4 6 10 2.39046
5 12 4 6 11 2.36827
5 12 4 6 13 2.28446
5 12 4 6 14 2.41424
5 12 4 7 8 2
5 12 4 7 9 2.08167
5 12 4 7 10 2.02367
5 12 4 7 11 2.0381
5 12 4 7 13 2
5 12 4 7 14 2.08167
5 12 4 8 9 2.3094
5 12 4 8 10 2.3094
5 12 4 8 11 2.16025
5 12 4 8 13 2.19089
5 12 4 8 14 2.3094
5 12 4 9 10 2.40662
5 12 4 9 11 2.36827
5 12 4 9 13 2.3094
5 12 4 9 14 2.44949
5 12 4 10 11 2.32266
5 12 4 10 13 2.28446
5 12 4 10 14 2.42507
5 12 4 11 13 2.19089
5 12 4 11 14 2.34521
5 12 4 13 14 2.3094
5 12 6 7 8 1.81265
5 12 6 7 9 2.12916
5 12 6 7 10 2
5 12 6 7 11 2.081
5 12 6 7 13 1.96214
5 12 6 7 14 2.05751
5 12 6 8 9 2.26385
5 12 6 8 10 2.26385
5 12 6 8 11 2.16025
5 12 6 8 13 2.13664
5 12 6 8 14 2.26385
5 12 6 9 10 2.39046
5 12 6 9 11 2.39792
5 12 6 9 13 2.44949
5 12 6 9 14 2.42487
5 12 6 10 11 2.32266
5 12 6 10 13 2.23607
5 12 6 10 14 2.39046
5 12 6 11 13 2.23607
5 12 6 11 14 2.36827
5 12 6 13 14 2.28446
5 12 7 8 9 2
5 12 7 8 10 2
5 12 7 8 11 1.73205
5 12 7 8 13 1.81265
5 12 7 8 14 2
5 12 7 9 10 2
5 12 7 9 11 2.081
5 12 7 9 13 1.96769
5 12 7 9 14 2.08167
5 12 7 10 11 1.93309
5 12 7 10 13 2
5 12 7 10 14 2.02367
5 12 7 11 13 1.93309
5 12 7 11 14 2.0381
5 12 7 13 14 2
5 12 8 9 10 2.3094
5 12 8 9 11 2.16025
5 12 8 9 13 2.16025
5 12 8 9 14 2.3094
5 12 8 10 11 2.16025
5 12 8 10 13 2.19089
5 12 8 10 14 2.3094
5 12 8 11 13 2
5 12 8 11 14 2.16025
5 12 8 13 14 2.19089
5 12 9 10 11 2.32266
5 12 9 10 13 2.26385
5 12 9 10 14 2.40662
5 12 9 11 13 2.23607
5 12 9 11 14 2.36827
5 12 9 13 14 2.3094
5 12 10 11 13 2.13664
5 12 10 11 14 2.32266
5 12 10 13 14 2.28446
5 12 11 13 14 2.19089
