5 12 0 1 2 3 4 6 1.41421
5 12 0 1 2 3 4 7 1.41421
5 12 0 1 2 3 4 8 1.41421
5 12 0 1 2 3 4 9 1.41421
5 12 0 1 2 3 4 10 1.41421
5 12 0 1 2 3 4 11 1.41421
5 12 0 1 2 3 4 13 1.41421
5 12 0 1 2 3 4 14 1.41421
5 12 0 1 2 3 6 7 1.73205
5 12 0 1 2 3 6 8 1.41421
5 12 0 1 2 3 6 9 1.73205
5 12 0 1 2 3 6 10 0
5 12 0 1 2 3 6 11 1.73205
5 12 0 1 2 3 6 13 1.73205
5 12 0 1 2 3 6 14 1.41421
5 12 0 1 2 3 7 8 1.41421
5 12 0 1 2 3 7 9 1.73205
5 12 0 1 2 3 7 10 1.41421
5 12 0 1 2 3 7 11 1.73205
5 12 0 1 2 3 7 13 1.73205
5 12 0 1 2 3 7 14 1.41421
5 12 0 1 2 3 8 9 1.41421
5 12 0 1 2 3 8 10 1.41421
5 12 0 1 2 3 8 11 1.41421
5 12 0 1 2 3 8 13 1.41421
5 12 0 1 2 3 8 14 1.41421
5 12 0 1 2 3 9 10 1
5 12 0 1 2 3 9 11 1.73205
5 12 0 1 2 3 9 13 1.73205
5 12 0 1 2 3 9 14 1.41421
5 12 0 1 2 3 10 11 1
5 12 0 1 2 3 10 13 1.41421
5 12 0 1 2 3 10 14 1.41421
5 12 0 1 2 3 11 13 1.73205
5 12 0 1 2 3 11 14 1.41421
5 12 0 1 2 3 13 14 1.41421
5 12 0 1 2 4 6 7 1.41421
5 12 0 1 2 4 6 8 1.41421
5 12 0 1 2 4 6 9 1.41421
5 12 0 1 2 4 6 10 1.41421
5 12 0 1 2 4 6 11 1.41421
5 12 0 1 2 4 6 13 1.41421
5 12 0 1 2 4 6 14 1.41421
5 12 0 1 2 4 7 8 1.62019
5 12 0 1 2 4 7 9 1.41421
5 12 0 1 2 4 7 10 1.62019
5 12 0 1 2 4 7 11 1.41421
5 12 0 1 2 4 7 13 1.62019
5 12 0 1 2 4 7 14 1.62019
5 12 0 1 2 4 8 9 1.62019
5 12 0 1 2 4 8 10 1.73205
5 12 0 1 2 4 8 11 1
5 12 0 1 2 4 8 13 1.73205
5 12 0 1 2 4 8 14 1.73205
5 12 0 1 2 4 9 10 1.62019
5 12 0 1 2 4 9 11 1.41421
5 12 0 1 2 4 9 13 1.62019
5 12 0 1 2 4 9 14 1.62019
5 12 0 1 2 4 10 11 1
5 12 0 1 2 4 10 13 1.73205
5 12 0 1 2 4 10 14 1.73205
5 12 0 1 2 4 11 13 1.41421
5 12 0 1 2 4 11 14 1
5 12 0 1 2 4 13 14 1.73205
5 12 0 1 2 6 7 8 1.41421
5 12 0 1 2 6 7 9 1.73205
5 12 0 1 2 6 7 10 1
5 12 0 1 2 6 7 11 1.73205
5 12 0 1 2 6 7 13 1.73205
5 12 0 1 2 6 7 14 1.41421
5 12 0 1 2 6 8 9 1.41421
5 12 0 1 2 6 8 10 1.41421
5 12 0 1 2 6 8 11 1.41421
5 12 0 1 2 6 8 13 1.41421
5 12 0 1 2 6 8 14 1.41421
5 12 0 1 2 6 9 10 1.41421
5 12 0 1 2 6 9 11 1.73205
5 12 0 1 2 6 9 13 1.73205
5 12 0 1 2 6 9 14 1.41421
5 12 0 1 2 6 10 11 1
5 12 0 1 2 6 10 13 1.41421
5 12 0 1 2 6 10 14 1.41421
5 12 0 1 2 6 11 13 1.73205
5 12 0 1 2 6 11 14 1.41421
5 12 0 1 2 6 13 14 1.41421
5 12 0 1 2 7 8 9 1.41421
5 12 0 1 2 7 8 10 1.62019
5 12 0 1 2 7 8 11 1.41421
5 12 0 1 2 7 8 13 1.62019
5 12 0 1 2 7 8 14 1.62019
5 12 0 1 2 7 9 10 1.41421
5 12 0 1 2 7 9 11 1.73205
5 12 0 1 2 7 9 13 1.73205
5 12 0 1 2 7 9 14 1.41421
5 12 0 1 2 7 10 11 1
5 12 0 1 2 7 10 13 1.62019
5 12 0 1 2 7 10 14 1.62019
5 12 0 1 2 7 11 13 1.73205
5 12 0 1 2 7 11 14 1.41421
5 12 0 1 2 7 13 14 1.62019
5 12 0 1 2 8 9 10 1.62019
5 12 0 1 2 8 9 11 1.41421
5 12 0 1 2 8 9 13 1.62019
5 12 0 1 2 8 9 14 1.62019
5 12 0 1 2 8 10 11 1
5 12 0 1 2 8 10 13 1.73205
5 12 0 1 2 8 10 14 1.73205
5 12 0 1 2 8 11 13 1.41421
5 12 0 1 2 8 11 14 1
5 12 0 1 2 8 13 14 1.73205
5 12 0 1 2 9 10 11 1
5 12 0 1 2 9 10 13 1.62019
5 12 0 1 2 9 10 14 1.62019
5 12 0 1 2 9 11 13 1.73205
5 12 0 1 2 9 11 14 1.41421
5 12 0 1 2 9 13 14 1.62019
5 12 0 1 2 10 11 13 1
5 12 0 1 2 10 11 14 1
5 12 0 1 2 10 13 14 1.73205
5 12 0 1 2 11 13 14 1.41421
5 12 0 1 3 4 6 7 1.41421
5 12 0 1 3 4 6 8 1
5 12 0 1 3 4 6 9 1.41421
5 12 0 1 3 4 6 10 0
5 12 0 1 3 4 6 11 1.41421
5 12 0 1 3 4 6 13 1.41421
5 12 0 1 3 4 6 14 1
5 12 0 1 3 4 7 8 1.41421
5 12 0 1 3 4 7 9 1.41421
5 12 0 1 3 4 7 10 1.41421
5 12 0 1 3 4 7 11 1.41421
5 12 0 1 3 4 7 13 1.41421
5 12 0 1 3 4 7 14 1.41421
5 12 0 1 3 4 8 9 1
5 12 0 1 3 4 8 10 1.41421
5 12 0 1 3 4 8 11 1
5 12 0 1 3 4 8 13 1.41421
5 12 0 1 3 4 8 14 1.41421
5 12 0 1 3 4 9 10 1
5 12 0 1 3 4 9 11 1.41421
5 12 0 1 3 4 9 13 1.41421
5 12 0 1 3 4 9 14 1
5 12 0 1 3 4 10 11 1
5 12 0 1 3 4 10 13 1.41421
5 12 0 1 3 4 10 14 1.41421
5 12 0 1 3 4 11 13 1.41421
5 12 0 1 3 4 11 14 1
5 12 0 1 3 4 13 14 1.41421
5 12 0 1 3 6 7 8 1.41421
5 12 0 1 3 6 7 9 1.73205
5 12 0 1 3 6 7 10 0
5 12 0 1 3 6 7 11 1.73205
5 12 0 1 3 6 7 13 1.73205
5 12 0 1 3 6 7 14 1.41421
5 12 0 1 3 6 8 9 1.41421
5 12 0 1 3 6 8 10 0
5 12 0 1 3 6 8 11 1.41421
5 12 0 1 3 6 8 13 1.41421
5 12 0 1 3 6 8 14 1
5 12 0 1 3 6 9 10 0
5 12 0 1 3 6 9 11 1.73205
5 12 0 1 3 6 9 13 1.73205
5 12 0 1 3 6 9 14 1.41421
5 12 0 1 3 6 10 11 0
5 12 0 1 3 6 10 13 0
5 12 0 1 3 6 10 14 0
5 12 0 1 3 6 11 13 1.73205
5 12 0 1 3 6 11 14 1.41421
5 12 0 1 3 6 13 14 1.41421
5 12 0 1 3 7 8 9 1.41421
5 12 0 1 3 7 8 10 1.41421
5 12 0 1 3 7 8 11 1.41421
5 12 0 1 3 7 8 13 1.41421
5 12 0 1 3 7 8 14 1.41421
5 12 0 1 3 7 9 10 1
5 12 0 1 3 7 9 11 1.73205
5 12 0 1 3 7 9 13 1.73205
5 12 0 1 3 7 9 14 1.41421
5 12 0 1 3 7 10 11 1
5 12 0 1 3 7 10 13 1.41421
5 12 0 1 3 7 10 14 1.41421
5 12 0 1 3 7 11 13 1.73205
5 12 0 1 3 7 11 14 1.41421
5 12 0 1 3 7 13 14 1.41421
5 12 0 1 3 8 9 10 1
5 12 0 1 3 8 9 11 1.41421
5 12 0 1 3 8 9 13 1.41421
5 12 0 1 3 8 9 14 1
5 12 0 1 3 8 10 11 1
5 12 0 1 3 8 10 13 1.41421
5 12 0 1 3 8 10 14 1.41421
5 12 0 1 3 8 11 13 1.41421
5 12 0 1 3 8 11 14 1
5 12 0 1 3 8 13 14 1.41421
5 12 0 1 3 9 10 11 0
5 12 0 1 3 9 10 13 1
5 12 0 1 3 9 10 14 1
5 12 0 1 3 9 11 13 1.73205
5 12 0 1 3 9 11 14 1.41421
5 12 0 1 3 9 13 14 1.41421
5 12 0 1 3 10 11 13 1
5 12 0 1 3 10 11 14 1
5 12 0 1 3 10 13 14 1.41421
5 12 0 1 3 11 13 14 1.41421
5 12 0 1 4 6 7 8 1.41421
5 12 0 1 4 6 7 9 1.41421
5 12 0 1 4 6 7 10 1.41421
5 12 0 1 4 6 7 11 1.41421
5 12 0 1 4 6 7 13 1.41421
5 12 0 1 4 6 7 14 1.41421
5 12 0 1 4 6 8 9 1.73205
5 12 0 1 4 6 8 10 1.73205
5 12 0 1 4 6 8 11 1.41421
5 12 0 1 4 6 8 13 1.73205
5 12 0 1 4 6 8 14 1.73205
5 12 0 1 4 6 9 10 1.73205
5 12 0 1 4 6 9 11 1.41421
5 12 0 1 4 6 9 13 1.73205
5 12 0 1 4 6 9 14 1.73205
5 12 0 1 4 6 10 11 1.41421
5 12 0 1 4 6 10 13 1.73205
5 12 0 1 4 6 10 14 1.73205
5 12 0 1 4 6 11 13 1.41421
5 12 0 1 4 6 11 14 1.41421
5 12 0 1 4 6 13 14 1.73205
5 12 0 1 4 7 8 9 1.62019
5 12 0 1 4 7 8 10 1.73205
5 12 0 1 4 7 8 11 1
5 12 0 1 4 7 8 13 1.73205
5 12 0 1 4 7 8 14 1.73205
5 12 0 1 4 7 9 10 1.62019
5 12 0 1 4 7 9 11 1.41421
5 12 0 1 4 7 9 13 1.62019
5 12 0 1 4 7 9 14 1.62019
5 12 0 1 4 7 10 11 1
5 12 0 1 4 7 10 13 1.73205
5 12 0 1 4 7 10 14 1.73205
5 12 0 1 4 7 11 13 1.41421
5 12 0 1 4 7 11 14 1
5 12 0 1 4 7 13 14 1.73205
5 12 0 1 4 8 9 10 1.85164
5 12 0 1 4 8 9 11 1.41421
5 12 0 1 4 8 9 13 1.85164
5 12 0 1 4 8 9 14 1.85164
5 12 0 1 4 8 10 11 1.41421
5 12 0 1 4 8 10 13 1.90693
5 12 0 1 4 8 10 14 1.90693
5 12 0 1 4 8 11 13 1.41421
5 12 0 1 4 8 11 14 1.41421
5 12 0 1 4 8 13 14 1.90693
5 12 0 1 4 9 10 11 1.41421
5 12 0 1 4 9 10 13 1.85164
5 12 0 1 4 9 10 14 1.85164
5 12 0 1 4 9 11 13 1.41421
5 12 0 1 4 9 11 14 1.41421
5 12 0 1 4 9 13 14 1.85164
5 12 0 1 4 10 11 13 1.41421
5 12 0 1 4 10 11 14 1.41421
5 12 0 1 4 10 13 14 1.90693
5 12 0 1 4 11 13 14 1.41421
5 12 0 1 6 7 8 9 1.41421
5 12 0 1 6 7 8 10 1.41421
5 12 0 1 6 7 8 11 1.41421
5 12 0 1 6 7 8 13 1.41421
5 12 0 1 6 7 8 14 1.41421
5 12 0 1 6 7 9 10 1.41421
5 12 0 1 6 7 9 11 1.73205
5 12 0 1 6 7 9 13 1.73205
5 12 0 1 6 7 9 14 1.41421
5 12 0 1 6 7 10 11 1
5 12 0 1 6 7 10 13 1.41421
5 12 0 1 6 7 10 14 1.41421
5 12 0 1 6 7 11 13 1.73205
5 12 0 1 6 7 11 14 1.41421
5 12 0 1 6 7 13 14 1.41421
5 12 0 1 6 8 9 10 1.73205
5 12 0 1 6 8 9 11 1.41421
5 12 0 1 6 8 9 13 1.73205
5 12 0 1 6 8 9 14 1.73205
5 12 0 1 6 8 10 11 1.41421
5 12 0 1 6 8 10 13 1.73205
5 12 0 1 6 8 10 14 1.73205
5 12 0 1 6 8 11 13 1.41421
5 12 0 1 6 8 11 14 1.41421
5 12 0 1 6 8 13 14 1.73205
5 12 0 1 6 9 10 11 1.41421
5 12 0 1 6 9 10 13 1.73205
5 12 0 1 6 9 10 14 1.73205
5 12 0 1 6 9 11 13 1.73205
5 12 0 1 6 9 11 14 1.41421
5 12 0 1 6 9 13 14 1.73205
5 12 0 1 6 10 11 13 1.41421
5 12 0 1 6 10 11 14 1.41421
5 12 0 1 6 10 13 14 1.73205
5 12 0 1 6 11 13 14 1.41421
5 12 0 1 7 8 9 10 1.62019
5 12 0 1 7 8 9 11 1.41421
5 12 0 1 7 8 9 13 1.62019
5 12 0 1 7 8 9 14 1.62019
5 12 0 1 7 8 10 11 1
5 12 0 1 7 8 10 13 1.73205
5 12 0 1 7 8 10 14 1.73205
5 12 0 1 7 8 11 13 1.41421
5 12 0 1 7 8 11 14 1
5 12 0 1 7 8 13 14 1.73205
5 12 0 1 7 9 10 11 1
5 12 0 1 7 9 10 13 1.62019
5 12 0 1 7 9 10 14 1.62019
5 12 0 1 7 9 11 13 1.73205
5 12 0 1 7 9 11 14 1.41421
5 12 0 1 7 9 13 14 1.62019
5 12 0 1 7 10 11 13 1
5 12 0 1 7 10 11 14 1
5 12 0 1 7 10 13 14 1.73205
5 12 0 1 7 11 13 14 1.41421
5 12 0 1 8 9 10 11 1.41421
5 12 0 1 8 9 10 13 1.85164
5 12 0 1 8 9 10 14 1.85164
5 12 0 1 8 9 11 13 1.41421
5 12 0 1 8 9 11 14 1.41421
5 12 0 1 8 9 13 14 1.85164
5 12 0 1 8 10 11 13 1.41421
5 12 0 1 8 10 11 14 1.41421
5 12 0 1 8 10 13 14 1.90693
5 12 0 1 8 11 13 14 1.41421
5 12 0 1 9 10 11 13 1.41421
5 12 0 1 9 10 11 14 1.41421
5 12 0 1 9 10 13 14 1.85164
5 12 0 1 9 11 13 14 1.41421
5 12 0 1 10 11 13 14 1.41421
5 12 0 2 3 4 6 7 1.73205
5 12 0 2 3 4 6 8 1.41421
5 12 0 2 3 4 6 9 1.90693
5 12 0 2 3 4 6 10 1.73205
5 12 0 2 3 4 6 11 1.90693
5 12 0 2 3 4 6 13 1.73205
5 12 0 2 3 4 6 14 1.85164
5 12 0 2 3 4 7 8 1.41421
5 12 0 2 3 4 7 9 1.73205
5 12 0 2 3 4 7 10 1.41421
5 12 0 2 3 4 7 11 1.73205
5 12 0 2 3 4 7 13 1.62019
5 12 0 2 3 4 7 14 1.62019
5 12 0 2 3 4 8 9 1.41421
5 12 0 2 3 4 8 10 1.41421
5 12 0 2 3 4 8 11 1.41421
5 12 0 2 3 4 8 13 1.41421
5 12 0 2 3 4 8 14 1.41421
5 12 0 2 3 4 9 10 1.73205
5 12 0 2 3 4 9 11 1.90693
5 12 0 2 3 4 9 13 1.73205
5 12 0 2 3 4 9 14 1.85164
5 12 0 2 3 4 10 11 1.73205
5 12 0 2 3 4 10 13 1.41421
5 12 0 2 3 4 10 14 1.73205
5 12 0 2 3 4 11 13 1.73205
5 12 0 2 3 4 11 14 1.85164
5 12 0 2 3 4 13 14 1.62019
5 12 0 2 3 6 7 8 1.41421
5 12 0 2 3 6 7 9 1.90693
5 12 0 2 3 6 7 10 1.41421
5 12 0 2 3 6 7 11 1.90693
5 12 0 2 3 6 7 13 1.85164
5 12 0 2 3 6 7 14 1.73205
5 12 0 2 3 6 8 9 1.41421
5 12 0 2 3 6 8 10 1.41421
5 12 0 2 3 6 8 11 1.41421
5 12 0 2 3 6 8 13 1.41421
5 12 0 2 3 6 8 14 1.41421
5 12 0 2 3 6 9 10 1.73205
5 12 0 2 3 6 9 11 2
5 12 0 2 3 6 9 13 1.90693
5 12 0 2 3 6 9 14 1.90693
5 12 0 2 3 6 10 11 1.73205
5 12 0 2 3 6 10 13 1.41421
5 12 0 2 3 6 10 14 1.73205
5 12 0 2 3 6 11 13 1.90693
5 12 0 2 3 6 11 14 1.90693
5 12 0 2 3 6 13 14 1.73205
5 12 0 2 3 7 8 9 1.41421
5 12 0 2 3 7 8 10 1.41421
5 12 0 2 3 7 8 11 1.41421
5 12 0 2 3 7 8 13 1.41421
5 12 0 2 3 7 8 14 1.41421
5 12 0 2 3 7 9 10 1.41421
5 12 0 2 3 7 9 11 1.90693
5 12 0 2 3 7 9 13 1.85164
5 12 0 2 3 7 9 14 1.73205
5 12 0 2 3 7 10 11 1.41421
5 12 0 2 3 7 10 13 1.41421
5 12 0 2 3 7 10 14 1.41421
5 12 0 2 3 7 11 13 1.85164
5 12 0 2 3 7 11 14 1.73205
5 12 0 2 3 7 13 14 1.62019
5 12 0 2 3 8 9 10 1.41421
5 12 0 2 3 8 9 11 1.41421
5 12 0 2 3 8 9 13 1.41421
5 12 0 2 3 8 9 14 1.41421
5 12 0 2 3 8 10 11 1.41421
5 12 0 2 3 8 10 13 1.41421
5 12 0 2 3 8 10 14 1.41421
5 12 0 2 3 8 11 13 1.41421
5 12 0 2 3 8 11 14 1.41421
5 12 0 2 3 8 13 14 1.41421
5 12 0 2 3 9 10 11 1.73205
5 12 0 2 3 9 10 13 1.41421
5 12 0 2 3 9 10 14 1.73205
5 12 0 2 3 9 11 13 1.90693
5 12 0 2 3 9 11 14 1.90693
5 12 0 2 3 9 13 14 1.73205
5 12 0 2 3 10 11 13 1.41421
5 12 0 2 3 10 11 14 1.73205
5 12 0 2 3 10 13 14 1.41421
5 12 0 2 3 11 13 14 1.73205
5 12 0 2 4 6 7 8 1
5 12 0 2 4 6 7 9 1.73205
5 12 0 2 4 6 7 10 1.41421
5 12 0 2 4 6 7 11 1.73205
5 12 0 2 4 6 7 13 1.62019
5 12 0 2 4 6 7 14 1.62019
5 12 0 2 4 6 8 9 1.73205
5 12 0 2 4 6 8 10 1.73205
5 12 0 2 4 6 8 11 1.62019
5 12 0 2 4 6 8 13 1.62019
5 12 0 2 4 6 8 14 1.73205
5 12 0 2 4 6 9 10 1.90693
5 12 0 2 4 6 9 11 2
5 12 0 2 4 6 9 13 2
5 12 0 2 4 6 9 14 2
5 12 0 2 4 6 10 11 1.85164
5 12 0 2 4 6 10 13 1.73205
5 12 0 2 4 6 10 14 1.90693
5 12 0 2 4 6 11 13 1.81265
5 12 0 2 4 6 11 14 1.93309
5 12 0 2 4 6 13 14 1.81265
5 12 0 2 4 7 8 9 1.41421
5 12 0 2 4 7 8 10 1.62019
5 12 0 2 4 7 8 11 1
5 12 0 2 4 7 8 13 1.62019
5 12 0 2 4 7 8 14 1.62019
5 12 0 2 4 7 9 10 1.41421
5 12 0 2 4 7 9 11 1.73205
5 12 0 2 4 7 9 13 1.62019
5 12 0 2 4 7 9 14 1.62019
5 12 0 2 4 7 10 11 1.41421
5 12 0 2 4 7 10 13 1.62019
5 12 0 2 4 7 10 14 1.62019
5 12 0 2 4 7 11 13 1.62019
5 12 0 2 4 7 11 14 1.62019
5 12 0 2 4 7 13 14 1.62019
5 12 0 2 4 8 9 10 1.81265
5 12 0 2 4 8 9 11 1.62019
5 12 0 2 4 8 9 13 1.73205
5 12 0 2 4 8 9 14 1.81265
5 12 0 2 4 8 10 11 1.62019
5 12 0 2 4 8 10 13 1.81265
5 12 0 2 4 8 10 14 2
5 12 0 2 4 8 11 13 1.41421
5 12 0 2 4 8 11 14 1.62019
5 12 0 2 4 8 13 14 1.81265
5 12 0 2 4 9 10 11 1.85164
5 12 0 2 4 9 10 13 1.81265
5 12 0 2 4 9 10 14 1.93309
5 12 0 2 4 9 11 13 1.81265
5 12 0 2 4 9 11 14 1.93309
5 12 0 2 4 9 13 14 2
5 12 0 2 4 10 11 13 1.62019
5 12 0 2 4 10 11 14 1.85164
5 12 0 2 4 10 13 14 2
5 12 0 2 4 11 13 14 1.73205
5 12 0 2 6 7 8 9 1.41421
5 12 0 2 6 7 8 10 1
5 12 0 2 6 7 8 11 1.41421
5 12 0 2 6 7 8 13 1.41421
5 12 0 2 6 7 8 14 1
5 12 0 2 6 7 9 10 1.41421
5 12 0 2 6 7 9 11 1.90693
5 12 0 2 6 7 9 13 1.85164
5 12 0 2 6 7 9 14 1.73205
5 12 0 2 6 7 10 11 1.41421
5 12 0 2 6 7 10 13 1
5 12 0 2 6 7 10 14 1.41421
5 12 0 2 6 7 11 13 1.85164
5 12 0 2 6 7 11 14 1.73205
5 12 0 2 6 7 13 14 1.62019
5 12 0 2 6 8 9 10 1.73205
5 12 0 2 6 8 9 11 1.62019
5 12 0 2 6 8 9 13 1.62019
5 12 0 2 6 8 9 14 1.73205
5 12 0 2 6 8 10 11 1.62019
5 12 0 2 6 8 10 13 1.62019
5 12 0 2 6 8 10 14 1.73205
5 12 0 2 6 8 11 13 1.41421
5 12 0 2 6 8 11 14 1.62019
5 12 0 2 6 8 13 14 1.62019
5 12 0 2 6 9 10 11 1.85164
5 12 0 2 6 9 10 13 1.73205
5 12 0 2 6 9 10 14 1.90693
5 12 0 2 6 9 11 13 1.93309
5 12 0 2 6 9 11 14 2
5 12 0 2 6 9 13 14 2
5 12 0 2 6 10 11 13 1.62019
5 12 0 2 6 10 11 14 1.85164
5 12 0 2 6 10 13 14 1.73205
5 12 0 2 6 11 13 14 1.81265
5 12 0 2 7 8 9 10 1.41421
5 12 0 2 7 8 9 11 1.41421
5 12 0 2 7 8 9 13 1.41421
5 12 0 2 7 8 9 14 1.41421
5 12 0 2 7 8 10 11 1
5 12 0 2 7 8 10 13 1.62019
5 12 0 2 7 8 10 14 1.62019
5 12 0 2 7 8 11 13 1.41421
5 12 0 2 7 8 11 14 1
5 12 0 2 7 8 13 14 1.62019
5 12 0 2 7 9 10 11 1.41421
5 12 0 2 7 9 10 13 1.41421
5 12 0 2 7 9 10 14 1.41421
5 12 0 2 7 9 11 13 1.85164
5 12 0 2 7 9 11 14 1.73205
5 12 0 2 7 9 13 14 1.62019
5 12 0 2 7 10 11 13 1
5 12 0 2 7 10 11 14 1.41421
5 12 0 2 7 10 13 14 1.62019
5 12 0 2 7 11 13 14 1.62019
5 12 0 2 8 9 10 11 1.62019
5 12 0 2 8 9 10 13 1.73205
5 12 0 2 8 9 10 14 1.81265
5 12 0 2 8 9 11 13 1.41421
5 12 0 2 8 9 11 14 1.62019
5 12 0 2 8 9 13 14 1.73205
5 12 0 2 8 10 11 13 1.41421
5 12 0 2 8 10 11 14 1.62019
5 12 0 2 8 10 13 14 1.81265
5 12 0 2 8 11 13 14 1.41421
5 12 0 2 9 10 11 13 1.62019
5 12 0 2 9 10 11 14 1.85164
5 12 0 2 9 10 13 14 1.81265
5 12 0 2 9 11 13 14 1.81265
5 12 0 2 10 11 13 14 1.62019
5 12 0 3 4 6 7 8 1.41421
5 12 0 3 4 6 7 9 1.90693
5 12 0 3 4 6 7 10 1.73205
5 12 0 3 4 6 7 11 1.90693
5 12 0 3 4 6 7 13 1.73205
5 12 0 3 4 6 7 14 1.85164
5 12 0 3 4 6 8 9 1.73205
5 12 0 3 4 6 8 10 1.73205
5 12 0 3 4 6 8 11 1.73205
5 12 0 3 4 6 8 13 1.41421
5 12 0 3 4 6 8 14 1.73205
5 12 0 3 4 6 9 10 2
5 12 0 3 4 6 9 11 2.10357
5 12 0 3 4 6 9 13 1.90693
5 12 0 3 4 6 9 14 2.07802
5 12 0 3 4 6 10 11 2
5 12 0 3 4 6 10 13 1.73205
5 12 0 3 4 6 10 14 2
5 12 0 3 4 6 11 13 1.90693
5 12 0 3 4 6 11 14 2.07802
5 12 0 3 4 6 13 14 1.85164
5 12 0 3 4 7 8 9 1.41421
5 12 0 3 4 7 8 10 1.41421
5 12 0 3 4 7 8 11 1.41421
5 12 0 3 4 7 8 13 1.41421
5 12 0 3 4 7 8 14 1.41421
5 12 0 3 4 7 9 10 1.73205
5 12 0 3 4 7 9 11 1.90693
5 12 0 3 4 7 9 13 1.73205
5 12 0 3 4 7 9 14 1.85164
5 12 0 3 4 7 10 11 1.73205
5 12 0 3 4 7 10 13 1.41421
5 12 0 3 4 7 10 14 1.73205
5 12 0 3 4 7 11 13 1.73205
5 12 0 3 4 7 11 14 1.85164
5 12 0 3 4 7 13 14 1.62019
5 12 0 3 4 8 9 10 1.73205
5 12 0 3 4 8 9 11 1.73205
5 12 0 3 4 8 9 13 1.41421
5 12 0 3 4 8 9 14 1.73205
5 12 0 3 4 8 10 11 1.73205
5 12 0 3 4 8 10 13 1.41421
5 12 0 3 4 8 10 14 1.73205
5 12 0 3 4 8 11 13 1.41421
5 12 0 3 4 8 11 14 1.73205
5 12 0 3 4 8 13 14 1.41421
5 12 0 3 4 9 10 11 2
5 12 0 3 4 9 10 13 1.73205
5 12 0 3 4 9 10 14 2
5 12 0 3 4 9 11 13 1.90693
5 12 0 3 4 9 11 14 2.07802
5 12 0 3 4 9 13 14 1.85164
5 12 0 3 4 10 11 13 1.73205
5 12 0 3 4 10 11 14 2
5 12 0 3 4 10 13 14 1.73205
5 12 0 3 4 11 13 14 1.85164
5 12 0 3 6 7 8 9 1.41421
5 12 0 3 6 7 8 10 1.41421
5 12 0 3 6 7 8 11 1.41421
5 12 0 3 6 7 8 13 1.41421
5 12 0 3 6 7 8 14 1.41421
5 12 0 3 6 7 9 10 1.73205
5 12 0 3 6 7 9 11 2
5 12 0 3 6 7 9 13 1.90693
5 12 0 3 6 7 9 14 1.90693
5 12 0 3 6 7 10 11 1.73205
5 12 0 3 6 7 10 13 1.41421
5 12 0 3 6 7 10 14 1.73205
5 12 0 3 6 7 11 13 1.90693
5 12 0 3 6 7 11 14 1.90693
5 12 0 3 6 7 13 14 1.73205
5 12 0 3 6 8 9 10 1.73205
5 12 0 3 6 8 9 11 1.73205
5 12 0 3 6 8 9 13 1.41421
5 12 0 3 6 8 9 14 1.73205
5 12 0 3 6 8 10 11 1.73205
5 12 0 3 6 8 10 13 1.41421
5 12 0 3 6 8 10 14 1.73205
5 12 0 3 6 8 11 13 1.41421
5 12 0 3 6 8 11 14 1.73205
5 12 0 3 6 8 13 14 1.41421
5 12 0 3 6 9 10 11 2
5 12 0 3 6 9 10 13 1.73205
5 12 0 3 6 9 10 14 2
5 12 0 3 6 9 11 13 2
5 12 0 3 6 9 11 14 2.10357
5 12 0 3 6 9 13 14 1.90693
5 12 0 3 6 10 11 13 1.73205
5 12 0 3 6 10 11 14 2
5 12 0 3 6 10 13 14 1.73205
5 12 0 3 6 11 13 14 1.90693
5 12 0 3 7 8 9 10 1.41421
5 12 0 3 7 8 9 11 1.41421
5 12 0 3 7 8 9 13 1.41421
5 12 0 3 7 8 9 14 1.41421
5 12 0 3 7 8 10 11 1.41421
5 12 0 3 7 8 10 13 1.41421
5 12 0 3 7 8 10 14 1.41421
5 12 0 3 7 8 11 13 1.41421
5 12 0 3 7 8 11 14 1.41421
5 12 0 3 7 8 13 14 1.41421
5 12 0 3 7 9 10 11 1.73205
5 12 0 3 7 9 10 13 1.41421
5 12 0 3 7 9 10 14 1.73205
5 12 0 3 7 9 11 13 1.90693
5 12 0 3 7 9 11 14 1.90693
5 12 0 3 7 9 13 14 1.73205
5 12 0 3 7 10 11 13 1.41421
5 12 0 3 7 10 11 14 1.73205
5 12 0 3 7 10 13 14 1.41421
5 12 0 3 7 11 13 14 1.73205
5 12 0 3 8 9 10 11 1.73205
5 12 0 3 8 9 10 13 1.41421
5 12 0 3 8 9 10 14 1.73205
5 12 0 3 8 9 11 13 1.41421
5 12 0 3 8 9 11 14 1.73205
5 12 0 3 8 9 13 14 1.41421
5 12 0 3 8 10 11 13 1.41421
5 12 0 3 8 10 11 14 1.73205
5 12 0 3 8 10 13 14 1.41421
5 12 0 3 8 11 13 14 1.41421
5 12 0 3 9 10 11 13 1.73205
5 12 0 3 9 10 11 14 2
5 12 0 3 9 10 13 14 1.73205
5 12 0 3 9 11 13 14 1.90693
5 12 0 3 10 11 13 14 1.73205
5 12 0 4 6 7 8 9 1.73205
5 12 0 4 6 7 8 10 1.73205
5 12 0 4 6 7 8 11 1.62019
5 12 0 4 6 7 8 13 1.62019
5 12 0 4 6 7 8 14 1.73205
5 12 0 4 6 7 9 10 1.90693
5 12 0 4 6 7 9 11 2
5 12 0 4 6 7 9 13 2
5 12 0 4 6 7 9 14 2
5 12 0 4 6 7 10 11 1.85164
5 12 0 4 6 7 10 13 1.73205
5 12 0 4 6 7 10 14 1.90693
5 12 0 4 6 7 11 13 1.81265
5 12 0 4 6 7 11 14 1.93309
5 12 0 4 6 7 13 14 1.81265
5 12 0 4 6 8 9 10 2.23607
5 12 0 4 6 8 9 11 2.13664
5 12 0 4 6 8 9 13 2.13664
5 12 0 4 6 8 9 14 2.23607
5 12 0 4 6 8 10 11 2.13664
5 12 0 4 6 8 10 13 2.13664
5 12 0 4 6 8 10 14 2.23607
5 12 0 4 6 8 11 13 2
5 12 0 4 6 8 11 14 2.13664
5 12 0 4 6 8 13 14 2.13664
5 12 0 4 6 9 10 11 2.28709
5 12 0 4 6 9 10 13 2.23607
5 12 0 4 6 9 10 14 2.35488
5 12 0 4 6 9 11 13 2.19089
5 12 0 4 6 9 11 14 2.32266
5 12 0 4 6 9 13 14 2.26385
5 12 0 4 6 10 11 13 2.13664
5 12 0 4 6 10 11 14 2.28709
5 12 0 4 6 10 13 14 2.23607
5 12 0 4 6 11 13 14 2.16025
5 12 0 4 7 8 9 10 1.81265
5 12 0 4 7 8 9 11 1.62019
5 12 0 4 7 8 9 13 1.73205
5 12 0 4 7 8 9 14 1.81265
5 12 0 4 7 8 10 11 1.62019
5 12 0 4 7 8 10 13 1.81265
5 12 0 4 7 8 10 14 2
5 12 0 4 7 8 11 13 1.41421
5 12 0 4 7 8 11 14 1.62019
5 12 0 4 7 8 13 14 1.81265
5 12 0 4 7 9 10 11 1.85164
5 12 0 4 7 9 10 13 1.81265
5 12 0 4 7 9 10 14 1.93309
5 12 0 4 7 9 11 13 1.81265
5 12 0 4 7 9 11 14 1.93309
5 12 0 4 7 9 13 14 2
5 12 0 4 7 10 11 13 1.62019
5 12 0 4 7 10 11 14 1.85164
5 12 0 4 7 10 13 14 2
5 12 0 4 7 11 13 14 1.73205
5 12 0 4 8 9 10 11 2.13664
5 12 0 4 8 9 10 13 2.16025
5 12 0 4 8 9 10 14 2.26385
5 12 0 4 8 9 11 13 2
5 12 0 4 8 9 11 14 2.13664
5 12 0 4 8 9 13 14 2.16025
5 12 0 4 8 10 11 13 2
5 12 0 4 8 10 11 14 2.13664
5 12 0 4 8 10 13 14 2.19089
5 12 0 4 8 11 13 14 2
5 12 0 4 9 10 11 13 2.13664
5 12 0 4 9 10 11 14 2.28709
5 12 0 4 9 10 13 14 2.26385
5 12 0 4 9 11 13 14 2.16025
5 12 0 4 10 11 13 14 2.13664
5 12 0 6 7 8 9 10 1.73205
5 12 0 6 7 8 9 11 1.62019
5 12 0 6 7 8 9 13 1.62019
5 12 0 6 7 8 9 14 1.73205
5 12 0 6 7 8 10 11 1.62019
5 12 0 6 7 8 10 13 1.62019
5 12 0 6 7 8 10 14 1.73205
5 12 0 6 7 8 11 13 1.41421
5 12 0 6 7 8 11 14 1.62019
5 12 0 6 7 8 13 14 1.62019
5 12 0 6 7 9 10 11 1.85164
5 12 0 6 7 9 10 13 1.73205
5 12 0 6 7 9 10 14 1.90693
5 12 0 6 7 9 11 13 1.93309
5 12 0 6 7 9 11 14 2
5 12 0 6 7 9 13 14 2
5 12 0 6 7 10 11 13 1.62019
5 12 0 6 7 10 11 14 1.85164
5 12 0 6 7 10 13 14 1.73205
5 12 0 6 7 11 13 14 1.81265
5 12 0 6 8 9 10 11 2.13664
5 12 0 6 8 9 10 13 2.13664
5 12 0 6 8 9 10 14 2.23607
5 12 0 6 8 9 11 13 2
5 12 0 6 8 9 11 14 2.13664
5 12 0 6 8 9 13 14 2.13664
5 12 0 6 8 10 11 13 2
5 12 0 6 8 10 11 14 2.13664
5 12 0 6 8 10 13 14 2.13664
5 12 0 6 8 11 13 14 2
5 12 0 6 9 10 11 13 2.13664
5 12 0 6 9 10 11 14 2.28709
5 12 0 6 9 10 13 14 2.23607
5 12 0 6 9 11 13 14 2.19089
5 12 0 6 10 11 13 14 2.13664
5 12 0 7 8 9 10 11 1.62019
5 12 0 7 8 9 10 13 1.73205
5 12 0 7 8 9 10 14 1.81265
5 12 0 7 8 9 11 13 1.41421
5 12 0 7 8 9 11 14 1.62019
5 12 0 7 8 9 13 14 1.73205
5 12 0 7 8 10 11 13 1.41421
5 12 0 7 8 10 11 14 1.62019
5 12 0 7 8 10 13 14 1.81265
5 12 0 7 8 11 13 14 1.41421
5 12 0 7 9 10 11 13 1.62019
5 12 0 7 9 10 11 14 1.85164
5 12 0 7 9 10 13 14 1.81265
5 12 0 7 9 11 13 14 1.81265
5 12 0 7 10 11 13 14 1.62019
5 12 0 8 9 10 11 13 2
5 12 0 8 9 10 11 14 2.13664
5 12 0 8 9 10 13 14 2.16025
5 12 0 8 9 11 13 14 2
5 12 0 8 10 11 13 14 2
5 12 0 9 10 11 13 14 2.13664
5 12 1 2 3 4 6 7 1.41421
5 12 1 2 3 4 6 8 1
5 12 1 2 3 4 6 9 1.41421
5 12 1 2 3 4 6 10 1
5 12 1 2 3 4 6 11 1.41421
5 12 1 2 3 4 6 13 1.41421
5 12 1 2 3 4 6 14 1
5 12 1 2 3 4 7 8 1.41421
5 12 1 2 3 4 7 9 1.41421
5 12 1 2 3 4 7 10 1.41421
5 12 1 2 3 4 7 11 1.41421
5 12 1 2 3 4 7 13 1.41421
5 12 1 2 3 4 7 14 1.41421
5 12 1 2 3 4 8 9 1
5 12 1 2 3 4 8 10 1.41421
5 12 1 2 3 4 8 11 1
5 12 1 2 3 4 8 13 1.41421
5 12 1 2 3 4 8 14 1.41421
5 12 1 2 3 4 9 10 1
5 12 1 2 3 4 9 11 1.41421
5 12 1 2 3 4 9 13 1.41421
5 12 1 2 3 4 9 14 1
5 12 1 2 3 4 10 11 1
5 12 1 2 3 4 10 13 1.41421
5 12 1 2 3 4 10 14 1.41421
5 12 1 2 3 4 11 13 1.41421
5 12 1 2 3 4 11 14 1
5 12 1 2 3 4 13 14 1.41421
5 12 1 2 3 6 7 8 1.41421
5 12 1 2 3 6 7 9 1.73205
5 12 1 2 3 6 7 10 1
5 12 1 2 3 6 7 11 1.73205
5 12 1 2 3 6 7 13 1.73205
5 12 1 2 3 6 7 14 1.41421
5 12 1 2 3 6 8 9 1.41421
5 12 1 2 3 6 8 10 1
5 12 1 2 3 6 8 11 1.41421
5 12 1 2 3 6 8 13 1.41421
5 12 1 2 3 6 8 14 1
5 12 1 2 3 6 9 10 1
5 12 1 2 3 6 9 11 1.73205
5 12 1 2 3 6 9 13 1.73205
5 12 1 2 3 6 9 14 1.41421
5 12 1 2 3 6 10 11 1
5 12 1 2 3 6 10 13 0
5 12 1 2 3 6 10 14 1
5 12 1 2 3 6 11 13 1.73205
5 12 1 2 3 6 11 14 1.41421
5 12 1 2 3 6 13 14 1.41421
5 12 1 2 3 7 8 9 1.41421
5 12 1 2 3 7 8 10 1.41421
5 12 1 2 3 7 8 11 1.41421
5 12 1 2 3 7 8 13 1.41421
5 12 1 2 3 7 8 14 1.41421
5 12 1 2 3 7 9 10 1
5 12 1 2 3 7 9 11 1.73205
5 12 1 2 3 7 9 13 1.73205
5 12 1 2 3 7 9 14 1.41421
5 12 1 2 3 7 10 11 1
5 12 1 2 3 7 10 13 1.41421
5 12 1 2 3 7 10 14 1.41421
5 12 1 2 3 7 11 13 1.73205
5 12 1 2 3 7 11 14 1.41421
5 12 1 2 3 7 13 14 1.41421
5 12 1 2 3 8 9 10 1
5 12 1 2 3 8 9 11 1.41421
5 12 1 2 3 8 9 13 1.41421
5 12 1 2 3 8 9 14 1
5 12 1 2 3 8 10 11 1
5 12 1 2 3 8 10 13 1.41421
5 12 1 2 3 8 10 14 1.41421
5 12 1 2 3 8 11 13 1.41421
5 12 1 2 3 8 11 14 1
5 12 1 2 3 8 13 14 1.41421
5 12 1 2 3 9 10 11 1
5 12 1 2 3 9 10 13 1
5 12 1 2 3 9 10 14 1
5 12 1 2 3 9 11 13 1.73205
5 12 1 2 3 9 11 14 1.41421
5 12 1 2 3 9 13 14 1.41421
5 12 1 2 3 10 11 13 1
5 12 1 2 3 10 11 14 1
5 12 1 2 3 10 13 14 1.41421
5 12 1 2 3 11 13 14 1.41421
5 12 1 2 4 6 7 8 1
5 12 1 2 4 6 7 9 1.41421
5 12 1 2 4 6 7 10 1
5 12 1 2 4 6 7 11 1.41421
5 12 1 2 4 6 7 13 1.41421
5 12 1 2 4 6 7 14 1
5 12 1 2 4 6 8 9 1.41421
5 12 1 2 4 6 8 10 1.41421
5 12 1 2 4 6 8 11 1
5 12 1 2 4 6 8 13 1.41421
5 12 1 2 4 6 8 14 1.41421
5 12 1 2 4 6 9 10 1.41421
5 12 1 2 4 6 9 11 1.41421
5 12 1 2 4 6 9 13 1.41421
5 12 1 2 4 6 9 14 1.41421
5 12 1 2 4 6 10 11 1
5 12 1 2 4 6 10 13 1.41421
5 12 1 2 4 6 10 14 1.41421
5 12 1 2 4 6 11 13 1.41421
5 12 1 2 4 6 11 14 1
5 12 1 2 4 6 13 14 1.41421
5 12 1 2 4 7 8 9 1.41421
5 12 1 2 4 7 8 10 1.62019
5 12 1 2 4 7 8 11 1
5 12 1 2 4 7 8 13 1.62019
5 12 1 2 4 7 8 14 1.62019
5 12 1 2 4 7 9 10 1.41421
5 12 1 2 4 7 9 11 1.41421
5 12 1 2 4 7 9 13 1.41421
5 12 1 2 4 7 9 14 1.41421
5 12 1 2 4 7 10 11 1
5 12 1 2 4 7 10 13 1.62019
5 12 1 2 4 7 10 14 1.62019
5 12 1 2 4 7 11 13 1.41421
5 12 1 2 4 7 11 14 1
5 12 1 2 4 7 13 14 1.62019
5 12 1 2 4 8 9 10 1.62019
5 12 1 2 4 8 9 11 1
5 12 1 2 4 8 9 13 1.62019
5 12 1 2 4 8 9 14 1.62019
5 12 1 2 4 8 10 11 1
5 12 1 2 4 8 10 13 1.73205
5 12 1 2 4 8 10 14 1.73205
5 12 1 2 4 8 11 13 1
5 12 1 2 4 8 11 14 1
5 12 1 2 4 8 13 14 1.73205
5 12 1 2 4 9 10 11 1
5 12 1 2 4 9 10 13 1.62019
5 12 1 2 4 9 10 14 1.62019
5 12 1 2 4 9 11 13 1.41421
5 12 1 2 4 9 11 14 1
5 12 1 2 4 9 13 14 1.62019
5 12 1 2 4 10 11 13 1
5 12 1 2 4 10 11 14 1
5 12 1 2 4 10 13 14 1.73205
5 12 1 2 4 11 13 14 1
5 12 1 2 6 7 8 9 1.41421
5 12 1 2 6 7 8 10 1
5 12 1 2 6 7 8 11 1.41421
5 12 1 2 6 7 8 13 1.41421
5 12 1 2 6 7 8 14 1
5 12 1 2 6 7 9 10 1
5 12 1 2 6 7 9 11 1.73205
5 12 1 2 6 7 9 13 1.73205
5 12 1 2 6 7 9 14 1.41421
5 12 1 2 6 7 10 11 1
5 12 1 2 6 7 10 13 1
5 12 1 2 6 7 10 14 1
5 12 1 2 6 7 11 13 1.73205
5 12 1 2 6 7 11 14 1.41421
5 12 1 2 6 7 13 14 1.41421
5 12 1 2 6 8 9 10 1.41421
5 12 1 2 6 8 9 11 1.41421
5 12 1 2 6 8 9 13 1.41421
5 12 1 2 6 8 9 14 1.41421
5 12 1 2 6 8 10 11 1
5 12 1 2 6 8 10 13 1.41421
5 12 1 2 6 8 10 14 1.41421
5 12 1 2 6 8 11 13 1.41421
5 12 1 2 6 8 11 14 1
5 12 1 2 6 8 13 14 1.41421
5 12 1 2 6 9 10 11 1
5 12 1 2 6 9 10 13 1.41421
5 12 1 2 6 9 10 14 1.41421
5 12 1 2 6 9 11 13 1.73205
5 12 1 2 6 9 11 14 1.41421
5 12 1 2 6 9 13 14 1.41421
5 12 1 2 6 10 11 13 1
5 12 1 2 6 10 11 14 1
5 12 1 2 6 10 13 14 1.41421
5 12 1 2 6 11 13 14 1.41421
5 12 1 2 7 8 9 10 1.41421
5 12 1 2 7 8 9 11 1.41421
5 12 1 2 7 8 9 13 1.41421
5 12 1 2 7 8 9 14 1.41421
5 12 1 2 7 8 10 11 1
5 12 1 2 7 8 10 13 1.62019
5 12 1 2 7 8 10 14 1.62019
5 12 1 2 7 8 11 13 1.41421
5 12 1 2 7 8 11 14 1
5 12 1 2 7 8 13 14 1.62019
5 12 1 2 7 9 10 11 1
5 12 1 2 7 9 10 13 1.41421
5 12 1 2 7 9 10 14 1.41421
5 12 1 2 7 9 11 13 1.73205
5 12 1 2 7 9 11 14 1.41421
5 12 1 2 7 9 13 14 1.41421
5 12 1 2 7 10 11 13 1
5 12 1 2 7 10 11 14 1
5 12 1 2 7 10 13 14 1.62019
5 12 1 2 7 11 13 14 1.41421
5 12 1 2 8 9 10 11 1
5 12 1 2 8 9 10 13 1.62019
5 12 1 2 8 9 10 14 1.62019
5 12 1 2 8 9 11 13 1.41421
5 12 1 2 8 9 11 14 1
5 12 1 2 8 9 13 14 1.62019
5 12 1 2 8 10 11 13 1
5 12 1 2 8 10 11 14 1
5 12 1 2 8 10 13 14 1.73205
5 12 1 2 8 11 13 14 1
5 12 1 2 9 10 11 13 1
5 12 1 2 9 10 11 14 1
5 12 1 2 9 10 13 14 1.62019
5 12 1 2 9 11 13 14 1.41421
5 12 1 2 10 11 13 14 1
5 12 1 3 4 6 7 8 1
5 12 1 3 4 6 7 9 1.41421
5 12 1 3 4 6 7 10 1
5 12 1 3 4 6 7 11 1.41421
5 12 1 3 4 6 7 13 1.41421
5 12 1 3 4 6 7 14 1
5 12 1 3 4 6 8 9 1
5 12 1 3 4 6 8 10 1
5 12 1 3 4 6 8 11 1
5 12 1 3 4 6 8 13 1
5 12 1 3 4 6 8 14 1
5 12 1 3 4 6 9 10 1
5 12 1 3 4 6 9 11 1.41421
5 12 1 3 4 6 9 13 1.41421
5 12 1 3 4 6 9 14 1
5 12 1 3 4 6 10 11 1
5 12 1 3 4 6 10 13 0
5 12 1 3 4 6 10 14 1
5 12 1 3 4 6 11 13 1.41421
5 12 1 3 4 6 11 14 1
5 12 1 3 4 6 13 14 1
5 12 1 3 4 7 8 9 1
5 12 1 3 4 7 8 10 1.41421
5 12 1 3 4 7 8 11 1
5 12 1 3 4 7 8 13 1.41421
5 12 1 3 4 7 8 14 1.41421
5 12 1 3 4 7 9 10 1
5 12 1 3 4 7 9 11 1.41421
5 12 1 3 4 7 9 13 1.41421
5 12 1 3 4 7 9 14 1
5 12 1 3 4 7 10 11 1
5 12 1 3 4 7 10 13 1.41421
5 12 1 3 4 7 10 14 1.41421
5 12 1 3 4 7 11 13 1.41421
5 12 1 3 4 7 11 14 1
5 12 1 3 4 7 13 14 1.41421
5 12 1 3 4 8 9 10 1
5 12 1 3 4 8 9 11 1
5 12 1 3 4 8 9 13 1
5 12 1 3 4 8 9 14 1
5 12 1 3 4 8 10 11 1
5 12 1 3 4 8 10 13 1.41421
5 12 1 3 4 8 10 14 1.41421
5 12 1 3 4 8 11 13 1
5 12 1 3 4 8 11 14 1
5 12 1 3 4 8 13 14 1.41421
5 12 1 3 4 9 10 11 1
5 12 1 3 4 9 10 13 1
5 12 1 3 4 9 10 14 1
5 12 1 3 4 9 11 13 1.41421
5 12 1 3 4 9 11 14 1
5 12 1 3 4 9 13 14 1
5 12 1 3 4 10 11 13 1
5 12 1 3 4 10 11 14 1
5 12 1 3 4 10 13 14 1.41421
5 12 1 3 4 11 13 14 1
5 12 1 3 6 7 8 9 1.41421
5 12 1 3 6 7 8 10 1
5 12 1 3 6 7 8 11 1.41421
5 12 1 3 6 7 8 13 1.41421
5 12 1 3 6 7 8 14 1
5 12 1 3 6 7 9 10 1
5 12 1 3 6 7 9 11 1.73205
5 12 1 3 6 7 9 13 1.73205
5 12 1 3 6 7 9 14 1.41421
5 12 1 3 6 7 10 11 1
5 12 1 3 6 7 10 13 0
5 12 1 3 6 7 10 14 1
5 12 1 3 6 7 11 13 1.73205
5 12 1 3 6 7 11 14 1.41421
5 12 1 3 6 7 13 14 1.41421
5 12 1 3 6 8 9 10 1
5 12 1 3 6 8 9 11 1.41421
5 12 1 3 6 8 9 13 1.41421
5 12 1 3 6 8 9 14 1
5 12 1 3 6 8 10 11 1
5 12 1 3 6 8 10 13 0
5 12 1 3 6 8 10 14 1
5 12 1 3 6 8 11 13 1.41421
5 12 1 3 6 8 11 14 1
5 12 1 3 6 8 13 14 1
5 12 1 3 6 9 10 11 1
5 12 1 3 6 9 10 13 0
5 12 1 3 6 9 10 14 1
5 12 1 3 6 9 11 13 1.73205
5 12 1 3 6 9 11 14 1.41421
5 12 1 3 6 9 13 14 1.41421
5 12 1 3 6 10 11 13 0
5 12 1 3 6 10 11 14 1
5 12 1 3 6 10 13 14 0
5 12 1 3 6 11 13 14 1.41421
5 12 1 3 7 8 9 10 1
5 12 1 3 7 8 9 11 1.41421
5 12 1 3 7 8 9 13 1.41421
5 12 1 3 7 8 9 14 1
5 12 1 3 7 8 10 11 1
5 12 1 3 7 8 10 13 1.41421
5 12 1 3 7 8 10 14 1.41421
5 12 1 3 7 8 11 13 1.41421
5 12 1 3 7 8 11 14 1
5 12 1 3 7 8 13 14 1.41421
5 12 1 3 7 9 10 11 1
5 12 1 3 7 9 10 13 1
5 12 1 3 7 9 10 14 1
5 12 1 3 7 9 11 13 1.73205
5 12 1 3 7 9 11 14 1.41421
5 12 1 3 7 9 13 14 1.41421
5 12 1 3 7 10 11 13 1
5 12 1 3 7 10 11 14 1
5 12 1 3 7 10 13 14 1.41421
5 12 1 3 7 11 13 14 1.41421
5 12 1 3 8 9 10 11 1
5 12 1 3 8 9 10 13 1
5 12 1 3 8 9 10 14 1
5 12 1 3 8 9 11 13 1.41421
5 12 1 3 8 9 11 14 1
5 12 1 3 8 9 13 14 1
5 12 1 3 8 10 11 13 1
5 12 1 3 8 10 11 14 1
5 12 1 3 8 10 13 14 1.41421
5 12 1 3 8 11 13 14 1
5 12 1 3 9 10 11 13 0
5 12 1 3 9 10 11 14 1
5 12 1 3 9 10 13 14 1
5 12 1 3 9 11 13 14 1.41421
5 12 1 3 10 11 13 14 1
5 12 1 4 6 7 8 9 1.41421
5 12 1 4 6 7 8 10 1.41421
5 12 1 4 6 7 8 11 1
5 12 1 4 6 7 8 13 1.41421
5 12 1 4 6 7 8 14 1.41421
5 12 1 4 6 7 9 10 1.41421
5 12 1 4 6 7 9 11 1.41421
5 12 1 4 6 7 9 13 1.41421
5 12 1 4 6 7 9 14 1.41421
5 12 1 4 6 7 10 11 1
5 12 1 4 6 7 10 13 1.41421
5 12 1 4 6 7 10 14 1.41421
5 12 1 4 6 7 11 13 1.41421
5 12 1 4 6 7 11 14 1
5 12 1 4 6 7 13 14 1.41421
5 12 1 4 6 8 9 10 1.73205
5 12 1 4 6 8 9 11 1.41421
5 12 1 4 6 8 9 13 1.73205
5 12 1 4 6 8 9 14 1.73205
5 12 1 4 6 8 10 11 1.41421
5 12 1 4 6 8 10 13 1.73205
5 12 1 4 6 8 10 14 1.73205
5 12 1 4 6 8 11 13 1.41421
5 12 1 4 6 8 11 14 1.41421
5 12 1 4 6 8 13 14 1.73205
5 12 1 4 6 9 10 11 1.41421
5 12 1 4 6 9 10 13 1.73205
5 12 1 4 6 9 10 14 1.73205
5 12 1 4 6 9 11 13 1.41421
5 12 1 4 6 9 11 14 1.41421
5 12 1 4 6 9 13 14 1.73205
5 12 1 4 6 10 11 13 1.41421
5 12 1 4 6 10 11 14 1.41421
5 12 1 4 6 10 13 14 1.73205
5 12 1 4 6 11 13 14 1.41421
5 12 1 4 7 8 9 10 1.62019
5 12 1 4 7 8 9 11 1
5 12 1 4 7 8 9 13 1.62019
5 12 1 4 7 8 9 14 1.62019
5 12 1 4 7 8 10 11 1
5 12 1 4 7 8 10 13 1.73205
5 12 1 4 7 8 10 14 1.73205
5 12 1 4 7 8 11 13 1
5 12 1 4 7 8 11 14 1
5 12 1 4 7 8 13 14 1.73205
5 12 1 4 7 9 10 11 1
5 12 1 4 7 9 10 13 1.62019
5 12 1 4 7 9 10 14 1.62019
5 12 1 4 7 9 11 13 1.41421
5 12 1 4 7 9 11 14 1
5 12 1 4 7 9 13 14 1.62019
5 12 1 4 7 10 11 13 1
5 12 1 4 7 10 11 14 1
5 12 1 4 7 10 13 14 1.73205
5 12 1 4 7 11 13 14 1
5 12 1 4 8 9 10 11 1.41421
5 12 1 4 8 9 10 13 1.85164
5 12 1 4 8 9 10 14 1.85164
5 12 1 4 8 9 11 13 1.41421
5 12 1 4 8 9 11 14 1.41421
5 12 1 4 8 9 13 14 1.85164
5 12 1 4 8 10 11 13 1.41421
5 12 1 4 8 10 11 14 1.41421
5 12 1 4 8 10 13 14 1.90693
5 12 1 4 8 11 13 14 1.41421
5 12 1 4 9 10 11 13 1.41421
5 12 1 4 9 10 11 14 1.41421
5 12 1 4 9 10 13 14 1.85164
5 12 1 4 9 11 13 14 1.41421
5 12 1 4 10 11 13 14 1.41421
5 12 1 6 7 8 9 10 1.41421
5 12 1 6 7 8 9 11 1.41421
5 12 1 6 7 8 9 13 1.41421
5 12 1 6 7 8 9 14 1.41421
5 12 1 6 7 8 10 11 1
5 12 1 6 7 8 10 13 1.41421
5 12 1 6 7 8 10 14 1.41421
5 12 1 6 7 8 11 13 1.41421
5 12 1 6 7 8 11 14 1
5 12 1 6 7 8 13 14 1.41421
5 12 1 6 7 9 10 11 1
5 12 1 6 7 9 10 13 1.41421
5 12 1 6 7 9 10 14 1.41421
5 12 1 6 7 9 11 13 1.73205
5 12 1 6 7 9 11 14 1.41421
5 12 1 6 7 9 13 14 1.41421
5 12 1 6 7 10 11 13 1
5 12 1 6 7 10 11 14 1
5 12 1 6 7 10 13 14 1.41421
5 12 1 6 7 11 13 14 1.41421
5 12 1 6 8 9 10 11 1.41421
5 12 1 6 8 9 10 13 1.73205
5 12 1 6 8 9 10 14 1.73205
5 12 1 6 8 9 11 13 1.41421
5 12 1 6 8 9 11 14 1.41421
5 12 1 6 8 9 13 14 1.73205
5 12 1 6 8 10 11 13 1.41421
5 12 1 6 8 10 11 14 1.41421
5 12 1 6 8 10 13 14 1.73205
5 12 1 6 8 11 13 14 1.41421
5 12 1 6 9 10 11 13 1.41421
5 12 1 6 9 10 11 14 1.41421
5 12 1 6 9 10 13 14 1.73205
5 12 1 6 9 11 13 14 1.41421
5 12 1 6 10 11 13 14 1.41421
5 12 1 7 8 9 10 11 1
5 12 1 7 8 9 10 13 1.62019
5 12 1 7 8 9 10 14 1.62019
5 12 1 7 8 9 11 13 1.41421
5 12 1 7 8 9 11 14 1
5 12 1 7 8 9 13 14 1.62019
5 12 1 7 8 10 11 13 1
5 12 1 7 8 10 11 14 1
5 12 1 7 8 10 13 14 1.73205
5 12 1 7 8 11 13 14 1
5 12 1 7 9 10 11 13 1
5 12 1 7 9 10 11 14 1
5 12 1 7 9 10 13 14 1.62019
5 12 1 7 9 11 13 14 1.41421
5 12 1 7 10 11 13 14 1
5 12 1 8 9 10 11 13 1.41421
5 12 1 8 9 10 11 14 1.41421
5 12 1 8 9 10 13 14 1.85164
5 12 1 8 9 11 13 14 1.41421
5 12 1 8 10 11 13 14 1.41421
5 12 1 9 10 11 13 14 1.41421
5 12 2 3 4 6 7 8 1.41421
5 12 2 3 4 6 7 9 1.81265
5 12 2 3 4 6 7 10 1.62019
5 12 2 3 4 6 7 11 1.81265
5 12 2 3 4 6 7 13 1.62019
5 12 2 3 4 6 7 14 1.73205
5 12 2 3 4 6 8 9 1.62019
5 12 2 3 4 6 8 10 1.62019
5 12 2 3 4 6 8 11 1.62019
5 12 2 3 4 6 8 13 1
5 12 2 3 4 6 8 14 1.62019
5 12 2 3 4 6 9 10 1.85164
5 12 2 3 4 6 9 11 2
5 12 2 3 4 6 9 13 1.73205
5 12 2 3 4 6 9 14 1.93309
5 12 2 3 4 6 10 11 1.85164
5 12 2 3 4 6 10 13 1.41421
5 12 2 3 4 6 10 14 1.85164
5 12 2 3 4 6 11 13 1.73205
5 12 2 3 4 6 11 14 1.93309
5 12 2 3 4 6 13 14 1.62019
5 12 2 3 4 7 8 9 1.41421
5 12 2 3 4 7 8 10 1.41421
5 12 2 3 4 7 8 11 1.41421
5 12 2 3 4 7 8 13 1.41421
5 12 2 3 4 7 8 14 1.41421
5 12 2 3 4 7 9 10 1.62019
5 12 2 3 4 7 9 11 1.81265
5 12 2 3 4 7 9 13 1.62019
5 12 2 3 4 7 9 14 1.73205
5 12 2 3 4 7 10 11 1.62019
5 12 2 3 4 7 10 13 1.41421
5 12 2 3 4 7 10 14 1.62019
5 12 2 3 4 7 11 13 1.62019
5 12 2 3 4 7 11 14 1.73205
5 12 2 3 4 7 13 14 1.41421
5 12 2 3 4 8 9 10 1.62019
5 12 2 3 4 8 9 11 1.62019
5 12 2 3 4 8 9 13 1
5 12 2 3 4 8 9 14 1.62019
5 12 2 3 4 8 10 11 1.62019
5 12 2 3 4 8 10 13 1.41421
5 12 2 3 4 8 10 14 1.62019
5 12 2 3 4 8 11 13 1
5 12 2 3 4 8 11 14 1.62019
5 12 2 3 4 8 13 14 1.41421
5 12 2 3 4 9 10 11 1.85164
5 12 2 3 4 9 10 13 1.41421
5 12 2 3 4 9 10 14 1.85164
5 12 2 3 4 9 11 13 1.73205
5 12 2 3 4 9 11 14 1.93309
5 12 2 3 4 9 13 14 1.62019
5 12 2 3 4 10 11 13 1.41421
5 12 2 3 4 10 11 14 1.85164
5 12 2 3 4 10 13 14 1.41421
5 12 2 3 4 11 13 14 1.62019
5 12 2 3 6 7 8 9 1.41421
5 12 2 3 6 7 8 10 1.41421
5 12 2 3 6 7 8 11 1.41421
5 12 2 3 6 7 8 13 1.41421
5 12 2 3 6 7 8 14 1.41421
5 12 2 3 6 7 9 10 1.62019
5 12 2 3 6 7 9 11 1.93309
5 12 2 3 6 7 9 13 1.85164
5 12 2 3 6 7 9 14 1.81265
5 12 2 3 6 7 10 11 1.62019
5 12 2 3 6 7 10 13 1
5 12 2 3 6 7 10 14 1.62019
5 12 2 3 6 7 11 13 1.85164
5 12 2 3 6 7 11 14 1.81265
5 12 2 3 6 7 13 14 1.62019
5 12 2 3 6 8 9 10 1.62019
5 12 2 3 6 8 9 11 1.62019
5 12 2 3 6 8 9 13 1.41421
5 12 2 3 6 8 9 14 1.62019
5 12 2 3 6 8 10 11 1.62019
5 12 2 3 6 8 10 13 1
5 12 2 3 6 8 10 14 1.62019
5 12 2 3 6 8 11 13 1.41421
5 12 2 3 6 8 11 14 1.62019
5 12 2 3 6 8 13 14 1
5 12 2 3 6 9 10 11 1.85164
5 12 2 3 6 9 10 13 1.41421
5 12 2 3 6 9 10 14 1.85164
5 12 2 3 6 9 11 13 1.90693
5 12 2 3 6 9 11 14 2
5 12 2 3 6 9 13 14 1.73205
5 12 2 3 6 10 11 13 1.41421
5 12 2 3 6 10 11 14 1.85164
5 12 2 3 6 10 13 14 1.41421
5 12 2 3 6 11 13 14 1.73205
5 12 2 3 7 8 9 10 1.41421
5 12 2 3 7 8 9 11 1.41421
5 12 2 3 7 8 9 13 1.41421
5 12 2 3 7 8 9 14 1.41421
5 12 2 3 7 8 10 11 1.41421
5 12 2 3 7 8 10 13 1.41421
5 12 2 3 7 8 10 14 1.41421
5 12 2 3 7 8 11 13 1.41421
5 12 2 3 7 8 11 14 1.41421
5 12 2 3 7 8 13 14 1.41421
5 12 2 3 7 9 10 11 1.62019
5 12 2 3 7 9 10 13 1
5 12 2 3 7 9 10 14 1.62019
5 12 2 3 7 9 11 13 1.85164
5 12 2 3 7 9 11 14 1.81265
5 12 2 3 7 9 13 14 1.62019
5 12 2 3 7 10 11 13 1
5 12 2 3 7 10 11 14 1.62019
5 12 2 3 7 10 13 14 1.41421
5 12 2 3 7 11 13 14 1.62019
5 12 2 3 8 9 10 11 1.62019
5 12 2 3 8 9 10 13 1
5 12 2 3 8 9 10 14 1.62019
5 12 2 3 8 9 11 13 1.41421
5 12 2 3 8 9 11 14 1.62019
5 12 2 3 8 9 13 14 1
5 12 2 3 8 10 11 13 1
5 12 2 3 8 10 11 14 1.62019
5 12 2 3 8 10 13 14 1.41421
5 12 2 3 8 11 13 14 1
5 12 2 3 9 10 11 13 1.41421
5 12 2 3 9 10 11 14 1.85164
5 12 2 3 9 10 13 14 1.41421
5 12 2 3 9 11 13 14 1.73205
5 12 2 3 10 11 13 14 1.41421
5 12 2 4 6 7 8 9 1.41421
5 12 2 4 6 7 8 10 1.41421
5 12 2 4 6 7 8 11 1.41421
5 12 2 4 6 7 8 13 1
5 12 2 4 6 7 8 14 1.41421
5 12 2 4 6 7 9 10 1.62019
5 12 2 4 6 7 9 11 1.81265
5 12 2 4 6 7 9 13 1.62019
5 12 2 4 6 7 9 14 1.73205
5 12 2 4 6 7 10 11 1.62019
5 12 2 4 6 7 10 13 1
5 12 2 4 6 7 10 14 1.62019
5 12 2 4 6 7 11 13 1.62019
5 12 2 4 6 7 11 14 1.73205
5 12 2 4 6 7 13 14 1.41421
5 12 2 4 6 8 9 10 1.81265
5 12 2 4 6 8 9 11 1.73205
5 12 2 4 6 8 9 13 1.62019
5 12 2 4 6 8 9 14 1.81265
5 12 2 4 6 8 10 11 1.73205
5 12 2 4 6 8 10 13 1.62019
5 12 2 4 6 8 10 14 1.81265
5 12 2 4 6 8 11 13 1.41421
5 12 2 4 6 8 11 14 1.73205
5 12 2 4 6 8 13 14 1.62019
5 12 2 4 6 9 10 11 1.93309
5 12 2 4 6 9 10 13 1.73205
5 12 2 4 6 9 10 14 2
5 12 2 4 6 9 11 13 1.81265
5 12 2 4 6 9 11 14 2
5 12 2 4 6 9 13 14 1.81265
5 12 2 4 6 10 11 13 1.62019
5 12 2 4 6 10 11 14 1.93309
5 12 2 4 6 10 13 14 1.73205
5 12 2 4 6 11 13 14 1.73205
5 12 2 4 7 8 9 10 1.41421
5 12 2 4 7 8 9 11 1.41421
5 12 2 4 7 8 9 13 1.41421
5 12 2 4 7 8 9 14 1.41421
5 12 2 4 7 8 10 11 1.41421
5 12 2 4 7 8 10 13 1.62019
5 12 2 4 7 8 10 14 1.62019
5 12 2 4 7 8 11 13 1
5 12 2 4 7 8 11 14 1.41421
5 12 2 4 7 8 13 14 1.62019
5 12 2 4 7 9 10 11 1.62019
5 12 2 4 7 9 10 13 1.41421
5 12 2 4 7 9 10 14 1.62019
5 12 2 4 7 9 11 13 1.62019
5 12 2 4 7 9 11 14 1.73205
5 12 2 4 7 9 13 14 1.41421
5 12 2 4 7 10 11 13 1
5 12 2 4 7 10 11 14 1.62019
5 12 2 4 7 10 13 14 1.62019
5 12 2 4 7 11 13 14 1.41421
5 12 2 4 8 9 10 11 1.73205
5 12 2 4 8 9 10 13 1.73205
5 12 2 4 8 9 10 14 2
5 12 2 4 8 9 11 13 1.41421
5 12 2 4 8 9 11 14 1.73205
5 12 2 4 8 9 13 14 1.73205
5 12 2 4 8 10 11 13 1.41421
5 12 2 4 8 10 11 14 1.73205
5 12 2 4 8 10 13 14 1.81265
5 12 2 4 8 11 13 14 1.41421
5 12 2 4 9 10 11 13 1.62019
5 12 2 4 9 10 11 14 1.93309
5 12 2 4 9 10 13 14 1.81265
5 12 2 4 9 11 13 14 1.73205
5 12 2 4 10 11 13 14 1.62019
5 12 2 6 7 8 9 10 1.41421
5 12 2 6 7 8 9 11 1.41421
5 12 2 6 7 8 9 13 1.41421
5 12 2 6 7 8 9 14 1.41421
5 12 2 6 7 8 10 11 1.41421
5 12 2 6 7 8 10 13 1
5 12 2 6 7 8 10 14 1.41421
5 12 2 6 7 8 11 13 1.41421
5 12 2 6 7 8 11 14 1.41421
5 12 2 6 7 8 13 14 1
5 12 2 6 7 9 10 11 1.62019
5 12 2 6 7 9 10 13 1
5 12 2 6 7 9 10 14 1.62019
5 12 2 6 7 9 11 13 1.85164
5 12 2 6 7 9 11 14 1.81265
5 12 2 6 7 9 13 14 1.62019
5 12 2 6 7 10 11 13 1
5 12 2 6 7 10 11 14 1.62019
5 12 2 6 7 10 13 14 1
5 12 2 6 7 11 13 14 1.62019
5 12 2 6 8 9 10 11 1.73205
5 12 2 6 8 9 10 13 1.62019
5 12 2 6 8 9 10 14 1.81265
5 12 2 6 8 9 11 13 1.41421
5 12 2 6 8 9 11 14 1.73205
5 12 2 6 8 9 13 14 1.62019
5 12 2 6 8 10 11 13 1.41421
5 12 2 6 8 10 11 14 1.73205
5 12 2 6 8 10 13 14 1.62019
5 12 2 6 8 11 13 14 1.41421
5 12 2 6 9 10 11 13 1.62019
5 12 2 6 9 10 11 14 1.93309
5 12 2 6 9 10 13 14 1.73205
5 12 2 6 9 11 13 14 1.81265
5 12 2 6 10 11 13 14 1.62019
5 12 2 7 8 9 10 11 1.41421
5 12 2 7 8 9 10 13 1.41421
5 12 2 7 8 9 10 14 1.41421
5 12 2 7 8 9 11 13 1.41421
5 12 2 7 8 9 11 14 1.41421
5 12 2 7 8 9 13 14 1.41421
5 12 2 7 8 10 11 13 1
5 12 2 7 8 10 11 14 1.41421
5 12 2 7 8 10 13 14 1.62019
5 12 2 7 8 11 13 14 1
5 12 2 7 9 10 11 13 1
5 12 2 7 9 10 11 14 1.62019
5 12 2 7 9 10 13 14 1.41421
5 12 2 7 9 11 13 14 1.62019
5 12 2 7 10 11 13 14 1
5 12 2 8 9 10 11 13 1.41421
5 12 2 8 9 10 11 14 1.73205
5 12 2 8 9 10 13 14 1.73205
5 12 2 8 9 11 13 14 1.41421
5 12 2 8 10 11 13 14 1.41421
5 12 2 9 10 11 13 14 1.62019
5 12 3 4 6 7 8 9 1.62019
5 12 3 4 6 7 8 10 1.62019
5 12 3 4 6 7 8 11 1.62019
5 12 3 4 6 7 8 13 1
5 12 3 4 6 7 8 14 1.62019
5 12 3 4 6 7 9 10 1.85164
5 12 3 4 6 7 9 11 2
5 12 3 4 6 7 9 13 1.73205
5 12 3 4 6 7 9 14 1.93309
5 12 3 4 6 7 10 11 1.85164
5 12 3 4 6 7 10 13 1.41421
5 12 3 4 6 7 10 14 1.85164
5 12 3 4 6 7 11 13 1.73205
5 12 3 4 6 7 11 14 1.93309
5 12 3 4 6 7 13 14 1.62019
5 12 3 4 6 8 9 10 1.85164
5 12 3 4 6 8 9 11 1.85164
5 12 3 4 6 8 9 13 1.41421
5 12 3 4 6 8 9 14 1.85164
5 12 3 4 6 8 10 11 1.85164
5 12 3 4 6 8 10 13 1.41421
5 12 3 4 6 8 10 14 1.85164
5 12 3 4 6 8 11 13 1.41421
5 12 3 4 6 8 11 14 1.85164
5 12 3 4 6 8 13 14 1.41421
5 12 3 4 6 9 10 11 2.07802
5 12 3 4 6 9 10 13 1.73205
5 12 3 4 6 9 10 14 2.07802
5 12 3 4 6 9 11 13 1.90693
5 12 3 4 6 9 11 14 2.13809
5 12 3 4 6 9 13 14 1.85164
5 12 3 4 6 10 11 13 1.73205
5 12 3 4 6 10 11 14 2.07802
5 12 3 4 6 10 13 14 1.73205
5 12 3 4 6 11 13 14 1.85164
5 12 3 4 7 8 9 10 1.62019
5 12 3 4 7 8 9 11 1.62019
5 12 3 4 7 8 9 13 1
5 12 3 4 7 8 9 14 1.62019
5 12 3 4 7 8 10 11 1.62019
5 12 3 4 7 8 10 13 1.41421
5 12 3 4 7 8 10 14 1.62019
5 12 3 4 7 8 11 13 1
5 12 3 4 7 8 11 14 1.62019
5 12 3 4 7 8 13 14 1.41421
5 12 3 4 7 9 10 11 1.85164
5 12 3 4 7 9 10 13 1.41421
5 12 3 4 7 9 10 14 1.85164
5 12 3 4 7 9 11 13 1.73205
5 12 3 4 7 9 11 14 1.93309
5 12 3 4 7 9 13 14 1.62019
5 12 3 4 7 10 11 13 1.41421
5 12 3 4 7 10 11 14 1.85164
5 12 3 4 7 10 13 14 1.41421
5 12 3 4 7 11 13 14 1.62019
5 12 3 4 8 9 10 11 1.85164
5 12 3 4 8 9 10 13 1.41421
5 12 3 4 8 9 10 14 1.85164
5 12 3 4 8 9 11 13 1.41421
5 12 3 4 8 9 11 14 1.85164
5 12 3 4 8 9 13 14 1.41421
5 12 3 4 8 10 11 13 1.41421
5 12 3 4 8 10 11 14 1.85164
5 12 3 4 8 10 13 14 1.41421
5 12 3 4 8 11 13 14 1.41421
5 12 3 4 9 10 11 13 1.73205
5 12 3 4 9 10 11 14 2.07802
5 12 3 4 9 10 13 14 1.73205
5 12 3 4 9 11 13 14 1.85164
5 12 3 4 10 11 13 14 1.73205
5 12 3 6 7 8 9 10 1.62019
5 12 3 6 7 8 9 11 1.62019
5 12 3 6 7 8 9 13 1.41421
5 12 3 6 7 8 9 14 1.62019
5 12 3 6 7 8 10 11 1.62019
5 12 3 6 7 8 10 13 1
5 12 3 6 7 8 10 14 1.62019
5 12 3 6 7 8 11 13 1.41421
5 12 3 6 7 8 11 14 1.62019
5 12 3 6 7 8 13 14 1
5 12 3 6 7 9 10 11 1.85164
5 12 3 6 7 9 10 13 1.41421
5 12 3 6 7 9 10 14 1.85164
5 12 3 6 7 9 11 13 1.90693
5 12 3 6 7 9 11 14 2
5 12 3 6 7 9 13 14 1.73205
5 12 3 6 7 10 11 13 1.41421
5 12 3 6 7 10 11 14 1.85164
5 12 3 6 7 10 13 14 1.41421
5 12 3 6 7 11 13 14 1.73205
5 12 3 6 8 9 10 11 1.85164
5 12 3 6 8 9 10 13 1.41421
5 12 3 6 8 9 10 14 1.85164
5 12 3 6 8 9 11 13 1.41421
5 12 3 6 8 9 11 14 1.85164
5 12 3 6 8 9 13 14 1.41421
5 12 3 6 8 10 11 13 1.41421
5 12 3 6 8 10 11 14 1.85164
5 12 3 6 8 10 13 14 1.41421
5 12 3 6 8 11 13 14 1.41421
5 12 3 6 9 10 11 13 1.73205
5 12 3 6 9 10 11 14 2.07802
5 12 3 6 9 10 13 14 1.73205
5 12 3 6 9 11 13 14 1.90693
5 12 3 6 10 11 13 14 1.73205
5 12 3 7 8 9 10 11 1.62019
5 12 3 7 8 9 10 13 1
5 12 3 7 8 9 10 14 1.62019
5 12 3 7 8 9 11 13 1.41421
5 12 3 7 8 9 11 14 1.62019
5 12 3 7 8 9 13 14 1
5 12 3 7 8 10 11 13 1
5 12 3 7 8 10 11 14 1.62019
5 12 3 7 8 10 13 14 1.41421
5 12 3 7 8 11 13 14 1
5 12 3 7 9 10 11 13 1.41421
5 12 3 7 9 10 11 14 1.85164
5 12 3 7 9 10 13 14 1.41421
5 12 3 7 9 11 13 14 1.73205
5 12 3 7 10 11 13 14 1.41421
5 12 3 8 9 10 11 13 1.41421
5 12 3 8 9 10 11 14 1.85164
5 12 3 8 9 10 13 14 1.41421
5 12 3 8 9 11 13 14 1.41421
5 12 3 8 10 11 13 14 1.41421
5 12 3 9 10 11 13 14 1.73205
5 12 4 6 7 8 9 10 1.81265
5 12 4 6 7 8 9 11 1.73205
5 12 4 6 7 8 9 13 1.62019
5 12 4 6 7 8 9 14 1.81265
5 12 4 6 7 8 10 11 1.73205
5 12 4 6 7 8 10 13 1.62019
5 12 4 6 7 8 10 14 1.81265
5 12 4 6 7 8 11 13 1.41421
5 12 4 6 7 8 11 14 1.73205
5 12 4 6 7 8 13 14 1.62019
5 12 4 6 7 9 10 11 1.93309
5 12 4 6 7 9 10 13 1.73205
5 12 4 6 7 9 10 14 2
5 12 4 6 7 9 11 13 1.81265
5 12 4 6 7 9 11 14 2
5 12 4 6 7 9 13 14 1.81265
5 12 4 6 7 10 11 13 1.62019
5 12 4 6 7 10 11 14 1.93309
5 12 4 6 7 10 13 14 1.73205
5 12 4 6 7 11 13 14 1.73205
5 12 4 6 8 9 10 11 2.16025
5 12 4 6 8 9 10 13 2.13664
5 12 4 6 8 9 10 14 2.26385
5 12 4 6 8 9 11 13 2
5 12 4 6 8 9 11 14 2.16025
5 12 4 6 8 9 13 14 2.13664
5 12 4 6 8 10 11 13 2
5 12 4 6 8 10 11 14 2.16025
5 12 4 6 8 10 13 14 2.13664
5 12 4 6 8 11 13 14 2
5 12 4 6 9 10 11 13 2.13664
5 12 4 6 9 10 11 14 2.32266
5 12 4 6 9 10 13 14 2.23607
5 12 4 6 9 11 13 14 2.16025
5 12 4 6 10 11 13 14 2.13664
5 12 4 7 8 9 10 11 1.73205
5 12 4 7 8 9 10 13 1.73205
5 12 4 7 8 9 10 14 2
5 12 4 7 8 9 11 13 1.41421
5 12 4 7 8 9 11 14 1.73205
5 12 4 7 8 9 13 14 1.73205
5 12 4 7 8 10 11 13 1.41421
5 12 4 7 8 10 11 14 1.73205
5 12 4 7 8 10 13 14 1.81265
5 12 4 7 8 11 13 14 1.41421
5 12 4 7 9 10 11 13 1.62019
5 12 4 7 9 10 11 14 1.93309
5 12 4 7 9 10 13 14 1.81265
5 12 4 7 9 11 13 14 1.73205
5 12 4 7 10 11 13 14 1.62019
5 12 4 8 9 10 11 13 2
5 12 4 8 9 10 11 14 2.16025
5 12 4 8 9 10 13 14 2.16025
5 12 4 8 9 11 13 14 2
5 12 4 8 10 11 13 14 2
5 12 4 9 10 11 13 14 2.13664
5 12 6 7 8 9 10 11 1.73205
5 12 6 7 8 9 10 13 1.62019
5 12 6 7 8 9 10 14 1.81265
5 12 6 7 8 9 11 13 1.41421
5 12 6 7 8 9 11 14 1.73205
5 12 6 7 8 9 13 14 1.62019
5 12 6 7 8 10 11 13 1.41421
5 12 6 7 8 10 11 14 1.73205
5 12 6 7 8 10 13 14 1.62019
5 12 6 7 8 11 13 14 1.41421
5 12 6 7 9 10 11 13 1.62019
5 12 6 7 9 10 11 14 1.93309
5 12 6 7 9 10 13 14 1.73205
5 12 6 7 9 11 13 14 1.81265
5 12 6 7 10 11 13 14 1.62019
5 12 6 8 9 10 11 13 2
5 12 6 8 9 10 11 14 2.16025
5 12 6 8 9 10 13 14 2.13664
5 12 6 8 9 11 13 14 2
5 12 6 8 10 11 13 14 2
5 12 6 9 10 11 13 14 2.13664
5 12 7 8 9 10 11 13 1.41421
5 12 7 8 9 10 11 14 1.73205
5 12 7 8 9 10 13 14 1.73205
5 12 7 8 9 11 13 14 1.41421
5 12 7 8 10 11 13 14 1.41421
5 12 7 9 10 11 13 14 1.62019
5 12 8 9 10 11 13 14 2
