0 14 1 2 3 4 1.41421
0 14 1 2 3 5 1.41421
0 14 1 2 3 6 1.73205
0 14 1 2 3 7 1.62019
0 14 1 2 3 8 1.62019
0 14 1 2 3 9 1.73205
0 14 1 2 3 10 1.41421
0 14 1 2 3 11 1.73205
0 14 1 2 3 12 1.73205
0 14 1 2 3 13 1.73205
0 14 1 2 4 5 1.73205
0 14 1 2 4 6 1.62019
0 14 1 2 4 7 1.62019
0 14 1 2 4 8 1.81265
0 14 1 2 4 9 1.73205
0 14 1 2 4 10 1.81265
0 14 1 2 4 11 1.41421
0 14 1 2 4 12 1.81265
0 14 1 2 4 13 1.81265
0 14 1 2 5 6 1.41421
0 14 1 2 5 7 1.62019
0 14 1 2 5 8 1.73205
0 14 1 2 5 9 1.62019
0 14 1 2 5 10 1.73205
0 14 1 2 5 11 1.41421
0 14 1 2 5 12 1.73205
0 14 1 2 5 13 1.73205
0 14 1 2 6 7 1.62019
0 14 1 2 6 8 1.81265
0 14 1 2 6 9 2
0 14 1 2 6 10 1.73205
0 14 1 2 6 11 1.81265
0 14 1 2 6 12 2
0 14 1 2 6 13 2
0 14 1 2 7 8 1.62019
0 14 1 2 7 9 1.62019
0 14 1 2 7 10 1.62019
0 14 1 2 7 11 1.62019
0 14 1 2 7 12 1.62019
0 14 1 2 7 13 1.62019
0 14 1 2 8 9 2
0 14 1 2 8 10 2
0 14 1 2 8 11 1.73205
0 14 1 2 8 12 2
0 14 1 2 8 13 2
0 14 1 2 9 10 1.81265
0 14 1 2 9 11 1.81265
0 14 1 2 9 12 2
0 14 1 2 9 13 2
0 14 1 2 10 11 1.62019
0 14 1 2 10 12 2
0 14 1 2 10 13 2
0 14 1 2 11 12 1.81265
0 14 1 2 11 13 1.81265
0 14 1 2 12 13 2
0 14 1 3 4 5 1.41421
0 14 1 3 4 6 1.41421
0 14 1 3 4 7 1.41421
0 14 1 3 4 8 1.41421
0 14 1 3 4 9 1.41421
0 14 1 3 4 10 1.41421
0 14 1 3 4 11 1.41421
0 14 1 3 4 12 1.41421
0 14 1 3 4 13 1.41421
0 14 1 3 5 6 1.41421
0 14 1 3 5 7 1.41421
0 14 1 3 5 8 1.41421
0 14 1 3 5 9 1.41421
0 14 1 3 5 10 1.41421
0 14 1 3 5 11 1.41421
0 14 1 3 5 12 1.41421
0 14 1 3 5 13 1.41421
0 14 1 3 6 7 1.73205
0 14 1 3 6 8 1.85164
0 14 1 3 6 9 1.90693
0 14 1 3 6 10 1.73205
0 14 1 3 6 11 1.90693
0 14 1 3 6 12 1.90693
0 14 1 3 6 13 1.90693
0 14 1 3 7 8 1.62019
0 14 1 3 7 9 1.73205
0 14 1 3 7 10 1.41421
0 14 1 3 7 11 1.73205
0 14 1 3 7 12 1.73205
0 14 1 3 7 13 1.73205
0 14 1 3 8 9 1.85164
0 14 1 3 8 10 1.73205
0 14 1 3 8 11 1.85164
0 14 1 3 8 12 1.85164
0 14 1 3 8 13 1.85164
0 14 1 3 9 10 1.73205
0 14 1 3 9 11 1.90693
0 14 1 3 9 12 1.90693
0 14 1 3 9 13 1.90693
0 14 1 3 10 11 1.73205
0 14 1 3 10 12 1.73205
0 14 1 3 10 13 1.73205
0 14 1 3 11 12 1.90693
0 14 1 3 11 13 1.90693
0 14 1 3 12 13 1.90693
0 14 1 4 5 6 1.73205
0 14 1 4 5 7 1.73205
0 14 1 4 5 8 1.90693
0 14 1 4 5 9 1.85164
0 14 1 4 5 10 1.90693
0 14 1 4 5 11 1.41421
0 14 1 4 5 12 1.90693
0 14 1 4 5 13 1.90693
0 14 1 4 6 7 1.62019
0 14 1 4 6 8 2.13664
0 14 1 4 6 9 2.13664
0 14 1 4 6 10 2.13664
0 14 1 4 6 11 2
0 14 1 4 6 12 2.13664
0 14 1 4 6 13 2.13664
0 14 1 4 7 8 1.81265
0 14 1 4 7 9 1.73205
0 14 1 4 7 10 1.81265
0 14 1 4 7 11 1.41421
0 14 1 4 7 12 1.81265
0 14 1 4 7 13 1.81265
0 14 1 4 8 9 2.16025
0 14 1 4 8 10 2.19089
0 14 1 4 8 11 2
0 14 1 4 8 12 2.19089
0 14 1 4 8 13 2.19089
0 14 1 4 9 10 2.16025
0 14 1 4 9 11 2
0 14 1 4 9 12 2.16025
0 14 1 4 9 13 2.16025
0 14 1 4 10 11 2
0 14 1 4 10 12 2.19089
0 14 1 4 10 13 2.19089
0 14 1 4 11 12 2
0 14 1 4 11 13 2
0 14 1 4 12 13 2.19089
0 14 1 5 6 7 1.41421
0 14 1 5 6 8 1.73205
0 14 1 5 6 9 1.73205
0 14 1 5 6 10 1.73205
0 14 1 5 6 11 1.41421
0 14 1 5 6 12 1.73205
0 14 1 5 6 13 1.73205
0 14 1 5 7 8 1.73205
0 14 1 5 7 9 1.62019
0 14 1 5 7 10 1.73205
0 14 1 5 7 11 1.41421
0 14 1 5 7 12 1.73205
0 14 1 5 7 13 1.73205
0 14 1 5 8 9 1.85164
0 14 1 5 8 10 1.90693
0 14 1 5 8 11 1.41421
0 14 1 5 8 12 1.90693
0 14 1 5 8 13 1.90693
0 14 1 5 9 10 1.85164
0 14 1 5 9 11 1.41421
0 14 1 5 9 12 1.85164
0 14 1 5 9 13 1.85164
0 14 1 5 10 11 1.41421
0 14 1 5 10 12 1.90693
0 14 1 5 10 13 1.90693
0 14 1 5 11 12 1.41421
0 14 1 5 11 13 1.41421
0 14 1 5 12 13 1.90693
0 14 1 6 7 8 1.81265
0 14 1 6 7 9 2
0 14 1 6 7 10 1.73205
0 14 1 6 7 11 1.81265
0 14 1 6 7 12 2
0 14 1 6 7 13 2
0 14 1 6 8 9 2.26385
0 14 1 6 8 10 2.23607
0 14 1 6 8 11 2.16025
0 14 1 6 8 12 2.26385
0 14 1 6 8 13 2.26385
0 14 1 6 9 10 2.23607
0 14 1 6 9 11 2.19089
0 14 1 6 9 12 2.28446
0 14 1 6 9 13 2.28446
0 14 1 6 10 11 2.13664
0 14 1 6 10 12 2.23607
0 14 1 6 10 13 2.23607
0 14 1 6 11 12 2.19089
0 14 1 6 11 13 2.19089
0 14 1 6 12 13 2.28446
0 14 1 7 8 9 2
0 14 1 7 8 10 2
0 14 1 7 8 11 1.73205
0 14 1 7 8 12 2
0 14 1 7 8 13 2
0 14 1 7 9 10 1.81265
0 14 1 7 9 11 1.81265
0 14 1 7 9 12 2
0 14 1 7 9 13 2
0 14 1 7 10 11 1.62019
0 14 1 7 10 12 2
0 14 1 7 10 13 2
0 14 1 7 11 12 1.81265
0 14 1 7 11 13 1.81265
0 14 1 7 12 13 2
0 14 1 8 9 10 2.26385
0 14 1 8 9 11 2.16025
0 14 1 8 9 12 2.3094
0 14 1 8 9 13 2.3094
0 14 1 8 10 11 2.13664
0 14 1 8 10 12 2.28446
0 14 1 8 10 13 2.28446
0 14 1 8 11 12 2.16025
0 14 1 8 11 13 2.16025
0 14 1 8 12 13 2.3094
0 14 1 9 10 11 2.13664
0 14 1 9 10 12 2.26385
0 14 1 9 10 13 2.26385
0 14 1 9 11 12 2.19089
0 14 1 9 11 13 2.19089
0 14 1 9 12 13 2.3094
0 14 1 10 11 12 2.13664
0 14 1 10 11 13 2.13664
0 14 1 10 12 13 2.28446
0 14 1 11 12 13 2.19089
0 14 2 3 4 5 2.07802
0 14 2 3 4 6 2.13809
0 14 2 3 4 7 1.85164
0 14 2 3 4 8 1.85164
0 14 2 3 4 9 2.13809
0 14 2 3 4 10 2.07802
0 14 2 3 4 11 2.13809
0 14 2 3 4 12 1.93309
0 14 2 3 4 13 1.93309
0 14 2 3 5 6 2.10357
0 14 2 3 5 7 1.90693
0 14 2 3 5 8 1.73205
0 14 2 3 5 9 2.10357
0 14 2 3 5 10 2
0 14 2 3 5 11 2.10357
0 14 2 3 5 12 1.90693
0 14 2 3 5 13 1.90693
0 14 2 3 6 7 1.93309
0 14 2 3 6 8 1.93309
0 14 2 3 6 9 2.24038
0 14 2 3 6 10 2.10357
0 14 2 3 6 11 2.24038
0 14 2 3 6 12 2.10639
0 14 2 3 6 13 2.10639
0 14 2 3 7 8 1.41421
0 14 2 3 7 9 1.93309
0 14 2 3 7 10 1.73205
0 14 2 3 7 11 1.93309
0 14 2 3 7 12 1.81265
0 14 2 3 7 13 1.81265
0 14 2 3 8 9 1.93309
0 14 2 3 8 10 1.90693
0 14 2 3 8 11 1.93309
0 14 2 3 8 12 1.81265
0 14 2 3 8 13 1.81265
0 14 2 3 9 10 2.10357
0 14 2 3 9 11 2.24038
0 14 2 3 9 12 2.10639
0 14 2 3 9 13 2.10639
0 14 2 3 10 11 2.10357
0 14 2 3 10 12 1.90693
0 14 2 3 10 13 1.90693
0 14 2 3 11 12 2.10639
0 14 2 3 11 13 2.10639
0 14 2 3 12 13 2
0 14 2 4 5 6 2.16556
0 14 2 4 5 7 1.85164
0 14 2 4 5 8 1.96214
0 14 2 4 5 9 2.17626
0 14 2 4 5 10 2.12993
0 14 2 4 5 11 2.13809
0 14 2 4 5 12 2.02367
0 14 2 4 5 13 2.02367
0 14 2 4 6 7 1.85164
0 14 2 4 6 8 2.04939
0 14 2 4 6 9 2.2514
0 14 2 4 6 10 2.21037
0 14 2 4 6 11 2.22354
0 14 2 4 6 12 2.09938
0 14 2 4 6 13 2.09938
0 14 2 4 7 8 1.62019
0 14 2 4 7 9 1.85164
0 14 2 4 7 10 1.73205
0 14 2 4 7 11 1.85164
0 14 2 4 7 12 1.62019
0 14 2 4 7 13 1.62019
0 14 2 4 8 9 2.08167
0 14 2 4 8 10 2.09069
0 14 2 4 8 11 2.00294
0 14 2 4 8 12 2
0 14 2 4 8 13 2
0 14 2 4 9 10 2.21675
0 14 2 4 9 11 2.22354
0 14 2 4 9 12 2.16025
0 14 2 4 9 13 2.16025
0 14 2 4 10 11 2.17945
0 14 2 4 10 12 2.09069
0 14 2 4 10 13 2.09069
0 14 2 4 11 12 2.04939
0 14 2 4 11 13 2.04939
0 14 2 4 12 13 2.04495
0 14 2 5 6 7 1.90693
0 14 2 5 6 8 1.90693
0 14 2 5 6 9 2.23607
0 14 2 5 6 10 2.10357
0 14 2 5 6 11 2.16556
0 14 2 5 6 12 2.01187
0 14 2 5 6 13 2.01187
0 14 2 5 7 8 1.62019
0 14 2 5 7 9 1.90693
0 14 2 5 7 10 1.73205
0 14 2 5 7 11 1.90693
0 14 2 5 7 12 1.73205
0 14 2 5 7 13 1.73205
0 14 2 5 8 9 1.93309
0 14 2 5 8 10 1.96214
0 14 2 5 8 11 1.85164
0 14 2 5 8 12 2
0 14 2 5 8 13 2
0 14 2 5 9 10 2.12132
0 14 2 5 9 11 2.16556
0 14 2 5 9 12 2.04495
0 14 2 5 9 13 2.04495
0 14 2 5 10 11 2.07802
0 14 2 5 10 12 1.96214
0 14 2 5 10 13 1.96214
0 14 2 5 11 12 2
0 14 2 5 11 13 2
0 14 2 5 12 13 2
0 14 2 6 7 8 1.41421
0 14 2 6 7 9 1.93309
0 14 2 6 7 10 1.73205
0 14 2 6 7 11 1.93309
0 14 2 6 7 12 1.81265
0 14 2 6 7 13 1.81265
0 14 2 6 8 9 2.12132
0 14 2 6 8 10 2.10223
0 14 2 6 8 11 2.08167
0 14 2 6 8 12 2.0381
0 14 2 6 8 13 2.0381
0 14 2 6 9 10 2.23607
0 14 2 6 9 11 2.31349
0 14 2 6 9 12 2.23607
0 14 2 6 9 13 2.23607
0 14 2 6 10 11 2.21037
0 14 2 6 10 12 2.10223
0 14 2 6 10 13 2.10223
0 14 2 6 11 12 2.19745
0 14 2 6 11 13 2.19745
0 14 2 6 12 13 2.16025
0 14 2 7 8 9 1.41421
0 14 2 7 8 10 1.62019
0 14 2 7 8 11 1.41421
0 14 2 7 8 12 1.62019
0 14 2 7 8 13 1.62019
0 14 2 7 9 10 1.73205
0 14 2 7 9 11 1.93309
0 14 2 7 9 12 1.81265
0 14 2 7 9 13 1.81265
0 14 2 7 10 11 1.73205
0 14 2 7 10 12 1.62019
0 14 2 7 10 13 1.62019
0 14 2 7 11 12 1.81265
0 14 2 7 11 13 1.81265
0 14 2 7 12 13 1.73205
0 14 2 8 9 10 2.12132
0 14 2 8 9 11 2.08167
0 14 2 8 9 12 2.05751
0 14 2 8 9 13 2.05751
0 14 2 8 10 11 2.04939
0 14 2 8 10 12 2.08167
0 14 2 8 10 13 2.08167
0 14 2 8 11 12 2
0 14 2 8 11 13 2
0 14 2 8 12 13 2.04495
0 14 2 9 10 11 2.21037
0 14 2 9 10 12 2.12132
0 14 2 9 10 13 2.12132
0 14 2 9 11 12 2.19745
0 14 2 9 11 13 2.19745
0 14 2 9 12 13 2.15758
0 14 2 10 11 12 2.04939
0 14 2 10 11 13 2.04939
0 14 2 10 12 13 2.08167
0 14 2 11 12 13 2.10639
0 14 3 4 5 6 2.29129
0 14 3 4 5 7 2.07802
0 14 3 4 5 8 2
0 14 3 4 5 9 2.29129
0 14 3 4 5 10 2.23607
0 14 3 4 5 11 2.29129
0 14 3 4 5 12 2.07802
0 14 3 4 5 13 2.07802
0 14 3 4 6 7 2.13809
0 14 3 4 6 8 2.28709
0 14 3 4 6 9 2.48193
0 14 3 4 6 10 2.44831
0 14 3 4 6 11 2.48193
0 14 3 4 6 12 2.32266
0 14 3 4 6 13 2.32266
0 14 3 4 7 8 1.85164
0 14 3 4 7 9 2.13809
0 14 3 4 7 10 2.07802
0 14 3 4 7 11 2.13809
0 14 3 4 7 12 1.93309
0 14 3 4 7 13 1.93309
0 14 3 4 8 9 2.28709
0 14 3 4 8 10 2.28709
0 14 3 4 8 11 2.28709
0 14 3 4 8 12 2.13664
0 14 3 4 8 13 2.13664
0 14 3 4 9 10 2.44831
0 14 3 4 9 11 2.48193
0 14 3 4 9 12 2.32266
0 14 3 4 9 13 2.32266
0 14 3 4 10 11 2.44831
0 14 3 4 10 12 2.28709
0 14 3 4 10 13 2.28709
0 14 3 4 11 12 2.32266
0 14 3 4 11 13 2.32266
0 14 3 4 12 13 2.16025
0 14 3 5 6 7 2.10357
0 14 3 5 6 8 2
0 14 3 5 6 9 2.29907
0 14 3 5 6 10 2.23607
0 14 3 5 6 11 2.29907
0 14 3 5 6 12 2.10357
0 14 3 5 6 13 2.10357
0 14 3 5 7 8 1.73205
0 14 3 5 7 9 2.10357
0 14 3 5 7 10 2
0 14 3 5 7 11 2.10357
0 14 3 5 7 12 1.90693
0 14 3 5 7 13 1.90693
0 14 3 5 8 9 2
0 14 3 5 8 10 2
0 14 3 5 8 11 2
0 14 3 5 8 12 1.73205
0 14 3 5 8 13 1.73205
0 14 3 5 9 10 2.23607
0 14 3 5 9 11 2.29907
0 14 3 5 9 12 2.10357
0 14 3 5 9 13 2.10357
0 14 3 5 10 11 2.23607
0 14 3 5 10 12 2
0 14 3 5 10 13 2
0 14 3 5 11 12 2.10357
0 14 3 5 11 13 2.10357
0 14 3 5 12 13 1.90693
0 14 3 6 7 8 1.93309
0 14 3 6 7 9 2.24038
0 14 3 6 7 10 2.10357
0 14 3 6 7 11 2.24038
0 14 3 6 7 12 2.10639
0 14 3 6 7 13 2.10639
0 14 3 6 8 9 2.37697
0 14 3 6 8 10 2.35488
0 14 3 6 8 11 2.37697
0 14 3 6 8 12 2.26385
0 14 3 6 8 13 2.26385
0 14 3 6 9 10 2.49516
0 14 3 6 9 11 2.58404
0 14 3 6 9 12 2.46311
0 14 3 6 9 13 2.46311
0 14 3 6 10 11 2.49516
0 14 3 6 10 12 2.35488
0 14 3 6 10 13 2.35488
0 14 3 6 11 12 2.46311
0 14 3 6 11 13 2.46311
0 14 3 6 12 13 2.38048
0 14 3 7 8 9 1.93309
0 14 3 7 8 10 1.90693
0 14 3 7 8 11 1.93309
0 14 3 7 8 12 1.81265
0 14 3 7 8 13 1.81265
0 14 3 7 9 10 2.10357
0 14 3 7 9 11 2.24038
0 14 3 7 9 12 2.10639
0 14 3 7 9 13 2.10639
0 14 3 7 10 11 2.10357
0 14 3 7 10 12 1.90693
0 14 3 7 10 13 1.90693
0 14 3 7 11 12 2.10639
0 14 3 7 11 13 2.10639
0 14 3 7 12 13 2
0 14 3 8 9 10 2.35488
0 14 3 8 9 11 2.37697
0 14 3 8 9 12 2.26385
0 14 3 8 9 13 2.26385
0 14 3 8 10 11 2.35488
0 14 3 8 10 12 2.23607
0 14 3 8 10 13 2.23607
0 14 3 8 11 12 2.26385
0 14 3 8 11 13 2.26385
0 14 3 8 12 13 2.16025
0 14 3 9 10 11 2.49516
0 14 3 9 10 12 2.35488
0 14 3 9 10 13 2.35488
0 14 3 9 11 12 2.46311
0 14 3 9 11 13 2.46311
0 14 3 9 12 13 2.38048
0 14 3 10 11 12 2.35488
0 14 3 10 11 13 2.35488
0 14 3 10 12 13 2.23607
0 14 3 11 12 13 2.38048
0 14 4 5 6 7 2.16556
0 14 4 5 6 8 2.35488
0 14 4 5 6 9 2.52678
0 14 4 5 6 10 2.49516
0 14 4 5 6 11 2.48193
0 14 4 5 6 12 2.39046
0 14 4 5 6 13 2.39046
0 14 4 5 7 8 1.96214
0 14 4 5 7 9 2.17626
0 14 4 5 7 10 2.12993
0 14 4 5 7 11 2.13809
0 14 4 5 7 12 2.02367
0 14 4 5 7 13 2.02367
0 14 4 5 8 9 2.37697
0 14 4 5 8 10 2.389
0 14 4 5 8 11 2.28709
0 14 4 5 8 12 2.28446
0 14 4 5 8 13 2.28446
0 14 4 5 9 10 2.50881
0 14 4 5 9 11 2.48193
0 14 4 5 9 12 2.40662
0 14 4 5 9 13 2.40662
0 14 4 5 10 11 2.44831
0 14 4 5 10 12 2.389
0 14 4 5 10 13 2.389
0 14 4 5 11 12 2.32266
0 14 4 5 11 13 2.32266
0 14 4 5 12 13 2.3094
0 14 4 6 7 8 2.04939
0 14 4 6 7 9 2.2514
0 14 4 6 7 10 2.21037
0 14 4 6 7 11 2.22354
0 14 4 6 7 12 2.09938
0 14 4 6 7 13 2.09938
0 14 4 6 8 9 2.66231
0 14 4 6 8 10 2.66231
0 14 4 6 8 11 2.61406
0 14 4 6 8 12 2.58844
0 14 4 6 8 13 2.58844
0 14 4 6 9 10 2.75936
0 14 4 6 9 11 2.72385
0 14 4 6 9 12 2.68164
0 14 4 6 9 13 2.68164
0 14 4 6 10 11 2.71343
0 14 4 6 10 12 2.66231
0 14 4 6 10 13 2.66231
0 14 4 6 11 12 2.62216
0 14 4 6 11 13 2.62216
0 14 4 6 12 13 2.60419
0 14 4 7 8 9 2.08167
0 14 4 7 8 10 2.09069
0 14 4 7 8 11 2.00294
0 14 4 7 8 12 2
0 14 4 7 8 13 2
0 14 4 7 9 10 2.21675
0 14 4 7 9 11 2.22354
0 14 4 7 9 12 2.16025
0 14 4 7 9 13 2.16025
0 14 4 7 10 11 2.17945
0 14 4 7 10 12 2.09069
0 14 4 7 10 13 2.09069
0 14 4 7 11 12 2.04939
0 14 4 7 11 13 2.04939
0 14 4 7 12 13 2.04495
0 14 4 8 9 10 2.67435
0 14 4 8 9 11 2.61406
0 14 4 8 9 12 2.60419
0 14 4 8 9 13 2.60419
0 14 4 8 10 11 2.61406
0 14 4 8 10 12 2.64575
0 14 4 8 10 13 2.64575
0 14 4 8 11 12 2.52543
0 14 4 8 11 13 2.52543
0 14 4 8 12 13 2.53899
0 14 4 9 10 11 2.71343
0 14 4 9 10 12 2.67435
0 14 4 9 10 13 2.67435
0 14 4 9 11 12 2.62216
0 14 4 9 11 13 2.62216
0 14 4 9 12 13 2.61861
0 14 4 10 11 12 2.61406
0 14 4 10 11 13 2.61406
0 14 4 10 12 13 2.64575
0 14 4 11 12 13 2.53722
0 14 5 6 7 8 1.90693
0 14 5 6 7 9 2.23607
0 14 5 6 7 10 2.10357
0 14 5 6 7 11 2.16556
0 14 5 6 7 12 2.01187
0 14 5 6 7 13 2.01187
0 14 5 6 8 9 2.35488
0 14 5 6 8 10 2.35488
0 14 5 6 8 11 2.28709
0 14 5 6 8 12 2.23607
0 14 5 6 8 13 2.23607
0 14 5 6 9 10 2.49516
0 14 5 6 9 11 2.49313
0 14 5 6 9 12 2.40426
0 14 5 6 9 13 2.40426
0 14 5 6 10 11 2.44831
0 14 5 6 10 12 2.35488
0 14 5 6 10 13 2.35488
0 14 5 6 11 12 2.33699
0 14 5 6 11 13 2.33699
0 14 5 6 12 13 2.28446
0 14 5 7 8 9 1.93309
0 14 5 7 8 10 1.96214
0 14 5 7 8 11 1.85164
0 14 5 7 8 12 2
0 14 5 7 8 13 2
0 14 5 7 9 10 2.12132
0 14 5 7 9 11 2.16556
0 14 5 7 9 12 2.04495
0 14 5 7 9 13 2.04495
0 14 5 7 10 11 2.07802
0 14 5 7 10 12 1.96214
0 14 5 7 10 13 1.96214
0 14 5 7 11 12 2
0 14 5 7 11 13 2
0 14 5 7 12 13 2
0 14 5 8 9 10 2.37697
0 14 5 8 9 11 2.28709
0 14 5 8 9 12 2.26385
0 14 5 8 9 13 2.26385
0 14 5 8 10 11 2.28709
0 14 5 8 10 12 2.28446
0 14 5 8 10 13 2.28446
0 14 5 8 11 12 2.13664
0 14 5 8 11 13 2.13664
0 14 5 8 12 13 2.19089
0 14 5 9 10 11 2.44831
0 14 5 9 10 12 2.37697
0 14 5 9 10 13 2.37697
0 14 5 9 11 12 2.33699
0 14 5 9 11 13 2.33699
0 14 5 9 12 13 2.3094
0 14 5 10 11 12 2.28709
0 14 5 10 11 13 2.28709
0 14 5 10 12 13 2.28446
0 14 5 11 12 13 2.19089
0 14 6 7 8 9 2.12132
0 14 6 7 8 10 2.10223
0 14 6 7 8 11 2.08167
0 14 6 7 8 12 2.0381
0 14 6 7 8 13 2.0381
0 14 6 7 9 10 2.23607
0 14 6 7 9 11 2.31349
0 14 6 7 9 12 2.23607
0 14 6 7 9 13 2.23607
0 14 6 7 10 11 2.21037
0 14 6 7 10 12 2.10223
0 14 6 7 10 13 2.10223
0 14 6 7 11 12 2.19745
0 14 6 7 11 13 2.19745
0 14 6 7 12 13 2.16025
0 14 6 8 9 10 2.71163
0 14 6 8 9 11 2.67435
0 14 6 8 9 12 2.66288
0 14 6 8 9 13 2.66288
0 14 6 8 10 11 2.66231
0 14 6 8 10 12 2.64575
0 14 6 8 10 13 2.64575
0 14 6 8 11 12 2.60419
0 14 6 8 11 13 2.60419
0 14 6 8 12 13 2.60419
0 14 6 9 10 11 2.75936
0 14 6 9 10 12 2.71163
0 14 6 9 10 13 2.71163
0 14 6 9 11 12 2.72279
0 14 6 9 11 13 2.72279
0 14 6 9 12 13 2.70157
0 14 6 10 11 12 2.66231
0 14 6 10 11 13 2.66231
0 14 6 10 12 13 2.64575
0 14 6 11 12 13 2.65875
0 14 7 8 9 10 2.12132
0 14 7 8 9 11 2.08167
0 14 7 8 9 12 2.05751
0 14 7 8 9 13 2.05751
0 14 7 8 10 11 2.04939
0 14 7 8 10 12 2.08167
0 14 7 8 10 13 2.08167
0 14 7 8 11 12 2
0 14 7 8 11 13 2
0 14 7 8 12 13 2.04495
0 14 7 9 10 11 2.21037
0 14 7 9 10 12 2.12132
0 14 7 9 10 13 2.12132
0 14 7 9 11 12 2.19745
0 14 7 9 11 13 2.19745
0 14 7 9 12 13 2.15758
0 14 7 10 11 12 2.04939
0 14 7 10 11 13 2.04939
0 14 7 10 12 13 2.08167
0 14 7 11 12 13 2.10639
0 14 8 9 10 11 2.66231
0 14 8 9 10 12 2.66288
0 14 8 9 10 13 2.66288
0 14 8 9 11 12 2.60419
0 14 8 9 11 13 2.60419
0 14 8 9 12 13 2.61861
0 14 8 10 11 12 2.58844
0 14 8 10 11 13 2.58844
0 14 8 10 12 13 2.64575
0 14 8 11 12 13 2.53722
0 14 9 10 11 12 2.66231
0 14 9 10 11 13 2.66231
0 14 9 10 12 13 2.66288
0 14 9 11 12 13 2.65875
0 14 10 11 12 13 2.58844
