9 10 0 1 2.26385
9 10 0 2 2.24695
9 10 0 3 2.49516
9 10 0 4 2.7663
9 10 0 5 2.50881
9 10 0 6 2.79903
9 10 0 7 2.24695
9 10 0 8 2.72172
9 10 0 11 2.75936
9 10 0 12 2.72172
9 10 0 13 2.72172
9 10 0 14 2.79933
9 10 1 2 1.81265
9 10 1 3 1.73205
9 10 1 4 2.16025
9 10 1 5 1.85164
9 10 1 6 2.23607
9 10 1 7 1.81265
9 10 1 8 2.26385
9 10 1 11 2.13664
9 10 1 12 2.26385
9 10 1 13 2.26385
9 10 1 14 2.26385
9 10 2 3 2.16556
9 10 2 4 2.26747
9 10 2 5 2.17626
9 10 2 6 2.26855
9 10 2 7 1.85164
9 10 2 8 2.15322
9 10 2 11 2.2514
9 10 2 12 2.15322
9 10 2 13 2.12132
9 10 2 14 2.29129
9 10 3 4 2.48193
9 10 3 5 2.29129
9 10 3 6 2.52678
9 10 3 7 2.16556
9 10 3 8 2.39046
9 10 3 11 2.52678
9 10 3 12 2.39046
9 10 3 13 2.35488
9 10 3 14 2.52678
9 10 4 5 2.54058
9 10 4 6 2.77498
9 10 4 7 2.26747
9 10 4 8 2.69077
9 10 4 11 2.72385
9 10 4 12 2.69077
9 10 4 13 2.67435
9 10 4 14 2.77766
9 10 5 6 2.52678
9 10 5 7 2.17626
9 10 5 8 2.40662
9 10 5 11 2.48193
9 10 5 12 2.40662
9 10 5 13 2.37697
9 10 5 14 2.54058
9 10 6 7 2.26855
9 10 6 8 2.72185
9 10 6 11 2.77498
9 10 6 12 2.72185
9 10 6 13 2.71163
9 10 6 14 2.81268
9 10 7 8 2.15322
9 10 7 11 2.2514
9 10 7 12 2.15322
9 10 7 13 2.12132
9 10 7 14 2.29129
9 10 8 11 2.68164
9 10 8 12 2.67842
9 10 8 13 2.66288
9 10 8 14 2.73139
9 10 11 12 2.68164
9 10 11 13 2.66231
9 10 11 14 2.77498
9 10 12 13 2.66288
9 10 12 14 2.73139
9 10 13 14 2.72172
