9 10 0 1 2 1.81265
9 10 0 1 3 1.73205
9 10 0 1 4 2.16025
9 10 0 1 5 1.85164
9 10 0 1 6 2.23607
9 10 0 1 7 1.81265
9 10 0 1 8 2.26385
9 10 0 1 11 2.13664
9 10 0 1 12 2.26385
9 10 0 1 13 2.26385
9 10 0 1 14 2.26385
9 10 0 2 3 2.10357
9 10 0 2 4 2.21675
9 10 0 2 5 2.12132
9 10 0 2 6 2.23607
9 10 0 2 7 1.73205
9 10 0 2 8 2.12132
9 10 0 2 11 2.21037
9 10 0 2 12 2.12132
9 10 0 2 13 2.12132
9 10 0 2 14 2.24695
9 10 0 3 4 2.44831
9 10 0 3 5 2.23607
9 10 0 3 6 2.49516
9 10 0 3 7 2.10357
9 10 0 3 8 2.35488
9 10 0 3 11 2.49516
9 10 0 3 12 2.35488
9 10 0 3 13 2.35488
9 10 0 3 14 2.49516
9 10 0 4 5 2.50881
9 10 0 4 6 2.75936
9 10 0 4 7 2.21675
9 10 0 4 8 2.67435
9 10 0 4 11 2.71343
9 10 0 4 12 2.67435
9 10 0 4 13 2.67435
9 10 0 4 14 2.7663
9 10 0 5 6 2.49516
9 10 0 5 7 2.12132
9 10 0 5 8 2.37697
9 10 0 5 11 2.44831
9 10 0 5 12 2.37697
9 10 0 5 13 2.37697
9 10 0 5 14 2.50881
9 10 0 6 7 2.23607
9 10 0 6 8 2.71163
9 10 0 6 11 2.75936
9 10 0 6 12 2.71163
9 10 0 6 13 2.71163
9 10 0 6 14 2.79903
9 10 0 7 8 2.12132
9 10 0 7 11 2.21037
9 10 0 7 12 2.12132
9 10 0 7 13 2.12132
9 10 0 7 14 2.24695
9 10 0 8 11 2.66231
9 10 0 8 12 2.66288
9 10 0 8 13 2.66288
9 10 0 8 14 2.72172
9 10 0 11 12 2.66231
9 10 0 11 13 2.66231
9 10 0 11 14 2.75936
9 10 0 12 13 2.66288
9 10 0 12 14 2.72172
9 10 0 13 14 2.72172
9 10 1 2 3 1.41421
9 10 1 2 4 1.73205
9 10 1 2 5 1.62019
9 10 1 2 6 1.73205
9 10 1 2 7 1.41421
9 10 1 2 8 1.81265
9 10 1 2 11 1.62019
9 10 1 2 12 1.81265
9 10 1 2 13 1.81265
9 10 1 2 14 1.81265
9 10 1 3 4 1.41421
9 10 1 3 5 1
9 10 1 3 6 1.73205
9 10 1 3 7 1.41421
9 10 1 3 8 1.73205
9 10 1 3 11 1.73205
9 10 1 3 12 1.73205
9 10 1 3 13 1.73205
9 10 1 3 14 1.73205
9 10 1 4 5 1.85164
9 10 1 4 6 2.13664
9 10 1 4 7 1.73205
9 10 1 4 8 2.16025
9 10 1 4 11 2
9 10 1 4 12 2.16025
9 10 1 4 13 2.16025
9 10 1 4 14 2.16025
9 10 1 5 6 1.73205
9 10 1 5 7 1.62019
9 10 1 5 8 1.85164
9 10 1 5 11 1.41421
9 10 1 5 12 1.85164
9 10 1 5 13 1.85164
9 10 1 5 14 1.85164
9 10 1 6 7 1.73205
9 10 1 6 8 2.23607
9 10 1 6 11 2.13664
9 10 1 6 12 2.23607
9 10 1 6 13 2.23607
9 10 1 6 14 2.23607
9 10 1 7 8 1.81265
9 10 1 7 11 1.62019
9 10 1 7 12 1.81265
9 10 1 7 13 1.81265
9 10 1 7 14 1.81265
9 10 1 8 11 2.13664
9 10 1 8 12 2.26385
9 10 1 8 13 2.26385
9 10 1 8 14 2.26385
9 10 1 11 12 2.13664
9 10 1 11 13 2.13664
9 10 1 11 14 2.13664
9 10 1 12 13 2.26385
9 10 1 12 14 2.26385
9 10 1 13 14 2.26385
9 10 2 3 4 2.13809
9 10 2 3 5 2.07802
9 10 2 3 6 2.16556
9 10 2 3 7 1.85164
9 10 2 3 8 2
9 10 2 3 11 2.16556
9 10 2 3 12 2
9 10 2 3 13 1.90693
9 10 2 3 14 2.16556
9 10 2 4 5 2.17626
9 10 2 4 6 2.2514
9 10 2 4 7 1.85164
9 10 2 4 8 2.16025
9 10 2 4 11 2.22354
9 10 2 4 12 2.16025
9 10 2 4 13 2.08167
9 10 2 4 14 2.26747
9 10 2 5 6 2.16556
9 10 2 5 7 1.85164
9 10 2 5 8 2
9 10 2 5 11 2.13809
9 10 2 5 12 2
9 10 2 5 13 1.93309
9 10 2 5 14 2.17626
9 10 2 6 7 1.85164
9 10 2 6 8 2.13809
9 10 2 6 11 2.2514
9 10 2 6 12 2.13809
9 10 2 6 13 2.10223
9 10 2 6 14 2.26855
9 10 2 7 8 1.62019
9 10 2 7 11 1.85164
9 10 2 7 12 1.62019
9 10 2 7 13 1.41421
9 10 2 7 14 1.85164
9 10 2 8 11 2.09938
9 10 2 8 12 2.05751
9 10 2 8 13 2.0381
9 10 2 8 14 2.15322
9 10 2 11 12 2.09938
9 10 2 11 13 2.04939
9 10 2 11 14 2.2514
9 10 2 12 13 2.0381
9 10 2 12 14 2.15322
9 10 2 13 14 2.12132
9 10 3 4 5 2.29129
9 10 3 4 6 2.48193
9 10 3 4 7 2.13809
9 10 3 4 8 2.32266
9 10 3 4 11 2.48193
9 10 3 4 12 2.32266
9 10 3 4 13 2.28709
9 10 3 4 14 2.48193
9 10 3 5 6 2.29129
9 10 3 5 7 2.07802
9 10 3 5 8 2.07802
9 10 3 5 11 2.29129
9 10 3 5 12 2.07802
9 10 3 5 13 2
9 10 3 5 14 2.29129
9 10 3 6 7 2.16556
9 10 3 6 8 2.39046
9 10 3 6 11 2.52678
9 10 3 6 12 2.39046
9 10 3 6 13 2.35488
9 10 3 6 14 2.52678
9 10 3 7 8 2
9 10 3 7 11 2.16556
9 10 3 7 12 2
9 10 3 7 13 1.90693
9 10 3 7 14 2.16556
9 10 3 8 11 2.39046
9 10 3 8 12 2.26385
9 10 3 8 13 2.23607
9 10 3 8 14 2.39046
9 10 3 11 12 2.39046
9 10 3 11 13 2.35488
9 10 3 11 14 2.52678
9 10 3 12 13 2.23607
9 10 3 12 14 2.39046
9 10 3 13 14 2.35488
9 10 4 5 6 2.52678
9 10 4 5 7 2.17626
9 10 4 5 8 2.40662
9 10 4 5 11 2.48193
9 10 4 5 12 2.40662
9 10 4 5 13 2.37697
9 10 4 5 14 2.54058
9 10 4 6 7 2.2514
9 10 4 6 8 2.68164
9 10 4 6 11 2.72385
9 10 4 6 12 2.68164
9 10 4 6 13 2.66231
9 10 4 6 14 2.77498
9 10 4 7 8 2.16025
9 10 4 7 11 2.22354
9 10 4 7 12 2.16025
9 10 4 7 13 2.08167
9 10 4 7 14 2.26747
9 10 4 8 11 2.62216
9 10 4 8 12 2.61861
9 10 4 8 13 2.60419
9 10 4 8 14 2.69077
9 10 4 11 12 2.62216
9 10 4 11 13 2.61406
9 10 4 11 14 2.72385
9 10 4 12 13 2.60419
9 10 4 12 14 2.69077
9 10 4 13 14 2.67435
9 10 5 6 7 2.16556
9 10 5 6 8 2.39046
9 10 5 6 11 2.48193
9 10 5 6 12 2.39046
9 10 5 6 13 2.35488
9 10 5 6 14 2.52678
9 10 5 7 8 2
9 10 5 7 11 2.13809
9 10 5 7 12 2
9 10 5 7 13 1.93309
9 10 5 7 14 2.17626
9 10 5 8 11 2.32266
9 10 5 8 12 2.3094
9 10 5 8 13 2.26385
9 10 5 8 14 2.40662
9 10 5 11 12 2.32266
9 10 5 11 13 2.28709
9 10 5 11 14 2.48193
9 10 5 12 13 2.26385
9 10 5 12 14 2.40662
9 10 5 13 14 2.37697
9 10 6 7 8 2.13809
9 10 6 7 11 2.2514
9 10 6 7 12 2.13809
9 10 6 7 13 2.10223
9 10 6 7 14 2.26855
9 10 6 8 11 2.68164
9 10 6 8 12 2.66288
9 10 6 8 13 2.64575
9 10 6 8 14 2.72185
9 10 6 11 12 2.68164
9 10 6 11 13 2.66231
9 10 6 11 14 2.77498
9 10 6 12 13 2.64575
9 10 6 12 14 2.72185
9 10 6 13 14 2.71163
9 10 7 8 11 2.09938
9 10 7 8 12 2.05751
9 10 7 8 13 2.0381
9 10 7 8 14 2.15322
9 10 7 11 12 2.09938
9 10 7 11 13 2.04939
9 10 7 11 14 2.2514
9 10 7 12 13 2.0381
9 10 7 12 14 2.15322
9 10 7 13 14 2.12132
9 10 8 11 12 2.60419
9 10 8 11 13 2.58844
9 10 8 11 14 2.68164
9 10 8 12 13 2.60419
9 10 8 12 14 2.67842
9 10 8 13 14 2.66288
9 10 11 12 13 2.58844
9 10 11 12 14 2.68164
9 10 11 13 14 2.66231
9 10 12 13 14 2.66288
