11 13 0 1 2.23607
11 13 0 2 2.2563
11 13 0 3 2.50333
11 13 0 4 2.62202
11 13 0 5 2.39046
11 13 0 6 2.74064
11 13 0 7 2.2563
11 13 0 8 2.64575
11 13 0 9 2.74064
11 13 0 10 2.66231
11 13 0 12 2.68949
11 13 0 14 2.72279
11 13 1 2 1.93309
11 13 1 3 2
11 13 1 4 2
11 13 1 5 1.73205
11 13 1 6 2.23607
11 13 1 7 1.93309
11 13 1 8 2.19089
11 13 1 9 2.23607
11 13 1 10 2.13664
11 13 1 12 2.23607
11 13 1 14 2.19089
11 13 2 3 2.16025
11 13 2 4 2.08167
11 13 2 5 2.04939
11 13 2 6 2.2563
11 13 2 7 2
11 13 2 8 2
11 13 2 9 2.2563
11 13 2 10 2.04939
11 13 2 12 2.173
11 13 2 14 2.19745
11 13 3 4 2.33699
11 13 3 5 2.15297
11 13 3 6 2.50333
11 13 3 7 2.16025
11 13 3 8 2.28446
11 13 3 9 2.50333
11 13 3 10 2.35488
11 13 3 12 2.44949
11 13 3 14 2.46311
11 13 4 5 2.33699
11 13 4 6 2.62202
11 13 4 7 2.08167
11 13 4 8 2.52543
11 13 4 9 2.62202
11 13 4 10 2.61406
11 13 4 12 2.53899
11 13 4 14 2.62216
11 13 5 6 2.39046
11 13 5 7 2.04939
11 13 5 8 2.13664
11 13 5 9 2.39046
11 13 5 10 2.28709
11 13 5 12 2.23607
11 13 5 14 2.33699
11 13 6 7 2.2563
11 13 6 8 2.64575
11 13 6 9 2.74064
11 13 6 10 2.66231
11 13 6 12 2.68949
11 13 6 14 2.72279
11 13 7 8 2
11 13 7 9 2.2563
11 13 7 10 2.04939
11 13 7 12 2.173
11 13 7 14 2.19745
11 13 8 9 2.64575
11 13 8 10 2.58844
11 13 8 12 2.53899
11 13 8 14 2.60419
11 13 9 10 2.66231
11 13 9 12 2.68949
11 13 9 14 2.72279
11 13 10 12 2.58844
11 13 10 14 2.66231
11 13 12 14 2.65875
