0 8 1 2 3 4 5 6 7 1
0 8 1 2 3 4 5 6 9 1
0 8 1 2 3 4 5 6 10 0
0 8 1 2 3 4 5 6 11 1
0 8 1 2 3 4 5 6 12 1
0 8 1 2 3 4 5 6 13 1
0 8 1 2 3 4 5 6 14 0
0 8 1 2 3 4 5 7 9 1
0 8 1 2 3 4 5 7 10 1.41421
0 8 1 2 3 4 5 7 11 1
0 8 1 2 3 4 5 7 12 1.41421
0 8 1 2 3 4 5 7 13 1.41421
0 8 1 2 3 4 5 7 14 1.41421
0 8 1 2 3 4 5 9 10 1
0 8 1 2 3 4 5 9 11 1
0 8 1 2 3 4 5 9 12 1
0 8 1 2 3 4 5 9 13 1
0 8 1 2 3 4 5 9 14 1
0 8 1 2 3 4 5 10 11 1
0 8 1 2 3 4 5 10 12 1.41421
0 8 1 2 3 4 5 10 13 1.41421
0 8 1 2 3 4 5 10 14 1.41421
0 8 1 2 3 4 5 11 12 1
0 8 1 2 3 4 5 11 13 1
0 8 1 2 3 4 5 11 14 1
0 8 1 2 3 4 5 12 13 1.41421
0 8 1 2 3 4 5 12 14 1.41421
0 8 1 2 3 4 5 13 14 1.41421
0 8 1 2 3 4 6 7 9 1
0 8 1 2 3 4 6 7 10 0
0 8 1 2 3 4 6 7 11 1
0 8 1 2 3 4 6 7 12 1
0 8 1 2 3 4 6 7 13 1
0 8 1 2 3 4 6 7 14 0
0 8 1 2 3 4 6 9 10 1
0 8 1 2 3 4 6 9 11 1
0 8 1 2 3 4 6 9 12 1
0 8 1 2 3 4 6 9 13 1
0 8 1 2 3 4 6 9 14 1
0 8 1 2 3 4 6 10 11 1
0 8 1 2 3 4 6 10 12 1
0 8 1 2 3 4 6 10 13 1
0 8 1 2 3 4 6 10 14 1
0 8 1 2 3 4 6 11 12 1
0 8 1 2 3 4 6 11 13 1
0 8 1 2 3 4 6 11 14 1
0 8 1 2 3 4 6 12 13 1
0 8 1 2 3 4 6 12 14 1
0 8 1 2 3 4 6 13 14 1
0 8 1 2 3 4 7 9 10 1
0 8 1 2 3 4 7 9 11 1
0 8 1 2 3 4 7 9 12 1
0 8 1 2 3 4 7 9 13 1
0 8 1 2 3 4 7 9 14 1
0 8 1 2 3 4 7 10 11 1
0 8 1 2 3 4 7 10 12 1.41421
0 8 1 2 3 4 7 10 13 1.41421
0 8 1 2 3 4 7 10 14 1.41421
0 8 1 2 3 4 7 11 12 1
0 8 1 2 3 4 7 11 13 1
0 8 1 2 3 4 7 11 14 1
0 8 1 2 3 4 7 12 13 1.41421
0 8 1 2 3 4 7 12 14 1.41421
0 8 1 2 3 4 7 13 14 1.41421
0 8 1 2 3 4 9 10 11 1
0 8 1 2 3 4 9 10 12 1
0 8 1 2 3 4 9 10 13 1
0 8 1 2 3 4 9 10 14 1
0 8 1 2 3 4 9 11 12 1
0 8 1 2 3 4 9 11 13 1
0 8 1 2 3 4 9 11 14 1
0 8 1 2 3 4 9 12 13 1
0 8 1 2 3 4 9 12 14 1
0 8 1 2 3 4 9 13 14 1
0 8 1 2 3 4 10 11 12 1
0 8 1 2 3 4 10 11 13 1
0 8 1 2 3 4 10 11 14 1
0 8 1 2 3 4 10 12 13 1.41421
0 8 1 2 3 4 10 12 14 1.41421
0 8 1 2 3 4 10 13 14 1.41421
0 8 1 2 3 4 11 12 13 1
0 8 1 2 3 4 11 12 14 1
0 8 1 2 3 4 11 13 14 1
0 8 1 2 3 4 12 13 14 1.41421
0 8 1 2 3 5 6 7 9 1.41421
0 8 1 2 3 5 6 7 10 0
0 8 1 2 3 5 6 7 11 1.41421
0 8 1 2 3 5 6 7 12 1.41421
0 8 1 2 3 5 6 7 13 1.41421
0 8 1 2 3 5 6 7 14 1
0 8 1 2 3 5 6 9 10 0
0 8 1 2 3 5 6 9 11 1.41421
0 8 1 2 3 5 6 9 12 1.41421
0 8 1 2 3 5 6 9 13 1.41421
0 8 1 2 3 5 6 9 14 1
0 8 1 2 3 5 6 10 11 0
0 8 1 2 3 5 6 10 12 0
0 8 1 2 3 5 6 10 13 0
0 8 1 2 3 5 6 10 14 0
0 8 1 2 3 5 6 11 12 1.41421
0 8 1 2 3 5 6 11 13 1.41421
0 8 1 2 3 5 6 11 14 1
0 8 1 2 3 5 6 12 13 1.41421
0 8 1 2 3 5 6 12 14 1
0 8 1 2 3 5 6 13 14 1
0 8 1 2 3 5 7 9 10 1
0 8 1 2 3 5 7 9 11 1.41421
0 8 1 2 3 5 7 9 12 1.41421
0 8 1 2 3 5 7 9 13 1.41421
0 8 1 2 3 5 7 9 14 1
0 8 1 2 3 5 7 10 11 1
0 8 1 2 3 5 7 10 12 1.41421
0 8 1 2 3 5 7 10 13 1.41421
0 8 1 2 3 5 7 10 14 1.41421
0 8 1 2 3 5 7 11 12 1.41421
0 8 1 2 3 5 7 11 13 1.41421
0 8 1 2 3 5 7 11 14 1
0 8 1 2 3 5 7 12 13 1.41421
0 8 1 2 3 5 7 12 14 1.41421
0 8 1 2 3 5 7 13 14 1.41421
0 8 1 2 3 5 9 10 11 0
0 8 1 2 3 5 9 10 12 1
0 8 1 2 3 5 9 10 13 1
0 8 1 2 3 5 9 10 14 1
0 8 1 2 3 5 9 11 12 1.41421
0 8 1 2 3 5 9 11 13 1.41421
0 8 1 2 3 5 9 11 14 1
0 8 1 2 3 5 9 12 13 1.41421
0 8 1 2 3 5 9 12 14 1
0 8 1 2 3 5 9 13 14 1
0 8 1 2 3 5 10 11 12 1
0 8 1 2 3 5 10 11 13 1
0 8 1 2 3 5 10 11 14 1
0 8 1 2 3 5 10 12 13 1.41421
0 8 1 2 3 5 10 12 14 1.41421
0 8 1 2 3 5 10 13 14 1.41421
0 8 1 2 3 5 11 12 13 1.41421
0 8 1 2 3 5 11 12 14 1
0 8 1 2 3 5 11 13 14 1
0 8 1 2 3 5 12 13 14 1.41421
0 8 1 2 3 6 7 9 10 1
0 8 1 2 3 6 7 9 11 1.62019
0 8 1 2 3 6 7 9 12 1.62019
0 8 1 2 3 6 7 9 13 1.62019
0 8 1 2 3 6 7 9 14 1.41421
0 8 1 2 3 6 7 10 11 1
0 8 1 2 3 6 7 10 12 1
0 8 1 2 3 6 7 10 13 1
0 8 1 2 3 6 7 10 14 1
0 8 1 2 3 6 7 11 12 1.62019
0 8 1 2 3 6 7 11 13 1.62019
0 8 1 2 3 6 7 11 14 1.41421
0 8 1 2 3 6 7 12 13 1.62019
0 8 1 2 3 6 7 12 14 1.41421
0 8 1 2 3 6 7 13 14 1.41421
0 8 1 2 3 6 9 10 11 1.41421
0 8 1 2 3 6 9 10 12 1.41421
0 8 1 2 3 6 9 10 13 1.41421
0 8 1 2 3 6 9 10 14 1.41421
0 8 1 2 3 6 9 11 12 1.73205
0 8 1 2 3 6 9 11 13 1.73205
0 8 1 2 3 6 9 11 14 1.62019
0 8 1 2 3 6 9 12 13 1.73205
0 8 1 2 3 6 9 12 14 1.62019
0 8 1 2 3 6 9 13 14 1.62019
0 8 1 2 3 6 10 11 12 1.41421
0 8 1 2 3 6 10 11 13 1.41421
0 8 1 2 3 6 10 11 14 1.41421
0 8 1 2 3 6 10 12 13 1.41421
0 8 1 2 3 6 10 12 14 1.41421
0 8 1 2 3 6 10 13 14 1.41421
0 8 1 2 3 6 11 12 13 1.73205
0 8 1 2 3 6 11 12 14 1.62019
0 8 1 2 3 6 11 13 14 1.62019
0 8 1 2 3 6 12 13 14 1.62019
0 8 1 2 3 7 9 10 11 1
0 8 1 2 3 7 9 10 12 1
0 8 1 2 3 7 9 10 13 1
0 8 1 2 3 7 9 10 14 1
0 8 1 2 3 7 9 11 12 1.62019
0 8 1 2 3 7 9 11 13 1.62019
0 8 1 2 3 7 9 11 14 1.41421
0 8 1 2 3 7 9 12 13 1.62019
0 8 1 2 3 7 9 12 14 1.41421
0 8 1 2 3 7 9 13 14 1.41421
0 8 1 2 3 7 10 11 12 1
0 8 1 2 3 7 10 11 13 1
0 8 1 2 3 7 10 11 14 1
0 8 1 2 3 7 10 12 13 1.41421
0 8 1 2 3 7 10 12 14 1.41421
0 8 1 2 3 7 10 13 14 1.41421
0 8 1 2 3 7 11 12 13 1.62019
0 8 1 2 3 7 11 12 14 1.41421
0 8 1 2 3 7 11 13 14 1.41421
0 8 1 2 3 7 12 13 14 1.41421
0 8 1 2 3 9 10 11 12 1.41421
0 8 1 2 3 9 10 11 13 1.41421
0 8 1 2 3 9 10 11 14 1.41421
0 8 1 2 3 9 10 12 13 1.41421
0 8 1 2 3 9 10 12 14 1.41421
0 8 1 2 3 9 10 13 14 1.41421
0 8 1 2 3 9 11 12 13 1.73205
0 8 1 2 3 9 11 12 14 1.62019
0 8 1 2 3 9 11 13 14 1.62019
0 8 1 2 3 9 12 13 14 1.62019
0 8 1 2 3 10 11 12 13 1.41421
0 8 1 2 3 10 11 12 14 1.41421
0 8 1 2 3 10 11 13 14 1.41421
0 8 1 2 3 10 12 13 14 1.41421
0 8 1 2 3 11 12 13 14 1.62019
0 8 1 2 4 5 6 7 9 1
0 8 1 2 4 5 6 7 10 1
0 8 1 2 4 5 6 7 11 1
0 8 1 2 4 5 6 7 12 1
0 8 1 2 4 5 6 7 13 1
0 8 1 2 4 5 6 7 14 1
0 8 1 2 4 5 6 9 10 1.41421
0 8 1 2 4 5 6 9 11 1
0 8 1 2 4 5 6 9 12 1.41421
0 8 1 2 4 5 6 9 13 1.41421
0 8 1 2 4 5 6 9 14 1.41421
0 8 1 2 4 5 6 10 11 1
0 8 1 2 4 5 6 10 12 1.41421
0 8 1 2 4 5 6 10 13 1.41421
0 8 1 2 4 5 6 10 14 1.41421
0 8 1 2 4 5 6 11 12 1
0 8 1 2 4 5 6 11 13 1
0 8 1 2 4 5 6 11 14 1
0 8 1 2 4 5 6 12 13 1.41421
0 8 1 2 4 5 6 12 14 1.41421
0 8 1 2 4 5 6 13 14 1.41421
0 8 1 2 4 5 7 9 10 1.41421
0 8 1 2 4 5 7 9 11 1
0 8 1 2 4 5 7 9 12 1.41421
0 8 1 2 4 5 7 9 13 1.41421
0 8 1 2 4 5 7 9 14 1.41421
0 8 1 2 4 5 7 10 11 1
0 8 1 2 4 5 7 10 12 1.62019
0 8 1 2 4 5 7 10 13 1.62019
0 8 1 2 4 5 7 10 14 1.62019
0 8 1 2 4 5 7 11 12 1
0 8 1 2 4 5 7 11 13 1
0 8 1 2 4 5 7 11 14 1
0 8 1 2 4 5 7 12 13 1.62019
0 8 1 2 4 5 7 12 14 1.62019
0 8 1 2 4 5 7 13 14 1.62019
0 8 1 2 4 5 9 10 11 1
0 8 1 2 4 5 9 10 12 1.62019
0 8 1 2 4 5 9 10 13 1.62019
0 8 1 2 4 5 9 10 14 1.62019
0 8 1 2 4 5 9 11 12 1
0 8 1 2 4 5 9 11 13 1
0 8 1 2 4 5 9 11 14 1
0 8 1 2 4 5 9 12 13 1.62019
0 8 1 2 4 5 9 12 14 1.62019
0 8 1 2 4 5 9 13 14 1.62019
0 8 1 2 4 5 10 11 12 1
0 8 1 2 4 5 10 11 13 1
0 8 1 2 4 5 10 11 14 1
0 8 1 2 4 5 10 12 13 1.73205
0 8 1 2 4 5 10 12 14 1.73205
0 8 1 2 4 5 10 13 14 1.73205
0 8 1 2 4 5 11 12 13 1
0 8 1 2 4 5 11 12 14 1
0 8 1 2 4 5 11 13 14 1
0 8 1 2 4 5 12 13 14 1.73205
0 8 1 2 4 6 7 9 10 1
0 8 1 2 4 6 7 9 11 1
0 8 1 2 4 6 7 9 12 1
0 8 1 2 4 6 7 9 13 1
0 8 1 2 4 6 7 9 14 1
0 8 1 2 4 6 7 10 11 0
0 8 1 2 4 6 7 10 12 1
0 8 1 2 4 6 7 10 13 1
0 8 1 2 4 6 7 10 14 1
0 8 1 2 4 6 7 11 12 1
0 8 1 2 4 6 7 11 13 1
0 8 1 2 4 6 7 11 14 0
0 8 1 2 4 6 7 12 13 1
0 8 1 2 4 6 7 12 14 1
0 8 1 2 4 6 7 13 14 1
0 8 1 2 4 6 9 10 11 1.41421
0 8 1 2 4 6 9 10 12 1.62019
0 8 1 2 4 6 9 10 13 1.62019
0 8 1 2 4 6 9 10 14 1.62019
0 8 1 2 4 6 9 11 12 1.41421
0 8 1 2 4 6 9 11 13 1.41421
0 8 1 2 4 6 9 11 14 1.41421
0 8 1 2 4 6 9 12 13 1.62019
0 8 1 2 4 6 9 12 14 1.62019
0 8 1 2 4 6 9 13 14 1.62019
0 8 1 2 4 6 10 11 12 1.41421
0 8 1 2 4 6 10 11 13 1.41421
0 8 1 2 4 6 10 11 14 1.41421
0 8 1 2 4 6 10 12 13 1.62019
0 8 1 2 4 6 10 12 14 1.62019
0 8 1 2 4 6 10 13 14 1.62019
0 8 1 2 4 6 11 12 13 1.41421
0 8 1 2 4 6 11 12 14 1.41421
0 8 1 2 4 6 11 13 14 1.41421
0 8 1 2 4 6 12 13 14 1.62019
0 8 1 2 4 7 9 10 11 0
0 8 1 2 4 7 9 10 12 1.41421
0 8 1 2 4 7 9 10 13 1.41421
0 8 1 2 4 7 9 10 14 1.41421
0 8 1 2 4 7 9 11 12 1
0 8 1 2 4 7 9 11 13 1
0 8 1 2 4 7 9 11 14 0
0 8 1 2 4 7 9 12 13 1.41421
0 8 1 2 4 7 9 12 14 1.41421
0 8 1 2 4 7 9 13 14 1.41421
0 8 1 2 4 7 10 11 12 1
0 8 1 2 4 7 10 11 13 1
0 8 1 2 4 7 10 11 14 1
0 8 1 2 4 7 10 12 13 1.62019
0 8 1 2 4 7 10 12 14 1.62019
0 8 1 2 4 7 10 13 14 1.62019
0 8 1 2 4 7 11 12 13 1
0 8 1 2 4 7 11 12 14 1
0 8 1 2 4 7 11 13 14 1
0 8 1 2 4 7 12 13 14 1.62019
0 8 1 2 4 9 10 11 12 1.41421
0 8 1 2 4 9 10 11 13 1.41421
0 8 1 2 4 9 10 11 14 1.41421
0 8 1 2 4 9 10 12 13 1.73205
0 8 1 2 4 9 10 12 14 1.73205
0 8 1 2 4 9 10 13 14 1.73205
0 8 1 2 4 9 11 12 13 1.41421
0 8 1 2 4 9 11 12 14 1.41421
0 8 1 2 4 9 11 13 14 1.41421
0 8 1 2 4 9 12 13 14 1.73205
0 8 1 2 4 10 11 12 13 1.41421
0 8 1 2 4 10 11 12 14 1.41421
0 8 1 2 4 10 11 13 14 1.41421
0 8 1 2 4 10 12 13 14 1.81265
0 8 1 2 4 11 12 13 14 1.41421
0 8 1 2 5 6 7 9 10 1
0 8 1 2 5 6 7 9 11 1.41421
0 8 1 2 5 6 7 9 12 1.41421
0 8 1 2 5 6 7 9 13 1.41421
0 8 1 2 5 6 7 9 14 1
0 8 1 2 5 6 7 10 11 0
0 8 1 2 5 6 7 10 12 1
0 8 1 2 5 6 7 10 13 1
0 8 1 2 5 6 7 10 14 1
0 8 1 2 5 6 7 11 12 1.41421
0 8 1 2 5 6 7 11 13 1.41421
0 8 1 2 5 6 7 11 14 1
0 8 1 2 5 6 7 12 13 1.41421
0 8 1 2 5 6 7 12 14 1
0 8 1 2 5 6 7 13 14 1
0 8 1 2 5 6 9 10 11 1
0 8 1 2 5 6 9 10 12 1.41421
0 8 1 2 5 6 9 10 13 1.41421
0 8 1 2 5 6 9 10 14 1.41421
0 8 1 2 5 6 9 11 12 1.41421
0 8 1 2 5 6 9 11 13 1.41421
0 8 1 2 5 6 9 11 14 1
0 8 1 2 5 6 9 12 13 1.41421
0 8 1 2 5 6 9 12 14 1.41421
0 8 1 2 5 6 9 13 14 1.41421
0 8 1 2 5 6 10 11 12 1
0 8 1 2 5 6 10 11 13 1
0 8 1 2 5 6 10 11 14 1
0 8 1 2 5 6 10 12 13 1.41421
0 8 1 2 5 6 10 12 14 1.41421
0 8 1 2 5 6 10 13 14 1.41421
0 8 1 2 5 6 11 12 13 1.41421
0 8 1 2 5 6 11 12 14 1
0 8 1 2 5 6 11 13 14 1
0 8 1 2 5 6 12 13 14 1.41421
0 8 1 2 5 7 9 10 11 0
0 8 1 2 5 7 9 10 12 1.41421
0 8 1 2 5 7 9 10 13 1.41421
0 8 1 2 5 7 9 10 14 1.41421
0 8 1 2 5 7 9 11 12 1.41421
0 8 1 2 5 7 9 11 13 1.41421
0 8 1 2 5 7 9 11 14 1
0 8 1 2 5 7 9 12 13 1.41421
0 8 1 2 5 7 9 12 14 1.41421
0 8 1 2 5 7 9 13 14 1.41421
0 8 1 2 5 7 10 11 12 1
0 8 1 2 5 7 10 11 13 1
0 8 1 2 5 7 10 11 14 1
0 8 1 2 5 7 10 12 13 1.62019
0 8 1 2 5 7 10 12 14 1.62019
0 8 1 2 5 7 10 13 14 1.62019
0 8 1 2 5 7 11 12 13 1.41421
0 8 1 2 5 7 11 12 14 1
0 8 1 2 5 7 11 13 14 1
0 8 1 2 5 7 12 13 14 1.62019
0 8 1 2 5 9 10 11 12 1
0 8 1 2 5 9 10 11 13 1
0 8 1 2 5 9 10 11 14 1
0 8 1 2 5 9 10 12 13 1.62019
0 8 1 2 5 9 10 12 14 1.62019
0 8 1 2 5 9 10 13 14 1.62019
0 8 1 2 5 9 11 12 13 1.41421
0 8 1 2 5 9 11 12 14 1
0 8 1 2 5 9 11 13 14 1
0 8 1 2 5 9 12 13 14 1.62019
0 8 1 2 5 10 11 12 13 1
0 8 1 2 5 10 11 12 14 1
0 8 1 2 5 10 11 13 14 1
0 8 1 2 5 10 12 13 14 1.73205
0 8 1 2 5 11 12 13 14 1
0 8 1 2 6 7 9 10 11 1
0 8 1 2 6 7 9 10 12 1
0 8 1 2 6 7 9 10 13 1
0 8 1 2 6 7 9 10 14 1
0 8 1 2 6 7 9 11 12 1.62019
0 8 1 2 6 7 9 11 13 1.62019
0 8 1 2 6 7 9 11 14 1.41421
0 8 1 2 6 7 9 12 13 1.62019
0 8 1 2 6 7 9 12 14 1.41421
0 8 1 2 6 7 9 13 14 1.41421
0 8 1 2 6 7 10 11 12 1
0 8 1 2 6 7 10 11 13 1
0 8 1 2 6 7 10 11 14 1
0 8 1 2 6 7 10 12 13 1
0 8 1 2 6 7 10 12 14 1
0 8 1 2 6 7 10 13 14 1
0 8 1 2 6 7 11 12 13 1.62019
0 8 1 2 6 7 11 12 14 1.41421
0 8 1 2 6 7 11 13 14 1.41421
0 8 1 2 6 7 12 13 14 1.41421
0 8 1 2 6 9 10 11 12 1.62019
0 8 1 2 6 9 10 11 13 1.62019
0 8 1 2 6 9 10 11 14 1.62019
0 8 1 2 6 9 10 12 13 1.73205
0 8 1 2 6 9 10 12 14 1.73205
0 8 1 2 6 9 10 13 14 1.73205
0 8 1 2 6 9 11 12 13 1.81265
0 8 1 2 6 9 11 12 14 1.73205
0 8 1 2 6 9 11 13 14 1.73205
0 8 1 2 6 9 12 13 14 1.81265
0 8 1 2 6 10 11 12 13 1.62019
0 8 1 2 6 10 11 12 14 1.62019
0 8 1 2 6 10 11 13 14 1.62019
0 8 1 2 6 10 12 13 14 1.73205
0 8 1 2 6 11 12 13 14 1.73205
0 8 1 2 7 9 10 11 12 1
0 8 1 2 7 9 10 11 13 1
0 8 1 2 7 9 10 11 14 1
0 8 1 2 7 9 10 12 13 1.41421
0 8 1 2 7 9 10 12 14 1.41421
0 8 1 2 7 9 10 13 14 1.41421
0 8 1 2 7 9 11 12 13 1.62019
0 8 1 2 7 9 11 12 14 1.41421
0 8 1 2 7 9 11 13 14 1.41421
0 8 1 2 7 9 12 13 14 1.41421
0 8 1 2 7 10 11 12 13 1
0 8 1 2 7 10 11 12 14 1
0 8 1 2 7 10 11 13 14 1
0 8 1 2 7 10 12 13 14 1.62019
0 8 1 2 7 11 12 13 14 1.41421
0 8 1 2 9 10 11 12 13 1.62019
0 8 1 2 9 10 11 12 14 1.62019
0 8 1 2 9 10 11 13 14 1.62019
0 8 1 2 9 10 12 13 14 1.81265
0 8 1 2 9 11 12 13 14 1.73205
0 8 1 2 10 11 12 13 14 1.62019
0 8 1 3 4 5 6 7 9 1
0 8 1 3 4 5 6 7 10 0
0 8 1 3 4 5 6 7 11 1
0 8 1 3 4 5 6 7 12 1
0 8 1 3 4 5 6 7 13 1
0 8 1 3 4 5 6 7 14 0
0 8 1 3 4 5 6 9 10 0
0 8 1 3 4 5 6 9 11 1
0 8 1 3 4 5 6 9 12 1
0 8 1 3 4 5 6 9 13 1
0 8 1 3 4 5 6 9 14 0
0 8 1 3 4 5 6 10 11 0
0 8 1 3 4 5 6 10 12 0
0 8 1 3 4 5 6 10 13 0
0 8 1 3 4 5 6 10 14 0
0 8 1 3 4 5 6 11 12 1
0 8 1 3 4 5 6 11 13 1
0 8 1 3 4 5 6 11 14 0
0 8 1 3 4 5 6 12 13 1
0 8 1 3 4 5 6 12 14 0
0 8 1 3 4 5 6 13 14 0
0 8 1 3 4 5 7 9 10 1
0 8 1 3 4 5 7 9 11 1
0 8 1 3 4 5 7 9 12 1
0 8 1 3 4 5 7 9 13 1
0 8 1 3 4 5 7 9 14 1
0 8 1 3 4 5 7 10 11 1
0 8 1 3 4 5 7 10 12 1.41421
0 8 1 3 4 5 7 10 13 1.41421
0 8 1 3 4 5 7 10 14 1.41421
0 8 1 3 4 5 7 11 12 1
0 8 1 3 4 5 7 11 13 1
0 8 1 3 4 5 7 11 14 1
0 8 1 3 4 5 7 12 13 1.41421
0 8 1 3 4 5 7 12 14 1.41421
0 8 1 3 4 5 7 13 14 1.41421
0 8 1 3 4 5 9 10 11 0
0 8 1 3 4 5 9 10 12 1
0 8 1 3 4 5 9 10 13 1
0 8 1 3 4 5 9 10 14 1
0 8 1 3 4 5 9 11 12 1
0 8 1 3 4 5 9 11 13 1
0 8 1 3 4 5 9 11 14 0
0 8 1 3 4 5 9 12 13 1
0 8 1 3 4 5 9 12 14 1
0 8 1 3 4 5 9 13 14 1
0 8 1 3 4 5 10 11 12 1
0 8 1 3 4 5 10 11 13 1
0 8 1 3 4 5 10 11 14 1
0 8 1 3 4 5 10 12 13 1.41421
0 8 1 3 4 5 10 12 14 1.41421
0 8 1 3 4 5 10 13 14 1.41421
0 8 1 3 4 5 11 12 13 1
0 8 1 3 4 5 11 12 14 1
0 8 1 3 4 5 11 13 14 1
0 8 1 3 4 5 12 13 14 1.41421
0 8 1 3 4 6 7 9 10 1
0 8 1 3 4 6 7 9 11 1
0 8 1 3 4 6 7 9 12 1
0 8 1 3 4 6 7 9 13 1
0 8 1 3 4 6 7 9 14 1
0 8 1 3 4 6 7 10 11 1
0 8 1 3 4 6 7 10 12 1
0 8 1 3 4 6 7 10 13 1
0 8 1 3 4 6 7 10 14 1
0 8 1 3 4 6 7 11 12 1
0 8 1 3 4 6 7 11 13 1
0 8 1 3 4 6 7 11 14 1
0 8 1 3 4 6 7 12 13 1
0 8 1 3 4 6 7 12 14 1
0 8 1 3 4 6 7 13 14 1
0 8 1 3 4 6 9 10 11 1.41421
0 8 1 3 4 6 9 10 12 1.41421
0 8 1 3 4 6 9 10 13 1.41421
0 8 1 3 4 6 9 10 14 1.41421
0 8 1 3 4 6 9 11 12 1.41421
0 8 1 3 4 6 9 11 13 1.41421
0 8 1 3 4 6 9 11 14 1.41421
0 8 1 3 4 6 9 12 13 1.41421
0 8 1 3 4 6 9 12 14 1.41421
0 8 1 3 4 6 9 13 14 1.41421
0 8 1 3 4 6 10 11 12 1.41421
0 8 1 3 4 6 10 11 13 1.41421
0 8 1 3 4 6 10 11 14 1.41421
0 8 1 3 4 6 10 12 13 1.41421
0 8 1 3 4 6 10 12 14 1.41421
0 8 1 3 4 6 10 13 14 1.41421
0 8 1 3 4 6 11 12 13 1.41421
0 8 1 3 4 6 11 12 14 1.41421
0 8 1 3 4 6 11 13 14 1.41421
0 8 1 3 4 6 12 13 14 1.41421
0 8 1 3 4 7 9 10 11 1
0 8 1 3 4 7 9 10 12 1
0 8 1 3 4 7 9 10 13 1
0 8 1 3 4 7 9 10 14 1
0 8 1 3 4 7 9 11 12 1
0 8 1 3 4 7 9 11 13 1
0 8 1 3 4 7 9 11 14 1
0 8 1 3 4 7 9 12 13 1
0 8 1 3 4 7 9 12 14 1
0 8 1 3 4 7 9 13 14 1
0 8 1 3 4 7 10 11 12 1
0 8 1 3 4 7 10 11 13 1
0 8 1 3 4 7 10 11 14 1
0 8 1 3 4 7 10 12 13 1.41421
0 8 1 3 4 7 10 12 14 1.41421
0 8 1 3 4 7 10 13 14 1.41421
0 8 1 3 4 7 11 12 13 1
0 8 1 3 4 7 11 12 14 1
0 8 1 3 4 7 11 13 14 1
0 8 1 3 4 7 12 13 14 1.41421
0 8 1 3 4 9 10 11 12 1.41421
0 8 1 3 4 9 10 11 13 1.41421
0 8 1 3 4 9 10 11 14 1.41421
0 8 1 3 4 9 10 12 13 1.41421
0 8 1 3 4 9 10 12 14 1.41421
0 8 1 3 4 9 10 13 14 1.41421
0 8 1 3 4 9 11 12 13 1.41421
0 8 1 3 4 9 11 12 14 1.41421
0 8 1 3 4 9 11 13 14 1.41421
0 8 1 3 4 9 12 13 14 1.41421
0 8 1 3 4 10 11 12 13 1.41421
0 8 1 3 4 10 11 12 14 1.41421
0 8 1 3 4 10 11 13 14 1.41421
0 8 1 3 4 10 12 13 14 1.41421
0 8 1 3 4 11 12 13 14 1.41421
0 8 1 3 5 6 7 9 10 0
0 8 1 3 5 6 7 9 11 1.41421
0 8 1 3 5 6 7 9 12 1.41421
0 8 1 3 5 6 7 9 13 1.41421
0 8 1 3 5 6 7 9 14 1
0 8 1 3 5 6 7 10 11 0
0 8 1 3 5 6 7 10 12 0
0 8 1 3 5 6 7 10 13 0
0 8 1 3 5 6 7 10 14 0
0 8 1 3 5 6 7 11 12 1.41421
0 8 1 3 5 6 7 11 13 1.41421
0 8 1 3 5 6 7 11 14 1
0 8 1 3 5 6 7 12 13 1.41421
0 8 1 3 5 6 7 12 14 1
0 8 1 3 5 6 7 13 14 1
0 8 1 3 5 6 9 10 11 0
0 8 1 3 5 6 9 10 12 0
0 8 1 3 5 6 9 10 13 0
0 8 1 3 5 6 9 10 14 0
0 8 1 3 5 6 9 11 12 1.41421
0 8 1 3 5 6 9 11 13 1.41421
0 8 1 3 5 6 9 11 14 1
0 8 1 3 5 6 9 12 13 1.41421
0 8 1 3 5 6 9 12 14 1
0 8 1 3 5 6 9 13 14 1
0 8 1 3 5 6 10 11 12 0
0 8 1 3 5 6 10 11 13 0
0 8 1 3 5 6 10 11 14 0
0 8 1 3 5 6 10 12 13 0
0 8 1 3 5 6 10 12 14 0
0 8 1 3 5 6 10 13 14 0
0 8 1 3 5 6 11 12 13 1.41421
0 8 1 3 5 6 11 12 14 1
0 8 1 3 5 6 11 13 14 1
0 8 1 3 5 6 12 13 14 1
0 8 1 3 5 7 9 10 11 0
0 8 1 3 5 7 9 10 12 1
0 8 1 3 5 7 9 10 13 1
0 8 1 3 5 7 9 10 14 1
0 8 1 3 5 7 9 11 12 1.41421
0 8 1 3 5 7 9 11 13 1.41421
0 8 1 3 5 7 9 11 14 1
0 8 1 3 5 7 9 12 13 1.41421
0 8 1 3 5 7 9 12 14 1
0 8 1 3 5 7 9 13 14 1
0 8 1 3 5 7 10 11 12 1
0 8 1 3 5 7 10 11 13 1
0 8 1 3 5 7 10 11 14 1
0 8 1 3 5 7 10 12 13 1.41421
0 8 1 3 5 7 10 12 14 1.41421
0 8 1 3 5 7 10 13 14 1.41421
0 8 1 3 5 7 11 12 13 1.41421
0 8 1 3 5 7 11 12 14 1
0 8 1 3 5 7 11 13 14 1
0 8 1 3 5 7 12 13 14 1.41421
0 8 1 3 5 9 10 11 12 0
0 8 1 3 5 9 10 11 13 0
0 8 1 3 5 9 10 11 14 0
0 8 1 3 5 9 10 12 13 1
0 8 1 3 5 9 10 12 14 1
0 8 1 3 5 9 10 13 14 1
0 8 1 3 5 9 11 12 13 1.41421
0 8 1 3 5 9 11 12 14 1
0 8 1 3 5 9 11 13 14 1
0 8 1 3 5 9 12 13 14 1
0 8 1 3 5 10 11 12 13 1
0 8 1 3 5 10 11 12 14 1
0 8 1 3 5 10 11 13 14 1
0 8 1 3 5 10 12 13 14 1.41421
0 8 1 3 5 11 12 13 14 1
0 8 1 3 6 7 9 10 11 1.41421
0 8 1 3 6 7 9 10 12 1.41421
0 8 1 3 6 7 9 10 13 1.41421
0 8 1 3 6 7 9 10 14 1.41421
0 8 1 3 6 7 9 11 12 1.73205
0 8 1 3 6 7 9 11 13 1.73205
0 8 1 3 6 7 9 11 14 1.62019
0 8 1 3 6 7 9 12 13 1.73205
0 8 1 3 6 7 9 12 14 1.62019
0 8 1 3 6 7 9 13 14 1.62019
0 8 1 3 6 7 10 11 12 1.41421
0 8 1 3 6 7 10 11 13 1.41421
0 8 1 3 6 7 10 11 14 1.41421
0 8 1 3 6 7 10 12 13 1.41421
0 8 1 3 6 7 10 12 14 1.41421
0 8 1 3 6 7 10 13 14 1.41421
0 8 1 3 6 7 11 12 13 1.73205
0 8 1 3 6 7 11 12 14 1.62019
0 8 1 3 6 7 11 13 14 1.62019
0 8 1 3 6 7 12 13 14 1.62019
0 8 1 3 6 9 10 11 12 1.73205
0 8 1 3 6 9 10 11 13 1.73205
0 8 1 3 6 9 10 11 14 1.73205
0 8 1 3 6 9 10 12 13 1.73205
0 8 1 3 6 9 10 12 14 1.73205
0 8 1 3 6 9 10 13 14 1.73205
0 8 1 3 6 9 11 12 13 1.90693
0 8 1 3 6 9 11 12 14 1.85164
0 8 1 3 6 9 11 13 14 1.85164
0 8 1 3 6 9 12 13 14 1.85164
0 8 1 3 6 10 11 12 13 1.73205
0 8 1 3 6 10 11 12 14 1.73205
0 8 1 3 6 10 11 13 14 1.73205
0 8 1 3 6 10 12 13 14 1.73205
0 8 1 3 6 11 12 13 14 1.85164
0 8 1 3 7 9 10 11 12 1.41421
0 8 1 3 7 9 10 11 13 1.41421
0 8 1 3 7 9 10 11 14 1.41421
0 8 1 3 7 9 10 12 13 1.41421
0 8 1 3 7 9 10 12 14 1.41421
0 8 1 3 7 9 10 13 14 1.41421
0 8 1 3 7 9 11 12 13 1.73205
0 8 1 3 7 9 11 12 14 1.62019
0 8 1 3 7 9 11 13 14 1.62019
0 8 1 3 7 9 12 13 14 1.62019
0 8 1 3 7 10 11 12 13 1.41421
0 8 1 3 7 10 11 12 14 1.41421
0 8 1 3 7 10 11 13 14 1.41421
0 8 1 3 7 10 12 13 14 1.41421
0 8 1 3 7 11 12 13 14 1.62019
0 8 1 3 9 10 11 12 13 1.73205
0 8 1 3 9 10 11 12 14 1.73205
0 8 1 3 9 10 11 13 14 1.73205
0 8 1 3 9 10 12 13 14 1.73205
0 8 1 3 9 11 12 13 14 1.85164
0 8 1 3 10 11 12 13 14 1.73205
0 8 1 4 5 6 7 9 10 1.41421
0 8 1 4 5 6 7 9 11 1
0 8 1 4 5 6 7 9 12 1.41421
0 8 1 4 5 6 7 9 13 1.41421
0 8 1 4 5 6 7 9 14 1.41421
0 8 1 4 5 6 7 10 11 1
0 8 1 4 5 6 7 10 12 1.41421
0 8 1 4 5 6 7 10 13 1.41421
0 8 1 4 5 6 7 10 14 1.41421
0 8 1 4 5 6 7 11 12 1
0 8 1 4 5 6 7 11 13 1
0 8 1 4 5 6 7 11 14 1
0 8 1 4 5 6 7 12 13 1.41421
0 8 1 4 5 6 7 12 14 1.41421
0 8 1 4 5 6 7 13 14 1.41421
0 8 1 4 5 6 9 10 11 1.41421
0 8 1 4 5 6 9 10 12 1.73205
0 8 1 4 5 6 9 10 13 1.73205
0 8 1 4 5 6 9 10 14 1.73205
0 8 1 4 5 6 9 11 12 1.41421
0 8 1 4 5 6 9 11 13 1.41421
0 8 1 4 5 6 9 11 14 1.41421
0 8 1 4 5 6 9 12 13 1.73205
0 8 1 4 5 6 9 12 14 1.73205
0 8 1 4 5 6 9 13 14 1.73205
0 8 1 4 5 6 10 11 12 1.41421
0 8 1 4 5 6 10 11 13 1.41421
0 8 1 4 5 6 10 11 14 1.41421
0 8 1 4 5 6 10 12 13 1.73205
0 8 1 4 5 6 10 12 14 1.73205
0 8 1 4 5 6 10 13 14 1.73205
0 8 1 4 5 6 11 12 13 1.41421
0 8 1 4 5 6 11 12 14 1.41421
0 8 1 4 5 6 11 13 14 1.41421
0 8 1 4 5 6 12 13 14 1.73205
0 8 1 4 5 7 9 10 11 1
0 8 1 4 5 7 9 10 12 1.62019
0 8 1 4 5 7 9 10 13 1.62019
0 8 1 4 5 7 9 10 14 1.62019
0 8 1 4 5 7 9 11 12 1
0 8 1 4 5 7 9 11 13 1
0 8 1 4 5 7 9 11 14 1
0 8 1 4 5 7 9 12 13 1.62019
0 8 1 4 5 7 9 12 14 1.62019
0 8 1 4 5 7 9 13 14 1.62019
0 8 1 4 5 7 10 11 12 1
0 8 1 4 5 7 10 11 13 1
0 8 1 4 5 7 10 11 14 1
0 8 1 4 5 7 10 12 13 1.73205
0 8 1 4 5 7 10 12 14 1.73205
0 8 1 4 5 7 10 13 14 1.73205
0 8 1 4 5 7 11 12 13 1
0 8 1 4 5 7 11 12 14 1
0 8 1 4 5 7 11 13 14 1
0 8 1 4 5 7 12 13 14 1.73205
0 8 1 4 5 9 10 11 12 1.41421
0 8 1 4 5 9 10 11 13 1.41421
0 8 1 4 5 9 10 11 14 1.41421
0 8 1 4 5 9 10 12 13 1.85164
0 8 1 4 5 9 10 12 14 1.85164
0 8 1 4 5 9 10 13 14 1.85164
0 8 1 4 5 9 11 12 13 1.41421
0 8 1 4 5 9 11 12 14 1.41421
0 8 1 4 5 9 11 13 14 1.41421
0 8 1 4 5 9 12 13 14 1.85164
0 8 1 4 5 10 11 12 13 1.41421
0 8 1 4 5 10 11 12 14 1.41421
0 8 1 4 5 10 11 13 14 1.41421
0 8 1 4 5 10 12 13 14 1.90693
0 8 1 4 5 11 12 13 14 1.41421
0 8 1 4 6 7 9 10 11 1.41421
0 8 1 4 6 7 9 10 12 1.62019
0 8 1 4 6 7 9 10 13 1.62019
0 8 1 4 6 7 9 10 14 1.62019
0 8 1 4 6 7 9 11 12 1.41421
0 8 1 4 6 7 9 11 13 1.41421
0 8 1 4 6 7 9 11 14 1.41421
0 8 1 4 6 7 9 12 13 1.62019
0 8 1 4 6 7 9 12 14 1.62019
0 8 1 4 6 7 9 13 14 1.62019
0 8 1 4 6 7 10 11 12 1.41421
0 8 1 4 6 7 10 11 13 1.41421
0 8 1 4 6 7 10 11 14 1.41421
0 8 1 4 6 7 10 12 13 1.62019
0 8 1 4 6 7 10 12 14 1.62019
0 8 1 4 6 7 10 13 14 1.62019
0 8 1 4 6 7 11 12 13 1.41421
0 8 1 4 6 7 11 12 14 1.41421
0 8 1 4 6 7 11 13 14 1.41421
0 8 1 4 6 7 12 13 14 1.62019
0 8 1 4 6 9 10 11 12 2
0 8 1 4 6 9 10 11 13 2
0 8 1 4 6 9 10 11 14 2
0 8 1 4 6 9 10 12 13 2.13664
0 8 1 4 6 9 10 12 14 2.13664
0 8 1 4 6 9 10 13 14 2.13664
0 8 1 4 6 9 11 12 13 2
0 8 1 4 6 9 11 12 14 2
0 8 1 4 6 9 11 13 14 2
0 8 1 4 6 9 12 13 14 2.13664
0 8 1 4 6 10 11 12 13 2
0 8 1 4 6 10 11 12 14 2
0 8 1 4 6 10 11 13 14 2
0 8 1 4 6 10 12 13 14 2.13664
0 8 1 4 6 11 12 13 14 2
0 8 1 4 7 9 10 11 12 1.41421
0 8 1 4 7 9 10 11 13 1.41421
0 8 1 4 7 9 10 11 14 1.41421
0 8 1 4 7 9 10 12 13 1.73205
0 8 1 4 7 9 10 12 14 1.73205
0 8 1 4 7 9 10 13 14 1.73205
0 8 1 4 7 9 11 12 13 1.41421
0 8 1 4 7 9 11 12 14 1.41421
0 8 1 4 7 9 11 13 14 1.41421
0 8 1 4 7 9 12 13 14 1.73205
0 8 1 4 7 10 11 12 13 1.41421
0 8 1 4 7 10 11 12 14 1.41421
0 8 1 4 7 10 11 13 14 1.41421
0 8 1 4 7 10 12 13 14 1.81265
0 8 1 4 7 11 12 13 14 1.41421
0 8 1 4 9 10 11 12 13 2
0 8 1 4 9 10 11 12 14 2
0 8 1 4 9 10 11 13 14 2
0 8 1 4 9 10 12 13 14 2.16025
0 8 1 4 9 11 12 13 14 2
0 8 1 4 10 11 12 13 14 2
0 8 1 5 6 7 9 10 11 1
0 8 1 5 6 7 9 10 12 1.41421
0 8 1 5 6 7 9 10 13 1.41421
0 8 1 5 6 7 9 10 14 1.41421
0 8 1 5 6 7 9 11 12 1.41421
0 8 1 5 6 7 9 11 13 1.41421
0 8 1 5 6 7 9 11 14 1
0 8 1 5 6 7 9 12 13 1.41421
0 8 1 5 6 7 9 12 14 1.41421
0 8 1 5 6 7 9 13 14 1.41421
0 8 1 5 6 7 10 11 12 1
0 8 1 5 6 7 10 11 13 1
0 8 1 5 6 7 10 11 14 1
0 8 1 5 6 7 10 12 13 1.41421
0 8 1 5 6 7 10 12 14 1.41421
0 8 1 5 6 7 10 13 14 1.41421
0 8 1 5 6 7 11 12 13 1.41421
0 8 1 5 6 7 11 12 14 1
0 8 1 5 6 7 11 13 14 1
0 8 1 5 6 7 12 13 14 1.41421
0 8 1 5 6 9 10 11 12 1.41421
0 8 1 5 6 9 10 11 13 1.41421
0 8 1 5 6 9 10 11 14 1.41421
0 8 1 5 6 9 10 12 13 1.73205
0 8 1 5 6 9 10 12 14 1.73205
0 8 1 5 6 9 10 13 14 1.73205
0 8 1 5 6 9 11 12 13 1.41421
0 8 1 5 6 9 11 12 14 1.41421
0 8 1 5 6 9 11 13 14 1.41421
0 8 1 5 6 9 12 13 14 1.73205
0 8 1 5 6 10 11 12 13 1.41421
0 8 1 5 6 10 11 12 14 1.41421
0 8 1 5 6 10 11 13 14 1.41421
0 8 1 5 6 10 12 13 14 1.73205
0 8 1 5 6 11 12 13 14 1.41421
0 8 1 5 7 9 10 11 12 1
0 8 1 5 7 9 10 11 13 1
0 8 1 5 7 9 10 11 14 1
0 8 1 5 7 9 10 12 13 1.62019
0 8 1 5 7 9 10 12 14 1.62019
0 8 1 5 7 9 10 13 14 1.62019
0 8 1 5 7 9 11 12 13 1.41421
0 8 1 5 7 9 11 12 14 1
0 8 1 5 7 9 11 13 14 1
0 8 1 5 7 9 12 13 14 1.62019
0 8 1 5 7 10 11 12 13 1
0 8 1 5 7 10 11 12 14 1
0 8 1 5 7 10 11 13 14 1
0 8 1 5 7 10 12 13 14 1.73205
0 8 1 5 7 11 12 13 14 1
0 8 1 5 9 10 11 12 13 1.41421
0 8 1 5 9 10 11 12 14 1.41421
0 8 1 5 9 10 11 13 14 1.41421
0 8 1 5 9 10 12 13 14 1.85164
0 8 1 5 9 11 12 13 14 1.41421
0 8 1 5 10 11 12 13 14 1.41421
0 8 1 6 7 9 10 11 12 1.62019
0 8 1 6 7 9 10 11 13 1.62019
0 8 1 6 7 9 10 11 14 1.62019
0 8 1 6 7 9 10 12 13 1.73205
0 8 1 6 7 9 10 12 14 1.73205
0 8 1 6 7 9 10 13 14 1.73205
0 8 1 6 7 9 11 12 13 1.81265
0 8 1 6 7 9 11 12 14 1.73205
0 8 1 6 7 9 11 13 14 1.73205
0 8 1 6 7 9 12 13 14 1.81265
0 8 1 6 7 10 11 12 13 1.62019
0 8 1 6 7 10 11 12 14 1.62019
0 8 1 6 7 10 11 13 14 1.62019
0 8 1 6 7 10 12 13 14 1.73205
0 8 1 6 7 11 12 13 14 1.73205
0 8 1 6 9 10 11 12 13 2.13664
0 8 1 6 9 10 11 12 14 2.13664
0 8 1 6 9 10 11 13 14 2.13664
0 8 1 6 9 10 12 13 14 2.23607
0 8 1 6 9 11 12 13 14 2.16025
0 8 1 6 10 11 12 13 14 2.13664
0 8 1 7 9 10 11 12 13 1.62019
0 8 1 7 9 10 11 12 14 1.62019
0 8 1 7 9 10 11 13 14 1.62019
0 8 1 7 9 10 12 13 14 1.81265
0 8 1 7 9 11 12 13 14 1.73205
0 8 1 7 10 11 12 13 14 1.62019
0 8 1 9 10 11 12 13 14 2.13664
0 8 2 3 4 5 6 7 9 1.41421
0 8 2 3 4 5 6 7 10 1.41421
0 8 2 3 4 5 6 7 11 1.41421
0 8 2 3 4 5 6 7 12 1
0 8 2 3 4 5 6 7 13 1
0 8 2 3 4 5 6 7 14 1.41421
0 8 2 3 4 5 6 9 10 1.73205
0 8 2 3 4 5 6 9 11 1.73205
0 8 2 3 4 5 6 9 12 1.41421
0 8 2 3 4 5 6 9 13 1.41421
0 8 2 3 4 5 6 9 14 1.73205
0 8 2 3 4 5 6 10 11 1.73205
0 8 2 3 4 5 6 10 12 1.41421
0 8 2 3 4 5 6 10 13 1.41421
0 8 2 3 4 5 6 10 14 1.73205
0 8 2 3 4 5 6 11 12 1.41421
0 8 2 3 4 5 6 11 13 1.41421
0 8 2 3 4 5 6 11 14 1.73205
0 8 2 3 4 5 6 12 13 1
0 8 2 3 4 5 6 12 14 1.41421
0 8 2 3 4 5 6 13 14 1.41421
0 8 2 3 4 5 7 9 10 1.41421
0 8 2 3 4 5 7 9 11 1.41421
0 8 2 3 4 5 7 9 12 1
0 8 2 3 4 5 7 9 13 1
0 8 2 3 4 5 7 9 14 1.41421
0 8 2 3 4 5 7 10 11 1.41421
0 8 2 3 4 5 7 10 12 1.41421
0 8 2 3 4 5 7 10 13 1.41421
0 8 2 3 4 5 7 10 14 1.41421
0 8 2 3 4 5 7 11 12 1
0 8 2 3 4 5 7 11 13 1
0 8 2 3 4 5 7 11 14 1.41421
0 8 2 3 4 5 7 12 13 1.41421
0 8 2 3 4 5 7 12 14 1.41421
0 8 2 3 4 5 7 13 14 1.41421
0 8 2 3 4 5 9 10 11 1.73205
0 8 2 3 4 5 9 10 12 1.41421
0 8 2 3 4 5 9 10 13 1.41421
0 8 2 3 4 5 9 10 14 1.73205
0 8 2 3 4 5 9 11 12 1.41421
0 8 2 3 4 5 9 11 13 1.41421
0 8 2 3 4 5 9 11 14 1.73205
0 8 2 3 4 5 9 12 13 1
0 8 2 3 4 5 9 12 14 1.41421
0 8 2 3 4 5 9 13 14 1.41421
0 8 2 3 4 5 10 11 12 1.41421
0 8 2 3 4 5 10 11 13 1.41421
0 8 2 3 4 5 10 11 14 1.73205
0 8 2 3 4 5 10 12 13 1.41421
0 8 2 3 4 5 10 12 14 1.41421
0 8 2 3 4 5 10 13 14 1.41421
0 8 2 3 4 5 11 12 13 1
0 8 2 3 4 5 11 12 14 1.41421
0 8 2 3 4 5 11 13 14 1.41421
0 8 2 3 4 5 12 13 14 1.41421
0 8 2 3 4 6 7 9 10 1.41421
0 8 2 3 4 6 7 9 11 1.41421
0 8 2 3 4 6 7 9 12 1
0 8 2 3 4 6 7 9 13 1
0 8 2 3 4 6 7 9 14 1.41421
0 8 2 3 4 6 7 10 11 1.41421
0 8 2 3 4 6 7 10 12 1
0 8 2 3 4 6 7 10 13 1
0 8 2 3 4 6 7 10 14 1.41421
0 8 2 3 4 6 7 11 12 1
0 8 2 3 4 6 7 11 13 1
0 8 2 3 4 6 7 11 14 1.41421
0 8 2 3 4 6 7 12 13 1
0 8 2 3 4 6 7 12 14 1
0 8 2 3 4 6 7 13 14 1
0 8 2 3 4 6 9 10 11 1.85164
0 8 2 3 4 6 9 10 12 1.62019
0 8 2 3 4 6 9 10 13 1.62019
0 8 2 3 4 6 9 10 14 1.85164
0 8 2 3 4 6 9 11 12 1.62019
0 8 2 3 4 6 9 11 13 1.62019
0 8 2 3 4 6 9 11 14 1.85164
0 8 2 3 4 6 9 12 13 1.41421
0 8 2 3 4 6 9 12 14 1.62019
0 8 2 3 4 6 9 13 14 1.62019
0 8 2 3 4 6 10 11 12 1.62019
0 8 2 3 4 6 10 11 13 1.62019
0 8 2 3 4 6 10 11 14 1.85164
0 8 2 3 4 6 10 12 13 1.41421
0 8 2 3 4 6 10 12 14 1.62019
0 8 2 3 4 6 10 13 14 1.62019
0 8 2 3 4 6 11 12 13 1.41421
0 8 2 3 4 6 11 12 14 1.62019
0 8 2 3 4 6 11 13 14 1.62019
0 8 2 3 4 6 12 13 14 1.41421
0 8 2 3 4 7 9 10 11 1.41421
0 8 2 3 4 7 9 10 12 1
0 8 2 3 4 7 9 10 13 1
0 8 2 3 4 7 9 10 14 1.41421
0 8 2 3 4 7 9 11 12 1
0 8 2 3 4 7 9 11 13 1
0 8 2 3 4 7 9 11 14 1.41421
0 8 2 3 4 7 9 12 13 1
0 8 2 3 4 7 9 12 14 1
0 8 2 3 4 7 9 13 14 1
0 8 2 3 4 7 10 11 12 1
0 8 2 3 4 7 10 11 13 1
0 8 2 3 4 7 10 11 14 1.41421
0 8 2 3 4 7 10 12 13 1.41421
0 8 2 3 4 7 10 12 14 1.41421
0 8 2 3 4 7 10 13 14 1.41421
0 8 2 3 4 7 11 12 13 1
0 8 2 3 4 7 11 12 14 1
0 8 2 3 4 7 11 13 14 1
0 8 2 3 4 7 12 13 14 1.41421
0 8 2 3 4 9 10 11 12 1.62019
0 8 2 3 4 9 10 11 13 1.62019
0 8 2 3 4 9 10 11 14 1.85164
0 8 2 3 4 9 10 12 13 1.41421
0 8 2 3 4 9 10 12 14 1.62019
0 8 2 3 4 9 10 13 14 1.62019
0 8 2 3 4 9 11 12 13 1.41421
0 8 2 3 4 9 11 12 14 1.62019
0 8 2 3 4 9 11 13 14 1.62019
0 8 2 3 4 9 12 13 14 1.41421
0 8 2 3 4 10 11 12 13 1.41421
0 8 2 3 4 10 11 12 14 1.62019
0 8 2 3 4 10 11 13 14 1.62019
0 8 2 3 4 10 12 13 14 1.41421
0 8 2 3 4 11 12 13 14 1.41421
0 8 2 3 5 6 7 9 10 1.41421
0 8 2 3 5 6 7 9 11 1.41421
0 8 2 3 5 6 7 9 12 1.41421
0 8 2 3 5 6 7 9 13 1.41421
0 8 2 3 5 6 7 9 14 1.41421
0 8 2 3 5 6 7 10 11 1.41421
0 8 2 3 5 6 7 10 12 1
0 8 2 3 5 6 7 10 13 1
0 8 2 3 5 6 7 10 14 1.41421
0 8 2 3 5 6 7 11 12 1.41421
0 8 2 3 5 6 7 11 13 1.41421
0 8 2 3 5 6 7 11 14 1.41421
0 8 2 3 5 6 7 12 13 1.41421
0 8 2 3 5 6 7 12 14 1
0 8 2 3 5 6 7 13 14 1
0 8 2 3 5 6 9 10 11 1.73205
0 8 2 3 5 6 9 10 12 1.41421
0 8 2 3 5 6 9 10 13 1.41421
0 8 2 3 5 6 9 10 14 1.73205
0 8 2 3 5 6 9 11 12 1.41421
0 8 2 3 5 6 9 11 13 1.41421
0 8 2 3 5 6 9 11 14 1.73205
0 8 2 3 5 6 9 12 13 1.41421
0 8 2 3 5 6 9 12 14 1.41421
0 8 2 3 5 6 9 13 14 1.41421
0 8 2 3 5 6 10 11 12 1.41421
0 8 2 3 5 6 10 11 13 1.41421
0 8 2 3 5 6 10 11 14 1.73205
0 8 2 3 5 6 10 12 13 1
0 8 2 3 5 6 10 12 14 1.41421
0 8 2 3 5 6 10 13 14 1.41421
0 8 2 3 5 6 11 12 13 1.41421
0 8 2 3 5 6 11 12 14 1.41421
0 8 2 3 5 6 11 13 14 1.41421
0 8 2 3 5 6 12 13 14 1
0 8 2 3 5 7 9 10 11 1.41421
0 8 2 3 5 7 9 10 12 1
0 8 2 3 5 7 9 10 13 1
0 8 2 3 5 7 9 10 14 1.41421
0 8 2 3 5 7 9 11 12 1.41421
0 8 2 3 5 7 9 11 13 1.41421
0 8 2 3 5 7 9 11 14 1.41421
0 8 2 3 5 7 9 12 13 1.41421
0 8 2 3 5 7 9 12 14 1
0 8 2 3 5 7 9 13 14 1
0 8 2 3 5 7 10 11 12 1
0 8 2 3 5 7 10 11 13 1
0 8 2 3 5 7 10 11 14 1.41421
0 8 2 3 5 7 10 12 13 1.41421
0 8 2 3 5 7 10 12 14 1.41421
0 8 2 3 5 7 10 13 14 1.41421
0 8 2 3 5 7 11 12 13 1.41421
0 8 2 3 5 7 11 12 14 1
0 8 2 3 5 7 11 13 14 1
0 8 2 3 5 7 12 13 14 1.41421
0 8 2 3 5 9 10 11 12 1.41421
0 8 2 3 5 9 10 11 13 1.41421
0 8 2 3 5 9 10 11 14 1.73205
0 8 2 3 5 9 10 12 13 1
0 8 2 3 5 9 10 12 14 1.41421
0 8 2 3 5 9 10 13 14 1.41421
0 8 2 3 5 9 11 12 13 1.41421
0 8 2 3 5 9 11 12 14 1.41421
0 8 2 3 5 9 11 13 14 1.41421
0 8 2 3 5 9 12 13 14 1
0 8 2 3 5 10 11 12 13 1
0 8 2 3 5 10 11 12 14 1.41421
0 8 2 3 5 10 11 13 14 1.41421
0 8 2 3 5 10 12 13 14 1.41421
0 8 2 3 5 11 12 13 14 1
0 8 2 3 6 7 9 10 11 1.41421
0 8 2 3 6 7 9 10 12 1
0 8 2 3 6 7 9 10 13 1
0 8 2 3 6 7 9 10 14 1.41421
0 8 2 3 6 7 9 11 12 1.62019
0 8 2 3 6 7 9 11 13 1.62019
0 8 2 3 6 7 9 11 14 1.41421
0 8 2 3 6 7 9 12 13 1.62019
0 8 2 3 6 7 9 12 14 1.41421
0 8 2 3 6 7 9 13 14 1.41421
0 8 2 3 6 7 10 11 12 1
0 8 2 3 6 7 10 11 13 1
0 8 2 3 6 7 10 11 14 1.41421
0 8 2 3 6 7 10 12 13 1
0 8 2 3 6 7 10 12 14 1
0 8 2 3 6 7 10 13 14 1
0 8 2 3 6 7 11 12 13 1.62019
0 8 2 3 6 7 11 12 14 1.41421
0 8 2 3 6 7 11 13 14 1.41421
0 8 2 3 6 7 12 13 14 1.41421
0 8 2 3 6 9 10 11 12 1.73205
0 8 2 3 6 9 10 11 13 1.73205
0 8 2 3 6 9 10 11 14 1.90693
0 8 2 3 6 9 10 12 13 1.62019
0 8 2 3 6 9 10 12 14 1.73205
0 8 2 3 6 9 10 13 14 1.73205
0 8 2 3 6 9 11 12 13 1.81265
0 8 2 3 6 9 11 12 14 1.81265
0 8 2 3 6 9 11 13 14 1.81265
0 8 2 3 6 9 12 13 14 1.73205
0 8 2 3 6 10 11 12 13 1.62019
0 8 2 3 6 10 11 12 14 1.73205
0 8 2 3 6 10 11 13 14 1.73205
0 8 2 3 6 10 12 13 14 1.62019
0 8 2 3 6 11 12 13 14 1.73205
0 8 2 3 7 9 10 11 12 1
0 8 2 3 7 9 10 11 13 1
0 8 2 3 7 9 10 11 14 1.41421
0 8 2 3 7 9 10 12 13 1
0 8 2 3 7 9 10 12 14 1
0 8 2 3 7 9 10 13 14 1
0 8 2 3 7 9 11 12 13 1.62019
0 8 2 3 7 9 11 12 14 1.41421
0 8 2 3 7 9 11 13 14 1.41421
0 8 2 3 7 9 12 13 14 1.41421
0 8 2 3 7 10 11 12 13 1
0 8 2 3 7 10 11 12 14 1
0 8 2 3 7 10 11 13 14 1
0 8 2 3 7 10 12 13 14 1.41421
0 8 2 3 7 11 12 13 14 1.41421
0 8 2 3 9 10 11 12 13 1.62019
0 8 2 3 9 10 11 12 14 1.73205
0 8 2 3 9 10 11 13 14 1.73205
0 8 2 3 9 10 12 13 14 1.62019
0 8 2 3 9 11 12 13 14 1.73205
0 8 2 3 10 11 12 13 14 1.62019
0 8 2 4 5 6 7 9 10 1.41421
0 8 2 4 5 6 7 9 11 1.41421
0 8 2 4 5 6 7 9 12 1
0 8 2 4 5 6 7 9 13 1
0 8 2 4 5 6 7 9 14 1.41421
0 8 2 4 5 6 7 10 11 1.41421
0 8 2 4 5 6 7 10 12 1
0 8 2 4 5 6 7 10 13 1
0 8 2 4 5 6 7 10 14 1.41421
0 8 2 4 5 6 7 11 12 1
0 8 2 4 5 6 7 11 13 1
0 8 2 4 5 6 7 11 14 1.41421
0 8 2 4 5 6 7 12 13 1
0 8 2 4 5 6 7 12 14 1
0 8 2 4 5 6 7 13 14 1
0 8 2 4 5 6 9 10 11 1.85164
0 8 2 4 5 6 9 10 12 1.73205
0 8 2 4 5 6 9 10 13 1.73205
0 8 2 4 5 6 9 10 14 1.90693
0 8 2 4 5 6 9 11 12 1.62019
0 8 2 4 5 6 9 11 13 1.62019
0 8 2 4 5 6 9 11 14 1.85164
0 8 2 4 5 6 9 12 13 1.62019
0 8 2 4 5 6 9 12 14 1.73205
0 8 2 4 5 6 9 13 14 1.73205
0 8 2 4 5 6 10 11 12 1.62019
0 8 2 4 5 6 10 11 13 1.62019
0 8 2 4 5 6 10 11 14 1.85164
0 8 2 4 5 6 10 12 13 1.62019
0 8 2 4 5 6 10 12 14 1.73205
0 8 2 4 5 6 10 13 14 1.73205
0 8 2 4 5 6 11 12 13 1.41421
0 8 2 4 5 6 11 12 14 1.62019
0 8 2 4 5 6 11 13 14 1.62019
0 8 2 4 5 6 12 13 14 1.62019
0 8 2 4 5 7 9 10 11 1.41421
0 8 2 4 5 7 9 10 12 1.41421
0 8 2 4 5 7 9 10 13 1.41421
0 8 2 4 5 7 9 10 14 1.41421
0 8 2 4 5 7 9 11 12 1
0 8 2 4 5 7 9 11 13 1
0 8 2 4 5 7 9 11 14 1.41421
0 8 2 4 5 7 9 12 13 1.41421
0 8 2 4 5 7 9 12 14 1.41421
0 8 2 4 5 7 9 13 14 1.41421
0 8 2 4 5 7 10 11 12 1
0 8 2 4 5 7 10 11 13 1
0 8 2 4 5 7 10 11 14 1.41421
0 8 2 4 5 7 10 12 13 1.62019
0 8 2 4 5 7 10 12 14 1.62019
0 8 2 4 5 7 10 13 14 1.62019
0 8 2 4 5 7 11 12 13 1
0 8 2 4 5 7 11 12 14 1
0 8 2 4 5 7 11 13 14 1
0 8 2 4 5 7 12 13 14 1.62019
0 8 2 4 5 9 10 11 12 1.62019
0 8 2 4 5 9 10 11 13 1.62019
0 8 2 4 5 9 10 11 14 1.85164
0 8 2 4 5 9 10 12 13 1.73205
0 8 2 4 5 9 10 12 14 1.81265
0 8 2 4 5 9 10 13 14 1.81265
0 8 2 4 5 9 11 12 13 1.41421
0 8 2 4 5 9 11 12 14 1.62019
0 8 2 4 5 9 11 13 14 1.62019
0 8 2 4 5 9 12 13 14 1.73205
0 8 2 4 5 10 11 12 13 1.41421
0 8 2 4 5 10 11 12 14 1.62019
0 8 2 4 5 10 11 13 14 1.62019
0 8 2 4 5 10 12 13 14 1.81265
0 8 2 4 5 11 12 13 14 1.41421
0 8 2 4 6 7 9 10 11 1.41421
0 8 2 4 6 7 9 10 12 1
0 8 2 4 6 7 9 10 13 1
0 8 2 4 6 7 9 10 14 1.41421
0 8 2 4 6 7 9 11 12 1
0 8 2 4 6 7 9 11 13 1
0 8 2 4 6 7 9 11 14 1.41421
0 8 2 4 6 7 9 12 13 1
0 8 2 4 6 7 9 12 14 1
0 8 2 4 6 7 9 13 14 1
0 8 2 4 6 7 10 11 12 1
0 8 2 4 6 7 10 11 13 1
0 8 2 4 6 7 10 11 14 1.41421
0 8 2 4 6 7 10 12 13 1
0 8 2 4 6 7 10 12 14 1
0 8 2 4 6 7 10 13 14 1
0 8 2 4 6 7 11 12 13 1
0 8 2 4 6 7 11 12 14 1
0 8 2 4 6 7 11 13 14 1
0 8 2 4 6 7 12 13 14 1
0 8 2 4 6 9 10 11 12 1.85164
0 8 2 4 6 9 10 11 13 1.85164
0 8 2 4 6 9 10 11 14 2.00294
0 8 2 4 6 9 10 12 13 1.85164
0 8 2 4 6 9 10 12 14 1.93309
0 8 2 4 6 9 10 13 14 1.93309
0 8 2 4 6 9 11 12 13 1.73205
0 8 2 4 6 9 11 12 14 1.85164
0 8 2 4 6 9 11 13 14 1.85164
0 8 2 4 6 9 12 13 14 1.85164
0 8 2 4 6 10 11 12 13 1.73205
0 8 2 4 6 10 11 12 14 1.85164
0 8 2 4 6 10 11 13 14 1.85164
0 8 2 4 6 10 12 13 14 1.85164
0 8 2 4 6 11 12 13 14 1.73205
0 8 2 4 7 9 10 11 12 1
0 8 2 4 7 9 10 11 13 1
0 8 2 4 7 9 10 11 14 1.41421
0 8 2 4 7 9 10 12 13 1.41421
0 8 2 4 7 9 10 12 14 1.41421
0 8 2 4 7 9 10 13 14 1.41421
0 8 2 4 7 9 11 12 13 1
0 8 2 4 7 9 11 12 14 1
0 8 2 4 7 9 11 13 14 1
0 8 2 4 7 9 12 13 14 1.41421
0 8 2 4 7 10 11 12 13 1
0 8 2 4 7 10 11 12 14 1
0 8 2 4 7 10 11 13 14 1
0 8 2 4 7 10 12 13 14 1.62019
0 8 2 4 7 11 12 13 14 1
0 8 2 4 9 10 11 12 13 1.73205
0 8 2 4 9 10 11 12 14 1.85164
0 8 2 4 9 10 11 13 14 1.85164
0 8 2 4 9 10 12 13 14 1.90693
0 8 2 4 9 11 12 13 14 1.73205
0 8 2 4 10 11 12 13 14 1.73205
0 8 2 5 6 7 9 10 11 1.41421
0 8 2 5 6 7 9 10 12 1
0 8 2 5 6 7 9 10 13 1
0 8 2 5 6 7 9 10 14 1.41421
0 8 2 5 6 7 9 11 12 1.41421
0 8 2 5 6 7 9 11 13 1.41421
0 8 2 5 6 7 9 11 14 1.41421
0 8 2 5 6 7 9 12 13 1.41421
0 8 2 5 6 7 9 12 14 1
0 8 2 5 6 7 9 13 14 1
0 8 2 5 6 7 10 11 12 1
0 8 2 5 6 7 10 11 13 1
0 8 2 5 6 7 10 11 14 1.41421
0 8 2 5 6 7 10 12 13 1
0 8 2 5 6 7 10 12 14 1
0 8 2 5 6 7 10 13 14 1
0 8 2 5 6 7 11 12 13 1.41421
0 8 2 5 6 7 11 12 14 1
0 8 2 5 6 7 11 13 14 1
0 8 2 5 6 7 12 13 14 1
0 8 2 5 6 9 10 11 12 1.62019
0 8 2 5 6 9 10 11 13 1.62019
0 8 2 5 6 9 10 11 14 1.85164
0 8 2 5 6 9 10 12 13 1.62019
0 8 2 5 6 9 10 12 14 1.73205
0 8 2 5 6 9 10 13 14 1.73205
0 8 2 5 6 9 11 12 13 1.41421
0 8 2 5 6 9 11 12 14 1.62019
0 8 2 5 6 9 11 13 14 1.62019
0 8 2 5 6 9 12 13 14 1.62019
0 8 2 5 6 10 11 12 13 1.41421
0 8 2 5 6 10 11 12 14 1.62019
0 8 2 5 6 10 11 13 14 1.62019
0 8 2 5 6 10 12 13 14 1.62019
0 8 2 5 6 11 12 13 14 1.41421
0 8 2 5 7 9 10 11 12 1
0 8 2 5 7 9 10 11 13 1
0 8 2 5 7 9 10 11 14 1.41421
0 8 2 5 7 9 10 12 13 1.41421
0 8 2 5 7 9 10 12 14 1.41421
0 8 2 5 7 9 10 13 14 1.41421
0 8 2 5 7 9 11 12 13 1.41421
0 8 2 5 7 9 11 12 14 1
0 8 2 5 7 9 11 13 14 1
0 8 2 5 7 9 12 13 14 1.41421
0 8 2 5 7 10 11 12 13 1
0 8 2 5 7 10 11 12 14 1
0 8 2 5 7 10 11 13 14 1
0 8 2 5 7 10 12 13 14 1.62019
0 8 2 5 7 11 12 13 14 1
0 8 2 5 9 10 11 12 13 1.41421
0 8 2 5 9 10 11 12 14 1.62019
0 8 2 5 9 10 11 13 14 1.62019
0 8 2 5 9 10 12 13 14 1.73205
0 8 2 5 9 11 12 13 14 1.41421
0 8 2 5 10 11 12 13 14 1.41421
0 8 2 6 7 9 10 11 12 1
0 8 2 6 7 9 10 11 13 1
0 8 2 6 7 9 10 11 14 1.41421
0 8 2 6 7 9 10 12 13 1
0 8 2 6 7 9 10 12 14 1
0 8 2 6 7 9 10 13 14 1
0 8 2 6 7 9 11 12 13 1.62019
0 8 2 6 7 9 11 12 14 1.41421
0 8 2 6 7 9 11 13 14 1.41421
0 8 2 6 7 9 12 13 14 1.41421
0 8 2 6 7 10 11 12 13 1
0 8 2 6 7 10 11 12 14 1
0 8 2 6 7 10 11 13 14 1
0 8 2 6 7 10 12 13 14 1
0 8 2 6 7 11 12 13 14 1.41421
0 8 2 6 9 10 11 12 13 1.85164
0 8 2 6 9 10 11 12 14 1.93309
0 8 2 6 9 10 11 13 14 1.93309
0 8 2 6 9 10 12 13 14 1.93309
0 8 2 6 9 11 12 13 14 1.90693
0 8 2 6 10 11 12 13 14 1.85164
0 8 2 7 9 10 11 12 13 1
0 8 2 7 9 10 11 12 14 1
0 8 2 7 9 10 11 13 14 1
0 8 2 7 9 10 12 13 14 1.41421
0 8 2 7 9 11 12 13 14 1.41421
0 8 2 7 10 11 12 13 14 1
0 8 2 9 10 11 12 13 14 1.85164
0 8 3 4 5 6 7 9 10 1.73205
0 8 3 4 5 6 7 9 11 1.73205
0 8 3 4 5 6 7 9 12 1.41421
0 8 3 4 5 6 7 9 13 1.41421
0 8 3 4 5 6 7 9 14 1.73205
0 8 3 4 5 6 7 10 11 1.73205
0 8 3 4 5 6 7 10 12 1.41421
0 8 3 4 5 6 7 10 13 1.41421
0 8 3 4 5 6 7 10 14 1.73205
0 8 3 4 5 6 7 11 12 1.41421
0 8 3 4 5 6 7 11 13 1.41421
0 8 3 4 5 6 7 11 14 1.73205
0 8 3 4 5 6 7 12 13 1
0 8 3 4 5 6 7 12 14 1.41421
0 8 3 4 5 6 7 13 14 1.41421
0 8 3 4 5 6 9 10 11 2
0 8 3 4 5 6 9 10 12 1.73205
0 8 3 4 5 6 9 10 13 1.73205
0 8 3 4 5 6 9 10 14 2
0 8 3 4 5 6 9 11 12 1.73205
0 8 3 4 5 6 9 11 13 1.73205
0 8 3 4 5 6 9 11 14 2
0 8 3 4 5 6 9 12 13 1.41421
0 8 3 4 5 6 9 12 14 1.73205
0 8 3 4 5 6 9 13 14 1.73205
0 8 3 4 5 6 10 11 12 1.73205
0 8 3 4 5 6 10 11 13 1.73205
0 8 3 4 5 6 10 11 14 2
0 8 3 4 5 6 10 12 13 1.41421
0 8 3 4 5 6 10 12 14 1.73205
0 8 3 4 5 6 10 13 14 1.73205
0 8 3 4 5 6 11 12 13 1.41421
0 8 3 4 5 6 11 12 14 1.73205
0 8 3 4 5 6 11 13 14 1.73205
0 8 3 4 5 6 12 13 14 1.41421
0 8 3 4 5 7 9 10 11 1.73205
0 8 3 4 5 7 9 10 12 1.41421
0 8 3 4 5 7 9 10 13 1.41421
0 8 3 4 5 7 9 10 14 1.73205
0 8 3 4 5 7 9 11 12 1.41421
0 8 3 4 5 7 9 11 13 1.41421
0 8 3 4 5 7 9 11 14 1.73205
0 8 3 4 5 7 9 12 13 1
0 8 3 4 5 7 9 12 14 1.41421
0 8 3 4 5 7 9 13 14 1.41421
0 8 3 4 5 7 10 11 12 1.41421
0 8 3 4 5 7 10 11 13 1.41421
0 8 3 4 5 7 10 11 14 1.73205
0 8 3 4 5 7 10 12 13 1.41421
0 8 3 4 5 7 10 12 14 1.41421
0 8 3 4 5 7 10 13 14 1.41421
0 8 3 4 5 7 11 12 13 1
0 8 3 4 5 7 11 12 14 1.41421
0 8 3 4 5 7 11 13 14 1.41421
0 8 3 4 5 7 12 13 14 1.41421
0 8 3 4 5 9 10 11 12 1.73205
0 8 3 4 5 9 10 11 13 1.73205
0 8 3 4 5 9 10 11 14 2
0 8 3 4 5 9 10 12 13 1.41421
0 8 3 4 5 9 10 12 14 1.73205
0 8 3 4 5 9 10 13 14 1.73205
0 8 3 4 5 9 11 12 13 1.41421
0 8 3 4 5 9 11 12 14 1.73205
0 8 3 4 5 9 11 13 14 1.73205
0 8 3 4 5 9 12 13 14 1.41421
0 8 3 4 5 10 11 12 13 1.41421
0 8 3 4 5 10 11 12 14 1.73205
0 8 3 4 5 10 11 13 14 1.73205
0 8 3 4 5 10 12 13 14 1.41421
0 8 3 4 5 11 12 13 14 1.41421
0 8 3 4 6 7 9 10 11 1.85164
0 8 3 4 6 7 9 10 12 1.62019
0 8 3 4 6 7 9 10 13 1.62019
0 8 3 4 6 7 9 10 14 1.85164
0 8 3 4 6 7 9 11 12 1.62019
0 8 3 4 6 7 9 11 13 1.62019
0 8 3 4 6 7 9 11 14 1.85164
0 8 3 4 6 7 9 12 13 1.41421
0 8 3 4 6 7 9 12 14 1.62019
0 8 3 4 6 7 9 13 14 1.62019
0 8 3 4 6 7 10 11 12 1.62019
0 8 3 4 6 7 10 11 13 1.62019
0 8 3 4 6 7 10 11 14 1.85164
0 8 3 4 6 7 10 12 13 1.41421
0 8 3 4 6 7 10 12 14 1.62019
0 8 3 4 6 7 10 13 14 1.62019
0 8 3 4 6 7 11 12 13 1.41421
0 8 3 4 6 7 11 12 14 1.62019
0 8 3 4 6 7 11 13 14 1.62019
0 8 3 4 6 7 12 13 14 1.41421
0 8 3 4 6 9 10 11 12 2.13664
0 8 3 4 6 9 10 11 13 2.13664
0 8 3 4 6 9 10 11 14 2.28709
0 8 3 4 6 9 10 12 13 2
0 8 3 4 6 9 10 12 14 2.13664
0 8 3 4 6 9 10 13 14 2.13664
0 8 3 4 6 9 11 12 13 2
0 8 3 4 6 9 11 12 14 2.13664
0 8 3 4 6 9 11 13 14 2.13664
0 8 3 4 6 9 12 13 14 2
0 8 3 4 6 10 11 12 13 2
0 8 3 4 6 10 11 12 14 2.13664
0 8 3 4 6 10 11 13 14 2.13664
0 8 3 4 6 10 12 13 14 2
0 8 3 4 6 11 12 13 14 2
0 8 3 4 7 9 10 11 12 1.62019
0 8 3 4 7 9 10 11 13 1.62019
0 8 3 4 7 9 10 11 14 1.85164
0 8 3 4 7 9 10 12 13 1.41421
0 8 3 4 7 9 10 12 14 1.62019
0 8 3 4 7 9 10 13 14 1.62019
0 8 3 4 7 9 11 12 13 1.41421
0 8 3 4 7 9 11 12 14 1.62019
0 8 3 4 7 9 11 13 14 1.62019
0 8 3 4 7 9 12 13 14 1.41421
0 8 3 4 7 10 11 12 13 1.41421
0 8 3 4 7 10 11 12 14 1.62019
0 8 3 4 7 10 11 13 14 1.62019
0 8 3 4 7 10 12 13 14 1.41421
0 8 3 4 7 11 12 13 14 1.41421
0 8 3 4 9 10 11 12 13 2
0 8 3 4 9 10 11 12 14 2.13664
0 8 3 4 9 10 11 13 14 2.13664
0 8 3 4 9 10 12 13 14 2
0 8 3 4 9 11 12 13 14 2
0 8 3 4 10 11 12 13 14 2
0 8 3 5 6 7 9 10 11 1.73205
0 8 3 5 6 7 9 10 12 1.41421
0 8 3 5 6 7 9 10 13 1.41421
0 8 3 5 6 7 9 10 14 1.73205
0 8 3 5 6 7 9 11 12 1.41421
0 8 3 5 6 7 9 11 13 1.41421
0 8 3 5 6 7 9 11 14 1.73205
0 8 3 5 6 7 9 12 13 1.41421
0 8 3 5 6 7 9 12 14 1.41421
0 8 3 5 6 7 9 13 14 1.41421
0 8 3 5 6 7 10 11 12 1.41421
0 8 3 5 6 7 10 11 13 1.41421
0 8 3 5 6 7 10 11 14 1.73205
0 8 3 5 6 7 10 12 13 1
0 8 3 5 6 7 10 12 14 1.41421
0 8 3 5 6 7 10 13 14 1.41421
0 8 3 5 6 7 11 12 13 1.41421
0 8 3 5 6 7 11 12 14 1.41421
0 8 3 5 6 7 11 13 14 1.41421
0 8 3 5 6 7 12 13 14 1
0 8 3 5 6 9 10 11 12 1.73205
0 8 3 5 6 9 10 11 13 1.73205
0 8 3 5 6 9 10 11 14 2
0 8 3 5 6 9 10 12 13 1.41421
0 8 3 5 6 9 10 12 14 1.73205
0 8 3 5 6 9 10 13 14 1.73205
0 8 3 5 6 9 11 12 13 1.41421
0 8 3 5 6 9 11 12 14 1.73205
0 8 3 5 6 9 11 13 14 1.73205
0 8 3 5 6 9 12 13 14 1.41421
0 8 3 5 6 10 11 12 13 1.41421
0 8 3 5 6 10 11 12 14 1.73205
0 8 3 5 6 10 11 13 14 1.73205
0 8 3 5 6 10 12 13 14 1.41421
0 8 3 5 6 11 12 13 14 1.41421
0 8 3 5 7 9 10 11 12 1.41421
0 8 3 5 7 9 10 11 13 1.41421
0 8 3 5 7 9 10 11 14 1.73205
0 8 3 5 7 9 10 12 13 1
0 8 3 5 7 9 10 12 14 1.41421
0 8 3 5 7 9 10 13 14 1.41421
0 8 3 5 7 9 11 12 13 1.41421
0 8 3 5 7 9 11 12 14 1.41421
0 8 3 5 7 9 11 13 14 1.41421
0 8 3 5 7 9 12 13 14 1
0 8 3 5 7 10 11 12 13 1
0 8 3 5 7 10 11 12 14 1.41421
0 8 3 5 7 10 11 13 14 1.41421
0 8 3 5 7 10 12 13 14 1.41421
0 8 3 5 7 11 12 13 14 1
0 8 3 5 9 10 11 12 13 1.41421
0 8 3 5 9 10 11 12 14 1.73205
0 8 3 5 9 10 11 13 14 1.73205
0 8 3 5 9 10 12 13 14 1.41421
0 8 3 5 9 11 12 13 14 1.41421
0 8 3 5 10 11 12 13 14 1.41421
0 8 3 6 7 9 10 11 12 1.73205
0 8 3 6 7 9 10 11 13 1.73205
0 8 3 6 7 9 10 11 14 1.90693
0 8 3 6 7 9 10 12 13 1.62019
0 8 3 6 7 9 10 12 14 1.73205
0 8 3 6 7 9 10 13 14 1.73205
0 8 3 6 7 9 11 12 13 1.81265
0 8 3 6 7 9 11 12 14 1.81265
0 8 3 6 7 9 11 13 14 1.81265
0 8 3 6 7 9 12 13 14 1.73205
0 8 3 6 7 10 11 12 13 1.62019
0 8 3 6 7 10 11 12 14 1.73205
0 8 3 6 7 10 11 13 14 1.73205
0 8 3 6 7 10 12 13 14 1.62019
0 8 3 6 7 11 12 13 14 1.73205
0 8 3 6 9 10 11 12 13 2.13664
0 8 3 6 9 10 11 12 14 2.23607
0 8 3 6 9 10 11 13 14 2.23607
0 8 3 6 9 10 12 13 14 2.13664
0 8 3 6 9 11 12 13 14 2.16025
0 8 3 6 10 11 12 13 14 2.13664
0 8 3 7 9 10 11 12 13 1.62019
0 8 3 7 9 10 11 12 14 1.73205
0 8 3 7 9 10 11 13 14 1.73205
0 8 3 7 9 10 12 13 14 1.62019
0 8 3 7 9 11 12 13 14 1.73205
0 8 3 7 10 11 12 13 14 1.62019
0 8 3 9 10 11 12 13 14 2.13664
0 8 4 5 6 7 9 10 11 1.85164
0 8 4 5 6 7 9 10 12 1.73205
0 8 4 5 6 7 9 10 13 1.73205
0 8 4 5 6 7 9 10 14 1.90693
0 8 4 5 6 7 9 11 12 1.62019
0 8 4 5 6 7 9 11 13 1.62019
0 8 4 5 6 7 9 11 14 1.85164
0 8 4 5 6 7 9 12 13 1.62019
0 8 4 5 6 7 9 12 14 1.73205
0 8 4 5 6 7 9 13 14 1.73205
0 8 4 5 6 7 10 11 12 1.62019
0 8 4 5 6 7 10 11 13 1.62019
0 8 4 5 6 7 10 11 14 1.85164
0 8 4 5 6 7 10 12 13 1.62019
0 8 4 5 6 7 10 12 14 1.73205
0 8 4 5 6 7 10 13 14 1.73205
0 8 4 5 6 7 11 12 13 1.41421
0 8 4 5 6 7 11 12 14 1.62019
0 8 4 5 6 7 11 13 14 1.62019
0 8 4 5 6 7 12 13 14 1.62019
0 8 4 5 6 9 10 11 12 2.13664
0 8 4 5 6 9 10 11 13 2.13664
0 8 4 5 6 9 10 11 14 2.28709
0 8 4 5 6 9 10 12 13 2.13664
0 8 4 5 6 9 10 12 14 2.23607
0 8 4 5 6 9 10 13 14 2.23607
0 8 4 5 6 9 11 12 13 2
0 8 4 5 6 9 11 12 14 2.13664
0 8 4 5 6 9 11 13 14 2.13664
0 8 4 5 6 9 12 13 14 2.13664
0 8 4 5 6 10 11 12 13 2
0 8 4 5 6 10 11 12 14 2.13664
0 8 4 5 6 10 11 13 14 2.13664
0 8 4 5 6 10 12 13 14 2.13664
0 8 4 5 6 11 12 13 14 2
0 8 4 5 7 9 10 11 12 1.62019
0 8 4 5 7 9 10 11 13 1.62019
0 8 4 5 7 9 10 11 14 1.85164
0 8 4 5 7 9 10 12 13 1.73205
0 8 4 5 7 9 10 12 14 1.81265
0 8 4 5 7 9 10 13 14 1.81265
0 8 4 5 7 9 11 12 13 1.41421
0 8 4 5 7 9 11 12 14 1.62019
0 8 4 5 7 9 11 13 14 1.62019
0 8 4 5 7 9 12 13 14 1.73205
0 8 4 5 7 10 11 12 13 1.41421
0 8 4 5 7 10 11 12 14 1.62019
0 8 4 5 7 10 11 13 14 1.62019
0 8 4 5 7 10 12 13 14 1.81265
0 8 4 5 7 11 12 13 14 1.41421
0 8 4 5 9 10 11 12 13 2
0 8 4 5 9 10 11 12 14 2.13664
0 8 4 5 9 10 11 13 14 2.13664
0 8 4 5 9 10 12 13 14 2.16025
0 8 4 5 9 11 12 13 14 2
0 8 4 5 10 11 12 13 14 2
0 8 4 6 7 9 10 11 12 1.85164
0 8 4 6 7 9 10 11 13 1.85164
0 8 4 6 7 9 10 11 14 2.00294
0 8 4 6 7 9 10 12 13 1.85164
0 8 4 6 7 9 10 12 14 1.93309
0 8 4 6 7 9 10 13 14 1.93309
0 8 4 6 7 9 11 12 13 1.73205
0 8 4 6 7 9 11 12 14 1.85164
0 8 4 6 7 9 11 13 14 1.85164
0 8 4 6 7 9 12 13 14 1.85164
0 8 4 6 7 10 11 12 13 1.73205
0 8 4 6 7 10 11 12 14 1.85164
0 8 4 6 7 10 11 13 14 1.85164
0 8 4 6 7 10 12 13 14 1.85164
0 8 4 6 7 11 12 13 14 1.73205
0 8 4 6 9 10 11 12 13 2.44949
0 8 4 6 9 10 11 12 14 2.52543
0 8 4 6 9 10 11 13 14 2.52543
0 8 4 6 9 10 12 13 14 2.52543
0 8 4 6 9 11 12 13 14 2.44949
0 8 4 6 10 11 12 13 14 2.44949
0 8 4 7 9 10 11 12 13 1.73205
0 8 4 7 9 10 11 12 14 1.85164
0 8 4 7 9 10 11 13 14 1.85164
0 8 4 7 9 10 12 13 14 1.90693
0 8 4 7 9 11 12 13 14 1.73205
0 8 4 7 10 11 12 13 14 1.73205
0 8 4 9 10 11 12 13 14 2.44949
0 8 5 6 7 9 10 11 12 1.62019
0 8 5 6 7 9 10 11 13 1.62019
0 8 5 6 7 9 10 11 14 1.85164
0 8 5 6 7 9 10 12 13 1.62019
0 8 5 6 7 9 10 12 14 1.73205
0 8 5 6 7 9 10 13 14 1.73205
0 8 5 6 7 9 11 12 13 1.41421
0 8 5 6 7 9 11 12 14 1.62019
0 8 5 6 7 9 11 13 14 1.62019
0 8 5 6 7 9 12 13 14 1.62019
0 8 5 6 7 10 11 12 13 1.41421
0 8 5 6 7 10 11 12 14 1.62019
0 8 5 6 7 10 11 13 14 1.62019
0 8 5 6 7 10 12 13 14 1.62019
0 8 5 6 7 11 12 13 14 1.41421
0 8 5 6 9 10 11 12 13 2
0 8 5 6 9 10 11 12 14 2.13664
0 8 5 6 9 10 11 13 14 2.13664
0 8 5 6 9 10 12 13 14 2.13664
0 8 5 6 9 11 12 13 14 2
0 8 5 6 10 11 12 13 14 2
0 8 5 7 9 10 11 12 13 1.41421
0 8 5 7 9 10 11 12 14 1.62019
0 8 5 7 9 10 11 13 14 1.62019
0 8 5 7 9 10 12 13 14 1.73205
0 8 5 7 9 11 12 13 14 1.41421
0 8 5 7 10 11 12 13 14 1.41421
0 8 5 9 10 11 12 13 14 2
0 8 6 7 9 10 11 12 13 1.85164
0 8 6 7 9 10 11 12 14 1.93309
0 8 6 7 9 10 11 13 14 1.93309
0 8 6 7 9 10 12 13 14 1.93309
0 8 6 7 9 11 12 13 14 1.90693
0 8 6 7 10 11 12 13 14 1.85164
0 8 6 9 10 11 12 13 14 2.52543
0 8 7 9 10 11 12 13 14 1.85164
