4 8 0 1 2.19089
4 8 0 2 2.09069
4 8 0 3 2.28709
4 8 0 5 2.389
4 8 0 6 2.66231
4 8 0 7 2.09069
4 8 0 9 2.67435
4 8 0 10 2.68408
4 8 0 11 2.61406
4 8 0 12 2.64575
4 8 0 13 2.64575
4 8 0 14 2.68408
4 8 1 2 1.81265
4 8 1 3 1.41421
4 8 1 5 1.90693
4 8 1 6 2.13664
4 8 1 7 1.81265
4 8 1 9 2.16025
4 8 1 10 2.19089
4 8 1 11 2
4 8 1 12 2.19089
4 8 1 13 2.19089
4 8 1 14 2.19089
4 8 2 3 1.93309
4 8 2 5 2.02367
4 8 2 6 2.09938
4 8 2 7 1.62019
4 8 2 9 2.16025
4 8 2 10 2.14154
4 8 2 11 2.04939
4 8 2 12 2.04495
4 8 2 13 2
4 8 2 14 2.14154
4 8 3 5 2.07802
4 8 3 6 2.32266
4 8 3 7 1.93309
4 8 3 9 2.32266
4 8 3 10 2.32266
4 8 3 11 2.32266
4 8 3 12 2.16025
4 8 3 13 2.13664
4 8 3 14 2.32266
4 8 5 6 2.39046
4 8 5 7 2.02367
4 8 5 9 2.40662
4 8 5 10 2.42507
4 8 5 11 2.32266
4 8 5 12 2.3094
4 8 5 13 2.28446
4 8 5 14 2.42507
4 8 6 7 2.09938
4 8 6 9 2.68164
4 8 6 10 2.68164
4 8 6 11 2.62216
4 8 6 12 2.60419
4 8 6 13 2.58844
4 8 6 14 2.68164
4 8 7 9 2.16025
4 8 7 10 2.14154
4 8 7 11 2.04939
4 8 7 12 2.04495
4 8 7 13 2
4 8 7 14 2.14154
4 8 9 10 2.69077
4 8 9 11 2.62216
4 8 9 12 2.61861
4 8 9 13 2.60419
4 8 9 14 2.69077
4 8 10 11 2.62216
4 8 10 12 2.62912
4 8 10 13 2.64575
4 8 10 14 2.69472
4 8 11 12 2.53722
4 8 11 13 2.52543
4 8 11 14 2.62216
4 8 12 13 2.53899
4 8 12 14 2.62912
4 8 13 14 2.64575
