4 8 0 1 2 3 5 6 7 1
4 8 0 1 2 3 5 6 9 1
4 8 0 1 2 3 5 6 10 0
4 8 0 1 2 3 5 6 11 1
4 8 0 1 2 3 5 6 12 1
4 8 0 1 2 3 5 6 13 1
4 8 0 1 2 3 5 6 14 0
4 8 0 1 2 3 5 7 9 1
4 8 0 1 2 3 5 7 10 1.41421
4 8 0 1 2 3 5 7 11 1
4 8 0 1 2 3 5 7 12 1.41421
4 8 0 1 2 3 5 7 13 1.41421
4 8 0 1 2 3 5 7 14 1.41421
4 8 0 1 2 3 5 9 10 1
4 8 0 1 2 3 5 9 11 1
4 8 0 1 2 3 5 9 12 1
4 8 0 1 2 3 5 9 13 1
4 8 0 1 2 3 5 9 14 1
4 8 0 1 2 3 5 10 11 1
4 8 0 1 2 3 5 10 12 1.41421
4 8 0 1 2 3 5 10 13 1.41421
4 8 0 1 2 3 5 10 14 1.41421
4 8 0 1 2 3 5 11 12 1
4 8 0 1 2 3 5 11 13 1
4 8 0 1 2 3 5 11 14 1
4 8 0 1 2 3 5 12 13 1.41421
4 8 0 1 2 3 5 12 14 1.41421
4 8 0 1 2 3 5 13 14 1.41421
4 8 0 1 2 3 6 7 9 1
4 8 0 1 2 3 6 7 10 0
4 8 0 1 2 3 6 7 11 1
4 8 0 1 2 3 6 7 12 1
4 8 0 1 2 3 6 7 13 1
4 8 0 1 2 3 6 7 14 0
4 8 0 1 2 3 6 9 10 1
4 8 0 1 2 3 6 9 11 1
4 8 0 1 2 3 6 9 12 1
4 8 0 1 2 3 6 9 13 1
4 8 0 1 2 3 6 9 14 1
4 8 0 1 2 3 6 10 11 1
4 8 0 1 2 3 6 10 12 1
4 8 0 1 2 3 6 10 13 1
4 8 0 1 2 3 6 10 14 1
4 8 0 1 2 3 6 11 12 1
4 8 0 1 2 3 6 11 13 1
4 8 0 1 2 3 6 11 14 1
4 8 0 1 2 3 6 12 13 1
4 8 0 1 2 3 6 12 14 1
4 8 0 1 2 3 6 13 14 1
4 8 0 1 2 3 7 9 10 1
4 8 0 1 2 3 7 9 11 1
4 8 0 1 2 3 7 9 12 1
4 8 0 1 2 3 7 9 13 1
4 8 0 1 2 3 7 9 14 1
4 8 0 1 2 3 7 10 11 1
4 8 0 1 2 3 7 10 12 1.41421
4 8 0 1 2 3 7 10 13 1.41421
4 8 0 1 2 3 7 10 14 1.41421
4 8 0 1 2 3 7 11 12 1
4 8 0 1 2 3 7 11 13 1
4 8 0 1 2 3 7 11 14 1
4 8 0 1 2 3 7 12 13 1.41421
4 8 0 1 2 3 7 12 14 1.41421
4 8 0 1 2 3 7 13 14 1.41421
4 8 0 1 2 3 9 10 11 1
4 8 0 1 2 3 9 10 12 1
4 8 0 1 2 3 9 10 13 1
4 8 0 1 2 3 9 10 14 1
4 8 0 1 2 3 9 11 12 1
4 8 0 1 2 3 9 11 13 1
4 8 0 1 2 3 9 11 14 1
4 8 0 1 2 3 9 12 13 1
4 8 0 1 2 3 9 12 14 1
4 8 0 1 2 3 9 13 14 1
4 8 0 1 2 3 10 11 12 1
4 8 0 1 2 3 10 11 13 1
4 8 0 1 2 3 10 11 14 1
4 8 0 1 2 3 10 12 13 1.41421
4 8 0 1 2 3 10 12 14 1.41421
4 8 0 1 2 3 10 13 14 1.41421
4 8 0 1 2 3 11 12 13 1
4 8 0 1 2 3 11 12 14 1
4 8 0 1 2 3 11 13 14 1
4 8 0 1 2 3 12 13 14 1.41421
4 8 0 1 2 5 6 7 9 1
4 8 0 1 2 5 6 7 10 1
4 8 0 1 2 5 6 7 11 1
4 8 0 1 2 5 6 7 12 1
4 8 0 1 2 5 6 7 13 1
4 8 0 1 2 5 6 7 14 1
4 8 0 1 2 5 6 9 10 1.41421
4 8 0 1 2 5 6 9 11 1
4 8 0 1 2 5 6 9 12 1.41421
4 8 0 1 2 5 6 9 13 1.41421
4 8 0 1 2 5 6 9 14 1.41421
4 8 0 1 2 5 6 10 11 1
4 8 0 1 2 5 6 10 12 1.41421
4 8 0 1 2 5 6 10 13 1.41421
4 8 0 1 2 5 6 10 14 1.41421
4 8 0 1 2 5 6 11 12 1
4 8 0 1 2 5 6 11 13 1
4 8 0 1 2 5 6 11 14 1
4 8 0 1 2 5 6 12 13 1.41421
4 8 0 1 2 5 6 12 14 1.41421
4 8 0 1 2 5 6 13 14 1.41421
4 8 0 1 2 5 7 9 10 1.41421
4 8 0 1 2 5 7 9 11 1
4 8 0 1 2 5 7 9 12 1.41421
4 8 0 1 2 5 7 9 13 1.41421
4 8 0 1 2 5 7 9 14 1.41421
4 8 0 1 2 5 7 10 11 1
4 8 0 1 2 5 7 10 12 1.62019
4 8 0 1 2 5 7 10 13 1.62019
4 8 0 1 2 5 7 10 14 1.62019
4 8 0 1 2 5 7 11 12 1
4 8 0 1 2 5 7 11 13 1
4 8 0 1 2 5 7 11 14 1
4 8 0 1 2 5 7 12 13 1.62019
4 8 0 1 2 5 7 12 14 1.62019
4 8 0 1 2 5 7 13 14 1.62019
4 8 0 1 2 5 9 10 11 1
4 8 0 1 2 5 9 10 12 1.62019
4 8 0 1 2 5 9 10 13 1.62019
4 8 0 1 2 5 9 10 14 1.62019
4 8 0 1 2 5 9 11 12 1
4 8 0 1 2 5 9 11 13 1
4 8 0 1 2 5 9 11 14 1
4 8 0 1 2 5 9 12 13 1.62019
4 8 0 1 2 5 9 12 14 1.62019
4 8 0 1 2 5 9 13 14 1.62019
4 8 0 1 2 5 10 11 12 1
4 8 0 1 2 5 10 11 13 1
4 8 0 1 2 5 10 11 14 1
4 8 0 1 2 5 10 12 13 1.73205
4 8 0 1 2 5 10 12 14 1.73205
4 8 0 1 2 5 10 13 14 1.73205
4 8 0 1 2 5 11 12 13 1
4 8 0 1 2 5 11 12 14 1
4 8 0 1 2 5 11 13 14 1
4 8 0 1 2 5 12 13 14 1.73205
4 8 0 1 2 6 7 9 10 1
4 8 0 1 2 6 7 9 11 1
4 8 0 1 2 6 7 9 12 1
4 8 0 1 2 6 7 9 13 1
4 8 0 1 2 6 7 9 14 1
4 8 0 1 2 6 7 10 11 0
4 8 0 1 2 6 7 10 12 1
4 8 0 1 2 6 7 10 13 1
4 8 0 1 2 6 7 10 14 1
4 8 0 1 2 6 7 11 12 1
4 8 0 1 2 6 7 11 13 1
4 8 0 1 2 6 7 11 14 0
4 8 0 1 2 6 7 12 13 1
4 8 0 1 2 6 7 12 14 1
4 8 0 1 2 6 7 13 14 1
4 8 0 1 2 6 9 10 11 1.41421
4 8 0 1 2 6 9 10 12 1.62019
4 8 0 1 2 6 9 10 13 1.62019
4 8 0 1 2 6 9 10 14 1.62019
4 8 0 1 2 6 9 11 12 1.41421
4 8 0 1 2 6 9 11 13 1.41421
4 8 0 1 2 6 9 11 14 1.41421
4 8 0 1 2 6 9 12 13 1.62019
4 8 0 1 2 6 9 12 14 1.62019
4 8 0 1 2 6 9 13 14 1.62019
4 8 0 1 2 6 10 11 12 1.41421
4 8 0 1 2 6 10 11 13 1.41421
4 8 0 1 2 6 10 11 14 1.41421
4 8 0 1 2 6 10 12 13 1.62019
4 8 0 1 2 6 10 12 14 1.62019
4 8 0 1 2 6 10 13 14 1.62019
4 8 0 1 2 6 11 12 13 1.41421
4 8 0 1 2 6 11 12 14 1.41421
4 8 0 1 2 6 11 13 14 1.41421
4 8 0 1 2 6 12 13 14 1.62019
4 8 0 1 2 7 9 10 11 0
4 8 0 1 2 7 9 10 12 1.41421
4 8 0 1 2 7 9 10 13 1.41421
4 8 0 1 2 7 9 10 14 1.41421
4 8 0 1 2 7 9 11 12 1
4 8 0 1 2 7 9 11 13 1
4 8 0 1 2 7 9 11 14 0
4 8 0 1 2 7 9 12 13 1.41421
4 8 0 1 2 7 9 12 14 1.41421
4 8 0 1 2 7 9 13 14 1.41421
4 8 0 1 2 7 10 11 12 1
4 8 0 1 2 7 10 11 13 1
4 8 0 1 2 7 10 11 14 1
4 8 0 1 2 7 10 12 13 1.62019
4 8 0 1 2 7 10 12 14 1.62019
4 8 0 1 2 7 10 13 14 1.62019
4 8 0 1 2 7 11 12 13 1
4 8 0 1 2 7 11 12 14 1
4 8 0 1 2 7 11 13 14 1
4 8 0 1 2 7 12 13 14 1.62019
4 8 0 1 2 9 10 11 12 1.41421
4 8 0 1 2 9 10 11 13 1.41421
4 8 0 1 2 9 10 11 14 1.41421
4 8 0 1 2 9 10 12 13 1.73205
4 8 0 1 2 9 10 12 14 1.73205
4 8 0 1 2 9 10 13 14 1.73205
4 8 0 1 2 9 11 12 13 1.41421
4 8 0 1 2 9 11 12 14 1.41421
4 8 0 1 2 9 11 13 14 1.41421
4 8 0 1 2 9 12 13 14 1.73205
4 8 0 1 2 10 11 12 13 1.41421
4 8 0 1 2 10 11 12 14 1.41421
4 8 0 1 2 10 11 13 14 1.41421
4 8 0 1 2 10 12 13 14 1.81265
4 8 0 1 2 11 12 13 14 1.41421
4 8 0 1 3 5 6 7 9 1
4 8 0 1 3 5 6 7 10 0
4 8 0 1 3 5 6 7 11 1
4 8 0 1 3 5 6 7 12 1
4 8 0 1 3 5 6 7 13 1
4 8 0 1 3 5 6 7 14 0
4 8 0 1 3 5 6 9 10 0
4 8 0 1 3 5 6 9 11 1
4 8 0 1 3 5 6 9 12 1
4 8 0 1 3 5 6 9 13 1
4 8 0 1 3 5 6 9 14 0
4 8 0 1 3 5 6 10 11 0
4 8 0 1 3 5 6 10 12 0
4 8 0 1 3 5 6 10 13 0
4 8 0 1 3 5 6 10 14 0
4 8 0 1 3 5 6 11 12 1
4 8 0 1 3 5 6 11 13 1
4 8 0 1 3 5 6 11 14 0
4 8 0 1 3 5 6 12 13 1
4 8 0 1 3 5 6 12 14 0
4 8 0 1 3 5 6 13 14 0
4 8 0 1 3 5 7 9 10 1
4 8 0 1 3 5 7 9 11 1
4 8 0 1 3 5 7 9 12 1
4 8 0 1 3 5 7 9 13 1
4 8 0 1 3 5 7 9 14 1
4 8 0 1 3 5 7 10 11 1
4 8 0 1 3 5 7 10 12 1.41421
4 8 0 1 3 5 7 10 13 1.41421
4 8 0 1 3 5 7 10 14 1.41421
4 8 0 1 3 5 7 11 12 1
4 8 0 1 3 5 7 11 13 1
4 8 0 1 3 5 7 11 14 1
4 8 0 1 3 5 7 12 13 1.41421
4 8 0 1 3 5 7 12 14 1.41421
4 8 0 1 3 5 7 13 14 1.41421
4 8 0 1 3 5 9 10 11 0
4 8 0 1 3 5 9 10 12 1
4 8 0 1 3 5 9 10 13 1
4 8 0 1 3 5 9 10 14 1
4 8 0 1 3 5 9 11 12 1
4 8 0 1 3 5 9 11 13 1
4 8 0 1 3 5 9 11 14 0
4 8 0 1 3 5 9 12 13 1
4 8 0 1 3 5 9 12 14 1
4 8 0 1 3 5 9 13 14 1
4 8 0 1 3 5 10 11 12 1
4 8 0 1 3 5 10 11 13 1
4 8 0 1 3 5 10 11 14 1
4 8 0 1 3 5 10 12 13 1.41421
4 8 0 1 3 5 10 12 14 1.41421
4 8 0 1 3 5 10 13 14 1.41421
4 8 0 1 3 5 11 12 13 1
4 8 0 1 3 5 11 12 14 1
4 8 0 1 3 5 11 13 14 1
4 8 0 1 3 5 12 13 14 1.41421
4 8 0 1 3 6 7 9 10 1
4 8 0 1 3 6 7 9 11 1
4 8 0 1 3 6 7 9 12 1
4 8 0 1 3 6 7 9 13 1
4 8 0 1 3 6 7 9 14 1
4 8 0 1 3 6 7 10 11 1
4 8 0 1 3 6 7 10 12 1
4 8 0 1 3 6 7 10 13 1
4 8 0 1 3 6 7 10 14 1
4 8 0 1 3 6 7 11 12 1
4 8 0 1 3 6 7 11 13 1
4 8 0 1 3 6 7 11 14 1
4 8 0 1 3 6 7 12 13 1
4 8 0 1 3 6 7 12 14 1
4 8 0 1 3 6 7 13 14 1
4 8 0 1 3 6 9 10 11 1.41421
4 8 0 1 3 6 9 10 12 1.41421
4 8 0 1 3 6 9 10 13 1.41421
4 8 0 1 3 6 9 10 14 1.41421
4 8 0 1 3 6 9 11 12 1.41421
4 8 0 1 3 6 9 11 13 1.41421
4 8 0 1 3 6 9 11 14 1.41421
4 8 0 1 3 6 9 12 13 1.41421
4 8 0 1 3 6 9 12 14 1.41421
4 8 0 1 3 6 9 13 14 1.41421
4 8 0 1 3 6 10 11 12 1.41421
4 8 0 1 3 6 10 11 13 1.41421
4 8 0 1 3 6 10 11 14 1.41421
4 8 0 1 3 6 10 12 13 1.41421
4 8 0 1 3 6 10 12 14 1.41421
4 8 0 1 3 6 10 13 14 1.41421
4 8 0 1 3 6 11 12 13 1.41421
4 8 0 1 3 6 11 12 14 1.41421
4 8 0 1 3 6 11 13 14 1.41421
4 8 0 1 3 6 12 13 14 1.41421
4 8 0 1 3 7 9 10 11 1
4 8 0 1 3 7 9 10 12 1
4 8 0 1 3 7 9 10 13 1
4 8 0 1 3 7 9 10 14 1
4 8 0 1 3 7 9 11 12 1
4 8 0 1 3 7 9 11 13 1
4 8 0 1 3 7 9 11 14 1
4 8 0 1 3 7 9 12 13 1
4 8 0 1 3 7 9 12 14 1
4 8 0 1 3 7 9 13 14 1
4 8 0 1 3 7 10 11 12 1
4 8 0 1 3 7 10 11 13 1
4 8 0 1 3 7 10 11 14 1
4 8 0 1 3 7 10 12 13 1.41421
4 8 0 1 3 7 10 12 14 1.41421
4 8 0 1 3 7 10 13 14 1.41421
4 8 0 1 3 7 11 12 13 1
4 8 0 1 3 7 11 12 14 1
4 8 0 1 3 7 11 13 14 1
4 8 0 1 3 7 12 13 14 1.41421
4 8 0 1 3 9 10 11 12 1.41421
4 8 0 1 3 9 10 11 13 1.41421
4 8 0 1 3 9 10 11 14 1.41421
4 8 0 1 3 9 10 12 13 1.41421
4 8 0 1 3 9 10 12 14 1.41421
4 8 0 1 3 9 10 13 14 1.41421
4 8 0 1 3 9 11 12 13 1.41421
4 8 0 1 3 9 11 12 14 1.41421
4 8 0 1 3 9 11 13 14 1.41421
4 8 0 1 3 9 12 13 14 1.41421
4 8 0 1 3 10 11 12 13 1.41421
4 8 0 1 3 10 11 12 14 1.41421
4 8 0 1 3 10 11 13 14 1.41421
4 8 0 1 3 10 12 13 14 1.41421
4 8 0 1 3 11 12 13 14 1.41421
4 8 0 1 5 6 7 9 10 1.41421
4 8 0 1 5 6 7 9 11 1
4 8 0 1 5 6 7 9 12 1.41421
4 8 0 1 5 6 7 9 13 1.41421
4 8 0 1 5 6 7 9 14 1.41421
4 8 0 1 5 6 7 10 11 1
4 8 0 1 5 6 7 10 12 1.41421
4 8 0 1 5 6 7 10 13 1.41421
4 8 0 1 5 6 7 10 14 1.41421
4 8 0 1 5 6 7 11 12 1
4 8 0 1 5 6 7 11 13 1
4 8 0 1 5 6 7 11 14 1
4 8 0 1 5 6 7 12 13 1.41421
4 8 0 1 5 6 7 12 14 1.41421
4 8 0 1 5 6 7 13 14 1.41421
4 8 0 1 5 6 9 10 11 1.41421
4 8 0 1 5 6 9 10 12 1.73205
4 8 0 1 5 6 9 10 13 1.73205
4 8 0 1 5 6 9 10 14 1.73205
4 8 0 1 5 6 9 11 12 1.41421
4 8 0 1 5 6 9 11 13 1.41421
4 8 0 1 5 6 9 11 14 1.41421
4 8 0 1 5 6 9 12 13 1.73205
4 8 0 1 5 6 9 12 14 1.73205
4 8 0 1 5 6 9 13 14 1.73205
4 8 0 1 5 6 10 11 12 1.41421
4 8 0 1 5 6 10 11 13 1.41421
4 8 0 1 5 6 10 11 14 1.41421
4 8 0 1 5 6 10 12 13 1.73205
4 8 0 1 5 6 10 12 14 1.73205
4 8 0 1 5 6 10 13 14 1.73205
4 8 0 1 5 6 11 12 13 1.41421
4 8 0 1 5 6 11 12 14 1.41421
4 8 0 1 5 6 11 13 14 1.41421
4 8 0 1 5 6 12 13 14 1.73205
4 8 0 1 5 7 9 10 11 1
4 8 0 1 5 7 9 10 12 1.62019
4 8 0 1 5 7 9 10 13 1.62019
4 8 0 1 5 7 9 10 14 1.62019
4 8 0 1 5 7 9 11 12 1
4 8 0 1 5 7 9 11 13 1
4 8 0 1 5 7 9 11 14 1
4 8 0 1 5 7 9 12 13 1.62019
4 8 0 1 5 7 9 12 14 1.62019
4 8 0 1 5 7 9 13 14 1.62019
4 8 0 1 5 7 10 11 12 1
4 8 0 1 5 7 10 11 13 1
4 8 0 1 5 7 10 11 14 1
4 8 0 1 5 7 10 12 13 1.73205
4 8 0 1 5 7 10 12 14 1.73205
4 8 0 1 5 7 10 13 14 1.73205
4 8 0 1 5 7 11 12 13 1
4 8 0 1 5 7 11 12 14 1
4 8 0 1 5 7 11 13 14 1
4 8 0 1 5 7 12 13 14 1.73205
4 8 0 1 5 9 10 11 12 1.41421
4 8 0 1 5 9 10 11 13 1.41421
4 8 0 1 5 9 10 11 14 1.41421
4 8 0 1 5 9 10 12 13 1.85164
4 8 0 1 5 9 10 12 14 1.85164
4 8 0 1 5 9 10 13 14 1.85164
4 8 0 1 5 9 11 12 13 1.41421
4 8 0 1 5 9 11 12 14 1.41421
4 8 0 1 5 9 11 13 14 1.41421
4 8 0 1 5 9 12 13 14 1.85164
4 8 0 1 5 10 11 12 13 1.41421
4 8 0 1 5 10 11 12 14 1.41421
4 8 0 1 5 10 11 13 14 1.41421
4 8 0 1 5 10 12 13 14 1.90693
4 8 0 1 5 11 12 13 14 1.41421
4 8 0 1 6 7 9 10 11 1.41421
4 8 0 1 6 7 9 10 12 1.62019
4 8 0 1 6 7 9 10 13 1.62019
4 8 0 1 6 7 9 10 14 1.62019
4 8 0 1 6 7 9 11 12 1.41421
4 8 0 1 6 7 9 11 13 1.41421
4 8 0 1 6 7 9 11 14 1.41421
4 8 0 1 6 7 9 12 13 1.62019
4 8 0 1 6 7 9 12 14 1.62019
4 8 0 1 6 7 9 13 14 1.62019
4 8 0 1 6 7 10 11 12 1.41421
4 8 0 1 6 7 10 11 13 1.41421
4 8 0 1 6 7 10 11 14 1.41421
4 8 0 1 6 7 10 12 13 1.62019
4 8 0 1 6 7 10 12 14 1.62019
4 8 0 1 6 7 10 13 14 1.62019
4 8 0 1 6 7 11 12 13 1.41421
4 8 0 1 6 7 11 12 14 1.41421
4 8 0 1 6 7 11 13 14 1.41421
4 8 0 1 6 7 12 13 14 1.62019
4 8 0 1 6 9 10 11 12 2
4 8 0 1 6 9 10 11 13 2
4 8 0 1 6 9 10 11 14 2
4 8 0 1 6 9 10 12 13 2.13664
4 8 0 1 6 9 10 12 14 2.13664
4 8 0 1 6 9 10 13 14 2.13664
4 8 0 1 6 9 11 12 13 2
4 8 0 1 6 9 11 12 14 2
4 8 0 1 6 9 11 13 14 2
4 8 0 1 6 9 12 13 14 2.13664
4 8 0 1 6 10 11 12 13 2
4 8 0 1 6 10 11 12 14 2
4 8 0 1 6 10 11 13 14 2
4 8 0 1 6 10 12 13 14 2.13664
4 8 0 1 6 11 12 13 14 2
4 8 0 1 7 9 10 11 12 1.41421
4 8 0 1 7 9 10 11 13 1.41421
4 8 0 1 7 9 10 11 14 1.41421
4 8 0 1 7 9 10 12 13 1.73205
4 8 0 1 7 9 10 12 14 1.73205
4 8 0 1 7 9 10 13 14 1.73205
4 8 0 1 7 9 11 12 13 1.41421
4 8 0 1 7 9 11 12 14 1.41421
4 8 0 1 7 9 11 13 14 1.41421
4 8 0 1 7 9 12 13 14 1.73205
4 8 0 1 7 10 11 12 13 1.41421
4 8 0 1 7 10 11 12 14 1.41421
4 8 0 1 7 10 11 13 14 1.41421
4 8 0 1 7 10 12 13 14 1.81265
4 8 0 1 7 11 12 13 14 1.41421
4 8 0 1 9 10 11 12 13 2
4 8 0 1 9 10 11 12 14 2
4 8 0 1 9 10 11 13 14 2
4 8 0 1 9 10 12 13 14 2.16025
4 8 0 1 9 11 12 13 14 2
4 8 0 1 10 11 12 13 14 2
4 8 0 2 3 5 6 7 9 1.41421
4 8 0 2 3 5 6 7 10 1.41421
4 8 0 2 3 5 6 7 11 1.41421
4 8 0 2 3 5 6 7 12 1
4 8 0 2 3 5 6 7 13 1
4 8 0 2 3 5 6 7 14 1.41421
4 8 0 2 3 5 6 9 10 1.73205
4 8 0 2 3 5 6 9 11 1.73205
4 8 0 2 3 5 6 9 12 1.41421
4 8 0 2 3 5 6 9 13 1.41421
4 8 0 2 3 5 6 9 14 1.73205
4 8 0 2 3 5 6 10 11 1.73205
4 8 0 2 3 5 6 10 12 1.41421
4 8 0 2 3 5 6 10 13 1.41421
4 8 0 2 3 5 6 10 14 1.73205
4 8 0 2 3 5 6 11 12 1.41421
4 8 0 2 3 5 6 11 13 1.41421
4 8 0 2 3 5 6 11 14 1.73205
4 8 0 2 3 5 6 12 13 1
4 8 0 2 3 5 6 12 14 1.41421
4 8 0 2 3 5 6 13 14 1.41421
4 8 0 2 3 5 7 9 10 1.41421
4 8 0 2 3 5 7 9 11 1.41421
4 8 0 2 3 5 7 9 12 1
4 8 0 2 3 5 7 9 13 1
4 8 0 2 3 5 7 9 14 1.41421
4 8 0 2 3 5 7 10 11 1.41421
4 8 0 2 3 5 7 10 12 1.41421
4 8 0 2 3 5 7 10 13 1.41421
4 8 0 2 3 5 7 10 14 1.41421
4 8 0 2 3 5 7 11 12 1
4 8 0 2 3 5 7 11 13 1
4 8 0 2 3 5 7 11 14 1.41421
4 8 0 2 3 5 7 12 13 1.41421
4 8 0 2 3 5 7 12 14 1.41421
4 8 0 2 3 5 7 13 14 1.41421
4 8 0 2 3 5 9 10 11 1.73205
4 8 0 2 3 5 9 10 12 1.41421
4 8 0 2 3 5 9 10 13 1.41421
4 8 0 2 3 5 9 10 14 1.73205
4 8 0 2 3 5 9 11 12 1.41421
4 8 0 2 3 5 9 11 13 1.41421
4 8 0 2 3 5 9 11 14 1.73205
4 8 0 2 3 5 9 12 13 1
4 8 0 2 3 5 9 12 14 1.41421
4 8 0 2 3 5 9 13 14 1.41421
4 8 0 2 3 5 10 11 12 1.41421
4 8 0 2 3 5 10 11 13 1.41421
4 8 0 2 3 5 10 11 14 1.73205
4 8 0 2 3 5 10 12 13 1.41421
4 8 0 2 3 5 10 12 14 1.41421
4 8 0 2 3 5 10 13 14 1.41421
4 8 0 2 3 5 11 12 13 1
4 8 0 2 3 5 11 12 14 1.41421
4 8 0 2 3 5 11 13 14 1.41421
4 8 0 2 3 5 12 13 14 1.41421
4 8 0 2 3 6 7 9 10 1.41421
4 8 0 2 3 6 7 9 11 1.41421
4 8 0 2 3 6 7 9 12 1
4 8 0 2 3 6 7 9 13 1
4 8 0 2 3 6 7 9 14 1.41421
4 8 0 2 3 6 7 10 11 1.41421
4 8 0 2 3 6 7 10 12 1
4 8 0 2 3 6 7 10 13 1
4 8 0 2 3 6 7 10 14 1.41421
4 8 0 2 3 6 7 11 12 1
4 8 0 2 3 6 7 11 13 1
4 8 0 2 3 6 7 11 14 1.41421
4 8 0 2 3 6 7 12 13 1
4 8 0 2 3 6 7 12 14 1
4 8 0 2 3 6 7 13 14 1
4 8 0 2 3 6 9 10 11 1.85164
4 8 0 2 3 6 9 10 12 1.62019
4 8 0 2 3 6 9 10 13 1.62019
4 8 0 2 3 6 9 10 14 1.85164
4 8 0 2 3 6 9 11 12 1.62019
4 8 0 2 3 6 9 11 13 1.62019
4 8 0 2 3 6 9 11 14 1.85164
4 8 0 2 3 6 9 12 13 1.41421
4 8 0 2 3 6 9 12 14 1.62019
4 8 0 2 3 6 9 13 14 1.62019
4 8 0 2 3 6 10 11 12 1.62019
4 8 0 2 3 6 10 11 13 1.62019
4 8 0 2 3 6 10 11 14 1.85164
4 8 0 2 3 6 10 12 13 1.41421
4 8 0 2 3 6 10 12 14 1.62019
4 8 0 2 3 6 10 13 14 1.62019
4 8 0 2 3 6 11 12 13 1.41421
4 8 0 2 3 6 11 12 14 1.62019
4 8 0 2 3 6 11 13 14 1.62019
4 8 0 2 3 6 12 13 14 1.41421
4 8 0 2 3 7 9 10 11 1.41421
4 8 0 2 3 7 9 10 12 1
4 8 0 2 3 7 9 10 13 1
4 8 0 2 3 7 9 10 14 1.41421
4 8 0 2 3 7 9 11 12 1
4 8 0 2 3 7 9 11 13 1
4 8 0 2 3 7 9 11 14 1.41421
4 8 0 2 3 7 9 12 13 1
4 8 0 2 3 7 9 12 14 1
4 8 0 2 3 7 9 13 14 1
4 8 0 2 3 7 10 11 12 1
4 8 0 2 3 7 10 11 13 1
4 8 0 2 3 7 10 11 14 1.41421
4 8 0 2 3 7 10 12 13 1.41421
4 8 0 2 3 7 10 12 14 1.41421
4 8 0 2 3 7 10 13 14 1.41421
4 8 0 2 3 7 11 12 13 1
4 8 0 2 3 7 11 12 14 1
4 8 0 2 3 7 11 13 14 1
4 8 0 2 3 7 12 13 14 1.41421
4 8 0 2 3 9 10 11 12 1.62019
4 8 0 2 3 9 10 11 13 1.62019
4 8 0 2 3 9 10 11 14 1.85164
4 8 0 2 3 9 10 12 13 1.41421
4 8 0 2 3 9 10 12 14 1.62019
4 8 0 2 3 9 10 13 14 1.62019
4 8 0 2 3 9 11 12 13 1.41421
4 8 0 2 3 9 11 12 14 1.62019
4 8 0 2 3 9 11 13 14 1.62019
4 8 0 2 3 9 12 13 14 1.41421
4 8 0 2 3 10 11 12 13 1.41421
4 8 0 2 3 10 11 12 14 1.62019
4 8 0 2 3 10 11 13 14 1.62019
4 8 0 2 3 10 12 13 14 1.41421
4 8 0 2 3 11 12 13 14 1.41421
4 8 0 2 5 6 7 9 10 1.41421
4 8 0 2 5 6 7 9 11 1.41421
4 8 0 2 5 6 7 9 12 1
4 8 0 2 5 6 7 9 13 1
4 8 0 2 5 6 7 9 14 1.41421
4 8 0 2 5 6 7 10 11 1.41421
4 8 0 2 5 6 7 10 12 1
4 8 0 2 5 6 7 10 13 1
4 8 0 2 5 6 7 10 14 1.41421
4 8 0 2 5 6 7 11 12 1
4 8 0 2 5 6 7 11 13 1
4 8 0 2 5 6 7 11 14 1.41421
4 8 0 2 5 6 7 12 13 1
4 8 0 2 5 6 7 12 14 1
4 8 0 2 5 6 7 13 14 1
4 8 0 2 5 6 9 10 11 1.85164
4 8 0 2 5 6 9 10 12 1.73205
4 8 0 2 5 6 9 10 13 1.73205
4 8 0 2 5 6 9 10 14 1.90693
4 8 0 2 5 6 9 11 12 1.62019
4 8 0 2 5 6 9 11 13 1.62019
4 8 0 2 5 6 9 11 14 1.85164
4 8 0 2 5 6 9 12 13 1.62019
4 8 0 2 5 6 9 12 14 1.73205
4 8 0 2 5 6 9 13 14 1.73205
4 8 0 2 5 6 10 11 12 1.62019
4 8 0 2 5 6 10 11 13 1.62019
4 8 0 2 5 6 10 11 14 1.85164
4 8 0 2 5 6 10 12 13 1.62019
4 8 0 2 5 6 10 12 14 1.73205
4 8 0 2 5 6 10 13 14 1.73205
4 8 0 2 5 6 11 12 13 1.41421
4 8 0 2 5 6 11 12 14 1.62019
4 8 0 2 5 6 11 13 14 1.62019
4 8 0 2 5 6 12 13 14 1.62019
4 8 0 2 5 7 9 10 11 1.41421
4 8 0 2 5 7 9 10 12 1.41421
4 8 0 2 5 7 9 10 13 1.41421
4 8 0 2 5 7 9 10 14 1.41421
4 8 0 2 5 7 9 11 12 1
4 8 0 2 5 7 9 11 13 1
4 8 0 2 5 7 9 11 14 1.41421
4 8 0 2 5 7 9 12 13 1.41421
4 8 0 2 5 7 9 12 14 1.41421
4 8 0 2 5 7 9 13 14 1.41421
4 8 0 2 5 7 10 11 12 1
4 8 0 2 5 7 10 11 13 1
4 8 0 2 5 7 10 11 14 1.41421
4 8 0 2 5 7 10 12 13 1.62019
4 8 0 2 5 7 10 12 14 1.62019
4 8 0 2 5 7 10 13 14 1.62019
4 8 0 2 5 7 11 12 13 1
4 8 0 2 5 7 11 12 14 1
4 8 0 2 5 7 11 13 14 1
4 8 0 2 5 7 12 13 14 1.62019
4 8 0 2 5 9 10 11 12 1.62019
4 8 0 2 5 9 10 11 13 1.62019
4 8 0 2 5 9 10 11 14 1.85164
4 8 0 2 5 9 10 12 13 1.73205
4 8 0 2 5 9 10 12 14 1.81265
4 8 0 2 5 9 10 13 14 1.81265
4 8 0 2 5 9 11 12 13 1.41421
4 8 0 2 5 9 11 12 14 1.62019
4 8 0 2 5 9 11 13 14 1.62019
4 8 0 2 5 9 12 13 14 1.73205
4 8 0 2 5 10 11 12 13 1.41421
4 8 0 2 5 10 11 12 14 1.62019
4 8 0 2 5 10 11 13 14 1.62019
4 8 0 2 5 10 12 13 14 1.81265
4 8 0 2 5 11 12 13 14 1.41421
4 8 0 2 6 7 9 10 11 1.41421
4 8 0 2 6 7 9 10 12 1
4 8 0 2 6 7 9 10 13 1
4 8 0 2 6 7 9 10 14 1.41421
4 8 0 2 6 7 9 11 12 1
4 8 0 2 6 7 9 11 13 1
4 8 0 2 6 7 9 11 14 1.41421
4 8 0 2 6 7 9 12 13 1
4 8 0 2 6 7 9 12 14 1
4 8 0 2 6 7 9 13 14 1
4 8 0 2 6 7 10 11 12 1
4 8 0 2 6 7 10 11 13 1
4 8 0 2 6 7 10 11 14 1.41421
4 8 0 2 6 7 10 12 13 1
4 8 0 2 6 7 10 12 14 1
4 8 0 2 6 7 10 13 14 1
4 8 0 2 6 7 11 12 13 1
4 8 0 2 6 7 11 12 14 1
4 8 0 2 6 7 11 13 14 1
4 8 0 2 6 7 12 13 14 1
4 8 0 2 6 9 10 11 12 1.85164
4 8 0 2 6 9 10 11 13 1.85164
4 8 0 2 6 9 10 11 14 2.00294
4 8 0 2 6 9 10 12 13 1.85164
4 8 0 2 6 9 10 12 14 1.93309
4 8 0 2 6 9 10 13 14 1.93309
4 8 0 2 6 9 11 12 13 1.73205
4 8 0 2 6 9 11 12 14 1.85164
4 8 0 2 6 9 11 13 14 1.85164
4 8 0 2 6 9 12 13 14 1.85164
4 8 0 2 6 10 11 12 13 1.73205
4 8 0 2 6 10 11 12 14 1.85164
4 8 0 2 6 10 11 13 14 1.85164
4 8 0 2 6 10 12 13 14 1.85164
4 8 0 2 6 11 12 13 14 1.73205
4 8 0 2 7 9 10 11 12 1
4 8 0 2 7 9 10 11 13 1
4 8 0 2 7 9 10 11 14 1.41421
4 8 0 2 7 9 10 12 13 1.41421
4 8 0 2 7 9 10 12 14 1.41421
4 8 0 2 7 9 10 13 14 1.41421
4 8 0 2 7 9 11 12 13 1
4 8 0 2 7 9 11 12 14 1
4 8 0 2 7 9 11 13 14 1
4 8 0 2 7 9 12 13 14 1.41421
4 8 0 2 7 10 11 12 13 1
4 8 0 2 7 10 11 12 14 1
4 8 0 2 7 10 11 13 14 1
4 8 0 2 7 10 12 13 14 1.62019
4 8 0 2 7 11 12 13 14 1
4 8 0 2 9 10 11 12 13 1.73205
4 8 0 2 9 10 11 12 14 1.85164
4 8 0 2 9 10 11 13 14 1.85164
4 8 0 2 9 10 12 13 14 1.90693
4 8 0 2 9 11 12 13 14 1.73205
4 8 0 2 10 11 12 13 14 1.73205
4 8 0 3 5 6 7 9 10 1.73205
4 8 0 3 5 6 7 9 11 1.73205
4 8 0 3 5 6 7 9 12 1.41421
4 8 0 3 5 6 7 9 13 1.41421
4 8 0 3 5 6 7 9 14 1.73205
4 8 0 3 5 6 7 10 11 1.73205
4 8 0 3 5 6 7 10 12 1.41421
4 8 0 3 5 6 7 10 13 1.41421
4 8 0 3 5 6 7 10 14 1.73205
4 8 0 3 5 6 7 11 12 1.41421
4 8 0 3 5 6 7 11 13 1.41421
4 8 0 3 5 6 7 11 14 1.73205
4 8 0 3 5 6 7 12 13 1
4 8 0 3 5 6 7 12 14 1.41421
4 8 0 3 5 6 7 13 14 1.41421
4 8 0 3 5 6 9 10 11 2
4 8 0 3 5 6 9 10 12 1.73205
4 8 0 3 5 6 9 10 13 1.73205
4 8 0 3 5 6 9 10 14 2
4 8 0 3 5 6 9 11 12 1.73205
4 8 0 3 5 6 9 11 13 1.73205
4 8 0 3 5 6 9 11 14 2
4 8 0 3 5 6 9 12 13 1.41421
4 8 0 3 5 6 9 12 14 1.73205
4 8 0 3 5 6 9 13 14 1.73205
4 8 0 3 5 6 10 11 12 1.73205
4 8 0 3 5 6 10 11 13 1.73205
4 8 0 3 5 6 10 11 14 2
4 8 0 3 5 6 10 12 13 1.41421
4 8 0 3 5 6 10 12 14 1.73205
4 8 0 3 5 6 10 13 14 1.73205
4 8 0 3 5 6 11 12 13 1.41421
4 8 0 3 5 6 11 12 14 1.73205
4 8 0 3 5 6 11 13 14 1.73205
4 8 0 3 5 6 12 13 14 1.41421
4 8 0 3 5 7 9 10 11 1.73205
4 8 0 3 5 7 9 10 12 1.41421
4 8 0 3 5 7 9 10 13 1.41421
4 8 0 3 5 7 9 10 14 1.73205
4 8 0 3 5 7 9 11 12 1.41421
4 8 0 3 5 7 9 11 13 1.41421
4 8 0 3 5 7 9 11 14 1.73205
4 8 0 3 5 7 9 12 13 1
4 8 0 3 5 7 9 12 14 1.41421
4 8 0 3 5 7 9 13 14 1.41421
4 8 0 3 5 7 10 11 12 1.41421
4 8 0 3 5 7 10 11 13 1.41421
4 8 0 3 5 7 10 11 14 1.73205
4 8 0 3 5 7 10 12 13 1.41421
4 8 0 3 5 7 10 12 14 1.41421
4 8 0 3 5 7 10 13 14 1.41421
4 8 0 3 5 7 11 12 13 1
4 8 0 3 5 7 11 12 14 1.41421
4 8 0 3 5 7 11 13 14 1.41421
4 8 0 3 5 7 12 13 14 1.41421
4 8 0 3 5 9 10 11 12 1.73205
4 8 0 3 5 9 10 11 13 1.73205
4 8 0 3 5 9 10 11 14 2
4 8 0 3 5 9 10 12 13 1.41421
4 8 0 3 5 9 10 12 14 1.73205
4 8 0 3 5 9 10 13 14 1.73205
4 8 0 3 5 9 11 12 13 1.41421
4 8 0 3 5 9 11 12 14 1.73205
4 8 0 3 5 9 11 13 14 1.73205
4 8 0 3 5 9 12 13 14 1.41421
4 8 0 3 5 10 11 12 13 1.41421
4 8 0 3 5 10 11 12 14 1.73205
4 8 0 3 5 10 11 13 14 1.73205
4 8 0 3 5 10 12 13 14 1.41421
4 8 0 3 5 11 12 13 14 1.41421
4 8 0 3 6 7 9 10 11 1.85164
4 8 0 3 6 7 9 10 12 1.62019
4 8 0 3 6 7 9 10 13 1.62019
4 8 0 3 6 7 9 10 14 1.85164
4 8 0 3 6 7 9 11 12 1.62019
4 8 0 3 6 7 9 11 13 1.62019
4 8 0 3 6 7 9 11 14 1.85164
4 8 0 3 6 7 9 12 13 1.41421
4 8 0 3 6 7 9 12 14 1.62019
4 8 0 3 6 7 9 13 14 1.62019
4 8 0 3 6 7 10 11 12 1.62019
4 8 0 3 6 7 10 11 13 1.62019
4 8 0 3 6 7 10 11 14 1.85164
4 8 0 3 6 7 10 12 13 1.41421
4 8 0 3 6 7 10 12 14 1.62019
4 8 0 3 6 7 10 13 14 1.62019
4 8 0 3 6 7 11 12 13 1.41421
4 8 0 3 6 7 11 12 14 1.62019
4 8 0 3 6 7 11 13 14 1.62019
4 8 0 3 6 7 12 13 14 1.41421
4 8 0 3 6 9 10 11 12 2.13664
4 8 0 3 6 9 10 11 13 2.13664
4 8 0 3 6 9 10 11 14 2.28709
4 8 0 3 6 9 10 12 13 2
4 8 0 3 6 9 10 12 14 2.13664
4 8 0 3 6 9 10 13 14 2.13664
4 8 0 3 6 9 11 12 13 2
4 8 0 3 6 9 11 12 14 2.13664
4 8 0 3 6 9 11 13 14 2.13664
4 8 0 3 6 9 12 13 14 2
4 8 0 3 6 10 11 12 13 2
4 8 0 3 6 10 11 12 14 2.13664
4 8 0 3 6 10 11 13 14 2.13664
4 8 0 3 6 10 12 13 14 2
4 8 0 3 6 11 12 13 14 2
4 8 0 3 7 9 10 11 12 1.62019
4 8 0 3 7 9 10 11 13 1.62019
4 8 0 3 7 9 10 11 14 1.85164
4 8 0 3 7 9 10 12 13 1.41421
4 8 0 3 7 9 10 12 14 1.62019
4 8 0 3 7 9 10 13 14 1.62019
4 8 0 3 7 9 11 12 13 1.41421
4 8 0 3 7 9 11 12 14 1.62019
4 8 0 3 7 9 11 13 14 1.62019
4 8 0 3 7 9 12 13 14 1.41421
4 8 0 3 7 10 11 12 13 1.41421
4 8 0 3 7 10 11 12 14 1.62019
4 8 0 3 7 10 11 13 14 1.62019
4 8 0 3 7 10 12 13 14 1.41421
4 8 0 3 7 11 12 13 14 1.41421
4 8 0 3 9 10 11 12 13 2
4 8 0 3 9 10 11 12 14 2.13664
4 8 0 3 9 10 11 13 14 2.13664
4 8 0 3 9 10 12 13 14 2
4 8 0 3 9 11 12 13 14 2
4 8 0 3 10 11 12 13 14 2
4 8 0 5 6 7 9 10 11 1.85164
4 8 0 5 6 7 9 10 12 1.73205
4 8 0 5 6 7 9 10 13 1.73205
4 8 0 5 6 7 9 10 14 1.90693
4 8 0 5 6 7 9 11 12 1.62019
4 8 0 5 6 7 9 11 13 1.62019
4 8 0 5 6 7 9 11 14 1.85164
4 8 0 5 6 7 9 12 13 1.62019
4 8 0 5 6 7 9 12 14 1.73205
4 8 0 5 6 7 9 13 14 1.73205
4 8 0 5 6 7 10 11 12 1.62019
4 8 0 5 6 7 10 11 13 1.62019
4 8 0 5 6 7 10 11 14 1.85164
4 8 0 5 6 7 10 12 13 1.62019
4 8 0 5 6 7 10 12 14 1.73205
4 8 0 5 6 7 10 13 14 1.73205
4 8 0 5 6 7 11 12 13 1.41421
4 8 0 5 6 7 11 12 14 1.62019
4 8 0 5 6 7 11 13 14 1.62019
4 8 0 5 6 7 12 13 14 1.62019
4 8 0 5 6 9 10 11 12 2.13664
4 8 0 5 6 9 10 11 13 2.13664
4 8 0 5 6 9 10 11 14 2.28709
4 8 0 5 6 9 10 12 13 2.13664
4 8 0 5 6 9 10 12 14 2.23607
4 8 0 5 6 9 10 13 14 2.23607
4 8 0 5 6 9 11 12 13 2
4 8 0 5 6 9 11 12 14 2.13664
4 8 0 5 6 9 11 13 14 2.13664
4 8 0 5 6 9 12 13 14 2.13664
4 8 0 5 6 10 11 12 13 2
4 8 0 5 6 10 11 12 14 2.13664
4 8 0 5 6 10 11 13 14 2.13664
4 8 0 5 6 10 12 13 14 2.13664
4 8 0 5 6 11 12 13 14 2
4 8 0 5 7 9 10 11 12 1.62019
4 8 0 5 7 9 10 11 13 1.62019
4 8 0 5 7 9 10 11 14 1.85164
4 8 0 5 7 9 10 12 13 1.73205
4 8 0 5 7 9 10 12 14 1.81265
4 8 0 5 7 9 10 13 14 1.81265
4 8 0 5 7 9 11 12 13 1.41421
4 8 0 5 7 9 11 12 14 1.62019
4 8 0 5 7 9 11 13 14 1.62019
4 8 0 5 7 9 12 13 14 1.73205
4 8 0 5 7 10 11 12 13 1.41421
4 8 0 5 7 10 11 12 14 1.62019
4 8 0 5 7 10 11 13 14 1.62019
4 8 0 5 7 10 12 13 14 1.81265
4 8 0 5 7 11 12 13 14 1.41421
4 8 0 5 9 10 11 12 13 2
4 8 0 5 9 10 11 12 14 2.13664
4 8 0 5 9 10 11 13 14 2.13664
4 8 0 5 9 10 12 13 14 2.16025
4 8 0 5 9 11 12 13 14 2
4 8 0 5 10 11 12 13 14 2
4 8 0 6 7 9 10 11 12 1.85164
4 8 0 6 7 9 10 11 13 1.85164
4 8 0 6 7 9 10 11 14 2.00294
4 8 0 6 7 9 10 12 13 1.85164
4 8 0 6 7 9 10 12 14 1.93309
4 8 0 6 7 9 10 13 14 1.93309
4 8 0 6 7 9 11 12 13 1.73205
4 8 0 6 7 9 11 12 14 1.85164
4 8 0 6 7 9 11 13 14 1.85164
4 8 0 6 7 9 12 13 14 1.85164
4 8 0 6 7 10 11 12 13 1.73205
4 8 0 6 7 10 11 12 14 1.85164
4 8 0 6 7 10 11 13 14 1.85164
4 8 0 6 7 10 12 13 14 1.85164
4 8 0 6 7 11 12 13 14 1.73205
4 8 0 6 9 10 11 12 13 2.44949
4 8 0 6 9 10 11 12 14 2.52543
4 8 0 6 9 10 11 13 14 2.52543
4 8 0 6 9 10 12 13 14 2.52543
4 8 0 6 9 11 12 13 14 2.44949
4 8 0 6 10 11 12 13 14 2.44949
4 8 0 7 9 10 11 12 13 1.73205
4 8 0 7 9 10 11 12 14 1.85164
4 8 0 7 9 10 11 13 14 1.85164
4 8 0 7 9 10 12 13 14 1.90693
4 8 0 7 9 11 12 13 14 1.73205
4 8 0 7 10 11 12 13 14 1.73205
4 8 0 9 10 11 12 13 14 2.44949
4 8 1 2 3 5 6 7 9 1
4 8 1 2 3 5 6 7 10 1
4 8 1 2 3 5 6 7 11 1
4 8 1 2 3 5 6 7 12 1
4 8 1 2 3 5 6 7 13 1
4 8 1 2 3 5 6 7 14 1
4 8 1 2 3 5 6 9 10 1
4 8 1 2 3 5 6 9 11 1
4 8 1 2 3 5 6 9 12 1
4 8 1 2 3 5 6 9 13 1
4 8 1 2 3 5 6 9 14 1
4 8 1 2 3 5 6 10 11 1
4 8 1 2 3 5 6 10 12 1
4 8 1 2 3 5 6 10 13 0
4 8 1 2 3 5 6 10 14 1
4 8 1 2 3 5 6 11 12 1
4 8 1 2 3 5 6 11 13 1
4 8 1 2 3 5 6 11 14 1
4 8 1 2 3 5 6 12 13 1
4 8 1 2 3 5 6 12 14 1
4 8 1 2 3 5 6 13 14 0
4 8 1 2 3 5 7 9 10 1
4 8 1 2 3 5 7 9 11 1
4 8 1 2 3 5 7 9 12 1
4 8 1 2 3 5 7 9 13 1
4 8 1 2 3 5 7 9 14 1
4 8 1 2 3 5 7 10 11 1
4 8 1 2 3 5 7 10 12 1.41421
4 8 1 2 3 5 7 10 13 1.41421
4 8 1 2 3 5 7 10 14 1.41421
4 8 1 2 3 5 7 11 12 1
4 8 1 2 3 5 7 11 13 1
4 8 1 2 3 5 7 11 14 1
4 8 1 2 3 5 7 12 13 1.41421
4 8 1 2 3 5 7 12 14 1.41421
4 8 1 2 3 5 7 13 14 1.41421
4 8 1 2 3 5 9 10 11 1
4 8 1 2 3 5 9 10 12 1
4 8 1 2 3 5 9 10 13 1
4 8 1 2 3 5 9 10 14 1
4 8 1 2 3 5 9 11 12 1
4 8 1 2 3 5 9 11 13 1
4 8 1 2 3 5 9 11 14 1
4 8 1 2 3 5 9 12 13 1
4 8 1 2 3 5 9 12 14 1
4 8 1 2 3 5 9 13 14 1
4 8 1 2 3 5 10 11 12 1
4 8 1 2 3 5 10 11 13 1
4 8 1 2 3 5 10 11 14 1
4 8 1 2 3 5 10 12 13 1.41421
4 8 1 2 3 5 10 12 14 1.41421
4 8 1 2 3 5 10 13 14 1.41421
4 8 1 2 3 5 11 12 13 1
4 8 1 2 3 5 11 12 14 1
4 8 1 2 3 5 11 13 14 1
4 8 1 2 3 5 12 13 14 1.41421
4 8 1 2 3 6 7 9 10 1
4 8 1 2 3 6 7 9 11 1
4 8 1 2 3 6 7 9 12 1
4 8 1 2 3 6 7 9 13 1
4 8 1 2 3 6 7 9 14 1
4 8 1 2 3 6 7 10 11 1
4 8 1 2 3 6 7 10 12 1
4 8 1 2 3 6 7 10 13 0
4 8 1 2 3 6 7 10 14 1
4 8 1 2 3 6 7 11 12 1
4 8 1 2 3 6 7 11 13 1
4 8 1 2 3 6 7 11 14 1
4 8 1 2 3 6 7 12 13 1
4 8 1 2 3 6 7 12 14 1
4 8 1 2 3 6 7 13 14 0
4 8 1 2 3 6 9 10 11 1
4 8 1 2 3 6 9 10 12 1
4 8 1 2 3 6 9 10 13 1
4 8 1 2 3 6 9 10 14 1
4 8 1 2 3 6 9 11 12 1
4 8 1 2 3 6 9 11 13 1
4 8 1 2 3 6 9 11 14 1
4 8 1 2 3 6 9 12 13 1
4 8 1 2 3 6 9 12 14 1
4 8 1 2 3 6 9 13 14 1
4 8 1 2 3 6 10 11 12 1
4 8 1 2 3 6 10 11 13 1
4 8 1 2 3 6 10 11 14 1
4 8 1 2 3 6 10 12 13 1
4 8 1 2 3 6 10 12 14 1
4 8 1 2 3 6 10 13 14 1
4 8 1 2 3 6 11 12 13 1
4 8 1 2 3 6 11 12 14 1
4 8 1 2 3 6 11 13 14 1
4 8 1 2 3 6 12 13 14 1
4 8 1 2 3 7 9 10 11 1
4 8 1 2 3 7 9 10 12 1
4 8 1 2 3 7 9 10 13 1
4 8 1 2 3 7 9 10 14 1
4 8 1 2 3 7 9 11 12 1
4 8 1 2 3 7 9 11 13 1
4 8 1 2 3 7 9 11 14 1
4 8 1 2 3 7 9 12 13 1
4 8 1 2 3 7 9 12 14 1
4 8 1 2 3 7 9 13 14 1
4 8 1 2 3 7 10 11 12 1
4 8 1 2 3 7 10 11 13 1
4 8 1 2 3 7 10 11 14 1
4 8 1 2 3 7 10 12 13 1.41421
4 8 1 2 3 7 10 12 14 1.41421
4 8 1 2 3 7 10 13 14 1.41421
4 8 1 2 3 7 11 12 13 1
4 8 1 2 3 7 11 12 14 1
4 8 1 2 3 7 11 13 14 1
4 8 1 2 3 7 12 13 14 1.41421
4 8 1 2 3 9 10 11 12 1
4 8 1 2 3 9 10 11 13 1
4 8 1 2 3 9 10 11 14 1
4 8 1 2 3 9 10 12 13 1
4 8 1 2 3 9 10 12 14 1
4 8 1 2 3 9 10 13 14 1
4 8 1 2 3 9 11 12 13 1
4 8 1 2 3 9 11 12 14 1
4 8 1 2 3 9 11 13 14 1
4 8 1 2 3 9 12 13 14 1
4 8 1 2 3 10 11 12 13 1
4 8 1 2 3 10 11 12 14 1
4 8 1 2 3 10 11 13 14 1
4 8 1 2 3 10 12 13 14 1.41421
4 8 1 2 3 11 12 13 14 1
4 8 1 2 5 6 7 9 10 1
4 8 1 2 5 6 7 9 11 1
4 8 1 2 5 6 7 9 12 1
4 8 1 2 5 6 7 9 13 1
4 8 1 2 5 6 7 9 14 1
4 8 1 2 5 6 7 10 11 1
4 8 1 2 5 6 7 10 12 1
4 8 1 2 5 6 7 10 13 1
4 8 1 2 5 6 7 10 14 1
4 8 1 2 5 6 7 11 12 1
4 8 1 2 5 6 7 11 13 1
4 8 1 2 5 6 7 11 14 1
4 8 1 2 5 6 7 12 13 1
4 8 1 2 5 6 7 12 14 1
4 8 1 2 5 6 7 13 14 1
4 8 1 2 5 6 9 10 11 1
4 8 1 2 5 6 9 10 12 1.41421
4 8 1 2 5 6 9 10 13 1.41421
4 8 1 2 5 6 9 10 14 1.41421
4 8 1 2 5 6 9 11 12 1
4 8 1 2 5 6 9 11 13 1
4 8 1 2 5 6 9 11 14 1
4 8 1 2 5 6 9 12 13 1.41421
4 8 1 2 5 6 9 12 14 1.41421
4 8 1 2 5 6 9 13 14 1.41421
4 8 1 2 5 6 10 11 12 1
4 8 1 2 5 6 10 11 13 1
4 8 1 2 5 6 10 11 14 1
4 8 1 2 5 6 10 12 13 1.41421
4 8 1 2 5 6 10 12 14 1.41421
4 8 1 2 5 6 10 13 14 1.41421
4 8 1 2 5 6 11 12 13 1
4 8 1 2 5 6 11 12 14 1
4 8 1 2 5 6 11 13 14 1
4 8 1 2 5 6 12 13 14 1.41421
4 8 1 2 5 7 9 10 11 1
4 8 1 2 5 7 9 10 12 1.41421
4 8 1 2 5 7 9 10 13 1.41421
4 8 1 2 5 7 9 10 14 1.41421
4 8 1 2 5 7 9 11 12 1
4 8 1 2 5 7 9 11 13 1
4 8 1 2 5 7 9 11 14 1
4 8 1 2 5 7 9 12 13 1.41421
4 8 1 2 5 7 9 12 14 1.41421
4 8 1 2 5 7 9 13 14 1.41421
4 8 1 2 5 7 10 11 12 1
4 8 1 2 5 7 10 11 13 1
4 8 1 2 5 7 10 11 14 1
4 8 1 2 5 7 10 12 13 1.62019
4 8 1 2 5 7 10 12 14 1.62019
4 8 1 2 5 7 10 13 14 1.62019
4 8 1 2 5 7 11 12 13 1
4 8 1 2 5 7 11 12 14 1
4 8 1 2 5 7 11 13 14 1
4 8 1 2 5 7 12 13 14 1.62019
4 8 1 2 5 9 10 11 12 1
4 8 1 2 5 9 10 11 13 1
4 8 1 2 5 9 10 11 14 1
4 8 1 2 5 9 10 12 13 1.62019
4 8 1 2 5 9 10 12 14 1.62019
4 8 1 2 5 9 10 13 14 1.62019
4 8 1 2 5 9 11 12 13 1
4 8 1 2 5 9 11 12 14 1
4 8 1 2 5 9 11 13 14 1
4 8 1 2 5 9 12 13 14 1.62019
4 8 1 2 5 10 11 12 13 1
4 8 1 2 5 10 11 12 14 1
4 8 1 2 5 10 11 13 14 1
4 8 1 2 5 10 12 13 14 1.73205
4 8 1 2 5 11 12 13 14 1
4 8 1 2 6 7 9 10 11 1
4 8 1 2 6 7 9 10 12 1
4 8 1 2 6 7 9 10 13 1
4 8 1 2 6 7 9 10 14 1
4 8 1 2 6 7 9 11 12 1
4 8 1 2 6 7 9 11 13 1
4 8 1 2 6 7 9 11 14 1
4 8 1 2 6 7 9 12 13 1
4 8 1 2 6 7 9 12 14 1
4 8 1 2 6 7 9 13 14 1
4 8 1 2 6 7 10 11 12 1
4 8 1 2 6 7 10 11 13 0
4 8 1 2 6 7 10 11 14 1
4 8 1 2 6 7 10 12 13 1
4 8 1 2 6 7 10 12 14 1
4 8 1 2 6 7 10 13 14 1
4 8 1 2 6 7 11 12 13 1
4 8 1 2 6 7 11 12 14 1
4 8 1 2 6 7 11 13 14 0
4 8 1 2 6 7 12 13 14 1
4 8 1 2 6 9 10 11 12 1.41421
4 8 1 2 6 9 10 11 13 1.41421
4 8 1 2 6 9 10 11 14 1.41421
4 8 1 2 6 9 10 12 13 1.62019
4 8 1 2 6 9 10 12 14 1.62019
4 8 1 2 6 9 10 13 14 1.62019
4 8 1 2 6 9 11 12 13 1.41421
4 8 1 2 6 9 11 12 14 1.41421
4 8 1 2 6 9 11 13 14 1.41421
4 8 1 2 6 9 12 13 14 1.62019
4 8 1 2 6 10 11 12 13 1.41421
4 8 1 2 6 10 11 12 14 1.41421
4 8 1 2 6 10 11 13 14 1.41421
4 8 1 2 6 10 12 13 14 1.62019
4 8 1 2 6 11 12 13 14 1.41421
4 8 1 2 7 9 10 11 12 1
4 8 1 2 7 9 10 11 13 0
4 8 1 2 7 9 10 11 14 1
4 8 1 2 7 9 10 12 13 1.41421
4 8 1 2 7 9 10 12 14 1.41421
4 8 1 2 7 9 10 13 14 1.41421
4 8 1 2 7 9 11 12 13 1
4 8 1 2 7 9 11 12 14 1
4 8 1 2 7 9 11 13 14 0
4 8 1 2 7 9 12 13 14 1.41421
4 8 1 2 7 10 11 12 13 1
4 8 1 2 7 10 11 12 14 1
4 8 1 2 7 10 11 13 14 1
4 8 1 2 7 10 12 13 14 1.62019
4 8 1 2 7 11 12 13 14 1
4 8 1 2 9 10 11 12 13 1.41421
4 8 1 2 9 10 11 12 14 1.41421
4 8 1 2 9 10 11 13 14 1.41421
4 8 1 2 9 10 12 13 14 1.73205
4 8 1 2 9 11 12 13 14 1.41421
4 8 1 2 10 11 12 13 14 1.41421
4 8 1 3 5 6 7 9 10 1
4 8 1 3 5 6 7 9 11 1
4 8 1 3 5 6 7 9 12 1
4 8 1 3 5 6 7 9 13 1
4 8 1 3 5 6 7 9 14 1
4 8 1 3 5 6 7 10 11 1
4 8 1 3 5 6 7 10 12 1
4 8 1 3 5 6 7 10 13 0
4 8 1 3 5 6 7 10 14 1
4 8 1 3 5 6 7 11 12 1
4 8 1 3 5 6 7 11 13 1
4 8 1 3 5 6 7 11 14 1
4 8 1 3 5 6 7 12 13 1
4 8 1 3 5 6 7 12 14 1
4 8 1 3 5 6 7 13 14 0
4 8 1 3 5 6 9 10 11 1
4 8 1 3 5 6 9 10 12 1
4 8 1 3 5 6 9 10 13 0
4 8 1 3 5 6 9 10 14 1
4 8 1 3 5 6 9 11 12 1
4 8 1 3 5 6 9 11 13 1
4 8 1 3 5 6 9 11 14 1
4 8 1 3 5 6 9 12 13 1
4 8 1 3 5 6 9 12 14 1
4 8 1 3 5 6 9 13 14 0
4 8 1 3 5 6 10 11 12 1
4 8 1 3 5 6 10 11 13 0
4 8 1 3 5 6 10 11 14 1
4 8 1 3 5 6 10 12 13 0
4 8 1 3 5 6 10 12 14 1
4 8 1 3 5 6 10 13 14 0
4 8 1 3 5 6 11 12 13 1
4 8 1 3 5 6 11 12 14 1
4 8 1 3 5 6 11 13 14 0
4 8 1 3 5 6 12 13 14 0
4 8 1 3 5 7 9 10 11 1
4 8 1 3 5 7 9 10 12 1
4 8 1 3 5 7 9 10 13 1
4 8 1 3 5 7 9 10 14 1
4 8 1 3 5 7 9 11 12 1
4 8 1 3 5 7 9 11 13 1
4 8 1 3 5 7 9 11 14 1
4 8 1 3 5 7 9 12 13 1
4 8 1 3 5 7 9 12 14 1
4 8 1 3 5 7 9 13 14 1
4 8 1 3 5 7 10 11 12 1
4 8 1 3 5 7 10 11 13 1
4 8 1 3 5 7 10 11 14 1
4 8 1 3 5 7 10 12 13 1.41421
4 8 1 3 5 7 10 12 14 1.41421
4 8 1 3 5 7 10 13 14 1.41421
4 8 1 3 5 7 11 12 13 1
4 8 1 3 5 7 11 12 14 1
4 8 1 3 5 7 11 13 14 1
4 8 1 3 5 7 12 13 14 1.41421
4 8 1 3 5 9 10 11 12 1
4 8 1 3 5 9 10 11 13 0
4 8 1 3 5 9 10 11 14 1
4 8 1 3 5 9 10 12 13 1
4 8 1 3 5 9 10 12 14 1
4 8 1 3 5 9 10 13 14 1
4 8 1 3 5 9 11 12 13 1
4 8 1 3 5 9 11 12 14 1
4 8 1 3 5 9 11 13 14 0
4 8 1 3 5 9 12 13 14 1
4 8 1 3 5 10 11 12 13 1
4 8 1 3 5 10 11 12 14 1
4 8 1 3 5 10 11 13 14 1
4 8 1 3 5 10 12 13 14 1.41421
4 8 1 3 5 11 12 13 14 1
4 8 1 3 6 7 9 10 11 1
4 8 1 3 6 7 9 10 12 1
4 8 1 3 6 7 9 10 13 1
4 8 1 3 6 7 9 10 14 1
4 8 1 3 6 7 9 11 12 1
4 8 1 3 6 7 9 11 13 1
4 8 1 3 6 7 9 11 14 1
4 8 1 3 6 7 9 12 13 1
4 8 1 3 6 7 9 12 14 1
4 8 1 3 6 7 9 13 14 1
4 8 1 3 6 7 10 11 12 1
4 8 1 3 6 7 10 11 13 1
4 8 1 3 6 7 10 11 14 1
4 8 1 3 6 7 10 12 13 1
4 8 1 3 6 7 10 12 14 1
4 8 1 3 6 7 10 13 14 1
4 8 1 3 6 7 11 12 13 1
4 8 1 3 6 7 11 12 14 1
4 8 1 3 6 7 11 13 14 1
4 8 1 3 6 7 12 13 14 1
4 8 1 3 6 9 10 11 12 1.41421
4 8 1 3 6 9 10 11 13 1.41421
4 8 1 3 6 9 10 11 14 1.41421
4 8 1 3 6 9 10 12 13 1.41421
4 8 1 3 6 9 10 12 14 1.41421
4 8 1 3 6 9 10 13 14 1.41421
4 8 1 3 6 9 11 12 13 1.41421
4 8 1 3 6 9 11 12 14 1.41421
4 8 1 3 6 9 11 13 14 1.41421
4 8 1 3 6 9 12 13 14 1.41421
4 8 1 3 6 10 11 12 13 1.41421
4 8 1 3 6 10 11 12 14 1.41421
4 8 1 3 6 10 11 13 14 1.41421
4 8 1 3 6 10 12 13 14 1.41421
4 8 1 3 6 11 12 13 14 1.41421
4 8 1 3 7 9 10 11 12 1
4 8 1 3 7 9 10 11 13 1
4 8 1 3 7 9 10 11 14 1
4 8 1 3 7 9 10 12 13 1
4 8 1 3 7 9 10 12 14 1
4 8 1 3 7 9 10 13 14 1
4 8 1 3 7 9 11 12 13 1
4 8 1 3 7 9 11 12 14 1
4 8 1 3 7 9 11 13 14 1
4 8 1 3 7 9 12 13 14 1
4 8 1 3 7 10 11 12 13 1
4 8 1 3 7 10 11 12 14 1
4 8 1 3 7 10 11 13 14 1
4 8 1 3 7 10 12 13 14 1.41421
4 8 1 3 7 11 12 13 14 1
4 8 1 3 9 10 11 12 13 1.41421
4 8 1 3 9 10 11 12 14 1.41421
4 8 1 3 9 10 11 13 14 1.41421
4 8 1 3 9 10 12 13 14 1.41421
4 8 1 3 9 11 12 13 14 1.41421
4 8 1 3 10 11 12 13 14 1.41421
4 8 1 5 6 7 9 10 11 1
4 8 1 5 6 7 9 10 12 1.41421
4 8 1 5 6 7 9 10 13 1.41421
4 8 1 5 6 7 9 10 14 1.41421
4 8 1 5 6 7 9 11 12 1
4 8 1 5 6 7 9 11 13 1
4 8 1 5 6 7 9 11 14 1
4 8 1 5 6 7 9 12 13 1.41421
4 8 1 5 6 7 9 12 14 1.41421
4 8 1 5 6 7 9 13 14 1.41421
4 8 1 5 6 7 10 11 12 1
4 8 1 5 6 7 10 11 13 1
4 8 1 5 6 7 10 11 14 1
4 8 1 5 6 7 10 12 13 1.41421
4 8 1 5 6 7 10 12 14 1.41421
4 8 1 5 6 7 10 13 14 1.41421
4 8 1 5 6 7 11 12 13 1
4 8 1 5 6 7 11 12 14 1
4 8 1 5 6 7 11 13 14 1
4 8 1 5 6 7 12 13 14 1.41421
4 8 1 5 6 9 10 11 12 1.41421
4 8 1 5 6 9 10 11 13 1.41421
4 8 1 5 6 9 10 11 14 1.41421
4 8 1 5 6 9 10 12 13 1.73205
4 8 1 5 6 9 10 12 14 1.73205
4 8 1 5 6 9 10 13 14 1.73205
4 8 1 5 6 9 11 12 13 1.41421
4 8 1 5 6 9 11 12 14 1.41421
4 8 1 5 6 9 11 13 14 1.41421
4 8 1 5 6 9 12 13 14 1.73205
4 8 1 5 6 10 11 12 13 1.41421
4 8 1 5 6 10 11 12 14 1.41421
4 8 1 5 6 10 11 13 14 1.41421
4 8 1 5 6 10 12 13 14 1.73205
4 8 1 5 6 11 12 13 14 1.41421
4 8 1 5 7 9 10 11 12 1
4 8 1 5 7 9 10 11 13 1
4 8 1 5 7 9 10 11 14 1
4 8 1 5 7 9 10 12 13 1.62019
4 8 1 5 7 9 10 12 14 1.62019
4 8 1 5 7 9 10 13 14 1.62019
4 8 1 5 7 9 11 12 13 1
4 8 1 5 7 9 11 12 14 1
4 8 1 5 7 9 11 13 14 1
4 8 1 5 7 9 12 13 14 1.62019
4 8 1 5 7 10 11 12 13 1
4 8 1 5 7 10 11 12 14 1
4 8 1 5 7 10 11 13 14 1
4 8 1 5 7 10 12 13 14 1.73205
4 8 1 5 7 11 12 13 14 1
4 8 1 5 9 10 11 12 13 1.41421
4 8 1 5 9 10 11 12 14 1.41421
4 8 1 5 9 10 11 13 14 1.41421
4 8 1 5 9 10 12 13 14 1.85164
4 8 1 5 9 11 12 13 14 1.41421
4 8 1 5 10 11 12 13 14 1.41421
4 8 1 6 7 9 10 11 12 1.41421
4 8 1 6 7 9 10 11 13 1.41421
4 8 1 6 7 9 10 11 14 1.41421
4 8 1 6 7 9 10 12 13 1.62019
4 8 1 6 7 9 10 12 14 1.62019
4 8 1 6 7 9 10 13 14 1.62019
4 8 1 6 7 9 11 12 13 1.41421
4 8 1 6 7 9 11 12 14 1.41421
4 8 1 6 7 9 11 13 14 1.41421
4 8 1 6 7 9 12 13 14 1.62019
4 8 1 6 7 10 11 12 13 1.41421
4 8 1 6 7 10 11 12 14 1.41421
4 8 1 6 7 10 11 13 14 1.41421
4 8 1 6 7 10 12 13 14 1.62019
4 8 1 6 7 11 12 13 14 1.41421
4 8 1 6 9 10 11 12 13 2
4 8 1 6 9 10 11 12 14 2
4 8 1 6 9 10 11 13 14 2
4 8 1 6 9 10 12 13 14 2.13664
4 8 1 6 9 11 12 13 14 2
4 8 1 6 10 11 12 13 14 2
4 8 1 7 9 10 11 12 13 1.41421
4 8 1 7 9 10 11 12 14 1.41421
4 8 1 7 9 10 11 13 14 1.41421
4 8 1 7 9 10 12 13 14 1.73205
4 8 1 7 9 11 12 13 14 1.41421
4 8 1 7 10 11 12 13 14 1.41421
4 8 1 9 10 11 12 13 14 2
4 8 2 3 5 6 7 9 10 1.62019
4 8 2 3 5 6 7 9 11 1.62019
4 8 2 3 5 6 7 9 12 1.41421
4 8 2 3 5 6 7 9 13 1
4 8 2 3 5 6 7 9 14 1.62019
4 8 2 3 5 6 7 10 11 1.62019
4 8 2 3 5 6 7 10 12 1.41421
4 8 2 3 5 6 7 10 13 1
4 8 2 3 5 6 7 10 14 1.62019
4 8 2 3 5 6 7 11 12 1.41421
4 8 2 3 5 6 7 11 13 1
4 8 2 3 5 6 7 11 14 1.62019
4 8 2 3 5 6 7 12 13 1
4 8 2 3 5 6 7 12 14 1.41421
4 8 2 3 5 6 7 13 14 1
4 8 2 3 5 6 9 10 11 1.85164
4 8 2 3 5 6 9 10 12 1.62019
4 8 2 3 5 6 9 10 13 1.41421
4 8 2 3 5 6 9 10 14 1.85164
4 8 2 3 5 6 9 11 12 1.62019
4 8 2 3 5 6 9 11 13 1.41421
4 8 2 3 5 6 9 11 14 1.85164
4 8 2 3 5 6 9 12 13 1
4 8 2 3 5 6 9 12 14 1.62019
4 8 2 3 5 6 9 13 14 1.41421
4 8 2 3 5 6 10 11 12 1.62019
4 8 2 3 5 6 10 11 13 1.41421
4 8 2 3 5 6 10 11 14 1.85164
4 8 2 3 5 6 10 12 13 1
4 8 2 3 5 6 10 12 14 1.62019
4 8 2 3 5 6 10 13 14 1.41421
4 8 2 3 5 6 11 12 13 1
4 8 2 3 5 6 11 12 14 1.62019
4 8 2 3 5 6 11 13 14 1.41421
4 8 2 3 5 6 12 13 14 1
4 8 2 3 5 7 9 10 11 1.62019
4 8 2 3 5 7 9 10 12 1.41421
4 8 2 3 5 7 9 10 13 1
4 8 2 3 5 7 9 10 14 1.62019
4 8 2 3 5 7 9 11 12 1.41421
4 8 2 3 5 7 9 11 13 1
4 8 2 3 5 7 9 11 14 1.62019
4 8 2 3 5 7 9 12 13 1
4 8 2 3 5 7 9 12 14 1.41421
4 8 2 3 5 7 9 13 14 1
4 8 2 3 5 7 10 11 12 1.41421
4 8 2 3 5 7 10 11 13 1
4 8 2 3 5 7 10 11 14 1.62019
4 8 2 3 5 7 10 12 13 1.41421
4 8 2 3 5 7 10 12 14 1.41421
4 8 2 3 5 7 10 13 14 1.41421
4 8 2 3 5 7 11 12 13 1
4 8 2 3 5 7 11 12 14 1.41421
4 8 2 3 5 7 11 13 14 1
4 8 2 3 5 7 12 13 14 1.41421
4 8 2 3 5 9 10 11 12 1.62019
4 8 2 3 5 9 10 11 13 1.41421
4 8 2 3 5 9 10 11 14 1.85164
4 8 2 3 5 9 10 12 13 1
4 8 2 3 5 9 10 12 14 1.62019
4 8 2 3 5 9 10 13 14 1.41421
4 8 2 3 5 9 11 12 13 1
4 8 2 3 5 9 11 12 14 1.62019
4 8 2 3 5 9 11 13 14 1.41421
4 8 2 3 5 9 12 13 14 1
4 8 2 3 5 10 11 12 13 1
4 8 2 3 5 10 11 12 14 1.62019
4 8 2 3 5 10 11 13 14 1.41421
4 8 2 3 5 10 12 13 14 1.41421
4 8 2 3 5 11 12 13 14 1
4 8 2 3 6 7 9 10 11 1.62019
4 8 2 3 6 7 9 10 12 1.41421
4 8 2 3 6 7 9 10 13 1
4 8 2 3 6 7 9 10 14 1.62019
4 8 2 3 6 7 9 11 12 1.41421
4 8 2 3 6 7 9 11 13 1
4 8 2 3 6 7 9 11 14 1.62019
4 8 2 3 6 7 9 12 13 1
4 8 2 3 6 7 9 12 14 1.41421
4 8 2 3 6 7 9 13 14 1
4 8 2 3 6 7 10 11 12 1.41421
4 8 2 3 6 7 10 11 13 1
4 8 2 3 6 7 10 11 14 1.62019
4 8 2 3 6 7 10 12 13 0
4 8 2 3 6 7 10 12 14 1.41421
4 8 2 3 6 7 10 13 14 1
4 8 2 3 6 7 11 12 13 1
4 8 2 3 6 7 11 12 14 1.41421
4 8 2 3 6 7 11 13 14 1
4 8 2 3 6 7 12 13 14 0
4 8 2 3 6 9 10 11 12 1.73205
4 8 2 3 6 9 10 11 13 1.62019
4 8 2 3 6 9 10 11 14 1.93309
4 8 2 3 6 9 10 12 13 1.41421
4 8 2 3 6 9 10 12 14 1.73205
4 8 2 3 6 9 10 13 14 1.62019
4 8 2 3 6 9 11 12 13 1.41421
4 8 2 3 6 9 11 12 14 1.73205
4 8 2 3 6 9 11 13 14 1.62019
4 8 2 3 6 9 12 13 14 1.41421
4 8 2 3 6 10 11 12 13 1.41421
4 8 2 3 6 10 11 12 14 1.73205
4 8 2 3 6 10 11 13 14 1.62019
4 8 2 3 6 10 12 13 14 1.41421
4 8 2 3 6 11 12 13 14 1.41421
4 8 2 3 7 9 10 11 12 1.41421
4 8 2 3 7 9 10 11 13 1
4 8 2 3 7 9 10 11 14 1.62019
4 8 2 3 7 9 10 12 13 1
4 8 2 3 7 9 10 12 14 1.41421
4 8 2 3 7 9 10 13 14 1
4 8 2 3 7 9 11 12 13 1
4 8 2 3 7 9 11 12 14 1.41421
4 8 2 3 7 9 11 13 14 1
4 8 2 3 7 9 12 13 14 1
4 8 2 3 7 10 11 12 13 1
4 8 2 3 7 10 11 12 14 1.41421
4 8 2 3 7 10 11 13 14 1
4 8 2 3 7 10 12 13 14 1.41421
4 8 2 3 7 11 12 13 14 1
4 8 2 3 9 10 11 12 13 1.41421
4 8 2 3 9 10 11 12 14 1.73205
4 8 2 3 9 10 11 13 14 1.62019
4 8 2 3 9 10 12 13 14 1.41421
4 8 2 3 9 11 12 13 14 1.41421
4 8 2 3 10 11 12 13 14 1.41421
4 8 2 5 6 7 9 10 11 1.62019
4 8 2 5 6 7 9 10 12 1.41421
4 8 2 5 6 7 9 10 13 1
4 8 2 5 6 7 9 10 14 1.62019
4 8 2 5 6 7 9 11 12 1.41421
4 8 2 5 6 7 9 11 13 1
4 8 2 5 6 7 9 11 14 1.62019
4 8 2 5 6 7 9 12 13 1
4 8 2 5 6 7 9 12 14 1.41421
4 8 2 5 6 7 9 13 14 1
4 8 2 5 6 7 10 11 12 1.41421
4 8 2 5 6 7 10 11 13 1
4 8 2 5 6 7 10 11 14 1.62019
4 8 2 5 6 7 10 12 13 1
4 8 2 5 6 7 10 12 14 1.41421
4 8 2 5 6 7 10 13 14 1
4 8 2 5 6 7 11 12 13 1
4 8 2 5 6 7 11 12 14 1.41421
4 8 2 5 6 7 11 13 14 1
4 8 2 5 6 7 12 13 14 1
4 8 2 5 6 9 10 11 12 1.73205
4 8 2 5 6 9 10 11 13 1.62019
4 8 2 5 6 9 10 11 14 1.93309
4 8 2 5 6 9 10 12 13 1.62019
4 8 2 5 6 9 10 12 14 1.81265
4 8 2 5 6 9 10 13 14 1.73205
4 8 2 5 6 9 11 12 13 1.41421
4 8 2 5 6 9 11 12 14 1.73205
4 8 2 5 6 9 11 13 14 1.62019
4 8 2 5 6 9 12 13 14 1.62019
4 8 2 5 6 10 11 12 13 1.41421
4 8 2 5 6 10 11 12 14 1.73205
4 8 2 5 6 10 11 13 14 1.62019
4 8 2 5 6 10 12 13 14 1.62019
4 8 2 5 6 11 12 13 14 1.41421
4 8 2 5 7 9 10 11 12 1.41421
4 8 2 5 7 9 10 11 13 1
4 8 2 5 7 9 10 11 14 1.62019
4 8 2 5 7 9 10 12 13 1.41421
4 8 2 5 7 9 10 12 14 1.41421
4 8 2 5 7 9 10 13 14 1.41421
4 8 2 5 7 9 11 12 13 1
4 8 2 5 7 9 11 12 14 1.41421
4 8 2 5 7 9 11 13 14 1
4 8 2 5 7 9 12 13 14 1.41421
4 8 2 5 7 10 11 12 13 1
4 8 2 5 7 10 11 12 14 1.41421
4 8 2 5 7 10 11 13 14 1
4 8 2 5 7 10 12 13 14 1.62019
4 8 2 5 7 11 12 13 14 1
4 8 2 5 9 10 11 12 13 1.41421
4 8 2 5 9 10 11 12 14 1.73205
4 8 2 5 9 10 11 13 14 1.62019
4 8 2 5 9 10 12 13 14 1.73205
4 8 2 5 9 11 12 13 14 1.41421
4 8 2 5 10 11 12 13 14 1.41421
4 8 2 6 7 9 10 11 12 1.41421
4 8 2 6 7 9 10 11 13 1
4 8 2 6 7 9 10 11 14 1.62019
4 8 2 6 7 9 10 12 13 1
4 8 2 6 7 9 10 12 14 1.41421
4 8 2 6 7 9 10 13 14 1
4 8 2 6 7 9 11 12 13 1
4 8 2 6 7 9 11 12 14 1.41421
4 8 2 6 7 9 11 13 14 1
4 8 2 6 7 9 12 13 14 1
4 8 2 6 7 10 11 12 13 0
4 8 2 6 7 10 11 12 14 1.41421
4 8 2 6 7 10 11 13 14 1
4 8 2 6 7 10 12 13 14 1
4 8 2 6 7 11 12 13 14 0
4 8 2 6 9 10 11 12 13 1.73205
4 8 2 6 9 10 11 12 14 1.90693
4 8 2 6 9 10 11 13 14 1.85164
4 8 2 6 9 10 12 13 14 1.85164
4 8 2 6 9 11 12 13 14 1.73205
4 8 2 6 10 11 12 13 14 1.73205
4 8 2 7 9 10 11 12 13 0
4 8 2 7 9 10 11 12 14 1.41421
4 8 2 7 9 10 11 13 14 1
4 8 2 7 9 10 12 13 14 1.41421
4 8 2 7 9 11 12 13 14 0
4 8 2 7 10 11 12 13 14 1
4 8 2 9 10 11 12 13 14 1.73205
4 8 3 5 6 7 9 10 11 1.85164
4 8 3 5 6 7 9 10 12 1.62019
4 8 3 5 6 7 9 10 13 1.41421
4 8 3 5 6 7 9 10 14 1.85164
4 8 3 5 6 7 9 11 12 1.62019
4 8 3 5 6 7 9 11 13 1.41421
4 8 3 5 6 7 9 11 14 1.85164
4 8 3 5 6 7 9 12 13 1
4 8 3 5 6 7 9 12 14 1.62019
4 8 3 5 6 7 9 13 14 1.41421
4 8 3 5 6 7 10 11 12 1.62019
4 8 3 5 6 7 10 11 13 1.41421
4 8 3 5 6 7 10 11 14 1.85164
4 8 3 5 6 7 10 12 13 1
4 8 3 5 6 7 10 12 14 1.62019
4 8 3 5 6 7 10 13 14 1.41421
4 8 3 5 6 7 11 12 13 1
4 8 3 5 6 7 11 12 14 1.62019
4 8 3 5 6 7 11 13 14 1.41421
4 8 3 5 6 7 12 13 14 1
4 8 3 5 6 9 10 11 12 1.85164
4 8 3 5 6 9 10 11 13 1.73205
4 8 3 5 6 9 10 11 14 2.07802
4 8 3 5 6 9 10 12 13 1.41421
4 8 3 5 6 9 10 12 14 1.85164
4 8 3 5 6 9 10 13 14 1.73205
4 8 3 5 6 9 11 12 13 1.41421
4 8 3 5 6 9 11 12 14 1.85164
4 8 3 5 6 9 11 13 14 1.73205
4 8 3 5 6 9 12 13 14 1.41421
4 8 3 5 6 10 11 12 13 1.41421
4 8 3 5 6 10 11 12 14 1.85164
4 8 3 5 6 10 11 13 14 1.73205
4 8 3 5 6 10 12 13 14 1.41421
4 8 3 5 6 11 12 13 14 1.41421
4 8 3 5 7 9 10 11 12 1.62019
4 8 3 5 7 9 10 11 13 1.41421
4 8 3 5 7 9 10 11 14 1.85164
4 8 3 5 7 9 10 12 13 1
4 8 3 5 7 9 10 12 14 1.62019
4 8 3 5 7 9 10 13 14 1.41421
4 8 3 5 7 9 11 12 13 1
4 8 3 5 7 9 11 12 14 1.62019
4 8 3 5 7 9 11 13 14 1.41421
4 8 3 5 7 9 12 13 14 1
4 8 3 5 7 10 11 12 13 1
4 8 3 5 7 10 11 12 14 1.62019
4 8 3 5 7 10 11 13 14 1.41421
4 8 3 5 7 10 12 13 14 1.41421
4 8 3 5 7 11 12 13 14 1
4 8 3 5 9 10 11 12 13 1.41421
4 8 3 5 9 10 11 12 14 1.85164
4 8 3 5 9 10 11 13 14 1.73205
4 8 3 5 9 10 12 13 14 1.41421
4 8 3 5 9 11 12 13 14 1.41421
4 8 3 5 10 11 12 13 14 1.41421
4 8 3 6 7 9 10 11 12 1.73205
4 8 3 6 7 9 10 11 13 1.62019
4 8 3 6 7 9 10 11 14 1.93309
4 8 3 6 7 9 10 12 13 1.41421
4 8 3 6 7 9 10 12 14 1.73205
4 8 3 6 7 9 10 13 14 1.62019
4 8 3 6 7 9 11 12 13 1.41421
4 8 3 6 7 9 11 12 14 1.73205
4 8 3 6 7 9 11 13 14 1.62019
4 8 3 6 7 9 12 13 14 1.41421
4 8 3 6 7 10 11 12 13 1.41421
4 8 3 6 7 10 11 12 14 1.73205
4 8 3 6 7 10 11 13 14 1.62019
4 8 3 6 7 10 12 13 14 1.41421
4 8 3 6 7 11 12 13 14 1.41421
4 8 3 6 9 10 11 12 13 2
4 8 3 6 9 10 11 12 14 2.16025
4 8 3 6 9 10 11 13 14 2.13664
4 8 3 6 9 10 12 13 14 2
4 8 3 6 9 11 12 13 14 2
4 8 3 6 10 11 12 13 14 2
4 8 3 7 9 10 11 12 13 1.41421
4 8 3 7 9 10 11 12 14 1.73205
4 8 3 7 9 10 11 13 14 1.62019
4 8 3 7 9 10 12 13 14 1.41421
4 8 3 7 9 11 12 13 14 1.41421
4 8 3 7 10 11 12 13 14 1.41421
4 8 3 9 10 11 12 13 14 2
4 8 5 6 7 9 10 11 12 1.73205
4 8 5 6 7 9 10 11 13 1.62019
4 8 5 6 7 9 10 11 14 1.93309
4 8 5 6 7 9 10 12 13 1.62019
4 8 5 6 7 9 10 12 14 1.81265
4 8 5 6 7 9 10 13 14 1.73205
4 8 5 6 7 9 11 12 13 1.41421
4 8 5 6 7 9 11 12 14 1.73205
4 8 5 6 7 9 11 13 14 1.62019
4 8 5 6 7 9 12 13 14 1.62019
4 8 5 6 7 10 11 12 13 1.41421
4 8 5 6 7 10 11 12 14 1.73205
4 8 5 6 7 10 11 13 14 1.62019
4 8 5 6 7 10 12 13 14 1.62019
4 8 5 6 7 11 12 13 14 1.41421
4 8 5 6 9 10 11 12 13 2
4 8 5 6 9 10 11 12 14 2.16025
4 8 5 6 9 10 11 13 14 2.13664
4 8 5 6 9 10 12 13 14 2.13664
4 8 5 6 9 11 12 13 14 2
4 8 5 6 10 11 12 13 14 2
4 8 5 7 9 10 11 12 13 1.41421
4 8 5 7 9 10 11 12 14 1.73205
4 8 5 7 9 10 11 13 14 1.62019
4 8 5 7 9 10 12 13 14 1.73205
4 8 5 7 9 11 12 13 14 1.41421
4 8 5 7 10 11 12 13 14 1.41421
4 8 5 9 10 11 12 13 14 2
4 8 6 7 9 10 11 12 13 1.73205
4 8 6 7 9 10 11 12 14 1.90693
4 8 6 7 9 10 11 13 14 1.85164
4 8 6 7 9 10 12 13 14 1.85164
4 8 6 7 9 11 12 13 14 1.73205
4 8 6 7 10 11 12 13 14 1.73205
4 8 6 9 10 11 12 13 14 2.44949
4 8 7 9 10 11 12 13 14 1.73205
