1 7 0 2 3 1.85164
1 7 0 2 4 1.62019
1 7 0 2 5 1.73205
1 7 0 2 6 1.85164
1 7 0 2 8 1.62019
1 7 0 2 9 1.85164
1 7 0 2 10 1.62019
1 7 0 2 11 1.85164
1 7 0 2 12 1.85164
1 7 0 2 13 1.85164
1 7 0 2 14 1.62019
1 7 0 3 4 1.41421
1 7 0 3 5 1.73205
1 7 0 3 6 1.90693
1 7 0 3 8 1.73205
1 7 0 3 9 1.90693
1 7 0 3 10 1.41421
1 7 0 3 11 1.90693
1 7 0 3 12 1.90693
1 7 0 3 13 1.90693
1 7 0 3 14 1.73205
1 7 0 4 5 1.73205
1 7 0 4 6 1.62019
1 7 0 4 8 1.81265
1 7 0 4 9 1.73205
1 7 0 4 10 1.81265
1 7 0 4 11 1.41421
1 7 0 4 12 1.81265
1 7 0 4 13 1.81265
1 7 0 4 14 1.81265
1 7 0 5 6 1.73205
1 7 0 5 8 1.73205
1 7 0 5 9 1.73205
1 7 0 5 10 1.73205
1 7 0 5 11 1.73205
1 7 0 5 12 1.73205
1 7 0 5 13 1.73205
1 7 0 5 14 1.73205
1 7 0 6 8 2
1 7 0 6 9 1.96214
1 7 0 6 10 1.73205
1 7 0 6 11 1.93309
1 7 0 6 12 1.96214
1 7 0 6 13 1.96214
1 7 0 6 14 2
1 7 0 8 9 2
1 7 0 8 10 2
1 7 0 8 11 1.81265
1 7 0 8 12 2
1 7 0 8 13 2
1 7 0 8 14 2
1 7 0 9 10 1.81265
1 7 0 9 11 1.93309
1 7 0 9 12 1.96769
1 7 0 9 13 1.96769
1 7 0 9 14 2
1 7 0 10 11 1.62019
1 7 0 10 12 2
1 7 0 10 13 2
1 7 0 10 14 2
1 7 0 11 12 1.93309
1 7 0 11 13 1.93309
1 7 0 11 14 1.81265
1 7 0 12 13 1.97531
1 7 0 12 14 2
1 7 0 13 14 2
1 7 2 3 4 1.41421
1 7 2 3 5 1.73205
1 7 2 3 6 1.85164
1 7 2 3 8 1.62019
1 7 2 3 9 1.85164
1 7 2 3 10 1.41421
1 7 2 3 11 1.85164
1 7 2 3 12 1.85164
1 7 2 3 13 1.85164
1 7 2 3 14 1.62019
1 7 2 4 5 1.62019
1 7 2 4 6 1.41421
1 7 2 4 8 1.62019
1 7 2 4 9 1.41421
1 7 2 4 10 1.62019
1 7 2 4 11 1.41421
1 7 2 4 12 1.62019
1 7 2 4 13 1.62019
1 7 2 4 14 1.62019
1 7 2 5 6 1.73205
1 7 2 5 8 1.62019
1 7 2 5 9 1.73205
1 7 2 5 10 1.62019
1 7 2 5 11 1.73205
1 7 2 5 12 1.73205
1 7 2 5 13 1.73205
1 7 2 5 14 1.62019
1 7 2 6 8 1.62019
1 7 2 6 9 1.85164
1 7 2 6 10 1
1 7 2 6 11 1.85164
1 7 2 6 12 1.85164
1 7 2 6 13 1.85164
1 7 2 6 14 1.62019
1 7 2 8 9 1.62019
1 7 2 8 10 1.62019
1 7 2 8 11 1.62019
1 7 2 8 12 1.62019
1 7 2 8 13 1.62019
1 7 2 8 14 1.62019
1 7 2 9 10 1.41421
1 7 2 9 11 1.85164
1 7 2 9 12 1.85164
1 7 2 9 13 1.85164
1 7 2 9 14 1.62019
1 7 2 10 11 1
1 7 2 10 12 1.62019
1 7 2 10 13 1.62019
1 7 2 10 14 1.62019
1 7 2 11 12 1.85164
1 7 2 11 13 1.85164
1 7 2 11 14 1.62019
1 7 2 12 13 1.85164
1 7 2 12 14 1.62019
1 7 2 13 14 1.62019
1 7 3 4 5 1.41421
1 7 3 4 6 1.41421
1 7 3 4 8 1.41421
1 7 3 4 9 1.41421
1 7 3 4 10 1.41421
1 7 3 4 11 1.41421
1 7 3 4 12 1.41421
1 7 3 4 13 1.41421
1 7 3 4 14 1.41421
1 7 3 5 6 1.73205
1 7 3 5 8 1.41421
1 7 3 5 9 1.73205
1 7 3 5 10 1.41421
1 7 3 5 11 1.73205
1 7 3 5 12 1.73205
1 7 3 5 13 1.73205
1 7 3 5 14 1.41421
1 7 3 6 8 1.73205
1 7 3 6 9 1.90693
1 7 3 6 10 1.41421
1 7 3 6 11 1.90693
1 7 3 6 12 1.90693
1 7 3 6 13 1.90693
1 7 3 6 14 1.73205
1 7 3 8 9 1.73205
1 7 3 8 10 1.41421
1 7 3 8 11 1.73205
1 7 3 8 12 1.73205
1 7 3 8 13 1.73205
1 7 3 8 14 1.62019
1 7 3 9 10 1.41421
1 7 3 9 11 1.90693
1 7 3 9 12 1.90693
1 7 3 9 13 1.90693
1 7 3 9 14 1.73205
1 7 3 10 11 1.41421
1 7 3 10 12 1.41421
1 7 3 10 13 1.41421
1 7 3 10 14 1.41421
1 7 3 11 12 1.90693
1 7 3 11 13 1.90693
1 7 3 11 14 1.73205
1 7 3 12 13 1.90693
1 7 3 12 14 1.73205
1 7 3 13 14 1.73205
1 7 4 5 6 1.41421
1 7 4 5 8 1.73205
1 7 4 5 9 1.62019
1 7 4 5 10 1.73205
1 7 4 5 11 1.41421
1 7 4 5 12 1.73205
1 7 4 5 13 1.73205
1 7 4 5 14 1.73205
1 7 4 6 8 1.62019
1 7 4 6 9 1.62019
1 7 4 6 10 1.62019
1 7 4 6 11 1.41421
1 7 4 6 12 1.62019
1 7 4 6 13 1.62019
1 7 4 6 14 1.62019
1 7 4 8 9 1.73205
1 7 4 8 10 1.81265
1 7 4 8 11 1.41421
1 7 4 8 12 1.81265
1 7 4 8 13 1.81265
1 7 4 8 14 1.81265
1 7 4 9 10 1.73205
1 7 4 9 11 1.41421
1 7 4 9 12 1.73205
1 7 4 9 13 1.73205
1 7 4 9 14 1.73205
1 7 4 10 11 1.41421
1 7 4 10 12 1.81265
1 7 4 10 13 1.81265
1 7 4 10 14 1.81265
1 7 4 11 12 1.41421
1 7 4 11 13 1.41421
1 7 4 11 14 1.41421
1 7 4 12 13 1.81265
1 7 4 12 14 1.81265
1 7 4 13 14 1.81265
1 7 5 6 8 1.41421
1 7 5 6 9 1.73205
1 7 5 6 10 1.41421
1 7 5 6 11 1.73205
1 7 5 6 12 1.73205
1 7 5 6 13 1.73205
1 7 5 6 14 1.41421
1 7 5 8 9 1.62019
1 7 5 8 10 1.73205
1 7 5 8 11 1.41421
1 7 5 8 12 1.73205
1 7 5 8 13 1.73205
1 7 5 8 14 1.73205
1 7 5 9 10 1.62019
1 7 5 9 11 1.73205
1 7 5 9 12 1.73205
1 7 5 9 13 1.73205
1 7 5 9 14 1.62019
1 7 5 10 11 1
1 7 5 10 12 1.73205
1 7 5 10 13 1.73205
1 7 5 10 14 1.73205
1 7 5 11 12 1.73205
1 7 5 11 13 1.73205
1 7 5 11 14 1.41421
1 7 5 12 13 1.73205
1 7 5 12 14 1.73205
1 7 5 13 14 1.73205
1 7 6 8 9 2
1 7 6 8 10 1.73205
1 7 6 8 11 1.81265
1 7 6 8 12 2
1 7 6 8 13 2
1 7 6 8 14 1.81265
1 7 6 9 10 1.73205
1 7 6 9 11 1.93309
1 7 6 9 12 1.96214
1 7 6 9 13 1.96214
1 7 6 9 14 2
1 7 6 10 11 1.62019
1 7 6 10 12 1.73205
1 7 6 10 13 1.73205
1 7 6 10 14 1.73205
1 7 6 11 12 1.93309
1 7 6 11 13 1.93309
1 7 6 11 14 1.81265
1 7 6 12 13 1.96214
1 7 6 12 14 2
1 7 6 13 14 2
1 7 8 9 10 1.81265
1 7 8 9 11 1.81265
1 7 8 9 12 2
1 7 8 9 13 2
1 7 8 9 14 2
1 7 8 10 11 1.62019
1 7 8 10 12 2
1 7 8 10 13 2
1 7 8 10 14 2
1 7 8 11 12 1.81265
1 7 8 11 13 1.81265
1 7 8 11 14 1.73205
1 7 8 12 13 2
1 7 8 12 14 2
1 7 8 13 14 2
1 7 9 10 11 1.62019
1 7 9 10 12 1.81265
1 7 9 10 13 1.81265
1 7 9 10 14 1.81265
1 7 9 11 12 1.93309
1 7 9 11 13 1.93309
1 7 9 11 14 1.81265
1 7 9 12 13 1.96769
1 7 9 12 14 2
1 7 9 13 14 2
1 7 10 11 12 1.62019
1 7 10 11 13 1.62019
1 7 10 11 14 1.62019
1 7 10 12 13 2
1 7 10 12 14 2
1 7 10 13 14 2
1 7 11 12 13 1.93309
1 7 11 12 14 1.81265
1 7 11 13 14 1.81265
1 7 12 13 14 2
