1 7 0 2 3 4 5 6 8 1
1 7 0 2 3 4 5 6 9 1.41421
1 7 0 2 3 4 5 6 10 0
1 7 0 2 3 4 5 6 11 1.41421
1 7 0 2 3 4 5 6 12 1.41421
1 7 0 2 3 4 5 6 13 1.41421
1 7 0 2 3 4 5 6 14 1
1 7 0 2 3 4 5 8 9 1
1 7 0 2 3 4 5 8 10 1.41421
1 7 0 2 3 4 5 8 11 1
1 7 0 2 3 4 5 8 12 1.41421
1 7 0 2 3 4 5 8 13 1.41421
1 7 0 2 3 4 5 8 14 1.41421
1 7 0 2 3 4 5 9 10 1
1 7 0 2 3 4 5 9 11 1.41421
1 7 0 2 3 4 5 9 12 1.41421
1 7 0 2 3 4 5 9 13 1.41421
1 7 0 2 3 4 5 9 14 1
1 7 0 2 3 4 5 10 11 1
1 7 0 2 3 4 5 10 12 1.41421
1 7 0 2 3 4 5 10 13 1.41421
1 7 0 2 3 4 5 10 14 1.41421
1 7 0 2 3 4 5 11 12 1.41421
1 7 0 2 3 4 5 11 13 1.41421
1 7 0 2 3 4 5 11 14 1
1 7 0 2 3 4 5 12 13 1.41421
1 7 0 2 3 4 5 12 14 1.41421
1 7 0 2 3 4 5 13 14 1.41421
1 7 0 2 3 4 6 8 9 1
1 7 0 2 3 4 6 8 10 0
1 7 0 2 3 4 6 8 11 1
1 7 0 2 3 4 6 8 12 1
1 7 0 2 3 4 6 8 13 1
1 7 0 2 3 4 6 8 14 0
1 7 0 2 3 4 6 9 10 0
1 7 0 2 3 4 6 9 11 1.41421
1 7 0 2 3 4 6 9 12 1.41421
1 7 0 2 3 4 6 9 13 1.41421
1 7 0 2 3 4 6 9 14 1
1 7 0 2 3 4 6 10 11 0
1 7 0 2 3 4 6 10 12 0
1 7 0 2 3 4 6 10 13 0
1 7 0 2 3 4 6 10 14 0
1 7 0 2 3 4 6 11 12 1.41421
1 7 0 2 3 4 6 11 13 1.41421
1 7 0 2 3 4 6 11 14 1
1 7 0 2 3 4 6 12 13 1.41421
1 7 0 2 3 4 6 12 14 1
1 7 0 2 3 4 6 13 14 1
1 7 0 2 3 4 8 9 10 1
1 7 0 2 3 4 8 9 11 1
1 7 0 2 3 4 8 9 12 1
1 7 0 2 3 4 8 9 13 1
1 7 0 2 3 4 8 9 14 1
1 7 0 2 3 4 8 10 11 1
1 7 0 2 3 4 8 10 12 1.41421
1 7 0 2 3 4 8 10 13 1.41421
1 7 0 2 3 4 8 10 14 1.41421
1 7 0 2 3 4 8 11 12 1
1 7 0 2 3 4 8 11 13 1
1 7 0 2 3 4 8 11 14 1
1 7 0 2 3 4 8 12 13 1.41421
1 7 0 2 3 4 8 12 14 1.41421
1 7 0 2 3 4 8 13 14 1.41421
1 7 0 2 3 4 9 10 11 0
1 7 0 2 3 4 9 10 12 1
1 7 0 2 3 4 9 10 13 1
1 7 0 2 3 4 9 10 14 1
1 7 0 2 3 4 9 11 12 1.41421
1 7 0 2 3 4 9 11 13 1.41421
1 7 0 2 3 4 9 11 14 1
1 7 0 2 3 4 9 12 13 1.41421
1 7 0 2 3 4 9 12 14 1
1 7 0 2 3 4 9 13 14 1
1 7 0 2 3 4 10 11 12 1
1 7 0 2 3 4 10 11 13 1
1 7 0 2 3 4 10 11 14 1
1 7 0 2 3 4 10 12 13 1.41421
1 7 0 2 3 4 10 12 14 1.41421
1 7 0 2 3 4 10 13 14 1.41421
1 7 0 2 3 4 11 12 13 1.41421
1 7 0 2 3 4 11 12 14 1
1 7 0 2 3 4 11 13 14 1
1 7 0 2 3 4 12 13 14 1.41421
1 7 0 2 3 5 6 8 9 1.41421
1 7 0 2 3 5 6 8 10 0
1 7 0 2 3 5 6 8 11 1.41421
1 7 0 2 3 5 6 8 12 1.41421
1 7 0 2 3 5 6 8 13 1.41421
1 7 0 2 3 5 6 8 14 1
1 7 0 2 3 5 6 9 10 0
1 7 0 2 3 5 6 9 11 1.73205
1 7 0 2 3 5 6 9 12 1.73205
1 7 0 2 3 5 6 9 13 1.73205
1 7 0 2 3 5 6 9 14 1.41421
1 7 0 2 3 5 6 10 11 0
1 7 0 2 3 5 6 10 12 0
1 7 0 2 3 5 6 10 13 0
1 7 0 2 3 5 6 10 14 0
1 7 0 2 3 5 6 11 12 1.73205
1 7 0 2 3 5 6 11 13 1.73205
1 7 0 2 3 5 6 11 14 1.41421
1 7 0 2 3 5 6 12 13 1.73205
1 7 0 2 3 5 6 12 14 1.41421
1 7 0 2 3 5 6 13 14 1.41421
1 7 0 2 3 5 8 9 10 1
1 7 0 2 3 5 8 9 11 1.41421
1 7 0 2 3 5 8 9 12 1.41421
1 7 0 2 3 5 8 9 13 1.41421
1 7 0 2 3 5 8 9 14 1
1 7 0 2 3 5 8 10 11 1
1 7 0 2 3 5 8 10 12 1.41421
1 7 0 2 3 5 8 10 13 1.41421
1 7 0 2 3 5 8 10 14 1.41421
1 7 0 2 3 5 8 11 12 1.41421
1 7 0 2 3 5 8 11 13 1.41421
1 7 0 2 3 5 8 11 14 1
1 7 0 2 3 5 8 12 13 1.41421
1 7 0 2 3 5 8 12 14 1.41421
1 7 0 2 3 5 8 13 14 1.41421
1 7 0 2 3 5 9 10 11 0
1 7 0 2 3 5 9 10 12 1
1 7 0 2 3 5 9 10 13 1
1 7 0 2 3 5 9 10 14 1
1 7 0 2 3 5 9 11 12 1.73205
1 7 0 2 3 5 9 11 13 1.73205
1 7 0 2 3 5 9 11 14 1.41421
1 7 0 2 3 5 9 12 13 1.73205
1 7 0 2 3 5 9 12 14 1.41421
1 7 0 2 3 5 9 13 14 1.41421
1 7 0 2 3 5 10 11 12 1
1 7 0 2 3 5 10 11 13 1
1 7 0 2 3 5 10 11 14 1
1 7 0 2 3 5 10 12 13 1.41421
1 7 0 2 3 5 10 12 14 1.41421
1 7 0 2 3 5 10 13 14 1.41421
1 7 0 2 3 5 11 12 13 1.73205
1 7 0 2 3 5 11 12 14 1.41421
1 7 0 2 3 5 11 13 14 1.41421
1 7 0 2 3 5 12 13 14 1.41421
1 7 0 2 3 6 8 9 10 1
1 7 0 2 3 6 8 9 11 1.62019
1 7 0 2 3 6 8 9 12 1.62019
1 7 0 2 3 6 8 9 13 1.62019
1 7 0 2 3 6 8 9 14 1.41421
1 7 0 2 3 6 8 10 11 1
1 7 0 2 3 6 8 10 12 1
1 7 0 2 3 6 8 10 13 1
1 7 0 2 3 6 8 10 14 1
1 7 0 2 3 6 8 11 12 1.62019
1 7 0 2 3 6 8 11 13 1.62019
1 7 0 2 3 6 8 11 14 1.41421
1 7 0 2 3 6 8 12 13 1.62019
1 7 0 2 3 6 8 12 14 1.41421
1 7 0 2 3 6 8 13 14 1.41421
1 7 0 2 3 6 9 10 11 1
1 7 0 2 3 6 9 10 12 1
1 7 0 2 3 6 9 10 13 1
1 7 0 2 3 6 9 10 14 1
1 7 0 2 3 6 9 11 12 1.85164
1 7 0 2 3 6 9 11 13 1.85164
1 7 0 2 3 6 9 11 14 1.62019
1 7 0 2 3 6 9 12 13 1.85164
1 7 0 2 3 6 9 12 14 1.62019
1 7 0 2 3 6 9 13 14 1.62019
1 7 0 2 3 6 10 11 12 1
1 7 0 2 3 6 10 11 13 1
1 7 0 2 3 6 10 11 14 1
1 7 0 2 3 6 10 12 13 1
1 7 0 2 3 6 10 12 14 1
1 7 0 2 3 6 10 13 14 1
1 7 0 2 3 6 11 12 13 1.85164
1 7 0 2 3 6 11 12 14 1.62019
1 7 0 2 3 6 11 13 14 1.62019
1 7 0 2 3 6 12 13 14 1.62019
1 7 0 2 3 8 9 10 11 1
1 7 0 2 3 8 9 10 12 1
1 7 0 2 3 8 9 10 13 1
1 7 0 2 3 8 9 10 14 1
1 7 0 2 3 8 9 11 12 1.62019
1 7 0 2 3 8 9 11 13 1.62019
1 7 0 2 3 8 9 11 14 1.41421
1 7 0 2 3 8 9 12 13 1.62019
1 7 0 2 3 8 9 12 14 1.41421
1 7 0 2 3 8 9 13 14 1.41421
1 7 0 2 3 8 10 11 12 1
1 7 0 2 3 8 10 11 13 1
1 7 0 2 3 8 10 11 14 1
1 7 0 2 3 8 10 12 13 1.41421
1 7 0 2 3 8 10 12 14 1.41421
1 7 0 2 3 8 10 13 14 1.41421
1 7 0 2 3 8 11 12 13 1.62019
1 7 0 2 3 8 11 12 14 1.41421
1 7 0 2 3 8 11 13 14 1.41421
1 7 0 2 3 8 12 13 14 1.41421
1 7 0 2 3 9 10 11 12 1
1 7 0 2 3 9 10 11 13 1
1 7 0 2 3 9 10 11 14 1
1 7 0 2 3 9 10 12 13 1
1 7 0 2 3 9 10 12 14 1
1 7 0 2 3 9 10 13 14 1
1 7 0 2 3 9 11 12 13 1.85164
1 7 0 2 3 9 11 12 14 1.62019
1 7 0 2 3 9 11 13 14 1.62019
1 7 0 2 3 9 12 13 14 1.62019
1 7 0 2 3 10 11 12 13 1
1 7 0 2 3 10 11 12 14 1
1 7 0 2 3 10 11 13 14 1
1 7 0 2 3 10 12 13 14 1.41421
1 7 0 2 3 11 12 13 14 1.62019
1 7 0 2 4 5 6 8 9 1
1 7 0 2 4 5 6 8 10 1
1 7 0 2 4 5 6 8 11 1
1 7 0 2 4 5 6 8 12 1
1 7 0 2 4 5 6 8 13 1
1 7 0 2 4 5 6 8 14 1
1 7 0 2 4 5 6 9 10 1
1 7 0 2 4 5 6 9 11 1.41421
1 7 0 2 4 5 6 9 12 1.41421
1 7 0 2 4 5 6 9 13 1.41421
1 7 0 2 4 5 6 9 14 1
1 7 0 2 4 5 6 10 11 0
1 7 0 2 4 5 6 10 12 1
1 7 0 2 4 5 6 10 13 1
1 7 0 2 4 5 6 10 14 1
1 7 0 2 4 5 6 11 12 1.41421
1 7 0 2 4 5 6 11 13 1.41421
1 7 0 2 4 5 6 11 14 1
1 7 0 2 4 5 6 12 13 1.41421
1 7 0 2 4 5 6 12 14 1
1 7 0 2 4 5 6 13 14 1
1 7 0 2 4 5 8 9 10 1.41421
1 7 0 2 4 5 8 9 11 1
1 7 0 2 4 5 8 9 12 1.41421
1 7 0 2 4 5 8 9 13 1.41421
1 7 0 2 4 5 8 9 14 1.41421
1 7 0 2 4 5 8 10 11 1
1 7 0 2 4 5 8 10 12 1.62019
1 7 0 2 4 5 8 10 13 1.62019
1 7 0 2 4 5 8 10 14 1.62019
1 7 0 2 4 5 8 11 12 1
1 7 0 2 4 5 8 11 13 1
1 7 0 2 4 5 8 11 14 1
1 7 0 2 4 5 8 12 13 1.62019
1 7 0 2 4 5 8 12 14 1.62019
1 7 0 2 4 5 8 13 14 1.62019
1 7 0 2 4 5 9 10 11 0
1 7 0 2 4 5 9 10 12 1.41421
1 7 0 2 4 5 9 10 13 1.41421
1 7 0 2 4 5 9 10 14 1.41421
1 7 0 2 4 5 9 11 12 1.41421
1 7 0 2 4 5 9 11 13 1.41421
1 7 0 2 4 5 9 11 14 1
1 7 0 2 4 5 9 12 13 1.41421
1 7 0 2 4 5 9 12 14 1.41421
1 7 0 2 4 5 9 13 14 1.41421
1 7 0 2 4 5 10 11 12 1
1 7 0 2 4 5 10 11 13 1
1 7 0 2 4 5 10 11 14 1
1 7 0 2 4 5 10 12 13 1.62019
1 7 0 2 4 5 10 12 14 1.62019
1 7 0 2 4 5 10 13 14 1.62019
1 7 0 2 4 5 11 12 13 1.41421
1 7 0 2 4 5 11 12 14 1
1 7 0 2 4 5 11 13 14 1
1 7 0 2 4 5 12 13 14 1.62019
1 7 0 2 4 6 8 9 10 1
1 7 0 2 4 6 8 9 11 1
1 7 0 2 4 6 8 9 12 1
1 7 0 2 4 6 8 9 13 1
1 7 0 2 4 6 8 9 14 1
1 7 0 2 4 6 8 10 11 0
1 7 0 2 4 6 8 10 12 1
1 7 0 2 4 6 8 10 13 1
1 7 0 2 4 6 8 10 14 1
1 7 0 2 4 6 8 11 12 1
1 7 0 2 4 6 8 11 13 1
1 7 0 2 4 6 8 11 14 0
1 7 0 2 4 6 8 12 13 1
1 7 0 2 4 6 8 12 14 1
1 7 0 2 4 6 8 13 14 1
1 7 0 2 4 6 9 10 11 0
1 7 0 2 4 6 9 10 12 1
1 7 0 2 4 6 9 10 13 1
1 7 0 2 4 6 9 10 14 1
1 7 0 2 4 6 9 11 12 1.41421
1 7 0 2 4 6 9 11 13 1.41421
1 7 0 2 4 6 9 11 14 1
1 7 0 2 4 6 9 12 13 1.41421
1 7 0 2 4 6 9 12 14 1
1 7 0 2 4 6 9 13 14 1
1 7 0 2 4 6 10 11 12 0
1 7 0 2 4 6 10 11 13 0
1 7 0 2 4 6 10 11 14 0
1 7 0 2 4 6 10 12 13 1
1 7 0 2 4 6 10 12 14 1
1 7 0 2 4 6 10 13 14 1
1 7 0 2 4 6 11 12 13 1.41421
1 7 0 2 4 6 11 12 14 1
1 7 0 2 4 6 11 13 14 1
1 7 0 2 4 6 12 13 14 1
1 7 0 2 4 8 9 10 11 0
1 7 0 2 4 8 9 10 12 1.41421
1 7 0 2 4 8 9 10 13 1.41421
1 7 0 2 4 8 9 10 14 1.41421
1 7 0 2 4 8 9 11 12 1
1 7 0 2 4 8 9 11 13 1
1 7 0 2 4 8 9 11 14 0
1 7 0 2 4 8 9 12 13 1.41421
1 7 0 2 4 8 9 12 14 1.41421
1 7 0 2 4 8 9 13 14 1.41421
1 7 0 2 4 8 10 11 12 1
1 7 0 2 4 8 10 11 13 1
1 7 0 2 4 8 10 11 14 1
1 7 0 2 4 8 10 12 13 1.62019
1 7 0 2 4 8 10 12 14 1.62019
1 7 0 2 4 8 10 13 14 1.62019
1 7 0 2 4 8 11 12 13 1
1 7 0 2 4 8 11 12 14 1
1 7 0 2 4 8 11 13 14 1
1 7 0 2 4 8 12 13 14 1.62019
1 7 0 2 4 9 10 11 12 0
1 7 0 2 4 9 10 11 13 0
1 7 0 2 4 9 10 11 14 0
1 7 0 2 4 9 10 12 13 1.41421
1 7 0 2 4 9 10 12 14 1.41421
1 7 0 2 4 9 10 13 14 1.41421
1 7 0 2 4 9 11 12 13 1.41421
1 7 0 2 4 9 11 12 14 1
1 7 0 2 4 9 11 13 14 1
1 7 0 2 4 9 12 13 14 1.41421
1 7 0 2 4 10 11 12 13 1
1 7 0 2 4 10 11 12 14 1
1 7 0 2 4 10 11 13 14 1
1 7 0 2 4 10 12 13 14 1.62019
1 7 0 2 4 11 12 13 14 1
1 7 0 2 5 6 8 9 10 1
1 7 0 2 5 6 8 9 11 1.41421
1 7 0 2 5 6 8 9 12 1.41421
1 7 0 2 5 6 8 9 13 1.41421
1 7 0 2 5 6 8 9 14 1
1 7 0 2 5 6 8 10 11 0
1 7 0 2 5 6 8 10 12 1
1 7 0 2 5 6 8 10 13 1
1 7 0 2 5 6 8 10 14 1
1 7 0 2 5 6 8 11 12 1.41421
1 7 0 2 5 6 8 11 13 1.41421
1 7 0 2 5 6 8 11 14 1
1 7 0 2 5 6 8 12 13 1.41421
1 7 0 2 5 6 8 12 14 1
1 7 0 2 5 6 8 13 14 1
1 7 0 2 5 6 9 10 11 0
1 7 0 2 5 6 9 10 12 1
1 7 0 2 5 6 9 10 13 1
1 7 0 2 5 6 9 10 14 1
1 7 0 2 5 6 9 11 12 1.73205
1 7 0 2 5 6 9 11 13 1.73205
1 7 0 2 5 6 9 11 14 1.41421
1 7 0 2 5 6 9 12 13 1.73205
1 7 0 2 5 6 9 12 14 1.41421
1 7 0 2 5 6 9 13 14 1.41421
1 7 0 2 5 6 10 11 12 0
1 7 0 2 5 6 10 11 13 0
1 7 0 2 5 6 10 11 14 0
1 7 0 2 5 6 10 12 13 1
1 7 0 2 5 6 10 12 14 1
1 7 0 2 5 6 10 13 14 1
1 7 0 2 5 6 11 12 13 1.73205
1 7 0 2 5 6 11 12 14 1.41421
1 7 0 2 5 6 11 13 14 1.41421
1 7 0 2 5 6 12 13 14 1.41421
1 7 0 2 5 8 9 10 11 0
1 7 0 2 5 8 9 10 12 1.41421
1 7 0 2 5 8 9 10 13 1.41421
1 7 0 2 5 8 9 10 14 1.41421
1 7 0 2 5 8 9 11 12 1.41421
1 7 0 2 5 8 9 11 13 1.41421
1 7 0 2 5 8 9 11 14 1
1 7 0 2 5 8 9 12 13 1.41421
1 7 0 2 5 8 9 12 14 1.41421
1 7 0 2 5 8 9 13 14 1.41421
1 7 0 2 5 8 10 11 12 1
1 7 0 2 5 8 10 11 13 1
1 7 0 2 5 8 10 11 14 1
1 7 0 2 5 8 10 12 13 1.62019
1 7 0 2 5 8 10 12 14 1.62019
1 7 0 2 5 8 10 13 14 1.62019
1 7 0 2 5 8 11 12 13 1.41421
1 7 0 2 5 8 11 12 14 1
1 7 0 2 5 8 11 13 14 1
1 7 0 2 5 8 12 13 14 1.62019
1 7 0 2 5 9 10 11 12 0
1 7 0 2 5 9 10 11 13 0
1 7 0 2 5 9 10 11 14 0
1 7 0 2 5 9 10 12 13 1.41421
1 7 0 2 5 9 10 12 14 1.41421
1 7 0 2 5 9 10 13 14 1.41421
1 7 0 2 5 9 11 12 13 1.73205
1 7 0 2 5 9 11 12 14 1.41421
1 7 0 2 5 9 11 13 14 1.41421
1 7 0 2 5 9 12 13 14 1.41421
1 7 0 2 5 10 11 12 13 1
1 7 0 2 5 10 11 12 14 1
1 7 0 2 5 10 11 13 14 1
1 7 0 2 5 10 12 13 14 1.62019
1 7 0 2 5 11 12 13 14 1.41421
1 7 0 2 6 8 9 10 11 1
1 7 0 2 6 8 9 10 12 1
1 7 0 2 6 8 9 10 13 1
1 7 0 2 6 8 9 10 14 1
1 7 0 2 6 8 9 11 12 1.62019
1 7 0 2 6 8 9 11 13 1.62019
1 7 0 2 6 8 9 11 14 1.41421
1 7 0 2 6 8 9 12 13 1.62019
1 7 0 2 6 8 9 12 14 1.41421
1 7 0 2 6 8 9 13 14 1.41421
1 7 0 2 6 8 10 11 12 1
1 7 0 2 6 8 10 11 13 1
1 7 0 2 6 8 10 11 14 1
1 7 0 2 6 8 10 12 13 1
1 7 0 2 6 8 10 12 14 1
1 7 0 2 6 8 10 13 14 1
1 7 0 2 6 8 11 12 13 1.62019
1 7 0 2 6 8 11 12 14 1.41421
1 7 0 2 6 8 11 13 14 1.41421
1 7 0 2 6 8 12 13 14 1.41421
1 7 0 2 6 9 10 11 12 1
1 7 0 2 6 9 10 11 13 1
1 7 0 2 6 9 10 11 14 1
1 7 0 2 6 9 10 12 13 1
1 7 0 2 6 9 10 12 14 1
1 7 0 2 6 9 10 13 14 1
1 7 0 2 6 9 11 12 13 1.85164
1 7 0 2 6 9 11 12 14 1.62019
1 7 0 2 6 9 11 13 14 1.62019
1 7 0 2 6 9 12 13 14 1.62019
1 7 0 2 6 10 11 12 13 1
1 7 0 2 6 10 11 12 14 1
1 7 0 2 6 10 11 13 14 1
1 7 0 2 6 10 12 13 14 1
1 7 0 2 6 11 12 13 14 1.62019
1 7 0 2 8 9 10 11 12 1
1 7 0 2 8 9 10 11 13 1
1 7 0 2 8 9 10 11 14 1
1 7 0 2 8 9 10 12 13 1.41421
1 7 0 2 8 9 10 12 14 1.41421
1 7 0 2 8 9 10 13 14 1.41421
1 7 0 2 8 9 11 12 13 1.62019
1 7 0 2 8 9 11 12 14 1.41421
1 7 0 2 8 9 11 13 14 1.41421
1 7 0 2 8 9 12 13 14 1.41421
1 7 0 2 8 10 11 12 13 1
1 7 0 2 8 10 11 12 14 1
1 7 0 2 8 10 11 13 14 1
1 7 0 2 8 10 12 13 14 1.62019
1 7 0 2 8 11 12 13 14 1.41421
1 7 0 2 9 10 11 12 13 1
1 7 0 2 9 10 11 12 14 1
1 7 0 2 9 10 11 13 14 1
1 7 0 2 9 10 12 13 14 1.41421
1 7 0 2 9 11 12 13 14 1.62019
1 7 0 2 10 11 12 13 14 1
1 7 0 3 4 5 6 8 9 1
1 7 0 3 4 5 6 8 10 0
1 7 0 3 4 5 6 8 11 1
1 7 0 3 4 5 6 8 12 1
1 7 0 3 4 5 6 8 13 1
1 7 0 3 4 5 6 8 14 0
1 7 0 3 4 5 6 9 10 0
1 7 0 3 4 5 6 9 11 1.41421
1 7 0 3 4 5 6 9 12 1.41421
1 7 0 3 4 5 6 9 13 1.41421
1 7 0 3 4 5 6 9 14 1
1 7 0 3 4 5 6 10 11 0
1 7 0 3 4 5 6 10 12 0
1 7 0 3 4 5 6 10 13 0
1 7 0 3 4 5 6 10 14 0
1 7 0 3 4 5 6 11 12 1.41421
1 7 0 3 4 5 6 11 13 1.41421
1 7 0 3 4 5 6 11 14 1
1 7 0 3 4 5 6 12 13 1.41421
1 7 0 3 4 5 6 12 14 1
1 7 0 3 4 5 6 13 14 1
1 7 0 3 4 5 8 9 10 1
1 7 0 3 4 5 8 9 11 1
1 7 0 3 4 5 8 9 12 1
1 7 0 3 4 5 8 9 13 1
1 7 0 3 4 5 8 9 14 1
1 7 0 3 4 5 8 10 11 1
1 7 0 3 4 5 8 10 12 1.41421
1 7 0 3 4 5 8 10 13 1.41421
1 7 0 3 4 5 8 10 14 1.41421
1 7 0 3 4 5 8 11 12 1
1 7 0 3 4 5 8 11 13 1
1 7 0 3 4 5 8 11 14 1
1 7 0 3 4 5 8 12 13 1.41421
1 7 0 3 4 5 8 12 14 1.41421
1 7 0 3 4 5 8 13 14 1.41421
1 7 0 3 4 5 9 10 11 0
1 7 0 3 4 5 9 10 12 1
1 7 0 3 4 5 9 10 13 1
1 7 0 3 4 5 9 10 14 1
1 7 0 3 4 5 9 11 12 1.41421
1 7 0 3 4 5 9 11 13 1.41421
1 7 0 3 4 5 9 11 14 1
1 7 0 3 4 5 9 12 13 1.41421
1 7 0 3 4 5 9 12 14 1
1 7 0 3 4 5 9 13 14 1
1 7 0 3 4 5 10 11 12 1
1 7 0 3 4 5 10 11 13 1
1 7 0 3 4 5 10 11 14 1
1 7 0 3 4 5 10 12 13 1.41421
1 7 0 3 4 5 10 12 14 1.41421
1 7 0 3 4 5 10 13 14 1.41421
1 7 0 3 4 5 11 12 13 1.41421
1 7 0 3 4 5 11 12 14 1
1 7 0 3 4 5 11 13 14 1
1 7 0 3 4 5 12 13 14 1.41421
1 7 0 3 4 6 8 9 10 1
1 7 0 3 4 6 8 9 11 1
1 7 0 3 4 6 8 9 12 1
1 7 0 3 4 6 8 9 13 1
1 7 0 3 4 6 8 9 14 1
1 7 0 3 4 6 8 10 11 1
1 7 0 3 4 6 8 10 12 1
1 7 0 3 4 6 8 10 13 1
1 7 0 3 4 6 8 10 14 1
1 7 0 3 4 6 8 11 12 1
1 7 0 3 4 6 8 11 13 1
1 7 0 3 4 6 8 11 14 1
1 7 0 3 4 6 8 12 13 1
1 7 0 3 4 6 8 12 14 1
1 7 0 3 4 6 8 13 14 1
1 7 0 3 4 6 9 10 11 1
1 7 0 3 4 6 9 10 12 1
1 7 0 3 4 6 9 10 13 1
1 7 0 3 4 6 9 10 14 1
1 7 0 3 4 6 9 11 12 1.41421
1 7 0 3 4 6 9 11 13 1.41421
1 7 0 3 4 6 9 11 14 1
1 7 0 3 4 6 9 12 13 1.41421
1 7 0 3 4 6 9 12 14 1
1 7 0 3 4 6 9 13 14 1
1 7 0 3 4 6 10 11 12 1
1 7 0 3 4 6 10 11 13 1
1 7 0 3 4 6 10 11 14 1
1 7 0 3 4 6 10 12 13 1
1 7 0 3 4 6 10 12 14 1
1 7 0 3 4 6 10 13 14 1
1 7 0 3 4 6 11 12 13 1.41421
1 7 0 3 4 6 11 12 14 1
1 7 0 3 4 6 11 13 14 1
1 7 0 3 4 6 12 13 14 1
1 7 0 3 4 8 9 10 11 1
1 7 0 3 4 8 9 10 12 1
1 7 0 3 4 8 9 10 13 1
1 7 0 3 4 8 9 10 14 1
1 7 0 3 4 8 9 11 12 1
1 7 0 3 4 8 9 11 13 1
1 7 0 3 4 8 9 11 14 1
1 7 0 3 4 8 9 12 13 1
1 7 0 3 4 8 9 12 14 1
1 7 0 3 4 8 9 13 14 1
1 7 0 3 4 8 10 11 12 1
1 7 0 3 4 8 10 11 13 1
1 7 0 3 4 8 10 11 14 1
1 7 0 3 4 8 10 12 13 1.41421
1 7 0 3 4 8 10 12 14 1.41421
1 7 0 3 4 8 10 13 14 1.41421
1 7 0 3 4 8 11 12 13 1
1 7 0 3 4 8 11 12 14 1
1 7 0 3 4 8 11 13 14 1
1 7 0 3 4 8 12 13 14 1.41421
1 7 0 3 4 9 10 11 12 1
1 7 0 3 4 9 10 11 13 1
1 7 0 3 4 9 10 11 14 1
1 7 0 3 4 9 10 12 13 1
1 7 0 3 4 9 10 12 14 1
1 7 0 3 4 9 10 13 14 1
1 7 0 3 4 9 11 12 13 1.41421
1 7 0 3 4 9 11 12 14 1
1 7 0 3 4 9 11 13 14 1
1 7 0 3 4 9 12 13 14 1
1 7 0 3 4 10 11 12 13 1
1 7 0 3 4 10 11 12 14 1
1 7 0 3 4 10 11 13 14 1
1 7 0 3 4 10 12 13 14 1.41421
1 7 0 3 4 11 12 13 14 1
1 7 0 3 5 6 8 9 10 0
1 7 0 3 5 6 8 9 11 1.41421
1 7 0 3 5 6 8 9 12 1.41421
1 7 0 3 5 6 8 9 13 1.41421
1 7 0 3 5 6 8 9 14 1
1 7 0 3 5 6 8 10 11 0
1 7 0 3 5 6 8 10 12 0
1 7 0 3 5 6 8 10 13 0
1 7 0 3 5 6 8 10 14 0
1 7 0 3 5 6 8 11 12 1.41421
1 7 0 3 5 6 8 11 13 1.41421
1 7 0 3 5 6 8 11 14 1
1 7 0 3 5 6 8 12 13 1.41421
1 7 0 3 5 6 8 12 14 1
1 7 0 3 5 6 8 13 14 1
1 7 0 3 5 6 9 10 11 0
1 7 0 3 5 6 9 10 12 0
1 7 0 3 5 6 9 10 13 0
1 7 0 3 5 6 9 10 14 0
1 7 0 3 5 6 9 11 12 1.73205
1 7 0 3 5 6 9 11 13 1.73205
1 7 0 3 5 6 9 11 14 1.41421
1 7 0 3 5 6 9 12 13 1.73205
1 7 0 3 5 6 9 12 14 1.41421
1 7 0 3 5 6 9 13 14 1.41421
1 7 0 3 5 6 10 11 12 0
1 7 0 3 5 6 10 11 13 0
1 7 0 3 5 6 10 11 14 0
1 7 0 3 5 6 10 12 13 0
1 7 0 3 5 6 10 12 14 0
1 7 0 3 5 6 10 13 14 0
1 7 0 3 5 6 11 12 13 1.73205
1 7 0 3 5 6 11 12 14 1.41421
1 7 0 3 5 6 11 13 14 1.41421
1 7 0 3 5 6 12 13 14 1.41421
1 7 0 3 5 8 9 10 11 0
1 7 0 3 5 8 9 10 12 1
1 7 0 3 5 8 9 10 13 1
1 7 0 3 5 8 9 10 14 1
1 7 0 3 5 8 9 11 12 1.41421
1 7 0 3 5 8 9 11 13 1.41421
1 7 0 3 5 8 9 11 14 1
1 7 0 3 5 8 9 12 13 1.41421
1 7 0 3 5 8 9 12 14 1
1 7 0 3 5 8 9 13 14 1
1 7 0 3 5 8 10 11 12 1
1 7 0 3 5 8 10 11 13 1
1 7 0 3 5 8 10 11 14 1
1 7 0 3 5 8 10 12 13 1.41421
1 7 0 3 5 8 10 12 14 1.41421
1 7 0 3 5 8 10 13 14 1.41421
1 7 0 3 5 8 11 12 13 1.41421
1 7 0 3 5 8 11 12 14 1
1 7 0 3 5 8 11 13 14 1
1 7 0 3 5 8 12 13 14 1.41421
1 7 0 3 5 9 10 11 12 0
1 7 0 3 5 9 10 11 13 0
1 7 0 3 5 9 10 11 14 0
1 7 0 3 5 9 10 12 13 1
1 7 0 3 5 9 10 12 14 1
1 7 0 3 5 9 10 13 14 1
1 7 0 3 5 9 11 12 13 1.73205
1 7 0 3 5 9 11 12 14 1.41421
1 7 0 3 5 9 11 13 14 1.41421
1 7 0 3 5 9 12 13 14 1.41421
1 7 0 3 5 10 11 12 13 1
1 7 0 3 5 10 11 12 14 1
1 7 0 3 5 10 11 13 14 1
1 7 0 3 5 10 12 13 14 1.41421
1 7 0 3 5 11 12 13 14 1.41421
1 7 0 3 6 8 9 10 11 1.41421
1 7 0 3 6 8 9 10 12 1.41421
1 7 0 3 6 8 9 10 13 1.41421
1 7 0 3 6 8 9 10 14 1.41421
1 7 0 3 6 8 9 11 12 1.73205
1 7 0 3 6 8 9 11 13 1.73205
1 7 0 3 6 8 9 11 14 1.62019
1 7 0 3 6 8 9 12 13 1.73205
1 7 0 3 6 8 9 12 14 1.62019
1 7 0 3 6 8 9 13 14 1.62019
1 7 0 3 6 8 10 11 12 1.41421
1 7 0 3 6 8 10 11 13 1.41421
1 7 0 3 6 8 10 11 14 1.41421
1 7 0 3 6 8 10 12 13 1.41421
1 7 0 3 6 8 10 12 14 1.41421
1 7 0 3 6 8 10 13 14 1.41421
1 7 0 3 6 8 11 12 13 1.73205
1 7 0 3 6 8 11 12 14 1.62019
1 7 0 3 6 8 11 13 14 1.62019
1 7 0 3 6 8 12 13 14 1.62019
1 7 0 3 6 9 10 11 12 1.41421
1 7 0 3 6 9 10 11 13 1.41421
1 7 0 3 6 9 10 11 14 1.41421
1 7 0 3 6 9 10 12 13 1.41421
1 7 0 3 6 9 10 12 14 1.41421
1 7 0 3 6 9 10 13 14 1.41421
1 7 0 3 6 9 11 12 13 1.90693
1 7 0 3 6 9 11 12 14 1.73205
1 7 0 3 6 9 11 13 14 1.73205
1 7 0 3 6 9 12 13 14 1.73205
1 7 0 3 6 10 11 12 13 1.41421
1 7 0 3 6 10 11 12 14 1.41421
1 7 0 3 6 10 11 13 14 1.41421
1 7 0 3 6 10 12 13 14 1.41421
1 7 0 3 6 11 12 13 14 1.73205
1 7 0 3 8 9 10 11 12 1.41421
1 7 0 3 8 9 10 11 13 1.41421
1 7 0 3 8 9 10 11 14 1.41421
1 7 0 3 8 9 10 12 13 1.41421
1 7 0 3 8 9 10 12 14 1.41421
1 7 0 3 8 9 10 13 14 1.41421
1 7 0 3 8 9 11 12 13 1.73205
1 7 0 3 8 9 11 12 14 1.62019
1 7 0 3 8 9 11 13 14 1.62019
1 7 0 3 8 9 12 13 14 1.62019
1 7 0 3 8 10 11 12 13 1.41421
1 7 0 3 8 10 11 12 14 1.41421
1 7 0 3 8 10 11 13 14 1.41421
1 7 0 3 8 10 12 13 14 1.41421
1 7 0 3 8 11 12 13 14 1.62019
1 7 0 3 9 10 11 12 13 1.41421
1 7 0 3 9 10 11 12 14 1.41421
1 7 0 3 9 10 11 13 14 1.41421
1 7 0 3 9 10 12 13 14 1.41421
1 7 0 3 9 11 12 13 14 1.73205
1 7 0 3 10 11 12 13 14 1.41421
1 7 0 4 5 6 8 9 10 1.41421
1 7 0 4 5 6 8 9 11 1
1 7 0 4 5 6 8 9 12 1.41421
1 7 0 4 5 6 8 9 13 1.41421
1 7 0 4 5 6 8 9 14 1.41421
1 7 0 4 5 6 8 10 11 1
1 7 0 4 5 6 8 10 12 1.41421
1 7 0 4 5 6 8 10 13 1.41421
1 7 0 4 5 6 8 10 14 1.41421
1 7 0 4 5 6 8 11 12 1
1 7 0 4 5 6 8 11 13 1
1 7 0 4 5 6 8 11 14 1
1 7 0 4 5 6 8 12 13 1.41421
1 7 0 4 5 6 8 12 14 1.41421
1 7 0 4 5 6 8 13 14 1.41421
1 7 0 4 5 6 9 10 11 1
1 7 0 4 5 6 9 10 12 1.41421
1 7 0 4 5 6 9 10 13 1.41421
1 7 0 4 5 6 9 10 14 1.41421
1 7 0 4 5 6 9 11 12 1.41421
1 7 0 4 5 6 9 11 13 1.41421
1 7 0 4 5 6 9 11 14 1
1 7 0 4 5 6 9 12 13 1.41421
1 7 0 4 5 6 9 12 14 1.41421
1 7 0 4 5 6 9 13 14 1.41421
1 7 0 4 5 6 10 11 12 1
1 7 0 4 5 6 10 11 13 1
1 7 0 4 5 6 10 11 14 1
1 7 0 4 5 6 10 12 13 1.41421
1 7 0 4 5 6 10 12 14 1.41421
1 7 0 4 5 6 10 13 14 1.41421
1 7 0 4 5 6 11 12 13 1.41421
1 7 0 4 5 6 11 12 14 1
1 7 0 4 5 6 11 13 14 1
1 7 0 4 5 6 12 13 14 1.41421
1 7 0 4 5 8 9 10 11 1
1 7 0 4 5 8 9 10 12 1.62019
1 7 0 4 5 8 9 10 13 1.62019
1 7 0 4 5 8 9 10 14 1.62019
1 7 0 4 5 8 9 11 12 1
1 7 0 4 5 8 9 11 13 1
1 7 0 4 5 8 9 11 14 1
1 7 0 4 5 8 9 12 13 1.62019
1 7 0 4 5 8 9 12 14 1.62019
1 7 0 4 5 8 9 13 14 1.62019
1 7 0 4 5 8 10 11 12 1
1 7 0 4 5 8 10 11 13 1
1 7 0 4 5 8 10 11 14 1
1 7 0 4 5 8 10 12 13 1.73205
1 7 0 4 5 8 10 12 14 1.73205
1 7 0 4 5 8 10 13 14 1.73205
1 7 0 4 5 8 11 12 13 1
1 7 0 4 5 8 11 12 14 1
1 7 0 4 5 8 11 13 14 1
1 7 0 4 5 8 12 13 14 1.73205
1 7 0 4 5 9 10 11 12 1
1 7 0 4 5 9 10 11 13 1
1 7 0 4 5 9 10 11 14 1
1 7 0 4 5 9 10 12 13 1.62019
1 7 0 4 5 9 10 12 14 1.62019
1 7 0 4 5 9 10 13 14 1.62019
1 7 0 4 5 9 11 12 13 1.41421
1 7 0 4 5 9 11 12 14 1
1 7 0 4 5 9 11 13 14 1
1 7 0 4 5 9 12 13 14 1.62019
1 7 0 4 5 10 11 12 13 1
1 7 0 4 5 10 11 12 14 1
1 7 0 4 5 10 11 13 14 1
1 7 0 4 5 10 12 13 14 1.73205
1 7 0 4 5 11 12 13 14 1
1 7 0 4 6 8 9 10 11 1.41421
1 7 0 4 6 8 9 10 12 1.62019
1 7 0 4 6 8 9 10 13 1.62019
1 7 0 4 6 8 9 10 14 1.62019
1 7 0 4 6 8 9 11 12 1.41421
1 7 0 4 6 8 9 11 13 1.41421
1 7 0 4 6 8 9 11 14 1.41421
1 7 0 4 6 8 9 12 13 1.62019
1 7 0 4 6 8 9 12 14 1.62019
1 7 0 4 6 8 9 13 14 1.62019
1 7 0 4 6 8 10 11 12 1.41421
1 7 0 4 6 8 10 11 13 1.41421
1 7 0 4 6 8 10 11 14 1.41421
1 7 0 4 6 8 10 12 13 1.62019
1 7 0 4 6 8 10 12 14 1.62019
1 7 0 4 6 8 10 13 14 1.62019
1 7 0 4 6 8 11 12 13 1.41421
1 7 0 4 6 8 11 12 14 1.41421
1 7 0 4 6 8 11 13 14 1.41421
1 7 0 4 6 8 12 13 14 1.62019
1 7 0 4 6 9 10 11 12 1.41421
1 7 0 4 6 9 10 11 13 1.41421
1 7 0 4 6 9 10 11 14 1.41421
1 7 0 4 6 9 10 12 13 1.62019
1 7 0 4 6 9 10 12 14 1.62019
1 7 0 4 6 9 10 13 14 1.62019
1 7 0 4 6 9 11 12 13 1.41421
1 7 0 4 6 9 11 12 14 1.41421
1 7 0 4 6 9 11 13 14 1.41421
1 7 0 4 6 9 12 13 14 1.62019
1 7 0 4 6 10 11 12 13 1.41421
1 7 0 4 6 10 11 12 14 1.41421
1 7 0 4 6 10 11 13 14 1.41421
1 7 0 4 6 10 12 13 14 1.62019
1 7 0 4 6 11 12 13 14 1.41421
1 7 0 4 8 9 10 11 12 1.41421
1 7 0 4 8 9 10 11 13 1.41421
1 7 0 4 8 9 10 11 14 1.41421
1 7 0 4 8 9 10 12 13 1.73205
1 7 0 4 8 9 10 12 14 1.73205
1 7 0 4 8 9 10 13 14 1.73205
1 7 0 4 8 9 11 12 13 1.41421
1 7 0 4 8 9 11 12 14 1.41421
1 7 0 4 8 9 11 13 14 1.41421
1 7 0 4 8 9 12 13 14 1.73205
1 7 0 4 8 10 11 12 13 1.41421
1 7 0 4 8 10 11 12 14 1.41421
1 7 0 4 8 10 11 13 14 1.41421
1 7 0 4 8 10 12 13 14 1.81265
1 7 0 4 8 11 12 13 14 1.41421
1 7 0 4 9 10 11 12 13 1.41421
1 7 0 4 9 10 11 12 14 1.41421
1 7 0 4 9 10 11 13 14 1.41421
1 7 0 4 9 10 12 13 14 1.73205
1 7 0 4 9 11 12 13 14 1.41421
1 7 0 4 10 11 12 13 14 1.41421
1 7 0 5 6 8 9 10 11 1
1 7 0 5 6 8 9 10 12 1.41421
1 7 0 5 6 8 9 10 13 1.41421
1 7 0 5 6 8 9 10 14 1.41421
1 7 0 5 6 8 9 11 12 1.41421
1 7 0 5 6 8 9 11 13 1.41421
1 7 0 5 6 8 9 11 14 1
1 7 0 5 6 8 9 12 13 1.41421
1 7 0 5 6 8 9 12 14 1.41421
1 7 0 5 6 8 9 13 14 1.41421
1 7 0 5 6 8 10 11 12 1
1 7 0 5 6 8 10 11 13 1
1 7 0 5 6 8 10 11 14 1
1 7 0 5 6 8 10 12 13 1.41421
1 7 0 5 6 8 10 12 14 1.41421
1 7 0 5 6 8 10 13 14 1.41421
1 7 0 5 6 8 11 12 13 1.41421
1 7 0 5 6 8 11 12 14 1
1 7 0 5 6 8 11 13 14 1
1 7 0 5 6 8 12 13 14 1.41421
1 7 0 5 6 9 10 11 12 1
1 7 0 5 6 9 10 11 13 1
1 7 0 5 6 9 10 11 14 1
1 7 0 5 6 9 10 12 13 1.41421
1 7 0 5 6 9 10 12 14 1.41421
1 7 0 5 6 9 10 13 14 1.41421
1 7 0 5 6 9 11 12 13 1.73205
1 7 0 5 6 9 11 12 14 1.41421
1 7 0 5 6 9 11 13 14 1.41421
1 7 0 5 6 9 12 13 14 1.41421
1 7 0 5 6 10 11 12 13 1
1 7 0 5 6 10 11 12 14 1
1 7 0 5 6 10 11 13 14 1
1 7 0 5 6 10 12 13 14 1.41421
1 7 0 5 6 11 12 13 14 1.41421
1 7 0 5 8 9 10 11 12 1
1 7 0 5 8 9 10 11 13 1
1 7 0 5 8 9 10 11 14 1
1 7 0 5 8 9 10 12 13 1.62019
1 7 0 5 8 9 10 12 14 1.62019
1 7 0 5 8 9 10 13 14 1.62019
1 7 0 5 8 9 11 12 13 1.41421
1 7 0 5 8 9 11 12 14 1
1 7 0 5 8 9 11 13 14 1
1 7 0 5 8 9 12 13 14 1.62019
1 7 0 5 8 10 11 12 13 1
1 7 0 5 8 10 11 12 14 1
1 7 0 5 8 10 11 13 14 1
1 7 0 5 8 10 12 13 14 1.73205
1 7 0 5 8 11 12 13 14 1
1 7 0 5 9 10 11 12 13 1
1 7 0 5 9 10 11 12 14 1
1 7 0 5 9 10 11 13 14 1
1 7 0 5 9 10 12 13 14 1.62019
1 7 0 5 9 11 12 13 14 1.41421
1 7 0 5 10 11 12 13 14 1
1 7 0 6 8 9 10 11 12 1.62019
1 7 0 6 8 9 10 11 13 1.62019
1 7 0 6 8 9 10 11 14 1.62019
1 7 0 6 8 9 10 12 13 1.73205
1 7 0 6 8 9 10 12 14 1.73205
1 7 0 6 8 9 10 13 14 1.73205
1 7 0 6 8 9 11 12 13 1.81265
1 7 0 6 8 9 11 12 14 1.73205
1 7 0 6 8 9 11 13 14 1.73205
1 7 0 6 8 9 12 13 14 1.81265
1 7 0 6 8 10 11 12 13 1.62019
1 7 0 6 8 10 11 12 14 1.62019
1 7 0 6 8 10 11 13 14 1.62019
1 7 0 6 8 10 12 13 14 1.73205
1 7 0 6 8 11 12 13 14 1.73205
1 7 0 6 9 10 11 12 13 1.62019
1 7 0 6 9 10 11 12 14 1.62019
1 7 0 6 9 10 11 13 14 1.62019
1 7 0 6 9 10 12 13 14 1.73205
1 7 0 6 9 11 12 13 14 1.81265
1 7 0 6 10 11 12 13 14 1.62019
1 7 0 8 9 10 11 12 13 1.62019
1 7 0 8 9 10 11 12 14 1.62019
1 7 0 8 9 10 11 13 14 1.62019
1 7 0 8 9 10 12 13 14 1.81265
1 7 0 8 9 11 12 13 14 1.73205
1 7 0 8 10 11 12 13 14 1.62019
1 7 0 9 10 11 12 13 14 1.62019
1 7 2 3 4 5 6 8 9 1
1 7 2 3 4 5 6 8 10 1
1 7 2 3 4 5 6 8 11 1
1 7 2 3 4 5 6 8 12 1
1 7 2 3 4 5 6 8 13 1
1 7 2 3 4 5 6 8 14 1
1 7 2 3 4 5 6 9 10 1
1 7 2 3 4 5 6 9 11 1.41421
1 7 2 3 4 5 6 9 12 1.41421
1 7 2 3 4 5 6 9 13 1.41421
1 7 2 3 4 5 6 9 14 1
1 7 2 3 4 5 6 10 11 1
1 7 2 3 4 5 6 10 12 1
1 7 2 3 4 5 6 10 13 0
1 7 2 3 4 5 6 10 14 1
1 7 2 3 4 5 6 11 12 1.41421
1 7 2 3 4 5 6 11 13 1.41421
1 7 2 3 4 5 6 11 14 1
1 7 2 3 4 5 6 12 13 1.41421
1 7 2 3 4 5 6 12 14 1
1 7 2 3 4 5 6 13 14 1
1 7 2 3 4 5 8 9 10 1
1 7 2 3 4 5 8 9 11 1
1 7 2 3 4 5 8 9 12 1
1 7 2 3 4 5 8 9 13 1
1 7 2 3 4 5 8 9 14 1
1 7 2 3 4 5 8 10 11 1
1 7 2 3 4 5 8 10 12 1.41421
1 7 2 3 4 5 8 10 13 1.41421
1 7 2 3 4 5 8 10 14 1.41421
1 7 2 3 4 5 8 11 12 1
1 7 2 3 4 5 8 11 13 1
1 7 2 3 4 5 8 11 14 1
1 7 2 3 4 5 8 12 13 1.41421
1 7 2 3 4 5 8 12 14 1.41421
1 7 2 3 4 5 8 13 14 1.41421
1 7 2 3 4 5 9 10 11 1
1 7 2 3 4 5 9 10 12 1
1 7 2 3 4 5 9 10 13 1
1 7 2 3 4 5 9 10 14 1
1 7 2 3 4 5 9 11 12 1.41421
1 7 2 3 4 5 9 11 13 1.41421
1 7 2 3 4 5 9 11 14 1
1 7 2 3 4 5 9 12 13 1.41421
1 7 2 3 4 5 9 12 14 1
1 7 2 3 4 5 9 13 14 1
1 7 2 3 4 5 10 11 12 1
1 7 2 3 4 5 10 11 13 1
1 7 2 3 4 5 10 11 14 1
1 7 2 3 4 5 10 12 13 1.41421
1 7 2 3 4 5 10 12 14 1.41421
1 7 2 3 4 5 10 13 14 1.41421
1 7 2 3 4 5 11 12 13 1.41421
1 7 2 3 4 5 11 12 14 1
1 7 2 3 4 5 11 13 14 1
1 7 2 3 4 5 12 13 14 1.41421
1 7 2 3 4 6 8 9 10 1
1 7 2 3 4 6 8 9 11 1
1 7 2 3 4 6 8 9 12 1
1 7 2 3 4 6 8 9 13 1
1 7 2 3 4 6 8 9 14 1
1 7 2 3 4 6 8 10 11 1
1 7 2 3 4 6 8 10 12 1
1 7 2 3 4 6 8 10 13 0
1 7 2 3 4 6 8 10 14 1
1 7 2 3 4 6 8 11 12 1
1 7 2 3 4 6 8 11 13 1
1 7 2 3 4 6 8 11 14 1
1 7 2 3 4 6 8 12 13 1
1 7 2 3 4 6 8 12 14 1
1 7 2 3 4 6 8 13 14 0
1 7 2 3 4 6 9 10 11 1
1 7 2 3 4 6 9 10 12 1
1 7 2 3 4 6 9 10 13 0
1 7 2 3 4 6 9 10 14 1
1 7 2 3 4 6 9 11 12 1.41421
1 7 2 3 4 6 9 11 13 1.41421
1 7 2 3 4 6 9 11 14 1
1 7 2 3 4 6 9 12 13 1.41421
1 7 2 3 4 6 9 12 14 1
1 7 2 3 4 6 9 13 14 1
1 7 2 3 4 6 10 11 12 1
1 7 2 3 4 6 10 11 13 0
1 7 2 3 4 6 10 11 14 1
1 7 2 3 4 6 10 12 13 0
1 7 2 3 4 6 10 12 14 1
1 7 2 3 4 6 10 13 14 0
1 7 2 3 4 6 11 12 13 1.41421
1 7 2 3 4 6 11 12 14 1
1 7 2 3 4 6 11 13 14 1
1 7 2 3 4 6 12 13 14 1
1 7 2 3 4 8 9 10 11 1
1 7 2 3 4 8 9 10 12 1
1 7 2 3 4 8 9 10 13 1
1 7 2 3 4 8 9 10 14 1
1 7 2 3 4 8 9 11 12 1
1 7 2 3 4 8 9 11 13 1
1 7 2 3 4 8 9 11 14 1
1 7 2 3 4 8 9 12 13 1
1 7 2 3 4 8 9 12 14 1
1 7 2 3 4 8 9 13 14 1
1 7 2 3 4 8 10 11 12 1
1 7 2 3 4 8 10 11 13 1
1 7 2 3 4 8 10 11 14 1
1 7 2 3 4 8 10 12 13 1.41421
1 7 2 3 4 8 10 12 14 1.41421
1 7 2 3 4 8 10 13 14 1.41421
1 7 2 3 4 8 11 12 13 1
1 7 2 3 4 8 11 12 14 1
1 7 2 3 4 8 11 13 14 1
1 7 2 3 4 8 12 13 14 1.41421
1 7 2 3 4 9 10 11 12 1
1 7 2 3 4 9 10 11 13 0
1 7 2 3 4 9 10 11 14 1
1 7 2 3 4 9 10 12 13 1
1 7 2 3 4 9 10 12 14 1
1 7 2 3 4 9 10 13 14 1
1 7 2 3 4 9 11 12 13 1.41421
1 7 2 3 4 9 11 12 14 1
1 7 2 3 4 9 11 13 14 1
1 7 2 3 4 9 12 13 14 1
1 7 2 3 4 10 11 12 13 1
1 7 2 3 4 10 11 12 14 1
1 7 2 3 4 10 11 13 14 1
1 7 2 3 4 10 12 13 14 1.41421
1 7 2 3 4 11 12 13 14 1
1 7 2 3 5 6 8 9 10 1
1 7 2 3 5 6 8 9 11 1.41421
1 7 2 3 5 6 8 9 12 1.41421
1 7 2 3 5 6 8 9 13 1.41421
1 7 2 3 5 6 8 9 14 1
1 7 2 3 5 6 8 10 11 1
1 7 2 3 5 6 8 10 12 1
1 7 2 3 5 6 8 10 13 0
1 7 2 3 5 6 8 10 14 1
1 7 2 3 5 6 8 11 12 1.41421
1 7 2 3 5 6 8 11 13 1.41421
1 7 2 3 5 6 8 11 14 1
1 7 2 3 5 6 8 12 13 1.41421
1 7 2 3 5 6 8 12 14 1
1 7 2 3 5 6 8 13 14 1
1 7 2 3 5 6 9 10 11 1
1 7 2 3 5 6 9 10 12 1
1 7 2 3 5 6 9 10 13 0
1 7 2 3 5 6 9 10 14 1
1 7 2 3 5 6 9 11 12 1.73205
1 7 2 3 5 6 9 11 13 1.73205
1 7 2 3 5 6 9 11 14 1.41421
1 7 2 3 5 6 9 12 13 1.73205
1 7 2 3 5 6 9 12 14 1.41421
1 7 2 3 5 6 9 13 14 1.41421
1 7 2 3 5 6 10 11 12 1
1 7 2 3 5 6 10 11 13 0
1 7 2 3 5 6 10 11 14 1
1 7 2 3 5 6 10 12 13 0
1 7 2 3 5 6 10 12 14 1
1 7 2 3 5 6 10 13 14 0
1 7 2 3 5 6 11 12 13 1.73205
1 7 2 3 5 6 11 12 14 1.41421
1 7 2 3 5 6 11 13 14 1.41421
1 7 2 3 5 6 12 13 14 1.41421
1 7 2 3 5 8 9 10 11 1
1 7 2 3 5 8 9 10 12 1
1 7 2 3 5 8 9 10 13 1
1 7 2 3 5 8 9 10 14 1
1 7 2 3 5 8 9 11 12 1.41421
1 7 2 3 5 8 9 11 13 1.41421
1 7 2 3 5 8 9 11 14 1
1 7 2 3 5 8 9 12 13 1.41421
1 7 2 3 5 8 9 12 14 1
1 7 2 3 5 8 9 13 14 1
1 7 2 3 5 8 10 11 12 1
1 7 2 3 5 8 10 11 13 1
1 7 2 3 5 8 10 11 14 1
1 7 2 3 5 8 10 12 13 1.41421
1 7 2 3 5 8 10 12 14 1.41421
1 7 2 3 5 8 10 13 14 1.41421
1 7 2 3 5 8 11 12 13 1.41421
1 7 2 3 5 8 11 12 14 1
1 7 2 3 5 8 11 13 14 1
1 7 2 3 5 8 12 13 14 1.41421
1 7 2 3 5 9 10 11 12 1
1 7 2 3 5 9 10 11 13 0
1 7 2 3 5 9 10 11 14 1
1 7 2 3 5 9 10 12 13 1
1 7 2 3 5 9 10 12 14 1
1 7 2 3 5 9 10 13 14 1
1 7 2 3 5 9 11 12 13 1.73205
1 7 2 3 5 9 11 12 14 1.41421
1 7 2 3 5 9 11 13 14 1.41421
1 7 2 3 5 9 12 13 14 1.41421
1 7 2 3 5 10 11 12 13 1
1 7 2 3 5 10 11 12 14 1
1 7 2 3 5 10 11 13 14 1
1 7 2 3 5 10 12 13 14 1.41421
1 7 2 3 5 11 12 13 14 1.41421
1 7 2 3 6 8 9 10 11 1
1 7 2 3 6 8 9 10 12 1
1 7 2 3 6 8 9 10 13 1
1 7 2 3 6 8 9 10 14 1
1 7 2 3 6 8 9 11 12 1.62019
1 7 2 3 6 8 9 11 13 1.62019
1 7 2 3 6 8 9 11 14 1.41421
1 7 2 3 6 8 9 12 13 1.62019
1 7 2 3 6 8 9 12 14 1.41421
1 7 2 3 6 8 9 13 14 1.41421
1 7 2 3 6 8 10 11 12 1
1 7 2 3 6 8 10 11 13 1
1 7 2 3 6 8 10 11 14 1
1 7 2 3 6 8 10 12 13 1
1 7 2 3 6 8 10 12 14 1
1 7 2 3 6 8 10 13 14 1
1 7 2 3 6 8 11 12 13 1.62019
1 7 2 3 6 8 11 12 14 1.41421
1 7 2 3 6 8 11 13 14 1.41421
1 7 2 3 6 8 12 13 14 1.41421
1 7 2 3 6 9 10 11 12 1
1 7 2 3 6 9 10 11 13 1
1 7 2 3 6 9 10 11 14 1
1 7 2 3 6 9 10 12 13 1
1 7 2 3 6 9 10 12 14 1
1 7 2 3 6 9 10 13 14 1
1 7 2 3 6 9 11 12 13 1.85164
1 7 2 3 6 9 11 12 14 1.62019
1 7 2 3 6 9 11 13 14 1.62019
1 7 2 3 6 9 12 13 14 1.62019
1 7 2 3 6 10 11 12 13 1
1 7 2 3 6 10 11 12 14 1
1 7 2 3 6 10 11 13 14 1
1 7 2 3 6 10 12 13 14 1
1 7 2 3 6 11 12 13 14 1.62019
1 7 2 3 8 9 10 11 12 1
1 7 2 3 8 9 10 11 13 1
1 7 2 3 8 9 10 11 14 1
1 7 2 3 8 9 10 12 13 1
1 7 2 3 8 9 10 12 14 1
1 7 2 3 8 9 10 13 14 1
1 7 2 3 8 9 11 12 13 1.62019
1 7 2 3 8 9 11 12 14 1.41421
1 7 2 3 8 9 11 13 14 1.41421
1 7 2 3 8 9 12 13 14 1.41421
1 7 2 3 8 10 11 12 13 1
1 7 2 3 8 10 11 12 14 1
1 7 2 3 8 10 11 13 14 1
1 7 2 3 8 10 12 13 14 1.41421
1 7 2 3 8 11 12 13 14 1.41421
1 7 2 3 9 10 11 12 13 1
1 7 2 3 9 10 11 12 14 1
1 7 2 3 9 10 11 13 14 1
1 7 2 3 9 10 12 13 14 1
1 7 2 3 9 11 12 13 14 1.62019
1 7 2 3 10 11 12 13 14 1
1 7 2 4 5 6 8 9 10 1
1 7 2 4 5 6 8 9 11 1
1 7 2 4 5 6 8 9 12 1
1 7 2 4 5 6 8 9 13 1
1 7 2 4 5 6 8 9 14 1
1 7 2 4 5 6 8 10 11 1
1 7 2 4 5 6 8 10 12 1
1 7 2 4 5 6 8 10 13 1
1 7 2 4 5 6 8 10 14 1
1 7 2 4 5 6 8 11 12 1
1 7 2 4 5 6 8 11 13 1
1 7 2 4 5 6 8 11 14 1
1 7 2 4 5 6 8 12 13 1
1 7 2 4 5 6 8 12 14 1
1 7 2 4 5 6 8 13 14 1
1 7 2 4 5 6 9 10 11 1
1 7 2 4 5 6 9 10 12 1
1 7 2 4 5 6 9 10 13 1
1 7 2 4 5 6 9 10 14 1
1 7 2 4 5 6 9 11 12 1.41421
1 7 2 4 5 6 9 11 13 1.41421
1 7 2 4 5 6 9 11 14 1
1 7 2 4 5 6 9 12 13 1.41421
1 7 2 4 5 6 9 12 14 1
1 7 2 4 5 6 9 13 14 1
1 7 2 4 5 6 10 11 12 1
1 7 2 4 5 6 10 11 13 0
1 7 2 4 5 6 10 11 14 1
1 7 2 4 5 6 10 12 13 1
1 7 2 4 5 6 10 12 14 1
1 7 2 4 5 6 10 13 14 1
1 7 2 4 5 6 11 12 13 1.41421
1 7 2 4 5 6 11 12 14 1
1 7 2 4 5 6 11 13 14 1
1 7 2 4 5 6 12 13 14 1
1 7 2 4 5 8 9 10 11 1
1 7 2 4 5 8 9 10 12 1.41421
1 7 2 4 5 8 9 10 13 1.41421
1 7 2 4 5 8 9 10 14 1.41421
1 7 2 4 5 8 9 11 12 1
1 7 2 4 5 8 9 11 13 1
1 7 2 4 5 8 9 11 14 1
1 7 2 4 5 8 9 12 13 1.41421
1 7 2 4 5 8 9 12 14 1.41421
1 7 2 4 5 8 9 13 14 1.41421
1 7 2 4 5 8 10 11 12 1
1 7 2 4 5 8 10 11 13 1
1 7 2 4 5 8 10 11 14 1
1 7 2 4 5 8 10 12 13 1.62019
1 7 2 4 5 8 10 12 14 1.62019
1 7 2 4 5 8 10 13 14 1.62019
1 7 2 4 5 8 11 12 13 1
1 7 2 4 5 8 11 12 14 1
1 7 2 4 5 8 11 13 14 1
1 7 2 4 5 8 12 13 14 1.62019
1 7 2 4 5 9 10 11 12 1
1 7 2 4 5 9 10 11 13 0
1 7 2 4 5 9 10 11 14 1
1 7 2 4 5 9 10 12 13 1.41421
1 7 2 4 5 9 10 12 14 1.41421
1 7 2 4 5 9 10 13 14 1.41421
1 7 2 4 5 9 11 12 13 1.41421
1 7 2 4 5 9 11 12 14 1
1 7 2 4 5 9 11 13 14 1
1 7 2 4 5 9 12 13 14 1.41421
1 7 2 4 5 10 11 12 13 1
1 7 2 4 5 10 11 12 14 1
1 7 2 4 5 10 11 13 14 1
1 7 2 4 5 10 12 13 14 1.62019
1 7 2 4 5 11 12 13 14 1
1 7 2 4 6 8 9 10 11 1
1 7 2 4 6 8 9 10 12 1
1 7 2 4 6 8 9 10 13 1
1 7 2 4 6 8 9 10 14 1
1 7 2 4 6 8 9 11 12 1
1 7 2 4 6 8 9 11 13 1
1 7 2 4 6 8 9 11 14 1
1 7 2 4 6 8 9 12 13 1
1 7 2 4 6 8 9 12 14 1
1 7 2 4 6 8 9 13 14 1
1 7 2 4 6 8 10 11 12 1
1 7 2 4 6 8 10 11 13 0
1 7 2 4 6 8 10 11 14 1
1 7 2 4 6 8 10 12 13 1
1 7 2 4 6 8 10 12 14 1
1 7 2 4 6 8 10 13 14 1
1 7 2 4 6 8 11 12 13 1
1 7 2 4 6 8 11 12 14 1
1 7 2 4 6 8 11 13 14 0
1 7 2 4 6 8 12 13 14 1
1 7 2 4 6 9 10 11 12 1
1 7 2 4 6 9 10 11 13 0
1 7 2 4 6 9 10 11 14 1
1 7 2 4 6 9 10 12 13 1
1 7 2 4 6 9 10 12 14 1
1 7 2 4 6 9 10 13 14 1
1 7 2 4 6 9 11 12 13 1.41421
1 7 2 4 6 9 11 12 14 1
1 7 2 4 6 9 11 13 14 1
1 7 2 4 6 9 12 13 14 1
1 7 2 4 6 10 11 12 13 0
1 7 2 4 6 10 11 12 14 1
1 7 2 4 6 10 11 13 14 0
1 7 2 4 6 10 12 13 14 1
1 7 2 4 6 11 12 13 14 1
1 7 2 4 8 9 10 11 12 1
1 7 2 4 8 9 10 11 13 0
1 7 2 4 8 9 10 11 14 1
1 7 2 4 8 9 10 12 13 1.41421
1 7 2 4 8 9 10 12 14 1.41421
1 7 2 4 8 9 10 13 14 1.41421
1 7 2 4 8 9 11 12 13 1
1 7 2 4 8 9 11 12 14 1
1 7 2 4 8 9 11 13 14 0
1 7 2 4 8 9 12 13 14 1.41421
1 7 2 4 8 10 11 12 13 1
1 7 2 4 8 10 11 12 14 1
1 7 2 4 8 10 11 13 14 1
1 7 2 4 8 10 12 13 14 1.62019
1 7 2 4 8 11 12 13 14 1
1 7 2 4 9 10 11 12 13 0
1 7 2 4 9 10 11 12 14 1
1 7 2 4 9 10 11 13 14 0
1 7 2 4 9 10 12 13 14 1.41421
1 7 2 4 9 11 12 13 14 1
1 7 2 4 10 11 12 13 14 1
1 7 2 5 6 8 9 10 11 1
1 7 2 5 6 8 9 10 12 1
1 7 2 5 6 8 9 10 13 1
1 7 2 5 6 8 9 10 14 1
1 7 2 5 6 8 9 11 12 1.41421
1 7 2 5 6 8 9 11 13 1.41421
1 7 2 5 6 8 9 11 14 1
1 7 2 5 6 8 9 12 13 1.41421
1 7 2 5 6 8 9 12 14 1
1 7 2 5 6 8 9 13 14 1
1 7 2 5 6 8 10 11 12 1
1 7 2 5 6 8 10 11 13 0
1 7 2 5 6 8 10 11 14 1
1 7 2 5 6 8 10 12 13 1
1 7 2 5 6 8 10 12 14 1
1 7 2 5 6 8 10 13 14 1
1 7 2 5 6 8 11 12 13 1.41421
1 7 2 5 6 8 11 12 14 1
1 7 2 5 6 8 11 13 14 1
1 7 2 5 6 8 12 13 14 1
1 7 2 5 6 9 10 11 12 1
1 7 2 5 6 9 10 11 13 0
1 7 2 5 6 9 10 11 14 1
1 7 2 5 6 9 10 12 13 1
1 7 2 5 6 9 10 12 14 1
1 7 2 5 6 9 10 13 14 1
1 7 2 5 6 9 11 12 13 1.73205
1 7 2 5 6 9 11 12 14 1.41421
1 7 2 5 6 9 11 13 14 1.41421
1 7 2 5 6 9 12 13 14 1.41421
1 7 2 5 6 10 11 12 13 0
1 7 2 5 6 10 11 12 14 1
1 7 2 5 6 10 11 13 14 0
1 7 2 5 6 10 12 13 14 1
1 7 2 5 6 11 12 13 14 1.41421
1 7 2 5 8 9 10 11 12 1
1 7 2 5 8 9 10 11 13 0
1 7 2 5 8 9 10 11 14 1
1 7 2 5 8 9 10 12 13 1.41421
1 7 2 5 8 9 10 12 14 1.41421
1 7 2 5 8 9 10 13 14 1.41421
1 7 2 5 8 9 11 12 13 1.41421
1 7 2 5 8 9 11 12 14 1
1 7 2 5 8 9 11 13 14 1
1 7 2 5 8 9 12 13 14 1.41421
1 7 2 5 8 10 11 12 13 1
1 7 2 5 8 10 11 12 14 1
1 7 2 5 8 10 11 13 14 1
1 7 2 5 8 10 12 13 14 1.62019
1 7 2 5 8 11 12 13 14 1
1 7 2 5 9 10 11 12 13 0
1 7 2 5 9 10 11 12 14 1
1 7 2 5 9 10 11 13 14 0
1 7 2 5 9 10 12 13 14 1.41421
1 7 2 5 9 11 12 13 14 1.41421
1 7 2 5 10 11 12 13 14 1
1 7 2 6 8 9 10 11 12 1
1 7 2 6 8 9 10 11 13 1
1 7 2 6 8 9 10 11 14 1
1 7 2 6 8 9 10 12 13 1
1 7 2 6 8 9 10 12 14 1
1 7 2 6 8 9 10 13 14 1
1 7 2 6 8 9 11 12 13 1.62019
1 7 2 6 8 9 11 12 14 1.41421
1 7 2 6 8 9 11 13 14 1.41421
1 7 2 6 8 9 12 13 14 1.41421
1 7 2 6 8 10 11 12 13 1
1 7 2 6 8 10 11 12 14 1
1 7 2 6 8 10 11 13 14 1
1 7 2 6 8 10 12 13 14 1
1 7 2 6 8 11 12 13 14 1.41421
1 7 2 6 9 10 11 12 13 1
1 7 2 6 9 10 11 12 14 1
1 7 2 6 9 10 11 13 14 1
1 7 2 6 9 10 12 13 14 1
1 7 2 6 9 11 12 13 14 1.62019
1 7 2 6 10 11 12 13 14 1
1 7 2 8 9 10 11 12 13 1
1 7 2 8 9 10 11 12 14 1
1 7 2 8 9 10 11 13 14 1
1 7 2 8 9 10 12 13 14 1.41421
1 7 2 8 9 11 12 13 14 1.41421
1 7 2 8 10 11 12 13 14 1
1 7 2 9 10 11 12 13 14 1
1 7 3 4 5 6 8 9 10 1
1 7 3 4 5 6 8 9 11 1
1 7 3 4 5 6 8 9 12 1
1 7 3 4 5 6 8 9 13 1
1 7 3 4 5 6 8 9 14 1
1 7 3 4 5 6 8 10 11 1
1 7 3 4 5 6 8 10 12 1
1 7 3 4 5 6 8 10 13 0
1 7 3 4 5 6 8 10 14 1
1 7 3 4 5 6 8 11 12 1
1 7 3 4 5 6 8 11 13 1
1 7 3 4 5 6 8 11 14 1
1 7 3 4 5 6 8 12 13 1
1 7 3 4 5 6 8 12 14 1
1 7 3 4 5 6 8 13 14 0
1 7 3 4 5 6 9 10 11 1
1 7 3 4 5 6 9 10 12 1
1 7 3 4 5 6 9 10 13 0
1 7 3 4 5 6 9 10 14 1
1 7 3 4 5 6 9 11 12 1.41421
1 7 3 4 5 6 9 11 13 1.41421
1 7 3 4 5 6 9 11 14 1
1 7 3 4 5 6 9 12 13 1.41421
1 7 3 4 5 6 9 12 14 1
1 7 3 4 5 6 9 13 14 1
1 7 3 4 5 6 10 11 12 1
1 7 3 4 5 6 10 11 13 0
1 7 3 4 5 6 10 11 14 1
1 7 3 4 5 6 10 12 13 0
1 7 3 4 5 6 10 12 14 1
1 7 3 4 5 6 10 13 14 0
1 7 3 4 5 6 11 12 13 1.41421
1 7 3 4 5 6 11 12 14 1
1 7 3 4 5 6 11 13 14 1
1 7 3 4 5 6 12 13 14 1
1 7 3 4 5 8 9 10 11 1
1 7 3 4 5 8 9 10 12 1
1 7 3 4 5 8 9 10 13 1
1 7 3 4 5 8 9 10 14 1
1 7 3 4 5 8 9 11 12 1
1 7 3 4 5 8 9 11 13 1
1 7 3 4 5 8 9 11 14 1
1 7 3 4 5 8 9 12 13 1
1 7 3 4 5 8 9 12 14 1
1 7 3 4 5 8 9 13 14 1
1 7 3 4 5 8 10 11 12 1
1 7 3 4 5 8 10 11 13 1
1 7 3 4 5 8 10 11 14 1
1 7 3 4 5 8 10 12 13 1.41421
1 7 3 4 5 8 10 12 14 1.41421
1 7 3 4 5 8 10 13 14 1.41421
1 7 3 4 5 8 11 12 13 1
1 7 3 4 5 8 11 12 14 1
1 7 3 4 5 8 11 13 14 1
1 7 3 4 5 8 12 13 14 1.41421
1 7 3 4 5 9 10 11 12 1
1 7 3 4 5 9 10 11 13 0
1 7 3 4 5 9 10 11 14 1
1 7 3 4 5 9 10 12 13 1
1 7 3 4 5 9 10 12 14 1
1 7 3 4 5 9 10 13 14 1
1 7 3 4 5 9 11 12 13 1.41421
1 7 3 4 5 9 11 12 14 1
1 7 3 4 5 9 11 13 14 1
1 7 3 4 5 9 12 13 14 1
1 7 3 4 5 10 11 12 13 1
1 7 3 4 5 10 11 12 14 1
1 7 3 4 5 10 11 13 14 1
1 7 3 4 5 10 12 13 14 1.41421
1 7 3 4 5 11 12 13 14 1
1 7 3 4 6 8 9 10 11 1
1 7 3 4 6 8 9 10 12 1
1 7 3 4 6 8 9 10 13 1
1 7 3 4 6 8 9 10 14 1
1 7 3 4 6 8 9 11 12 1
1 7 3 4 6 8 9 11 13 1
1 7 3 4 6 8 9 11 14 1
1 7 3 4 6 8 9 12 13 1
1 7 3 4 6 8 9 12 14 1
1 7 3 4 6 8 9 13 14 1
1 7 3 4 6 8 10 11 12 1
1 7 3 4 6 8 10 11 13 1
1 7 3 4 6 8 10 11 14 1
1 7 3 4 6 8 10 12 13 1
1 7 3 4 6 8 10 12 14 1
1 7 3 4 6 8 10 13 14 1
1 7 3 4 6 8 11 12 13 1
1 7 3 4 6 8 11 12 14 1
1 7 3 4 6 8 11 13 14 1
1 7 3 4 6 8 12 13 14 1
1 7 3 4 6 9 10 11 12 1
1 7 3 4 6 9 10 11 13 1
1 7 3 4 6 9 10 11 14 1
1 7 3 4 6 9 10 12 13 1
1 7 3 4 6 9 10 12 14 1
1 7 3 4 6 9 10 13 14 1
1 7 3 4 6 9 11 12 13 1.41421
1 7 3 4 6 9 11 12 14 1
1 7 3 4 6 9 11 13 14 1
1 7 3 4 6 9 12 13 14 1
1 7 3 4 6 10 11 12 13 1
1 7 3 4 6 10 11 12 14 1
1 7 3 4 6 10 11 13 14 1
1 7 3 4 6 10 12 13 14 1
1 7 3 4 6 11 12 13 14 1
1 7 3 4 8 9 10 11 12 1
1 7 3 4 8 9 10 11 13 1
1 7 3 4 8 9 10 11 14 1
1 7 3 4 8 9 10 12 13 1
1 7 3 4 8 9 10 12 14 1
1 7 3 4 8 9 10 13 14 1
1 7 3 4 8 9 11 12 13 1
1 7 3 4 8 9 11 12 14 1
1 7 3 4 8 9 11 13 14 1
1 7 3 4 8 9 12 13 14 1
1 7 3 4 8 10 11 12 13 1
1 7 3 4 8 10 11 12 14 1
1 7 3 4 8 10 11 13 14 1
1 7 3 4 8 10 12 13 14 1.41421
1 7 3 4 8 11 12 13 14 1
1 7 3 4 9 10 11 12 13 1
1 7 3 4 9 10 11 12 14 1
1 7 3 4 9 10 11 13 14 1
1 7 3 4 9 10 12 13 14 1
1 7 3 4 9 11 12 13 14 1
1 7 3 4 10 11 12 13 14 1
1 7 3 5 6 8 9 10 11 1
1 7 3 5 6 8 9 10 12 1
1 7 3 5 6 8 9 10 13 0
1 7 3 5 6 8 9 10 14 1
1 7 3 5 6 8 9 11 12 1.41421
1 7 3 5 6 8 9 11 13 1.41421
1 7 3 5 6 8 9 11 14 1
1 7 3 5 6 8 9 12 13 1.41421
1 7 3 5 6 8 9 12 14 1
1 7 3 5 6 8 9 13 14 1
1 7 3 5 6 8 10 11 12 1
1 7 3 5 6 8 10 11 13 0
1 7 3 5 6 8 10 11 14 1
1 7 3 5 6 8 10 12 13 0
1 7 3 5 6 8 10 12 14 1
1 7 3 5 6 8 10 13 14 0
1 7 3 5 6 8 11 12 13 1.41421
1 7 3 5 6 8 11 12 14 1
1 7 3 5 6 8 11 13 14 1
1 7 3 5 6 8 12 13 14 1
1 7 3 5 6 9 10 11 12 1
1 7 3 5 6 9 10 11 13 0
1 7 3 5 6 9 10 11 14 1
1 7 3 5 6 9 10 12 13 0
1 7 3 5 6 9 10 12 14 1
1 7 3 5 6 9 10 13 14 0
1 7 3 5 6 9 11 12 13 1.73205
1 7 3 5 6 9 11 12 14 1.41421
1 7 3 5 6 9 11 13 14 1.41421
1 7 3 5 6 9 12 13 14 1.41421
1 7 3 5 6 10 11 12 13 0
1 7 3 5 6 10 11 12 14 1
1 7 3 5 6 10 11 13 14 0
1 7 3 5 6 10 12 13 14 0
1 7 3 5 6 11 12 13 14 1.41421
1 7 3 5 8 9 10 11 12 1
1 7 3 5 8 9 10 11 13 0
1 7 3 5 8 9 10 11 14 1
1 7 3 5 8 9 10 12 13 1
1 7 3 5 8 9 10 12 14 1
1 7 3 5 8 9 10 13 14 1
1 7 3 5 8 9 11 12 13 1.41421
1 7 3 5 8 9 11 12 14 1
1 7 3 5 8 9 11 13 14 1
1 7 3 5 8 9 12 13 14 1
1 7 3 5 8 10 11 12 13 1
1 7 3 5 8 10 11 12 14 1
1 7 3 5 8 10 11 13 14 1
1 7 3 5 8 10 12 13 14 1.41421
1 7 3 5 8 11 12 13 14 1
1 7 3 5 9 10 11 12 13 0
1 7 3 5 9 10 11 12 14 1
1 7 3 5 9 10 11 13 14 0
1 7 3 5 9 10 12 13 14 1
1 7 3 5 9 11 12 13 14 1.41421
1 7 3 5 10 11 12 13 14 1
1 7 3 6 8 9 10 11 12 1.41421
1 7 3 6 8 9 10 11 13 1.41421
1 7 3 6 8 9 10 11 14 1.41421
1 7 3 6 8 9 10 12 13 1.41421
1 7 3 6 8 9 10 12 14 1.41421
1 7 3 6 8 9 10 13 14 1.41421
1 7 3 6 8 9 11 12 13 1.73205
1 7 3 6 8 9 11 12 14 1.62019
1 7 3 6 8 9 11 13 14 1.62019
1 7 3 6 8 9 12 13 14 1.62019
1 7 3 6 8 10 11 12 13 1.41421
1 7 3 6 8 10 11 12 14 1.41421
1 7 3 6 8 10 11 13 14 1.41421
1 7 3 6 8 10 12 13 14 1.41421
1 7 3 6 8 11 12 13 14 1.62019
1 7 3 6 9 10 11 12 13 1.41421
1 7 3 6 9 10 11 12 14 1.41421
1 7 3 6 9 10 11 13 14 1.41421
1 7 3 6 9 10 12 13 14 1.41421
1 7 3 6 9 11 12 13 14 1.73205
1 7 3 6 10 11 12 13 14 1.41421
1 7 3 8 9 10 11 12 13 1.41421
1 7 3 8 9 10 11 12 14 1.41421
1 7 3 8 9 10 11 13 14 1.41421
1 7 3 8 9 10 12 13 14 1.41421
1 7 3 8 9 11 12 13 14 1.62019
1 7 3 8 10 11 12 13 14 1.41421
1 7 3 9 10 11 12 13 14 1.41421
1 7 4 5 6 8 9 10 11 1
1 7 4 5 6 8 9 10 12 1.41421
1 7 4 5 6 8 9 10 13 1.41421
1 7 4 5 6 8 9 10 14 1.41421
1 7 4 5 6 8 9 11 12 1
1 7 4 5 6 8 9 11 13 1
1 7 4 5 6 8 9 11 14 1
1 7 4 5 6 8 9 12 13 1.41421
1 7 4 5 6 8 9 12 14 1.41421
1 7 4 5 6 8 9 13 14 1.41421
1 7 4 5 6 8 10 11 12 1
1 7 4 5 6 8 10 11 13 1
1 7 4 5 6 8 10 11 14 1
1 7 4 5 6 8 10 12 13 1.41421
1 7 4 5 6 8 10 12 14 1.41421
1 7 4 5 6 8 10 13 14 1.41421
1 7 4 5 6 8 11 12 13 1
1 7 4 5 6 8 11 12 14 1
1 7 4 5 6 8 11 13 14 1
1 7 4 5 6 8 12 13 14 1.41421
1 7 4 5 6 9 10 11 12 1
1 7 4 5 6 9 10 11 13 1
1 7 4 5 6 9 10 11 14 1
1 7 4 5 6 9 10 12 13 1.41421
1 7 4 5 6 9 10 12 14 1.41421
1 7 4 5 6 9 10 13 14 1.41421
1 7 4 5 6 9 11 12 13 1.41421
1 7 4 5 6 9 11 12 14 1
1 7 4 5 6 9 11 13 14 1
1 7 4 5 6 9 12 13 14 1.41421
1 7 4 5 6 10 11 12 13 1
1 7 4 5 6 10 11 12 14 1
1 7 4 5 6 10 11 13 14 1
1 7 4 5 6 10 12 13 14 1.41421
1 7 4 5 6 11 12 13 14 1
1 7 4 5 8 9 10 11 12 1
1 7 4 5 8 9 10 11 13 1
1 7 4 5 8 9 10 11 14 1
1 7 4 5 8 9 10 12 13 1.62019
1 7 4 5 8 9 10 12 14 1.62019
1 7 4 5 8 9 10 13 14 1.62019
1 7 4 5 8 9 11 12 13 1
1 7 4 5 8 9 11 12 14 1
1 7 4 5 8 9 11 13 14 1
1 7 4 5 8 9 12 13 14 1.62019
1 7 4 5 8 10 11 12 13 1
1 7 4 5 8 10 11 12 14 1
1 7 4 5 8 10 11 13 14 1
1 7 4 5 8 10 12 13 14 1.73205
1 7 4 5 8 11 12 13 14 1
1 7 4 5 9 10 11 12 13 1
1 7 4 5 9 10 11 12 14 1
1 7 4 5 9 10 11 13 14 1
1 7 4 5 9 10 12 13 14 1.62019
1 7 4 5 9 11 12 13 14 1
1 7 4 5 10 11 12 13 14 1
1 7 4 6 8 9 10 11 12 1.41421
1 7 4 6 8 9 10 11 13 1.41421
1 7 4 6 8 9 10 11 14 1.41421
1 7 4 6 8 9 10 12 13 1.62019
1 7 4 6 8 9 10 12 14 1.62019
1 7 4 6 8 9 10 13 14 1.62019
1 7 4 6 8 9 11 12 13 1.41421
1 7 4 6 8 9 11 12 14 1.41421
1 7 4 6 8 9 11 13 14 1.41421
1 7 4 6 8 9 12 13 14 1.62019
1 7 4 6 8 10 11 12 13 1.41421
1 7 4 6 8 10 11 12 14 1.41421
1 7 4 6 8 10 11 13 14 1.41421
1 7 4 6 8 10 12 13 14 1.62019
1 7 4 6 8 11 12 13 14 1.41421
1 7 4 6 9 10 11 12 13 1.41421
1 7 4 6 9 10 11 12 14 1.41421
1 7 4 6 9 10 11 13 14 1.41421
1 7 4 6 9 10 12 13 14 1.62019
1 7 4 6 9 11 12 13 14 1.41421
1 7 4 6 10 11 12 13 14 1.41421
1 7 4 8 9 10 11 12 13 1.41421
1 7 4 8 9 10 11 12 14 1.41421
1 7 4 8 9 10 11 13 14 1.41421
1 7 4 8 9 10 12 13 14 1.73205
1 7 4 8 9 11 12 13 14 1.41421
1 7 4 8 10 11 12 13 14 1.41421
1 7 4 9 10 11 12 13 14 1.41421
1 7 5 6 8 9 10 11 12 1
1 7 5 6 8 9 10 11 13 1
1 7 5 6 8 9 10 11 14 1
1 7 5 6 8 9 10 12 13 1.41421
1 7 5 6 8 9 10 12 14 1.41421
1 7 5 6 8 9 10 13 14 1.41421
1 7 5 6 8 9 11 12 13 1.41421
1 7 5 6 8 9 11 12 14 1
1 7 5 6 8 9 11 13 14 1
1 7 5 6 8 9 12 13 14 1.41421
1 7 5 6 8 10 11 12 13 1
1 7 5 6 8 10 11 12 14 1
1 7 5 6 8 10 11 13 14 1
1 7 5 6 8 10 12 13 14 1.41421
1 7 5 6 8 11 12 13 14 1
1 7 5 6 9 10 11 12 13 1
1 7 5 6 9 10 11 12 14 1
1 7 5 6 9 10 11 13 14 1
1 7 5 6 9 10 12 13 14 1.41421
1 7 5 6 9 11 12 13 14 1.41421
1 7 5 6 10 11 12 13 14 1
1 7 5 8 9 10 11 12 13 1
1 7 5 8 9 10 11 12 14 1
1 7 5 8 9 10 11 13 14 1
1 7 5 8 9 10 12 13 14 1.62019
1 7 5 8 9 11 12 13 14 1
1 7 5 8 10 11 12 13 14 1
1 7 5 9 10 11 12 13 14 1
1 7 6 8 9 10 11 12 13 1.62019
1 7 6 8 9 10 11 12 14 1.62019
1 7 6 8 9 10 11 13 14 1.62019
1 7 6 8 9 10 12 13 14 1.73205
1 7 6 8 9 11 12 13 14 1.73205
1 7 6 8 10 11 12 13 14 1.62019
1 7 6 9 10 11 12 13 14 1.62019
1 7 8 9 10 11 12 13 14 1.62019
