1 6 0 2 1.96214
1 6 0 3 2
1 6 0 4 2.13664
1 6 0 5 1.73205
1 6 0 7 1.96214
1 6 0 8 2.28446
1 6 0 9 2.44949
1 6 0 10 2.23607
1 6 0 11 2.23607
1 6 0 12 2.44949
1 6 0 13 2.44949
1 6 0 14 2.28446
1 6 2 3 1.90693
1 6 2 4 1.62019
1 6 2 5 1.73205
1 6 2 7 1.85164
1 6 2 8 2
1 6 2 9 1.96214
1 6 2 10 1.73205
1 6 2 11 1.93309
1 6 2 12 1.96214
1 6 2 13 1.96214
1 6 2 14 2
1 6 3 4 1.41421
1 6 3 5 1.73205
1 6 3 7 1.90693
1 6 3 8 1.90693
1 6 3 9 2
1 6 3 10 1.73205
1 6 3 11 2
1 6 3 12 2
1 6 3 13 2
1 6 3 14 1.90693
1 6 4 5 1.73205
1 6 4 7 1.62019
1 6 4 8 2.13664
1 6 4 9 2.13664
1 6 4 10 2.13664
1 6 4 11 2
1 6 4 12 2.13664
1 6 4 13 2.13664
1 6 4 14 2.13664
1 6 5 7 1.73205
1 6 5 8 1.73205
1 6 5 9 1.73205
1 6 5 10 1.73205
1 6 5 11 1.73205
1 6 5 12 1.73205
1 6 5 13 1.73205
1 6 5 14 1.73205
1 6 7 8 2
1 6 7 9 1.96214
1 6 7 10 1.73205
1 6 7 11 1.93309
1 6 7 12 1.96214
1 6 7 13 1.96214
1 6 7 14 2
1 6 8 9 2.28446
1 6 8 10 2.23607
1 6 8 11 2.19089
1 6 8 12 2.28446
1 6 8 13 2.28446
1 6 8 14 2.26385
1 6 9 10 2.23607
1 6 9 11 2.23607
1 6 9 12 2.44949
1 6 9 13 2.44949
1 6 9 14 2.28446
1 6 10 11 2.13664
1 6 10 12 2.23607
1 6 10 13 2.23607
1 6 10 14 2.23607
1 6 11 12 2.23607
1 6 11 13 2.23607
1 6 11 14 2.19089
1 6 12 13 2.44949
1 6 12 14 2.28446
1 6 13 14 2.28446
