1 9 0 2 1.96769
1 9 0 3 2
1 9 0 4 2.16025
1 9 0 5 1.85164
1 9 0 6 2.44949
1 9 0 7 1.96769
1 9 0 8 2.3094
1 9 0 10 2.26385
1 9 0 11 2.23607
1 9 0 12 2.44949
1 9 0 13 2.44949
1 9 0 14 2.3094
1 9 2 3 1.90693
1 9 2 4 1.73205
1 9 2 5 1.73205
1 9 2 6 1.96214
1 9 2 7 1.85164
1 9 2 8 2
1 9 2 10 1.81265
1 9 2 11 1.93309
1 9 2 12 1.96769
1 9 2 13 1.96769
1 9 2 14 2
1 9 3 4 1.41421
1 9 3 5 1.73205
1 9 3 6 2
1 9 3 7 1.90693
1 9 3 8 1.90693
1 9 3 10 1.73205
1 9 3 11 2
1 9 3 12 2
1 9 3 13 2
1 9 3 14 1.90693
1 9 4 5 1.85164
1 9 4 6 2.13664
1 9 4 7 1.73205
1 9 4 8 2.16025
1 9 4 10 2.16025
1 9 4 11 2
1 9 4 12 2.16025
1 9 4 13 2.16025
1 9 4 14 2.16025
1 9 5 6 1.73205
1 9 5 7 1.73205
1 9 5 8 1.85164
1 9 5 10 1.85164
1 9 5 11 1.73205
1 9 5 12 1.85164
1 9 5 13 1.85164
1 9 5 14 1.85164
1 9 6 7 1.96214
1 9 6 8 2.28446
1 9 6 10 2.23607
1 9 6 11 2.23607
1 9 6 12 2.44949
1 9 6 13 2.44949
1 9 6 14 2.28446
1 9 7 8 2
1 9 7 10 1.81265
1 9 7 11 1.93309
1 9 7 12 1.96769
1 9 7 13 1.96769
1 9 7 14 2
1 9 8 10 2.26385
1 9 8 11 2.19089
1 9 8 12 2.3094
1 9 8 13 2.3094
1 9 8 14 2.3094
1 9 10 11 2.13664
1 9 10 12 2.26385
1 9 10 13 2.26385
1 9 10 14 2.26385
1 9 11 12 2.23607
1 9 11 13 2.23607
1 9 11 14 2.19089
1 9 12 13 2.44949
1 9 12 14 2.3094
1 9 13 14 2.3094
