1 9 0 2 3 4 1.41421
1 9 0 2 3 5 1.73205
1 9 0 2 3 6 1.90693
1 9 0 2 3 7 1.85164
1 9 0 2 3 8 1.73205
1 9 0 2 3 10 1.41421
1 9 0 2 3 11 1.90693
1 9 0 2 3 12 1.90693
1 9 0 2 3 13 1.90693
1 9 0 2 3 14 1.73205
1 9 0 2 4 5 1.62019
1 9 0 2 4 6 1.62019
1 9 0 2 4 7 1.41421
1 9 0 2 4 8 1.73205
1 9 0 2 4 10 1.73205
1 9 0 2 4 11 1.41421
1 9 0 2 4 12 1.73205
1 9 0 2 4 13 1.73205
1 9 0 2 4 14 1.73205
1 9 0 2 5 6 1.73205
1 9 0 2 5 7 1.73205
1 9 0 2 5 8 1.62019
1 9 0 2 5 10 1.62019
1 9 0 2 5 11 1.73205
1 9 0 2 5 12 1.73205
1 9 0 2 5 13 1.73205
1 9 0 2 5 14 1.62019
1 9 0 2 6 7 1.85164
1 9 0 2 6 8 2
1 9 0 2 6 10 1.73205
1 9 0 2 6 11 1.93309
1 9 0 2 6 12 1.96214
1 9 0 2 6 13 1.96214
1 9 0 2 6 14 2
1 9 0 2 7 8 1.62019
1 9 0 2 7 10 1.41421
1 9 0 2 7 11 1.85164
1 9 0 2 7 12 1.85164
1 9 0 2 7 13 1.85164
1 9 0 2 7 14 1.62019
1 9 0 2 8 10 1.81265
1 9 0 2 8 11 1.81265
1 9 0 2 8 12 2
1 9 0 2 8 13 2
1 9 0 2 8 14 2
1 9 0 2 10 11 1.62019
1 9 0 2 10 12 1.81265
1 9 0 2 10 13 1.81265
1 9 0 2 10 14 1.81265
1 9 0 2 11 12 1.93309
1 9 0 2 11 13 1.93309
1 9 0 2 11 14 1.81265
1 9 0 2 12 13 1.96769
1 9 0 2 12 14 2
1 9 0 2 13 14 2
1 9 0 3 4 5 1.41421
1 9 0 3 4 6 1.41421
1 9 0 3 4 7 1.41421
1 9 0 3 4 8 1.41421
1 9 0 3 4 10 1.41421
1 9 0 3 4 11 1.41421
1 9 0 3 4 12 1.41421
1 9 0 3 4 13 1.41421
1 9 0 3 4 14 1.41421
1 9 0 3 5 6 1.73205
1 9 0 3 5 7 1.73205
1 9 0 3 5 8 1.41421
1 9 0 3 5 10 1
1 9 0 3 5 11 1.73205
1 9 0 3 5 12 1.73205
1 9 0 3 5 13 1.73205
1 9 0 3 5 14 1.41421
1 9 0 3 6 7 1.90693
1 9 0 3 6 8 1.90693
1 9 0 3 6 10 1.73205
1 9 0 3 6 11 2
1 9 0 3 6 12 2
1 9 0 3 6 13 2
1 9 0 3 6 14 1.90693
1 9 0 3 7 8 1.73205
1 9 0 3 7 10 1.41421
1 9 0 3 7 11 1.90693
1 9 0 3 7 12 1.90693
1 9 0 3 7 13 1.90693
1 9 0 3 7 14 1.73205
1 9 0 3 8 10 1.73205
1 9 0 3 8 11 1.90693
1 9 0 3 8 12 1.90693
1 9 0 3 8 13 1.90693
1 9 0 3 8 14 1.85164
1 9 0 3 10 11 1.73205
1 9 0 3 10 12 1.73205
1 9 0 3 10 13 1.73205
1 9 0 3 10 14 1.73205
1 9 0 3 11 12 2
1 9 0 3 11 13 2
1 9 0 3 11 14 1.90693
1 9 0 3 12 13 2
1 9 0 3 12 14 1.90693
1 9 0 3 13 14 1.90693
1 9 0 4 5 6 1.73205
1 9 0 4 5 7 1.62019
1 9 0 4 5 8 1.85164
1 9 0 4 5 10 1.85164
1 9 0 4 5 11 1.41421
1 9 0 4 5 12 1.85164
1 9 0 4 5 13 1.85164
1 9 0 4 5 14 1.85164
1 9 0 4 6 7 1.62019
1 9 0 4 6 8 2.13664
1 9 0 4 6 10 2.13664
1 9 0 4 6 11 2
1 9 0 4 6 12 2.13664
1 9 0 4 6 13 2.13664
1 9 0 4 6 14 2.13664
1 9 0 4 7 8 1.73205
1 9 0 4 7 10 1.73205
1 9 0 4 7 11 1.41421
1 9 0 4 7 12 1.73205
1 9 0 4 7 13 1.73205
1 9 0 4 7 14 1.73205
1 9 0 4 8 10 2.16025
1 9 0 4 8 11 2
1 9 0 4 8 12 2.16025
1 9 0 4 8 13 2.16025
1 9 0 4 8 14 2.16025
1 9 0 4 10 11 2
1 9 0 4 10 12 2.16025
1 9 0 4 10 13 2.16025
1 9 0 4 10 14 2.16025
1 9 0 4 11 12 2
1 9 0 4 11 13 2
1 9 0 4 11 14 2
1 9 0 4 12 13 2.16025
1 9 0 4 12 14 2.16025
1 9 0 4 13 14 2.16025
1 9 0 5 6 7 1.73205
1 9 0 5 6 8 1.73205
1 9 0 5 6 10 1.73205
1 9 0 5 6 11 1.73205
1 9 0 5 6 12 1.73205
1 9 0 5 6 13 1.73205
1 9 0 5 6 14 1.73205
1 9 0 5 7 8 1.62019
1 9 0 5 7 10 1.62019
1 9 0 5 7 11 1.73205
1 9 0 5 7 12 1.73205
1 9 0 5 7 13 1.73205
1 9 0 5 7 14 1.62019
1 9 0 5 8 10 1.85164
1 9 0 5 8 11 1.41421
1 9 0 5 8 12 1.85164
1 9 0 5 8 13 1.85164
1 9 0 5 8 14 1.85164
1 9 0 5 10 11 1.41421
1 9 0 5 10 12 1.85164
1 9 0 5 10 13 1.85164
1 9 0 5 10 14 1.85164
1 9 0 5 11 12 1.73205
1 9 0 5 11 13 1.73205
1 9 0 5 11 14 1.41421
1 9 0 5 12 13 1.85164
1 9 0 5 12 14 1.85164
1 9 0 5 13 14 1.85164
1 9 0 6 7 8 2
1 9 0 6 7 10 1.73205
1 9 0 6 7 11 1.93309
1 9 0 6 7 12 1.96214
1 9 0 6 7 13 1.96214
1 9 0 6 7 14 2
1 9 0 6 8 10 2.23607
1 9 0 6 8 11 2.19089
1 9 0 6 8 12 2.28446
1 9 0 6 8 13 2.28446
1 9 0 6 8 14 2.26385
1 9 0 6 10 11 2.13664
1 9 0 6 10 12 2.23607
1 9 0 6 10 13 2.23607
1 9 0 6 10 14 2.23607
1 9 0 6 11 12 2.23607
1 9 0 6 11 13 2.23607
1 9 0 6 11 14 2.19089
1 9 0 6 12 13 2.44949
1 9 0 6 12 14 2.28446
1 9 0 6 13 14 2.28446
1 9 0 7 8 10 1.81265
1 9 0 7 8 11 1.81265
1 9 0 7 8 12 2
1 9 0 7 8 13 2
1 9 0 7 8 14 2
1 9 0 7 10 11 1.62019
1 9 0 7 10 12 1.81265
1 9 0 7 10 13 1.81265
1 9 0 7 10 14 1.81265
1 9 0 7 11 12 1.93309
1 9 0 7 11 13 1.93309
1 9 0 7 11 14 1.81265
1 9 0 7 12 13 1.96769
1 9 0 7 12 14 2
1 9 0 7 13 14 2
1 9 0 8 10 11 2.13664
1 9 0 8 10 12 2.26385
1 9 0 8 10 13 2.26385
1 9 0 8 10 14 2.26385
1 9 0 8 11 12 2.19089
1 9 0 8 11 13 2.19089
1 9 0 8 11 14 2.16025
1 9 0 8 12 13 2.3094
1 9 0 8 12 14 2.3094
1 9 0 8 13 14 2.3094
1 9 0 10 11 12 2.13664
1 9 0 10 11 13 2.13664
1 9 0 10 11 14 2.13664
1 9 0 10 12 13 2.26385
1 9 0 10 12 14 2.26385
1 9 0 10 13 14 2.26385
1 9 0 11 12 13 2.23607
1 9 0 11 12 14 2.19089
1 9 0 11 13 14 2.19089
1 9 0 12 13 14 2.3094
1 9 2 3 4 5 1.41421
1 9 2 3 4 6 1.41421
1 9 2 3 4 7 1.41421
1 9 2 3 4 8 1
1 9 2 3 4 10 1
1 9 2 3 4 11 1.41421
1 9 2 3 4 12 1.41421
1 9 2 3 4 13 1.41421
1 9 2 3 4 14 1
1 9 2 3 5 6 1.73205
1 9 2 3 5 7 1.73205
1 9 2 3 5 8 1.41421
1 9 2 3 5 10 1
1 9 2 3 5 11 1.73205
1 9 2 3 5 12 1.73205
1 9 2 3 5 13 1.73205
1 9 2 3 5 14 1.41421
1 9 2 3 6 7 1.85164
1 9 2 3 6 8 1.73205
1 9 2 3 6 10 1.41421
1 9 2 3 6 11 1.90693
1 9 2 3 6 12 1.90693
1 9 2 3 6 13 1.90693
1 9 2 3 6 14 1.73205
1 9 2 3 7 8 1.62019
1 9 2 3 7 10 1
1 9 2 3 7 11 1.85164
1 9 2 3 7 12 1.85164
1 9 2 3 7 13 1.85164
1 9 2 3 7 14 1.62019
1 9 2 3 8 10 1.41421
1 9 2 3 8 11 1.73205
1 9 2 3 8 12 1.73205
1 9 2 3 8 13 1.73205
1 9 2 3 8 14 1.62019
1 9 2 3 10 11 1.41421
1 9 2 3 10 12 1.41421
1 9 2 3 10 13 1.41421
1 9 2 3 10 14 1.41421
1 9 2 3 11 12 1.90693
1 9 2 3 11 13 1.90693
1 9 2 3 11 14 1.73205
1 9 2 3 12 13 1.90693
1 9 2 3 12 14 1.73205
1 9 2 3 13 14 1.73205
1 9 2 4 5 6 1.41421
1 9 2 4 5 7 1.41421
1 9 2 4 5 8 1.62019
1 9 2 4 5 10 1.62019
1 9 2 4 5 11 1.41421
1 9 2 4 5 12 1.62019
1 9 2 4 5 13 1.62019
1 9 2 4 5 14 1.62019
1 9 2 4 6 7 1.41421
1 9 2 4 6 8 1.62019
1 9 2 4 6 10 1.62019
1 9 2 4 6 11 1.41421
1 9 2 4 6 12 1.62019
1 9 2 4 6 13 1.62019
1 9 2 4 6 14 1.62019
1 9 2 4 7 8 1.41421
1 9 2 4 7 10 1.41421
1 9 2 4 7 11 1.41421
1 9 2 4 7 12 1.41421
1 9 2 4 7 13 1.41421
1 9 2 4 7 14 1.41421
1 9 2 4 8 10 1.73205
1 9 2 4 8 11 1.41421
1 9 2 4 8 12 1.73205
1 9 2 4 8 13 1.73205
1 9 2 4 8 14 1.73205
1 9 2 4 10 11 1.41421
1 9 2 4 10 12 1.73205
1 9 2 4 10 13 1.73205
1 9 2 4 10 14 1.73205
1 9 2 4 11 12 1.41421
1 9 2 4 11 13 1.41421
1 9 2 4 11 14 1.41421
1 9 2 4 12 13 1.73205
1 9 2 4 12 14 1.73205
1 9 2 4 13 14 1.73205
1 9 2 5 6 7 1.73205
1 9 2 5 6 8 1.41421
1 9 2 5 6 10 1.41421
1 9 2 5 6 11 1.73205
1 9 2 5 6 12 1.73205
1 9 2 5 6 13 1.73205
1 9 2 5 6 14 1.41421
1 9 2 5 7 8 1.41421
1 9 2 5 7 10 1.41421
1 9 2 5 7 11 1.73205
1 9 2 5 7 12 1.73205
1 9 2 5 7 13 1.73205
1 9 2 5 7 14 1.41421
1 9 2 5 8 10 1.62019
1 9 2 5 8 11 1.41421
1 9 2 5 8 12 1.62019
1 9 2 5 8 13 1.62019
1 9 2 5 8 14 1.62019
1 9 2 5 10 11 1
1 9 2 5 10 12 1.62019
1 9 2 5 10 13 1.62019
1 9 2 5 10 14 1.62019
1 9 2 5 11 12 1.73205
1 9 2 5 11 13 1.73205
1 9 2 5 11 14 1.41421
1 9 2 5 12 13 1.73205
1 9 2 5 12 14 1.62019
1 9 2 5 13 14 1.62019
1 9 2 6 7 8 1.62019
1 9 2 6 7 10 1
1 9 2 6 7 11 1.85164
1 9 2 6 7 12 1.85164
1 9 2 6 7 13 1.85164
1 9 2 6 7 14 1.62019
1 9 2 6 8 10 1.73205
1 9 2 6 8 11 1.81265
1 9 2 6 8 12 2
1 9 2 6 8 13 2
1 9 2 6 8 14 1.81265
1 9 2 6 10 11 1.62019
1 9 2 6 10 12 1.73205
1 9 2 6 10 13 1.73205
1 9 2 6 10 14 1.73205
1 9 2 6 11 12 1.93309
1 9 2 6 11 13 1.93309
1 9 2 6 11 14 1.81265
1 9 2 6 12 13 1.96214
1 9 2 6 12 14 2
1 9 2 6 13 14 2
1 9 2 7 8 10 1.41421
1 9 2 7 8 11 1.62019
1 9 2 7 8 12 1.62019
1 9 2 7 8 13 1.62019
1 9 2 7 8 14 1.41421
1 9 2 7 10 11 1
1 9 2 7 10 12 1.41421
1 9 2 7 10 13 1.41421
1 9 2 7 10 14 1.41421
1 9 2 7 11 12 1.85164
1 9 2 7 11 13 1.85164
1 9 2 7 11 14 1.62019
1 9 2 7 12 13 1.85164
1 9 2 7 12 14 1.62019
1 9 2 7 13 14 1.62019
1 9 2 8 10 11 1.62019
1 9 2 8 10 12 1.81265
1 9 2 8 10 13 1.81265
1 9 2 8 10 14 1.81265
1 9 2 8 11 12 1.81265
1 9 2 8 11 13 1.81265
1 9 2 8 11 14 1.73205
1 9 2 8 12 13 2
1 9 2 8 12 14 2
1 9 2 8 13 14 2
1 9 2 10 11 12 1.62019
1 9 2 10 11 13 1.62019
1 9 2 10 11 14 1.62019
1 9 2 10 12 13 1.81265
1 9 2 10 12 14 1.81265
1 9 2 10 13 14 1.81265
1 9 2 11 12 13 1.93309
1 9 2 11 12 14 1.81265
1 9 2 11 13 14 1.81265
1 9 2 12 13 14 2
1 9 3 4 5 6 1.41421
1 9 3 4 5 7 1.41421
1 9 3 4 5 8 1
1 9 3 4 5 10 1
1 9 3 4 5 11 1.41421
1 9 3 4 5 12 1.41421
1 9 3 4 5 13 1.41421
1 9 3 4 5 14 1
1 9 3 4 6 7 1.41421
1 9 3 4 6 8 1.41421
1 9 3 4 6 10 1.41421
1 9 3 4 6 11 1.41421
1 9 3 4 6 12 1.41421
1 9 3 4 6 13 1.41421
1 9 3 4 6 14 1.41421
1 9 3 4 7 8 1
1 9 3 4 7 10 1
1 9 3 4 7 11 1.41421
1 9 3 4 7 12 1.41421
1 9 3 4 7 13 1.41421
1 9 3 4 7 14 1
1 9 3 4 8 10 1.41421
1 9 3 4 8 11 1.41421
1 9 3 4 8 12 1.41421
1 9 3 4 8 13 1.41421
1 9 3 4 8 14 1.41421
1 9 3 4 10 11 1.41421
1 9 3 4 10 12 1.41421
1 9 3 4 10 13 1.41421
1 9 3 4 10 14 1.41421
1 9 3 4 11 12 1.41421
1 9 3 4 11 13 1.41421
1 9 3 4 11 14 1.41421
1 9 3 4 12 13 1.41421
1 9 3 4 12 14 1.41421
1 9 3 4 13 14 1.41421
1 9 3 5 6 7 1.73205
1 9 3 5 6 8 1.41421
1 9 3 5 6 10 1
1 9 3 5 6 11 1.73205
1 9 3 5 6 12 1.73205
1 9 3 5 6 13 1.73205
1 9 3 5 6 14 1.41421
1 9 3 5 7 8 1.41421
1 9 3 5 7 10 1
1 9 3 5 7 11 1.73205
1 9 3 5 7 12 1.73205
1 9 3 5 7 13 1.73205
1 9 3 5 7 14 1.41421
1 9 3 5 8 10 1
1 9 3 5 8 11 1.41421
1 9 3 5 8 12 1.41421
1 9 3 5 8 13 1.41421
1 9 3 5 8 14 1
1 9 3 5 10 11 1
1 9 3 5 10 12 1
1 9 3 5 10 13 1
1 9 3 5 10 14 1
1 9 3 5 11 12 1.73205
1 9 3 5 11 13 1.73205
1 9 3 5 11 14 1.41421
1 9 3 5 12 13 1.73205
1 9 3 5 12 14 1.41421
1 9 3 5 13 14 1.41421
1 9 3 6 7 8 1.73205
1 9 3 6 7 10 1.41421
1 9 3 6 7 11 1.90693
1 9 3 6 7 12 1.90693
1 9 3 6 7 13 1.90693
1 9 3 6 7 14 1.73205
1 9 3 6 8 10 1.73205
1 9 3 6 8 11 1.90693
1 9 3 6 8 12 1.90693
1 9 3 6 8 13 1.90693
1 9 3 6 8 14 1.85164
1 9 3 6 10 11 1.73205
1 9 3 6 10 12 1.73205
1 9 3 6 10 13 1.73205
1 9 3 6 10 14 1.73205
1 9 3 6 11 12 2
1 9 3 6 11 13 2
1 9 3 6 11 14 1.90693
1 9 3 6 12 13 2
1 9 3 6 12 14 1.90693
1 9 3 6 13 14 1.90693
1 9 3 7 8 10 1.41421
1 9 3 7 8 11 1.73205
1 9 3 7 8 12 1.73205
1 9 3 7 8 13 1.73205
1 9 3 7 8 14 1.62019
1 9 3 7 10 11 1.41421
1 9 3 7 10 12 1.41421
1 9 3 7 10 13 1.41421
1 9 3 7 10 14 1.41421
1 9 3 7 11 12 1.90693
1 9 3 7 11 13 1.90693
1 9 3 7 11 14 1.73205
1 9 3 7 12 13 1.90693
1 9 3 7 12 14 1.73205
1 9 3 7 13 14 1.73205
1 9 3 8 10 11 1.73205
1 9 3 8 10 12 1.73205
1 9 3 8 10 13 1.73205
1 9 3 8 10 14 1.73205
1 9 3 8 11 12 1.90693
1 9 3 8 11 13 1.90693
1 9 3 8 11 14 1.85164
1 9 3 8 12 13 1.90693
1 9 3 8 12 14 1.85164
1 9 3 8 13 14 1.85164
1 9 3 10 11 12 1.73205
1 9 3 10 11 13 1.73205
1 9 3 10 11 14 1.73205
1 9 3 10 12 13 1.73205
1 9 3 10 12 14 1.73205
1 9 3 10 13 14 1.73205
1 9 3 11 12 13 2
1 9 3 11 12 14 1.90693
1 9 3 11 13 14 1.90693
1 9 3 12 13 14 1.90693
1 9 4 5 6 7 1.41421
1 9 4 5 6 8 1.73205
1 9 4 5 6 10 1.73205
1 9 4 5 6 11 1.41421
1 9 4 5 6 12 1.73205
1 9 4 5 6 13 1.73205
1 9 4 5 6 14 1.73205
1 9 4 5 7 8 1.62019
1 9 4 5 7 10 1.62019
1 9 4 5 7 11 1.41421
1 9 4 5 7 12 1.62019
1 9 4 5 7 13 1.62019
1 9 4 5 7 14 1.62019
1 9 4 5 8 10 1.85164
1 9 4 5 8 11 1.41421
1 9 4 5 8 12 1.85164
1 9 4 5 8 13 1.85164
1 9 4 5 8 14 1.85164
1 9 4 5 10 11 1.41421
1 9 4 5 10 12 1.85164
1 9 4 5 10 13 1.85164
1 9 4 5 10 14 1.85164
1 9 4 5 11 12 1.41421
1 9 4 5 11 13 1.41421
1 9 4 5 11 14 1.41421
1 9 4 5 12 13 1.85164
1 9 4 5 12 14 1.85164
1 9 4 5 13 14 1.85164
1 9 4 6 7 8 1.62019
1 9 4 6 7 10 1.62019
1 9 4 6 7 11 1.41421
1 9 4 6 7 12 1.62019
1 9 4 6 7 13 1.62019
1 9 4 6 7 14 1.62019
1 9 4 6 8 10 2.13664
1 9 4 6 8 11 2
1 9 4 6 8 12 2.13664
1 9 4 6 8 13 2.13664
1 9 4 6 8 14 2.13664
1 9 4 6 10 11 2
1 9 4 6 10 12 2.13664
1 9 4 6 10 13 2.13664
1 9 4 6 10 14 2.13664
1 9 4 6 11 12 2
1 9 4 6 11 13 2
1 9 4 6 11 14 2
1 9 4 6 12 13 2.13664
1 9 4 6 12 14 2.13664
1 9 4 6 13 14 2.13664
1 9 4 7 8 10 1.73205
1 9 4 7 8 11 1.41421
1 9 4 7 8 12 1.73205
1 9 4 7 8 13 1.73205
1 9 4 7 8 14 1.73205
1 9 4 7 10 11 1.41421
1 9 4 7 10 12 1.73205
1 9 4 7 10 13 1.73205
1 9 4 7 10 14 1.73205
1 9 4 7 11 12 1.41421
1 9 4 7 11 13 1.41421
1 9 4 7 11 14 1.41421
1 9 4 7 12 13 1.73205
1 9 4 7 12 14 1.73205
1 9 4 7 13 14 1.73205
1 9 4 8 10 11 2
1 9 4 8 10 12 2.16025
1 9 4 8 10 13 2.16025
1 9 4 8 10 14 2.16025
1 9 4 8 11 12 2
1 9 4 8 11 13 2
1 9 4 8 11 14 2
1 9 4 8 12 13 2.16025
1 9 4 8 12 14 2.16025
1 9 4 8 13 14 2.16025
1 9 4 10 11 12 2
1 9 4 10 11 13 2
1 9 4 10 11 14 2
1 9 4 10 12 13 2.16025
1 9 4 10 12 14 2.16025
1 9 4 10 13 14 2.16025
1 9 4 11 12 13 2
1 9 4 11 12 14 2
1 9 4 11 13 14 2
1 9 4 12 13 14 2.16025
1 9 5 6 7 8 1.41421
1 9 5 6 7 10 1.41421
1 9 5 6 7 11 1.73205
1 9 5 6 7 12 1.73205
1 9 5 6 7 13 1.73205
1 9 5 6 7 14 1.41421
1 9 5 6 8 10 1.73205
1 9 5 6 8 11 1.41421
1 9 5 6 8 12 1.73205
1 9 5 6 8 13 1.73205
1 9 5 6 8 14 1.73205
1 9 5 6 10 11 1.41421
1 9 5 6 10 12 1.73205
1 9 5 6 10 13 1.73205
1 9 5 6 10 14 1.73205
1 9 5 6 11 12 1.73205
1 9 5 6 11 13 1.73205
1 9 5 6 11 14 1.41421
1 9 5 6 12 13 1.73205
1 9 5 6 12 14 1.73205
1 9 5 6 13 14 1.73205
1 9 5 7 8 10 1.62019
1 9 5 7 8 11 1.41421
1 9 5 7 8 12 1.62019
1 9 5 7 8 13 1.62019
1 9 5 7 8 14 1.62019
1 9 5 7 10 11 1
1 9 5 7 10 12 1.62019
1 9 5 7 10 13 1.62019
1 9 5 7 10 14 1.62019
1 9 5 7 11 12 1.73205
1 9 5 7 11 13 1.73205
1 9 5 7 11 14 1.41421
1 9 5 7 12 13 1.73205
1 9 5 7 12 14 1.62019
1 9 5 7 13 14 1.62019
1 9 5 8 10 11 1.41421
1 9 5 8 10 12 1.85164
1 9 5 8 10 13 1.85164
1 9 5 8 10 14 1.85164
1 9 5 8 11 12 1.41421
1 9 5 8 11 13 1.41421
1 9 5 8 11 14 1.41421
1 9 5 8 12 13 1.85164
1 9 5 8 12 14 1.85164
1 9 5 8 13 14 1.85164
1 9 5 10 11 12 1.41421
1 9 5 10 11 13 1.41421
1 9 5 10 11 14 1.41421
1 9 5 10 12 13 1.85164
1 9 5 10 12 14 1.85164
1 9 5 10 13 14 1.85164
1 9 5 11 12 13 1.73205
1 9 5 11 12 14 1.41421
1 9 5 11 13 14 1.41421
1 9 5 12 13 14 1.85164
1 9 6 7 8 10 1.73205
1 9 6 7 8 11 1.81265
1 9 6 7 8 12 2
1 9 6 7 8 13 2
1 9 6 7 8 14 1.81265
1 9 6 7 10 11 1.62019
1 9 6 7 10 12 1.73205
1 9 6 7 10 13 1.73205
1 9 6 7 10 14 1.73205
1 9 6 7 11 12 1.93309
1 9 6 7 11 13 1.93309
1 9 6 7 11 14 1.81265
1 9 6 7 12 13 1.96214
1 9 6 7 12 14 2
1 9 6 7 13 14 2
1 9 6 8 10 11 2.13664
1 9 6 8 10 12 2.23607
1 9 6 8 10 13 2.23607
1 9 6 8 10 14 2.23607
1 9 6 8 11 12 2.19089
1 9 6 8 11 13 2.19089
1 9 6 8 11 14 2.16025
1 9 6 8 12 13 2.28446
1 9 6 8 12 14 2.26385
1 9 6 8 13 14 2.26385
1 9 6 10 11 12 2.13664
1 9 6 10 11 13 2.13664
1 9 6 10 11 14 2.13664
1 9 6 10 12 13 2.23607
1 9 6 10 12 14 2.23607
1 9 6 10 13 14 2.23607
1 9 6 11 12 13 2.23607
1 9 6 11 12 14 2.19089
1 9 6 11 13 14 2.19089
1 9 6 12 13 14 2.28446
1 9 7 8 10 11 1.62019
1 9 7 8 10 12 1.81265
1 9 7 8 10 13 1.81265
1 9 7 8 10 14 1.81265
1 9 7 8 11 12 1.81265
1 9 7 8 11 13 1.81265
1 9 7 8 11 14 1.73205
1 9 7 8 12 13 2
1 9 7 8 12 14 2
1 9 7 8 13 14 2
1 9 7 10 11 12 1.62019
1 9 7 10 11 13 1.62019
1 9 7 10 11 14 1.62019
1 9 7 10 12 13 1.81265
1 9 7 10 12 14 1.81265
1 9 7 10 13 14 1.81265
1 9 7 11 12 13 1.93309
1 9 7 11 12 14 1.81265
1 9 7 11 13 14 1.81265
1 9 7 12 13 14 2
1 9 8 10 11 12 2.13664
1 9 8 10 11 13 2.13664
1 9 8 10 11 14 2.13664
1 9 8 10 12 13 2.26385
1 9 8 10 12 14 2.26385
1 9 8 10 13 14 2.26385
1 9 8 11 12 13 2.19089
1 9 8 11 12 14 2.16025
1 9 8 11 13 14 2.16025
1 9 8 12 13 14 2.3094
1 9 10 11 12 13 2.13664
1 9 10 11 12 14 2.13664
1 9 10 11 13 14 2.13664
1 9 10 12 13 14 2.26385
1 9 11 12 13 14 2.19089
