7 14 0 1 2 3 4 5 6 8 9 10 11 0
7 14 0 1 2 3 4 5 6 8 9 10 12 0
7 14 0 1 2 3 4 5 6 8 9 10 13 0
7 14 0 1 2 3 4 5 6 8 9 11 12 0
7 14 0 1 2 3 4 5 6 8 9 11 13 0
7 14 0 1 2 3 4 5 6 8 9 12 13 0
7 14 0 1 2 3 4 5 6 8 10 11 12 0
7 14 0 1 2 3 4 5 6 8 10 11 13 0
7 14 0 1 2 3 4 5 6 8 10 12 13 0
7 14 0 1 2 3 4 5 6 8 11 12 13 0
7 14 0 1 2 3 4 5 6 9 10 11 12 0
7 14 0 1 2 3 4 5 6 9 10 11 13 0
7 14 0 1 2 3 4 5 6 9 10 12 13 0
7 14 0 1 2 3 4 5 6 9 11 12 13 1
7 14 0 1 2 3 4 5 6 10 11 12 13 0
7 14 0 1 2 3 4 5 8 9 10 11 12 0
7 14 0 1 2 3 4 5 8 9 10 11 13 0
7 14 0 1 2 3 4 5 8 9 10 12 13 1
7 14 0 1 2 3 4 5 8 9 11 12 13 0
7 14 0 1 2 3 4 5 8 10 11 12 13 1
7 14 0 1 2 3 4 5 9 10 11 12 13 0
7 14 0 1 2 3 4 6 8 9 10 11 12 0
7 14 0 1 2 3 4 6 8 9 10 11 13 0
7 14 0 1 2 3 4 6 8 9 10 12 13 0
7 14 0 1 2 3 4 6 8 9 11 12 13 0
7 14 0 1 2 3 4 6 8 10 11 12 13 0
7 14 0 1 2 3 4 6 9 10 11 12 13 0
7 14 0 1 2 3 4 8 9 10 11 12 13 0
7 14 0 1 2 3 5 6 8 9 10 11 12 0
7 14 0 1 2 3 5 6 8 9 10 11 13 0
7 14 0 1 2 3 5 6 8 9 10 12 13 0
7 14 0 1 2 3 5 6 8 9 11 12 13 1
7 14 0 1 2 3 5 6 8 10 11 12 13 0
7 14 0 1 2 3 5 6 9 10 11 12 13 0
7 14 0 1 2 3 5 8 9 10 11 12 13 0
7 14 0 1 2 3 6 8 9 10 11 12 13 1
7 14 0 1 2 4 5 6 8 9 10 11 12 0
7 14 0 1 2 4 5 6 8 9 10 11 13 0
7 14 0 1 2 4 5 6 8 9 10 12 13 1
7 14 0 1 2 4 5 6 8 9 11 12 13 0
7 14 0 1 2 4 5 6 8 10 11 12 13 0
7 14 0 1 2 4 5 6 9 10 11 12 13 0
7 14 0 1 2 4 5 8 9 10 11 12 13 0
7 14 0 1 2 4 6 8 9 10 11 12 13 0
7 14 0 1 2 5 6 8 9 10 11 12 13 0
7 14 0 1 3 4 5 6 8 9 10 11 12 0
7 14 0 1 3 4 5 6 8 9 10 11 13 0
7 14 0 1 3 4 5 6 8 9 10 12 13 0
7 14 0 1 3 4 5 6 8 9 11 12 13 0
7 14 0 1 3 4 5 6 8 10 11 12 13 0
7 14 0 1 3 4 5 6 9 10 11 12 13 0
7 14 0 1 3 4 5 8 9 10 11 12 13 0
7 14 0 1 3 4 6 8 9 10 11 12 13 1
7 14 0 1 3 5 6 8 9 10 11 12 13 0
7 14 0 1 4 5 6 8 9 10 11 12 13 1
7 14 0 2 3 4 5 6 8 9 10 11 12 1
7 14 0 2 3 4 5 6 8 9 10 11 13 1
7 14 0 2 3 4 5 6 8 9 10 12 13 0
7 14 0 2 3 4 5 6 8 9 11 12 13 0
7 14 0 2 3 4 5 6 8 10 11 12 13 0
7 14 0 2 3 4 5 6 9 10 11 12 13 1
7 14 0 2 3 4 5 8 9 10 11 12 13 0
7 14 0 2 3 4 6 8 9 10 11 12 13 0
7 14 0 2 3 5 6 8 9 10 11 12 13 0
7 14 0 2 4 5 6 8 9 10 11 12 13 0
7 14 0 3 4 5 6 8 9 10 11 12 13 1
7 14 1 2 3 4 5 6 8 9 10 11 12 1
7 14 1 2 3 4 5 6 8 9 10 11 13 0
7 14 1 2 3 4 5 6 8 9 10 12 13 0
7 14 1 2 3 4 5 6 8 9 11 12 13 0
7 14 1 2 3 4 5 6 8 10 11 12 13 0
7 14 1 2 3 4 5 6 9 10 11 12 13 0
7 14 1 2 3 4 5 8 9 10 11 12 13 0
7 14 1 2 3 4 6 8 9 10 11 12 13 0
7 14 1 2 3 5 6 8 9 10 11 12 13 0
7 14 1 2 4 5 6 8 9 10 11 12 13 0
7 14 1 3 4 5 6 8 9 10 11 12 13 0
7 14 2 3 4 5 6 8 9 10 11 12 13 0
