7 14 0 1 2
7 14 0 2 1.93309
7 14 0 3 2.24038
7 14 0 4 2.27395
7 14 0 5 2.22159
7 14 0 6 2.34521
7 14 0 8 2.1557
7 14 0 9 2.34284
7 14 0 10 2.25726
7 14 0 11 2.31349
7 14 0 12 2.24812
7 14 0 13 2.24812
7 14 1 2 1.62019
7 14 1 3 1.73205
7 14 1 4 1.81265
7 14 1 5 1.73205
7 14 1 6 2
7 14 1 8 2
7 14 1 9 2
7 14 1 10 2
7 14 1 11 1.81265
7 14 1 12 2
7 14 1 13 2
7 14 2 3 2
7 14 2 4 1.93309
7 14 2 5 2
7 14 2 6 2
7 14 2 8 1.62019
7 14 2 9 2
7 14 2 10 1.85164
7 14 2 11 2
7 14 2 12 2
7 14 2 13 1.81265
7 14 3 4 2.18955
7 14 3 5 2.16556
7 14 3 6 2.27837
7 14 3 8 2
7 14 3 9 2.27837
7 14 3 10 2.16556
7 14 3 11 2.27837
7 14 3 12 2.16025
7 14 3 13 2.10639
7 14 4 5 2.23607
7 14 4 6 2.29256
7 14 4 8 2.14154
7 14 4 9 2.30079
7 14 4 10 2.27395
7 14 4 11 2.26779
7 14 4 12 2.17562
7 14 4 13 2.14154
7 14 5 6 2.22985
7 14 5 8 2.02367
7 14 5 9 2.29907
7 14 5 10 2.19848
7 14 5 11 2.23607
7 14 5 12 2.08683
7 14 5 13 2.05603
7 14 6 8 2.15322
7 14 6 9 2.36834
7 14 6 10 2.26855
7 14 6 11 2.34937
7 14 6 12 2.24846
7 14 6 13 2.23607
7 14 8 9 2.1643
7 14 8 10 2.1693
7 14 8 11 2.16025
7 14 8 12 2.10442
7 14 8 13 2.08167
7 14 9 10 2.29129
7 14 9 11 2.34937
7 14 9 12 2.26608
7 14 9 13 2.23607
7 14 10 11 2.2514
7 14 10 12 2.1693
7 14 10 13 2.1391
7 14 11 12 2.23607
7 14 11 13 2.19745
7 14 12 13 2.23607
