8 13 0 1 2 3 4 5 6 7 9 10 11 0
8 13 0 1 2 3 4 5 6 7 9 10 12 0
8 13 0 1 2 3 4 5 6 7 9 10 14 0
8 13 0 1 2 3 4 5 6 7 9 11 12 1
8 13 0 1 2 3 4 5 6 7 9 11 14 0
8 13 0 1 2 3 4 5 6 7 9 12 14 0
8 13 0 1 2 3 4 5 6 7 10 11 12 0
8 13 0 1 2 3 4 5 6 7 10 11 14 0
8 13 0 1 2 3 4 5 6 7 10 12 14 0
8 13 0 1 2 3 4 5 6 7 11 12 14 0
8 13 0 1 2 3 4 5 6 9 10 11 12 0
8 13 0 1 2 3 4 5 6 9 10 11 14 0
8 13 0 1 2 3 4 5 6 9 10 12 14 0
8 13 0 1 2 3 4 5 6 9 11 12 14 0
8 13 0 1 2 3 4 5 6 10 11 12 14 0
8 13 0 1 2 3 4 5 7 9 10 11 12 0
8 13 0 1 2 3 4 5 7 9 10 11 14 0
8 13 0 1 2 3 4 5 7 9 10 12 14 1
8 13 0 1 2 3 4 5 7 9 11 12 14 0
8 13 0 1 2 3 4 5 7 10 11 12 14 1
8 13 0 1 2 3 4 5 9 10 11 12 14 0
8 13 0 1 2 3 4 6 7 9 10 11 12 0
8 13 0 1 2 3 4 6 7 9 10 11 14 0
8 13 0 1 2 3 4 6 7 9 10 12 14 0
8 13 0 1 2 3 4 6 7 9 11 12 14 0
8 13 0 1 2 3 4 6 7 10 11 12 14 0
8 13 0 1 2 3 4 6 9 10 11 12 14 1
8 13 0 1 2 3 4 7 9 10 11 12 14 0
8 13 0 1 2 3 5 6 7 9 10 11 12 0
8 13 0 1 2 3 5 6 7 9 10 11 14 0
8 13 0 1 2 3 5 6 7 9 10 12 14 0
8 13 0 1 2 3 5 6 7 9 11 12 14 1
8 13 0 1 2 3 5 6 7 10 11 12 14 0
8 13 0 1 2 3 5 6 9 10 11 12 14 0
8 13 0 1 2 3 5 7 9 10 11 12 14 0
8 13 0 1 2 3 6 7 9 10 11 12 14 1
8 13 0 1 2 4 5 6 7 9 10 11 12 0
8 13 0 1 2 4 5 6 7 9 10 11 14 0
8 13 0 1 2 4 5 6 7 9 10 12 14 1
8 13 0 1 2 4 5 6 7 9 11 12 14 0
8 13 0 1 2 4 5 6 7 10 11 12 14 0
8 13 0 1 2 4 5 6 9 10 11 12 14 1
8 13 0 1 2 4 5 7 9 10 11 12 14 0
8 13 0 1 2 4 6 7 9 10 11 12 14 0
8 13 0 1 2 5 6 7 9 10 11 12 14 0
8 13 0 1 3 4 5 6 7 9 10 11 12 0
8 13 0 1 3 4 5 6 7 9 10 11 14 0
8 13 0 1 3 4 5 6 7 9 10 12 14 0
8 13 0 1 3 4 5 6 7 9 11 12 14 0
8 13 0 1 3 4 5 6 7 10 11 12 14 0
8 13 0 1 3 4 5 6 9 10 11 12 14 0
8 13 0 1 3 4 5 7 9 10 11 12 14 0
8 13 0 1 3 4 6 7 9 10 11 12 14 1
8 13 0 1 3 5 6 7 9 10 11 12 14 0
8 13 0 1 4 5 6 7 9 10 11 12 14 1
8 13 0 2 3 4 5 6 7 9 10 11 12 0
8 13 0 2 3 4 5 6 7 9 10 11 14 1
8 13 0 2 3 4 5 6 7 9 10 12 14 0
8 13 0 2 3 4 5 6 7 9 11 12 14 0
8 13 0 2 3 4 5 6 7 10 11 12 14 0
8 13 0 2 3 4 5 6 9 10 11 12 14 1
8 13 0 2 3 4 5 7 9 10 11 12 14 0
8 13 0 2 3 4 6 7 9 10 11 12 14 0
8 13 0 2 3 5 6 7 9 10 11 12 14 0
8 13 0 2 4 5 6 7 9 10 11 12 14 0
8 13 0 3 4 5 6 7 9 10 11 12 14 1
8 13 1 2 3 4 5 6 7 9 10 11 12 0
8 13 1 2 3 4 5 6 7 9 10 11 14 0
8 13 1 2 3 4 5 6 7 9 10 12 14 0
8 13 1 2 3 4 5 6 7 9 11 12 14 0
8 13 1 2 3 4 5 6 7 10 11 12 14 0
8 13 1 2 3 4 5 6 9 10 11 12 14 0
8 13 1 2 3 4 5 7 9 10 11 12 14 0
8 13 1 2 3 4 6 7 9 10 11 12 14 0
8 13 1 2 3 5 6 7 9 10 11 12 14 0
8 13 1 2 4 5 6 7 9 10 11 12 14 0
8 13 1 3 4 5 6 7 9 10 11 12 14 0
8 13 2 3 4 5 6 7 9 10 11 12 14 0
