8 13 0 1 2 3 1.73205
8 13 0 1 2 4 1.81265
8 13 0 1 2 5 1.73205
8 13 0 1 2 6 2
8 13 0 1 2 7 1.62019
8 13 0 1 2 9 2
8 13 0 1 2 10 2
8 13 0 1 2 11 1.81265
8 13 0 1 2 12 2
8 13 0 1 2 14 2
8 13 0 1 3 4 1.41421
8 13 0 1 3 5 1.41421
8 13 0 1 3 6 1.90693
8 13 0 1 3 7 1.73205
8 13 0 1 3 9 1.90693
8 13 0 1 3 10 1.73205
8 13 0 1 3 11 1.90693
8 13 0 1 3 12 1.90693
8 13 0 1 3 14 1.85164
8 13 0 1 4 5 1.90693
8 13 0 1 4 6 2.13664
8 13 0 1 4 7 1.81265
8 13 0 1 4 9 2.16025
8 13 0 1 4 10 2.19089
8 13 0 1 4 11 2
8 13 0 1 4 12 2.19089
8 13 0 1 4 14 2.19089
8 13 0 1 5 6 1.73205
8 13 0 1 5 7 1.73205
8 13 0 1 5 9 1.85164
8 13 0 1 5 10 1.90693
8 13 0 1 5 11 1.41421
8 13 0 1 5 12 1.90693
8 13 0 1 5 14 1.90693
8 13 0 1 6 7 2
8 13 0 1 6 9 2.28446
8 13 0 1 6 10 2.23607
8 13 0 1 6 11 2.19089
8 13 0 1 6 12 2.28446
8 13 0 1 6 14 2.26385
8 13 0 1 7 9 2
8 13 0 1 7 10 2
8 13 0 1 7 11 1.81265
8 13 0 1 7 12 2
8 13 0 1 7 14 2
8 13 0 1 9 10 2.26385
8 13 0 1 9 11 2.19089
8 13 0 1 9 12 2.3094
8 13 0 1 9 14 2.3094
8 13 0 1 10 11 2.13664
8 13 0 1 10 12 2.28446
8 13 0 1 10 14 2.28446
8 13 0 1 11 12 2.19089
8 13 0 1 11 14 2.16025
8 13 0 1 12 14 2.3094
8 13 0 2 3 4 1.62019
8 13 0 2 3 5 1.41421
8 13 0 2 3 6 2
8 13 0 2 3 7 1.62019
8 13 0 2 3 9 2
8 13 0 2 3 10 1.73205
8 13 0 2 3 11 2
8 13 0 2 3 12 1.81265
8 13 0 2 3 14 1.81265
8 13 0 2 4 5 2
8 13 0 2 4 6 1.93309
8 13 0 2 4 7 1.62019
8 13 0 2 4 9 2
8 13 0 2 4 10 2
8 13 0 2 4 11 1.85164
8 13 0 2 4 12 1.93309
8 13 0 2 4 14 2
8 13 0 2 5 6 1.73205
8 13 0 2 5 7 1.62019
8 13 0 2 5 9 1.81265
8 13 0 2 5 10 2
8 13 0 2 5 11 1.62019
8 13 0 2 5 12 1.81265
8 13 0 2 5 14 2
8 13 0 2 6 7 1.62019
8 13 0 2 6 9 2.08167
8 13 0 2 6 10 2
8 13 0 2 6 11 2
8 13 0 2 6 12 2
8 13 0 2 6 14 2.0381
8 13 0 2 7 9 1.62019
8 13 0 2 7 10 1.62019
8 13 0 2 7 11 1.62019
8 13 0 2 7 12 1.62019
8 13 0 2 7 14 1.62019
8 13 0 2 9 10 2.0381
8 13 0 2 9 11 2
8 13 0 2 9 12 2.04495
8 13 0 2 9 14 2.05751
8 13 0 2 10 11 1.93309
8 13 0 2 10 12 2
8 13 0 2 10 14 2.08167
8 13 0 2 11 12 1.93309
8 13 0 2 11 14 2
8 13 0 2 12 14 2.04495
8 13 0 3 4 5 1.73205
8 13 0 3 4 6 2.13664
8 13 0 3 4 7 1.62019
8 13 0 3 4 9 2.13664
8 13 0 3 4 10 2.13664
8 13 0 3 4 11 2.13664
8 13 0 3 4 12 2
8 13 0 3 4 14 2.13664
8 13 0 3 5 6 1.73205
8 13 0 3 5 7 1.41421
8 13 0 3 5 9 1.73205
8 13 0 3 5 10 1.73205
8 13 0 3 5 11 1.73205
8 13 0 3 5 12 1.41421
8 13 0 3 5 14 1.73205
8 13 0 3 6 7 2
8 13 0 3 6 9 2.28446
8 13 0 3 6 10 2.23607
8 13 0 3 6 11 2.28446
8 13 0 3 6 12 2.19089
8 13 0 3 6 14 2.26385
8 13 0 3 7 9 2
8 13 0 3 7 10 1.73205
8 13 0 3 7 11 2
8 13 0 3 7 12 1.81265
8 13 0 3 7 14 1.81265
8 13 0 3 9 10 2.23607
8 13 0 3 9 11 2.28446
8 13 0 3 9 12 2.19089
8 13 0 3 9 14 2.26385
8 13 0 3 10 11 2.23607
8 13 0 3 10 12 2.13664
8 13 0 3 10 14 2.23607
8 13 0 3 11 12 2.19089
8 13 0 3 11 14 2.26385
8 13 0 3 12 14 2.16025
8 13 0 4 5 6 2.23607
8 13 0 4 5 7 2
8 13 0 4 5 9 2.26385
8 13 0 4 5 10 2.28446
8 13 0 4 5 11 2.13664
8 13 0 4 5 12 2.19089
8 13 0 4 5 14 2.28446
8 13 0 4 6 7 1.93309
8 13 0 4 6 9 2.58844
8 13 0 4 6 10 2.58844
8 13 0 4 6 11 2.52543
8 13 0 4 6 12 2.52543
8 13 0 4 6 14 2.58844
8 13 0 4 7 9 2
8 13 0 4 7 10 2
8 13 0 4 7 11 1.85164
8 13 0 4 7 12 1.93309
8 13 0 4 7 14 2
8 13 0 4 9 10 2.60419
8 13 0 4 9 11 2.52543
8 13 0 4 9 12 2.53722
8 13 0 4 9 14 2.60419
8 13 0 4 10 11 2.52543
8 13 0 4 10 12 2.53899
8 13 0 4 10 14 2.64575
8 13 0 4 11 12 2.44949
8 13 0 4 11 14 2.52543
8 13 0 4 12 14 2.53899
8 13 0 5 6 7 1.73205
8 13 0 5 6 9 2.23607
8 13 0 5 6 10 2.23607
8 13 0 5 6 11 2.13664
8 13 0 5 6 12 2.13664
8 13 0 5 6 14 2.23607
8 13 0 5 7 9 1.81265
8 13 0 5 7 10 2
8 13 0 5 7 11 1.62019
8 13 0 5 7 12 1.81265
8 13 0 5 7 14 2
8 13 0 5 9 10 2.26385
8 13 0 5 9 11 2.13664
8 13 0 5 9 12 2.16025
8 13 0 5 9 14 2.26385
8 13 0 5 10 11 2.13664
8 13 0 5 10 12 2.19089
8 13 0 5 10 14 2.28446
8 13 0 5 11 12 2
8 13 0 5 11 14 2.13664
8 13 0 5 12 14 2.19089
8 13 0 6 7 9 2.08167
8 13 0 6 7 10 2
8 13 0 6 7 11 2
8 13 0 6 7 12 2
8 13 0 6 7 14 2.0381
8 13 0 6 9 10 2.64575
8 13 0 6 9 11 2.64575
8 13 0 6 9 12 2.64575
8 13 0 6 9 14 2.66288
8 13 0 6 10 11 2.58844
8 13 0 6 10 12 2.58844
8 13 0 6 10 14 2.64575
8 13 0 6 11 12 2.53899
8 13 0 6 11 14 2.60419
8 13 0 6 12 14 2.60419
8 13 0 7 9 10 2.0381
8 13 0 7 9 11 2
8 13 0 7 9 12 2.04495
8 13 0 7 9 14 2.05751
8 13 0 7 10 11 1.93309
8 13 0 7 10 12 2
8 13 0 7 10 14 2.08167
8 13 0 7 11 12 1.93309
8 13 0 7 11 14 2
8 13 0 7 12 14 2.04495
8 13 0 9 10 11 2.58844
8 13 0 9 10 12 2.60419
8 13 0 9 10 14 2.66288
8 13 0 9 11 12 2.53899
8 13 0 9 11 14 2.60419
8 13 0 9 12 14 2.61861
8 13 0 10 11 12 2.52543
8 13 0 10 11 14 2.58844
8 13 0 10 12 14 2.64575
8 13 0 11 12 14 2.53722
8 13 1 2 3 4 1.41421
8 13 1 2 3 5 1.41421
8 13 1 2 3 6 1.73205
8 13 1 2 3 7 1.62019
8 13 1 2 3 9 1.73205
8 13 1 2 3 10 1.41421
8 13 1 2 3 11 1.73205
8 13 1 2 3 12 1.73205
8 13 1 2 3 14 1.62019
8 13 1 2 4 5 1.73205
8 13 1 2 4 6 1.62019
8 13 1 2 4 7 1.62019
8 13 1 2 4 9 1.73205
8 13 1 2 4 10 1.81265
8 13 1 2 4 11 1.41421
8 13 1 2 4 12 1.81265
8 13 1 2 4 14 1.81265
8 13 1 2 5 6 1.41421
8 13 1 2 5 7 1.62019
8 13 1 2 5 9 1.62019
8 13 1 2 5 10 1.73205
8 13 1 2 5 11 1.41421
8 13 1 2 5 12 1.73205
8 13 1 2 5 14 1.73205
8 13 1 2 6 7 1.62019
8 13 1 2 6 9 2
8 13 1 2 6 10 1.73205
8 13 1 2 6 11 1.81265
8 13 1 2 6 12 2
8 13 1 2 6 14 1.81265
8 13 1 2 7 9 1.62019
8 13 1 2 7 10 1.62019
8 13 1 2 7 11 1.62019
8 13 1 2 7 12 1.62019
8 13 1 2 7 14 1.62019
8 13 1 2 9 10 1.81265
8 13 1 2 9 11 1.81265
8 13 1 2 9 12 2
8 13 1 2 9 14 2
8 13 1 2 10 11 1.62019
8 13 1 2 10 12 2
8 13 1 2 10 14 2
8 13 1 2 11 12 1.81265
8 13 1 2 11 14 1.73205
8 13 1 2 12 14 2
8 13 1 3 4 5 1.41421
8 13 1 3 4 6 1.41421
8 13 1 3 4 7 1.41421
8 13 1 3 4 9 1.41421
8 13 1 3 4 10 1.41421
8 13 1 3 4 11 1.41421
8 13 1 3 4 12 1.41421
8 13 1 3 4 14 1.41421
8 13 1 3 5 6 1.41421
8 13 1 3 5 7 1.41421
8 13 1 3 5 9 1.41421
8 13 1 3 5 10 1.41421
8 13 1 3 5 11 1.41421
8 13 1 3 5 12 1.41421
8 13 1 3 5 14 1.41421
8 13 1 3 6 7 1.73205
8 13 1 3 6 9 1.90693
8 13 1 3 6 10 1.73205
8 13 1 3 6 11 1.90693
8 13 1 3 6 12 1.90693
8 13 1 3 6 14 1.85164
8 13 1 3 7 9 1.73205
8 13 1 3 7 10 1.41421
8 13 1 3 7 11 1.73205
8 13 1 3 7 12 1.73205
8 13 1 3 7 14 1.62019
8 13 1 3 9 10 1.73205
8 13 1 3 9 11 1.90693
8 13 1 3 9 12 1.90693
8 13 1 3 9 14 1.85164
8 13 1 3 10 11 1.73205
8 13 1 3 10 12 1.73205
8 13 1 3 10 14 1.73205
8 13 1 3 11 12 1.90693
8 13 1 3 11 14 1.85164
8 13 1 3 12 14 1.85164
8 13 1 4 5 6 1.73205
8 13 1 4 5 7 1.73205
8 13 1 4 5 9 1.85164
8 13 1 4 5 10 1.90693
8 13 1 4 5 11 1.41421
8 13 1 4 5 12 1.90693
8 13 1 4 5 14 1.90693
8 13 1 4 6 7 1.62019
8 13 1 4 6 9 2.13664
8 13 1 4 6 10 2.13664
8 13 1 4 6 11 2
8 13 1 4 6 12 2.13664
8 13 1 4 6 14 2.13664
8 13 1 4 7 9 1.73205
8 13 1 4 7 10 1.81265
8 13 1 4 7 11 1.41421
8 13 1 4 7 12 1.81265
8 13 1 4 7 14 1.81265
8 13 1 4 9 10 2.16025
8 13 1 4 9 11 2
8 13 1 4 9 12 2.16025
8 13 1 4 9 14 2.16025
8 13 1 4 10 11 2
8 13 1 4 10 12 2.19089
8 13 1 4 10 14 2.19089
8 13 1 4 11 12 2
8 13 1 4 11 14 2
8 13 1 4 12 14 2.19089
8 13 1 5 6 7 1.41421
8 13 1 5 6 9 1.73205
8 13 1 5 6 10 1.73205
8 13 1 5 6 11 1.41421
8 13 1 5 6 12 1.73205
8 13 1 5 6 14 1.73205
8 13 1 5 7 9 1.62019
8 13 1 5 7 10 1.73205
8 13 1 5 7 11 1.41421
8 13 1 5 7 12 1.73205
8 13 1 5 7 14 1.73205
8 13 1 5 9 10 1.85164
8 13 1 5 9 11 1.41421
8 13 1 5 9 12 1.85164
8 13 1 5 9 14 1.85164
8 13 1 5 10 11 1.41421
8 13 1 5 10 12 1.90693
8 13 1 5 10 14 1.90693
8 13 1 5 11 12 1.41421
8 13 1 5 11 14 1.41421
8 13 1 5 12 14 1.90693
8 13 1 6 7 9 2
8 13 1 6 7 10 1.73205
8 13 1 6 7 11 1.81265
8 13 1 6 7 12 2
8 13 1 6 7 14 1.81265
8 13 1 6 9 10 2.23607
8 13 1 6 9 11 2.19089
8 13 1 6 9 12 2.28446
8 13 1 6 9 14 2.26385
8 13 1 6 10 11 2.13664
8 13 1 6 10 12 2.23607
8 13 1 6 10 14 2.23607
8 13 1 6 11 12 2.19089
8 13 1 6 11 14 2.16025
8 13 1 6 12 14 2.26385
8 13 1 7 9 10 1.81265
8 13 1 7 9 11 1.81265
8 13 1 7 9 12 2
8 13 1 7 9 14 2
8 13 1 7 10 11 1.62019
8 13 1 7 10 12 2
8 13 1 7 10 14 2
8 13 1 7 11 12 1.81265
8 13 1 7 11 14 1.73205
8 13 1 7 12 14 2
8 13 1 9 10 11 2.13664
8 13 1 9 10 12 2.26385
8 13 1 9 10 14 2.26385
8 13 1 9 11 12 2.19089
8 13 1 9 11 14 2.16025
8 13 1 9 12 14 2.3094
8 13 1 10 11 12 2.13664
8 13 1 10 11 14 2.13664
8 13 1 10 12 14 2.28446
8 13 1 11 12 14 2.16025
8 13 2 3 4 5 1.41421
8 13 2 3 4 6 1.62019
8 13 2 3 4 7 1.41421
8 13 2 3 4 9 1.62019
8 13 2 3 4 10 1.62019
8 13 2 3 4 11 1.62019
8 13 2 3 4 12 1.41421
8 13 2 3 4 14 1.62019
8 13 2 3 5 6 1.41421
8 13 2 3 5 7 1.41421
8 13 2 3 5 9 1.41421
8 13 2 3 5 10 1.41421
8 13 2 3 5 11 1.41421
8 13 2 3 5 12 1.41421
8 13 2 3 5 14 1.41421
8 13 2 3 6 7 1.62019
8 13 2 3 6 9 2
8 13 2 3 6 10 1.73205
8 13 2 3 6 11 2
8 13 2 3 6 12 1.81265
8 13 2 3 6 14 1.81265
8 13 2 3 7 9 1.62019
8 13 2 3 7 10 1.41421
8 13 2 3 7 11 1.62019
8 13 2 3 7 12 1.62019
8 13 2 3 7 14 1.41421
8 13 2 3 9 10 1.73205
8 13 2 3 9 11 2
8 13 2 3 9 12 1.81265
8 13 2 3 9 14 1.81265
8 13 2 3 10 11 1.73205
8 13 2 3 10 12 1.62019
8 13 2 3 10 14 1.73205
8 13 2 3 11 12 1.81265
8 13 2 3 11 14 1.81265
8 13 2 3 12 14 1.73205
8 13 2 4 5 6 1.73205
8 13 2 4 5 7 1.62019
8 13 2 4 5 9 1.81265
8 13 2 4 5 10 2
8 13 2 4 5 11 1.62019
8 13 2 4 5 12 1.81265
8 13 2 4 5 14 2
8 13 2 4 6 7 1
8 13 2 4 6 9 1.93309
8 13 2 4 6 10 1.93309
8 13 2 4 6 11 1.85164
8 13 2 4 6 12 1.85164
8 13 2 4 6 14 1.93309
8 13 2 4 7 9 1.41421
8 13 2 4 7 10 1.62019
8 13 2 4 7 11 1
8 13 2 4 7 12 1.62019
8 13 2 4 7 14 1.62019
8 13 2 4 9 10 2
8 13 2 4 9 11 1.85164
8 13 2 4 9 12 1.90693
8 13 2 4 9 14 2
8 13 2 4 10 11 1.85164
8 13 2 4 10 12 1.93309
8 13 2 4 10 14 2
8 13 2 4 11 12 1.73205
8 13 2 4 11 14 1.85164
8 13 2 4 12 14 1.93309
8 13 2 5 6 7 1.41421
8 13 2 5 6 9 1.73205
8 13 2 5 6 10 1.73205
8 13 2 5 6 11 1.62019
8 13 2 5 6 12 1.62019
8 13 2 5 6 14 1.73205
8 13 2 5 7 9 1.41421
8 13 2 5 7 10 1.62019
8 13 2 5 7 11 1.41421
8 13 2 5 7 12 1.62019
8 13 2 5 7 14 1.62019
8 13 2 5 9 10 1.81265
8 13 2 5 9 11 1.62019
8 13 2 5 9 12 1.73205
8 13 2 5 9 14 1.81265
8 13 2 5 10 11 1.62019
8 13 2 5 10 12 1.81265
8 13 2 5 10 14 2
8 13 2 5 11 12 1.41421
8 13 2 5 11 14 1.62019
8 13 2 5 12 14 1.81265
8 13 2 6 7 9 1.62019
8 13 2 6 7 10 1
8 13 2 6 7 11 1.62019
8 13 2 6 7 12 1.62019
8 13 2 6 7 14 1.41421
8 13 2 6 9 10 2
8 13 2 6 9 11 2
8 13 2 6 9 12 2
8 13 2 6 9 14 2.0381
8 13 2 6 10 11 1.93309
8 13 2 6 10 12 1.93309
8 13 2 6 10 14 2
8 13 2 6 11 12 1.93309
8 13 2 6 11 14 2
8 13 2 6 12 14 2
8 13 2 7 9 10 1.41421
8 13 2 7 9 11 1.62019
8 13 2 7 9 12 1.62019
8 13 2 7 9 14 1.41421
8 13 2 7 10 11 1
8 13 2 7 10 12 1.62019
8 13 2 7 10 14 1.62019
8 13 2 7 11 12 1.62019
8 13 2 7 11 14 1.41421
8 13 2 7 12 14 1.62019
8 13 2 9 10 11 1.93309
8 13 2 9 10 12 2
8 13 2 9 10 14 2.0381
8 13 2 9 11 12 1.93309
8 13 2 9 11 14 2
8 13 2 9 12 14 2.01187
8 13 2 10 11 12 1.85164
8 13 2 10 11 14 1.93309
8 13 2 10 12 14 2
8 13 2 11 12 14 1.90693
8 13 3 4 5 6 1.73205
8 13 3 4 5 7 1.41421
8 13 3 4 5 9 1.73205
8 13 3 4 5 10 1.73205
8 13 3 4 5 11 1.73205
8 13 3 4 5 12 1.41421
8 13 3 4 5 14 1.73205
8 13 3 4 6 7 1.62019
8 13 3 4 6 9 2.13664
8 13 3 4 6 10 2.13664
8 13 3 4 6 11 2.13664
8 13 3 4 6 12 2
8 13 3 4 6 14 2.13664
8 13 3 4 7 9 1.62019
8 13 3 4 7 10 1.62019
8 13 3 4 7 11 1.62019
8 13 3 4 7 12 1.41421
8 13 3 4 7 14 1.62019
8 13 3 4 9 10 2.13664
8 13 3 4 9 11 2.13664
8 13 3 4 9 12 2
8 13 3 4 9 14 2.13664
8 13 3 4 10 11 2.13664
8 13 3 4 10 12 2
8 13 3 4 10 14 2.13664
8 13 3 4 11 12 2
8 13 3 4 11 14 2.13664
8 13 3 4 12 14 2
8 13 3 5 6 7 1.41421
8 13 3 5 6 9 1.73205
8 13 3 5 6 10 1.73205
8 13 3 5 6 11 1.73205
8 13 3 5 6 12 1.41421
8 13 3 5 6 14 1.73205
8 13 3 5 7 9 1.41421
8 13 3 5 7 10 1.41421
8 13 3 5 7 11 1.41421
8 13 3 5 7 12 1.41421
8 13 3 5 7 14 1.41421
8 13 3 5 9 10 1.73205
8 13 3 5 9 11 1.73205
8 13 3 5 9 12 1.41421
8 13 3 5 9 14 1.73205
8 13 3 5 10 11 1.73205
8 13 3 5 10 12 1.41421
8 13 3 5 10 14 1.73205
8 13 3 5 11 12 1.41421
8 13 3 5 11 14 1.73205
8 13 3 5 12 14 1.41421
8 13 3 6 7 9 2
8 13 3 6 7 10 1.73205
8 13 3 6 7 11 2
8 13 3 6 7 12 1.81265
8 13 3 6 7 14 1.81265
8 13 3 6 9 10 2.23607
8 13 3 6 9 11 2.28446
8 13 3 6 9 12 2.19089
8 13 3 6 9 14 2.26385
8 13 3 6 10 11 2.23607
8 13 3 6 10 12 2.13664
8 13 3 6 10 14 2.23607
8 13 3 6 11 12 2.19089
8 13 3 6 11 14 2.26385
8 13 3 6 12 14 2.16025
8 13 3 7 9 10 1.73205
8 13 3 7 9 11 2
8 13 3 7 9 12 1.81265
8 13 3 7 9 14 1.81265
8 13 3 7 10 11 1.73205
8 13 3 7 10 12 1.62019
8 13 3 7 10 14 1.73205
8 13 3 7 11 12 1.81265
8 13 3 7 11 14 1.81265
8 13 3 7 12 14 1.73205
8 13 3 9 10 11 2.23607
8 13 3 9 10 12 2.13664
8 13 3 9 10 14 2.23607
8 13 3 9 11 12 2.19089
8 13 3 9 11 14 2.26385
8 13 3 9 12 14 2.16025
8 13 3 10 11 12 2.13664
8 13 3 10 11 14 2.23607
8 13 3 10 12 14 2.13664
8 13 3 11 12 14 2.16025
8 13 4 5 6 7 1.73205
8 13 4 5 6 9 2.23607
8 13 4 5 6 10 2.23607
8 13 4 5 6 11 2.13664
8 13 4 5 6 12 2.13664
8 13 4 5 6 14 2.23607
8 13 4 5 7 9 1.81265
8 13 4 5 7 10 2
8 13 4 5 7 11 1.62019
8 13 4 5 7 12 1.81265
8 13 4 5 7 14 2
8 13 4 5 9 10 2.26385
8 13 4 5 9 11 2.13664
8 13 4 5 9 12 2.16025
8 13 4 5 9 14 2.26385
8 13 4 5 10 11 2.13664
8 13 4 5 10 12 2.19089
8 13 4 5 10 14 2.28446
8 13 4 5 11 12 2
8 13 4 5 11 14 2.13664
8 13 4 5 12 14 2.19089
8 13 4 6 7 9 1.93309
8 13 4 6 7 10 1.93309
8 13 4 6 7 11 1.85164
8 13 4 6 7 12 1.85164
8 13 4 6 7 14 1.93309
8 13 4 6 9 10 2.58844
8 13 4 6 9 11 2.52543
8 13 4 6 9 12 2.52543
8 13 4 6 9 14 2.58844
8 13 4 6 10 11 2.52543
8 13 4 6 10 12 2.52543
8 13 4 6 10 14 2.58844
8 13 4 6 11 12 2.44949
8 13 4 6 11 14 2.52543
8 13 4 6 12 14 2.52543
8 13 4 7 9 10 2
8 13 4 7 9 11 1.85164
8 13 4 7 9 12 1.90693
8 13 4 7 9 14 2
8 13 4 7 10 11 1.85164
8 13 4 7 10 12 1.93309
8 13 4 7 10 14 2
8 13 4 7 11 12 1.73205
8 13 4 7 11 14 1.85164
8 13 4 7 12 14 1.93309
8 13 4 9 10 11 2.52543
8 13 4 9 10 12 2.53722
8 13 4 9 10 14 2.60419
8 13 4 9 11 12 2.44949
8 13 4 9 11 14 2.52543
8 13 4 9 12 14 2.53722
8 13 4 10 11 12 2.44949
8 13 4 10 11 14 2.52543
8 13 4 10 12 14 2.53899
8 13 4 11 12 14 2.44949
8 13 5 6 7 9 1.73205
8 13 5 6 7 10 1.73205
8 13 5 6 7 11 1.62019
8 13 5 6 7 12 1.62019
8 13 5 6 7 14 1.73205
8 13 5 6 9 10 2.23607
8 13 5 6 9 11 2.13664
8 13 5 6 9 12 2.13664
8 13 5 6 9 14 2.23607
8 13 5 6 10 11 2.13664
8 13 5 6 10 12 2.13664
8 13 5 6 10 14 2.23607
8 13 5 6 11 12 2
8 13 5 6 11 14 2.13664
8 13 5 6 12 14 2.13664
8 13 5 7 9 10 1.81265
8 13 5 7 9 11 1.62019
8 13 5 7 9 12 1.73205
8 13 5 7 9 14 1.81265
8 13 5 7 10 11 1.62019
8 13 5 7 10 12 1.81265
8 13 5 7 10 14 2
8 13 5 7 11 12 1.41421
8 13 5 7 11 14 1.62019
8 13 5 7 12 14 1.81265
8 13 5 9 10 11 2.13664
8 13 5 9 10 12 2.16025
8 13 5 9 10 14 2.26385
8 13 5 9 11 12 2
8 13 5 9 11 14 2.13664
8 13 5 9 12 14 2.16025
8 13 5 10 11 12 2
8 13 5 10 11 14 2.13664
8 13 5 10 12 14 2.19089
8 13 5 11 12 14 2
8 13 6 7 9 10 2
8 13 6 7 9 11 2
8 13 6 7 9 12 2
8 13 6 7 9 14 2.0381
8 13 6 7 10 11 1.93309
8 13 6 7 10 12 1.93309
8 13 6 7 10 14 2
8 13 6 7 11 12 1.93309
8 13 6 7 11 14 2
8 13 6 7 12 14 2
8 13 6 9 10 11 2.58844
8 13 6 9 10 12 2.58844
8 13 6 9 10 14 2.64575
8 13 6 9 11 12 2.53899
8 13 6 9 11 14 2.60419
8 13 6 9 12 14 2.60419
8 13 6 10 11 12 2.52543
8 13 6 10 11 14 2.58844
8 13 6 10 12 14 2.58844
8 13 6 11 12 14 2.53722
8 13 7 9 10 11 1.93309
8 13 7 9 10 12 2
8 13 7 9 10 14 2.0381
8 13 7 9 11 12 1.93309
8 13 7 9 11 14 2
8 13 7 9 12 14 2.01187
8 13 7 10 11 12 1.85164
8 13 7 10 11 14 1.93309
8 13 7 10 12 14 2
8 13 7 11 12 14 1.90693
8 13 9 10 11 12 2.52543
8 13 9 10 11 14 2.58844
8 13 9 10 12 14 2.60419
8 13 9 11 12 14 2.53722
8 13 10 11 12 14 2.52543
