3 4 0 1 1.41421
3 4 0 2 2.16556
3 4 0 5 2.29907
3 4 0 6 2.49313
3 4 0 7 2.16556
3 4 0 8 2.28709
3 4 0 9 2.49313
3 4 0 10 2.44831
3 4 0 11 2.49313
3 4 0 12 2.33699
3 4 0 13 2.33699
3 4 0 14 2.48193
3 4 1 2 1.41421
3 4 1 5 1.41421
3 4 1 6 1.41421
3 4 1 7 1.41421
3 4 1 8 1.41421
3 4 1 9 1.41421
3 4 1 10 1.41421
3 4 1 11 1.41421
3 4 1 12 1.41421
3 4 1 13 1.41421
3 4 1 14 1.41421
3 4 2 5 2.16556
3 4 2 6 2.23607
3 4 2 7 2
3 4 2 8 1.93309
3 4 2 9 2.23607
3 4 2 10 2.13809
3 4 2 11 2.23607
3 4 2 12 2.0381
3 4 2 13 2
3 4 2 14 2.18955
3 4 5 6 2.35584
3 4 5 7 2.16556
3 4 5 8 2.07802
3 4 5 9 2.35584
3 4 5 10 2.29129
3 4 5 11 2.35584
3 4 5 12 2.16556
3 4 5 13 2.10357
3 4 5 14 2.33699
3 4 6 7 2.23607
3 4 6 8 2.32266
3 4 6 9 2.53859
3 4 6 10 2.48193
3 4 6 11 2.53859
3 4 6 12 2.36827
3 4 6 13 2.33699
3 4 6 14 2.50805
3 4 7 8 1.93309
3 4 7 9 2.23607
3 4 7 10 2.13809
3 4 7 11 2.23607
3 4 7 12 2.0381
3 4 7 13 2
3 4 7 14 2.18955
3 4 8 9 2.32266
3 4 8 10 2.32266
3 4 8 11 2.32266
3 4 8 12 2.16025
3 4 8 13 2.13664
3 4 8 14 2.32266
3 4 9 10 2.48193
3 4 9 11 2.53859
3 4 9 12 2.36827
3 4 9 13 2.33699
3 4 9 14 2.50805
3 4 10 11 2.48193
3 4 10 12 2.32266
3 4 10 13 2.28709
3 4 10 14 2.48193
3 4 11 12 2.36827
3 4 11 13 2.33699
3 4 11 14 2.50805
3 4 12 13 2.19089
3 4 12 14 2.34521
3 4 13 14 2.32266
