3 7 0 1 2 4 5 6 8 9 10 11 12 0
3 7 0 1 2 4 5 6 8 9 10 11 13 0
3 7 0 1 2 4 5 6 8 9 10 11 14 0
3 7 0 1 2 4 5 6 8 9 10 12 13 0
3 7 0 1 2 4 5 6 8 9 10 12 14 0
3 7 0 1 2 4 5 6 8 9 10 13 14 0
3 7 0 1 2 4 5 6 8 9 11 12 13 1
3 7 0 1 2 4 5 6 8 9 11 12 14 0
3 7 0 1 2 4 5 6 8 9 11 13 14 0
3 7 0 1 2 4 5 6 8 9 12 13 14 0
3 7 0 1 2 4 5 6 8 10 11 12 13 0
3 7 0 1 2 4 5 6 8 10 11 12 14 0
3 7 0 1 2 4 5 6 8 10 11 13 14 0
3 7 0 1 2 4 5 6 8 10 12 13 14 0
3 7 0 1 2 4 5 6 8 11 12 13 14 0
3 7 0 1 2 4 5 6 9 10 11 12 13 0
3 7 0 1 2 4 5 6 9 10 11 12 14 0
3 7 0 1 2 4 5 6 9 10 11 13 14 0
3 7 0 1 2 4 5 6 9 10 12 13 14 0
3 7 0 1 2 4 5 6 9 11 12 13 14 1
3 7 0 1 2 4 5 6 10 11 12 13 14 0
3 7 0 1 2 4 5 8 9 10 11 12 13 0
3 7 0 1 2 4 5 8 9 10 11 12 14 0
3 7 0 1 2 4 5 8 9 10 11 13 14 0
3 7 0 1 2 4 5 8 9 10 12 13 14 1
3 7 0 1 2 4 5 8 9 11 12 13 14 0
3 7 0 1 2 4 5 8 10 11 12 13 14 1
3 7 0 1 2 4 5 9 10 11 12 13 14 0
3 7 0 1 2 4 6 8 9 10 11 12 13 0
3 7 0 1 2 4 6 8 9 10 11 12 14 0
3 7 0 1 2 4 6 8 9 10 11 13 14 0
3 7 0 1 2 4 6 8 9 10 12 13 14 0
3 7 0 1 2 4 6 8 9 11 12 13 14 0
3 7 0 1 2 4 6 8 10 11 12 13 14 0
3 7 0 1 2 4 6 9 10 11 12 13 14 0
3 7 0 1 2 4 8 9 10 11 12 13 14 0
3 7 0 1 2 5 6 8 9 10 11 12 13 0
3 7 0 1 2 5 6 8 9 10 11 12 14 0
3 7 0 1 2 5 6 8 9 10 11 13 14 0
3 7 0 1 2 5 6 8 9 10 12 13 14 0
3 7 0 1 2 5 6 8 9 11 12 13 14 1
3 7 0 1 2 5 6 8 10 11 12 13 14 0
3 7 0 1 2 5 6 9 10 11 12 13 14 0
3 7 0 1 2 5 8 9 10 11 12 13 14 0
3 7 0 1 2 6 8 9 10 11 12 13 14 1
3 7 0 1 4 5 6 8 9 10 11 12 13 0
3 7 0 1 4 5 6 8 9 10 11 12 14 0
3 7 0 1 4 5 6 8 9 10 11 13 14 0
3 7 0 1 4 5 6 8 9 10 12 13 14 0
3 7 0 1 4 5 6 8 9 11 12 13 14 0
3 7 0 1 4 5 6 8 10 11 12 13 14 0
3 7 0 1 4 5 6 9 10 11 12 13 14 0
3 7 0 1 4 5 8 9 10 11 12 13 14 0
3 7 0 1 4 6 8 9 10 11 12 13 14 1
3 7 0 1 5 6 8 9 10 11 12 13 14 0
3 7 0 2 4 5 6 8 9 10 11 12 13 0
3 7 0 2 4 5 6 8 9 10 11 12 14 1
3 7 0 2 4 5 6 8 9 10 11 13 14 1
3 7 0 2 4 5 6 8 9 10 12 13 14 0
3 7 0 2 4 5 6 8 9 11 12 13 14 0
3 7 0 2 4 5 6 8 10 11 12 13 14 0
3 7 0 2 4 5 6 9 10 11 12 13 14 1
3 7 0 2 4 5 8 9 10 11 12 13 14 0
3 7 0 2 4 6 8 9 10 11 12 13 14 0
3 7 0 2 5 6 8 9 10 11 12 13 14 0
3 7 0 4 5 6 8 9 10 11 12 13 14 1
3 7 1 2 4 5 6 8 9 10 11 12 13 0
3 7 1 2 4 5 6 8 9 10 11 12 14 1
3 7 1 2 4 5 6 8 9 10 11 13 14 0
3 7 1 2 4 5 6 8 9 10 12 13 14 0
3 7 1 2 4 5 6 8 9 11 12 13 14 0
3 7 1 2 4 5 6 8 10 11 12 13 14 0
3 7 1 2 4 5 6 9 10 11 12 13 14 0
3 7 1 2 4 5 8 9 10 11 12 13 14 0
3 7 1 2 4 6 8 9 10 11 12 13 14 0
3 7 1 2 5 6 8 9 10 11 12 13 14 0
3 7 1 4 5 6 8 9 10 11 12 13 14 0
3 7 2 4 5 6 8 9 10 11 12 13 14 0
