0 1 2 3 4 1.41421
0 1 2 3 5 1.73205
0 1 2 3 6 1.90693
0 1 2 3 7 1.85164
0 1 2 3 8 1.73205
0 1 2 3 9 1.90693
0 1 2 3 10 1.41421
0 1 2 3 11 1.90693
0 1 2 3 12 1.90693
0 1 2 3 13 1.90693
0 1 2 3 14 1.73205
0 1 2 4 5 1.73205
0 1 2 4 6 1.62019
0 1 2 4 7 1.62019
0 1 2 4 8 1.81265
0 1 2 4 9 1.73205
0 1 2 4 10 1.81265
0 1 2 4 11 1.41421
0 1 2 4 12 1.81265
0 1 2 4 13 1.81265
0 1 2 4 14 1.81265
0 1 2 5 6 1.73205
0 1 2 5 7 1.73205
0 1 2 5 8 1.73205
0 1 2 5 9 1.73205
0 1 2 5 10 1.73205
0 1 2 5 11 1.73205
0 1 2 5 12 1.73205
0 1 2 5 13 1.73205
0 1 2 5 14 1.73205
0 1 2 6 7 1.85164
0 1 2 6 8 2
0 1 2 6 9 1.96214
0 1 2 6 10 1.73205
0 1 2 6 11 1.93309
0 1 2 6 12 1.96214
0 1 2 6 13 1.96214
0 1 2 6 14 2
0 1 2 7 8 1.62019
0 1 2 7 9 1.85164
0 1 2 7 10 1.62019
0 1 2 7 11 1.85164
0 1 2 7 12 1.85164
0 1 2 7 13 1.85164
0 1 2 7 14 1.62019
0 1 2 8 9 2
0 1 2 8 10 2
0 1 2 8 11 1.81265
0 1 2 8 12 2
0 1 2 8 13 2
0 1 2 8 14 2
0 1 2 9 10 1.81265
0 1 2 9 11 1.93309
0 1 2 9 12 1.96769
0 1 2 9 13 1.96769
0 1 2 9 14 2
0 1 2 10 11 1.62019
0 1 2 10 12 2
0 1 2 10 13 2
0 1 2 10 14 2
0 1 2 11 12 1.93309
0 1 2 11 13 1.93309
0 1 2 11 14 1.81265
0 1 2 12 13 1.97531
0 1 2 12 14 2
0 1 2 13 14 2
0 1 3 4 5 1.41421
0 1 3 4 6 1.41421
0 1 3 4 7 1.41421
0 1 3 4 8 1.41421
0 1 3 4 9 1.41421
0 1 3 4 10 1.41421
0 1 3 4 11 1.41421
0 1 3 4 12 1.41421
0 1 3 4 13 1.41421
0 1 3 4 14 1.41421
0 1 3 5 6 1.73205
0 1 3 5 7 1.73205
0 1 3 5 8 1.41421
0 1 3 5 9 1.73205
0 1 3 5 10 1.41421
0 1 3 5 11 1.73205
0 1 3 5 12 1.73205
0 1 3 5 13 1.73205
0 1 3 5 14 1.41421
0 1 3 6 7 1.90693
0 1 3 6 8 1.90693
0 1 3 6 9 2
0 1 3 6 10 1.73205
0 1 3 6 11 2
0 1 3 6 12 2
0 1 3 6 13 2
0 1 3 6 14 1.90693
0 1 3 7 8 1.73205
0 1 3 7 9 1.90693
0 1 3 7 10 1.41421
0 1 3 7 11 1.90693
0 1 3 7 12 1.90693
0 1 3 7 13 1.90693
0 1 3 7 14 1.73205
0 1 3 8 9 1.90693
0 1 3 8 10 1.73205
0 1 3 8 11 1.90693
0 1 3 8 12 1.90693
0 1 3 8 13 1.90693
0 1 3 8 14 1.85164
0 1 3 9 10 1.73205
0 1 3 9 11 2
0 1 3 9 12 2
0 1 3 9 13 2
0 1 3 9 14 1.90693
0 1 3 10 11 1.73205
0 1 3 10 12 1.73205
0 1 3 10 13 1.73205
0 1 3 10 14 1.73205
0 1 3 11 12 2
0 1 3 11 13 2
0 1 3 11 14 1.90693
0 1 3 12 13 2
0 1 3 12 14 1.90693
0 1 3 13 14 1.90693
0 1 4 5 6 1.73205
0 1 4 5 7 1.73205
0 1 4 5 8 1.90693
0 1 4 5 9 1.85164
0 1 4 5 10 1.90693
0 1 4 5 11 1.41421
0 1 4 5 12 1.90693
0 1 4 5 13 1.90693
0 1 4 5 14 1.90693
0 1 4 6 7 1.62019
0 1 4 6 8 2.13664
0 1 4 6 9 2.13664
0 1 4 6 10 2.13664
0 1 4 6 11 2
0 1 4 6 12 2.13664
0 1 4 6 13 2.13664
0 1 4 6 14 2.13664
0 1 4 7 8 1.81265
0 1 4 7 9 1.73205
0 1 4 7 10 1.81265
0 1 4 7 11 1.41421
0 1 4 7 12 1.81265
0 1 4 7 13 1.81265
0 1 4 7 14 1.81265
0 1 4 8 9 2.16025
0 1 4 8 10 2.19089
0 1 4 8 11 2
0 1 4 8 12 2.19089
0 1 4 8 13 2.19089
0 1 4 8 14 2.19089
0 1 4 9 10 2.16025
0 1 4 9 11 2
0 1 4 9 12 2.16025
0 1 4 9 13 2.16025
0 1 4 9 14 2.16025
0 1 4 10 11 2
0 1 4 10 12 2.19089
0 1 4 10 13 2.19089
0 1 4 10 14 2.19089
0 1 4 11 12 2
0 1 4 11 13 2
0 1 4 11 14 2
0 1 4 12 13 2.19089
0 1 4 12 14 2.19089
0 1 4 13 14 2.19089
0 1 5 6 7 1.73205
0 1 5 6 8 1.73205
0 1 5 6 9 1.73205
0 1 5 6 10 1.73205
0 1 5 6 11 1.73205
0 1 5 6 12 1.73205
0 1 5 6 13 1.73205
0 1 5 6 14 1.73205
0 1 5 7 8 1.73205
0 1 5 7 9 1.73205
0 1 5 7 10 1.73205
0 1 5 7 11 1.73205
0 1 5 7 12 1.73205
0 1 5 7 13 1.73205
0 1 5 7 14 1.73205
0 1 5 8 9 1.85164
0 1 5 8 10 1.90693
0 1 5 8 11 1.41421
0 1 5 8 12 1.90693
0 1 5 8 13 1.90693
0 1 5 8 14 1.90693
0 1 5 9 10 1.85164
0 1 5 9 11 1.73205
0 1 5 9 12 1.85164
0 1 5 9 13 1.85164
0 1 5 9 14 1.85164
0 1 5 10 11 1.41421
0 1 5 10 12 1.90693
0 1 5 10 13 1.90693
0 1 5 10 14 1.90693
0 1 5 11 12 1.73205
0 1 5 11 13 1.73205
0 1 5 11 14 1.41421
0 1 5 12 13 1.90693
0 1 5 12 14 1.90693
0 1 5 13 14 1.90693
0 1 6 7 8 2
0 1 6 7 9 1.96214
0 1 6 7 10 1.73205
0 1 6 7 11 1.93309
0 1 6 7 12 1.96214
0 1 6 7 13 1.96214
0 1 6 7 14 2
0 1 6 8 9 2.28446
0 1 6 8 10 2.23607
0 1 6 8 11 2.19089
0 1 6 8 12 2.28446
0 1 6 8 13 2.28446
0 1 6 8 14 2.26385
0 1 6 9 10 2.23607
0 1 6 9 11 2.23607
0 1 6 9 12 2.44949
0 1 6 9 13 2.44949
0 1 6 9 14 2.28446
0 1 6 10 11 2.13664
0 1 6 10 12 2.23607
0 1 6 10 13 2.23607
0 1 6 10 14 2.23607
0 1 6 11 12 2.23607
0 1 6 11 13 2.23607
0 1 6 11 14 2.19089
0 1 6 12 13 2.44949
0 1 6 12 14 2.28446
0 1 6 13 14 2.28446
0 1 7 8 9 2
0 1 7 8 10 2
0 1 7 8 11 1.81265
0 1 7 8 12 2
0 1 7 8 13 2
0 1 7 8 14 2
0 1 7 9 10 1.81265
0 1 7 9 11 1.93309
0 1 7 9 12 1.96769
0 1 7 9 13 1.96769
0 1 7 9 14 2
0 1 7 10 11 1.62019
0 1 7 10 12 2
0 1 7 10 13 2
0 1 7 10 14 2
0 1 7 11 12 1.93309
0 1 7 11 13 1.93309
0 1 7 11 14 1.81265
0 1 7 12 13 1.97531
0 1 7 12 14 2
0 1 7 13 14 2
0 1 8 9 10 2.26385
0 1 8 9 11 2.19089
0 1 8 9 12 2.3094
0 1 8 9 13 2.3094
0 1 8 9 14 2.3094
0 1 8 10 11 2.13664
0 1 8 10 12 2.28446
0 1 8 10 13 2.28446
0 1 8 10 14 2.28446
0 1 8 11 12 2.19089
0 1 8 11 13 2.19089
0 1 8 11 14 2.16025
0 1 8 12 13 2.38048
0 1 8 12 14 2.3094
0 1 8 13 14 2.3094
0 1 9 10 11 2.13664
0 1 9 10 12 2.26385
0 1 9 10 13 2.26385
0 1 9 10 14 2.26385
0 1 9 11 12 2.23607
0 1 9 11 13 2.23607
0 1 9 11 14 2.19089
0 1 9 12 13 2.44949
0 1 9 12 14 2.3094
0 1 9 13 14 2.3094
0 1 10 11 12 2.13664
0 1 10 11 13 2.13664
0 1 10 11 14 2.13664
0 1 10 12 13 2.28446
0 1 10 12 14 2.28446
0 1 10 13 14 2.28446
0 1 11 12 13 2.23607
0 1 11 12 14 2.19089
0 1 11 13 14 2.19089
0 1 12 13 14 2.38048
0 2 3 4 5 2.10357
0 2 3 4 6 2.16556
0 2 3 4 7 1.90693
0 2 3 4 8 1.85164
0 2 3 4 9 2.16556
0 2 3 4 10 2.07802
0 2 3 4 11 2.16556
0 2 3 4 12 2
0 2 3 4 13 2
0 2 3 4 14 2.13809
0 2 3 5 6 2.15297
0 2 3 5 7 2
0 2 3 5 8 1.73205
0 2 3 5 9 2.15297
0 2 3 5 10 2
0 2 3 5 11 2.15297
0 2 3 5 12 2
0 2 3 5 13 2
0 2 3 5 14 2.10357
0 2 3 6 7 2.04939
0 2 3 6 8 1.96214
0 2 3 6 9 2.27913
0 2 3 6 10 2.10357
0 2 3 6 11 2.27913
0 2 3 6 12 2.16025
0 2 3 6 13 2.16025
0 2 3 6 14 2.24038
0 2 3 7 8 1.62019
0 2 3 7 9 2.04939
0 2 3 7 10 1.73205
0 2 3 7 11 2.04939
0 2 3 7 12 2
0 2 3 7 13 2
0 2 3 7 14 1.93309
0 2 3 8 9 1.96214
0 2 3 8 10 1.90693
0 2 3 8 11 1.96214
0 2 3 8 12 2
0 2 3 8 13 2
0 2 3 8 14 1.93309
0 2 3 9 10 2.10357
0 2 3 9 11 2.27913
0 2 3 9 12 2.16025
0 2 3 9 13 2.16025
0 2 3 9 14 2.24038
0 2 3 10 11 2.10357
0 2 3 10 12 1.90693
0 2 3 10 13 1.90693
0 2 3 10 14 2.10357
0 2 3 11 12 2.16025
0 2 3 11 13 2.16025
0 2 3 11 14 2.24038
0 2 3 12 13 2.10639
0 2 3 12 14 2.10639
0 2 3 13 14 2.10639
0 2 4 5 6 2.23607
0 2 4 5 7 1.90693
0 2 4 5 8 1.96214
0 2 4 5 9 2.19449
0 2 4 5 10 2.12993
0 2 4 5 11 2.16556
0 2 4 5 12 2.05603
0 2 4 5 13 2.05603
0 2 4 5 14 2.19848
0 2 4 6 7 1.90693
0 2 4 6 8 2.04939
0 2 4 6 9 2.27689
0 2 4 6 10 2.21037
0 2 4 6 11 2.23846
0 2 4 6 12 2.16025
0 2 4 6 13 2.16025
0 2 4 6 14 2.2514
0 2 4 7 8 1.62019
0 2 4 7 9 1.90693
0 2 4 7 10 1.73205
0 2 4 7 11 1.90693
0 2 4 7 12 1.73205
0 2 4 7 13 1.73205
0 2 4 7 14 1.85164
0 2 4 8 9 2.08167
0 2 4 8 10 2.09069
0 2 4 8 11 2.00294
0 2 4 8 12 2
0 2 4 8 13 2
0 2 4 8 14 2.09069
0 2 4 9 10 2.21675
0 2 4 9 11 2.23846
0 2 4 9 12 2.13535
0 2 4 9 13 2.13535
0 2 4 9 14 2.26747
0 2 4 10 11 2.17945
0 2 4 10 12 2.09069
0 2 4 10 13 2.09069
0 2 4 10 14 2.22892
0 2 4 11 12 2.08167
0 2 4 11 13 2.08167
0 2 4 11 14 2.22354
0 2 4 12 13 2.04742
0 2 4 12 14 2.14154
0 2 4 13 14 2.14154
0 2 5 6 7 2
0 2 5 6 8 1.90693
0 2 5 6 9 2.21303
0 2 5 6 10 2.10357
0 2 5 6 11 2.19034
0 2 5 6 12 2.08738
0 2 5 6 13 2.08738
0 2 5 6 14 2.23607
0 2 5 7 8 1.62019
0 2 5 7 9 2
0 2 5 7 10 1.73205
0 2 5 7 11 2
0 2 5 7 12 1.90693
0 2 5 7 13 1.90693
0 2 5 7 14 1.90693
0 2 5 8 9 1.93309
0 2 5 8 10 1.96214
0 2 5 8 11 1.85164
0 2 5 8 12 2
0 2 5 8 13 2
0 2 5 8 14 1.96214
0 2 5 9 10 2.12132
0 2 5 9 11 2.19034
0 2 5 9 12 2.08296
0 2 5 9 13 2.08296
0 2 5 9 14 2.19449
0 2 5 10 11 2.07802
0 2 5 10 12 1.96214
0 2 5 10 13 1.96214
0 2 5 10 14 2.12993
0 2 5 11 12 2.04939
0 2 5 11 13 2.04939
0 2 5 11 14 2.16556
0 2 5 12 13 1.97531
0 2 5 12 14 2.05603
0 2 5 13 14 2.05603
0 2 6 7 8 1.62019
0 2 6 7 9 2.04939
0 2 6 7 10 1.73205
0 2 6 7 11 2.04939
0 2 6 7 12 2
0 2 6 7 13 2
0 2 6 7 14 1.93309
0 2 6 8 9 2.1391
0 2 6 8 10 2.10223
0 2 6 8 11 2.09069
0 2 6 8 12 2.08167
0 2 6 8 13 2.08167
0 2 6 8 14 2.12132
0 2 6 9 10 2.23607
0 2 6 9 11 2.35855
0 2 6 9 12 2.27798
0 2 6 9 13 2.27798
0 2 6 9 14 2.34521
0 2 6 10 11 2.21037
0 2 6 10 12 2.10223
0 2 6 10 13 2.10223
0 2 6 10 14 2.23607
0 2 6 11 12 2.2563
0 2 6 11 13 2.2563
0 2 6 11 14 2.31349
0 2 6 12 13 2.19644
0 2 6 12 14 2.23607
0 2 6 13 14 2.23607
0 2 7 8 9 1.62019
0 2 7 8 10 1.62019
0 2 7 8 11 1.62019
0 2 7 8 12 1.62019
0 2 7 8 13 1.62019
0 2 7 8 14 1.62019
0 2 7 9 10 1.73205
0 2 7 9 11 2.04939
0 2 7 9 12 2
0 2 7 9 13 2
0 2 7 9 14 1.93309
0 2 7 10 11 1.73205
0 2 7 10 12 1.62019
0 2 7 10 13 1.62019
0 2 7 10 14 1.73205
0 2 7 11 12 2
0 2 7 11 13 2
0 2 7 11 14 1.93309
0 2 7 12 13 1.93309
0 2 7 12 14 1.81265
0 2 7 13 14 1.81265
0 2 8 9 10 2.12132
0 2 8 9 11 2.09069
0 2 8 9 12 2.08167
0 2 8 9 13 2.08167
0 2 8 9 14 2.1391
0 2 8 10 11 2.04939
0 2 8 10 12 2.08167
0 2 8 10 13 2.08167
0 2 8 10 14 2.1391
0 2 8 11 12 2
0 2 8 11 13 2
0 2 8 11 14 2.08167
0 2 8 12 13 2.04742
0 2 8 12 14 2.08167
0 2 8 13 14 2.08167
0 2 9 10 11 2.21037
0 2 9 10 12 2.12132
0 2 9 10 13 2.12132
0 2 9 10 14 2.24695
0 2 9 11 12 2.2563
0 2 9 11 13 2.2563
0 2 9 11 14 2.31349
0 2 9 12 13 2.1965
0 2 9 12 14 2.23607
0 2 9 13 14 2.23607
0 2 10 11 12 2.04939
0 2 10 11 13 2.04939
0 2 10 11 14 2.21037
0 2 10 12 13 2.08167
0 2 10 12 14 2.1391
0 2 10 13 14 2.1391
0 2 11 12 13 2.173
0 2 11 12 14 2.19745
0 2 11 13 14 2.19745
0 2 12 13 14 2.23607
0 3 4 5 6 2.29907
0 3 4 5 7 2.10357
0 3 4 5 8 2
0 3 4 5 9 2.29907
0 3 4 5 10 2.23607
0 3 4 5 11 2.29907
0 3 4 5 12 2.10357
0 3 4 5 13 2.10357
0 3 4 5 14 2.29129
0 3 4 6 7 2.16556
0 3 4 6 8 2.28709
0 3 4 6 9 2.49313
0 3 4 6 10 2.44831
0 3 4 6 11 2.49313
0 3 4 6 12 2.33699
0 3 4 6 13 2.33699
0 3 4 6 14 2.48193
0 3 4 7 8 1.85164
0 3 4 7 9 2.16556
0 3 4 7 10 2.07802
0 3 4 7 11 2.16556
0 3 4 7 12 2
0 3 4 7 13 2
0 3 4 7 14 2.13809
0 3 4 8 9 2.28709
0 3 4 8 10 2.28709
0 3 4 8 11 2.28709
0 3 4 8 12 2.13664
0 3 4 8 13 2.13664
0 3 4 8 14 2.28709
0 3 4 9 10 2.44831
0 3 4 9 11 2.49313
0 3 4 9 12 2.33699
0 3 4 9 13 2.33699
0 3 4 9 14 2.48193
0 3 4 10 11 2.44831
0 3 4 10 12 2.28709
0 3 4 10 13 2.28709
0 3 4 10 14 2.44831
0 3 4 11 12 2.33699
0 3 4 11 13 2.33699
0 3 4 11 14 2.48193
0 3 4 12 13 2.19089
0 3 4 12 14 2.32266
0 3 4 13 14 2.32266
0 3 5 6 7 2.15297
0 3 5 6 8 2
0 3 5 6 9 2.32279
0 3 5 6 10 2.23607
0 3 5 6 11 2.32279
0 3 5 6 12 2.15297
0 3 5 6 13 2.15297
0 3 5 6 14 2.29907
0 3 5 7 8 1.73205
0 3 5 7 9 2.15297
0 3 5 7 10 2
0 3 5 7 11 2.15297
0 3 5 7 12 2
0 3 5 7 13 2
0 3 5 7 14 2.10357
0 3 5 8 9 2
0 3 5 8 10 2
0 3 5 8 11 2
0 3 5 8 12 1.73205
0 3 5 8 13 1.73205
0 3 5 8 14 2
0 3 5 9 10 2.23607
0 3 5 9 11 2.32279
0 3 5 9 12 2.15297
0 3 5 9 13 2.15297
0 3 5 9 14 2.29907
0 3 5 10 11 2.23607
0 3 5 10 12 2
0 3 5 10 13 2
0 3 5 10 14 2.23607
0 3 5 11 12 2.15297
0 3 5 11 13 2.15297
0 3 5 11 14 2.29907
0 3 5 12 13 2
0 3 5 12 14 2.10357
0 3 5 13 14 2.10357
0 3 6 7 8 1.96214
0 3 6 7 9 2.27913
0 3 6 7 10 2.10357
0 3 6 7 11 2.27913
0 3 6 7 12 2.16025
0 3 6 7 13 2.16025
0 3 6 7 14 2.24038
0 3 6 8 9 2.389
0 3 6 8 10 2.35488
0 3 6 8 11 2.389
0 3 6 8 12 2.28446
0 3 6 8 13 2.28446
0 3 6 8 14 2.37697
0 3 6 9 10 2.49516
0 3 6 9 11 2.60641
0 3 6 9 12 2.50333
0 3 6 9 13 2.50333
0 3 6 9 14 2.58404
0 3 6 10 11 2.49516
0 3 6 10 12 2.35488
0 3 6 10 13 2.35488
0 3 6 10 14 2.49516
0 3 6 11 12 2.50333
0 3 6 11 13 2.50333
0 3 6 11 14 2.58404
0 3 6 12 13 2.44949
0 3 6 12 14 2.46311
0 3 6 13 14 2.46311
0 3 7 8 9 1.96214
0 3 7 8 10 1.90693
0 3 7 8 11 1.96214
0 3 7 8 12 2
0 3 7 8 13 2
0 3 7 8 14 1.93309
0 3 7 9 10 2.10357
0 3 7 9 11 2.27913
0 3 7 9 12 2.16025
0 3 7 9 13 2.16025
0 3 7 9 14 2.24038
0 3 7 10 11 2.10357
0 3 7 10 12 1.90693
0 3 7 10 13 1.90693
0 3 7 10 14 2.10357
0 3 7 11 12 2.16025
0 3 7 11 13 2.16025
0 3 7 11 14 2.24038
0 3 7 12 13 2.10639
0 3 7 12 14 2.10639
0 3 7 13 14 2.10639
0 3 8 9 10 2.35488
0 3 8 9 11 2.389
0 3 8 9 12 2.28446
0 3 8 9 13 2.28446
0 3 8 9 14 2.37697
0 3 8 10 11 2.35488
0 3 8 10 12 2.23607
0 3 8 10 13 2.23607
0 3 8 10 14 2.35488
0 3 8 11 12 2.28446
0 3 8 11 13 2.28446
0 3 8 11 14 2.37697
0 3 8 12 13 2.19089
0 3 8 12 14 2.26385
0 3 8 13 14 2.26385
0 3 9 10 11 2.49516
0 3 9 10 12 2.35488
0 3 9 10 13 2.35488
0 3 9 10 14 2.49516
0 3 9 11 12 2.50333
0 3 9 11 13 2.50333
0 3 9 11 14 2.58404
0 3 9 12 13 2.44949
0 3 9 12 14 2.46311
0 3 9 13 14 2.46311
0 3 10 11 12 2.35488
0 3 10 11 13 2.35488
0 3 10 11 14 2.49516
0 3 10 12 13 2.23607
0 3 10 12 14 2.35488
0 3 10 13 14 2.35488
0 3 11 12 13 2.44949
0 3 11 12 14 2.46311
0 3 11 13 14 2.46311
0 3 12 13 14 2.38048
0 4 5 6 7 2.23607
0 4 5 6 8 2.35488
0 4 5 6 9 2.57391
0 4 5 6 10 2.49516
0 4 5 6 11 2.49313
0 4 5 6 12 2.40426
0 4 5 6 13 2.40426
0 4 5 6 14 2.52678
0 4 5 7 8 1.96214
0 4 5 7 9 2.19449
0 4 5 7 10 2.12993
0 4 5 7 11 2.16556
0 4 5 7 12 2.05603
0 4 5 7 13 2.05603
0 4 5 7 14 2.19848
0 4 5 8 9 2.37697
0 4 5 8 10 2.389
0 4 5 8 11 2.28709
0 4 5 8 12 2.28446
0 4 5 8 13 2.28446
0 4 5 8 14 2.389
0 4 5 9 10 2.50881
0 4 5 9 11 2.49313
0 4 5 9 12 2.41291
0 4 5 9 13 2.41291
0 4 5 9 14 2.54058
0 4 5 10 11 2.44831
0 4 5 10 12 2.389
0 4 5 10 13 2.389
0 4 5 10 14 2.51534
0 4 5 11 12 2.33699
0 4 5 11 13 2.33699
0 4 5 11 14 2.48193
0 4 5 12 13 2.38048
0 4 5 12 14 2.42507
0 4 5 13 14 2.42507
0 4 6 7 8 2.04939
0 4 6 7 9 2.27689
0 4 6 7 10 2.21037
0 4 6 7 11 2.23846
0 4 6 7 12 2.16025
0 4 6 7 13 2.16025
0 4 6 7 14 2.2514
0 4 6 8 9 2.66231
0 4 6 8 10 2.66231
0 4 6 8 11 2.61406
0 4 6 8 12 2.58844
0 4 6 8 13 2.58844
0 4 6 8 14 2.66231
0 4 6 9 10 2.75936
0 4 6 9 11 2.73434
0 4 6 9 12 2.67896
0 4 6 9 13 2.67896
0 4 6 9 14 2.77498
0 4 6 10 11 2.71343
0 4 6 10 12 2.66231
0 4 6 10 13 2.66231
0 4 6 10 14 2.75936
0 4 6 11 12 2.62202
0 4 6 11 13 2.62202
0 4 6 11 14 2.72385
0 4 6 12 13 2.64575
0 4 6 12 14 2.68164
0 4 6 13 14 2.68164
0 4 7 8 9 2.08167
0 4 7 8 10 2.09069
0 4 7 8 11 2.00294
0 4 7 8 12 2
0 4 7 8 13 2
0 4 7 8 14 2.09069
0 4 7 9 10 2.21675
0 4 7 9 11 2.23846
0 4 7 9 12 2.13535
0 4 7 9 13 2.13535
0 4 7 9 14 2.26747
0 4 7 10 11 2.17945
0 4 7 10 12 2.09069
0 4 7 10 13 2.09069
0 4 7 10 14 2.22892
0 4 7 11 12 2.08167
0 4 7 11 13 2.08167
0 4 7 11 14 2.22354
0 4 7 12 13 2.04742
0 4 7 12 14 2.14154
0 4 7 13 14 2.14154
0 4 8 9 10 2.67435
0 4 8 9 11 2.61406
0 4 8 9 12 2.60419
0 4 8 9 13 2.60419
0 4 8 9 14 2.67435
0 4 8 10 11 2.61406
0 4 8 10 12 2.64575
0 4 8 10 13 2.64575
0 4 8 10 14 2.68408
0 4 8 11 12 2.52543
0 4 8 11 13 2.52543
0 4 8 11 14 2.61406
0 4 8 12 13 2.53899
0 4 8 12 14 2.64575
0 4 8 13 14 2.64575
0 4 9 10 11 2.71343
0 4 9 10 12 2.67435
0 4 9 10 13 2.67435
0 4 9 10 14 2.7663
0 4 9 11 12 2.62202
0 4 9 11 13 2.62202
0 4 9 11 14 2.72385
0 4 9 12 13 2.62912
0 4 9 12 14 2.69077
0 4 9 13 14 2.69077
0 4 10 11 12 2.61406
0 4 10 11 13 2.61406
0 4 10 11 14 2.71343
0 4 10 12 13 2.64575
0 4 10 12 14 2.68408
0 4 10 13 14 2.68408
0 4 11 12 13 2.53899
0 4 11 12 14 2.62216
0 4 11 13 14 2.62216
0 4 12 13 14 2.62912
0 5 6 7 8 1.90693
0 5 6 7 9 2.21303
0 5 6 7 10 2.10357
0 5 6 7 11 2.19034
0 5 6 7 12 2.08738
0 5 6 7 13 2.08738
0 5 6 7 14 2.23607
0 5 6 8 9 2.35488
0 5 6 8 10 2.35488
0 5 6 8 11 2.28709
0 5 6 8 12 2.23607
0 5 6 8 13 2.23607
0 5 6 8 14 2.35488
0 5 6 9 10 2.49516
0 5 6 9 11 2.51151
0 5 6 9 12 2.42997
0 5 6 9 13 2.42997
0 5 6 9 14 2.57391
0 5 6 10 11 2.44831
0 5 6 10 12 2.35488
0 5 6 10 13 2.35488
0 5 6 10 14 2.49516
0 5 6 11 12 2.39046
0 5 6 11 13 2.39046
0 5 6 11 14 2.49313
0 5 6 12 13 2.44949
0 5 6 12 14 2.40426
0 5 6 13 14 2.40426
0 5 7 8 9 1.93309
0 5 7 8 10 1.96214
0 5 7 8 11 1.85164
0 5 7 8 12 2
0 5 7 8 13 2
0 5 7 8 14 1.96214
0 5 7 9 10 2.12132
0 5 7 9 11 2.19034
0 5 7 9 12 2.08296
0 5 7 9 13 2.08296
0 5 7 9 14 2.19449
0 5 7 10 11 2.07802
0 5 7 10 12 1.96214
0 5 7 10 13 1.96214
0 5 7 10 14 2.12993
0 5 7 11 12 2.04939
0 5 7 11 13 2.04939
0 5 7 11 14 2.16556
0 5 7 12 13 1.97531
0 5 7 12 14 2.05603
0 5 7 13 14 2.05603
0 5 8 9 10 2.37697
0 5 8 9 11 2.28709
0 5 8 9 12 2.26385
0 5 8 9 13 2.26385
0 5 8 9 14 2.37697
0 5 8 10 11 2.28709
0 5 8 10 12 2.28446
0 5 8 10 13 2.28446
0 5 8 10 14 2.389
0 5 8 11 12 2.13664
0 5 8 11 13 2.13664
0 5 8 11 14 2.28709
0 5 8 12 13 2.19089
0 5 8 12 14 2.28446
0 5 8 13 14 2.28446
0 5 9 10 11 2.44831
0 5 9 10 12 2.37697
0 5 9 10 13 2.37697
0 5 9 10 14 2.50881
0 5 9 11 12 2.39046
0 5 9 11 13 2.39046
0 5 9 11 14 2.49313
0 5 9 12 13 2.44949
0 5 9 12 14 2.41291
0 5 9 13 14 2.41291
0 5 10 11 12 2.28709
0 5 10 11 13 2.28709
0 5 10 11 14 2.44831
0 5 10 12 13 2.28446
0 5 10 12 14 2.389
0 5 10 13 14 2.389
0 5 11 12 13 2.23607
0 5 11 12 14 2.33699
0 5 11 13 14 2.33699
0 5 12 13 14 2.38048
0 6 7 8 9 2.1391
0 6 7 8 10 2.10223
0 6 7 8 11 2.09069
0 6 7 8 12 2.08167
0 6 7 8 13 2.08167
0 6 7 8 14 2.12132
0 6 7 9 10 2.23607
0 6 7 9 11 2.35855
0 6 7 9 12 2.27798
0 6 7 9 13 2.27798
0 6 7 9 14 2.34521
0 6 7 10 11 2.21037
0 6 7 10 12 2.10223
0 6 7 10 13 2.10223
0 6 7 10 14 2.23607
0 6 7 11 12 2.2563
0 6 7 11 13 2.2563
0 6 7 11 14 2.31349
0 6 7 12 13 2.19644
0 6 7 12 14 2.23607
0 6 7 13 14 2.23607
0 6 8 9 10 2.71163
0 6 8 9 11 2.68408
0 6 8 9 12 2.65417
0 6 8 9 13 2.65417
0 6 8 9 14 2.72172
0 6 8 10 11 2.66231
0 6 8 10 12 2.64575
0 6 8 10 13 2.64575
0 6 8 10 14 2.71163
0 6 8 11 12 2.64575
0 6 8 11 13 2.64575
0 6 8 11 14 2.67435
0 6 8 12 13 2.64575
0 6 8 12 14 2.66288
0 6 8 13 14 2.66288
0 6 9 10 11 2.75936
0 6 9 10 12 2.71163
0 6 9 10 13 2.71163
0 6 9 10 14 2.79903
0 6 9 11 12 2.74064
0 6 9 11 13 2.74064
0 6 9 11 14 2.80938
0 6 9 12 13 2.71341
0 6 9 12 14 2.76353
0 6 9 13 14 2.76353
0 6 10 11 12 2.66231
0 6 10 11 13 2.66231
0 6 10 11 14 2.75936
0 6 10 12 13 2.64575
0 6 10 12 14 2.71163
0 6 10 13 14 2.71163
0 6 11 12 13 2.68949
0 6 11 12 14 2.72279
0 6 11 13 14 2.72279
0 6 12 13 14 2.70157
0 7 8 9 10 2.12132
0 7 8 9 11 2.09069
0 7 8 9 12 2.08167
0 7 8 9 13 2.08167
0 7 8 9 14 2.1391
0 7 8 10 11 2.04939
0 7 8 10 12 2.08167
0 7 8 10 13 2.08167
0 7 8 10 14 2.1391
0 7 8 11 12 2
0 7 8 11 13 2
0 7 8 11 14 2.08167
0 7 8 12 13 2.04742
0 7 8 12 14 2.08167
0 7 8 13 14 2.08167
0 7 9 10 11 2.21037
0 7 9 10 12 2.12132
0 7 9 10 13 2.12132
0 7 9 10 14 2.24695
0 7 9 11 12 2.2563
0 7 9 11 13 2.2563
0 7 9 11 14 2.31349
0 7 9 12 13 2.1965
0 7 9 12 14 2.23607
0 7 9 13 14 2.23607
0 7 10 11 12 2.04939
0 7 10 11 13 2.04939
0 7 10 11 14 2.21037
0 7 10 12 13 2.08167
0 7 10 12 14 2.1391
0 7 10 13 14 2.1391
0 7 11 12 13 2.173
0 7 11 12 14 2.19745
0 7 11 13 14 2.19745
0 7 12 13 14 2.23607
0 8 9 10 11 2.66231
0 8 9 10 12 2.66288
0 8 9 10 13 2.66288
0 8 9 10 14 2.72172
0 8 9 11 12 2.64575
0 8 9 11 13 2.64575
0 8 9 11 14 2.67435
0 8 9 12 13 2.62912
0 8 9 12 14 2.67842
0 8 9 13 14 2.67842
0 8 10 11 12 2.58844
0 8 10 11 13 2.58844
0 8 10 11 14 2.66231
0 8 10 12 13 2.64575
0 8 10 12 14 2.65417
0 8 10 13 14 2.65417
0 8 11 12 13 2.53899
0 8 11 12 14 2.60419
0 8 11 13 14 2.60419
0 8 12 13 14 2.62912
0 9 10 11 12 2.66231
0 9 10 11 13 2.66231
0 9 10 11 14 2.75936
0 9 10 12 13 2.66288
0 9 10 12 14 2.72172
0 9 10 13 14 2.72172
0 9 11 12 13 2.68949
0 9 11 12 14 2.72279
0 9 11 13 14 2.72279
0 9 12 13 14 2.70663
0 10 11 12 13 2.58844
0 10 11 12 14 2.66231
0 10 11 13 14 2.66231
0 10 12 13 14 2.65417
0 11 12 13 14 2.65875
1 2 3 4 5 1.41421
1 2 3 4 6 1.41421
1 2 3 4 7 1.41421
1 2 3 4 8 1.41421
1 2 3 4 9 1.41421
1 2 3 4 10 1.41421
1 2 3 4 11 1.41421
1 2 3 4 12 1.41421
1 2 3 4 13 1.41421
1 2 3 4 14 1.41421
1 2 3 5 6 1.73205
1 2 3 5 7 1.73205
1 2 3 5 8 1.41421
1 2 3 5 9 1.73205
1 2 3 5 10 1.41421
1 2 3 5 11 1.73205
1 2 3 5 12 1.73205
1 2 3 5 13 1.73205
1 2 3 5 14 1.41421
1 2 3 6 7 1.85164
1 2 3 6 8 1.73205
1 2 3 6 9 1.90693
1 2 3 6 10 1.41421
1 2 3 6 11 1.90693
1 2 3 6 12 1.90693
1 2 3 6 13 1.90693
1 2 3 6 14 1.73205
1 2 3 7 8 1.62019
1 2 3 7 9 1.85164
1 2 3 7 10 1.41421
1 2 3 7 11 1.85164
1 2 3 7 12 1.85164
1 2 3 7 13 1.85164
1 2 3 7 14 1.62019
1 2 3 8 9 1.73205
1 2 3 8 10 1.41421
1 2 3 8 11 1.73205
1 2 3 8 12 1.73205
1 2 3 8 13 1.73205
1 2 3 8 14 1.62019
1 2 3 9 10 1.41421
1 2 3 9 11 1.90693
1 2 3 9 12 1.90693
1 2 3 9 13 1.90693
1 2 3 9 14 1.73205
1 2 3 10 11 1.41421
1 2 3 10 12 1.41421
1 2 3 10 13 1.41421
1 2 3 10 14 1.41421
1 2 3 11 12 1.90693
1 2 3 11 13 1.90693
1 2 3 11 14 1.73205
1 2 3 12 13 1.90693
1 2 3 12 14 1.73205
1 2 3 13 14 1.73205
1 2 4 5 6 1.41421
1 2 4 5 7 1.62019
1 2 4 5 8 1.73205
1 2 4 5 9 1.62019
1 2 4 5 10 1.73205
1 2 4 5 11 1.41421
1 2 4 5 12 1.73205
1 2 4 5 13 1.73205
1 2 4 5 14 1.73205
1 2 4 6 7 1.41421
1 2 4 6 8 1.62019
1 2 4 6 9 1.62019
1 2 4 6 10 1.62019
1 2 4 6 11 1.41421
1 2 4 6 12 1.62019
1 2 4 6 13 1.62019
1 2 4 6 14 1.62019
1 2 4 7 8 1.62019
1 2 4 7 9 1.41421
1 2 4 7 10 1.62019
1 2 4 7 11 1.41421
1 2 4 7 12 1.62019
1 2 4 7 13 1.62019
1 2 4 7 14 1.62019
1 2 4 8 9 1.73205
1 2 4 8 10 1.81265
1 2 4 8 11 1.41421
1 2 4 8 12 1.81265
1 2 4 8 13 1.81265
1 2 4 8 14 1.81265
1 2 4 9 10 1.73205
1 2 4 9 11 1.41421
1 2 4 9 12 1.73205
1 2 4 9 13 1.73205
1 2 4 9 14 1.73205
1 2 4 10 11 1.41421
1 2 4 10 12 1.81265
1 2 4 10 13 1.81265
1 2 4 10 14 1.81265
1 2 4 11 12 1.41421
1 2 4 11 13 1.41421
1 2 4 11 14 1.41421
1 2 4 12 13 1.81265
1 2 4 12 14 1.81265
1 2 4 13 14 1.81265
1 2 5 6 7 1.73205
1 2 5 6 8 1.41421
1 2 5 6 9 1.73205
1 2 5 6 10 1.41421
1 2 5 6 11 1.73205
1 2 5 6 12 1.73205
1 2 5 6 13 1.73205
1 2 5 6 14 1.41421
1 2 5 7 8 1.62019
1 2 5 7 9 1.73205
1 2 5 7 10 1.62019
1 2 5 7 11 1.73205
1 2 5 7 12 1.73205
1 2 5 7 13 1.73205
1 2 5 7 14 1.62019
1 2 5 8 9 1.62019
1 2 5 8 10 1.73205
1 2 5 8 11 1.41421
1 2 5 8 12 1.73205
1 2 5 8 13 1.73205
1 2 5 8 14 1.73205
1 2 5 9 10 1.62019
1 2 5 9 11 1.73205
1 2 5 9 12 1.73205
1 2 5 9 13 1.73205
1 2 5 9 14 1.62019
1 2 5 10 11 1
1 2 5 10 12 1.73205
1 2 5 10 13 1.73205
1 2 5 10 14 1.73205
1 2 5 11 12 1.73205
1 2 5 11 13 1.73205
1 2 5 11 14 1.41421
1 2 5 12 13 1.73205
1 2 5 12 14 1.73205
1 2 5 13 14 1.73205
1 2 6 7 8 1.62019
1 2 6 7 9 1.85164
1 2 6 7 10 1
1 2 6 7 11 1.85164
1 2 6 7 12 1.85164
1 2 6 7 13 1.85164
1 2 6 7 14 1.62019
1 2 6 8 9 2
1 2 6 8 10 1.73205
1 2 6 8 11 1.81265
1 2 6 8 12 2
1 2 6 8 13 2
1 2 6 8 14 1.81265
1 2 6 9 10 1.73205
1 2 6 9 11 1.93309
1 2 6 9 12 1.96214
1 2 6 9 13 1.96214
1 2 6 9 14 2
1 2 6 10 11 1.62019
1 2 6 10 12 1.73205
1 2 6 10 13 1.73205
1 2 6 10 14 1.73205
1 2 6 11 12 1.93309
1 2 6 11 13 1.93309
1 2 6 11 14 1.81265
1 2 6 12 13 1.96214
1 2 6 12 14 2
1 2 6 13 14 2
1 2 7 8 9 1.62019
1 2 7 8 10 1.62019
1 2 7 8 11 1.62019
1 2 7 8 12 1.62019
1 2 7 8 13 1.62019
1 2 7 8 14 1.62019
1 2 7 9 10 1.41421
1 2 7 9 11 1.85164
1 2 7 9 12 1.85164
1 2 7 9 13 1.85164
1 2 7 9 14 1.62019
1 2 7 10 11 1
1 2 7 10 12 1.62019
1 2 7 10 13 1.62019
1 2 7 10 14 1.62019
1 2 7 11 12 1.85164
1 2 7 11 13 1.85164
1 2 7 11 14 1.62019
1 2 7 12 13 1.85164
1 2 7 12 14 1.62019
1 2 7 13 14 1.62019
1 2 8 9 10 1.81265
1 2 8 9 11 1.81265
1 2 8 9 12 2
1 2 8 9 13 2
1 2 8 9 14 2
1 2 8 10 11 1.62019
1 2 8 10 12 2
1 2 8 10 13 2
1 2 8 10 14 2
1 2 8 11 12 1.81265
1 2 8 11 13 1.81265
1 2 8 11 14 1.73205
1 2 8 12 13 2
1 2 8 12 14 2
1 2 8 13 14 2
1 2 9 10 11 1.62019
1 2 9 10 12 1.81265
1 2 9 10 13 1.81265
1 2 9 10 14 1.81265
1 2 9 11 12 1.93309
1 2 9 11 13 1.93309
1 2 9 11 14 1.81265
1 2 9 12 13 1.96769
1 2 9 12 14 2
1 2 9 13 14 2
1 2 10 11 12 1.62019
1 2 10 11 13 1.62019
1 2 10 11 14 1.62019
1 2 10 12 13 2
1 2 10 12 14 2
1 2 10 13 14 2
1 2 11 12 13 1.93309
1 2 11 12 14 1.81265
1 2 11 13 14 1.81265
1 2 12 13 14 2
1 3 4 5 6 1.41421
1 3 4 5 7 1.41421
1 3 4 5 8 1.41421
1 3 4 5 9 1.41421
1 3 4 5 10 1.41421
1 3 4 5 11 1.41421
1 3 4 5 12 1.41421
1 3 4 5 13 1.41421
1 3 4 5 14 1.41421
1 3 4 6 7 1.41421
1 3 4 6 8 1.41421
1 3 4 6 9 1.41421
1 3 4 6 10 1.41421
1 3 4 6 11 1.41421
1 3 4 6 12 1.41421
1 3 4 6 13 1.41421
1 3 4 6 14 1.41421
1 3 4 7 8 1.41421
1 3 4 7 9 1.41421
1 3 4 7 10 1.41421
1 3 4 7 11 1.41421
1 3 4 7 12 1.41421
1 3 4 7 13 1.41421
1 3 4 7 14 1.41421
1 3 4 8 9 1.41421
1 3 4 8 10 1.41421
1 3 4 8 11 1.41421
1 3 4 8 12 1.41421
1 3 4 8 13 1.41421
1 3 4 8 14 1.41421
1 3 4 9 10 1.41421
1 3 4 9 11 1.41421
1 3 4 9 12 1.41421
1 3 4 9 13 1.41421
1 3 4 9 14 1.41421
1 3 4 10 11 1.41421
1 3 4 10 12 1.41421
1 3 4 10 13 1.41421
1 3 4 10 14 1.41421
1 3 4 11 12 1.41421
1 3 4 11 13 1.41421
1 3 4 11 14 1.41421
1 3 4 12 13 1.41421
1 3 4 12 14 1.41421
1 3 4 13 14 1.41421
1 3 5 6 7 1.73205
1 3 5 6 8 1.41421
1 3 5 6 9 1.73205
1 3 5 6 10 1
1 3 5 6 11 1.73205
1 3 5 6 12 1.73205
1 3 5 6 13 1.73205
1 3 5 6 14 1.41421
1 3 5 7 8 1.41421
1 3 5 7 9 1.73205
1 3 5 7 10 1.41421
1 3 5 7 11 1.73205
1 3 5 7 12 1.73205
1 3 5 7 13 1.73205
1 3 5 7 14 1.41421
1 3 5 8 9 1.41421
1 3 5 8 10 1.41421
1 3 5 8 11 1.41421
1 3 5 8 12 1.41421
1 3 5 8 13 1.41421
1 3 5 8 14 1.41421
1 3 5 9 10 1
1 3 5 9 11 1.73205
1 3 5 9 12 1.73205
1 3 5 9 13 1.73205
1 3 5 9 14 1.41421
1 3 5 10 11 1
1 3 5 10 12 1.41421
1 3 5 10 13 1.41421
1 3 5 10 14 1.41421
1 3 5 11 12 1.73205
1 3 5 11 13 1.73205
1 3 5 11 14 1.41421
1 3 5 12 13 1.73205
1 3 5 12 14 1.41421
1 3 5 13 14 1.41421
1 3 6 7 8 1.73205
1 3 6 7 9 1.90693
1 3 6 7 10 1.41421
1 3 6 7 11 1.90693
1 3 6 7 12 1.90693
1 3 6 7 13 1.90693
1 3 6 7 14 1.73205
1 3 6 8 9 1.90693
1 3 6 8 10 1.73205
1 3 6 8 11 1.90693
1 3 6 8 12 1.90693
1 3 6 8 13 1.90693
1 3 6 8 14 1.85164
1 3 6 9 10 1.73205
1 3 6 9 11 2
1 3 6 9 12 2
1 3 6 9 13 2
1 3 6 9 14 1.90693
1 3 6 10 11 1.73205
1 3 6 10 12 1.73205
1 3 6 10 13 1.73205
1 3 6 10 14 1.73205
1 3 6 11 12 2
1 3 6 11 13 2
1 3 6 11 14 1.90693
1 3 6 12 13 2
1 3 6 12 14 1.90693
1 3 6 13 14 1.90693
1 3 7 8 9 1.73205
1 3 7 8 10 1.41421
1 3 7 8 11 1.73205
1 3 7 8 12 1.73205
1 3 7 8 13 1.73205
1 3 7 8 14 1.62019
1 3 7 9 10 1.41421
1 3 7 9 11 1.90693
1 3 7 9 12 1.90693
1 3 7 9 13 1.90693
1 3 7 9 14 1.73205
1 3 7 10 11 1.41421
1 3 7 10 12 1.41421
1 3 7 10 13 1.41421
1 3 7 10 14 1.41421
1 3 7 11 12 1.90693
1 3 7 11 13 1.90693
1 3 7 11 14 1.73205
1 3 7 12 13 1.90693
1 3 7 12 14 1.73205
1 3 7 13 14 1.73205
1 3 8 9 10 1.73205
1 3 8 9 11 1.90693
1 3 8 9 12 1.90693
1 3 8 9 13 1.90693
1 3 8 9 14 1.85164
1 3 8 10 11 1.73205
1 3 8 10 12 1.73205
1 3 8 10 13 1.73205
1 3 8 10 14 1.73205
1 3 8 11 12 1.90693
1 3 8 11 13 1.90693
1 3 8 11 14 1.85164
1 3 8 12 13 1.90693
1 3 8 12 14 1.85164
1 3 8 13 14 1.85164
1 3 9 10 11 1.73205
1 3 9 10 12 1.73205
1 3 9 10 13 1.73205
1 3 9 10 14 1.73205
1 3 9 11 12 2
1 3 9 11 13 2
1 3 9 11 14 1.90693
1 3 9 12 13 2
1 3 9 12 14 1.90693
1 3 9 13 14 1.90693
1 3 10 11 12 1.73205
1 3 10 11 13 1.73205
1 3 10 11 14 1.73205
1 3 10 12 13 1.73205
1 3 10 12 14 1.73205
1 3 10 13 14 1.73205
1 3 11 12 13 2
1 3 11 12 14 1.90693
1 3 11 13 14 1.90693
1 3 12 13 14 1.90693
1 4 5 6 7 1.41421
1 4 5 6 8 1.73205
1 4 5 6 9 1.73205
1 4 5 6 10 1.73205
1 4 5 6 11 1.41421
1 4 5 6 12 1.73205
1 4 5 6 13 1.73205
1 4 5 6 14 1.73205
1 4 5 7 8 1.73205
1 4 5 7 9 1.62019
1 4 5 7 10 1.73205
1 4 5 7 11 1.41421
1 4 5 7 12 1.73205
1 4 5 7 13 1.73205
1 4 5 7 14 1.73205
1 4 5 8 9 1.85164
1 4 5 8 10 1.90693
1 4 5 8 11 1.41421
1 4 5 8 12 1.90693
1 4 5 8 13 1.90693
1 4 5 8 14 1.90693
1 4 5 9 10 1.85164
1 4 5 9 11 1.41421
1 4 5 9 12 1.85164
1 4 5 9 13 1.85164
1 4 5 9 14 1.85164
1 4 5 10 11 1.41421
1 4 5 10 12 1.90693
1 4 5 10 13 1.90693
1 4 5 10 14 1.90693
1 4 5 11 12 1.41421
1 4 5 11 13 1.41421
1 4 5 11 14 1.41421
1 4 5 12 13 1.90693
1 4 5 12 14 1.90693
1 4 5 13 14 1.90693
1 4 6 7 8 1.62019
1 4 6 7 9 1.62019
1 4 6 7 10 1.62019
1 4 6 7 11 1.41421
1 4 6 7 12 1.62019
1 4 6 7 13 1.62019
1 4 6 7 14 1.62019
1 4 6 8 9 2.13664
1 4 6 8 10 2.13664
1 4 6 8 11 2
1 4 6 8 12 2.13664
1 4 6 8 13 2.13664
1 4 6 8 14 2.13664
1 4 6 9 10 2.13664
1 4 6 9 11 2
1 4 6 9 12 2.13664
1 4 6 9 13 2.13664
1 4 6 9 14 2.13664
1 4 6 10 11 2
1 4 6 10 12 2.13664
1 4 6 10 13 2.13664
1 4 6 10 14 2.13664
1 4 6 11 12 2
1 4 6 11 13 2
1 4 6 11 14 2
1 4 6 12 13 2.13664
1 4 6 12 14 2.13664
1 4 6 13 14 2.13664
1 4 7 8 9 1.73205
1 4 7 8 10 1.81265
1 4 7 8 11 1.41421
1 4 7 8 12 1.81265
1 4 7 8 13 1.81265
1 4 7 8 14 1.81265
1 4 7 9 10 1.73205
1 4 7 9 11 1.41421
1 4 7 9 12 1.73205
1 4 7 9 13 1.73205
1 4 7 9 14 1.73205
1 4 7 10 11 1.41421
1 4 7 10 12 1.81265
1 4 7 10 13 1.81265
1 4 7 10 14 1.81265
1 4 7 11 12 1.41421
1 4 7 11 13 1.41421
1 4 7 11 14 1.41421
1 4 7 12 13 1.81265
1 4 7 12 14 1.81265
1 4 7 13 14 1.81265
1 4 8 9 10 2.16025
1 4 8 9 11 2
1 4 8 9 12 2.16025
1 4 8 9 13 2.16025
1 4 8 9 14 2.16025
1 4 8 10 11 2
1 4 8 10 12 2.19089
1 4 8 10 13 2.19089
1 4 8 10 14 2.19089
1 4 8 11 12 2
1 4 8 11 13 2
1 4 8 11 14 2
1 4 8 12 13 2.19089
1 4 8 12 14 2.19089
1 4 8 13 14 2.19089
1 4 9 10 11 2
1 4 9 10 12 2.16025
1 4 9 10 13 2.16025
1 4 9 10 14 2.16025
1 4 9 11 12 2
1 4 9 11 13 2
1 4 9 11 14 2
1 4 9 12 13 2.16025
1 4 9 12 14 2.16025
1 4 9 13 14 2.16025
1 4 10 11 12 2
1 4 10 11 13 2
1 4 10 11 14 2
1 4 10 12 13 2.19089
1 4 10 12 14 2.19089
1 4 10 13 14 2.19089
1 4 11 12 13 2
1 4 11 12 14 2
1 4 11 13 14 2
1 4 12 13 14 2.19089
1 5 6 7 8 1.41421
1 5 6 7 9 1.73205
1 5 6 7 10 1.41421
1 5 6 7 11 1.73205
1 5 6 7 12 1.73205
1 5 6 7 13 1.73205
1 5 6 7 14 1.41421
1 5 6 8 9 1.73205
1 5 6 8 10 1.73205
1 5 6 8 11 1.41421
1 5 6 8 12 1.73205
1 5 6 8 13 1.73205
1 5 6 8 14 1.73205
1 5 6 9 10 1.73205
1 5 6 9 11 1.73205
1 5 6 9 12 1.73205
1 5 6 9 13 1.73205
1 5 6 9 14 1.73205
1 5 6 10 11 1.41421
1 5 6 10 12 1.73205
1 5 6 10 13 1.73205
1 5 6 10 14 1.73205
1 5 6 11 12 1.73205
1 5 6 11 13 1.73205
1 5 6 11 14 1.41421
1 5 6 12 13 1.73205
1 5 6 12 14 1.73205
1 5 6 13 14 1.73205
1 5 7 8 9 1.62019
1 5 7 8 10 1.73205
1 5 7 8 11 1.41421
1 5 7 8 12 1.73205
1 5 7 8 13 1.73205
1 5 7 8 14 1.73205
1 5 7 9 10 1.62019
1 5 7 9 11 1.73205
1 5 7 9 12 1.73205
1 5 7 9 13 1.73205
1 5 7 9 14 1.62019
1 5 7 10 11 1
1 5 7 10 12 1.73205
1 5 7 10 13 1.73205
1 5 7 10 14 1.73205
1 5 7 11 12 1.73205
1 5 7 11 13 1.73205
1 5 7 11 14 1.41421
1 5 7 12 13 1.73205
1 5 7 12 14 1.73205
1 5 7 13 14 1.73205
1 5 8 9 10 1.85164
1 5 8 9 11 1.41421
1 5 8 9 12 1.85164
1 5 8 9 13 1.85164
1 5 8 9 14 1.85164
1 5 8 10 11 1.41421
1 5 8 10 12 1.90693
1 5 8 10 13 1.90693
1 5 8 10 14 1.90693
1 5 8 11 12 1.41421
1 5 8 11 13 1.41421
1 5 8 11 14 1.41421
1 5 8 12 13 1.90693
1 5 8 12 14 1.90693
1 5 8 13 14 1.90693
1 5 9 10 11 1.41421
1 5 9 10 12 1.85164
1 5 9 10 13 1.85164
1 5 9 10 14 1.85164
1 5 9 11 12 1.73205
1 5 9 11 13 1.73205
1 5 9 11 14 1.41421
1 5 9 12 13 1.85164
1 5 9 12 14 1.85164
1 5 9 13 14 1.85164
1 5 10 11 12 1.41421
1 5 10 11 13 1.41421
1 5 10 11 14 1.41421
1 5 10 12 13 1.90693
1 5 10 12 14 1.90693
1 5 10 13 14 1.90693
1 5 11 12 13 1.73205
1 5 11 12 14 1.41421
1 5 11 13 14 1.41421
1 5 12 13 14 1.90693
1 6 7 8 9 2
1 6 7 8 10 1.73205
1 6 7 8 11 1.81265
1 6 7 8 12 2
1 6 7 8 13 2
1 6 7 8 14 1.81265
1 6 7 9 10 1.73205
1 6 7 9 11 1.93309
1 6 7 9 12 1.96214
1 6 7 9 13 1.96214
1 6 7 9 14 2
1 6 7 10 11 1.62019
1 6 7 10 12 1.73205
1 6 7 10 13 1.73205
1 6 7 10 14 1.73205
1 6 7 11 12 1.93309
1 6 7 11 13 1.93309
1 6 7 11 14 1.81265
1 6 7 12 13 1.96214
1 6 7 12 14 2
1 6 7 13 14 2
1 6 8 9 10 2.23607
1 6 8 9 11 2.19089
1 6 8 9 12 2.28446
1 6 8 9 13 2.28446
1 6 8 9 14 2.26385
1 6 8 10 11 2.13664
1 6 8 10 12 2.23607
1 6 8 10 13 2.23607
1 6 8 10 14 2.23607
1 6 8 11 12 2.19089
1 6 8 11 13 2.19089
1 6 8 11 14 2.16025
1 6 8 12 13 2.28446
1 6 8 12 14 2.26385
1 6 8 13 14 2.26385
1 6 9 10 11 2.13664
1 6 9 10 12 2.23607
1 6 9 10 13 2.23607
1 6 9 10 14 2.23607
1 6 9 11 12 2.23607
1 6 9 11 13 2.23607
1 6 9 11 14 2.19089
1 6 9 12 13 2.44949
1 6 9 12 14 2.28446
1 6 9 13 14 2.28446
1 6 10 11 12 2.13664
1 6 10 11 13 2.13664
1 6 10 11 14 2.13664
1 6 10 12 13 2.23607
1 6 10 12 14 2.23607
1 6 10 13 14 2.23607
1 6 11 12 13 2.23607
1 6 11 12 14 2.19089
1 6 11 13 14 2.19089
1 6 12 13 14 2.28446
1 7 8 9 10 1.81265
1 7 8 9 11 1.81265
1 7 8 9 12 2
1 7 8 9 13 2
1 7 8 9 14 2
1 7 8 10 11 1.62019
1 7 8 10 12 2
1 7 8 10 13 2
1 7 8 10 14 2
1 7 8 11 12 1.81265
1 7 8 11 13 1.81265
1 7 8 11 14 1.73205
1 7 8 12 13 2
1 7 8 12 14 2
1 7 8 13 14 2
1 7 9 10 11 1.62019
1 7 9 10 12 1.81265
1 7 9 10 13 1.81265
1 7 9 10 14 1.81265
1 7 9 11 12 1.93309
1 7 9 11 13 1.93309
1 7 9 11 14 1.81265
1 7 9 12 13 1.96769
1 7 9 12 14 2
1 7 9 13 14 2
1 7 10 11 12 1.62019
1 7 10 11 13 1.62019
1 7 10 11 14 1.62019
1 7 10 12 13 2
1 7 10 12 14 2
1 7 10 13 14 2
1 7 11 12 13 1.93309
1 7 11 12 14 1.81265
1 7 11 13 14 1.81265
1 7 12 13 14 2
1 8 9 10 11 2.13664
1 8 9 10 12 2.26385
1 8 9 10 13 2.26385
1 8 9 10 14 2.26385
1 8 9 11 12 2.19089
1 8 9 11 13 2.19089
1 8 9 11 14 2.16025
1 8 9 12 13 2.3094
1 8 9 12 14 2.3094
1 8 9 13 14 2.3094
1 8 10 11 12 2.13664
1 8 10 11 13 2.13664
1 8 10 11 14 2.13664
1 8 10 12 13 2.28446
1 8 10 12 14 2.28446
1 8 10 13 14 2.28446
1 8 11 12 13 2.19089
1 8 11 12 14 2.16025
1 8 11 13 14 2.16025
1 8 12 13 14 2.3094
1 9 10 11 12 2.13664
1 9 10 11 13 2.13664
1 9 10 11 14 2.13664
1 9 10 12 13 2.26385
1 9 10 12 14 2.26385
1 9 10 13 14 2.26385
1 9 11 12 13 2.23607
1 9 11 12 14 2.19089
1 9 11 13 14 2.19089
1 9 12 13 14 2.3094
1 10 11 12 13 2.13664
1 10 11 12 14 2.13664
1 10 11 13 14 2.13664
1 10 12 13 14 2.28446
1 11 12 13 14 2.19089
2 3 4 5 6 2.16556
2 3 4 5 7 2
2 3 4 5 8 1.85164
2 3 4 5 9 2.16556
2 3 4 5 10 2.07802
2 3 4 5 11 2.16556
2 3 4 5 12 2
2 3 4 5 13 1.90693
2 3 4 5 14 2.13809
2 3 4 6 7 2
2 3 4 6 8 1.93309
2 3 4 6 9 2.23607
2 3 4 6 10 2.13809
2 3 4 6 11 2.23607
2 3 4 6 12 2.0381
2 3 4 6 13 2
2 3 4 6 14 2.18955
2 3 4 7 8 1.62019
2 3 4 7 9 2
2 3 4 7 10 1.85164
2 3 4 7 11 2
2 3 4 7 12 1.81265
2 3 4 7 13 1.73205
2 3 4 7 14 1.93309
2 3 4 8 9 1.93309
2 3 4 8 10 1.93309
2 3 4 8 11 1.93309
2 3 4 8 12 1.73205
2 3 4 8 13 1.62019
2 3 4 8 14 1.93309
2 3 4 9 10 2.13809
2 3 4 9 11 2.23607
2 3 4 9 12 2.0381
2 3 4 9 13 2
2 3 4 9 14 2.18955
2 3 4 10 11 2.13809
2 3 4 10 12 1.93309
2 3 4 10 13 1.85164
2 3 4 10 14 2.13809
2 3 4 11 12 2.0381
2 3 4 11 13 2
2 3 4 11 14 2.18955
2 3 4 12 13 1.81265
2 3 4 12 14 2
2 3 4 13 14 1.93309
2 3 5 6 7 2.04939
2 3 5 6 8 1.85164
2 3 5 6 9 2.19034
2 3 5 6 10 2.07802
2 3 5 6 11 2.19034
2 3 5 6 12 2.04939
2 3 5 6 13 2
2 3 5 6 14 2.16556
2 3 5 7 8 1.62019
2 3 5 7 9 2.04939
2 3 5 7 10 1.85164
2 3 5 7 11 2.04939
2 3 5 7 12 1.93309
2 3 5 7 13 1.90693
2 3 5 7 14 2
2 3 5 8 9 1.85164
2 3 5 8 10 1.85164
2 3 5 8 11 1.85164
2 3 5 8 12 1.62019
2 3 5 8 13 1.41421
2 3 5 8 14 1.85164
2 3 5 9 10 2.07802
2 3 5 9 11 2.19034
2 3 5 9 12 2.04939
2 3 5 9 13 2
2 3 5 9 14 2.16556
2 3 5 10 11 2.07802
2 3 5 10 12 1.85164
2 3 5 10 13 1.73205
2 3 5 10 14 2.07802
2 3 5 11 12 2.04939
2 3 5 11 13 2
2 3 5 11 14 2.16556
2 3 5 12 13 1.90693
2 3 5 12 14 2
2 3 5 13 14 1.90693
2 3 6 7 8 1.62019
2 3 6 7 9 2.08167
2 3 6 7 10 1.85164
2 3 6 7 11 2.08167
2 3 6 7 12 2
2 3 6 7 13 2
2 3 6 7 14 2
2 3 6 8 9 2.02367
2 3 6 8 10 2
2 3 6 8 11 2.02367
2 3 6 8 12 2
2 3 6 8 13 2
2 3 6 8 14 2
2 3 6 9 10 2.16556
2 3 6 9 11 2.326
2 3 6 9 12 2.20605
2 3 6 9 13 2.16025
2 3 6 9 14 2.27837
2 3 6 10 11 2.16556
2 3 6 10 12 2
2 3 6 10 13 1.90693
2 3 6 10 14 2.16556
2 3 6 11 12 2.20605
2 3 6 11 13 2.16025
2 3 6 11 14 2.27837
2 3 6 12 13 2.10639
2 3 6 12 14 2.16025
2 3 6 13 14 2.10639
2 3 7 8 9 1.62019
2 3 7 8 10 1.62019
2 3 7 8 11 1.62019
2 3 7 8 12 1.62019
2 3 7 8 13 1.62019
2 3 7 8 14 1.62019
2 3 7 9 10 1.85164
2 3 7 9 11 2.08167
2 3 7 9 12 2
2 3 7 9 13 2
2 3 7 9 14 2
2 3 7 10 11 1.85164
2 3 7 10 12 1.62019
2 3 7 10 13 1.41421
2 3 7 10 14 1.85164
2 3 7 11 12 2
2 3 7 11 13 2
2 3 7 11 14 2
2 3 7 12 13 1.93309
2 3 7 12 14 2
2 3 7 13 14 1.81265
2 3 8 9 10 2
2 3 8 9 11 2.02367
2 3 8 9 12 2
2 3 8 9 13 2
2 3 8 9 14 2
2 3 8 10 11 2
2 3 8 10 12 1.81265
2 3 8 10 13 1.73205
2 3 8 10 14 2
2 3 8 11 12 2
2 3 8 11 13 2
2 3 8 11 14 2
2 3 8 12 13 1.81265
2 3 8 12 14 2
2 3 8 13 14 1.81265
2 3 9 10 11 2.16556
2 3 9 10 12 2
2 3 9 10 13 1.90693
2 3 9 10 14 2.16556
2 3 9 11 12 2.20605
2 3 9 11 13 2.16025
2 3 9 11 14 2.27837
2 3 9 12 13 2.10639
2 3 9 12 14 2.16025
2 3 9 13 14 2.10639
2 3 10 11 12 2
2 3 10 11 13 1.90693
2 3 10 11 14 2.16556
2 3 10 12 13 1.73205
2 3 10 12 14 2
2 3 10 13 14 1.90693
2 3 11 12 13 2.10639
2 3 11 12 14 2.16025
2 3 11 13 14 2.10639
2 3 12 13 14 2
2 4 5 6 7 2
2 4 5 6 8 2
2 4 5 6 9 2.22985
2 4 5 6 10 2.16556
2 4 5 6 11 2.23607
2 4 5 6 12 2.05751
2 4 5 6 13 2.01187
2 4 5 6 14 2.23607
2 4 5 7 8 1.62019
2 4 5 7 9 2
2 4 5 7 10 1.85164
2 4 5 7 11 2
2 4 5 7 12 1.81265
2 4 5 7 13 1.73205
2 4 5 7 14 1.93309
2 4 5 8 9 2
2 4 5 8 10 2.02367
2 4 5 8 11 1.93309
2 4 5 8 12 2
2 4 5 8 13 2
2 4 5 8 14 2.02367
2 4 5 9 10 2.17626
2 4 5 9 11 2.23607
2 4 5 9 12 2.08167
2 4 5 9 13 2.04495
2 4 5 9 14 2.22985
2 4 5 10 11 2.13809
2 4 5 10 12 2.02367
2 4 5 10 13 1.96214
2 4 5 10 14 2.19848
2 4 5 11 12 2.0381
2 4 5 11 13 2
2 4 5 11 14 2.18955
2 4 5 12 13 2
2 4 5 12 14 2.08167
2 4 5 13 14 2.02367
2 4 6 7 8 1.62019
2 4 6 7 9 2
2 4 6 7 10 1.85164
2 4 6 7 11 2
2 4 6 7 12 1.81265
2 4 6 7 13 1.73205
2 4 6 7 14 1.93309
2 4 6 8 9 2.09938
2 4 6 8 10 2.09938
2 4 6 8 11 2.04939
2 4 6 8 12 2
2 4 6 8 13 1.93309
2 4 6 8 14 2.09938
2 4 6 9 10 2.2514
2 4 6 9 11 2.28239
2 4 6 9 12 2.15322
2 4 6 9 13 2.16025
2 4 6 9 14 2.29256
2 4 6 10 11 2.22354
2 4 6 10 12 2.09938
2 4 6 10 13 2.04939
2 4 6 10 14 2.2514
2 4 6 11 12 2.12132
2 4 6 11 13 2.08167
2 4 6 11 14 2.26779
2 4 6 12 13 2
2 4 6 12 14 2.13809
2 4 6 13 14 2.09938
2 4 7 8 9 1.62019
2 4 7 8 10 1.62019
2 4 7 8 11 1.62019
2 4 7 8 12 1.62019
2 4 7 8 13 1.62019
2 4 7 8 14 1.62019
2 4 7 9 10 1.85164
2 4 7 9 11 2
2 4 7 9 12 1.81265
2 4 7 9 13 1.73205
2 4 7 9 14 1.93309
2 4 7 10 11 1.85164
2 4 7 10 12 1.62019
2 4 7 10 13 1.62019
2 4 7 10 14 1.85164
2 4 7 11 12 1.81265
2 4 7 11 13 1.73205
2 4 7 11 14 1.93309
2 4 7 12 13 1.62019
2 4 7 12 14 1.73205
2 4 7 13 14 1.62019
2 4 8 9 10 2.16025
2 4 8 9 11 2.04939
2 4 8 9 12 2.01187
2 4 8 9 13 2
2 4 8 9 14 2.16025
2 4 8 10 11 2.04939
2 4 8 10 12 2.04495
2 4 8 10 13 2
2 4 8 10 14 2.14154
2 4 8 11 12 1.90693
2 4 8 11 13 1.85164
2 4 8 11 14 2.04939
2 4 8 12 13 1.93309
2 4 8 12 14 2.04495
2 4 8 13 14 2
2 4 9 10 11 2.22354
2 4 9 10 12 2.16025
2 4 9 10 13 2.08167
2 4 9 10 14 2.26747
2 4 9 11 12 2.12132
2 4 9 11 13 2.08167
2 4 9 11 14 2.26779
2 4 9 12 13 2.04495
2 4 9 12 14 2.16025
2 4 9 13 14 2.16025
2 4 10 11 12 2.04939
2 4 10 11 13 2.00294
2 4 10 11 14 2.22354
2 4 10 12 13 2
2 4 10 12 14 2.14154
2 4 10 13 14 2.09069
2 4 11 12 13 1.93309
2 4 11 12 14 2.10223
2 4 11 13 14 2.04939
2 4 12 13 14 2.04495
2 5 6 7 8 1.62019
2 5 6 7 9 2.04939
2 5 6 7 10 1.85164
2 5 6 7 11 2.04939
2 5 6 7 12 1.93309
2 5 6 7 13 1.90693
2 5 6 7 14 2
2 5 6 8 9 2
2 5 6 8 10 2
2 5 6 8 11 1.93309
2 5 6 8 12 1.81265
2 5 6 8 13 1.73205
2 5 6 8 14 2
2 5 6 9 10 2.16556
2 5 6 9 11 2.24649
2 5 6 9 12 2.12916
2 5 6 9 13 2.08738
2 5 6 9 14 2.22985
2 5 6 10 11 2.13809
2 5 6 10 12 2
2 5 6 10 13 1.90693
2 5 6 10 14 2.16556
2 5 6 11 12 2.081
2 5 6 11 13 2.04939
2 5 6 11 14 2.23607
2 5 6 12 13 1.96214
2 5 6 12 14 2.05751
2 5 6 13 14 2.01187
2 5 7 8 9 1.62019
2 5 7 8 10 1.62019
2 5 7 8 11 1.62019
2 5 7 8 12 1.62019
2 5 7 8 13 1.62019
2 5 7 8 14 1.62019
2 5 7 9 10 1.85164
2 5 7 9 11 2.04939
2 5 7 9 12 1.93309
2 5 7 9 13 1.90693
2 5 7 9 14 2
2 5 7 10 11 1.85164
2 5 7 10 12 1.62019
2 5 7 10 13 1.62019
2 5 7 10 14 1.85164
2 5 7 11 12 1.93309
2 5 7 11 13 1.90693
2 5 7 11 14 2
2 5 7 12 13 1.85164
2 5 7 12 14 1.81265
2 5 7 13 14 1.73205
2 5 8 9 10 2
2 5 8 9 11 1.93309
2 5 8 9 12 2
2 5 8 9 13 1.81265
2 5 8 9 14 2
2 5 8 10 11 1.93309
2 5 8 10 12 2
2 5 8 10 13 2
2 5 8 10 14 2.02367
2 5 8 11 12 1.73205
2 5 8 11 13 1.62019
2 5 8 11 14 1.93309
2 5 8 12 13 1.81265
2 5 8 12 14 2
2 5 8 13 14 2
2 5 9 10 11 2.13809
2 5 9 10 12 2
2 5 9 10 13 1.93309
2 5 9 10 14 2.17626
2 5 9 11 12 2.081
2 5 9 11 13 2.04939
2 5 9 11 14 2.23607
2 5 9 12 13 1.96769
2 5 9 12 14 2.08167
2 5 9 13 14 2.04495
2 5 10 11 12 1.93309
2 5 10 11 13 1.85164
2 5 10 11 14 2.13809
2 5 10 12 13 2
2 5 10 12 14 2.02367
2 5 10 13 14 1.96214
2 5 11 12 13 1.93309
2 5 11 12 14 2.0381
2 5 11 13 14 2
2 5 12 13 14 2
2 6 7 8 9 1.62019
2 6 7 8 10 1.62019
2 6 7 8 11 1.62019
2 6 7 8 12 1.62019
2 6 7 8 13 1.62019
2 6 7 8 14 1.62019
2 6 7 9 10 1.85164
2 6 7 9 11 2.08167
2 6 7 9 12 2
2 6 7 9 13 2
2 6 7 9 14 2
2 6 7 10 11 1.85164
2 6 7 10 12 1.62019
2 6 7 10 13 1.41421
2 6 7 10 14 1.85164
2 6 7 11 12 2
2 6 7 11 13 2
2 6 7 11 14 2
2 6 7 12 13 1.93309
2 6 7 12 14 2
2 6 7 13 14 1.81265
2 6 8 9 10 2.13809
2 6 8 9 11 2.14154
2 6 8 9 12 2.08167
2 6 8 9 13 2.08167
2 6 8 9 14 2.15322
2 6 8 10 11 2.09938
2 6 8 10 12 2.0381
2 6 8 10 13 2
2 6 8 10 14 2.13809
2 6 8 11 12 2.04495
2 6 8 11 13 2
2 6 8 11 14 2.16025
2 6 8 12 13 2
2 6 8 12 14 2.05751
2 6 8 13 14 2.0381
2 6 9 10 11 2.2514
2 6 9 10 12 2.13809
2 6 9 10 13 2.10223
2 6 9 10 14 2.26855
2 6 9 11 12 2.27761
2 6 9 11 13 2.2563
2 6 9 11 14 2.34937
2 6 9 12 13 2.19644
2 6 9 12 14 2.24846
2 6 9 13 14 2.23607
2 6 10 11 12 2.09938
2 6 10 11 13 2.04939
2 6 10 11 14 2.2514
2 6 10 12 13 2
2 6 10 12 14 2.13809
2 6 10 13 14 2.10223
2 6 11 12 13 2.173
2 6 11 12 14 2.23607
2 6 11 13 14 2.19745
2 6 12 13 14 2.16025
2 7 8 9 10 1.62019
2 7 8 9 11 1.62019
2 7 8 9 12 1.62019
2 7 8 9 13 1.62019
2 7 8 9 14 1.62019
2 7 8 10 11 1.62019
2 7 8 10 12 1.62019
2 7 8 10 13 1.62019
2 7 8 10 14 1.62019
2 7 8 11 12 1.62019
2 7 8 11 13 1.62019
2 7 8 11 14 1.62019
2 7 8 12 13 1.62019
2 7 8 12 14 1.62019
2 7 8 13 14 1.62019
2 7 9 10 11 1.85164
2 7 9 10 12 1.62019
2 7 9 10 13 1.41421
2 7 9 10 14 1.85164
2 7 9 11 12 2
2 7 9 11 13 2
2 7 9 11 14 2
2 7 9 12 13 1.93309
2 7 9 12 14 2
2 7 9 13 14 1.81265
2 7 10 11 12 1.62019
2 7 10 11 13 1.41421
2 7 10 11 14 1.85164
2 7 10 12 13 1.62019
2 7 10 12 14 1.62019
2 7 10 13 14 1.62019
2 7 11 12 13 1.93309
2 7 11 12 14 2
2 7 11 13 14 1.81265
2 7 12 13 14 1.73205
2 8 9 10 11 2.09938
2 8 9 10 12 2.05751
2 8 9 10 13 2.0381
2 8 9 10 14 2.15322
2 8 9 11 12 2.04495
2 8 9 11 13 2
2 8 9 11 14 2.16025
2 8 9 12 13 2.04495
2 8 9 12 14 2.07802
2 8 9 13 14 2.05751
2 8 10 11 12 2
2 8 10 11 13 1.93309
2 8 10 11 14 2.09938
2 8 10 12 13 2
2 8 10 12 14 2.08167
2 8 10 13 14 2.08167
2 8 11 12 13 1.93309
2 8 11 12 14 2.01187
2 8 11 13 14 2
2 8 12 13 14 2.04495
2 9 10 11 12 2.09938
2 9 10 11 13 2.04939
2 9 10 11 14 2.2514
2 9 10 12 13 2.0381
2 9 10 12 14 2.15322
2 9 10 13 14 2.12132
2 9 11 12 13 2.173
2 9 11 12 14 2.23607
2 9 11 13 14 2.19745
2 9 12 13 14 2.15758
2 10 11 12 13 1.93309
2 10 11 12 14 2.09938
2 10 11 13 14 2.04939
2 10 12 13 14 2.08167
2 11 12 13 14 2.10639
3 4 5 6 7 2.16556
3 4 5 6 8 2.07802
3 4 5 6 9 2.35584
3 4 5 6 10 2.29129
3 4 5 6 11 2.35584
3 4 5 6 12 2.16556
3 4 5 6 13 2.10357
3 4 5 6 14 2.33699
3 4 5 7 8 1.85164
3 4 5 7 9 2.16556
3 4 5 7 10 2.07802
3 4 5 7 11 2.16556
3 4 5 7 12 2
3 4 5 7 13 1.90693
3 4 5 7 14 2.13809
3 4 5 8 9 2.07802
3 4 5 8 10 2.07802
3 4 5 8 11 2.07802
3 4 5 8 12 1.85164
3 4 5 8 13 1.73205
3 4 5 8 14 2.07802
3 4 5 9 10 2.29129
3 4 5 9 11 2.35584
3 4 5 9 12 2.16556
3 4 5 9 13 2.10357
3 4 5 9 14 2.33699
3 4 5 10 11 2.29129
3 4 5 10 12 2.07802
3 4 5 10 13 2
3 4 5 10 14 2.29129
3 4 5 11 12 2.16556
3 4 5 11 13 2.10357
3 4 5 11 14 2.33699
3 4 5 12 13 1.90693
3 4 5 12 14 2.13809
3 4 5 13 14 2.07802
3 4 6 7 8 1.93309
3 4 6 7 9 2.23607
3 4 6 7 10 2.13809
3 4 6 7 11 2.23607
3 4 6 7 12 2.0381
3 4 6 7 13 2
3 4 6 7 14 2.18955
3 4 6 8 9 2.32266
3 4 6 8 10 2.32266
3 4 6 8 11 2.32266
3 4 6 8 12 2.16025
3 4 6 8 13 2.13664
3 4 6 8 14 2.32266
3 4 6 9 10 2.48193
3 4 6 9 11 2.53859
3 4 6 9 12 2.36827
3 4 6 9 13 2.33699
3 4 6 9 14 2.50805
3 4 6 10 11 2.48193
3 4 6 10 12 2.32266
3 4 6 10 13 2.28709
3 4 6 10 14 2.48193
3 4 6 11 12 2.36827
3 4 6 11 13 2.33699
3 4 6 11 14 2.50805
3 4 6 12 13 2.19089
3 4 6 12 14 2.34521
3 4 6 13 14 2.32266
3 4 7 8 9 1.93309
3 4 7 8 10 1.93309
3 4 7 8 11 1.93309
3 4 7 8 12 1.73205
3 4 7 8 13 1.62019
3 4 7 8 14 1.93309
3 4 7 9 10 2.13809
3 4 7 9 11 2.23607
3 4 7 9 12 2.0381
3 4 7 9 13 2
3 4 7 9 14 2.18955
3 4 7 10 11 2.13809
3 4 7 10 12 1.93309
3 4 7 10 13 1.85164
3 4 7 10 14 2.13809
3 4 7 11 12 2.0381
3 4 7 11 13 2
3 4 7 11 14 2.18955
3 4 7 12 13 1.81265
3 4 7 12 14 2
3 4 7 13 14 1.93309
3 4 8 9 10 2.32266
3 4 8 9 11 2.32266
3 4 8 9 12 2.16025
3 4 8 9 13 2.13664
3 4 8 9 14 2.32266
3 4 8 10 11 2.32266
3 4 8 10 12 2.16025
3 4 8 10 13 2.13664
3 4 8 10 14 2.32266
3 4 8 11 12 2.16025
3 4 8 11 13 2.13664
3 4 8 11 14 2.32266
3 4 8 12 13 2
3 4 8 12 14 2.16025
3 4 8 13 14 2.13664
3 4 9 10 11 2.48193
3 4 9 10 12 2.32266
3 4 9 10 13 2.28709
3 4 9 10 14 2.48193
3 4 9 11 12 2.36827
3 4 9 11 13 2.33699
3 4 9 11 14 2.50805
3 4 9 12 13 2.19089
3 4 9 12 14 2.34521
3 4 9 13 14 2.32266
3 4 10 11 12 2.32266
3 4 10 11 13 2.28709
3 4 10 11 14 2.48193
3 4 10 12 13 2.13664
3 4 10 12 14 2.32266
3 4 10 13 14 2.28709
3 4 11 12 13 2.19089
3 4 11 12 14 2.34521
3 4 11 13 14 2.32266
3 4 12 13 14 2.16025
3 5 6 7 8 1.85164
3 5 6 7 9 2.19034
3 5 6 7 10 2.07802
3 5 6 7 11 2.19034
3 5 6 7 12 2.04939
3 5 6 7 13 2
3 5 6 7 14 2.16556
3 5 6 8 9 2.07802
3 5 6 8 10 2.07802
3 5 6 8 11 2.07802
3 5 6 8 12 1.85164
3 5 6 8 13 1.73205
3 5 6 8 14 2.07802
3 5 6 9 10 2.29129
3 5 6 9 11 2.37
3 5 6 9 12 2.19034
3 5 6 9 13 2.15297
3 5 6 9 14 2.35584
3 5 6 10 11 2.29129
3 5 6 10 12 2.07802
3 5 6 10 13 2
3 5 6 10 14 2.29129
3 5 6 11 12 2.19034
3 5 6 11 13 2.15297
3 5 6 11 14 2.35584
3 5 6 12 13 2
3 5 6 12 14 2.16556
3 5 6 13 14 2.10357
3 5 7 8 9 1.85164
3 5 7 8 10 1.85164
3 5 7 8 11 1.85164
3 5 7 8 12 1.62019
3 5 7 8 13 1.41421
3 5 7 8 14 1.85164
3 5 7 9 10 2.07802
3 5 7 9 11 2.19034
3 5 7 9 12 2.04939
3 5 7 9 13 2
3 5 7 9 14 2.16556
3 5 7 10 11 2.07802
3 5 7 10 12 1.85164
3 5 7 10 13 1.73205
3 5 7 10 14 2.07802
3 5 7 11 12 2.04939
3 5 7 11 13 2
3 5 7 11 14 2.16556
3 5 7 12 13 1.90693
3 5 7 12 14 2
3 5 7 13 14 1.90693
3 5 8 9 10 2.07802
3 5 8 9 11 2.07802
3 5 8 9 12 1.85164
3 5 8 9 13 1.73205
3 5 8 9 14 2.07802
3 5 8 10 11 2.07802
3 5 8 10 12 1.85164
3 5 8 10 13 1.73205
3 5 8 10 14 2.07802
3 5 8 11 12 1.85164
3 5 8 11 13 1.73205
3 5 8 11 14 2.07802
3 5 8 12 13 1.41421
3 5 8 12 14 1.85164
3 5 8 13 14 1.73205
3 5 9 10 11 2.29129
3 5 9 10 12 2.07802
3 5 9 10 13 2
3 5 9 10 14 2.29129
3 5 9 11 12 2.19034
3 5 9 11 13 2.15297
3 5 9 11 14 2.35584
3 5 9 12 13 2
3 5 9 12 14 2.16556
3 5 9 13 14 2.10357
3 5 10 11 12 2.07802
3 5 10 11 13 2
3 5 10 11 14 2.29129
3 5 10 12 13 1.73205
3 5 10 12 14 2.07802
3 5 10 13 14 2
3 5 11 12 13 2
3 5 11 12 14 2.16556
3 5 11 13 14 2.10357
3 5 12 13 14 1.90693
3 6 7 8 9 2.02367
3 6 7 8 10 2
3 6 7 8 11 2.02367
3 6 7 8 12 2
3 6 7 8 13 2
3 6 7 8 14 2
3 6 7 9 10 2.16556
3 6 7 9 11 2.326
3 6 7 9 12 2.20605
3 6 7 9 13 2.16025
3 6 7 9 14 2.27837
3 6 7 10 11 2.16556
3 6 7 10 12 2
3 6 7 10 13 1.90693
3 6 7 10 14 2.16556
3 6 7 11 12 2.20605
3 6 7 11 13 2.16025
3 6 7 11 14 2.27837
3 6 7 12 13 2.10639
3 6 7 12 14 2.16025
3 6 7 13 14 2.10639
3 6 8 9 10 2.39046
3 6 8 9 11 2.42507
3 6 8 9 12 2.3094
3 6 8 9 13 2.28446
3 6 8 9 14 2.40662
3 6 8 10 11 2.39046
3 6 8 10 12 2.26385
3 6 8 10 13 2.23607
3 6 8 10 14 2.39046
3 6 8 11 12 2.3094
3 6 8 11 13 2.28446
3 6 8 11 14 2.40662
3 6 8 12 13 2.19089
3 6 8 12 14 2.3094
3 6 8 13 14 2.26385
3 6 9 10 11 2.52678
3 6 9 10 12 2.39046
3 6 9 10 13 2.35488
3 6 9 10 14 2.52678
3 6 9 11 12 2.51916
3 6 9 11 13 2.50333
3 6 9 11 14 2.60951
3 6 9 12 13 2.44949
3 6 9 12 14 2.5
3 6 9 13 14 2.46311
3 6 10 11 12 2.39046
3 6 10 11 13 2.35488
3 6 10 11 14 2.52678
3 6 10 12 13 2.23607
3 6 10 12 14 2.39046
3 6 10 13 14 2.35488
3 6 11 12 13 2.44949
3 6 11 12 14 2.5
3 6 11 13 14 2.46311
3 6 12 13 14 2.38048
3 7 8 9 10 2
3 7 8 9 11 2.02367
3 7 8 9 12 2
3 7 8 9 13 2
3 7 8 9 14 2
3 7 8 10 11 2
3 7 8 10 12 1.81265
3 7 8 10 13 1.73205
3 7 8 10 14 2
3 7 8 11 12 2
3 7 8 11 13 2
3 7 8 11 14 2
3 7 8 12 13 1.81265
3 7 8 12 14 2
3 7 8 13 14 1.81265
3 7 9 10 11 2.16556
3 7 9 10 12 2
3 7 9 10 13 1.90693
3 7 9 10 14 2.16556
3 7 9 11 12 2.20605
3 7 9 11 13 2.16025
3 7 9 11 14 2.27837
3 7 9 12 13 2.10639
3 7 9 12 14 2.16025
3 7 9 13 14 2.10639
3 7 10 11 12 2
3 7 10 11 13 1.90693
3 7 10 11 14 2.16556
3 7 10 12 13 1.73205
3 7 10 12 14 2
3 7 10 13 14 1.90693
3 7 11 12 13 2.10639
3 7 11 12 14 2.16025
3 7 11 13 14 2.10639
3 7 12 13 14 2
3 8 9 10 11 2.39046
3 8 9 10 12 2.26385
3 8 9 10 13 2.23607
3 8 9 10 14 2.39046
3 8 9 11 12 2.3094
3 8 9 11 13 2.28446
3 8 9 11 14 2.40662
3 8 9 12 13 2.19089
3 8 9 12 14 2.3094
3 8 9 13 14 2.26385
3 8 10 11 12 2.26385
3 8 10 11 13 2.23607
3 8 10 11 14 2.39046
3 8 10 12 13 2.13664
3 8 10 12 14 2.26385
3 8 10 13 14 2.23607
3 8 11 12 13 2.19089
3 8 11 12 14 2.3094
3 8 11 13 14 2.26385
3 8 12 13 14 2.16025
3 9 10 11 12 2.39046
3 9 10 11 13 2.35488
3 9 10 11 14 2.52678
3 9 10 12 13 2.23607
3 9 10 12 14 2.39046
3 9 10 13 14 2.35488
3 9 11 12 13 2.44949
3 9 11 12 14 2.5
3 9 11 13 14 2.46311
3 9 12 13 14 2.38048
3 10 11 12 13 2.23607
3 10 11 12 14 2.39046
3 10 11 13 14 2.35488
3 10 12 13 14 2.23607
3 11 12 13 14 2.38048
4 5 6 7 8 2
4 5 6 7 9 2.22985
4 5 6 7 10 2.16556
4 5 6 7 11 2.23607
4 5 6 7 12 2.05751
4 5 6 7 13 2.01187
4 5 6 7 14 2.23607
4 5 6 8 9 2.39046
4 5 6 8 10 2.39046
4 5 6 8 11 2.32266
4 5 6 8 12 2.26385
4 5 6 8 13 2.23607
4 5 6 8 14 2.39046
4 5 6 9 10 2.52678
4 5 6 9 11 2.53859
4 5 6 9 12 2.42487
4 5 6 9 13 2.40426
4 5 6 9 14 2.56038
4 5 6 10 11 2.48193
4 5 6 10 12 2.39046
4 5 6 10 13 2.35488
4 5 6 10 14 2.52678
4 5 6 11 12 2.36827
4 5 6 11 13 2.33699
4 5 6 11 14 2.50805
4 5 6 12 13 2.28446
4 5 6 12 14 2.41424
4 5 6 13 14 2.39046
4 5 7 8 9 2
4 5 7 8 10 2.02367
4 5 7 8 11 1.93309
4 5 7 8 12 2
4 5 7 8 13 2
4 5 7 8 14 2.02367
4 5 7 9 10 2.17626
4 5 7 9 11 2.23607
4 5 7 9 12 2.08167
4 5 7 9 13 2.04495
4 5 7 9 14 2.22985
4 5 7 10 11 2.13809
4 5 7 10 12 2.02367
4 5 7 10 13 1.96214
4 5 7 10 14 2.19848
4 5 7 11 12 2.0381
4 5 7 11 13 2
4 5 7 11 14 2.18955
4 5 7 12 13 2
4 5 7 12 14 2.08167
4 5 7 13 14 2.02367
4 5 8 9 10 2.40662
4 5 8 9 11 2.32266
4 5 8 9 12 2.3094
4 5 8 9 13 2.26385
4 5 8 9 14 2.40662
4 5 8 10 11 2.32266
4 5 8 10 12 2.3094
4 5 8 10 13 2.28446
4 5 8 10 14 2.42507
4 5 8 11 12 2.16025
4 5 8 11 13 2.13664
4 5 8 11 14 2.32266
4 5 8 12 13 2.19089
4 5 8 12 14 2.3094
4 5 8 13 14 2.28446
4 5 9 10 11 2.48193
4 5 9 10 12 2.40662
4 5 9 10 13 2.37697
4 5 9 10 14 2.54058
4 5 9 11 12 2.36827
4 5 9 11 13 2.33699
4 5 9 11 14 2.50805
4 5 9 12 13 2.3094
4 5 9 12 14 2.44949
4 5 9 13 14 2.40662
4 5 10 11 12 2.32266
4 5 10 11 13 2.28709
4 5 10 11 14 2.48193
4 5 10 12 13 2.28446
4 5 10 12 14 2.42507
4 5 10 13 14 2.389
4 5 11 12 13 2.19089
4 5 11 12 14 2.34521
4 5 11 13 14 2.32266
4 5 12 13 14 2.3094
4 6 7 8 9 2.09938
4 6 7 8 10 2.09938
4 6 7 8 11 2.04939
4 6 7 8 12 2
4 6 7 8 13 1.93309
4 6 7 8 14 2.09938
4 6 7 9 10 2.2514
4 6 7 9 11 2.28239
4 6 7 9 12 2.15322
4 6 7 9 13 2.16025
4 6 7 9 14 2.29256
4 6 7 10 11 2.22354
4 6 7 10 12 2.09938
4 6 7 10 13 2.04939
4 6 7 10 14 2.2514
4 6 7 11 12 2.12132
4 6 7 11 13 2.08167
4 6 7 11 14 2.26779
4 6 7 12 13 2
4 6 7 12 14 2.13809
4 6 7 13 14 2.09938
4 6 8 9 10 2.68164
4 6 8 9 11 2.62216
4 6 8 9 12 2.60419
4 6 8 9 13 2.58844
4 6 8 9 14 2.68164
4 6 8 10 11 2.62216
4 6 8 10 12 2.60419
4 6 8 10 13 2.58844
4 6 8 10 14 2.68164
4 6 8 11 12 2.53722
4 6 8 11 13 2.52543
4 6 8 11 14 2.62216
4 6 8 12 13 2.52543
4 6 8 12 14 2.60419
4 6 8 13 14 2.58844
4 6 9 10 11 2.72385
4 6 9 10 12 2.68164
4 6 9 10 13 2.66231
4 6 9 10 14 2.77498
4 6 9 11 12 2.6176
4 6 9 11 13 2.62202
4 6 9 11 14 2.74037
4 6 9 12 13 2.64575
4 6 9 12 14 2.64575
4 6 9 13 14 2.68164
4 6 10 11 12 2.62216
4 6 10 11 13 2.61406
4 6 10 11 14 2.72385
4 6 10 12 13 2.58844
4 6 10 12 14 2.68164
4 6 10 13 14 2.66231
4 6 11 12 13 2.53899
4 6 11 12 14 2.61652
4 6 11 13 14 2.62216
4 6 12 13 14 2.60419
4 7 8 9 10 2.16025
4 7 8 9 11 2.04939
4 7 8 9 12 2.01187
4 7 8 9 13 2
4 7 8 9 14 2.16025
4 7 8 10 11 2.04939
4 7 8 10 12 2.04495
4 7 8 10 13 2
4 7 8 10 14 2.14154
4 7 8 11 12 1.90693
4 7 8 11 13 1.85164
4 7 8 11 14 2.04939
4 7 8 12 13 1.93309
4 7 8 12 14 2.04495
4 7 8 13 14 2
4 7 9 10 11 2.22354
4 7 9 10 12 2.16025
4 7 9 10 13 2.08167
4 7 9 10 14 2.26747
4 7 9 11 12 2.12132
4 7 9 11 13 2.08167
4 7 9 11 14 2.26779
4 7 9 12 13 2.04495
4 7 9 12 14 2.16025
4 7 9 13 14 2.16025
4 7 10 11 12 2.04939
4 7 10 11 13 2.00294
4 7 10 11 14 2.22354
4 7 10 12 13 2
4 7 10 12 14 2.14154
4 7 10 13 14 2.09069
4 7 11 12 13 1.93309
4 7 11 12 14 2.10223
4 7 11 13 14 2.04939
4 7 12 13 14 2.04495
4 8 9 10 11 2.62216
4 8 9 10 12 2.61861
4 8 9 10 13 2.60419
4 8 9 10 14 2.69077
4 8 9 11 12 2.53722
4 8 9 11 13 2.52543
4 8 9 11 14 2.62216
4 8 9 12 13 2.53722
4 8 9 12 14 2.61861
4 8 9 13 14 2.60419
4 8 10 11 12 2.53722
4 8 10 11 13 2.52543
4 8 10 11 14 2.62216
4 8 10 12 13 2.53899
4 8 10 12 14 2.62912
4 8 10 13 14 2.64575
4 8 11 12 13 2.44949
4 8 11 12 14 2.53722
4 8 11 13 14 2.52543
4 8 12 13 14 2.53899
4 9 10 11 12 2.62216
4 9 10 11 13 2.61406
4 9 10 11 14 2.72385
4 9 10 12 13 2.60419
4 9 10 12 14 2.69077
4 9 10 13 14 2.67435
4 9 11 12 13 2.53899
4 9 11 12 14 2.61652
4 9 11 13 14 2.62216
4 9 12 13 14 2.61861
4 10 11 12 13 2.52543
4 10 11 12 14 2.62216
4 10 11 13 14 2.61406
4 10 12 13 14 2.64575
4 11 12 13 14 2.53722
5 6 7 8 9 2
5 6 7 8 10 2
5 6 7 8 11 1.93309
5 6 7 8 12 1.81265
5 6 7 8 13 1.73205
5 6 7 8 14 2
5 6 7 9 10 2.16556
5 6 7 9 11 2.24649
5 6 7 9 12 2.12916
5 6 7 9 13 2.08738
5 6 7 9 14 2.22985
5 6 7 10 11 2.13809
5 6 7 10 12 2
5 6 7 10 13 1.90693
5 6 7 10 14 2.16556
5 6 7 11 12 2.081
5 6 7 11 13 2.04939
5 6 7 11 14 2.23607
5 6 7 12 13 1.96214
5 6 7 12 14 2.05751
5 6 7 13 14 2.01187
5 6 8 9 10 2.39046
5 6 8 9 11 2.32266
5 6 8 9 12 2.26385
5 6 8 9 13 2.23607
5 6 8 9 14 2.39046
5 6 8 10 11 2.32266
5 6 8 10 12 2.26385
5 6 8 10 13 2.23607
5 6 8 10 14 2.39046
5 6 8 11 12 2.16025
5 6 8 11 13 2.13664
5 6 8 11 14 2.32266
5 6 8 12 13 2.13664
5 6 8 12 14 2.26385
5 6 8 13 14 2.23607
5 6 9 10 11 2.48193
5 6 9 10 12 2.39046
5 6 9 10 13 2.35488
5 6 9 10 14 2.52678
5 6 9 11 12 2.39792
5 6 9 11 13 2.39046
5 6 9 11 14 2.53859
5 6 9 12 13 2.44949
5 6 9 12 14 2.42487
5 6 9 13 14 2.40426
5 6 10 11 12 2.32266
5 6 10 11 13 2.28709
5 6 10 11 14 2.48193
5 6 10 12 13 2.23607
5 6 10 12 14 2.39046
5 6 10 13 14 2.35488
5 6 11 12 13 2.23607
5 6 11 12 14 2.36827
5 6 11 13 14 2.33699
5 6 12 13 14 2.28446
5 7 8 9 10 2
5 7 8 9 11 1.93309
5 7 8 9 12 2
5 7 8 9 13 1.81265
5 7 8 9 14 2
5 7 8 10 11 1.93309
5 7 8 10 12 2
5 7 8 10 13 2
5 7 8 10 14 2.02367
5 7 8 11 12 1.73205
5 7 8 11 13 1.62019
5 7 8 11 14 1.93309
5 7 8 12 13 1.81265
5 7 8 12 14 2
5 7 8 13 14 2
5 7 9 10 11 2.13809
5 7 9 10 12 2
5 7 9 10 13 1.93309
5 7 9 10 14 2.17626
5 7 9 11 12 2.081
5 7 9 11 13 2.04939
5 7 9 11 14 2.23607
5 7 9 12 13 1.96769
5 7 9 12 14 2.08167
5 7 9 13 14 2.04495
5 7 10 11 12 1.93309
5 7 10 11 13 1.85164
5 7 10 11 14 2.13809
5 7 10 12 13 2
5 7 10 12 14 2.02367
5 7 10 13 14 1.96214
5 7 11 12 13 1.93309
5 7 11 12 14 2.0381
5 7 11 13 14 2
5 7 12 13 14 2
5 8 9 10 11 2.32266
5 8 9 10 12 2.3094
5 8 9 10 13 2.26385
5 8 9 10 14 2.40662
5 8 9 11 12 2.16025
5 8 9 11 13 2.13664
5 8 9 11 14 2.32266
5 8 9 12 13 2.16025
5 8 9 12 14 2.3094
5 8 9 13 14 2.26385
5 8 10 11 12 2.16025
5 8 10 11 13 2.13664
5 8 10 11 14 2.32266
5 8 10 12 13 2.19089
5 8 10 12 14 2.3094
5 8 10 13 14 2.28446
5 8 11 12 13 2
5 8 11 12 14 2.16025
5 8 11 13 14 2.13664
5 8 12 13 14 2.19089
5 9 10 11 12 2.32266
5 9 10 11 13 2.28709
5 9 10 11 14 2.48193
5 9 10 12 13 2.26385
5 9 10 12 14 2.40662
5 9 10 13 14 2.37697
5 9 11 12 13 2.23607
5 9 11 12 14 2.36827
5 9 11 13 14 2.33699
5 9 12 13 14 2.3094
5 10 11 12 13 2.13664
5 10 11 12 14 2.32266
5 10 11 13 14 2.28709
5 10 12 13 14 2.28446
5 11 12 13 14 2.19089
6 7 8 9 10 2.13809
6 7 8 9 11 2.14154
6 7 8 9 12 2.08167
6 7 8 9 13 2.08167
6 7 8 9 14 2.15322
6 7 8 10 11 2.09938
6 7 8 10 12 2.0381
6 7 8 10 13 2
6 7 8 10 14 2.13809
6 7 8 11 12 2.04495
6 7 8 11 13 2
6 7 8 11 14 2.16025
6 7 8 12 13 2
6 7 8 12 14 2.05751
6 7 8 13 14 2.0381
6 7 9 10 11 2.2514
6 7 9 10 12 2.13809
6 7 9 10 13 2.10223
6 7 9 10 14 2.26855
6 7 9 11 12 2.27761
6 7 9 11 13 2.2563
6 7 9 11 14 2.34937
6 7 9 12 13 2.19644
6 7 9 12 14 2.24846
6 7 9 13 14 2.23607
6 7 10 11 12 2.09938
6 7 10 11 13 2.04939
6 7 10 11 14 2.2514
6 7 10 12 13 2
6 7 10 12 14 2.13809
6 7 10 13 14 2.10223
6 7 11 12 13 2.173
6 7 11 12 14 2.23607
6 7 11 13 14 2.19745
6 7 12 13 14 2.16025
6 8 9 10 11 2.68164
6 8 9 10 12 2.66288
6 8 9 10 13 2.64575
6 8 9 10 14 2.72185
6 8 9 11 12 2.62912
6 8 9 11 13 2.64575
6 8 9 11 14 2.69077
6 8 9 12 13 2.64575
6 8 9 12 14 2.67842
6 8 9 13 14 2.66288
6 8 10 11 12 2.60419
6 8 10 11 13 2.58844
6 8 10 11 14 2.68164
6 8 10 12 13 2.58844
6 8 10 12 14 2.66288
6 8 10 13 14 2.64575
6 8 11 12 13 2.53899
6 8 11 12 14 2.61861
6 8 11 13 14 2.60419
6 8 12 13 14 2.60419
6 9 10 11 12 2.68164
6 9 10 11 13 2.66231
6 9 10 11 14 2.77498
6 9 10 12 13 2.64575
6 9 10 12 14 2.72185
6 9 10 13 14 2.71163
6 9 11 12 13 2.68949
6 9 11 12 14 2.71649
6 9 11 13 14 2.72279
6 9 12 13 14 2.70157
6 10 11 12 13 2.58844
6 10 11 12 14 2.68164
6 10 11 13 14 2.66231
6 10 12 13 14 2.64575
6 11 12 13 14 2.65875
7 8 9 10 11 2.09938
7 8 9 10 12 2.05751
7 8 9 10 13 2.0381
7 8 9 10 14 2.15322
7 8 9 11 12 2.04495
7 8 9 11 13 2
7 8 9 11 14 2.16025
7 8 9 12 13 2.04495
7 8 9 12 14 2.07802
7 8 9 13 14 2.05751
7 8 10 11 12 2
7 8 10 11 13 1.93309
7 8 10 11 14 2.09938
7 8 10 12 13 2
7 8 10 12 14 2.08167
7 8 10 13 14 2.08167
7 8 11 12 13 1.93309
7 8 11 12 14 2.01187
7 8 11 13 14 2
7 8 12 13 14 2.04495
7 9 10 11 12 2.09938
7 9 10 11 13 2.04939
7 9 10 11 14 2.2514
7 9 10 12 13 2.0381
7 9 10 12 14 2.15322
7 9 10 13 14 2.12132
7 9 11 12 13 2.173
7 9 11 12 14 2.23607
7 9 11 13 14 2.19745
7 9 12 13 14 2.15758
7 10 11 12 13 1.93309
7 10 11 12 14 2.09938
7 10 11 13 14 2.04939
7 10 12 13 14 2.08167
7 11 12 13 14 2.10639
8 9 10 11 12 2.60419
8 9 10 11 13 2.58844
8 9 10 11 14 2.68164
8 9 10 12 13 2.60419
8 9 10 12 14 2.67842
8 9 10 13 14 2.66288
8 9 11 12 13 2.53899
8 9 11 12 14 2.61861
8 9 11 13 14 2.60419
8 9 12 13 14 2.61861
8 10 11 12 13 2.52543
8 10 11 12 14 2.60419
8 10 11 13 14 2.58844
8 10 12 13 14 2.64575
8 11 12 13 14 2.53722
9 10 11 12 13 2.58844
9 10 11 12 14 2.68164
9 10 11 13 14 2.66231
9 10 12 13 14 2.66288
9 11 12 13 14 2.65875
10 11 12 13 14 2.58844
