4 9 0 1 2.16025
4 9 0 2 2.27907
4 9 0 3 2.49313
4 9 0 5 2.54598
4 9 0 6 2.77146
4 9 0 7 2.27907
4 9 0 8 2.67435
4 9 0 10 2.7663
4 9 0 11 2.73434
4 9 0 12 2.68845
4 9 0 13 2.68845
4 9 0 14 2.77766
4 9 1 2 1.73205
4 9 1 3 1.41421
4 9 1 5 1.85164
4 9 1 6 2.13664
4 9 1 7 1.73205
4 9 1 8 2.16025
4 9 1 10 2.16025
4 9 1 11 2
4 9 1 12 2.16025
4 9 1 13 2.16025
4 9 1 14 2.16025
4 9 2 3 2.23607
4 9 2 5 2.29907
4 9 2 6 2.34521
4 9 2 7 2
4 9 2 8 2.16025
4 9 2 10 2.26747
4 9 2 11 2.28239
4 9 2 12 2.17607
4 9 2 13 2.13535
4 9 2 14 2.30079
4 9 3 5 2.35584
4 9 3 6 2.53859
4 9 3 7 2.23607
4 9 3 8 2.32266
4 9 3 10 2.48193
4 9 3 11 2.53859
4 9 3 12 2.36827
4 9 3 13 2.33699
4 9 3 14 2.50805
4 9 5 6 2.55604
4 9 5 7 2.29907
4 9 5 8 2.40662
4 9 5 10 2.54058
4 9 5 11 2.53859
4 9 5 12 2.44114
4 9 5 13 2.41291
4 9 5 14 2.57032
4 9 6 7 2.34521
4 9 6 8 2.68164
4 9 6 10 2.77498
4 9 6 11 2.74169
4 9 6 12 2.67169
4 9 6 13 2.67896
4 9 6 14 2.77991
4 9 7 8 2.16025
4 9 7 10 2.26747
4 9 7 11 2.28239
4 9 7 12 2.17607
4 9 7 13 2.13535
4 9 7 14 2.30079
4 9 8 10 2.69077
4 9 8 11 2.62216
4 9 8 12 2.61861
4 9 8 13 2.60419
4 9 8 14 2.69077
4 9 10 11 2.72385
4 9 10 12 2.69077
4 9 10 13 2.67435
4 9 10 14 2.77766
4 9 11 12 2.6176
4 9 11 13 2.62202
4 9 11 14 2.74037
4 9 12 13 2.62912
4 9 12 14 2.68594
4 9 13 14 2.69077
