5 6 0 1 1.73205
5 6 0 2 2.21303
5 6 0 3 2.32279
5 6 0 4 2.57391
5 6 0 7 2.21303
5 6 0 8 2.35488
5 6 0 9 2.59808
5 6 0 10 2.49516
5 6 0 11 2.51151
5 6 0 12 2.42997
5 6 0 13 2.42997
5 6 0 14 2.57391
5 6 1 2 1.73205
5 6 1 3 1.73205
5 6 1 4 1.73205
5 6 1 7 1.73205
5 6 1 8 1.73205
5 6 1 9 1.73205
5 6 1 10 1.73205
5 6 1 11 1.73205
5 6 1 12 1.73205
5 6 1 13 1.73205
5 6 1 14 1.73205
5 6 2 3 2.19034
5 6 2 4 2.22985
5 6 2 7 2.04939
5 6 2 8 2
5 6 2 9 2.25948
5 6 2 10 2.16556
5 6 2 11 2.24649
5 6 2 12 2.12916
5 6 2 13 2.08738
5 6 2 14 2.22985
5 6 3 4 2.35584
5 6 3 7 2.19034
5 6 3 8 2.07802
5 6 3 9 2.37
5 6 3 10 2.29129
5 6 3 11 2.37
5 6 3 12 2.19034
5 6 3 13 2.15297
5 6 3 14 2.35584
5 6 4 7 2.22985
5 6 4 8 2.39046
5 6 4 9 2.55604
5 6 4 10 2.52678
5 6 4 11 2.53859
5 6 4 12 2.42487
5 6 4 13 2.40426
5 6 4 14 2.56038
5 6 7 8 2
5 6 7 9 2.25948
5 6 7 10 2.16556
5 6 7 11 2.24649
5 6 7 12 2.12916
5 6 7 13 2.08738
5 6 7 14 2.22985
5 6 8 9 2.39046
5 6 8 10 2.39046
5 6 8 11 2.32266
5 6 8 12 2.26385
5 6 8 13 2.23607
5 6 8 14 2.39046
5 6 9 10 2.52678
5 6 9 11 2.56038
5 6 9 12 2.44949
5 6 9 13 2.42997
5 6 9 14 2.55604
5 6 10 11 2.48193
5 6 10 12 2.39046
5 6 10 13 2.35488
5 6 10 14 2.52678
5 6 11 12 2.39792
5 6 11 13 2.39046
5 6 11 14 2.53859
5 6 12 13 2.44949
5 6 12 14 2.42487
5 6 13 14 2.40426
