4 11 0 1 2 3 5 6 7 8 9 10 12 0
4 11 0 1 2 3 5 6 7 8 9 10 13 0
4 11 0 1 2 3 5 6 7 8 9 10 14 0
4 11 0 1 2 3 5 6 7 8 9 12 13 1
4 11 0 1 2 3 5 6 7 8 9 12 14 0
4 11 0 1 2 3 5 6 7 8 9 13 14 0
4 11 0 1 2 3 5 6 7 8 10 12 13 0
4 11 0 1 2 3 5 6 7 8 10 12 14 0
4 11 0 1 2 3 5 6 7 8 10 13 14 0
4 11 0 1 2 3 5 6 7 8 12 13 14 0
4 11 0 1 2 3 5 6 7 9 10 12 13 0
4 11 0 1 2 3 5 6 7 9 10 12 14 0
4 11 0 1 2 3 5 6 7 9 10 13 14 0
4 11 0 1 2 3 5 6 7 9 12 13 14 1
4 11 0 1 2 3 5 6 7 10 12 13 14 0
4 11 0 1 2 3 5 6 8 9 10 12 13 0
4 11 0 1 2 3 5 6 8 9 10 12 14 0
4 11 0 1 2 3 5 6 8 9 10 13 14 0
4 11 0 1 2 3 5 6 8 9 12 13 14 0
4 11 0 1 2 3 5 6 8 10 12 13 14 0
4 11 0 1 2 3 5 6 9 10 12 13 14 0
4 11 0 1 2 3 5 7 8 9 10 12 13 0
4 11 0 1 2 3 5 7 8 9 10 12 14 0
4 11 0 1 2 3 5 7 8 9 10 13 14 0
4 11 0 1 2 3 5 7 8 9 12 13 14 0
4 11 0 1 2 3 5 7 8 10 12 13 14 1
4 11 0 1 2 3 5 7 9 10 12 13 14 0
4 11 0 1 2 3 5 8 9 10 12 13 14 0
4 11 0 1 2 3 6 7 8 9 10 12 13 0
4 11 0 1 2 3 6 7 8 9 10 12 14 0
4 11 0 1 2 3 6 7 8 9 10 13 14 0
4 11 0 1 2 3 6 7 8 9 12 13 14 0
4 11 0 1 2 3 6 7 8 10 12 13 14 0
4 11 0 1 2 3 6 7 9 10 12 13 14 0
4 11 0 1 2 3 6 8 9 10 12 13 14 1
4 11 0 1 2 3 7 8 9 10 12 13 14 0
4 11 0 1 2 5 6 7 8 9 10 12 13 0
4 11 0 1 2 5 6 7 8 9 10 12 14 0
4 11 0 1 2 5 6 7 8 9 10 13 14 0
4 11 0 1 2 5 6 7 8 9 12 13 14 0
4 11 0 1 2 5 6 7 8 10 12 13 14 0
4 11 0 1 2 5 6 7 9 10 12 13 14 0
4 11 0 1 2 5 6 8 9 10 12 13 14 1
4 11 0 1 2 5 7 8 9 10 12 13 14 0
4 11 0 1 2 6 7 8 9 10 12 13 14 0
4 11 0 1 3 5 6 7 8 9 10 12 13 0
4 11 0 1 3 5 6 7 8 9 10 12 14 0
4 11 0 1 3 5 6 7 8 9 10 13 14 0
4 11 0 1 3 5 6 7 8 9 12 13 14 0
4 11 0 1 3 5 6 7 8 10 12 13 14 0
4 11 0 1 3 5 6 7 9 10 12 13 14 0
4 11 0 1 3 5 6 8 9 10 12 13 14 0
4 11 0 1 3 5 7 8 9 10 12 13 14 0
4 11 0 1 3 6 7 8 9 10 12 13 14 1
4 11 0 1 5 6 7 8 9 10 12 13 14 1
4 11 0 2 3 5 6 7 8 9 10 12 13 0
4 11 0 2 3 5 6 7 8 9 10 12 14 1
4 11 0 2 3 5 6 7 8 9 10 13 14 1
4 11 0 2 3 5 6 7 8 9 12 13 14 0
4 11 0 2 3 5 6 7 8 10 12 13 14 0
4 11 0 2 3 5 6 7 9 10 12 13 14 1
4 11 0 2 3 5 6 8 9 10 12 13 14 1
4 11 0 2 3 5 7 8 9 10 12 13 14 0
4 11 0 2 3 6 7 8 9 10 12 13 14 0
4 11 0 2 5 6 7 8 9 10 12 13 14 0
4 11 0 3 5 6 7 8 9 10 12 13 14 1
4 11 1 2 3 5 6 7 8 9 10 12 13 0
4 11 1 2 3 5 6 7 8 9 10 12 14 1
4 11 1 2 3 5 6 7 8 9 10 13 14 0
4 11 1 2 3 5 6 7 8 9 12 13 14 0
4 11 1 2 3 5 6 7 8 10 12 13 14 0
4 11 1 2 3 5 6 7 9 10 12 13 14 0
4 11 1 2 3 5 6 8 9 10 12 13 14 0
4 11 1 2 3 5 7 8 9 10 12 13 14 0
4 11 1 2 3 6 7 8 9 10 12 13 14 0
4 11 1 2 5 6 7 8 9 10 12 13 14 0
4 11 1 3 5 6 7 8 9 10 12 13 14 0
4 11 2 3 5 6 7 8 9 10 12 13 14 0
