4 11 0 1 2 3 5 6 1.41421
4 11 0 1 2 3 5 7 1.41421
4 11 0 1 2 3 5 8 1
4 11 0 1 2 3 5 9 1.41421
4 11 0 1 2 3 5 10 1
4 11 0 1 2 3 5 12 1.41421
4 11 0 1 2 3 5 13 1.41421
4 11 0 1 2 3 5 14 1
4 11 0 1 2 3 6 7 1.41421
4 11 0 1 2 3 6 8 1
4 11 0 1 2 3 6 9 1.41421
4 11 0 1 2 3 6 10 1
4 11 0 1 2 3 6 12 1.41421
4 11 0 1 2 3 6 13 1.41421
4 11 0 1 2 3 6 14 1
4 11 0 1 2 3 7 8 1
4 11 0 1 2 3 7 9 1.41421
4 11 0 1 2 3 7 10 1
4 11 0 1 2 3 7 12 1.41421
4 11 0 1 2 3 7 13 1.41421
4 11 0 1 2 3 7 14 1
4 11 0 1 2 3 8 9 1
4 11 0 1 2 3 8 10 1
4 11 0 1 2 3 8 12 1
4 11 0 1 2 3 8 13 1
4 11 0 1 2 3 8 14 1
4 11 0 1 2 3 9 10 1
4 11 0 1 2 3 9 12 1.41421
4 11 0 1 2 3 9 13 1.41421
4 11 0 1 2 3 9 14 1
4 11 0 1 2 3 10 12 1
4 11 0 1 2 3 10 13 1
4 11 0 1 2 3 10 14 1
4 11 0 1 2 3 12 13 1.41421
4 11 0 1 2 3 12 14 1
4 11 0 1 2 3 13 14 1
4 11 0 1 2 5 6 7 1.41421
4 11 0 1 2 5 6 8 1
4 11 0 1 2 5 6 9 1.41421
4 11 0 1 2 5 6 10 1
4 11 0 1 2 5 6 12 1.41421
4 11 0 1 2 5 6 13 1.41421
4 11 0 1 2 5 6 14 1
4 11 0 1 2 5 7 8 1
4 11 0 1 2 5 7 9 1.41421
4 11 0 1 2 5 7 10 1
4 11 0 1 2 5 7 12 1.41421
4 11 0 1 2 5 7 13 1.41421
4 11 0 1 2 5 7 14 1
4 11 0 1 2 5 8 9 1
4 11 0 1 2 5 8 10 1
4 11 0 1 2 5 8 12 1
4 11 0 1 2 5 8 13 1
4 11 0 1 2 5 8 14 1
4 11 0 1 2 5 9 10 1
4 11 0 1 2 5 9 12 1.41421
4 11 0 1 2 5 9 13 1.41421
4 11 0 1 2 5 9 14 1
4 11 0 1 2 5 10 12 1
4 11 0 1 2 5 10 13 1
4 11 0 1 2 5 10 14 1
4 11 0 1 2 5 12 13 1.41421
4 11 0 1 2 5 12 14 1
4 11 0 1 2 5 13 14 1
4 11 0 1 2 6 7 8 1
4 11 0 1 2 6 7 9 1.41421
4 11 0 1 2 6 7 10 0
4 11 0 1 2 6 7 12 1.41421
4 11 0 1 2 6 7 13 1.41421
4 11 0 1 2 6 7 14 1
4 11 0 1 2 6 8 9 1.41421
4 11 0 1 2 6 8 10 1.41421
4 11 0 1 2 6 8 12 1.41421
4 11 0 1 2 6 8 13 1.41421
4 11 0 1 2 6 8 14 1.41421
4 11 0 1 2 6 9 10 1.41421
4 11 0 1 2 6 9 12 1.41421
4 11 0 1 2 6 9 13 1.41421
4 11 0 1 2 6 9 14 1.41421
4 11 0 1 2 6 10 12 1.41421
4 11 0 1 2 6 10 13 1.41421
4 11 0 1 2 6 10 14 1.41421
4 11 0 1 2 6 12 13 1.41421
4 11 0 1 2 6 12 14 1.41421
4 11 0 1 2 6 13 14 1.41421
4 11 0 1 2 7 8 9 1
4 11 0 1 2 7 8 10 1
4 11 0 1 2 7 8 12 1
4 11 0 1 2 7 8 13 1
4 11 0 1 2 7 8 14 1
4 11 0 1 2 7 9 10 0
4 11 0 1 2 7 9 12 1.41421
4 11 0 1 2 7 9 13 1.41421
4 11 0 1 2 7 9 14 1
4 11 0 1 2 7 10 12 1
4 11 0 1 2 7 10 13 1
4 11 0 1 2 7 10 14 1
4 11 0 1 2 7 12 13 1.41421
4 11 0 1 2 7 12 14 1
4 11 0 1 2 7 13 14 1
4 11 0 1 2 8 9 10 1.41421
4 11 0 1 2 8 9 12 1.41421
4 11 0 1 2 8 9 13 1.41421
4 11 0 1 2 8 9 14 1.41421
4 11 0 1 2 8 10 12 1.41421
4 11 0 1 2 8 10 13 1.41421
4 11 0 1 2 8 10 14 1.41421
4 11 0 1 2 8 12 13 1.41421
4 11 0 1 2 8 12 14 1.41421
4 11 0 1 2 8 13 14 1.41421
4 11 0 1 2 9 10 12 1.41421
4 11 0 1 2 9 10 13 1.41421
4 11 0 1 2 9 10 14 1.41421
4 11 0 1 2 9 12 13 1.41421
4 11 0 1 2 9 12 14 1.41421
4 11 0 1 2 9 13 14 1.41421
4 11 0 1 2 10 12 13 1.41421
4 11 0 1 2 10 12 14 1.41421
4 11 0 1 2 10 13 14 1.41421
4 11 0 1 2 12 13 14 1.41421
4 11 0 1 3 5 6 7 1.41421
4 11 0 1 3 5 6 8 1
4 11 0 1 3 5 6 9 1.41421
4 11 0 1 3 5 6 10 0
4 11 0 1 3 5 6 12 1.41421
4 11 0 1 3 5 6 13 1.41421
4 11 0 1 3 5 6 14 1
4 11 0 1 3 5 7 8 1
4 11 0 1 3 5 7 9 1.41421
4 11 0 1 3 5 7 10 1
4 11 0 1 3 5 7 12 1.41421
4 11 0 1 3 5 7 13 1.41421
4 11 0 1 3 5 7 14 1
4 11 0 1 3 5 8 9 1
4 11 0 1 3 5 8 10 1
4 11 0 1 3 5 8 12 1
4 11 0 1 3 5 8 13 1
4 11 0 1 3 5 8 14 1
4 11 0 1 3 5 9 10 0
4 11 0 1 3 5 9 12 1.41421
4 11 0 1 3 5 9 13 1.41421
4 11 0 1 3 5 9 14 1
4 11 0 1 3 5 10 12 1
4 11 0 1 3 5 10 13 1
4 11 0 1 3 5 10 14 1
4 11 0 1 3 5 12 13 1.41421
4 11 0 1 3 5 12 14 1
4 11 0 1 3 5 13 14 1
4 11 0 1 3 6 7 8 1
4 11 0 1 3 6 7 9 1.41421
4 11 0 1 3 6 7 10 1
4 11 0 1 3 6 7 12 1.41421
4 11 0 1 3 6 7 13 1.41421
4 11 0 1 3 6 7 14 1
4 11 0 1 3 6 8 9 1.41421
4 11 0 1 3 6 8 10 1.41421
4 11 0 1 3 6 8 12 1.41421
4 11 0 1 3 6 8 13 1.41421
4 11 0 1 3 6 8 14 1.41421
4 11 0 1 3 6 9 10 1.41421
4 11 0 1 3 6 9 12 1.41421
4 11 0 1 3 6 9 13 1.41421
4 11 0 1 3 6 9 14 1.41421
4 11 0 1 3 6 10 12 1.41421
4 11 0 1 3 6 10 13 1.41421
4 11 0 1 3 6 10 14 1.41421
4 11 0 1 3 6 12 13 1.41421
4 11 0 1 3 6 12 14 1.41421
4 11 0 1 3 6 13 14 1.41421
4 11 0 1 3 7 8 9 1
4 11 0 1 3 7 8 10 1
4 11 0 1 3 7 8 12 1
4 11 0 1 3 7 8 13 1
4 11 0 1 3 7 8 14 1
4 11 0 1 3 7 9 10 1
4 11 0 1 3 7 9 12 1.41421
4 11 0 1 3 7 9 13 1.41421
4 11 0 1 3 7 9 14 1
4 11 0 1 3 7 10 12 1
4 11 0 1 3 7 10 13 1
4 11 0 1 3 7 10 14 1
4 11 0 1 3 7 12 13 1.41421
4 11 0 1 3 7 12 14 1
4 11 0 1 3 7 13 14 1
4 11 0 1 3 8 9 10 1.41421
4 11 0 1 3 8 9 12 1.41421
4 11 0 1 3 8 9 13 1.41421
4 11 0 1 3 8 9 14 1.41421
4 11 0 1 3 8 10 12 1.41421
4 11 0 1 3 8 10 13 1.41421
4 11 0 1 3 8 10 14 1.41421
4 11 0 1 3 8 12 13 1.41421
4 11 0 1 3 8 12 14 1.41421
4 11 0 1 3 8 13 14 1.41421
4 11 0 1 3 9 10 12 1.41421
4 11 0 1 3 9 10 13 1.41421
4 11 0 1 3 9 10 14 1.41421
4 11 0 1 3 9 12 13 1.41421
4 11 0 1 3 9 12 14 1.41421
4 11 0 1 3 9 13 14 1.41421
4 11 0 1 3 10 12 13 1.41421
4 11 0 1 3 10 12 14 1.41421
4 11 0 1 3 10 13 14 1.41421
4 11 0 1 3 12 13 14 1.41421
4 11 0 1 5 6 7 8 1
4 11 0 1 5 6 7 9 1.41421
4 11 0 1 5 6 7 10 1
4 11 0 1 5 6 7 12 1.41421
4 11 0 1 5 6 7 13 1.41421
4 11 0 1 5 6 7 14 1
4 11 0 1 5 6 8 9 1.41421
4 11 0 1 5 6 8 10 1.41421
4 11 0 1 5 6 8 12 1.41421
4 11 0 1 5 6 8 13 1.41421
4 11 0 1 5 6 8 14 1.41421
4 11 0 1 5 6 9 10 1.41421
4 11 0 1 5 6 9 12 1.41421
4 11 0 1 5 6 9 13 1.41421
4 11 0 1 5 6 9 14 1.41421
4 11 0 1 5 6 10 12 1.41421
4 11 0 1 5 6 10 13 1.41421
4 11 0 1 5 6 10 14 1.41421
4 11 0 1 5 6 12 13 1.41421
4 11 0 1 5 6 12 14 1.41421
4 11 0 1 5 6 13 14 1.41421
4 11 0 1 5 7 8 9 1
4 11 0 1 5 7 8 10 1
4 11 0 1 5 7 8 12 1
4 11 0 1 5 7 8 13 1
4 11 0 1 5 7 8 14 1
4 11 0 1 5 7 9 10 1
4 11 0 1 5 7 9 12 1.41421
4 11 0 1 5 7 9 13 1.41421
4 11 0 1 5 7 9 14 1
4 11 0 1 5 7 10 12 1
4 11 0 1 5 7 10 13 1
4 11 0 1 5 7 10 14 1
4 11 0 1 5 7 12 13 1.41421
4 11 0 1 5 7 12 14 1
4 11 0 1 5 7 13 14 1
4 11 0 1 5 8 9 10 1.41421
4 11 0 1 5 8 9 12 1.41421
4 11 0 1 5 8 9 13 1.41421
4 11 0 1 5 8 9 14 1.41421
4 11 0 1 5 8 10 12 1.41421
4 11 0 1 5 8 10 13 1.41421
4 11 0 1 5 8 10 14 1.41421
4 11 0 1 5 8 12 13 1.41421
4 11 0 1 5 8 12 14 1.41421
4 11 0 1 5 8 13 14 1.41421
4 11 0 1 5 9 10 12 1.41421
4 11 0 1 5 9 10 13 1.41421
4 11 0 1 5 9 10 14 1.41421
4 11 0 1 5 9 12 13 1.41421
4 11 0 1 5 9 12 14 1.41421
4 11 0 1 5 9 13 14 1.41421
4 11 0 1 5 10 12 13 1.41421
4 11 0 1 5 10 12 14 1.41421
4 11 0 1 5 10 13 14 1.41421
4 11 0 1 5 12 13 14 1.41421
4 11 0 1 6 7 8 9 1.41421
4 11 0 1 6 7 8 10 1.41421
4 11 0 1 6 7 8 12 1.41421
4 11 0 1 6 7 8 13 1.41421
4 11 0 1 6 7 8 14 1.41421
4 11 0 1 6 7 9 10 1.41421
4 11 0 1 6 7 9 12 1.41421
4 11 0 1 6 7 9 13 1.41421
4 11 0 1 6 7 9 14 1.41421
4 11 0 1 6 7 10 12 1.41421
4 11 0 1 6 7 10 13 1.41421
4 11 0 1 6 7 10 14 1.41421
4 11 0 1 6 7 12 13 1.41421
4 11 0 1 6 7 12 14 1.41421
4 11 0 1 6 7 13 14 1.41421
4 11 0 1 6 8 9 10 2
4 11 0 1 6 8 9 12 2
4 11 0 1 6 8 9 13 2
4 11 0 1 6 8 9 14 2
4 11 0 1 6 8 10 12 2
4 11 0 1 6 8 10 13 2
4 11 0 1 6 8 10 14 2
4 11 0 1 6 8 12 13 2
4 11 0 1 6 8 12 14 2
4 11 0 1 6 8 13 14 2
4 11 0 1 6 9 10 12 2
4 11 0 1 6 9 10 13 2
4 11 0 1 6 9 10 14 2
4 11 0 1 6 9 12 13 2
4 11 0 1 6 9 12 14 2
4 11 0 1 6 9 13 14 2
4 11 0 1 6 10 12 13 2
4 11 0 1 6 10 12 14 2
4 11 0 1 6 10 13 14 2
4 11 0 1 6 12 13 14 2
4 11 0 1 7 8 9 10 1.41421
4 11 0 1 7 8 9 12 1.41421
4 11 0 1 7 8 9 13 1.41421
4 11 0 1 7 8 9 14 1.41421
4 11 0 1 7 8 10 12 1.41421
4 11 0 1 7 8 10 13 1.41421
4 11 0 1 7 8 10 14 1.41421
4 11 0 1 7 8 12 13 1.41421
4 11 0 1 7 8 12 14 1.41421
4 11 0 1 7 8 13 14 1.41421
4 11 0 1 7 9 10 12 1.41421
4 11 0 1 7 9 10 13 1.41421
4 11 0 1 7 9 10 14 1.41421
4 11 0 1 7 9 12 13 1.41421
4 11 0 1 7 9 12 14 1.41421
4 11 0 1 7 9 13 14 1.41421
4 11 0 1 7 10 12 13 1.41421
4 11 0 1 7 10 12 14 1.41421
4 11 0 1 7 10 13 14 1.41421
4 11 0 1 7 12 13 14 1.41421
4 11 0 1 8 9 10 12 2
4 11 0 1 8 9 10 13 2
4 11 0 1 8 9 10 14 2
4 11 0 1 8 9 12 13 2
4 11 0 1 8 9 12 14 2
4 11 0 1 8 9 13 14 2
4 11 0 1 8 10 12 13 2
4 11 0 1 8 10 12 14 2
4 11 0 1 8 10 13 14 2
4 11 0 1 8 12 13 14 2
4 11 0 1 9 10 12 13 2
4 11 0 1 9 10 12 14 2
4 11 0 1 9 10 13 14 2
4 11 0 1 9 12 13 14 2
4 11 0 1 10 12 13 14 2
4 11 0 2 3 5 6 7 1.90693
4 11 0 2 3 5 6 8 1.73205
4 11 0 2 3 5 6 9 2.10357
4 11 0 2 3 5 6 10 2
4 11 0 2 3 5 6 12 1.90693
4 11 0 2 3 5 6 13 1.90693
4 11 0 2 3 5 6 14 2.07802
4 11 0 2 3 5 7 8 1.41421
4 11 0 2 3 5 7 9 1.90693
4 11 0 2 3 5 7 10 1.73205
4 11 0 2 3 5 7 12 1.73205
4 11 0 2 3 5 7 13 1.73205
4 11 0 2 3 5 7 14 1.85164
4 11 0 2 3 5 8 9 1.73205
4 11 0 2 3 5 8 10 1.73205
4 11 0 2 3 5 8 12 1.41421
4 11 0 2 3 5 8 13 1.41421
4 11 0 2 3 5 8 14 1.73205
4 11 0 2 3 5 9 10 2
4 11 0 2 3 5 9 12 1.90693
4 11 0 2 3 5 9 13 1.90693
4 11 0 2 3 5 9 14 2.07802
4 11 0 2 3 5 10 12 1.73205
4 11 0 2 3 5 10 13 1.73205
4 11 0 2 3 5 10 14 2
4 11 0 2 3 5 12 13 1.73205
4 11 0 2 3 5 12 14 1.85164
4 11 0 2 3 5 13 14 1.85164
4 11 0 2 3 6 7 8 1.41421
4 11 0 2 3 6 7 9 1.90693
4 11 0 2 3 6 7 10 1.73205
4 11 0 2 3 6 7 12 1.73205
4 11 0 2 3 6 7 13 1.73205
4 11 0 2 3 6 7 14 1.85164
4 11 0 2 3 6 8 9 1.85164
4 11 0 2 3 6 8 10 1.85164
4 11 0 2 3 6 8 12 1.62019
4 11 0 2 3 6 8 13 1.62019
4 11 0 2 3 6 8 14 1.85164
4 11 0 2 3 6 9 10 2.07802
4 11 0 2 3 6 9 12 2
4 11 0 2 3 6 9 13 2
4 11 0 2 3 6 9 14 2.13809
4 11 0 2 3 6 10 12 1.85164
4 11 0 2 3 6 10 13 1.85164
4 11 0 2 3 6 10 14 2.07802
4 11 0 2 3 6 12 13 1.81265
4 11 0 2 3 6 12 14 1.93309
4 11 0 2 3 6 13 14 1.93309
4 11 0 2 3 7 8 9 1.41421
4 11 0 2 3 7 8 10 1.41421
4 11 0 2 3 7 8 12 1
4 11 0 2 3 7 8 13 1
4 11 0 2 3 7 8 14 1.41421
4 11 0 2 3 7 9 10 1.73205
4 11 0 2 3 7 9 12 1.73205
4 11 0 2 3 7 9 13 1.73205
4 11 0 2 3 7 9 14 1.85164
4 11 0 2 3 7 10 12 1.41421
4 11 0 2 3 7 10 13 1.41421
4 11 0 2 3 7 10 14 1.73205
4 11 0 2 3 7 12 13 1.62019
4 11 0 2 3 7 12 14 1.62019
4 11 0 2 3 7 13 14 1.62019
4 11 0 2 3 8 9 10 1.85164
4 11 0 2 3 8 9 12 1.62019
4 11 0 2 3 8 9 13 1.62019
4 11 0 2 3 8 9 14 1.85164
4 11 0 2 3 8 10 12 1.62019
4 11 0 2 3 8 10 13 1.62019
4 11 0 2 3 8 10 14 1.85164
4 11 0 2 3 8 12 13 1.41421
4 11 0 2 3 8 12 14 1.62019
4 11 0 2 3 8 13 14 1.62019
4 11 0 2 3 9 10 12 1.85164
4 11 0 2 3 9 10 13 1.85164
4 11 0 2 3 9 10 14 2.07802
4 11 0 2 3 9 12 13 1.81265
4 11 0 2 3 9 12 14 1.93309
4 11 0 2 3 9 13 14 1.93309
4 11 0 2 3 10 12 13 1.62019
4 11 0 2 3 10 12 14 1.85164
4 11 0 2 3 10 13 14 1.85164
4 11 0 2 3 12 13 14 1.73205
4 11 0 2 5 6 7 8 1.41421
4 11 0 2 5 6 7 9 1.90693
4 11 0 2 5 6 7 10 1.73205
4 11 0 2 5 6 7 12 1.73205
4 11 0 2 5 6 7 13 1.73205
4 11 0 2 5 6 7 14 1.85164
4 11 0 2 5 6 8 9 1.85164
4 11 0 2 5 6 8 10 1.85164
4 11 0 2 5 6 8 12 1.62019
4 11 0 2 5 6 8 13 1.62019
4 11 0 2 5 6 8 14 1.85164
4 11 0 2 5 6 9 10 2.07802
4 11 0 2 5 6 9 12 2
4 11 0 2 5 6 9 13 2
4 11 0 2 5 6 9 14 2.13809
4 11 0 2 5 6 10 12 1.85164
4 11 0 2 5 6 10 13 1.85164
4 11 0 2 5 6 10 14 2.07802
4 11 0 2 5 6 12 13 1.81265
4 11 0 2 5 6 12 14 1.93309
4 11 0 2 5 6 13 14 1.93309
4 11 0 2 5 7 8 9 1.41421
4 11 0 2 5 7 8 10 1.41421
4 11 0 2 5 7 8 12 1
4 11 0 2 5 7 8 13 1
4 11 0 2 5 7 8 14 1.41421
4 11 0 2 5 7 9 10 1.73205
4 11 0 2 5 7 9 12 1.73205
4 11 0 2 5 7 9 13 1.73205
4 11 0 2 5 7 9 14 1.85164
4 11 0 2 5 7 10 12 1.41421
4 11 0 2 5 7 10 13 1.41421
4 11 0 2 5 7 10 14 1.73205
4 11 0 2 5 7 12 13 1.62019
4 11 0 2 5 7 12 14 1.62019
4 11 0 2 5 7 13 14 1.62019
4 11 0 2 5 8 9 10 1.85164
4 11 0 2 5 8 9 12 1.62019
4 11 0 2 5 8 9 13 1.62019
4 11 0 2 5 8 9 14 1.85164
4 11 0 2 5 8 10 12 1.62019
4 11 0 2 5 8 10 13 1.62019
4 11 0 2 5 8 10 14 1.85164
4 11 0 2 5 8 12 13 1.41421
4 11 0 2 5 8 12 14 1.62019
4 11 0 2 5 8 13 14 1.62019
4 11 0 2 5 9 10 12 1.85164
4 11 0 2 5 9 10 13 1.85164
4 11 0 2 5 9 10 14 2.07802
4 11 0 2 5 9 12 13 1.81265
4 11 0 2 5 9 12 14 1.93309
4 11 0 2 5 9 13 14 1.93309
4 11 0 2 5 10 12 13 1.62019
4 11 0 2 5 10 12 14 1.85164
4 11 0 2 5 10 13 14 1.85164
4 11 0 2 5 12 13 14 1.73205
4 11 0 2 6 7 8 9 1.41421
4 11 0 2 6 7 8 10 1.41421
4 11 0 2 6 7 8 12 1
4 11 0 2 6 7 8 13 1
4 11 0 2 6 7 8 14 1.41421
4 11 0 2 6 7 9 10 1.73205
4 11 0 2 6 7 9 12 1.73205
4 11 0 2 6 7 9 13 1.73205
4 11 0 2 6 7 9 14 1.85164
4 11 0 2 6 7 10 12 1.41421
4 11 0 2 6 7 10 13 1.41421
4 11 0 2 6 7 10 14 1.73205
4 11 0 2 6 7 12 13 1.62019
4 11 0 2 6 7 12 14 1.62019
4 11 0 2 6 7 13 14 1.62019
4 11 0 2 6 8 9 10 2.00294
4 11 0 2 6 8 9 12 1.85164
4 11 0 2 6 8 9 13 1.85164
4 11 0 2 6 8 9 14 2.00294
4 11 0 2 6 8 10 12 1.85164
4 11 0 2 6 8 10 13 1.85164
4 11 0 2 6 8 10 14 2.00294
4 11 0 2 6 8 12 13 1.73205
4 11 0 2 6 8 12 14 1.85164
4 11 0 2 6 8 13 14 1.85164
4 11 0 2 6 9 10 12 2.00294
4 11 0 2 6 9 10 13 2.00294
4 11 0 2 6 9 10 14 2.17945
4 11 0 2 6 9 12 13 1.93309
4 11 0 2 6 9 12 14 2.04939
4 11 0 2 6 9 13 14 2.04939
4 11 0 2 6 10 12 13 1.85164
4 11 0 2 6 10 12 14 2.00294
4 11 0 2 6 10 13 14 2.00294
4 11 0 2 6 12 13 14 1.90693
4 11 0 2 7 8 9 10 1.41421
4 11 0 2 7 8 9 12 1
4 11 0 2 7 8 9 13 1
4 11 0 2 7 8 9 14 1.41421
4 11 0 2 7 8 10 12 1
4 11 0 2 7 8 10 13 1
4 11 0 2 7 8 10 14 1.41421
4 11 0 2 7 8 12 13 1
4 11 0 2 7 8 12 14 1
4 11 0 2 7 8 13 14 1
4 11 0 2 7 9 10 12 1.41421
4 11 0 2 7 9 10 13 1.41421
4 11 0 2 7 9 10 14 1.73205
4 11 0 2 7 9 12 13 1.62019
4 11 0 2 7 9 12 14 1.62019
4 11 0 2 7 9 13 14 1.62019
4 11 0 2 7 10 12 13 1
4 11 0 2 7 10 12 14 1.41421
4 11 0 2 7 10 13 14 1.41421
4 11 0 2 7 12 13 14 1.41421
4 11 0 2 8 9 10 12 1.85164
4 11 0 2 8 9 10 13 1.85164
4 11 0 2 8 9 10 14 2.00294
4 11 0 2 8 9 12 13 1.73205
4 11 0 2 8 9 12 14 1.85164
4 11 0 2 8 9 13 14 1.85164
4 11 0 2 8 10 12 13 1.73205
4 11 0 2 8 10 12 14 1.85164
4 11 0 2 8 10 13 14 1.85164
4 11 0 2 8 12 13 14 1.73205
4 11 0 2 9 10 12 13 1.85164
4 11 0 2 9 10 12 14 2.00294
4 11 0 2 9 10 13 14 2.00294
4 11 0 2 9 12 13 14 1.90693
4 11 0 2 10 12 13 14 1.85164
4 11 0 3 5 6 7 8 1.73205
4 11 0 3 5 6 7 9 2.10357
4 11 0 3 5 6 7 10 2
4 11 0 3 5 6 7 12 1.90693
4 11 0 3 5 6 7 13 1.90693
4 11 0 3 5 6 7 14 2.07802
4 11 0 3 5 6 8 9 2
4 11 0 3 5 6 8 10 2
4 11 0 3 5 6 8 12 1.73205
4 11 0 3 5 6 8 13 1.73205
4 11 0 3 5 6 8 14 2
4 11 0 3 5 6 9 10 2.23607
4 11 0 3 5 6 9 12 2.10357
4 11 0 3 5 6 9 13 2.10357
4 11 0 3 5 6 9 14 2.29129
4 11 0 3 5 6 10 12 2
4 11 0 3 5 6 10 13 2
4 11 0 3 5 6 10 14 2.23607
4 11 0 3 5 6 12 13 1.90693
4 11 0 3 5 6 12 14 2.07802
4 11 0 3 5 6 13 14 2.07802
4 11 0 3 5 7 8 9 1.73205
4 11 0 3 5 7 8 10 1.73205
4 11 0 3 5 7 8 12 1.41421
4 11 0 3 5 7 8 13 1.41421
4 11 0 3 5 7 8 14 1.73205
4 11 0 3 5 7 9 10 2
4 11 0 3 5 7 9 12 1.90693
4 11 0 3 5 7 9 13 1.90693
4 11 0 3 5 7 9 14 2.07802
4 11 0 3 5 7 10 12 1.73205
4 11 0 3 5 7 10 13 1.73205
4 11 0 3 5 7 10 14 2
4 11 0 3 5 7 12 13 1.73205
4 11 0 3 5 7 12 14 1.85164
4 11 0 3 5 7 13 14 1.85164
4 11 0 3 5 8 9 10 2
4 11 0 3 5 8 9 12 1.73205
4 11 0 3 5 8 9 13 1.73205
4 11 0 3 5 8 9 14 2
4 11 0 3 5 8 10 12 1.73205
4 11 0 3 5 8 10 13 1.73205
4 11 0 3 5 8 10 14 2
4 11 0 3 5 8 12 13 1.41421
4 11 0 3 5 8 12 14 1.73205
4 11 0 3 5 8 13 14 1.73205
4 11 0 3 5 9 10 12 2
4 11 0 3 5 9 10 13 2
4 11 0 3 5 9 10 14 2.23607
4 11 0 3 5 9 12 13 1.90693
4 11 0 3 5 9 12 14 2.07802
4 11 0 3 5 9 13 14 2.07802
4 11 0 3 5 10 12 13 1.73205
4 11 0 3 5 10 12 14 2
4 11 0 3 5 10 13 14 2
4 11 0 3 5 12 13 14 1.85164
4 11 0 3 6 7 8 9 1.85164
4 11 0 3 6 7 8 10 1.85164
4 11 0 3 6 7 8 12 1.62019
4 11 0 3 6 7 8 13 1.62019
4 11 0 3 6 7 8 14 1.85164
4 11 0 3 6 7 9 10 2.07802
4 11 0 3 6 7 9 12 2
4 11 0 3 6 7 9 13 2
4 11 0 3 6 7 9 14 2.13809
4 11 0 3 6 7 10 12 1.85164
4 11 0 3 6 7 10 13 1.85164
4 11 0 3 6 7 10 14 2.07802
4 11 0 3 6 7 12 13 1.81265
4 11 0 3 6 7 12 14 1.93309
4 11 0 3 6 7 13 14 1.93309
4 11 0 3 6 8 9 10 2.28709
4 11 0 3 6 8 9 12 2.13664
4 11 0 3 6 8 9 13 2.13664
4 11 0 3 6 8 9 14 2.28709
4 11 0 3 6 8 10 12 2.13664
4 11 0 3 6 8 10 13 2.13664
4 11 0 3 6 8 10 14 2.28709
4 11 0 3 6 8 12 13 2
4 11 0 3 6 8 12 14 2.13664
4 11 0 3 6 8 13 14 2.13664
4 11 0 3 6 9 10 12 2.28709
4 11 0 3 6 9 10 13 2.28709
4 11 0 3 6 9 10 14 2.44831
4 11 0 3 6 9 12 13 2.19089
4 11 0 3 6 9 12 14 2.32266
4 11 0 3 6 9 13 14 2.32266
4 11 0 3 6 10 12 13 2.13664
4 11 0 3 6 10 12 14 2.28709
4 11 0 3 6 10 13 14 2.28709
4 11 0 3 6 12 13 14 2.16025
4 11 0 3 7 8 9 10 1.85164
4 11 0 3 7 8 9 12 1.62019
4 11 0 3 7 8 9 13 1.62019
4 11 0 3 7 8 9 14 1.85164
4 11 0 3 7 8 10 12 1.62019
4 11 0 3 7 8 10 13 1.62019
4 11 0 3 7 8 10 14 1.85164
4 11 0 3 7 8 12 13 1.41421
4 11 0 3 7 8 12 14 1.62019
4 11 0 3 7 8 13 14 1.62019
4 11 0 3 7 9 10 12 1.85164
4 11 0 3 7 9 10 13 1.85164
4 11 0 3 7 9 10 14 2.07802
4 11 0 3 7 9 12 13 1.81265
4 11 0 3 7 9 12 14 1.93309
4 11 0 3 7 9 13 14 1.93309
4 11 0 3 7 10 12 13 1.62019
4 11 0 3 7 10 12 14 1.85164
4 11 0 3 7 10 13 14 1.85164
4 11 0 3 7 12 13 14 1.73205
4 11 0 3 8 9 10 12 2.13664
4 11 0 3 8 9 10 13 2.13664
4 11 0 3 8 9 10 14 2.28709
4 11 0 3 8 9 12 13 2
4 11 0 3 8 9 12 14 2.13664
4 11 0 3 8 9 13 14 2.13664
4 11 0 3 8 10 12 13 2
4 11 0 3 8 10 12 14 2.13664
4 11 0 3 8 10 13 14 2.13664
4 11 0 3 8 12 13 14 2
4 11 0 3 9 10 12 13 2.13664
4 11 0 3 9 10 12 14 2.28709
4 11 0 3 9 10 13 14 2.28709
4 11 0 3 9 12 13 14 2.16025
4 11 0 3 10 12 13 14 2.13664
4 11 0 5 6 7 8 9 1.85164
4 11 0 5 6 7 8 10 1.85164
4 11 0 5 6 7 8 12 1.62019
4 11 0 5 6 7 8 13 1.62019
4 11 0 5 6 7 8 14 1.85164
4 11 0 5 6 7 9 10 2.07802
4 11 0 5 6 7 9 12 2
4 11 0 5 6 7 9 13 2
4 11 0 5 6 7 9 14 2.13809
4 11 0 5 6 7 10 12 1.85164
4 11 0 5 6 7 10 13 1.85164
4 11 0 5 6 7 10 14 2.07802
4 11 0 5 6 7 12 13 1.81265
4 11 0 5 6 7 12 14 1.93309
4 11 0 5 6 7 13 14 1.93309
4 11 0 5 6 8 9 10 2.28709
4 11 0 5 6 8 9 12 2.13664
4 11 0 5 6 8 9 13 2.13664
4 11 0 5 6 8 9 14 2.28709
4 11 0 5 6 8 10 12 2.13664
4 11 0 5 6 8 10 13 2.13664
4 11 0 5 6 8 10 14 2.28709
4 11 0 5 6 8 12 13 2
4 11 0 5 6 8 12 14 2.13664
4 11 0 5 6 8 13 14 2.13664
4 11 0 5 6 9 10 12 2.28709
4 11 0 5 6 9 10 13 2.28709
4 11 0 5 6 9 10 14 2.44831
4 11 0 5 6 9 12 13 2.19089
4 11 0 5 6 9 12 14 2.32266
4 11 0 5 6 9 13 14 2.32266
4 11 0 5 6 10 12 13 2.13664
4 11 0 5 6 10 12 14 2.28709
4 11 0 5 6 10 13 14 2.28709
4 11 0 5 6 12 13 14 2.16025
4 11 0 5 7 8 9 10 1.85164
4 11 0 5 7 8 9 12 1.62019
4 11 0 5 7 8 9 13 1.62019
4 11 0 5 7 8 9 14 1.85164
4 11 0 5 7 8 10 12 1.62019
4 11 0 5 7 8 10 13 1.62019
4 11 0 5 7 8 10 14 1.85164
4 11 0 5 7 8 12 13 1.41421
4 11 0 5 7 8 12 14 1.62019
4 11 0 5 7 8 13 14 1.62019
4 11 0 5 7 9 10 12 1.85164
4 11 0 5 7 9 10 13 1.85164
4 11 0 5 7 9 10 14 2.07802
4 11 0 5 7 9 12 13 1.81265
4 11 0 5 7 9 12 14 1.93309
4 11 0 5 7 9 13 14 1.93309
4 11 0 5 7 10 12 13 1.62019
4 11 0 5 7 10 12 14 1.85164
4 11 0 5 7 10 13 14 1.85164
4 11 0 5 7 12 13 14 1.73205
4 11 0 5 8 9 10 12 2.13664
4 11 0 5 8 9 10 13 2.13664
4 11 0 5 8 9 10 14 2.28709
4 11 0 5 8 9 12 13 2
4 11 0 5 8 9 12 14 2.13664
4 11 0 5 8 9 13 14 2.13664
4 11 0 5 8 10 12 13 2
4 11 0 5 8 10 12 14 2.13664
4 11 0 5 8 10 13 14 2.13664
4 11 0 5 8 12 13 14 2
4 11 0 5 9 10 12 13 2.13664
4 11 0 5 9 10 12 14 2.28709
4 11 0 5 9 10 13 14 2.28709
4 11 0 5 9 12 13 14 2.16025
4 11 0 5 10 12 13 14 2.13664
4 11 0 6 7 8 9 10 2.00294
4 11 0 6 7 8 9 12 1.85164
4 11 0 6 7 8 9 13 1.85164
4 11 0 6 7 8 9 14 2.00294
4 11 0 6 7 8 10 12 1.85164
4 11 0 6 7 8 10 13 1.85164
4 11 0 6 7 8 10 14 2.00294
4 11 0 6 7 8 12 13 1.73205
4 11 0 6 7 8 12 14 1.85164
4 11 0 6 7 8 13 14 1.85164
4 11 0 6 7 9 10 12 2.00294
4 11 0 6 7 9 10 13 2.00294
4 11 0 6 7 9 10 14 2.17945
4 11 0 6 7 9 12 13 1.93309
4 11 0 6 7 9 12 14 2.04939
4 11 0 6 7 9 13 14 2.04939
4 11 0 6 7 10 12 13 1.85164
4 11 0 6 7 10 12 14 2.00294
4 11 0 6 7 10 13 14 2.00294
4 11 0 6 7 12 13 14 1.90693
4 11 0 6 8 9 10 12 2.52543
4 11 0 6 8 9 10 13 2.52543
4 11 0 6 8 9 10 14 2.61406
4 11 0 6 8 9 12 13 2.44949
4 11 0 6 8 9 12 14 2.52543
4 11 0 6 8 9 13 14 2.52543
4 11 0 6 8 10 12 13 2.44949
4 11 0 6 8 10 12 14 2.52543
4 11 0 6 8 10 13 14 2.52543
4 11 0 6 8 12 13 14 2.44949
4 11 0 6 9 10 12 13 2.52543
4 11 0 6 9 10 12 14 2.61406
4 11 0 6 9 10 13 14 2.61406
4 11 0 6 9 12 13 14 2.53722
4 11 0 6 10 12 13 14 2.52543
4 11 0 7 8 9 10 12 1.85164
4 11 0 7 8 9 10 13 1.85164
4 11 0 7 8 9 10 14 2.00294
4 11 0 7 8 9 12 13 1.73205
4 11 0 7 8 9 12 14 1.85164
4 11 0 7 8 9 13 14 1.85164
4 11 0 7 8 10 12 13 1.73205
4 11 0 7 8 10 12 14 1.85164
4 11 0 7 8 10 13 14 1.85164
4 11 0 7 8 12 13 14 1.73205
4 11 0 7 9 10 12 13 1.85164
4 11 0 7 9 10 12 14 2.00294
4 11 0 7 9 10 13 14 2.00294
4 11 0 7 9 12 13 14 1.90693
4 11 0 7 10 12 13 14 1.85164
4 11 0 8 9 10 12 13 2.44949
4 11 0 8 9 10 12 14 2.52543
4 11 0 8 9 10 13 14 2.52543
4 11 0 8 9 12 13 14 2.44949
4 11 0 8 10 12 13 14 2.44949
4 11 0 9 10 12 13 14 2.52543
4 11 1 2 3 5 6 7 1.41421
4 11 1 2 3 5 6 8 1
4 11 1 2 3 5 6 9 1.41421
4 11 1 2 3 5 6 10 1
4 11 1 2 3 5 6 12 1.41421
4 11 1 2 3 5 6 13 1.41421
4 11 1 2 3 5 6 14 1
4 11 1 2 3 5 7 8 1
4 11 1 2 3 5 7 9 1.41421
4 11 1 2 3 5 7 10 1
4 11 1 2 3 5 7 12 1.41421
4 11 1 2 3 5 7 13 1.41421
4 11 1 2 3 5 7 14 1
4 11 1 2 3 5 8 9 1
4 11 1 2 3 5 8 10 1
4 11 1 2 3 5 8 12 1
4 11 1 2 3 5 8 13 1
4 11 1 2 3 5 8 14 1
4 11 1 2 3 5 9 10 1
4 11 1 2 3 5 9 12 1.41421
4 11 1 2 3 5 9 13 1.41421
4 11 1 2 3 5 9 14 1
4 11 1 2 3 5 10 12 1
4 11 1 2 3 5 10 13 1
4 11 1 2 3 5 10 14 1
4 11 1 2 3 5 12 13 1.41421
4 11 1 2 3 5 12 14 1
4 11 1 2 3 5 13 14 1
4 11 1 2 3 6 7 8 1
4 11 1 2 3 6 7 9 1.41421
4 11 1 2 3 6 7 10 1
4 11 1 2 3 6 7 12 1.41421
4 11 1 2 3 6 7 13 1.41421
4 11 1 2 3 6 7 14 1
4 11 1 2 3 6 8 9 1
4 11 1 2 3 6 8 10 1
4 11 1 2 3 6 8 12 1
4 11 1 2 3 6 8 13 1
4 11 1 2 3 6 8 14 1
4 11 1 2 3 6 9 10 1
4 11 1 2 3 6 9 12 1.41421
4 11 1 2 3 6 9 13 1.41421
4 11 1 2 3 6 9 14 1
4 11 1 2 3 6 10 12 1
4 11 1 2 3 6 10 13 1
4 11 1 2 3 6 10 14 1
4 11 1 2 3 6 12 13 1.41421
4 11 1 2 3 6 12 14 1
4 11 1 2 3 6 13 14 1
4 11 1 2 3 7 8 9 1
4 11 1 2 3 7 8 10 1
4 11 1 2 3 7 8 12 1
4 11 1 2 3 7 8 13 1
4 11 1 2 3 7 8 14 1
4 11 1 2 3 7 9 10 1
4 11 1 2 3 7 9 12 1.41421
4 11 1 2 3 7 9 13 1.41421
4 11 1 2 3 7 9 14 1
4 11 1 2 3 7 10 12 1
4 11 1 2 3 7 10 13 1
4 11 1 2 3 7 10 14 1
4 11 1 2 3 7 12 13 1.41421
4 11 1 2 3 7 12 14 1
4 11 1 2 3 7 13 14 1
4 11 1 2 3 8 9 10 1
4 11 1 2 3 8 9 12 1
4 11 1 2 3 8 9 13 1
4 11 1 2 3 8 9 14 1
4 11 1 2 3 8 10 12 1
4 11 1 2 3 8 10 13 1
4 11 1 2 3 8 10 14 1
4 11 1 2 3 8 12 13 1
4 11 1 2 3 8 12 14 1
4 11 1 2 3 8 13 14 1
4 11 1 2 3 9 10 12 1
4 11 1 2 3 9 10 13 1
4 11 1 2 3 9 10 14 1
4 11 1 2 3 9 12 13 1.41421
4 11 1 2 3 9 12 14 1
4 11 1 2 3 9 13 14 1
4 11 1 2 3 10 12 13 1
4 11 1 2 3 10 12 14 1
4 11 1 2 3 10 13 14 1
4 11 1 2 3 12 13 14 1
4 11 1 2 5 6 7 8 1
4 11 1 2 5 6 7 9 1.41421
4 11 1 2 5 6 7 10 1
4 11 1 2 5 6 7 12 1.41421
4 11 1 2 5 6 7 13 1.41421
4 11 1 2 5 6 7 14 1
4 11 1 2 5 6 8 9 1
4 11 1 2 5 6 8 10 1
4 11 1 2 5 6 8 12 1
4 11 1 2 5 6 8 13 1
4 11 1 2 5 6 8 14 1
4 11 1 2 5 6 9 10 1
4 11 1 2 5 6 9 12 1.41421
4 11 1 2 5 6 9 13 1.41421
4 11 1 2 5 6 9 14 1
4 11 1 2 5 6 10 12 1
4 11 1 2 5 6 10 13 1
4 11 1 2 5 6 10 14 1
4 11 1 2 5 6 12 13 1.41421
4 11 1 2 5 6 12 14 1
4 11 1 2 5 6 13 14 1
4 11 1 2 5 7 8 9 1
4 11 1 2 5 7 8 10 1
4 11 1 2 5 7 8 12 1
4 11 1 2 5 7 8 13 1
4 11 1 2 5 7 8 14 1
4 11 1 2 5 7 9 10 1
4 11 1 2 5 7 9 12 1.41421
4 11 1 2 5 7 9 13 1.41421
4 11 1 2 5 7 9 14 1
4 11 1 2 5 7 10 12 1
4 11 1 2 5 7 10 13 1
4 11 1 2 5 7 10 14 1
4 11 1 2 5 7 12 13 1.41421
4 11 1 2 5 7 12 14 1
4 11 1 2 5 7 13 14 1
4 11 1 2 5 8 9 10 1
4 11 1 2 5 8 9 12 1
4 11 1 2 5 8 9 13 1
4 11 1 2 5 8 9 14 1
4 11 1 2 5 8 10 12 1
4 11 1 2 5 8 10 13 1
4 11 1 2 5 8 10 14 1
4 11 1 2 5 8 12 13 1
4 11 1 2 5 8 12 14 1
4 11 1 2 5 8 13 14 1
4 11 1 2 5 9 10 12 1
4 11 1 2 5 9 10 13 1
4 11 1 2 5 9 10 14 1
4 11 1 2 5 9 12 13 1.41421
4 11 1 2 5 9 12 14 1
4 11 1 2 5 9 13 14 1
4 11 1 2 5 10 12 13 1
4 11 1 2 5 10 12 14 1
4 11 1 2 5 10 13 14 1
4 11 1 2 5 12 13 14 1
4 11 1 2 6 7 8 9 1
4 11 1 2 6 7 8 10 1
4 11 1 2 6 7 8 12 1
4 11 1 2 6 7 8 13 1
4 11 1 2 6 7 8 14 1
4 11 1 2 6 7 9 10 1
4 11 1 2 6 7 9 12 1.41421
4 11 1 2 6 7 9 13 1.41421
4 11 1 2 6 7 9 14 1
4 11 1 2 6 7 10 12 1
4 11 1 2 6 7 10 13 0
4 11 1 2 6 7 10 14 1
4 11 1 2 6 7 12 13 1.41421
4 11 1 2 6 7 12 14 1
4 11 1 2 6 7 13 14 1
4 11 1 2 6 8 9 10 1.41421
4 11 1 2 6 8 9 12 1.41421
4 11 1 2 6 8 9 13 1.41421
4 11 1 2 6 8 9 14 1.41421
4 11 1 2 6 8 10 12 1.41421
4 11 1 2 6 8 10 13 1.41421
4 11 1 2 6 8 10 14 1.41421
4 11 1 2 6 8 12 13 1.41421
4 11 1 2 6 8 12 14 1.41421
4 11 1 2 6 8 13 14 1.41421
4 11 1 2 6 9 10 12 1.41421
4 11 1 2 6 9 10 13 1.41421
4 11 1 2 6 9 10 14 1.41421
4 11 1 2 6 9 12 13 1.41421
4 11 1 2 6 9 12 14 1.41421
4 11 1 2 6 9 13 14 1.41421
4 11 1 2 6 10 12 13 1.41421
4 11 1 2 6 10 12 14 1.41421
4 11 1 2 6 10 13 14 1.41421
4 11 1 2 6 12 13 14 1.41421
4 11 1 2 7 8 9 10 1
4 11 1 2 7 8 9 12 1
4 11 1 2 7 8 9 13 1
4 11 1 2 7 8 9 14 1
4 11 1 2 7 8 10 12 1
4 11 1 2 7 8 10 13 1
4 11 1 2 7 8 10 14 1
4 11 1 2 7 8 12 13 1
4 11 1 2 7 8 12 14 1
4 11 1 2 7 8 13 14 1
4 11 1 2 7 9 10 12 1
4 11 1 2 7 9 10 13 0
4 11 1 2 7 9 10 14 1
4 11 1 2 7 9 12 13 1.41421
4 11 1 2 7 9 12 14 1
4 11 1 2 7 9 13 14 1
4 11 1 2 7 10 12 13 1
4 11 1 2 7 10 12 14 1
4 11 1 2 7 10 13 14 1
4 11 1 2 7 12 13 14 1
4 11 1 2 8 9 10 12 1.41421
4 11 1 2 8 9 10 13 1.41421
4 11 1 2 8 9 10 14 1.41421
4 11 1 2 8 9 12 13 1.41421
4 11 1 2 8 9 12 14 1.41421
4 11 1 2 8 9 13 14 1.41421
4 11 1 2 8 10 12 13 1.41421
4 11 1 2 8 10 12 14 1.41421
4 11 1 2 8 10 13 14 1.41421
4 11 1 2 8 12 13 14 1.41421
4 11 1 2 9 10 12 13 1.41421
4 11 1 2 9 10 12 14 1.41421
4 11 1 2 9 10 13 14 1.41421
4 11 1 2 9 12 13 14 1.41421
4 11 1 2 10 12 13 14 1.41421
4 11 1 3 5 6 7 8 1
4 11 1 3 5 6 7 9 1.41421
4 11 1 3 5 6 7 10 1
4 11 1 3 5 6 7 12 1.41421
4 11 1 3 5 6 7 13 1.41421
4 11 1 3 5 6 7 14 1
4 11 1 3 5 6 8 9 1
4 11 1 3 5 6 8 10 1
4 11 1 3 5 6 8 12 1
4 11 1 3 5 6 8 13 1
4 11 1 3 5 6 8 14 1
4 11 1 3 5 6 9 10 1
4 11 1 3 5 6 9 12 1.41421
4 11 1 3 5 6 9 13 1.41421
4 11 1 3 5 6 9 14 1
4 11 1 3 5 6 10 12 1
4 11 1 3 5 6 10 13 0
4 11 1 3 5 6 10 14 1
4 11 1 3 5 6 12 13 1.41421
4 11 1 3 5 6 12 14 1
4 11 1 3 5 6 13 14 1
4 11 1 3 5 7 8 9 1
4 11 1 3 5 7 8 10 1
4 11 1 3 5 7 8 12 1
4 11 1 3 5 7 8 13 1
4 11 1 3 5 7 8 14 1
4 11 1 3 5 7 9 10 1
4 11 1 3 5 7 9 12 1.41421
4 11 1 3 5 7 9 13 1.41421
4 11 1 3 5 7 9 14 1
4 11 1 3 5 7 10 12 1
4 11 1 3 5 7 10 13 1
4 11 1 3 5 7 10 14 1
4 11 1 3 5 7 12 13 1.41421
4 11 1 3 5 7 12 14 1
4 11 1 3 5 7 13 14 1
4 11 1 3 5 8 9 10 1
4 11 1 3 5 8 9 12 1
4 11 1 3 5 8 9 13 1
4 11 1 3 5 8 9 14 1
4 11 1 3 5 8 10 12 1
4 11 1 3 5 8 10 13 1
4 11 1 3 5 8 10 14 1
4 11 1 3 5 8 12 13 1
4 11 1 3 5 8 12 14 1
4 11 1 3 5 8 13 14 1
4 11 1 3 5 9 10 12 1
4 11 1 3 5 9 10 13 0
4 11 1 3 5 9 10 14 1
4 11 1 3 5 9 12 13 1.41421
4 11 1 3 5 9 12 14 1
4 11 1 3 5 9 13 14 1
4 11 1 3 5 10 12 13 1
4 11 1 3 5 10 12 14 1
4 11 1 3 5 10 13 14 1
4 11 1 3 5 12 13 14 1
4 11 1 3 6 7 8 9 1
4 11 1 3 6 7 8 10 1
4 11 1 3 6 7 8 12 1
4 11 1 3 6 7 8 13 1
4 11 1 3 6 7 8 14 1
4 11 1 3 6 7 9 10 1
4 11 1 3 6 7 9 12 1.41421
4 11 1 3 6 7 9 13 1.41421
4 11 1 3 6 7 9 14 1
4 11 1 3 6 7 10 12 1
4 11 1 3 6 7 10 13 1
4 11 1 3 6 7 10 14 1
4 11 1 3 6 7 12 13 1.41421
4 11 1 3 6 7 12 14 1
4 11 1 3 6 7 13 14 1
4 11 1 3 6 8 9 10 1.41421
4 11 1 3 6 8 9 12 1.41421
4 11 1 3 6 8 9 13 1.41421
4 11 1 3 6 8 9 14 1.41421
4 11 1 3 6 8 10 12 1.41421
4 11 1 3 6 8 10 13 1.41421
4 11 1 3 6 8 10 14 1.41421
4 11 1 3 6 8 12 13 1.41421
4 11 1 3 6 8 12 14 1.41421
4 11 1 3 6 8 13 14 1.41421
4 11 1 3 6 9 10 12 1.41421
4 11 1 3 6 9 10 13 1.41421
4 11 1 3 6 9 10 14 1.41421
4 11 1 3 6 9 12 13 1.41421
4 11 1 3 6 9 12 14 1.41421
4 11 1 3 6 9 13 14 1.41421
4 11 1 3 6 10 12 13 1.41421
4 11 1 3 6 10 12 14 1.41421
4 11 1 3 6 10 13 14 1.41421
4 11 1 3 6 12 13 14 1.41421
4 11 1 3 7 8 9 10 1
4 11 1 3 7 8 9 12 1
4 11 1 3 7 8 9 13 1
4 11 1 3 7 8 9 14 1
4 11 1 3 7 8 10 12 1
4 11 1 3 7 8 10 13 1
4 11 1 3 7 8 10 14 1
4 11 1 3 7 8 12 13 1
4 11 1 3 7 8 12 14 1
4 11 1 3 7 8 13 14 1
4 11 1 3 7 9 10 12 1
4 11 1 3 7 9 10 13 1
4 11 1 3 7 9 10 14 1
4 11 1 3 7 9 12 13 1.41421
4 11 1 3 7 9 12 14 1
4 11 1 3 7 9 13 14 1
4 11 1 3 7 10 12 13 1
4 11 1 3 7 10 12 14 1
4 11 1 3 7 10 13 14 1
4 11 1 3 7 12 13 14 1
4 11 1 3 8 9 10 12 1.41421
4 11 1 3 8 9 10 13 1.41421
4 11 1 3 8 9 10 14 1.41421
4 11 1 3 8 9 12 13 1.41421
4 11 1 3 8 9 12 14 1.41421
4 11 1 3 8 9 13 14 1.41421
4 11 1 3 8 10 12 13 1.41421
4 11 1 3 8 10 12 14 1.41421
4 11 1 3 8 10 13 14 1.41421
4 11 1 3 8 12 13 14 1.41421
4 11 1 3 9 10 12 13 1.41421
4 11 1 3 9 10 12 14 1.41421
4 11 1 3 9 10 13 14 1.41421
4 11 1 3 9 12 13 14 1.41421
4 11 1 3 10 12 13 14 1.41421
4 11 1 5 6 7 8 9 1
4 11 1 5 6 7 8 10 1
4 11 1 5 6 7 8 12 1
4 11 1 5 6 7 8 13 1
4 11 1 5 6 7 8 14 1
4 11 1 5 6 7 9 10 1
4 11 1 5 6 7 9 12 1.41421
4 11 1 5 6 7 9 13 1.41421
4 11 1 5 6 7 9 14 1
4 11 1 5 6 7 10 12 1
4 11 1 5 6 7 10 13 1
4 11 1 5 6 7 10 14 1
4 11 1 5 6 7 12 13 1.41421
4 11 1 5 6 7 12 14 1
4 11 1 5 6 7 13 14 1
4 11 1 5 6 8 9 10 1.41421
4 11 1 5 6 8 9 12 1.41421
4 11 1 5 6 8 9 13 1.41421
4 11 1 5 6 8 9 14 1.41421
4 11 1 5 6 8 10 12 1.41421
4 11 1 5 6 8 10 13 1.41421
4 11 1 5 6 8 10 14 1.41421
4 11 1 5 6 8 12 13 1.41421
4 11 1 5 6 8 12 14 1.41421
4 11 1 5 6 8 13 14 1.41421
4 11 1 5 6 9 10 12 1.41421
4 11 1 5 6 9 10 13 1.41421
4 11 1 5 6 9 10 14 1.41421
4 11 1 5 6 9 12 13 1.41421
4 11 1 5 6 9 12 14 1.41421
4 11 1 5 6 9 13 14 1.41421
4 11 1 5 6 10 12 13 1.41421
4 11 1 5 6 10 12 14 1.41421
4 11 1 5 6 10 13 14 1.41421
4 11 1 5 6 12 13 14 1.41421
4 11 1 5 7 8 9 10 1
4 11 1 5 7 8 9 12 1
4 11 1 5 7 8 9 13 1
4 11 1 5 7 8 9 14 1
4 11 1 5 7 8 10 12 1
4 11 1 5 7 8 10 13 1
4 11 1 5 7 8 10 14 1
4 11 1 5 7 8 12 13 1
4 11 1 5 7 8 12 14 1
4 11 1 5 7 8 13 14 1
4 11 1 5 7 9 10 12 1
4 11 1 5 7 9 10 13 1
4 11 1 5 7 9 10 14 1
4 11 1 5 7 9 12 13 1.41421
4 11 1 5 7 9 12 14 1
4 11 1 5 7 9 13 14 1
4 11 1 5 7 10 12 13 1
4 11 1 5 7 10 12 14 1
4 11 1 5 7 10 13 14 1
4 11 1 5 7 12 13 14 1
4 11 1 5 8 9 10 12 1.41421
4 11 1 5 8 9 10 13 1.41421
4 11 1 5 8 9 10 14 1.41421
4 11 1 5 8 9 12 13 1.41421
4 11 1 5 8 9 12 14 1.41421
4 11 1 5 8 9 13 14 1.41421
4 11 1 5 8 10 12 13 1.41421
4 11 1 5 8 10 12 14 1.41421
4 11 1 5 8 10 13 14 1.41421
4 11 1 5 8 12 13 14 1.41421
4 11 1 5 9 10 12 13 1.41421
4 11 1 5 9 10 12 14 1.41421
4 11 1 5 9 10 13 14 1.41421
4 11 1 5 9 12 13 14 1.41421
4 11 1 5 10 12 13 14 1.41421
4 11 1 6 7 8 9 10 1.41421
4 11 1 6 7 8 9 12 1.41421
4 11 1 6 7 8 9 13 1.41421
4 11 1 6 7 8 9 14 1.41421
4 11 1 6 7 8 10 12 1.41421
4 11 1 6 7 8 10 13 1.41421
4 11 1 6 7 8 10 14 1.41421
4 11 1 6 7 8 12 13 1.41421
4 11 1 6 7 8 12 14 1.41421
4 11 1 6 7 8 13 14 1.41421
4 11 1 6 7 9 10 12 1.41421
4 11 1 6 7 9 10 13 1.41421
4 11 1 6 7 9 10 14 1.41421
4 11 1 6 7 9 12 13 1.41421
4 11 1 6 7 9 12 14 1.41421
4 11 1 6 7 9 13 14 1.41421
4 11 1 6 7 10 12 13 1.41421
4 11 1 6 7 10 12 14 1.41421
4 11 1 6 7 10 13 14 1.41421
4 11 1 6 7 12 13 14 1.41421
4 11 1 6 8 9 10 12 2
4 11 1 6 8 9 10 13 2
4 11 1 6 8 9 10 14 2
4 11 1 6 8 9 12 13 2
4 11 1 6 8 9 12 14 2
4 11 1 6 8 9 13 14 2
4 11 1 6 8 10 12 13 2
4 11 1 6 8 10 12 14 2
4 11 1 6 8 10 13 14 2
4 11 1 6 8 12 13 14 2
4 11 1 6 9 10 12 13 2
4 11 1 6 9 10 12 14 2
4 11 1 6 9 10 13 14 2
4 11 1 6 9 12 13 14 2
4 11 1 6 10 12 13 14 2
4 11 1 7 8 9 10 12 1.41421
4 11 1 7 8 9 10 13 1.41421
4 11 1 7 8 9 10 14 1.41421
4 11 1 7 8 9 12 13 1.41421
4 11 1 7 8 9 12 14 1.41421
4 11 1 7 8 9 13 14 1.41421
4 11 1 7 8 10 12 13 1.41421
4 11 1 7 8 10 12 14 1.41421
4 11 1 7 8 10 13 14 1.41421
4 11 1 7 8 12 13 14 1.41421
4 11 1 7 9 10 12 13 1.41421
4 11 1 7 9 10 12 14 1.41421
4 11 1 7 9 10 13 14 1.41421
4 11 1 7 9 12 13 14 1.41421
4 11 1 7 10 12 13 14 1.41421
4 11 1 8 9 10 12 13 2
4 11 1 8 9 10 12 14 2
4 11 1 8 9 10 13 14 2
4 11 1 8 9 12 13 14 2
4 11 1 8 10 12 13 14 2
4 11 1 9 10 12 13 14 2
4 11 2 3 5 6 7 8 1.62019
4 11 2 3 5 6 7 9 2
4 11 2 3 5 6 7 10 1.85164
4 11 2 3 5 6 7 12 1.81265
4 11 2 3 5 6 7 13 1.73205
4 11 2 3 5 6 7 14 1.93309
4 11 2 3 5 6 8 9 1.85164
4 11 2 3 5 6 8 10 1.85164
4 11 2 3 5 6 8 12 1.62019
4 11 2 3 5 6 8 13 1.41421
4 11 2 3 5 6 8 14 1.85164
4 11 2 3 5 6 9 10 2.07802
4 11 2 3 5 6 9 12 2
4 11 2 3 5 6 9 13 1.90693
4 11 2 3 5 6 9 14 2.13809
4 11 2 3 5 6 10 12 1.85164
4 11 2 3 5 6 10 13 1.73205
4 11 2 3 5 6 10 14 2.07802
4 11 2 3 5 6 12 13 1.73205
4 11 2 3 5 6 12 14 1.93309
4 11 2 3 5 6 13 14 1.85164
4 11 2 3 5 7 8 9 1.62019
4 11 2 3 5 7 8 10 1.62019
4 11 2 3 5 7 8 12 1.41421
4 11 2 3 5 7 8 13 1
4 11 2 3 5 7 8 14 1.62019
4 11 2 3 5 7 9 10 1.85164
4 11 2 3 5 7 9 12 1.81265
4 11 2 3 5 7 9 13 1.73205
4 11 2 3 5 7 9 14 1.93309
4 11 2 3 5 7 10 12 1.62019
4 11 2 3 5 7 10 13 1.41421
4 11 2 3 5 7 10 14 1.85164
4 11 2 3 5 7 12 13 1.62019
4 11 2 3 5 7 12 14 1.73205
4 11 2 3 5 7 13 14 1.62019
4 11 2 3 5 8 9 10 1.85164
4 11 2 3 5 8 9 12 1.62019
4 11 2 3 5 8 9 13 1.41421
4 11 2 3 5 8 9 14 1.85164
4 11 2 3 5 8 10 12 1.62019
4 11 2 3 5 8 10 13 1.41421
4 11 2 3 5 8 10 14 1.85164
4 11 2 3 5 8 12 13 1
4 11 2 3 5 8 12 14 1.62019
4 11 2 3 5 8 13 14 1.41421
4 11 2 3 5 9 10 12 1.85164
4 11 2 3 5 9 10 13 1.73205
4 11 2 3 5 9 10 14 2.07802
4 11 2 3 5 9 12 13 1.73205
4 11 2 3 5 9 12 14 1.93309
4 11 2 3 5 9 13 14 1.85164
4 11 2 3 5 10 12 13 1.41421
4 11 2 3 5 10 12 14 1.85164
4 11 2 3 5 10 13 14 1.73205
4 11 2 3 5 12 13 14 1.62019
4 11 2 3 6 7 8 9 1.62019
4 11 2 3 6 7 8 10 1.62019
4 11 2 3 6 7 8 12 1.41421
4 11 2 3 6 7 8 13 1
4 11 2 3 6 7 8 14 1.62019
4 11 2 3 6 7 9 10 1.85164
4 11 2 3 6 7 9 12 1.81265
4 11 2 3 6 7 9 13 1.73205
4 11 2 3 6 7 9 14 1.93309
4 11 2 3 6 7 10 12 1.62019
4 11 2 3 6 7 10 13 1.41421
4 11 2 3 6 7 10 14 1.85164
4 11 2 3 6 7 12 13 1.62019
4 11 2 3 6 7 12 14 1.73205
4 11 2 3 6 7 13 14 1.62019
4 11 2 3 6 8 9 10 1.93309
4 11 2 3 6 8 9 12 1.73205
4 11 2 3 6 8 9 13 1.62019
4 11 2 3 6 8 9 14 1.93309
4 11 2 3 6 8 10 12 1.73205
4 11 2 3 6 8 10 13 1.62019
4 11 2 3 6 8 10 14 1.93309
4 11 2 3 6 8 12 13 1.41421
4 11 2 3 6 8 12 14 1.73205
4 11 2 3 6 8 13 14 1.62019
4 11 2 3 6 9 10 12 1.93309
4 11 2 3 6 9 10 13 1.85164
4 11 2 3 6 9 10 14 2.13809
4 11 2 3 6 9 12 13 1.81265
4 11 2 3 6 9 12 14 2
4 11 2 3 6 9 13 14 1.93309
4 11 2 3 6 10 12 13 1.62019
4 11 2 3 6 10 12 14 1.93309
4 11 2 3 6 10 13 14 1.85164
4 11 2 3 6 12 13 14 1.73205
4 11 2 3 7 8 9 10 1.62019
4 11 2 3 7 8 9 12 1.41421
4 11 2 3 7 8 9 13 1
4 11 2 3 7 8 9 14 1.62019
4 11 2 3 7 8 10 12 1.41421
4 11 2 3 7 8 10 13 1
4 11 2 3 7 8 10 14 1.62019
4 11 2 3 7 8 12 13 1
4 11 2 3 7 8 12 14 1.41421
4 11 2 3 7 8 13 14 1
4 11 2 3 7 9 10 12 1.62019
4 11 2 3 7 9 10 13 1.41421
4 11 2 3 7 9 10 14 1.85164
4 11 2 3 7 9 12 13 1.62019
4 11 2 3 7 9 12 14 1.73205
4 11 2 3 7 9 13 14 1.62019
4 11 2 3 7 10 12 13 1
4 11 2 3 7 10 12 14 1.62019
4 11 2 3 7 10 13 14 1.41421
4 11 2 3 7 12 13 14 1.41421
4 11 2 3 8 9 10 12 1.73205
4 11 2 3 8 9 10 13 1.62019
4 11 2 3 8 9 10 14 1.93309
4 11 2 3 8 9 12 13 1.41421
4 11 2 3 8 9 12 14 1.73205
4 11 2 3 8 9 13 14 1.62019
4 11 2 3 8 10 12 13 1.41421
4 11 2 3 8 10 12 14 1.73205
4 11 2 3 8 10 13 14 1.62019
4 11 2 3 8 12 13 14 1.41421
4 11 2 3 9 10 12 13 1.62019
4 11 2 3 9 10 12 14 1.93309
4 11 2 3 9 10 13 14 1.85164
4 11 2 3 9 12 13 14 1.73205
4 11 2 3 10 12 13 14 1.62019
4 11 2 5 6 7 8 9 1.62019
4 11 2 5 6 7 8 10 1.62019
4 11 2 5 6 7 8 12 1.41421
4 11 2 5 6 7 8 13 1
4 11 2 5 6 7 8 14 1.62019
4 11 2 5 6 7 9 10 1.85164
4 11 2 5 6 7 9 12 1.81265
4 11 2 5 6 7 9 13 1.73205
4 11 2 5 6 7 9 14 1.93309
4 11 2 5 6 7 10 12 1.62019
4 11 2 5 6 7 10 13 1.41421
4 11 2 5 6 7 10 14 1.85164
4 11 2 5 6 7 12 13 1.62019
4 11 2 5 6 7 12 14 1.73205
4 11 2 5 6 7 13 14 1.62019
4 11 2 5 6 8 9 10 1.93309
4 11 2 5 6 8 9 12 1.73205
4 11 2 5 6 8 9 13 1.62019
4 11 2 5 6 8 9 14 1.93309
4 11 2 5 6 8 10 12 1.73205
4 11 2 5 6 8 10 13 1.62019
4 11 2 5 6 8 10 14 1.93309
4 11 2 5 6 8 12 13 1.41421
4 11 2 5 6 8 12 14 1.73205
4 11 2 5 6 8 13 14 1.62019
4 11 2 5 6 9 10 12 1.93309
4 11 2 5 6 9 10 13 1.85164
4 11 2 5 6 9 10 14 2.13809
4 11 2 5 6 9 12 13 1.81265
4 11 2 5 6 9 12 14 2
4 11 2 5 6 9 13 14 1.93309
4 11 2 5 6 10 12 13 1.62019
4 11 2 5 6 10 12 14 1.93309
4 11 2 5 6 10 13 14 1.85164
4 11 2 5 6 12 13 14 1.73205
4 11 2 5 7 8 9 10 1.62019
4 11 2 5 7 8 9 12 1.41421
4 11 2 5 7 8 9 13 1
4 11 2 5 7 8 9 14 1.62019
4 11 2 5 7 8 10 12 1.41421
4 11 2 5 7 8 10 13 1
4 11 2 5 7 8 10 14 1.62019
4 11 2 5 7 8 12 13 1
4 11 2 5 7 8 12 14 1.41421
4 11 2 5 7 8 13 14 1
4 11 2 5 7 9 10 12 1.62019
4 11 2 5 7 9 10 13 1.41421
4 11 2 5 7 9 10 14 1.85164
4 11 2 5 7 9 12 13 1.62019
4 11 2 5 7 9 12 14 1.73205
4 11 2 5 7 9 13 14 1.62019
4 11 2 5 7 10 12 13 1
4 11 2 5 7 10 12 14 1.62019
4 11 2 5 7 10 13 14 1.41421
4 11 2 5 7 12 13 14 1.41421
4 11 2 5 8 9 10 12 1.73205
4 11 2 5 8 9 10 13 1.62019
4 11 2 5 8 9 10 14 1.93309
4 11 2 5 8 9 12 13 1.41421
4 11 2 5 8 9 12 14 1.73205
4 11 2 5 8 9 13 14 1.62019
4 11 2 5 8 10 12 13 1.41421
4 11 2 5 8 10 12 14 1.73205
4 11 2 5 8 10 13 14 1.62019
4 11 2 5 8 12 13 14 1.41421
4 11 2 5 9 10 12 13 1.62019
4 11 2 5 9 10 12 14 1.93309
4 11 2 5 9 10 13 14 1.85164
4 11 2 5 9 12 13 14 1.73205
4 11 2 5 10 12 13 14 1.62019
4 11 2 6 7 8 9 10 1.62019
4 11 2 6 7 8 9 12 1.41421
4 11 2 6 7 8 9 13 1
4 11 2 6 7 8 9 14 1.62019
4 11 2 6 7 8 10 12 1.41421
4 11 2 6 7 8 10 13 1
4 11 2 6 7 8 10 14 1.62019
4 11 2 6 7 8 12 13 1
4 11 2 6 7 8 12 14 1.41421
4 11 2 6 7 8 13 14 1
4 11 2 6 7 9 10 12 1.62019
4 11 2 6 7 9 10 13 1.41421
4 11 2 6 7 9 10 14 1.85164
4 11 2 6 7 9 12 13 1.62019
4 11 2 6 7 9 12 14 1.73205
4 11 2 6 7 9 13 14 1.62019
4 11 2 6 7 10 12 13 1
4 11 2 6 7 10 12 14 1.62019
4 11 2 6 7 10 13 14 1.41421
4 11 2 6 7 12 13 14 1.41421
4 11 2 6 8 9 10 12 1.90693
4 11 2 6 8 9 10 13 1.85164
4 11 2 6 8 9 10 14 2.04939
4 11 2 6 8 9 12 13 1.73205
4 11 2 6 8 9 12 14 1.90693
4 11 2 6 8 9 13 14 1.85164
4 11 2 6 8 10 12 13 1.73205
4 11 2 6 8 10 12 14 1.90693
4 11 2 6 8 10 13 14 1.85164
4 11 2 6 8 12 13 14 1.73205
4 11 2 6 9 10 12 13 1.85164
4 11 2 6 9 10 12 14 2.04939
4 11 2 6 9 10 13 14 2.00294
4 11 2 6 9 12 13 14 1.90693
4 11 2 6 10 12 13 14 1.85164
4 11 2 7 8 9 10 12 1.41421
4 11 2 7 8 9 10 13 1
4 11 2 7 8 9 10 14 1.62019
4 11 2 7 8 9 12 13 1
4 11 2 7 8 9 12 14 1.41421
4 11 2 7 8 9 13 14 1
4 11 2 7 8 10 12 13 1
4 11 2 7 8 10 12 14 1.41421
4 11 2 7 8 10 13 14 1
4 11 2 7 8 12 13 14 1
4 11 2 7 9 10 12 13 1
4 11 2 7 9 10 12 14 1.62019
4 11 2 7 9 10 13 14 1.41421
4 11 2 7 9 12 13 14 1.41421
4 11 2 7 10 12 13 14 1
4 11 2 8 9 10 12 13 1.73205
4 11 2 8 9 10 12 14 1.90693
4 11 2 8 9 10 13 14 1.85164
4 11 2 8 9 12 13 14 1.73205
4 11 2 8 10 12 13 14 1.73205
4 11 2 9 10 12 13 14 1.85164
4 11 3 5 6 7 8 9 1.85164
4 11 3 5 6 7 8 10 1.85164
4 11 3 5 6 7 8 12 1.62019
4 11 3 5 6 7 8 13 1.41421
4 11 3 5 6 7 8 14 1.85164
4 11 3 5 6 7 9 10 2.07802
4 11 3 5 6 7 9 12 2
4 11 3 5 6 7 9 13 1.90693
4 11 3 5 6 7 9 14 2.13809
4 11 3 5 6 7 10 12 1.85164
4 11 3 5 6 7 10 13 1.73205
4 11 3 5 6 7 10 14 2.07802
4 11 3 5 6 7 12 13 1.73205
4 11 3 5 6 7 12 14 1.93309
4 11 3 5 6 7 13 14 1.85164
4 11 3 5 6 8 9 10 2.07802
4 11 3 5 6 8 9 12 1.85164
4 11 3 5 6 8 9 13 1.73205
4 11 3 5 6 8 9 14 2.07802
4 11 3 5 6 8 10 12 1.85164
4 11 3 5 6 8 10 13 1.73205
4 11 3 5 6 8 10 14 2.07802
4 11 3 5 6 8 12 13 1.41421
4 11 3 5 6 8 12 14 1.85164
4 11 3 5 6 8 13 14 1.73205
4 11 3 5 6 9 10 12 2.07802
4 11 3 5 6 9 10 13 2
4 11 3 5 6 9 10 14 2.29129
4 11 3 5 6 9 12 13 1.90693
4 11 3 5 6 9 12 14 2.13809
4 11 3 5 6 9 13 14 2.07802
4 11 3 5 6 10 12 13 1.73205
4 11 3 5 6 10 12 14 2.07802
4 11 3 5 6 10 13 14 2
4 11 3 5 6 12 13 14 1.85164
4 11 3 5 7 8 9 10 1.85164
4 11 3 5 7 8 9 12 1.62019
4 11 3 5 7 8 9 13 1.41421
4 11 3 5 7 8 9 14 1.85164
4 11 3 5 7 8 10 12 1.62019
4 11 3 5 7 8 10 13 1.41421
4 11 3 5 7 8 10 14 1.85164
4 11 3 5 7 8 12 13 1
4 11 3 5 7 8 12 14 1.62019
4 11 3 5 7 8 13 14 1.41421
4 11 3 5 7 9 10 12 1.85164
4 11 3 5 7 9 10 13 1.73205
4 11 3 5 7 9 10 14 2.07802
4 11 3 5 7 9 12 13 1.73205
4 11 3 5 7 9 12 14 1.93309
4 11 3 5 7 9 13 14 1.85164
4 11 3 5 7 10 12 13 1.41421
4 11 3 5 7 10 12 14 1.85164
4 11 3 5 7 10 13 14 1.73205
4 11 3 5 7 12 13 14 1.62019
4 11 3 5 8 9 10 12 1.85164
4 11 3 5 8 9 10 13 1.73205
4 11 3 5 8 9 10 14 2.07802
4 11 3 5 8 9 12 13 1.41421
4 11 3 5 8 9 12 14 1.85164
4 11 3 5 8 9 13 14 1.73205
4 11 3 5 8 10 12 13 1.41421
4 11 3 5 8 10 12 14 1.85164
4 11 3 5 8 10 13 14 1.73205
4 11 3 5 8 12 13 14 1.41421
4 11 3 5 9 10 12 13 1.73205
4 11 3 5 9 10 12 14 2.07802
4 11 3 5 9 10 13 14 2
4 11 3 5 9 12 13 14 1.85164
4 11 3 5 10 12 13 14 1.73205
4 11 3 6 7 8 9 10 1.93309
4 11 3 6 7 8 9 12 1.73205
4 11 3 6 7 8 9 13 1.62019
4 11 3 6 7 8 9 14 1.93309
4 11 3 6 7 8 10 12 1.73205
4 11 3 6 7 8 10 13 1.62019
4 11 3 6 7 8 10 14 1.93309
4 11 3 6 7 8 12 13 1.41421
4 11 3 6 7 8 12 14 1.73205
4 11 3 6 7 8 13 14 1.62019
4 11 3 6 7 9 10 12 1.93309
4 11 3 6 7 9 10 13 1.85164
4 11 3 6 7 9 10 14 2.13809
4 11 3 6 7 9 12 13 1.81265
4 11 3 6 7 9 12 14 2
4 11 3 6 7 9 13 14 1.93309
4 11 3 6 7 10 12 13 1.62019
4 11 3 6 7 10 12 14 1.93309
4 11 3 6 7 10 13 14 1.85164
4 11 3 6 7 12 13 14 1.73205
4 11 3 6 8 9 10 12 2.16025
4 11 3 6 8 9 10 13 2.13664
4 11 3 6 8 9 10 14 2.32266
4 11 3 6 8 9 12 13 2
4 11 3 6 8 9 12 14 2.16025
4 11 3 6 8 9 13 14 2.13664
4 11 3 6 8 10 12 13 2
4 11 3 6 8 10 12 14 2.16025
4 11 3 6 8 10 13 14 2.13664
4 11 3 6 8 12 13 14 2
4 11 3 6 9 10 12 13 2.13664
4 11 3 6 9 10 12 14 2.32266
4 11 3 6 9 10 13 14 2.28709
4 11 3 6 9 12 13 14 2.16025
4 11 3 6 10 12 13 14 2.13664
4 11 3 7 8 9 10 12 1.73205
4 11 3 7 8 9 10 13 1.62019
4 11 3 7 8 9 10 14 1.93309
4 11 3 7 8 9 12 13 1.41421
4 11 3 7 8 9 12 14 1.73205
4 11 3 7 8 9 13 14 1.62019
4 11 3 7 8 10 12 13 1.41421
4 11 3 7 8 10 12 14 1.73205
4 11 3 7 8 10 13 14 1.62019
4 11 3 7 8 12 13 14 1.41421
4 11 3 7 9 10 12 13 1.62019
4 11 3 7 9 10 12 14 1.93309
4 11 3 7 9 10 13 14 1.85164
4 11 3 7 9 12 13 14 1.73205
4 11 3 7 10 12 13 14 1.62019
4 11 3 8 9 10 12 13 2
4 11 3 8 9 10 12 14 2.16025
4 11 3 8 9 10 13 14 2.13664
4 11 3 8 9 12 13 14 2
4 11 3 8 10 12 13 14 2
4 11 3 9 10 12 13 14 2.13664
4 11 5 6 7 8 9 10 1.93309
4 11 5 6 7 8 9 12 1.73205
4 11 5 6 7 8 9 13 1.62019
4 11 5 6 7 8 9 14 1.93309
4 11 5 6 7 8 10 12 1.73205
4 11 5 6 7 8 10 13 1.62019
4 11 5 6 7 8 10 14 1.93309
4 11 5 6 7 8 12 13 1.41421
4 11 5 6 7 8 12 14 1.73205
4 11 5 6 7 8 13 14 1.62019
4 11 5 6 7 9 10 12 1.93309
4 11 5 6 7 9 10 13 1.85164
4 11 5 6 7 9 10 14 2.13809
4 11 5 6 7 9 12 13 1.81265
4 11 5 6 7 9 12 14 2
4 11 5 6 7 9 13 14 1.93309
4 11 5 6 7 10 12 13 1.62019
4 11 5 6 7 10 12 14 1.93309
4 11 5 6 7 10 13 14 1.85164
4 11 5 6 7 12 13 14 1.73205
4 11 5 6 8 9 10 12 2.16025
4 11 5 6 8 9 10 13 2.13664
4 11 5 6 8 9 10 14 2.32266
4 11 5 6 8 9 12 13 2
4 11 5 6 8 9 12 14 2.16025
4 11 5 6 8 9 13 14 2.13664
4 11 5 6 8 10 12 13 2
4 11 5 6 8 10 12 14 2.16025
4 11 5 6 8 10 13 14 2.13664
4 11 5 6 8 12 13 14 2
4 11 5 6 9 10 12 13 2.13664
4 11 5 6 9 10 12 14 2.32266
4 11 5 6 9 10 13 14 2.28709
4 11 5 6 9 12 13 14 2.16025
4 11 5 6 10 12 13 14 2.13664
4 11 5 7 8 9 10 12 1.73205
4 11 5 7 8 9 10 13 1.62019
4 11 5 7 8 9 10 14 1.93309
4 11 5 7 8 9 12 13 1.41421
4 11 5 7 8 9 12 14 1.73205
4 11 5 7 8 9 13 14 1.62019
4 11 5 7 8 10 12 13 1.41421
4 11 5 7 8 10 12 14 1.73205
4 11 5 7 8 10 13 14 1.62019
4 11 5 7 8 12 13 14 1.41421
4 11 5 7 9 10 12 13 1.62019
4 11 5 7 9 10 12 14 1.93309
4 11 5 7 9 10 13 14 1.85164
4 11 5 7 9 12 13 14 1.73205
4 11 5 7 10 12 13 14 1.62019
4 11 5 8 9 10 12 13 2
4 11 5 8 9 10 12 14 2.16025
4 11 5 8 9 10 13 14 2.13664
4 11 5 8 9 12 13 14 2
4 11 5 8 10 12 13 14 2
4 11 5 9 10 12 13 14 2.13664
4 11 6 7 8 9 10 12 1.90693
4 11 6 7 8 9 10 13 1.85164
4 11 6 7 8 9 10 14 2.04939
4 11 6 7 8 9 12 13 1.73205
4 11 6 7 8 9 12 14 1.90693
4 11 6 7 8 9 13 14 1.85164
4 11 6 7 8 10 12 13 1.73205
4 11 6 7 8 10 12 14 1.90693
4 11 6 7 8 10 13 14 1.85164
4 11 6 7 8 12 13 14 1.73205
4 11 6 7 9 10 12 13 1.85164
4 11 6 7 9 10 12 14 2.04939
4 11 6 7 9 10 13 14 2.00294
4 11 6 7 9 12 13 14 1.90693
4 11 6 7 10 12 13 14 1.85164
4 11 6 8 9 10 12 13 2.44949
4 11 6 8 9 10 12 14 2.53722
4 11 6 8 9 10 13 14 2.52543
4 11 6 8 9 12 13 14 2.44949
4 11 6 8 10 12 13 14 2.44949
4 11 6 9 10 12 13 14 2.52543
4 11 7 8 9 10 12 13 1.73205
4 11 7 8 9 10 12 14 1.90693
4 11 7 8 9 10 13 14 1.85164
4 11 7 8 9 12 13 14 1.73205
4 11 7 8 10 12 13 14 1.73205
4 11 7 9 10 12 13 14 1.85164
4 11 8 9 10 12 13 14 2.44949
