13 14 0 1 2.38048
13 14 0 2 2.24812
13 14 0 3 2.46311
13 14 0 4 2.69472
13 14 0 5 2.43521
13 14 0 6 2.76353
13 14 0 7 2.24812
13 14 0 8 2.67706
13 14 0 9 2.76677
13 14 0 10 2.7314
13 14 0 11 2.72279
13 14 0 12 2.71042
13 14 1 2 2
13 14 1 3 1.90693
13 14 1 4 2.19089
13 14 1 5 1.90693
13 14 1 6 2.28446
13 14 1 7 2
13 14 1 8 2.3094
13 14 1 9 2.3094
13 14 1 10 2.28446
13 14 1 11 2.19089
13 14 1 12 2.38048
13 14 2 3 2.10639
13 14 2 4 2.14154
13 14 2 5 2.05603
13 14 2 6 2.23607
13 14 2 7 1.81265
13 14 2 8 2.08167
13 14 2 9 2.23607
13 14 2 10 2.1391
13 14 2 11 2.19745
13 14 2 12 2.23607
13 14 3 4 2.32266
13 14 3 5 2.10357
13 14 3 6 2.46311
13 14 3 7 2.10639
13 14 3 8 2.26385
13 14 3 9 2.46311
13 14 3 10 2.35488
13 14 3 11 2.46311
13 14 3 12 2.38048
13 14 4 5 2.42507
13 14 4 6 2.68164
13 14 4 7 2.14154
13 14 4 8 2.64575
13 14 4 9 2.69077
13 14 4 10 2.68408
13 14 4 11 2.62216
13 14 4 12 2.62912
13 14 5 6 2.40426
13 14 5 7 2.05603
13 14 5 8 2.28446
13 14 5 9 2.41291
13 14 5 10 2.389
13 14 5 11 2.33699
13 14 5 12 2.38048
13 14 6 7 2.23607
13 14 6 8 2.66288
13 14 6 9 2.76353
13 14 6 10 2.71163
13 14 6 11 2.72279
13 14 6 12 2.70157
13 14 7 8 2.08167
13 14 7 9 2.23607
13 14 7 10 2.1391
13 14 7 11 2.19745
13 14 7 12 2.23607
13 14 8 9 2.67842
13 14 8 10 2.65417
13 14 8 11 2.60419
13 14 8 12 2.62912
13 14 9 10 2.72172
13 14 9 11 2.72279
13 14 9 12 2.70663
13 14 10 11 2.66231
13 14 10 12 2.65417
13 14 11 12 2.65875
