13 14 0 1 2 3 4 1.41421
13 14 0 1 2 3 5 1.41421
13 14 0 1 2 3 6 1.73205
13 14 0 1 2 3 7 1.62019
13 14 0 1 2 3 8 1.62019
13 14 0 1 2 3 9 1.73205
13 14 0 1 2 3 10 1.41421
13 14 0 1 2 3 11 1.73205
13 14 0 1 2 3 12 1.73205
13 14 0 1 2 4 5 1.73205
13 14 0 1 2 4 6 1.62019
13 14 0 1 2 4 7 1.62019
13 14 0 1 2 4 8 1.81265
13 14 0 1 2 4 9 1.73205
13 14 0 1 2 4 10 1.81265
13 14 0 1 2 4 11 1.41421
13 14 0 1 2 4 12 1.81265
13 14 0 1 2 5 6 1.41421
13 14 0 1 2 5 7 1.62019
13 14 0 1 2 5 8 1.73205
13 14 0 1 2 5 9 1.62019
13 14 0 1 2 5 10 1.73205
13 14 0 1 2 5 11 1.41421
13 14 0 1 2 5 12 1.73205
13 14 0 1 2 6 7 1.62019
13 14 0 1 2 6 8 1.81265
13 14 0 1 2 6 9 2
13 14 0 1 2 6 10 1.73205
13 14 0 1 2 6 11 1.81265
13 14 0 1 2 6 12 2
13 14 0 1 2 7 8 1.62019
13 14 0 1 2 7 9 1.62019
13 14 0 1 2 7 10 1.62019
13 14 0 1 2 7 11 1.62019
13 14 0 1 2 7 12 1.62019
13 14 0 1 2 8 9 2
13 14 0 1 2 8 10 2
13 14 0 1 2 8 11 1.73205
13 14 0 1 2 8 12 2
13 14 0 1 2 9 10 1.81265
13 14 0 1 2 9 11 1.81265
13 14 0 1 2 9 12 2
13 14 0 1 2 10 11 1.62019
13 14 0 1 2 10 12 2
13 14 0 1 2 11 12 1.81265
13 14 0 1 3 4 5 1.41421
13 14 0 1 3 4 6 1.41421
13 14 0 1 3 4 7 1.41421
13 14 0 1 3 4 8 1.41421
13 14 0 1 3 4 9 1.41421
13 14 0 1 3 4 10 1.41421
13 14 0 1 3 4 11 1.41421
13 14 0 1 3 4 12 1.41421
13 14 0 1 3 5 6 1.41421
13 14 0 1 3 5 7 1.41421
13 14 0 1 3 5 8 1.41421
13 14 0 1 3 5 9 1.41421
13 14 0 1 3 5 10 1.41421
13 14 0 1 3 5 11 1.41421
13 14 0 1 3 5 12 1.41421
13 14 0 1 3 6 7 1.73205
13 14 0 1 3 6 8 1.85164
13 14 0 1 3 6 9 1.90693
13 14 0 1 3 6 10 1.73205
13 14 0 1 3 6 11 1.90693
13 14 0 1 3 6 12 1.90693
13 14 0 1 3 7 8 1.62019
13 14 0 1 3 7 9 1.73205
13 14 0 1 3 7 10 1.41421
13 14 0 1 3 7 11 1.73205
13 14 0 1 3 7 12 1.73205
13 14 0 1 3 8 9 1.85164
13 14 0 1 3 8 10 1.73205
13 14 0 1 3 8 11 1.85164
13 14 0 1 3 8 12 1.85164
13 14 0 1 3 9 10 1.73205
13 14 0 1 3 9 11 1.90693
13 14 0 1 3 9 12 1.90693
13 14 0 1 3 10 11 1.73205
13 14 0 1 3 10 12 1.73205
13 14 0 1 3 11 12 1.90693
13 14 0 1 4 5 6 1.73205
13 14 0 1 4 5 7 1.73205
13 14 0 1 4 5 8 1.90693
13 14 0 1 4 5 9 1.85164
13 14 0 1 4 5 10 1.90693
13 14 0 1 4 5 11 1.41421
13 14 0 1 4 5 12 1.90693
13 14 0 1 4 6 7 1.62019
13 14 0 1 4 6 8 2.13664
13 14 0 1 4 6 9 2.13664
13 14 0 1 4 6 10 2.13664
13 14 0 1 4 6 11 2
13 14 0 1 4 6 12 2.13664
13 14 0 1 4 7 8 1.81265
13 14 0 1 4 7 9 1.73205
13 14 0 1 4 7 10 1.81265
13 14 0 1 4 7 11 1.41421
13 14 0 1 4 7 12 1.81265
13 14 0 1 4 8 9 2.16025
13 14 0 1 4 8 10 2.19089
13 14 0 1 4 8 11 2
13 14 0 1 4 8 12 2.19089
13 14 0 1 4 9 10 2.16025
13 14 0 1 4 9 11 2
13 14 0 1 4 9 12 2.16025
13 14 0 1 4 10 11 2
13 14 0 1 4 10 12 2.19089
13 14 0 1 4 11 12 2
13 14 0 1 5 6 7 1.41421
13 14 0 1 5 6 8 1.73205
13 14 0 1 5 6 9 1.73205
13 14 0 1 5 6 10 1.73205
13 14 0 1 5 6 11 1.41421
13 14 0 1 5 6 12 1.73205
13 14 0 1 5 7 8 1.73205
13 14 0 1 5 7 9 1.62019
13 14 0 1 5 7 10 1.73205
13 14 0 1 5 7 11 1.41421
13 14 0 1 5 7 12 1.73205
13 14 0 1 5 8 9 1.85164
13 14 0 1 5 8 10 1.90693
13 14 0 1 5 8 11 1.41421
13 14 0 1 5 8 12 1.90693
13 14 0 1 5 9 10 1.85164
13 14 0 1 5 9 11 1.41421
13 14 0 1 5 9 12 1.85164
13 14 0 1 5 10 11 1.41421
13 14 0 1 5 10 12 1.90693
13 14 0 1 5 11 12 1.41421
13 14 0 1 6 7 8 1.81265
13 14 0 1 6 7 9 2
13 14 0 1 6 7 10 1.73205
13 14 0 1 6 7 11 1.81265
13 14 0 1 6 7 12 2
13 14 0 1 6 8 9 2.26385
13 14 0 1 6 8 10 2.23607
13 14 0 1 6 8 11 2.16025
13 14 0 1 6 8 12 2.26385
13 14 0 1 6 9 10 2.23607
13 14 0 1 6 9 11 2.19089
13 14 0 1 6 9 12 2.28446
13 14 0 1 6 10 11 2.13664
13 14 0 1 6 10 12 2.23607
13 14 0 1 6 11 12 2.19089
13 14 0 1 7 8 9 2
13 14 0 1 7 8 10 2
13 14 0 1 7 8 11 1.73205
13 14 0 1 7 8 12 2
13 14 0 1 7 9 10 1.81265
13 14 0 1 7 9 11 1.81265
13 14 0 1 7 9 12 2
13 14 0 1 7 10 11 1.62019
13 14 0 1 7 10 12 2
13 14 0 1 7 11 12 1.81265
13 14 0 1 8 9 10 2.26385
13 14 0 1 8 9 11 2.16025
13 14 0 1 8 9 12 2.3094
13 14 0 1 8 10 11 2.13664
13 14 0 1 8 10 12 2.28446
13 14 0 1 8 11 12 2.16025
13 14 0 1 9 10 11 2.13664
13 14 0 1 9 10 12 2.26385
13 14 0 1 9 11 12 2.19089
13 14 0 1 10 11 12 2.13664
13 14 0 2 3 4 5 1.85164
13 14 0 2 3 4 6 1.93309
13 14 0 2 3 4 7 1.62019
13 14 0 2 3 4 8 1.62019
13 14 0 2 3 4 9 1.93309
13 14 0 2 3 4 10 1.85164
13 14 0 2 3 4 11 1.93309
13 14 0 2 3 4 12 1.73205
13 14 0 2 3 5 6 1.90693
13 14 0 2 3 5 7 1.73205
13 14 0 2 3 5 8 1.41421
13 14 0 2 3 5 9 1.90693
13 14 0 2 3 5 10 1.73205
13 14 0 2 3 5 11 1.90693
13 14 0 2 3 5 12 1.73205
13 14 0 2 3 6 7 1.81265
13 14 0 2 3 6 8 1.81265
13 14 0 2 3 6 9 2.10639
13 14 0 2 3 6 10 1.90693
13 14 0 2 3 6 11 2.10639
13 14 0 2 3 6 12 2
13 14 0 2 3 7 8 1.41421
13 14 0 2 3 7 9 1.81265
13 14 0 2 3 7 10 1.41421
13 14 0 2 3 7 11 1.81265
13 14 0 2 3 7 12 1.73205
13 14 0 2 3 8 9 1.81265
13 14 0 2 3 8 10 1.73205
13 14 0 2 3 8 11 1.81265
13 14 0 2 3 8 12 1.73205
13 14 0 2 3 9 10 1.90693
13 14 0 2 3 9 11 2.10639
13 14 0 2 3 9 12 2
13 14 0 2 3 10 11 1.90693
13 14 0 2 3 10 12 1.73205
13 14 0 2 3 11 12 2
13 14 0 2 4 5 6 2
13 14 0 2 4 5 7 1.62019
13 14 0 2 4 5 8 2
13 14 0 2 4 5 9 2
13 14 0 2 4 5 10 1.96214
13 14 0 2 4 5 11 1.93309
13 14 0 2 4 5 12 2
13 14 0 2 4 6 7 1.62019
13 14 0 2 4 6 8 1.93309
13 14 0 2 4 6 9 2.09938
13 14 0 2 4 6 10 2.04939
13 14 0 2 4 6 11 2.04939
13 14 0 2 4 6 12 2
13 14 0 2 4 7 8 1.62019
13 14 0 2 4 7 9 1.62019
13 14 0 2 4 7 10 1.62019
13 14 0 2 4 7 11 1.62019
13 14 0 2 4 7 12 1.62019
13 14 0 2 4 8 9 2
13 14 0 2 4 8 10 2
13 14 0 2 4 8 11 1.85164
13 14 0 2 4 8 12 1.93309
13 14 0 2 4 9 10 2.08167
13 14 0 2 4 9 11 2.04939
13 14 0 2 4 9 12 2.01187
13 14 0 2 4 10 11 2.00294
13 14 0 2 4 10 12 2
13 14 0 2 4 11 12 1.90693
13 14 0 2 5 6 7 1.73205
13 14 0 2 5 6 8 1.73205
13 14 0 2 5 6 9 2.01187
13 14 0 2 5 6 10 1.90693
13 14 0 2 5 6 11 2
13 14 0 2 5 6 12 2
13 14 0 2 5 7 8 1.62019
13 14 0 2 5 7 9 1.73205
13 14 0 2 5 7 10 1.62019
13 14 0 2 5 7 11 1.73205
13 14 0 2 5 7 12 1.62019
13 14 0 2 5 8 9 1.81265
13 14 0 2 5 8 10 2
13 14 0 2 5 8 11 1.62019
13 14 0 2 5 8 12 1.81265
13 14 0 2 5 9 10 1.93309
13 14 0 2 5 9 11 2
13 14 0 2 5 9 12 2
13 14 0 2 5 10 11 1.85164
13 14 0 2 5 10 12 2
13 14 0 2 5 11 12 1.81265
13 14 0 2 6 7 8 1.41421
13 14 0 2 6 7 9 1.81265
13 14 0 2 6 7 10 1.41421
13 14 0 2 6 7 11 1.81265
13 14 0 2 6 7 12 1.73205
13 14 0 2 6 8 9 2.0381
13 14 0 2 6 8 10 2
13 14 0 2 6 8 11 2
13 14 0 2 6 8 12 2
13 14 0 2 6 9 10 2.10223
13 14 0 2 6 9 11 2.19745
13 14 0 2 6 9 12 2.16025
13 14 0 2 6 10 11 2.04939
13 14 0 2 6 10 12 2
13 14 0 2 6 11 12 2.10639
13 14 0 2 7 8 9 1.41421
13 14 0 2 7 8 10 1.62019
13 14 0 2 7 8 11 1.41421
13 14 0 2 7 8 12 1.62019
13 14 0 2 7 9 10 1.41421
13 14 0 2 7 9 11 1.81265
13 14 0 2 7 9 12 1.73205
13 14 0 2 7 10 11 1.41421
13 14 0 2 7 10 12 1.62019
13 14 0 2 7 11 12 1.73205
13 14 0 2 8 9 10 2.0381
13 14 0 2 8 9 11 2
13 14 0 2 8 9 12 2.01187
13 14 0 2 8 10 11 1.93309
13 14 0 2 8 10 12 2
13 14 0 2 8 11 12 1.90693
13 14 0 2 9 10 11 2.04939
13 14 0 2 9 10 12 2.0381
13 14 0 2 9 11 12 2.10639
13 14 0 2 10 11 12 1.93309
13 14 0 3 4 5 6 2.07802
13 14 0 3 4 5 7 1.85164
13 14 0 3 4 5 8 1.73205
13 14 0 3 4 5 9 2.07802
13 14 0 3 4 5 10 2
13 14 0 3 4 5 11 2.07802
13 14 0 3 4 5 12 1.85164
13 14 0 3 4 6 7 1.93309
13 14 0 3 4 6 8 2.13664
13 14 0 3 4 6 9 2.32266
13 14 0 3 4 6 10 2.28709
13 14 0 3 4 6 11 2.32266
13 14 0 3 4 6 12 2.16025
13 14 0 3 4 7 8 1.62019
13 14 0 3 4 7 9 1.93309
13 14 0 3 4 7 10 1.85164
13 14 0 3 4 7 11 1.93309
13 14 0 3 4 7 12 1.73205
13 14 0 3 4 8 9 2.13664
13 14 0 3 4 8 10 2.13664
13 14 0 3 4 8 11 2.13664
13 14 0 3 4 8 12 2
13 14 0 3 4 9 10 2.28709
13 14 0 3 4 9 11 2.32266
13 14 0 3 4 9 12 2.16025
13 14 0 3 4 10 11 2.28709
13 14 0 3 4 10 12 2.13664
13 14 0 3 4 11 12 2.16025
13 14 0 3 5 6 7 1.90693
13 14 0 3 5 6 8 1.73205
13 14 0 3 5 6 9 2.10357
13 14 0 3 5 6 10 2
13 14 0 3 5 6 11 2.10357
13 14 0 3 5 6 12 1.90693
13 14 0 3 5 7 8 1.41421
13 14 0 3 5 7 9 1.90693
13 14 0 3 5 7 10 1.73205
13 14 0 3 5 7 11 1.90693
13 14 0 3 5 7 12 1.73205
13 14 0 3 5 8 9 1.73205
13 14 0 3 5 8 10 1.73205
13 14 0 3 5 8 11 1.73205
13 14 0 3 5 8 12 1.41421
13 14 0 3 5 9 10 2
13 14 0 3 5 9 11 2.10357
13 14 0 3 5 9 12 1.90693
13 14 0 3 5 10 11 2
13 14 0 3 5 10 12 1.73205
13 14 0 3 5 11 12 1.90693
13 14 0 3 6 7 8 1.81265
13 14 0 3 6 7 9 2.10639
13 14 0 3 6 7 10 1.90693
13 14 0 3 6 7 11 2.10639
13 14 0 3 6 7 12 2
13 14 0 3 6 8 9 2.26385
13 14 0 3 6 8 10 2.23607
13 14 0 3 6 8 11 2.26385
13 14 0 3 6 8 12 2.16025
13 14 0 3 6 9 10 2.35488
13 14 0 3 6 9 11 2.46311
13 14 0 3 6 9 12 2.38048
13 14 0 3 6 10 11 2.35488
13 14 0 3 6 10 12 2.23607
13 14 0 3 6 11 12 2.38048
13 14 0 3 7 8 9 1.81265
13 14 0 3 7 8 10 1.73205
13 14 0 3 7 8 11 1.81265
13 14 0 3 7 8 12 1.73205
13 14 0 3 7 9 10 1.90693
13 14 0 3 7 9 11 2.10639
13 14 0 3 7 9 12 2
13 14 0 3 7 10 11 1.90693
13 14 0 3 7 10 12 1.73205
13 14 0 3 7 11 12 2
13 14 0 3 8 9 10 2.23607
13 14 0 3 8 9 11 2.26385
13 14 0 3 8 9 12 2.16025
13 14 0 3 8 10 11 2.23607
13 14 0 3 8 10 12 2.13664
13 14 0 3 8 11 12 2.16025
13 14 0 3 9 10 11 2.35488
13 14 0 3 9 10 12 2.23607
13 14 0 3 9 11 12 2.38048
13 14 0 3 10 11 12 2.23607
13 14 0 4 5 6 7 2
13 14 0 4 5 6 8 2.23607
13 14 0 4 5 6 9 2.39046
13 14 0 4 5 6 10 2.35488
13 14 0 4 5 6 11 2.32266
13 14 0 4 5 6 12 2.26385
13 14 0 4 5 7 8 2
13 14 0 4 5 7 9 2
13 14 0 4 5 7 10 1.96214
13 14 0 4 5 7 11 1.93309
13 14 0 4 5 7 12 2
13 14 0 4 5 8 9 2.26385
13 14 0 4 5 8 10 2.28446
13 14 0 4 5 8 11 2.13664
13 14 0 4 5 8 12 2.19089
13 14 0 4 5 9 10 2.37697
13 14 0 4 5 9 11 2.32266
13 14 0 4 5 9 12 2.3094
13 14 0 4 5 10 11 2.28709
13 14 0 4 5 10 12 2.28446
13 14 0 4 5 11 12 2.16025
13 14 0 4 6 7 8 1.93309
13 14 0 4 6 7 9 2.09938
13 14 0 4 6 7 10 2.04939
13 14 0 4 6 7 11 2.04939
13 14 0 4 6 7 12 2
13 14 0 4 6 8 9 2.58844
13 14 0 4 6 8 10 2.58844
13 14 0 4 6 8 11 2.52543
13 14 0 4 6 8 12 2.52543
13 14 0 4 6 9 10 2.66231
13 14 0 4 6 9 11 2.62216
13 14 0 4 6 9 12 2.60419
13 14 0 4 6 10 11 2.61406
13 14 0 4 6 10 12 2.58844
13 14 0 4 6 11 12 2.53722
13 14 0 4 7 8 9 2
13 14 0 4 7 8 10 2
13 14 0 4 7 8 11 1.85164
13 14 0 4 7 8 12 1.93309
13 14 0 4 7 9 10 2.08167
13 14 0 4 7 9 11 2.04939
13 14 0 4 7 9 12 2.01187
13 14 0 4 7 10 11 2.00294
13 14 0 4 7 10 12 2
13 14 0 4 7 11 12 1.90693
13 14 0 4 8 9 10 2.60419
13 14 0 4 8 9 11 2.52543
13 14 0 4 8 9 12 2.53722
13 14 0 4 8 10 11 2.52543
13 14 0 4 8 10 12 2.53899
13 14 0 4 8 11 12 2.44949
13 14 0 4 9 10 11 2.61406
13 14 0 4 9 10 12 2.60419
13 14 0 4 9 11 12 2.53722
13 14 0 4 10 11 12 2.52543
13 14 0 5 6 7 8 1.73205
13 14 0 5 6 7 9 2.01187
13 14 0 5 6 7 10 1.90693
13 14 0 5 6 7 11 2
13 14 0 5 6 7 12 2
13 14 0 5 6 8 9 2.23607
13 14 0 5 6 8 10 2.23607
13 14 0 5 6 8 11 2.13664
13 14 0 5 6 8 12 2.13664
13 14 0 5 6 9 10 2.35488
13 14 0 5 6 9 11 2.33699
13 14 0 5 6 9 12 2.28446
13 14 0 5 6 10 11 2.28709
13 14 0 5 6 10 12 2.23607
13 14 0 5 6 11 12 2.19089
13 14 0 5 7 8 9 1.81265
13 14 0 5 7 8 10 2
13 14 0 5 7 8 11 1.62019
13 14 0 5 7 8 12 1.81265
13 14 0 5 7 9 10 1.93309
13 14 0 5 7 9 11 2
13 14 0 5 7 9 12 2
13 14 0 5 7 10 11 1.85164
13 14 0 5 7 10 12 2
13 14 0 5 7 11 12 1.81265
13 14 0 5 8 9 10 2.26385
13 14 0 5 8 9 11 2.13664
13 14 0 5 8 9 12 2.16025
13 14 0 5 8 10 11 2.13664
13 14 0 5 8 10 12 2.19089
13 14 0 5 8 11 12 2
13 14 0 5 9 10 11 2.28709
13 14 0 5 9 10 12 2.26385
13 14 0 5 9 11 12 2.19089
13 14 0 5 10 11 12 2.13664
13 14 0 6 7 8 9 2.0381
13 14 0 6 7 8 10 2
13 14 0 6 7 8 11 2
13 14 0 6 7 8 12 2
13 14 0 6 7 9 10 2.10223
13 14 0 6 7 9 11 2.19745
13 14 0 6 7 9 12 2.16025
13 14 0 6 7 10 11 2.04939
13 14 0 6 7 10 12 2
13 14 0 6 7 11 12 2.10639
13 14 0 6 8 9 10 2.64575
13 14 0 6 8 9 11 2.60419
13 14 0 6 8 9 12 2.60419
13 14 0 6 8 10 11 2.58844
13 14 0 6 8 10 12 2.58844
13 14 0 6 8 11 12 2.53722
13 14 0 6 9 10 11 2.66231
13 14 0 6 9 10 12 2.64575
13 14 0 6 9 11 12 2.65875
13 14 0 6 10 11 12 2.58844
13 14 0 7 8 9 10 2.0381
13 14 0 7 8 9 11 2
13 14 0 7 8 9 12 2.01187
13 14 0 7 8 10 11 1.93309
13 14 0 7 8 10 12 2
13 14 0 7 8 11 12 1.90693
13 14 0 7 9 10 11 2.04939
13 14 0 7 9 10 12 2.0381
13 14 0 7 9 11 12 2.10639
13 14 0 7 10 11 12 1.93309
13 14 0 8 9 10 11 2.58844
13 14 0 8 9 10 12 2.60419
13 14 0 8 9 11 12 2.53722
13 14 0 8 10 11 12 2.52543
13 14 0 9 10 11 12 2.58844
13 14 1 2 3 4 5 1.41421
13 14 1 2 3 4 6 1
13 14 1 2 3 4 7 1.41421
13 14 1 2 3 4 8 1.41421
13 14 1 2 3 4 9 1
13 14 1 2 3 4 10 1.41421
13 14 1 2 3 4 11 1
13 14 1 2 3 4 12 1.41421
13 14 1 2 3 5 6 1.41421
13 14 1 2 3 5 7 1.41421
13 14 1 2 3 5 8 1.41421
13 14 1 2 3 5 9 1.41421
13 14 1 2 3 5 10 1.41421
13 14 1 2 3 5 11 1.41421
13 14 1 2 3 5 12 1.41421
13 14 1 2 3 6 7 1.62019
13 14 1 2 3 6 8 1.62019
13 14 1 2 3 6 9 1.73205
13 14 1 2 3 6 10 1.41421
13 14 1 2 3 6 11 1.73205
13 14 1 2 3 6 12 1.73205
13 14 1 2 3 7 8 1.41421
13 14 1 2 3 7 9 1.62019
13 14 1 2 3 7 10 1.41421
13 14 1 2 3 7 11 1.62019
13 14 1 2 3 7 12 1.62019
13 14 1 2 3 8 9 1.62019
13 14 1 2 3 8 10 1.41421
13 14 1 2 3 8 11 1.62019
13 14 1 2 3 8 12 1.62019
13 14 1 2 3 9 10 1.41421
13 14 1 2 3 9 11 1.73205
13 14 1 2 3 9 12 1.73205
13 14 1 2 3 10 11 1.41421
13 14 1 2 3 10 12 1.41421
13 14 1 2 3 11 12 1.73205
13 14 1 2 4 5 6 1.41421
13 14 1 2 4 5 7 1.62019
13 14 1 2 4 5 8 1.73205
13 14 1 2 4 5 9 1.62019
13 14 1 2 4 5 10 1.73205
13 14 1 2 4 5 11 1
13 14 1 2 4 5 12 1.73205
13 14 1 2 4 6 7 1
13 14 1 2 4 6 8 1.62019
13 14 1 2 4 6 9 1.62019
13 14 1 2 4 6 10 1.62019
13 14 1 2 4 6 11 1.41421
13 14 1 2 4 6 12 1.62019
13 14 1 2 4 7 8 1.62019
13 14 1 2 4 7 9 1.41421
13 14 1 2 4 7 10 1.62019
13 14 1 2 4 7 11 1
13 14 1 2 4 7 12 1.62019
13 14 1 2 4 8 9 1.73205
13 14 1 2 4 8 10 1.81265
13 14 1 2 4 8 11 1.41421
13 14 1 2 4 8 12 1.81265
13 14 1 2 4 9 10 1.73205
13 14 1 2 4 9 11 1.41421
13 14 1 2 4 9 12 1.73205
13 14 1 2 4 10 11 1.41421
13 14 1 2 4 10 12 1.81265
13 14 1 2 4 11 12 1.41421
13 14 1 2 5 6 7 1.41421
13 14 1 2 5 6 8 1.41421
13 14 1 2 5 6 9 1.41421
13 14 1 2 5 6 10 1.41421
13 14 1 2 5 6 11 1.41421
13 14 1 2 5 6 12 1.41421
13 14 1 2 5 7 8 1.62019
13 14 1 2 5 7 9 1.41421
13 14 1 2 5 7 10 1.62019
13 14 1 2 5 7 11 1.41421
13 14 1 2 5 7 12 1.62019
13 14 1 2 5 8 9 1.62019
13 14 1 2 5 8 10 1.73205
13 14 1 2 5 8 11 1
13 14 1 2 5 8 12 1.73205
13 14 1 2 5 9 10 1.62019
13 14 1 2 5 9 11 1.41421
13 14 1 2 5 9 12 1.62019
13 14 1 2 5 10 11 1
13 14 1 2 5 10 12 1.73205
13 14 1 2 5 11 12 1.41421
13 14 1 2 6 7 8 1.41421
13 14 1 2 6 7 9 1.62019
13 14 1 2 6 7 10 1
13 14 1 2 6 7 11 1.62019
13 14 1 2 6 7 12 1.62019
13 14 1 2 6 8 9 1.81265
13 14 1 2 6 8 10 1.73205
13 14 1 2 6 8 11 1.73205
13 14 1 2 6 8 12 1.81265
13 14 1 2 6 9 10 1.73205
13 14 1 2 6 9 11 1.81265
13 14 1 2 6 9 12 2
13 14 1 2 6 10 11 1.62019
13 14 1 2 6 10 12 1.73205
13 14 1 2 6 11 12 1.81265
13 14 1 2 7 8 9 1.41421
13 14 1 2 7 8 10 1.62019
13 14 1 2 7 8 11 1.41421
13 14 1 2 7 8 12 1.62019
13 14 1 2 7 9 10 1.41421
13 14 1 2 7 9 11 1.62019
13 14 1 2 7 9 12 1.62019
13 14 1 2 7 10 11 1
13 14 1 2 7 10 12 1.62019
13 14 1 2 7 11 12 1.62019
13 14 1 2 8 9 10 1.81265
13 14 1 2 8 9 11 1.73205
13 14 1 2 8 9 12 2
13 14 1 2 8 10 11 1.62019
13 14 1 2 8 10 12 2
13 14 1 2 8 11 12 1.73205
13 14 1 2 9 10 11 1.62019
13 14 1 2 9 10 12 1.81265
13 14 1 2 9 11 12 1.81265
13 14 1 2 10 11 12 1.62019
13 14 1 3 4 5 6 1
13 14 1 3 4 5 7 1.41421
13 14 1 3 4 5 8 1.41421
13 14 1 3 4 5 9 1
13 14 1 3 4 5 10 1.41421
13 14 1 3 4 5 11 1
13 14 1 3 4 5 12 1.41421
13 14 1 3 4 6 7 1
13 14 1 3 4 6 8 1.41421
13 14 1 3 4 6 9 1.41421
13 14 1 3 4 6 10 1.41421
13 14 1 3 4 6 11 1.41421
13 14 1 3 4 6 12 1.41421
13 14 1 3 4 7 8 1.41421
13 14 1 3 4 7 9 1
13 14 1 3 4 7 10 1.41421
13 14 1 3 4 7 11 1
13 14 1 3 4 7 12 1.41421
13 14 1 3 4 8 9 1.41421
13 14 1 3 4 8 10 1.41421
13 14 1 3 4 8 11 1.41421
13 14 1 3 4 8 12 1.41421
13 14 1 3 4 9 10 1.41421
13 14 1 3 4 9 11 1.41421
13 14 1 3 4 9 12 1.41421
13 14 1 3 4 10 11 1.41421
13 14 1 3 4 10 12 1.41421
13 14 1 3 4 11 12 1.41421
13 14 1 3 5 6 7 1.41421
13 14 1 3 5 6 8 1
13 14 1 3 5 6 9 1.41421
13 14 1 3 5 6 10 0
13 14 1 3 5 6 11 1.41421
13 14 1 3 5 6 12 1.41421
13 14 1 3 5 7 8 1.41421
13 14 1 3 5 7 9 1.41421
13 14 1 3 5 7 10 1.41421
13 14 1 3 5 7 11 1.41421
13 14 1 3 5 7 12 1.41421
13 14 1 3 5 8 9 1
13 14 1 3 5 8 10 1.41421
13 14 1 3 5 8 11 1
13 14 1 3 5 8 12 1.41421
13 14 1 3 5 9 10 1
13 14 1 3 5 9 11 1.41421
13 14 1 3 5 9 12 1.41421
13 14 1 3 5 10 11 1
13 14 1 3 5 10 12 1.41421
13 14 1 3 5 11 12 1.41421
13 14 1 3 6 7 8 1.62019
13 14 1 3 6 7 9 1.73205
13 14 1 3 6 7 10 1.41421
13 14 1 3 6 7 11 1.73205
13 14 1 3 6 7 12 1.73205
13 14 1 3 6 8 9 1.85164
13 14 1 3 6 8 10 1.73205
13 14 1 3 6 8 11 1.85164
13 14 1 3 6 8 12 1.85164
13 14 1 3 6 9 10 1.73205
13 14 1 3 6 9 11 1.90693
13 14 1 3 6 9 12 1.90693
13 14 1 3 6 10 11 1.73205
13 14 1 3 6 10 12 1.73205
13 14 1 3 6 11 12 1.90693
13 14 1 3 7 8 9 1.62019
13 14 1 3 7 8 10 1.41421
13 14 1 3 7 8 11 1.62019
13 14 1 3 7 8 12 1.62019
13 14 1 3 7 9 10 1.41421
13 14 1 3 7 9 11 1.73205
13 14 1 3 7 9 12 1.73205
13 14 1 3 7 10 11 1.41421
13 14 1 3 7 10 12 1.41421
13 14 1 3 7 11 12 1.73205
13 14 1 3 8 9 10 1.73205
13 14 1 3 8 9 11 1.85164
13 14 1 3 8 9 12 1.85164
13 14 1 3 8 10 11 1.73205
13 14 1 3 8 10 12 1.73205
13 14 1 3 8 11 12 1.85164
13 14 1 3 9 10 11 1.73205
13 14 1 3 9 10 12 1.73205
13 14 1 3 9 11 12 1.90693
13 14 1 3 10 11 12 1.73205
13 14 1 4 5 6 7 1.41421
13 14 1 4 5 6 8 1.73205
13 14 1 4 5 6 9 1.73205
13 14 1 4 5 6 10 1.73205
13 14 1 4 5 6 11 1.41421
13 14 1 4 5 6 12 1.73205
13 14 1 4 5 7 8 1.73205
13 14 1 4 5 7 9 1.62019
13 14 1 4 5 7 10 1.73205
13 14 1 4 5 7 11 1
13 14 1 4 5 7 12 1.73205
13 14 1 4 5 8 9 1.85164
13 14 1 4 5 8 10 1.90693
13 14 1 4 5 8 11 1.41421
13 14 1 4 5 8 12 1.90693
13 14 1 4 5 9 10 1.85164
13 14 1 4 5 9 11 1.41421
13 14 1 4 5 9 12 1.85164
13 14 1 4 5 10 11 1.41421
13 14 1 4 5 10 12 1.90693
13 14 1 4 5 11 12 1.41421
13 14 1 4 6 7 8 1.62019
13 14 1 4 6 7 9 1.62019
13 14 1 4 6 7 10 1.62019
13 14 1 4 6 7 11 1.41421
13 14 1 4 6 7 12 1.62019
13 14 1 4 6 8 9 2.13664
13 14 1 4 6 8 10 2.13664
13 14 1 4 6 8 11 2
13 14 1 4 6 8 12 2.13664
13 14 1 4 6 9 10 2.13664
13 14 1 4 6 9 11 2
13 14 1 4 6 9 12 2.13664
13 14 1 4 6 10 11 2
13 14 1 4 6 10 12 2.13664
13 14 1 4 6 11 12 2
13 14 1 4 7 8 9 1.73205
13 14 1 4 7 8 10 1.81265
13 14 1 4 7 8 11 1.41421
13 14 1 4 7 8 12 1.81265
13 14 1 4 7 9 10 1.73205
13 14 1 4 7 9 11 1.41421
13 14 1 4 7 9 12 1.73205
13 14 1 4 7 10 11 1.41421
13 14 1 4 7 10 12 1.81265
13 14 1 4 7 11 12 1.41421
13 14 1 4 8 9 10 2.16025
13 14 1 4 8 9 11 2
13 14 1 4 8 9 12 2.16025
13 14 1 4 8 10 11 2
13 14 1 4 8 10 12 2.19089
13 14 1 4 8 11 12 2
13 14 1 4 9 10 11 2
13 14 1 4 9 10 12 2.16025
13 14 1 4 9 11 12 2
13 14 1 4 10 11 12 2
13 14 1 5 6 7 8 1.41421
13 14 1 5 6 7 9 1.41421
13 14 1 5 6 7 10 1.41421
13 14 1 5 6 7 11 1.41421
13 14 1 5 6 7 12 1.41421
13 14 1 5 6 8 9 1.73205
13 14 1 5 6 8 10 1.73205
13 14 1 5 6 8 11 1.41421
13 14 1 5 6 8 12 1.73205
13 14 1 5 6 9 10 1.73205
13 14 1 5 6 9 11 1.41421
13 14 1 5 6 9 12 1.73205
13 14 1 5 6 10 11 1.41421
13 14 1 5 6 10 12 1.73205
13 14 1 5 6 11 12 1.41421
13 14 1 5 7 8 9 1.62019
13 14 1 5 7 8 10 1.73205
13 14 1 5 7 8 11 1
13 14 1 5 7 8 12 1.73205
13 14 1 5 7 9 10 1.62019
13 14 1 5 7 9 11 1.41421
13 14 1 5 7 9 12 1.62019
13 14 1 5 7 10 11 1
13 14 1 5 7 10 12 1.73205
13 14 1 5 7 11 12 1.41421
13 14 1 5 8 9 10 1.85164
13 14 1 5 8 9 11 1.41421
13 14 1 5 8 9 12 1.85164
13 14 1 5 8 10 11 1.41421
13 14 1 5 8 10 12 1.90693
13 14 1 5 8 11 12 1.41421
13 14 1 5 9 10 11 1.41421
13 14 1 5 9 10 12 1.85164
13 14 1 5 9 11 12 1.41421
13 14 1 5 10 11 12 1.41421
13 14 1 6 7 8 9 1.81265
13 14 1 6 7 8 10 1.73205
13 14 1 6 7 8 11 1.73205
13 14 1 6 7 8 12 1.81265
13 14 1 6 7 9 10 1.73205
13 14 1 6 7 9 11 1.81265
13 14 1 6 7 9 12 2
13 14 1 6 7 10 11 1.62019
13 14 1 6 7 10 12 1.73205
13 14 1 6 7 11 12 1.81265
13 14 1 6 8 9 10 2.23607
13 14 1 6 8 9 11 2.16025
13 14 1 6 8 9 12 2.26385
13 14 1 6 8 10 11 2.13664
13 14 1 6 8 10 12 2.23607
13 14 1 6 8 11 12 2.16025
13 14 1 6 9 10 11 2.13664
13 14 1 6 9 10 12 2.23607
13 14 1 6 9 11 12 2.19089
13 14 1 6 10 11 12 2.13664
13 14 1 7 8 9 10 1.81265
13 14 1 7 8 9 11 1.73205
13 14 1 7 8 9 12 2
13 14 1 7 8 10 11 1.62019
13 14 1 7 8 10 12 2
13 14 1 7 8 11 12 1.73205
13 14 1 7 9 10 11 1.62019
13 14 1 7 9 10 12 1.81265
13 14 1 7 9 11 12 1.81265
13 14 1 7 10 11 12 1.62019
13 14 1 8 9 10 11 2.13664
13 14 1 8 9 10 12 2.26385
13 14 1 8 9 11 12 2.16025
13 14 1 8 10 11 12 2.13664
13 14 1 9 10 11 12 2.13664
13 14 2 3 4 5 6 1.85164
13 14 2 3 4 5 7 1.62019
13 14 2 3 4 5 8 1.41421
13 14 2 3 4 5 9 1.85164
13 14 2 3 4 5 10 1.73205
13 14 2 3 4 5 11 1.85164
13 14 2 3 4 5 12 1.62019
13 14 2 3 4 6 7 1.62019
13 14 2 3 4 6 8 1.62019
13 14 2 3 4 6 9 1.93309
13 14 2 3 4 6 10 1.85164
13 14 2 3 4 6 11 1.93309
13 14 2 3 4 6 12 1.73205
13 14 2 3 4 7 8 1.41421
13 14 2 3 4 7 9 1.62019
13 14 2 3 4 7 10 1.41421
13 14 2 3 4 7 11 1.62019
13 14 2 3 4 7 12 1.41421
13 14 2 3 4 8 9 1.62019
13 14 2 3 4 8 10 1.62019
13 14 2 3 4 8 11 1.62019
13 14 2 3 4 8 12 1.41421
13 14 2 3 4 9 10 1.85164
13 14 2 3 4 9 11 1.93309
13 14 2 3 4 9 12 1.73205
13 14 2 3 4 10 11 1.85164
13 14 2 3 4 10 12 1.62019
13 14 2 3 4 11 12 1.73205
13 14 2 3 5 6 7 1.73205
13 14 2 3 5 6 8 1.41421
13 14 2 3 5 6 9 1.90693
13 14 2 3 5 6 10 1.73205
13 14 2 3 5 6 11 1.90693
13 14 2 3 5 6 12 1.73205
13 14 2 3 5 7 8 1.41421
13 14 2 3 5 7 9 1.73205
13 14 2 3 5 7 10 1.41421
13 14 2 3 5 7 11 1.73205
13 14 2 3 5 7 12 1.62019
13 14 2 3 5 8 9 1.41421
13 14 2 3 5 8 10 1.41421
13 14 2 3 5 8 11 1.41421
13 14 2 3 5 8 12 1.41421
13 14 2 3 5 9 10 1.73205
13 14 2 3 5 9 11 1.90693
13 14 2 3 5 9 12 1.73205
13 14 2 3 5 10 11 1.73205
13 14 2 3 5 10 12 1.41421
13 14 2 3 5 11 12 1.73205
13 14 2 3 6 7 8 1.41421
13 14 2 3 6 7 9 1.81265
13 14 2 3 6 7 10 1.41421
13 14 2 3 6 7 11 1.81265
13 14 2 3 6 7 12 1.73205
13 14 2 3 6 8 9 1.81265
13 14 2 3 6 8 10 1.73205
13 14 2 3 6 8 11 1.81265
13 14 2 3 6 8 12 1.73205
13 14 2 3 6 9 10 1.90693
13 14 2 3 6 9 11 2.10639
13 14 2 3 6 9 12 2
13 14 2 3 6 10 11 1.90693
13 14 2 3 6 10 12 1.73205
13 14 2 3 6 11 12 2
13 14 2 3 7 8 9 1.41421
13 14 2 3 7 8 10 1.41421
13 14 2 3 7 8 11 1.41421
13 14 2 3 7 8 12 1.41421
13 14 2 3 7 9 10 1.41421
13 14 2 3 7 9 11 1.81265
13 14 2 3 7 9 12 1.73205
13 14 2 3 7 10 11 1.41421
13 14 2 3 7 10 12 1.41421
13 14 2 3 7 11 12 1.73205
13 14 2 3 8 9 10 1.73205
13 14 2 3 8 9 11 1.81265
13 14 2 3 8 9 12 1.73205
13 14 2 3 8 10 11 1.73205
13 14 2 3 8 10 12 1.62019
13 14 2 3 8 11 12 1.73205
13 14 2 3 9 10 11 1.90693
13 14 2 3 9 10 12 1.73205
13 14 2 3 9 11 12 2
13 14 2 3 10 11 12 1.73205
13 14 2 4 5 6 7 1.62019
13 14 2 4 5 6 8 1.73205
13 14 2 4 5 6 9 2
13 14 2 4 5 6 10 1.90693
13 14 2 4 5 6 11 1.93309
13 14 2 4 5 6 12 1.81265
13 14 2 4 5 7 8 1.62019
13 14 2 4 5 7 9 1.62019
13 14 2 4 5 7 10 1.62019
13 14 2 4 5 7 11 1.62019
13 14 2 4 5 7 12 1.62019
13 14 2 4 5 8 9 1.81265
13 14 2 4 5 8 10 2
13 14 2 4 5 8 11 1.62019
13 14 2 4 5 8 12 1.81265
13 14 2 4 5 9 10 1.93309
13 14 2 4 5 9 11 1.93309
13 14 2 4 5 9 12 2
13 14 2 4 5 10 11 1.85164
13 14 2 4 5 10 12 2
13 14 2 4 5 11 12 1.73205
13 14 2 4 6 7 8 1
13 14 2 4 6 7 9 1.62019
13 14 2 4 6 7 10 1.41421
13 14 2 4 6 7 11 1.62019
13 14 2 4 6 7 12 1.41421
13 14 2 4 6 8 9 1.93309
13 14 2 4 6 8 10 1.93309
13 14 2 4 6 8 11 1.85164
13 14 2 4 6 8 12 1.85164
13 14 2 4 6 9 10 2.04939
13 14 2 4 6 9 11 2.04939
13 14 2 4 6 9 12 2
13 14 2 4 6 10 11 2.00294
13 14 2 4 6 10 12 1.93309
13 14 2 4 6 11 12 1.90693
13 14 2 4 7 8 9 1.41421
13 14 2 4 7 8 10 1.62019
13 14 2 4 7 8 11 1
13 14 2 4 7 8 12 1.62019
13 14 2 4 7 9 10 1.41421
13 14 2 4 7 9 11 1.62019
13 14 2 4 7 9 12 1.41421
13 14 2 4 7 10 11 1.41421
13 14 2 4 7 10 12 1.62019
13 14 2 4 7 11 12 1.41421
13 14 2 4 8 9 10 2
13 14 2 4 8 9 11 1.85164
13 14 2 4 8 9 12 1.90693
13 14 2 4 8 10 11 1.85164
13 14 2 4 8 10 12 1.93309
13 14 2 4 8 11 12 1.73205
13 14 2 4 9 10 11 2.00294
13 14 2 4 9 10 12 2
13 14 2 4 9 11 12 1.90693
13 14 2 4 10 11 12 1.85164
13 14 2 5 6 7 8 1
13 14 2 5 6 7 9 1.73205
13 14 2 5 6 7 10 1.41421
13 14 2 5 6 7 11 1.73205
13 14 2 5 6 7 12 1.62019
13 14 2 5 6 8 9 1.73205
13 14 2 5 6 8 10 1.73205
13 14 2 5 6 8 11 1.62019
13 14 2 5 6 8 12 1.62019
13 14 2 5 6 9 10 1.90693
13 14 2 5 6 9 11 2
13 14 2 5 6 9 12 2
13 14 2 5 6 10 11 1.85164
13 14 2 5 6 10 12 1.73205
13 14 2 5 6 11 12 1.81265
13 14 2 5 7 8 9 1.41421
13 14 2 5 7 8 10 1.62019
13 14 2 5 7 8 11 1
13 14 2 5 7 8 12 1.62019
13 14 2 5 7 9 10 1.41421
13 14 2 5 7 9 11 1.73205
13 14 2 5 7 9 12 1.62019
13 14 2 5 7 10 11 1.41421
13 14 2 5 7 10 12 1.62019
13 14 2 5 7 11 12 1.62019
13 14 2 5 8 9 10 1.81265
13 14 2 5 8 9 11 1.62019
13 14 2 5 8 9 12 1.73205
13 14 2 5 8 10 11 1.62019
13 14 2 5 8 10 12 1.81265
13 14 2 5 8 11 12 1.41421
13 14 2 5 9 10 11 1.85164
13 14 2 5 9 10 12 1.81265
13 14 2 5 9 11 12 1.81265
13 14 2 5 10 11 12 1.62019
13 14 2 6 7 8 9 1.41421
13 14 2 6 7 8 10 1
13 14 2 6 7 8 11 1.41421
13 14 2 6 7 8 12 1.41421
13 14 2 6 7 9 10 1.41421
13 14 2 6 7 9 11 1.81265
13 14 2 6 7 9 12 1.73205
13 14 2 6 7 10 11 1.41421
13 14 2 6 7 10 12 1
13 14 2 6 7 11 12 1.73205
13 14 2 6 8 9 10 2
13 14 2 6 8 9 11 2
13 14 2 6 8 9 12 2
13 14 2 6 8 10 11 1.93309
13 14 2 6 8 10 12 1.93309
13 14 2 6 8 11 12 1.90693
13 14 2 6 9 10 11 2.04939
13 14 2 6 9 10 12 2
13 14 2 6 9 11 12 2.10639
13 14 2 6 10 11 12 1.93309
13 14 2 7 8 9 10 1.41421
13 14 2 7 8 9 11 1.41421
13 14 2 7 8 9 12 1.41421
13 14 2 7 8 10 11 1
13 14 2 7 8 10 12 1.62019
13 14 2 7 8 11 12 1.41421
13 14 2 7 9 10 11 1.41421
13 14 2 7 9 10 12 1.41421
13 14 2 7 9 11 12 1.73205
13 14 2 7 10 11 12 1
13 14 2 8 9 10 11 1.93309
13 14 2 8 9 10 12 2
13 14 2 8 9 11 12 1.90693
13 14 2 8 10 11 12 1.85164
13 14 2 9 10 11 12 1.93309
13 14 3 4 5 6 7 1.85164
13 14 3 4 5 6 8 1.73205
13 14 3 4 5 6 9 2.07802
13 14 3 4 5 6 10 2
13 14 3 4 5 6 11 2.07802
13 14 3 4 5 6 12 1.85164
13 14 3 4 5 7 8 1.41421
13 14 3 4 5 7 9 1.85164
13 14 3 4 5 7 10 1.73205
13 14 3 4 5 7 11 1.85164
13 14 3 4 5 7 12 1.62019
13 14 3 4 5 8 9 1.73205
13 14 3 4 5 8 10 1.73205
13 14 3 4 5 8 11 1.73205
13 14 3 4 5 8 12 1.41421
13 14 3 4 5 9 10 2
13 14 3 4 5 9 11 2.07802
13 14 3 4 5 9 12 1.85164
13 14 3 4 5 10 11 2
13 14 3 4 5 10 12 1.73205
13 14 3 4 5 11 12 1.85164
13 14 3 4 6 7 8 1.62019
13 14 3 4 6 7 9 1.93309
13 14 3 4 6 7 10 1.85164
13 14 3 4 6 7 11 1.93309
13 14 3 4 6 7 12 1.73205
13 14 3 4 6 8 9 2.13664
13 14 3 4 6 8 10 2.13664
13 14 3 4 6 8 11 2.13664
13 14 3 4 6 8 12 2
13 14 3 4 6 9 10 2.28709
13 14 3 4 6 9 11 2.32266
13 14 3 4 6 9 12 2.16025
13 14 3 4 6 10 11 2.28709
13 14 3 4 6 10 12 2.13664
13 14 3 4 6 11 12 2.16025
13 14 3 4 7 8 9 1.62019
13 14 3 4 7 8 10 1.62019
13 14 3 4 7 8 11 1.62019
13 14 3 4 7 8 12 1.41421
13 14 3 4 7 9 10 1.85164
13 14 3 4 7 9 11 1.93309
13 14 3 4 7 9 12 1.73205
13 14 3 4 7 10 11 1.85164
13 14 3 4 7 10 12 1.62019
13 14 3 4 7 11 12 1.73205
13 14 3 4 8 9 10 2.13664
13 14 3 4 8 9 11 2.13664
13 14 3 4 8 9 12 2
13 14 3 4 8 10 11 2.13664
13 14 3 4 8 10 12 2
13 14 3 4 8 11 12 2
13 14 3 4 9 10 11 2.28709
13 14 3 4 9 10 12 2.13664
13 14 3 4 9 11 12 2.16025
13 14 3 4 10 11 12 2.13664
13 14 3 5 6 7 8 1.41421
13 14 3 5 6 7 9 1.90693
13 14 3 5 6 7 10 1.73205
13 14 3 5 6 7 11 1.90693
13 14 3 5 6 7 12 1.73205
13 14 3 5 6 8 9 1.73205
13 14 3 5 6 8 10 1.73205
13 14 3 5 6 8 11 1.73205
13 14 3 5 6 8 12 1.41421
13 14 3 5 6 9 10 2
13 14 3 5 6 9 11 2.10357
13 14 3 5 6 9 12 1.90693
13 14 3 5 6 10 11 2
13 14 3 5 6 10 12 1.73205
13 14 3 5 6 11 12 1.90693
13 14 3 5 7 8 9 1.41421
13 14 3 5 7 8 10 1.41421
13 14 3 5 7 8 11 1.41421
13 14 3 5 7 8 12 1.41421
13 14 3 5 7 9 10 1.73205
13 14 3 5 7 9 11 1.90693
13 14 3 5 7 9 12 1.73205
13 14 3 5 7 10 11 1.73205
13 14 3 5 7 10 12 1.41421
13 14 3 5 7 11 12 1.73205
13 14 3 5 8 9 10 1.73205
13 14 3 5 8 9 11 1.73205
13 14 3 5 8 9 12 1.41421
13 14 3 5 8 10 11 1.73205
13 14 3 5 8 10 12 1.41421
13 14 3 5 8 11 12 1.41421
13 14 3 5 9 10 11 2
13 14 3 5 9 10 12 1.73205
13 14 3 5 9 11 12 1.90693
13 14 3 5 10 11 12 1.73205
13 14 3 6 7 8 9 1.81265
13 14 3 6 7 8 10 1.73205
13 14 3 6 7 8 11 1.81265
13 14 3 6 7 8 12 1.73205
13 14 3 6 7 9 10 1.90693
13 14 3 6 7 9 11 2.10639
13 14 3 6 7 9 12 2
13 14 3 6 7 10 11 1.90693
13 14 3 6 7 10 12 1.73205
13 14 3 6 7 11 12 2
13 14 3 6 8 9 10 2.23607
13 14 3 6 8 9 11 2.26385
13 14 3 6 8 9 12 2.16025
13 14 3 6 8 10 11 2.23607
13 14 3 6 8 10 12 2.13664
13 14 3 6 8 11 12 2.16025
13 14 3 6 9 10 11 2.35488
13 14 3 6 9 10 12 2.23607
13 14 3 6 9 11 12 2.38048
13 14 3 6 10 11 12 2.23607
13 14 3 7 8 9 10 1.73205
13 14 3 7 8 9 11 1.81265
13 14 3 7 8 9 12 1.73205
13 14 3 7 8 10 11 1.73205
13 14 3 7 8 10 12 1.62019
13 14 3 7 8 11 12 1.73205
13 14 3 7 9 10 11 1.90693
13 14 3 7 9 10 12 1.73205
13 14 3 7 9 11 12 2
13 14 3 7 10 11 12 1.73205
13 14 3 8 9 10 11 2.23607
13 14 3 8 9 10 12 2.13664
13 14 3 8 9 11 12 2.16025
13 14 3 8 10 11 12 2.13664
13 14 3 9 10 11 12 2.23607
13 14 4 5 6 7 8 1.73205
13 14 4 5 6 7 9 2
13 14 4 5 6 7 10 1.90693
13 14 4 5 6 7 11 1.93309
13 14 4 5 6 7 12 1.81265
13 14 4 5 6 8 9 2.23607
13 14 4 5 6 8 10 2.23607
13 14 4 5 6 8 11 2.13664
13 14 4 5 6 8 12 2.13664
13 14 4 5 6 9 10 2.35488
13 14 4 5 6 9 11 2.32266
13 14 4 5 6 9 12 2.26385
13 14 4 5 6 10 11 2.28709
13 14 4 5 6 10 12 2.23607
13 14 4 5 6 11 12 2.16025
13 14 4 5 7 8 9 1.81265
13 14 4 5 7 8 10 2
13 14 4 5 7 8 11 1.62019
13 14 4 5 7 8 12 1.81265
13 14 4 5 7 9 10 1.93309
13 14 4 5 7 9 11 1.93309
13 14 4 5 7 9 12 2
13 14 4 5 7 10 11 1.85164
13 14 4 5 7 10 12 2
13 14 4 5 7 11 12 1.73205
13 14 4 5 8 9 10 2.26385
13 14 4 5 8 9 11 2.13664
13 14 4 5 8 9 12 2.16025
13 14 4 5 8 10 11 2.13664
13 14 4 5 8 10 12 2.19089
13 14 4 5 8 11 12 2
13 14 4 5 9 10 11 2.28709
13 14 4 5 9 10 12 2.26385
13 14 4 5 9 11 12 2.16025
13 14 4 5 10 11 12 2.13664
13 14 4 6 7 8 9 1.93309
13 14 4 6 7 8 10 1.93309
13 14 4 6 7 8 11 1.85164
13 14 4 6 7 8 12 1.85164
13 14 4 6 7 9 10 2.04939
13 14 4 6 7 9 11 2.04939
13 14 4 6 7 9 12 2
13 14 4 6 7 10 11 2.00294
13 14 4 6 7 10 12 1.93309
13 14 4 6 7 11 12 1.90693
13 14 4 6 8 9 10 2.58844
13 14 4 6 8 9 11 2.52543
13 14 4 6 8 9 12 2.52543
13 14 4 6 8 10 11 2.52543
13 14 4 6 8 10 12 2.52543
13 14 4 6 8 11 12 2.44949
13 14 4 6 9 10 11 2.61406
13 14 4 6 9 10 12 2.58844
13 14 4 6 9 11 12 2.53722
13 14 4 6 10 11 12 2.52543
13 14 4 7 8 9 10 2
13 14 4 7 8 9 11 1.85164
13 14 4 7 8 9 12 1.90693
13 14 4 7 8 10 11 1.85164
13 14 4 7 8 10 12 1.93309
13 14 4 7 8 11 12 1.73205
13 14 4 7 9 10 11 2.00294
13 14 4 7 9 10 12 2
13 14 4 7 9 11 12 1.90693
13 14 4 7 10 11 12 1.85164
13 14 4 8 9 10 11 2.52543
13 14 4 8 9 10 12 2.53722
13 14 4 8 9 11 12 2.44949
13 14 4 8 10 11 12 2.44949
13 14 4 9 10 11 12 2.52543
13 14 5 6 7 8 9 1.73205
13 14 5 6 7 8 10 1.73205
13 14 5 6 7 8 11 1.62019
13 14 5 6 7 8 12 1.62019
13 14 5 6 7 9 10 1.90693
13 14 5 6 7 9 11 2
13 14 5 6 7 9 12 2
13 14 5 6 7 10 11 1.85164
13 14 5 6 7 10 12 1.73205
13 14 5 6 7 11 12 1.81265
13 14 5 6 8 9 10 2.23607
13 14 5 6 8 9 11 2.13664
13 14 5 6 8 9 12 2.13664
13 14 5 6 8 10 11 2.13664
13 14 5 6 8 10 12 2.13664
13 14 5 6 8 11 12 2
13 14 5 6 9 10 11 2.28709
13 14 5 6 9 10 12 2.23607
13 14 5 6 9 11 12 2.19089
13 14 5 6 10 11 12 2.13664
13 14 5 7 8 9 10 1.81265
13 14 5 7 8 9 11 1.62019
13 14 5 7 8 9 12 1.73205
13 14 5 7 8 10 11 1.62019
13 14 5 7 8 10 12 1.81265
13 14 5 7 8 11 12 1.41421
13 14 5 7 9 10 11 1.85164
13 14 5 7 9 10 12 1.81265
13 14 5 7 9 11 12 1.81265
13 14 5 7 10 11 12 1.62019
13 14 5 8 9 10 11 2.13664
13 14 5 8 9 10 12 2.16025
13 14 5 8 9 11 12 2
13 14 5 8 10 11 12 2
13 14 5 9 10 11 12 2.13664
13 14 6 7 8 9 10 2
13 14 6 7 8 9 11 2
13 14 6 7 8 9 12 2
13 14 6 7 8 10 11 1.93309
13 14 6 7 8 10 12 1.93309
13 14 6 7 8 11 12 1.90693
13 14 6 7 9 10 11 2.04939
13 14 6 7 9 10 12 2
13 14 6 7 9 11 12 2.10639
13 14 6 7 10 11 12 1.93309
13 14 6 8 9 10 11 2.58844
13 14 6 8 9 10 12 2.58844
13 14 6 8 9 11 12 2.53722
13 14 6 8 10 11 12 2.52543
13 14 6 9 10 11 12 2.58844
13 14 7 8 9 10 11 1.93309
13 14 7 8 9 10 12 2
13 14 7 8 9 11 12 1.90693
13 14 7 8 10 11 12 1.85164
13 14 7 9 10 11 12 1.93309
13 14 8 9 10 11 12 2.52543
