5 10 0 1 1.90693
5 10 0 2 2.12993
5 10 0 3 2.23607
5 10 0 4 2.51534
5 10 0 6 2.49516
5 10 0 7 2.12993
5 10 0 8 2.389
5 10 0 9 2.50881
5 10 0 11 2.44831
5 10 0 12 2.389
5 10 0 13 2.389
5 10 0 14 2.51534
5 10 1 2 1.73205
5 10 1 3 1.41421
5 10 1 4 1.90693
5 10 1 6 1.73205
5 10 1 7 1.73205
5 10 1 8 1.90693
5 10 1 9 1.85164
5 10 1 11 1.41421
5 10 1 12 1.90693
5 10 1 13 1.90693
5 10 1 14 1.90693
5 10 2 3 2.07802
5 10 2 4 2.19848
5 10 2 6 2.16556
5 10 2 7 1.85164
5 10 2 8 2.02367
5 10 2 9 2.17626
5 10 2 11 2.13809
5 10 2 12 2.02367
5 10 2 13 1.96214
5 10 2 14 2.19848
5 10 3 4 2.29129
5 10 3 6 2.29129
5 10 3 7 2.07802
5 10 3 8 2.07802
5 10 3 9 2.29129
5 10 3 11 2.29129
5 10 3 12 2.07802
5 10 3 13 2
5 10 3 14 2.29129
5 10 4 6 2.52678
5 10 4 7 2.19848
5 10 4 8 2.42507
5 10 4 9 2.54058
5 10 4 11 2.48193
5 10 4 12 2.42507
5 10 4 13 2.389
5 10 4 14 2.54674
5 10 6 7 2.16556
5 10 6 8 2.39046
5 10 6 9 2.52678
5 10 6 11 2.48193
5 10 6 12 2.39046
5 10 6 13 2.35488
5 10 6 14 2.52678
5 10 7 8 2.02367
5 10 7 9 2.17626
5 10 7 11 2.13809
5 10 7 12 2.02367
5 10 7 13 1.96214
5 10 7 14 2.19848
5 10 8 9 2.40662
5 10 8 11 2.32266
5 10 8 12 2.3094
5 10 8 13 2.28446
5 10 8 14 2.42507
5 10 9 11 2.48193
5 10 9 12 2.40662
5 10 9 13 2.37697
5 10 9 14 2.54058
5 10 11 12 2.32266
5 10 11 13 2.28709
5 10 11 14 2.48193
5 10 12 13 2.28446
5 10 12 14 2.42507
5 10 13 14 2.389
