5 10 0 1 2 1.73205
5 10 0 1 3 1.41421
5 10 0 1 4 1.90693
5 10 0 1 6 1.73205
5 10 0 1 7 1.73205
5 10 0 1 8 1.90693
5 10 0 1 9 1.85164
5 10 0 1 11 1.41421
5 10 0 1 12 1.90693
5 10 0 1 13 1.90693
5 10 0 1 14 1.90693
5 10 0 2 3 2
5 10 0 2 4 2.12993
5 10 0 2 6 2.10357
5 10 0 2 7 1.73205
5 10 0 2 8 1.96214
5 10 0 2 9 2.12132
5 10 0 2 11 2.07802
5 10 0 2 12 1.96214
5 10 0 2 13 1.96214
5 10 0 2 14 2.12993
5 10 0 3 4 2.23607
5 10 0 3 6 2.23607
5 10 0 3 7 2
5 10 0 3 8 2
5 10 0 3 9 2.23607
5 10 0 3 11 2.23607
5 10 0 3 12 2
5 10 0 3 13 2
5 10 0 3 14 2.23607
5 10 0 4 6 2.49516
5 10 0 4 7 2.12993
5 10 0 4 8 2.389
5 10 0 4 9 2.50881
5 10 0 4 11 2.44831
5 10 0 4 12 2.389
5 10 0 4 13 2.389
5 10 0 4 14 2.51534
5 10 0 6 7 2.10357
5 10 0 6 8 2.35488
5 10 0 6 9 2.49516
5 10 0 6 11 2.44831
5 10 0 6 12 2.35488
5 10 0 6 13 2.35488
5 10 0 6 14 2.49516
5 10 0 7 8 1.96214
5 10 0 7 9 2.12132
5 10 0 7 11 2.07802
5 10 0 7 12 1.96214
5 10 0 7 13 1.96214
5 10 0 7 14 2.12993
5 10 0 8 9 2.37697
5 10 0 8 11 2.28709
5 10 0 8 12 2.28446
5 10 0 8 13 2.28446
5 10 0 8 14 2.389
5 10 0 9 11 2.44831
5 10 0 9 12 2.37697
5 10 0 9 13 2.37697
5 10 0 9 14 2.50881
5 10 0 11 12 2.28709
5 10 0 11 13 2.28709
5 10 0 11 14 2.44831
5 10 0 12 13 2.28446
5 10 0 12 14 2.389
5 10 0 13 14 2.389
5 10 1 2 3 1.41421
5 10 1 2 4 1.73205
5 10 1 2 6 1.41421
5 10 1 2 7 1.62019
5 10 1 2 8 1.73205
5 10 1 2 9 1.62019
5 10 1 2 11 1
5 10 1 2 12 1.73205
5 10 1 2 13 1.73205
5 10 1 2 14 1.73205
5 10 1 3 4 1.41421
5 10 1 3 6 1
5 10 1 3 7 1.41421
5 10 1 3 8 1.41421
5 10 1 3 9 1
5 10 1 3 11 1
5 10 1 3 12 1.41421
5 10 1 3 13 1.41421
5 10 1 3 14 1.41421
5 10 1 4 6 1.73205
5 10 1 4 7 1.73205
5 10 1 4 8 1.90693
5 10 1 4 9 1.85164
5 10 1 4 11 1.41421
5 10 1 4 12 1.90693
5 10 1 4 13 1.90693
5 10 1 4 14 1.90693
5 10 1 6 7 1.41421
5 10 1 6 8 1.73205
5 10 1 6 9 1.73205
5 10 1 6 11 1.41421
5 10 1 6 12 1.73205
5 10 1 6 13 1.73205
5 10 1 6 14 1.73205
5 10 1 7 8 1.73205
5 10 1 7 9 1.62019
5 10 1 7 11 1
5 10 1 7 12 1.73205
5 10 1 7 13 1.73205
5 10 1 7 14 1.73205
5 10 1 8 9 1.85164
5 10 1 8 11 1.41421
5 10 1 8 12 1.90693
5 10 1 8 13 1.90693
5 10 1 8 14 1.90693
5 10 1 9 11 1.41421
5 10 1 9 12 1.85164
5 10 1 9 13 1.85164
5 10 1 9 14 1.85164
5 10 1 11 12 1.41421
5 10 1 11 13 1.41421
5 10 1 11 14 1.41421
5 10 1 12 13 1.90693
5 10 1 12 14 1.90693
5 10 1 13 14 1.90693
5 10 2 3 4 2.07802
5 10 2 3 6 2.07802
5 10 2 3 7 1.85164
5 10 2 3 8 1.85164
5 10 2 3 9 2.07802
5 10 2 3 11 2.07802
5 10 2 3 12 1.85164
5 10 2 3 13 1.73205
5 10 2 3 14 2.07802
5 10 2 4 6 2.16556
5 10 2 4 7 1.85164
5 10 2 4 8 2.02367
5 10 2 4 9 2.17626
5 10 2 4 11 2.13809
5 10 2 4 12 2.02367
5 10 2 4 13 1.96214
5 10 2 4 14 2.19848
5 10 2 6 7 1.85164
5 10 2 6 8 2
5 10 2 6 9 2.16556
5 10 2 6 11 2.13809
5 10 2 6 12 2
5 10 2 6 13 1.90693
5 10 2 6 14 2.16556
5 10 2 7 8 1.62019
5 10 2 7 9 1.85164
5 10 2 7 11 1.85164
5 10 2 7 12 1.62019
5 10 2 7 13 1.62019
5 10 2 7 14 1.85164
5 10 2 8 9 2
5 10 2 8 11 1.93309
5 10 2 8 12 2
5 10 2 8 13 2
5 10 2 8 14 2.02367
5 10 2 9 11 2.13809
5 10 2 9 12 2
5 10 2 9 13 1.93309
5 10 2 9 14 2.17626
5 10 2 11 12 1.93309
5 10 2 11 13 1.85164
5 10 2 11 14 2.13809
5 10 2 12 13 2
5 10 2 12 14 2.02367
5 10 2 13 14 1.96214
5 10 3 4 6 2.29129
5 10 3 4 7 2.07802
5 10 3 4 8 2.07802
5 10 3 4 9 2.29129
5 10 3 4 11 2.29129
5 10 3 4 12 2.07802
5 10 3 4 13 2
5 10 3 4 14 2.29129
5 10 3 6 7 2.07802
5 10 3 6 8 2.07802
5 10 3 6 9 2.29129
5 10 3 6 11 2.29129
5 10 3 6 12 2.07802
5 10 3 6 13 2
5 10 3 6 14 2.29129
5 10 3 7 8 1.85164
5 10 3 7 9 2.07802
5 10 3 7 11 2.07802
5 10 3 7 12 1.85164
5 10 3 7 13 1.73205
5 10 3 7 14 2.07802
5 10 3 8 9 2.07802
5 10 3 8 11 2.07802
5 10 3 8 12 1.85164
5 10 3 8 13 1.73205
5 10 3 8 14 2.07802
5 10 3 9 11 2.29129
5 10 3 9 12 2.07802
5 10 3 9 13 2
5 10 3 9 14 2.29129
5 10 3 11 12 2.07802
5 10 3 11 13 2
5 10 3 11 14 2.29129
5 10 3 12 13 1.73205
5 10 3 12 14 2.07802
5 10 3 13 14 2
5 10 4 6 7 2.16556
5 10 4 6 8 2.39046
5 10 4 6 9 2.52678
5 10 4 6 11 2.48193
5 10 4 6 12 2.39046
5 10 4 6 13 2.35488
5 10 4 6 14 2.52678
5 10 4 7 8 2.02367
5 10 4 7 9 2.17626
5 10 4 7 11 2.13809
5 10 4 7 12 2.02367
5 10 4 7 13 1.96214
5 10 4 7 14 2.19848
5 10 4 8 9 2.40662
5 10 4 8 11 2.32266
5 10 4 8 12 2.3094
5 10 4 8 13 2.28446
5 10 4 8 14 2.42507
5 10 4 9 11 2.48193
5 10 4 9 12 2.40662
5 10 4 9 13 2.37697
5 10 4 9 14 2.54058
5 10 4 11 12 2.32266
5 10 4 11 13 2.28709
5 10 4 11 14 2.48193
5 10 4 12 13 2.28446
5 10 4 12 14 2.42507
5 10 4 13 14 2.389
5 10 6 7 8 2
5 10 6 7 9 2.16556
5 10 6 7 11 2.13809
5 10 6 7 12 2
5 10 6 7 13 1.90693
5 10 6 7 14 2.16556
5 10 6 8 9 2.39046
5 10 6 8 11 2.32266
5 10 6 8 12 2.26385
5 10 6 8 13 2.23607
5 10 6 8 14 2.39046
5 10 6 9 11 2.48193
5 10 6 9 12 2.39046
5 10 6 9 13 2.35488
5 10 6 9 14 2.52678
5 10 6 11 12 2.32266
5 10 6 11 13 2.28709
5 10 6 11 14 2.48193
5 10 6 12 13 2.23607
5 10 6 12 14 2.39046
5 10 6 13 14 2.35488
5 10 7 8 9 2
5 10 7 8 11 1.93309
5 10 7 8 12 2
5 10 7 8 13 2
5 10 7 8 14 2.02367
5 10 7 9 11 2.13809
5 10 7 9 12 2
5 10 7 9 13 1.93309
5 10 7 9 14 2.17626
5 10 7 11 12 1.93309
5 10 7 11 13 1.85164
5 10 7 11 14 2.13809
5 10 7 12 13 2
5 10 7 12 14 2.02367
5 10 7 13 14 1.96214
5 10 8 9 11 2.32266
5 10 8 9 12 2.3094
5 10 8 9 13 2.26385
5 10 8 9 14 2.40662
5 10 8 11 12 2.16025
5 10 8 11 13 2.13664
5 10 8 11 14 2.32266
5 10 8 12 13 2.19089
5 10 8 12 14 2.3094
5 10 8 13 14 2.28446
5 10 9 11 12 2.32266
5 10 9 11 13 2.28709
5 10 9 11 14 2.48193
5 10 9 12 13 2.26385
5 10 9 12 14 2.40662
5 10 9 13 14 2.37697
5 10 11 12 13 2.13664
5 10 11 12 14 2.32266
5 10 11 13 14 2.28709
5 10 12 13 14 2.28446
