5 10 0 1 2 3 4 6 7 0
5 10 0 1 2 3 4 6 8 0
5 10 0 1 2 3 4 6 9 0
5 10 0 1 2 3 4 6 11 0
5 10 0 1 2 3 4 6 12 0
5 10 0 1 2 3 4 6 13 0
5 10 0 1 2 3 4 6 14 0
5 10 0 1 2 3 4 7 8 1.41421
5 10 0 1 2 3 4 7 9 1
5 10 0 1 2 3 4 7 11 1
5 10 0 1 2 3 4 7 12 1.41421
5 10 0 1 2 3 4 7 13 1.41421
5 10 0 1 2 3 4 7 14 1.41421
5 10 0 1 2 3 4 8 9 1
5 10 0 1 2 3 4 8 11 1
5 10 0 1 2 3 4 8 12 1.41421
5 10 0 1 2 3 4 8 13 1.41421
5 10 0 1 2 3 4 8 14 1.41421
5 10 0 1 2 3 4 9 11 0
5 10 0 1 2 3 4 9 12 1
5 10 0 1 2 3 4 9 13 1
5 10 0 1 2 3 4 9 14 1
5 10 0 1 2 3 4 11 12 1
5 10 0 1 2 3 4 11 13 1
5 10 0 1 2 3 4 11 14 1
5 10 0 1 2 3 4 12 13 1.41421
5 10 0 1 2 3 4 12 14 1.41421
5 10 0 1 2 3 4 13 14 1.41421
5 10 0 1 2 3 6 7 8 0
5 10 0 1 2 3 6 7 9 0
5 10 0 1 2 3 6 7 11 0
5 10 0 1 2 3 6 7 12 0
5 10 0 1 2 3 6 7 13 0
5 10 0 1 2 3 6 7 14 0
5 10 0 1 2 3 6 8 9 0
5 10 0 1 2 3 6 8 11 0
5 10 0 1 2 3 6 8 12 0
5 10 0 1 2 3 6 8 13 0
5 10 0 1 2 3 6 8 14 0
5 10 0 1 2 3 6 9 11 0
5 10 0 1 2 3 6 9 12 0
5 10 0 1 2 3 6 9 13 0
5 10 0 1 2 3 6 9 14 0
5 10 0 1 2 3 6 11 12 0
5 10 0 1 2 3 6 11 13 0
5 10 0 1 2 3 6 11 14 0
5 10 0 1 2 3 6 12 13 0
5 10 0 1 2 3 6 12 14 0
5 10 0 1 2 3 6 13 14 0
5 10 0 1 2 3 7 8 9 1
5 10 0 1 2 3 7 8 11 1
5 10 0 1 2 3 7 8 12 1.41421
5 10 0 1 2 3 7 8 13 1.41421
5 10 0 1 2 3 7 8 14 1.41421
5 10 0 1 2 3 7 9 11 0
5 10 0 1 2 3 7 9 12 1
5 10 0 1 2 3 7 9 13 1
5 10 0 1 2 3 7 9 14 1
5 10 0 1 2 3 7 11 12 1
5 10 0 1 2 3 7 11 13 1
5 10 0 1 2 3 7 11 14 1
5 10 0 1 2 3 7 12 13 1.41421
5 10 0 1 2 3 7 12 14 1.41421
5 10 0 1 2 3 7 13 14 1.41421
5 10 0 1 2 3 8 9 11 0
5 10 0 1 2 3 8 9 12 1
5 10 0 1 2 3 8 9 13 1
5 10 0 1 2 3 8 9 14 1
5 10 0 1 2 3 8 11 12 1
5 10 0 1 2 3 8 11 13 1
5 10 0 1 2 3 8 11 14 1
5 10 0 1 2 3 8 12 13 1.41421
5 10 0 1 2 3 8 12 14 1.41421
5 10 0 1 2 3 8 13 14 1.41421
5 10 0 1 2 3 9 11 12 0
5 10 0 1 2 3 9 11 13 0
5 10 0 1 2 3 9 11 14 0
5 10 0 1 2 3 9 12 13 1
5 10 0 1 2 3 9 12 14 1
5 10 0 1 2 3 9 13 14 1
5 10 0 1 2 3 11 12 13 1
5 10 0 1 2 3 11 12 14 1
5 10 0 1 2 3 11 13 14 1
5 10 0 1 2 3 12 13 14 1.41421
5 10 0 1 2 4 6 7 8 1
5 10 0 1 2 4 6 7 9 1
5 10 0 1 2 4 6 7 11 0
5 10 0 1 2 4 6 7 12 1
5 10 0 1 2 4 6 7 13 1
5 10 0 1 2 4 6 7 14 1
5 10 0 1 2 4 6 8 9 1.41421
5 10 0 1 2 4 6 8 11 1
5 10 0 1 2 4 6 8 12 1.41421
5 10 0 1 2 4 6 8 13 1.41421
5 10 0 1 2 4 6 8 14 1.41421
5 10 0 1 2 4 6 9 11 1
5 10 0 1 2 4 6 9 12 1.41421
5 10 0 1 2 4 6 9 13 1.41421
5 10 0 1 2 4 6 9 14 1.41421
5 10 0 1 2 4 6 11 12 1
5 10 0 1 2 4 6 11 13 1
5 10 0 1 2 4 6 11 14 1
5 10 0 1 2 4 6 12 13 1.41421
5 10 0 1 2 4 6 12 14 1.41421
5 10 0 1 2 4 6 13 14 1.41421
5 10 0 1 2 4 7 8 9 1.41421
5 10 0 1 2 4 7 8 11 1
5 10 0 1 2 4 7 8 12 1.62019
5 10 0 1 2 4 7 8 13 1.62019
5 10 0 1 2 4 7 8 14 1.62019
5 10 0 1 2 4 7 9 11 0
5 10 0 1 2 4 7 9 12 1.41421
5 10 0 1 2 4 7 9 13 1.41421
5 10 0 1 2 4 7 9 14 1.41421
5 10 0 1 2 4 7 11 12 1
5 10 0 1 2 4 7 11 13 1
5 10 0 1 2 4 7 11 14 1
5 10 0 1 2 4 7 12 13 1.62019
5 10 0 1 2 4 7 12 14 1.62019
5 10 0 1 2 4 7 13 14 1.62019
5 10 0 1 2 4 8 9 11 1
5 10 0 1 2 4 8 9 12 1.62019
5 10 0 1 2 4 8 9 13 1.62019
5 10 0 1 2 4 8 9 14 1.62019
5 10 0 1 2 4 8 11 12 1
5 10 0 1 2 4 8 11 13 1
5 10 0 1 2 4 8 11 14 1
5 10 0 1 2 4 8 12 13 1.73205
5 10 0 1 2 4 8 12 14 1.73205
5 10 0 1 2 4 8 13 14 1.73205
5 10 0 1 2 4 9 11 12 1
5 10 0 1 2 4 9 11 13 1
5 10 0 1 2 4 9 11 14 1
5 10 0 1 2 4 9 12 13 1.62019
5 10 0 1 2 4 9 12 14 1.62019
5 10 0 1 2 4 9 13 14 1.62019
5 10 0 1 2 4 11 12 13 1
5 10 0 1 2 4 11 12 14 1
5 10 0 1 2 4 11 13 14 1
5 10 0 1 2 4 12 13 14 1.73205
5 10 0 1 2 6 7 8 9 1
5 10 0 1 2 6 7 8 11 0
5 10 0 1 2 6 7 8 12 1
5 10 0 1 2 6 7 8 13 1
5 10 0 1 2 6 7 8 14 1
5 10 0 1 2 6 7 9 11 0
5 10 0 1 2 6 7 9 12 1
5 10 0 1 2 6 7 9 13 1
5 10 0 1 2 6 7 9 14 1
5 10 0 1 2 6 7 11 12 0
5 10 0 1 2 6 7 11 13 0
5 10 0 1 2 6 7 11 14 0
5 10 0 1 2 6 7 12 13 1
5 10 0 1 2 6 7 12 14 1
5 10 0 1 2 6 7 13 14 1
5 10 0 1 2 6 8 9 11 1
5 10 0 1 2 6 8 9 12 1.41421
5 10 0 1 2 6 8 9 13 1.41421
5 10 0 1 2 6 8 9 14 1.41421
5 10 0 1 2 6 8 11 12 1
5 10 0 1 2 6 8 11 13 1
5 10 0 1 2 6 8 11 14 1
5 10 0 1 2 6 8 12 13 1.41421
5 10 0 1 2 6 8 12 14 1.41421
5 10 0 1 2 6 8 13 14 1.41421
5 10 0 1 2 6 9 11 12 1
5 10 0 1 2 6 9 11 13 1
5 10 0 1 2 6 9 11 14 1
5 10 0 1 2 6 9 12 13 1.41421
5 10 0 1 2 6 9 12 14 1.41421
5 10 0 1 2 6 9 13 14 1.41421
5 10 0 1 2 6 11 12 13 1
5 10 0 1 2 6 11 12 14 1
5 10 0 1 2 6 11 13 14 1
5 10 0 1 2 6 12 13 14 1.41421
5 10 0 1 2 7 8 9 11 0
5 10 0 1 2 7 8 9 12 1.41421
5 10 0 1 2 7 8 9 13 1.41421
5 10 0 1 2 7 8 9 14 1.41421
5 10 0 1 2 7 8 11 12 1
5 10 0 1 2 7 8 11 13 1
5 10 0 1 2 7 8 11 14 1
5 10 0 1 2 7 8 12 13 1.62019
5 10 0 1 2 7 8 12 14 1.62019
5 10 0 1 2 7 8 13 14 1.62019
5 10 0 1 2 7 9 11 12 0
5 10 0 1 2 7 9 11 13 0
5 10 0 1 2 7 9 11 14 0
5 10 0 1 2 7 9 12 13 1.41421
5 10 0 1 2 7 9 12 14 1.41421
5 10 0 1 2 7 9 13 14 1.41421
5 10 0 1 2 7 11 12 13 1
5 10 0 1 2 7 11 12 14 1
5 10 0 1 2 7 11 13 14 1
5 10 0 1 2 7 12 13 14 1.62019
5 10 0 1 2 8 9 11 12 1
5 10 0 1 2 8 9 11 13 1
5 10 0 1 2 8 9 11 14 1
5 10 0 1 2 8 9 12 13 1.62019
5 10 0 1 2 8 9 12 14 1.62019
5 10 0 1 2 8 9 13 14 1.62019
5 10 0 1 2 8 11 12 13 1
5 10 0 1 2 8 11 12 14 1
5 10 0 1 2 8 11 13 14 1
5 10 0 1 2 8 12 13 14 1.73205
5 10 0 1 2 9 11 12 13 1
5 10 0 1 2 9 11 12 14 1
5 10 0 1 2 9 11 13 14 1
5 10 0 1 2 9 12 13 14 1.62019
5 10 0 1 2 11 12 13 14 1
5 10 0 1 3 4 6 7 8 0
5 10 0 1 3 4 6 7 9 0
5 10 0 1 3 4 6 7 11 0
5 10 0 1 3 4 6 7 12 0
5 10 0 1 3 4 6 7 13 0
5 10 0 1 3 4 6 7 14 0
5 10 0 1 3 4 6 8 9 0
5 10 0 1 3 4 6 8 11 0
5 10 0 1 3 4 6 8 12 0
5 10 0 1 3 4 6 8 13 0
5 10 0 1 3 4 6 8 14 0
5 10 0 1 3 4 6 9 11 0
5 10 0 1 3 4 6 9 12 0
5 10 0 1 3 4 6 9 13 0
5 10 0 1 3 4 6 9 14 0
5 10 0 1 3 4 6 11 12 0
5 10 0 1 3 4 6 11 13 0
5 10 0 1 3 4 6 11 14 0
5 10 0 1 3 4 6 12 13 0
5 10 0 1 3 4 6 12 14 0
5 10 0 1 3 4 6 13 14 0
5 10 0 1 3 4 7 8 9 1
5 10 0 1 3 4 7 8 11 1
5 10 0 1 3 4 7 8 12 1.41421
5 10 0 1 3 4 7 8 13 1.41421
5 10 0 1 3 4 7 8 14 1.41421
5 10 0 1 3 4 7 9 11 0
5 10 0 1 3 4 7 9 12 1
5 10 0 1 3 4 7 9 13 1
5 10 0 1 3 4 7 9 14 1
5 10 0 1 3 4 7 11 12 1
5 10 0 1 3 4 7 11 13 1
5 10 0 1 3 4 7 11 14 1
5 10 0 1 3 4 7 12 13 1.41421
5 10 0 1 3 4 7 12 14 1.41421
5 10 0 1 3 4 7 13 14 1.41421
5 10 0 1 3 4 8 9 11 0
5 10 0 1 3 4 8 9 12 1
5 10 0 1 3 4 8 9 13 1
5 10 0 1 3 4 8 9 14 1
5 10 0 1 3 4 8 11 12 1
5 10 0 1 3 4 8 11 13 1
5 10 0 1 3 4 8 11 14 1
5 10 0 1 3 4 8 12 13 1.41421
5 10 0 1 3 4 8 12 14 1.41421
5 10 0 1 3 4 8 13 14 1.41421
5 10 0 1 3 4 9 11 12 0
5 10 0 1 3 4 9 11 13 0
5 10 0 1 3 4 9 11 14 0
5 10 0 1 3 4 9 12 13 1
5 10 0 1 3 4 9 12 14 1
5 10 0 1 3 4 9 13 14 1
5 10 0 1 3 4 11 12 13 1
5 10 0 1 3 4 11 12 14 1
5 10 0 1 3 4 11 13 14 1
5 10 0 1 3 4 12 13 14 1.41421
5 10 0 1 3 6 7 8 9 0
5 10 0 1 3 6 7 8 11 0
5 10 0 1 3 6 7 8 12 0
5 10 0 1 3 6 7 8 13 0
5 10 0 1 3 6 7 8 14 0
5 10 0 1 3 6 7 9 11 0
5 10 0 1 3 6 7 9 12 0
5 10 0 1 3 6 7 9 13 0
5 10 0 1 3 6 7 9 14 0
5 10 0 1 3 6 7 11 12 0
5 10 0 1 3 6 7 11 13 0
5 10 0 1 3 6 7 11 14 0
5 10 0 1 3 6 7 12 13 0
5 10 0 1 3 6 7 12 14 0
5 10 0 1 3 6 7 13 14 0
5 10 0 1 3 6 8 9 11 0
5 10 0 1 3 6 8 9 12 0
5 10 0 1 3 6 8 9 13 0
5 10 0 1 3 6 8 9 14 0
5 10 0 1 3 6 8 11 12 0
5 10 0 1 3 6 8 11 13 0
5 10 0 1 3 6 8 11 14 0
5 10 0 1 3 6 8 12 13 0
5 10 0 1 3 6 8 12 14 0
5 10 0 1 3 6 8 13 14 0
5 10 0 1 3 6 9 11 12 0
5 10 0 1 3 6 9 11 13 0
5 10 0 1 3 6 9 11 14 0
5 10 0 1 3 6 9 12 13 0
5 10 0 1 3 6 9 12 14 0
5 10 0 1 3 6 9 13 14 0
5 10 0 1 3 6 11 12 13 0
5 10 0 1 3 6 11 12 14 0
5 10 0 1 3 6 11 13 14 0
5 10 0 1 3 6 12 13 14 0
5 10 0 1 3 7 8 9 11 0
5 10 0 1 3 7 8 9 12 1
5 10 0 1 3 7 8 9 13 1
5 10 0 1 3 7 8 9 14 1
5 10 0 1 3 7 8 11 12 1
5 10 0 1 3 7 8 11 13 1
5 10 0 1 3 7 8 11 14 1
5 10 0 1 3 7 8 12 13 1.41421
5 10 0 1 3 7 8 12 14 1.41421
5 10 0 1 3 7 8 13 14 1.41421
5 10 0 1 3 7 9 11 12 0
5 10 0 1 3 7 9 11 13 0
5 10 0 1 3 7 9 11 14 0
5 10 0 1 3 7 9 12 13 1
5 10 0 1 3 7 9 12 14 1
5 10 0 1 3 7 9 13 14 1
5 10 0 1 3 7 11 12 13 1
5 10 0 1 3 7 11 12 14 1
5 10 0 1 3 7 11 13 14 1
5 10 0 1 3 7 12 13 14 1.41421
5 10 0 1 3 8 9 11 12 0
5 10 0 1 3 8 9 11 13 0
5 10 0 1 3 8 9 11 14 0
5 10 0 1 3 8 9 12 13 1
5 10 0 1 3 8 9 12 14 1
5 10 0 1 3 8 9 13 14 1
5 10 0 1 3 8 11 12 13 1
5 10 0 1 3 8 11 12 14 1
5 10 0 1 3 8 11 13 14 1
5 10 0 1 3 8 12 13 14 1.41421
5 10 0 1 3 9 11 12 13 0
5 10 0 1 3 9 11 12 14 0
5 10 0 1 3 9 11 13 14 0
5 10 0 1 3 9 12 13 14 1
5 10 0 1 3 11 12 13 14 1
5 10 0 1 4 6 7 8 9 1.41421
5 10 0 1 4 6 7 8 11 1
5 10 0 1 4 6 7 8 12 1.41421
5 10 0 1 4 6 7 8 13 1.41421
5 10 0 1 4 6 7 8 14 1.41421
5 10 0 1 4 6 7 9 11 1
5 10 0 1 4 6 7 9 12 1.41421
5 10 0 1 4 6 7 9 13 1.41421
5 10 0 1 4 6 7 9 14 1.41421
5 10 0 1 4 6 7 11 12 1
5 10 0 1 4 6 7 11 13 1
5 10 0 1 4 6 7 11 14 1
5 10 0 1 4 6 7 12 13 1.41421
5 10 0 1 4 6 7 12 14 1.41421
5 10 0 1 4 6 7 13 14 1.41421
5 10 0 1 4 6 8 9 11 1.41421
5 10 0 1 4 6 8 9 12 1.73205
5 10 0 1 4 6 8 9 13 1.73205
5 10 0 1 4 6 8 9 14 1.73205
5 10 0 1 4 6 8 11 12 1.41421
5 10 0 1 4 6 8 11 13 1.41421
5 10 0 1 4 6 8 11 14 1.41421
5 10 0 1 4 6 8 12 13 1.73205
5 10 0 1 4 6 8 12 14 1.73205
5 10 0 1 4 6 8 13 14 1.73205
5 10 0 1 4 6 9 11 12 1.41421
5 10 0 1 4 6 9 11 13 1.41421
5 10 0 1 4 6 9 11 14 1.41421
5 10 0 1 4 6 9 12 13 1.73205
5 10 0 1 4 6 9 12 14 1.73205
5 10 0 1 4 6 9 13 14 1.73205
5 10 0 1 4 6 11 12 13 1.41421
5 10 0 1 4 6 11 12 14 1.41421
5 10 0 1 4 6 11 13 14 1.41421
5 10 0 1 4 6 12 13 14 1.73205
5 10 0 1 4 7 8 9 11 1
5 10 0 1 4 7 8 9 12 1.62019
5 10 0 1 4 7 8 9 13 1.62019
5 10 0 1 4 7 8 9 14 1.62019
5 10 0 1 4 7 8 11 12 1
5 10 0 1 4 7 8 11 13 1
5 10 0 1 4 7 8 11 14 1
5 10 0 1 4 7 8 12 13 1.73205
5 10 0 1 4 7 8 12 14 1.73205
5 10 0 1 4 7 8 13 14 1.73205
5 10 0 1 4 7 9 11 12 1
5 10 0 1 4 7 9 11 13 1
5 10 0 1 4 7 9 11 14 1
5 10 0 1 4 7 9 12 13 1.62019
5 10 0 1 4 7 9 12 14 1.62019
5 10 0 1 4 7 9 13 14 1.62019
5 10 0 1 4 7 11 12 13 1
5 10 0 1 4 7 11 12 14 1
5 10 0 1 4 7 11 13 14 1
5 10 0 1 4 7 12 13 14 1.73205
5 10 0 1 4 8 9 11 12 1.41421
5 10 0 1 4 8 9 11 13 1.41421
5 10 0 1 4 8 9 11 14 1.41421
5 10 0 1 4 8 9 12 13 1.85164
5 10 0 1 4 8 9 12 14 1.85164
5 10 0 1 4 8 9 13 14 1.85164
5 10 0 1 4 8 11 12 13 1.41421
5 10 0 1 4 8 11 12 14 1.41421
5 10 0 1 4 8 11 13 14 1.41421
5 10 0 1 4 8 12 13 14 1.90693
5 10 0 1 4 9 11 12 13 1.41421
5 10 0 1 4 9 11 12 14 1.41421
5 10 0 1 4 9 11 13 14 1.41421
5 10 0 1 4 9 12 13 14 1.85164
5 10 0 1 4 11 12 13 14 1.41421
5 10 0 1 6 7 8 9 11 1
5 10 0 1 6 7 8 9 12 1.41421
5 10 0 1 6 7 8 9 13 1.41421
5 10 0 1 6 7 8 9 14 1.41421
5 10 0 1 6 7 8 11 12 1
5 10 0 1 6 7 8 11 13 1
5 10 0 1 6 7 8 11 14 1
5 10 0 1 6 7 8 12 13 1.41421
5 10 0 1 6 7 8 12 14 1.41421
5 10 0 1 6 7 8 13 14 1.41421
5 10 0 1 6 7 9 11 12 1
5 10 0 1 6 7 9 11 13 1
5 10 0 1 6 7 9 11 14 1
5 10 0 1 6 7 9 12 13 1.41421
5 10 0 1 6 7 9 12 14 1.41421
5 10 0 1 6 7 9 13 14 1.41421
5 10 0 1 6 7 11 12 13 1
5 10 0 1 6 7 11 12 14 1
5 10 0 1 6 7 11 13 14 1
5 10 0 1 6 7 12 13 14 1.41421
5 10 0 1 6 8 9 11 12 1.41421
5 10 0 1 6 8 9 11 13 1.41421
5 10 0 1 6 8 9 11 14 1.41421
5 10 0 1 6 8 9 12 13 1.73205
5 10 0 1 6 8 9 12 14 1.73205
5 10 0 1 6 8 9 13 14 1.73205
5 10 0 1 6 8 11 12 13 1.41421
5 10 0 1 6 8 11 12 14 1.41421
5 10 0 1 6 8 11 13 14 1.41421
5 10 0 1 6 8 12 13 14 1.73205
5 10 0 1 6 9 11 12 13 1.41421
5 10 0 1 6 9 11 12 14 1.41421
5 10 0 1 6 9 11 13 14 1.41421
5 10 0 1 6 9 12 13 14 1.73205
5 10 0 1 6 11 12 13 14 1.41421
5 10 0 1 7 8 9 11 12 1
5 10 0 1 7 8 9 11 13 1
5 10 0 1 7 8 9 11 14 1
5 10 0 1 7 8 9 12 13 1.62019
5 10 0 1 7 8 9 12 14 1.62019
5 10 0 1 7 8 9 13 14 1.62019
5 10 0 1 7 8 11 12 13 1
5 10 0 1 7 8 11 12 14 1
5 10 0 1 7 8 11 13 14 1
5 10 0 1 7 8 12 13 14 1.73205
5 10 0 1 7 9 11 12 13 1
5 10 0 1 7 9 11 12 14 1
5 10 0 1 7 9 11 13 14 1
5 10 0 1 7 9 12 13 14 1.62019
5 10 0 1 7 11 12 13 14 1
5 10 0 1 8 9 11 12 13 1.41421
5 10 0 1 8 9 11 12 14 1.41421
5 10 0 1 8 9 11 13 14 1.41421
5 10 0 1 8 9 12 13 14 1.85164
5 10 0 1 8 11 12 13 14 1.41421
5 10 0 1 9 11 12 13 14 1.41421
5 10 0 2 3 4 6 7 8 1.41421
5 10 0 2 3 4 6 7 9 1.73205
5 10 0 2 3 4 6 7 11 1.73205
5 10 0 2 3 4 6 7 12 1.41421
5 10 0 2 3 4 6 7 13 1.41421
5 10 0 2 3 4 6 7 14 1.73205
5 10 0 2 3 4 6 8 9 1.73205
5 10 0 2 3 4 6 8 11 1.73205
5 10 0 2 3 4 6 8 12 1.41421
5 10 0 2 3 4 6 8 13 1.41421
5 10 0 2 3 4 6 8 14 1.73205
5 10 0 2 3 4 6 9 11 2
5 10 0 2 3 4 6 9 12 1.73205
5 10 0 2 3 4 6 9 13 1.73205
5 10 0 2 3 4 6 9 14 2
5 10 0 2 3 4 6 11 12 1.73205
5 10 0 2 3 4 6 11 13 1.73205
5 10 0 2 3 4 6 11 14 2
5 10 0 2 3 4 6 12 13 1.41421
5 10 0 2 3 4 6 12 14 1.73205
5 10 0 2 3 4 6 13 14 1.73205
5 10 0 2 3 4 7 8 9 1.41421
5 10 0 2 3 4 7 8 11 1.41421
5 10 0 2 3 4 7 8 12 1.41421
5 10 0 2 3 4 7 8 13 1.41421
5 10 0 2 3 4 7 8 14 1.41421
5 10 0 2 3 4 7 9 11 1.73205
5 10 0 2 3 4 7 9 12 1.41421
5 10 0 2 3 4 7 9 13 1.41421
5 10 0 2 3 4 7 9 14 1.73205
5 10 0 2 3 4 7 11 12 1.41421
5 10 0 2 3 4 7 11 13 1.41421
5 10 0 2 3 4 7 11 14 1.73205
5 10 0 2 3 4 7 12 13 1.41421
5 10 0 2 3 4 7 12 14 1.41421
5 10 0 2 3 4 7 13 14 1.41421
5 10 0 2 3 4 8 9 11 1.73205
5 10 0 2 3 4 8 9 12 1.41421
5 10 0 2 3 4 8 9 13 1.41421
5 10 0 2 3 4 8 9 14 1.73205
5 10 0 2 3 4 8 11 12 1.41421
5 10 0 2 3 4 8 11 13 1.41421
5 10 0 2 3 4 8 11 14 1.73205
5 10 0 2 3 4 8 12 13 1.41421
5 10 0 2 3 4 8 12 14 1.41421
5 10 0 2 3 4 8 13 14 1.41421
5 10 0 2 3 4 9 11 12 1.73205
5 10 0 2 3 4 9 11 13 1.73205
5 10 0 2 3 4 9 11 14 2
5 10 0 2 3 4 9 12 13 1.41421
5 10 0 2 3 4 9 12 14 1.73205
5 10 0 2 3 4 9 13 14 1.73205
5 10 0 2 3 4 11 12 13 1.41421
5 10 0 2 3 4 11 12 14 1.73205
5 10 0 2 3 4 11 13 14 1.73205
5 10 0 2 3 4 12 13 14 1.41421
5 10 0 2 3 6 7 8 9 1.41421
5 10 0 2 3 6 7 8 11 1.41421
5 10 0 2 3 6 7 8 12 1
5 10 0 2 3 6 7 8 13 1
5 10 0 2 3 6 7 8 14 1.41421
5 10 0 2 3 6 7 9 11 1.73205
5 10 0 2 3 6 7 9 12 1.41421
5 10 0 2 3 6 7 9 13 1.41421
5 10 0 2 3 6 7 9 14 1.73205
5 10 0 2 3 6 7 11 12 1.41421
5 10 0 2 3 6 7 11 13 1.41421
5 10 0 2 3 6 7 11 14 1.73205
5 10 0 2 3 6 7 12 13 1
5 10 0 2 3 6 7 12 14 1.41421
5 10 0 2 3 6 7 13 14 1.41421
5 10 0 2 3 6 8 9 11 1.73205
5 10 0 2 3 6 8 9 12 1.41421
5 10 0 2 3 6 8 9 13 1.41421
5 10 0 2 3 6 8 9 14 1.73205
5 10 0 2 3 6 8 11 12 1.41421
5 10 0 2 3 6 8 11 13 1.41421
5 10 0 2 3 6 8 11 14 1.73205
5 10 0 2 3 6 8 12 13 1
5 10 0 2 3 6 8 12 14 1.41421
5 10 0 2 3 6 8 13 14 1.41421
5 10 0 2 3 6 9 11 12 1.73205
5 10 0 2 3 6 9 11 13 1.73205
5 10 0 2 3 6 9 11 14 2
5 10 0 2 3 6 9 12 13 1.41421
5 10 0 2 3 6 9 12 14 1.73205
5 10 0 2 3 6 9 13 14 1.73205
5 10 0 2 3 6 11 12 13 1.41421
5 10 0 2 3 6 11 12 14 1.73205
5 10 0 2 3 6 11 13 14 1.73205
5 10 0 2 3 6 12 13 14 1.41421
5 10 0 2 3 7 8 9 11 1.41421
5 10 0 2 3 7 8 9 12 1
5 10 0 2 3 7 8 9 13 1
5 10 0 2 3 7 8 9 14 1.41421
5 10 0 2 3 7 8 11 12 1
5 10 0 2 3 7 8 11 13 1
5 10 0 2 3 7 8 11 14 1.41421
5 10 0 2 3 7 8 12 13 1.41421
5 10 0 2 3 7 8 12 14 1.41421
5 10 0 2 3 7 8 13 14 1.41421
5 10 0 2 3 7 9 11 12 1.41421
5 10 0 2 3 7 9 11 13 1.41421
5 10 0 2 3 7 9 11 14 1.73205
5 10 0 2 3 7 9 12 13 1
5 10 0 2 3 7 9 12 14 1.41421
5 10 0 2 3 7 9 13 14 1.41421
5 10 0 2 3 7 11 12 13 1
5 10 0 2 3 7 11 12 14 1.41421
5 10 0 2 3 7 11 13 14 1.41421
5 10 0 2 3 7 12 13 14 1.41421
5 10 0 2 3 8 9 11 12 1.41421
5 10 0 2 3 8 9 11 13 1.41421
5 10 0 2 3 8 9 11 14 1.73205
5 10 0 2 3 8 9 12 13 1
5 10 0 2 3 8 9 12 14 1.41421
5 10 0 2 3 8 9 13 14 1.41421
5 10 0 2 3 8 11 12 13 1
5 10 0 2 3 8 11 12 14 1.41421
5 10 0 2 3 8 11 13 14 1.41421
5 10 0 2 3 8 12 13 14 1.41421
5 10 0 2 3 9 11 12 13 1.41421
5 10 0 2 3 9 11 12 14 1.73205
5 10 0 2 3 9 11 13 14 1.73205
5 10 0 2 3 9 12 13 14 1.41421
5 10 0 2 3 11 12 13 14 1.41421
5 10 0 2 4 6 7 8 9 1.41421
5 10 0 2 4 6 7 8 11 1.41421
5 10 0 2 4 6 7 8 12 1
5 10 0 2 4 6 7 8 13 1
5 10 0 2 4 6 7 8 14 1.41421
5 10 0 2 4 6 7 9 11 1.73205
5 10 0 2 4 6 7 9 12 1.41421
5 10 0 2 4 6 7 9 13 1.41421
5 10 0 2 4 6 7 9 14 1.73205
5 10 0 2 4 6 7 11 12 1.41421
5 10 0 2 4 6 7 11 13 1.41421
5 10 0 2 4 6 7 11 14 1.73205
5 10 0 2 4 6 7 12 13 1
5 10 0 2 4 6 7 12 14 1.41421
5 10 0 2 4 6 7 13 14 1.41421
5 10 0 2 4 6 8 9 11 1.85164
5 10 0 2 4 6 8 9 12 1.73205
5 10 0 2 4 6 8 9 13 1.73205
5 10 0 2 4 6 8 9 14 1.90693
5 10 0 2 4 6 8 11 12 1.62019
5 10 0 2 4 6 8 11 13 1.62019
5 10 0 2 4 6 8 11 14 1.85164
5 10 0 2 4 6 8 12 13 1.62019
5 10 0 2 4 6 8 12 14 1.73205
5 10 0 2 4 6 8 13 14 1.73205
5 10 0 2 4 6 9 11 12 1.85164
5 10 0 2 4 6 9 11 13 1.85164
5 10 0 2 4 6 9 11 14 2.07802
5 10 0 2 4 6 9 12 13 1.73205
5 10 0 2 4 6 9 12 14 1.90693
5 10 0 2 4 6 9 13 14 1.90693
5 10 0 2 4 6 11 12 13 1.62019
5 10 0 2 4 6 11 12 14 1.85164
5 10 0 2 4 6 11 13 14 1.85164
5 10 0 2 4 6 12 13 14 1.73205
5 10 0 2 4 7 8 9 11 1.41421
5 10 0 2 4 7 8 9 12 1.41421
5 10 0 2 4 7 8 9 13 1.41421
5 10 0 2 4 7 8 9 14 1.41421
5 10 0 2 4 7 8 11 12 1
5 10 0 2 4 7 8 11 13 1
5 10 0 2 4 7 8 11 14 1.41421
5 10 0 2 4 7 8 12 13 1.62019
5 10 0 2 4 7 8 12 14 1.62019
5 10 0 2 4 7 8 13 14 1.62019
5 10 0 2 4 7 9 11 12 1.41421
5 10 0 2 4 7 9 11 13 1.41421
5 10 0 2 4 7 9 11 14 1.73205
5 10 0 2 4 7 9 12 13 1.41421
5 10 0 2 4 7 9 12 14 1.41421
5 10 0 2 4 7 9 13 14 1.41421
5 10 0 2 4 7 11 12 13 1
5 10 0 2 4 7 11 12 14 1.41421
5 10 0 2 4 7 11 13 14 1.41421
5 10 0 2 4 7 12 13 14 1.62019
5 10 0 2 4 8 9 11 12 1.62019
5 10 0 2 4 8 9 11 13 1.62019
5 10 0 2 4 8 9 11 14 1.85164
5 10 0 2 4 8 9 12 13 1.73205
5 10 0 2 4 8 9 12 14 1.81265
5 10 0 2 4 8 9 13 14 1.81265
5 10 0 2 4 8 11 12 13 1.41421
5 10 0 2 4 8 11 12 14 1.62019
5 10 0 2 4 8 11 13 14 1.62019
5 10 0 2 4 8 12 13 14 1.81265
5 10 0 2 4 9 11 12 13 1.62019
5 10 0 2 4 9 11 12 14 1.85164
5 10 0 2 4 9 11 13 14 1.85164
5 10 0 2 4 9 12 13 14 1.81265
5 10 0 2 4 11 12 13 14 1.62019
5 10 0 2 6 7 8 9 11 1.41421
5 10 0 2 6 7 8 9 12 1
5 10 0 2 6 7 8 9 13 1
5 10 0 2 6 7 8 9 14 1.41421
5 10 0 2 6 7 8 11 12 1
5 10 0 2 6 7 8 11 13 1
5 10 0 2 6 7 8 11 14 1.41421
5 10 0 2 6 7 8 12 13 1
5 10 0 2 6 7 8 12 14 1
5 10 0 2 6 7 8 13 14 1
5 10 0 2 6 7 9 11 12 1.41421
5 10 0 2 6 7 9 11 13 1.41421
5 10 0 2 6 7 9 11 14 1.73205
5 10 0 2 6 7 9 12 13 1
5 10 0 2 6 7 9 12 14 1.41421
5 10 0 2 6 7 9 13 14 1.41421
5 10 0 2 6 7 11 12 13 1
5 10 0 2 6 7 11 12 14 1.41421
5 10 0 2 6 7 11 13 14 1.41421
5 10 0 2 6 7 12 13 14 1
5 10 0 2 6 8 9 11 12 1.62019
5 10 0 2 6 8 9 11 13 1.62019
5 10 0 2 6 8 9 11 14 1.85164
5 10 0 2 6 8 9 12 13 1.62019
5 10 0 2 6 8 9 12 14 1.73205
5 10 0 2 6 8 9 13 14 1.73205
5 10 0 2 6 8 11 12 13 1.41421
5 10 0 2 6 8 11 12 14 1.62019
5 10 0 2 6 8 11 13 14 1.62019
5 10 0 2 6 8 12 13 14 1.62019
5 10 0 2 6 9 11 12 13 1.62019
5 10 0 2 6 9 11 12 14 1.85164
5 10 0 2 6 9 11 13 14 1.85164
5 10 0 2 6 9 12 13 14 1.73205
5 10 0 2 6 11 12 13 14 1.62019
5 10 0 2 7 8 9 11 12 1
5 10 0 2 7 8 9 11 13 1
5 10 0 2 7 8 9 11 14 1.41421
5 10 0 2 7 8 9 12 13 1.41421
5 10 0 2 7 8 9 12 14 1.41421
5 10 0 2 7 8 9 13 14 1.41421
5 10 0 2 7 8 11 12 13 1
5 10 0 2 7 8 11 12 14 1
5 10 0 2 7 8 11 13 14 1
5 10 0 2 7 8 12 13 14 1.62019
5 10 0 2 7 9 11 12 13 1
5 10 0 2 7 9 11 12 14 1.41421
5 10 0 2 7 9 11 13 14 1.41421
5 10 0 2 7 9 12 13 14 1.41421
5 10 0 2 7 11 12 13 14 1
5 10 0 2 8 9 11 12 13 1.41421
5 10 0 2 8 9 11 12 14 1.62019
5 10 0 2 8 9 11 13 14 1.62019
5 10 0 2 8 9 12 13 14 1.73205
5 10 0 2 8 11 12 13 14 1.41421
5 10 0 2 9 11 12 13 14 1.62019
5 10 0 3 4 6 7 8 9 1.73205
5 10 0 3 4 6 7 8 11 1.73205
5 10 0 3 4 6 7 8 12 1.41421
5 10 0 3 4 6 7 8 13 1.41421
5 10 0 3 4 6 7 8 14 1.73205
5 10 0 3 4 6 7 9 11 2
5 10 0 3 4 6 7 9 12 1.73205
5 10 0 3 4 6 7 9 13 1.73205
5 10 0 3 4 6 7 9 14 2
5 10 0 3 4 6 7 11 12 1.73205
5 10 0 3 4 6 7 11 13 1.73205
5 10 0 3 4 6 7 11 14 2
5 10 0 3 4 6 7 12 13 1.41421
5 10 0 3 4 6 7 12 14 1.73205
5 10 0 3 4 6 7 13 14 1.73205
5 10 0 3 4 6 8 9 11 2
5 10 0 3 4 6 8 9 12 1.73205
5 10 0 3 4 6 8 9 13 1.73205
5 10 0 3 4 6 8 9 14 2
5 10 0 3 4 6 8 11 12 1.73205
5 10 0 3 4 6 8 11 13 1.73205
5 10 0 3 4 6 8 11 14 2
5 10 0 3 4 6 8 12 13 1.41421
5 10 0 3 4 6 8 12 14 1.73205
5 10 0 3 4 6 8 13 14 1.73205
5 10 0 3 4 6 9 11 12 2
5 10 0 3 4 6 9 11 13 2
5 10 0 3 4 6 9 11 14 2.23607
5 10 0 3 4 6 9 12 13 1.73205
5 10 0 3 4 6 9 12 14 2
5 10 0 3 4 6 9 13 14 2
5 10 0 3 4 6 11 12 13 1.73205
5 10 0 3 4 6 11 12 14 2
5 10 0 3 4 6 11 13 14 2
5 10 0 3 4 6 12 13 14 1.73205
5 10 0 3 4 7 8 9 11 1.73205
5 10 0 3 4 7 8 9 12 1.41421
5 10 0 3 4 7 8 9 13 1.41421
5 10 0 3 4 7 8 9 14 1.73205
5 10 0 3 4 7 8 11 12 1.41421
5 10 0 3 4 7 8 11 13 1.41421
5 10 0 3 4 7 8 11 14 1.73205
5 10 0 3 4 7 8 12 13 1.41421
5 10 0 3 4 7 8 12 14 1.41421
5 10 0 3 4 7 8 13 14 1.41421
5 10 0 3 4 7 9 11 12 1.73205
5 10 0 3 4 7 9 11 13 1.73205
5 10 0 3 4 7 9 11 14 2
5 10 0 3 4 7 9 12 13 1.41421
5 10 0 3 4 7 9 12 14 1.73205
5 10 0 3 4 7 9 13 14 1.73205
5 10 0 3 4 7 11 12 13 1.41421
5 10 0 3 4 7 11 12 14 1.73205
5 10 0 3 4 7 11 13 14 1.73205
5 10 0 3 4 7 12 13 14 1.41421
5 10 0 3 4 8 9 11 12 1.73205
5 10 0 3 4 8 9 11 13 1.73205
5 10 0 3 4 8 9 11 14 2
5 10 0 3 4 8 9 12 13 1.41421
5 10 0 3 4 8 9 12 14 1.73205
5 10 0 3 4 8 9 13 14 1.73205
5 10 0 3 4 8 11 12 13 1.41421
5 10 0 3 4 8 11 12 14 1.73205
5 10 0 3 4 8 11 13 14 1.73205
5 10 0 3 4 8 12 13 14 1.41421
5 10 0 3 4 9 11 12 13 1.73205
5 10 0 3 4 9 11 12 14 2
5 10 0 3 4 9 11 13 14 2
5 10 0 3 4 9 12 13 14 1.73205
5 10 0 3 4 11 12 13 14 1.73205
5 10 0 3 6 7 8 9 11 1.73205
5 10 0 3 6 7 8 9 12 1.41421
5 10 0 3 6 7 8 9 13 1.41421
5 10 0 3 6 7 8 9 14 1.73205
5 10 0 3 6 7 8 11 12 1.41421
5 10 0 3 6 7 8 11 13 1.41421
5 10 0 3 6 7 8 11 14 1.73205
5 10 0 3 6 7 8 12 13 1
5 10 0 3 6 7 8 12 14 1.41421
5 10 0 3 6 7 8 13 14 1.41421
5 10 0 3 6 7 9 11 12 1.73205
5 10 0 3 6 7 9 11 13 1.73205
5 10 0 3 6 7 9 11 14 2
5 10 0 3 6 7 9 12 13 1.41421
5 10 0 3 6 7 9 12 14 1.73205
5 10 0 3 6 7 9 13 14 1.73205
5 10 0 3 6 7 11 12 13 1.41421
5 10 0 3 6 7 11 12 14 1.73205
5 10 0 3 6 7 11 13 14 1.73205
5 10 0 3 6 7 12 13 14 1.41421
5 10 0 3 6 8 9 11 12 1.73205
5 10 0 3 6 8 9 11 13 1.73205
5 10 0 3 6 8 9 11 14 2
5 10 0 3 6 8 9 12 13 1.41421
5 10 0 3 6 8 9 12 14 1.73205
5 10 0 3 6 8 9 13 14 1.73205
5 10 0 3 6 8 11 12 13 1.41421
5 10 0 3 6 8 11 12 14 1.73205
5 10 0 3 6 8 11 13 14 1.73205
5 10 0 3 6 8 12 13 14 1.41421
5 10 0 3 6 9 11 12 13 1.73205
5 10 0 3 6 9 11 12 14 2
5 10 0 3 6 9 11 13 14 2
5 10 0 3 6 9 12 13 14 1.73205
5 10 0 3 6 11 12 13 14 1.73205
5 10 0 3 7 8 9 11 12 1.41421
5 10 0 3 7 8 9 11 13 1.41421
5 10 0 3 7 8 9 11 14 1.73205
5 10 0 3 7 8 9 12 13 1
5 10 0 3 7 8 9 12 14 1.41421
5 10 0 3 7 8 9 13 14 1.41421
5 10 0 3 7 8 11 12 13 1
5 10 0 3 7 8 11 12 14 1.41421
5 10 0 3 7 8 11 13 14 1.41421
5 10 0 3 7 8 12 13 14 1.41421
5 10 0 3 7 9 11 12 13 1.41421
5 10 0 3 7 9 11 12 14 1.73205
5 10 0 3 7 9 11 13 14 1.73205
5 10 0 3 7 9 12 13 14 1.41421
5 10 0 3 7 11 12 13 14 1.41421
5 10 0 3 8 9 11 12 13 1.41421
5 10 0 3 8 9 11 12 14 1.73205
5 10 0 3 8 9 11 13 14 1.73205
5 10 0 3 8 9 12 13 14 1.41421
5 10 0 3 8 11 12 13 14 1.41421
5 10 0 3 9 11 12 13 14 1.73205
5 10 0 4 6 7 8 9 11 1.85164
5 10 0 4 6 7 8 9 12 1.73205
5 10 0 4 6 7 8 9 13 1.73205
5 10 0 4 6 7 8 9 14 1.90693
5 10 0 4 6 7 8 11 12 1.62019
5 10 0 4 6 7 8 11 13 1.62019
5 10 0 4 6 7 8 11 14 1.85164
5 10 0 4 6 7 8 12 13 1.62019
5 10 0 4 6 7 8 12 14 1.73205
5 10 0 4 6 7 8 13 14 1.73205
5 10 0 4 6 7 9 11 12 1.85164
5 10 0 4 6 7 9 11 13 1.85164
5 10 0 4 6 7 9 11 14 2.07802
5 10 0 4 6 7 9 12 13 1.73205
5 10 0 4 6 7 9 12 14 1.90693
5 10 0 4 6 7 9 13 14 1.90693
5 10 0 4 6 7 11 12 13 1.62019
5 10 0 4 6 7 11 12 14 1.85164
5 10 0 4 6 7 11 13 14 1.85164
5 10 0 4 6 7 12 13 14 1.73205
5 10 0 4 6 8 9 11 12 2.13664
5 10 0 4 6 8 9 11 13 2.13664
5 10 0 4 6 8 9 11 14 2.28709
5 10 0 4 6 8 9 12 13 2.13664
5 10 0 4 6 8 9 12 14 2.23607
5 10 0 4 6 8 9 13 14 2.23607
5 10 0 4 6 8 11 12 13 2
5 10 0 4 6 8 11 12 14 2.13664
5 10 0 4 6 8 11 13 14 2.13664
5 10 0 4 6 8 12 13 14 2.13664
5 10 0 4 6 9 11 12 13 2.13664
5 10 0 4 6 9 11 12 14 2.28709
5 10 0 4 6 9 11 13 14 2.28709
5 10 0 4 6 9 12 13 14 2.23607
5 10 0 4 6 11 12 13 14 2.13664
5 10 0 4 7 8 9 11 12 1.62019
5 10 0 4 7 8 9 11 13 1.62019
5 10 0 4 7 8 9 11 14 1.85164
5 10 0 4 7 8 9 12 13 1.73205
5 10 0 4 7 8 9 12 14 1.81265
5 10 0 4 7 8 9 13 14 1.81265
5 10 0 4 7 8 11 12 13 1.41421
5 10 0 4 7 8 11 12 14 1.62019
5 10 0 4 7 8 11 13 14 1.62019
5 10 0 4 7 8 12 13 14 1.81265
5 10 0 4 7 9 11 12 13 1.62019
5 10 0 4 7 9 11 12 14 1.85164
5 10 0 4 7 9 11 13 14 1.85164
5 10 0 4 7 9 12 13 14 1.81265
5 10 0 4 7 11 12 13 14 1.62019
5 10 0 4 8 9 11 12 13 2
5 10 0 4 8 9 11 12 14 2.13664
5 10 0 4 8 9 11 13 14 2.13664
5 10 0 4 8 9 12 13 14 2.16025
5 10 0 4 8 11 12 13 14 2
5 10 0 4 9 11 12 13 14 2.13664
5 10 0 6 7 8 9 11 12 1.62019
5 10 0 6 7 8 9 11 13 1.62019
5 10 0 6 7 8 9 11 14 1.85164
5 10 0 6 7 8 9 12 13 1.62019
5 10 0 6 7 8 9 12 14 1.73205
5 10 0 6 7 8 9 13 14 1.73205
5 10 0 6 7 8 11 12 13 1.41421
5 10 0 6 7 8 11 12 14 1.62019
5 10 0 6 7 8 11 13 14 1.62019
5 10 0 6 7 8 12 13 14 1.62019
5 10 0 6 7 9 11 12 13 1.62019
5 10 0 6 7 9 11 12 14 1.85164
5 10 0 6 7 9 11 13 14 1.85164
5 10 0 6 7 9 12 13 14 1.73205
5 10 0 6 7 11 12 13 14 1.62019
5 10 0 6 8 9 11 12 13 2
5 10 0 6 8 9 11 12 14 2.13664
5 10 0 6 8 9 11 13 14 2.13664
5 10 0 6 8 9 12 13 14 2.13664
5 10 0 6 8 11 12 13 14 2
5 10 0 6 9 11 12 13 14 2.13664
5 10 0 7 8 9 11 12 13 1.41421
5 10 0 7 8 9 11 12 14 1.62019
5 10 0 7 8 9 11 13 14 1.62019
5 10 0 7 8 9 12 13 14 1.73205
5 10 0 7 8 11 12 13 14 1.41421
5 10 0 7 9 11 12 13 14 1.62019
5 10 0 8 9 11 12 13 14 2
5 10 1 2 3 4 6 7 8 1
5 10 1 2 3 4 6 7 9 1
5 10 1 2 3 4 6 7 11 1
5 10 1 2 3 4 6 7 12 1
5 10 1 2 3 4 6 7 13 0
5 10 1 2 3 4 6 7 14 1
5 10 1 2 3 4 6 8 9 1
5 10 1 2 3 4 6 8 11 1
5 10 1 2 3 4 6 8 12 1
5 10 1 2 3 4 6 8 13 0
5 10 1 2 3 4 6 8 14 1
5 10 1 2 3 4 6 9 11 1
5 10 1 2 3 4 6 9 12 1
5 10 1 2 3 4 6 9 13 0
5 10 1 2 3 4 6 9 14 1
5 10 1 2 3 4 6 11 12 1
5 10 1 2 3 4 6 11 13 0
5 10 1 2 3 4 6 11 14 1
5 10 1 2 3 4 6 12 13 0
5 10 1 2 3 4 6 12 14 1
5 10 1 2 3 4 6 13 14 0
5 10 1 2 3 4 7 8 9 1
5 10 1 2 3 4 7 8 11 1
5 10 1 2 3 4 7 8 12 1.41421
5 10 1 2 3 4 7 8 13 1.41421
5 10 1 2 3 4 7 8 14 1.41421
5 10 1 2 3 4 7 9 11 1
5 10 1 2 3 4 7 9 12 1
5 10 1 2 3 4 7 9 13 1
5 10 1 2 3 4 7 9 14 1
5 10 1 2 3 4 7 11 12 1
5 10 1 2 3 4 7 11 13 1
5 10 1 2 3 4 7 11 14 1
5 10 1 2 3 4 7 12 13 1.41421
5 10 1 2 3 4 7 12 14 1.41421
5 10 1 2 3 4 7 13 14 1.41421
5 10 1 2 3 4 8 9 11 1
5 10 1 2 3 4 8 9 12 1
5 10 1 2 3 4 8 9 13 1
5 10 1 2 3 4 8 9 14 1
5 10 1 2 3 4 8 11 12 1
5 10 1 2 3 4 8 11 13 1
5 10 1 2 3 4 8 11 14 1
5 10 1 2 3 4 8 12 13 1.41421
5 10 1 2 3 4 8 12 14 1.41421
5 10 1 2 3 4 8 13 14 1.41421
5 10 1 2 3 4 9 11 12 1
5 10 1 2 3 4 9 11 13 0
5 10 1 2 3 4 9 11 14 1
5 10 1 2 3 4 9 12 13 1
5 10 1 2 3 4 9 12 14 1
5 10 1 2 3 4 9 13 14 1
5 10 1 2 3 4 11 12 13 1
5 10 1 2 3 4 11 12 14 1
5 10 1 2 3 4 11 13 14 1
5 10 1 2 3 4 12 13 14 1.41421
5 10 1 2 3 6 7 8 9 1
5 10 1 2 3 6 7 8 11 1
5 10 1 2 3 6 7 8 12 1
5 10 1 2 3 6 7 8 13 0
5 10 1 2 3 6 7 8 14 1
5 10 1 2 3 6 7 9 11 1
5 10 1 2 3 6 7 9 12 1
5 10 1 2 3 6 7 9 13 0
5 10 1 2 3 6 7 9 14 1
5 10 1 2 3 6 7 11 12 1
5 10 1 2 3 6 7 11 13 0
5 10 1 2 3 6 7 11 14 1
5 10 1 2 3 6 7 12 13 0
5 10 1 2 3 6 7 12 14 1
5 10 1 2 3 6 7 13 14 0
5 10 1 2 3 6 8 9 11 1
5 10 1 2 3 6 8 9 12 1
5 10 1 2 3 6 8 9 13 0
5 10 1 2 3 6 8 9 14 1
5 10 1 2 3 6 8 11 12 1
5 10 1 2 3 6 8 11 13 0
5 10 1 2 3 6 8 11 14 1
5 10 1 2 3 6 8 12 13 0
5 10 1 2 3 6 8 12 14 1
5 10 1 2 3 6 8 13 14 0
5 10 1 2 3 6 9 11 12 1
5 10 1 2 3 6 9 11 13 0
5 10 1 2 3 6 9 11 14 1
5 10 1 2 3 6 9 12 13 0
5 10 1 2 3 6 9 12 14 1
5 10 1 2 3 6 9 13 14 0
5 10 1 2 3 6 11 12 13 0
5 10 1 2 3 6 11 12 14 1
5 10 1 2 3 6 11 13 14 0
5 10 1 2 3 6 12 13 14 0
5 10 1 2 3 7 8 9 11 1
5 10 1 2 3 7 8 9 12 1
5 10 1 2 3 7 8 9 13 1
5 10 1 2 3 7 8 9 14 1
5 10 1 2 3 7 8 11 12 1
5 10 1 2 3 7 8 11 13 1
5 10 1 2 3 7 8 11 14 1
5 10 1 2 3 7 8 12 13 1.41421
5 10 1 2 3 7 8 12 14 1.41421
5 10 1 2 3 7 8 13 14 1.41421
5 10 1 2 3 7 9 11 12 1
5 10 1 2 3 7 9 11 13 0
5 10 1 2 3 7 9 11 14 1
5 10 1 2 3 7 9 12 13 1
5 10 1 2 3 7 9 12 14 1
5 10 1 2 3 7 9 13 14 1
5 10 1 2 3 7 11 12 13 1
5 10 1 2 3 7 11 12 14 1
5 10 1 2 3 7 11 13 14 1
5 10 1 2 3 7 12 13 14 1.41421
5 10 1 2 3 8 9 11 12 1
5 10 1 2 3 8 9 11 13 0
5 10 1 2 3 8 9 11 14 1
5 10 1 2 3 8 9 12 13 1
5 10 1 2 3 8 9 12 14 1
5 10 1 2 3 8 9 13 14 1
5 10 1 2 3 8 11 12 13 1
5 10 1 2 3 8 11 12 14 1
5 10 1 2 3 8 11 13 14 1
5 10 1 2 3 8 12 13 14 1.41421
5 10 1 2 3 9 11 12 13 0
5 10 1 2 3 9 11 12 14 1
5 10 1 2 3 9 11 13 14 0
5 10 1 2 3 9 12 13 14 1
5 10 1 2 3 11 12 13 14 1
5 10 1 2 4 6 7 8 9 1
5 10 1 2 4 6 7 8 11 1
5 10 1 2 4 6 7 8 12 1
5 10 1 2 4 6 7 8 13 1
5 10 1 2 4 6 7 8 14 1
5 10 1 2 4 6 7 9 11 1
5 10 1 2 4 6 7 9 12 1
5 10 1 2 4 6 7 9 13 1
5 10 1 2 4 6 7 9 14 1
5 10 1 2 4 6 7 11 12 1
5 10 1 2 4 6 7 11 13 0
5 10 1 2 4 6 7 11 14 1
5 10 1 2 4 6 7 12 13 1
5 10 1 2 4 6 7 12 14 1
5 10 1 2 4 6 7 13 14 1
5 10 1 2 4 6 8 9 11 1
5 10 1 2 4 6 8 9 12 1.41421
5 10 1 2 4 6 8 9 13 1.41421
5 10 1 2 4 6 8 9 14 1.41421
5 10 1 2 4 6 8 11 12 1
5 10 1 2 4 6 8 11 13 1
5 10 1 2 4 6 8 11 14 1
5 10 1 2 4 6 8 12 13 1.41421
5 10 1 2 4 6 8 12 14 1.41421
5 10 1 2 4 6 8 13 14 1.41421
5 10 1 2 4 6 9 11 12 1
5 10 1 2 4 6 9 11 13 1
5 10 1 2 4 6 9 11 14 1
5 10 1 2 4 6 9 12 13 1.41421
5 10 1 2 4 6 9 12 14 1.41421
5 10 1 2 4 6 9 13 14 1.41421
5 10 1 2 4 6 11 12 13 1
5 10 1 2 4 6 11 12 14 1
5 10 1 2 4 6 11 13 14 1
5 10 1 2 4 6 12 13 14 1.41421
5 10 1 2 4 7 8 9 11 1
5 10 1 2 4 7 8 9 12 1.41421
5 10 1 2 4 7 8 9 13 1.41421
5 10 1 2 4 7 8 9 14 1.41421
5 10 1 2 4 7 8 11 12 1
5 10 1 2 4 7 8 11 13 1
5 10 1 2 4 7 8 11 14 1
5 10 1 2 4 7 8 12 13 1.62019
5 10 1 2 4 7 8 12 14 1.62019
5 10 1 2 4 7 8 13 14 1.62019
5 10 1 2 4 7 9 11 12 1
5 10 1 2 4 7 9 11 13 0
5 10 1 2 4 7 9 11 14 1
5 10 1 2 4 7 9 12 13 1.41421
5 10 1 2 4 7 9 12 14 1.41421
5 10 1 2 4 7 9 13 14 1.41421
5 10 1 2 4 7 11 12 13 1
5 10 1 2 4 7 11 12 14 1
5 10 1 2 4 7 11 13 14 1
5 10 1 2 4 7 12 13 14 1.62019
5 10 1 2 4 8 9 11 12 1
5 10 1 2 4 8 9 11 13 1
5 10 1 2 4 8 9 11 14 1
5 10 1 2 4 8 9 12 13 1.62019
5 10 1 2 4 8 9 12 14 1.62019
5 10 1 2 4 8 9 13 14 1.62019
5 10 1 2 4 8 11 12 13 1
5 10 1 2 4 8 11 12 14 1
5 10 1 2 4 8 11 13 14 1
5 10 1 2 4 8 12 13 14 1.73205
5 10 1 2 4 9 11 12 13 1
5 10 1 2 4 9 11 12 14 1
5 10 1 2 4 9 11 13 14 1
5 10 1 2 4 9 12 13 14 1.62019
5 10 1 2 4 11 12 13 14 1
5 10 1 2 6 7 8 9 11 1
5 10 1 2 6 7 8 9 12 1
5 10 1 2 6 7 8 9 13 1
5 10 1 2 6 7 8 9 14 1
5 10 1 2 6 7 8 11 12 1
5 10 1 2 6 7 8 11 13 0
5 10 1 2 6 7 8 11 14 1
5 10 1 2 6 7 8 12 13 1
5 10 1 2 6 7 8 12 14 1
5 10 1 2 6 7 8 13 14 1
5 10 1 2 6 7 9 11 12 1
5 10 1 2 6 7 9 11 13 0
5 10 1 2 6 7 9 11 14 1
5 10 1 2 6 7 9 12 13 1
5 10 1 2 6 7 9 12 14 1
5 10 1 2 6 7 9 13 14 1
5 10 1 2 6 7 11 12 13 0
5 10 1 2 6 7 11 12 14 1
5 10 1 2 6 7 11 13 14 0
5 10 1 2 6 7 12 13 14 1
5 10 1 2 6 8 9 11 12 1
5 10 1 2 6 8 9 11 13 1
5 10 1 2 6 8 9 11 14 1
5 10 1 2 6 8 9 12 13 1.41421
5 10 1 2 6 8 9 12 14 1.41421
5 10 1 2 6 8 9 13 14 1.41421
5 10 1 2 6 8 11 12 13 1
5 10 1 2 6 8 11 12 14 1
5 10 1 2 6 8 11 13 14 1
5 10 1 2 6 8 12 13 14 1.41421
5 10 1 2 6 9 11 12 13 1
5 10 1 2 6 9 11 12 14 1
5 10 1 2 6 9 11 13 14 1
5 10 1 2 6 9 12 13 14 1.41421
5 10 1 2 6 11 12 13 14 1
5 10 1 2 7 8 9 11 12 1
5 10 1 2 7 8 9 11 13 0
5 10 1 2 7 8 9 11 14 1
5 10 1 2 7 8 9 12 13 1.41421
5 10 1 2 7 8 9 12 14 1.41421
5 10 1 2 7 8 9 13 14 1.41421
5 10 1 2 7 8 11 12 13 1
5 10 1 2 7 8 11 12 14 1
5 10 1 2 7 8 11 13 14 1
5 10 1 2 7 8 12 13 14 1.62019
5 10 1 2 7 9 11 12 13 0
5 10 1 2 7 9 11 12 14 1
5 10 1 2 7 9 11 13 14 0
5 10 1 2 7 9 12 13 14 1.41421
5 10 1 2 7 11 12 13 14 1
5 10 1 2 8 9 11 12 13 1
5 10 1 2 8 9 11 12 14 1
5 10 1 2 8 9 11 13 14 1
5 10 1 2 8 9 12 13 14 1.62019
5 10 1 2 8 11 12 13 14 1
5 10 1 2 9 11 12 13 14 1
5 10 1 3 4 6 7 8 9 1
5 10 1 3 4 6 7 8 11 1
5 10 1 3 4 6 7 8 12 1
5 10 1 3 4 6 7 8 13 0
5 10 1 3 4 6 7 8 14 1
5 10 1 3 4 6 7 9 11 1
5 10 1 3 4 6 7 9 12 1
5 10 1 3 4 6 7 9 13 0
5 10 1 3 4 6 7 9 14 1
5 10 1 3 4 6 7 11 12 1
5 10 1 3 4 6 7 11 13 0
5 10 1 3 4 6 7 11 14 1
5 10 1 3 4 6 7 12 13 0
5 10 1 3 4 6 7 12 14 1
5 10 1 3 4 6 7 13 14 0
5 10 1 3 4 6 8 9 11 1
5 10 1 3 4 6 8 9 12 1
5 10 1 3 4 6 8 9 13 0
5 10 1 3 4 6 8 9 14 1
5 10 1 3 4 6 8 11 12 1
5 10 1 3 4 6 8 11 13 0
5 10 1 3 4 6 8 11 14 1
5 10 1 3 4 6 8 12 13 0
5 10 1 3 4 6 8 12 14 1
5 10 1 3 4 6 8 13 14 0
5 10 1 3 4 6 9 11 12 1
5 10 1 3 4 6 9 11 13 0
5 10 1 3 4 6 9 11 14 1
5 10 1 3 4 6 9 12 13 0
5 10 1 3 4 6 9 12 14 1
5 10 1 3 4 6 9 13 14 0
5 10 1 3 4 6 11 12 13 0
5 10 1 3 4 6 11 12 14 1
5 10 1 3 4 6 11 13 14 0
5 10 1 3 4 6 12 13 14 0
5 10 1 3 4 7 8 9 11 1
5 10 1 3 4 7 8 9 12 1
5 10 1 3 4 7 8 9 13 1
5 10 1 3 4 7 8 9 14 1
5 10 1 3 4 7 8 11 12 1
5 10 1 3 4 7 8 11 13 1
5 10 1 3 4 7 8 11 14 1
5 10 1 3 4 7 8 12 13 1.41421
5 10 1 3 4 7 8 12 14 1.41421
5 10 1 3 4 7 8 13 14 1.41421
5 10 1 3 4 7 9 11 12 1
5 10 1 3 4 7 9 11 13 0
5 10 1 3 4 7 9 11 14 1
5 10 1 3 4 7 9 12 13 1
5 10 1 3 4 7 9 12 14 1
5 10 1 3 4 7 9 13 14 1
5 10 1 3 4 7 11 12 13 1
5 10 1 3 4 7 11 12 14 1
5 10 1 3 4 7 11 13 14 1
5 10 1 3 4 7 12 13 14 1.41421
5 10 1 3 4 8 9 11 12 1
5 10 1 3 4 8 9 11 13 0
5 10 1 3 4 8 9 11 14 1
5 10 1 3 4 8 9 12 13 1
5 10 1 3 4 8 9 12 14 1
5 10 1 3 4 8 9 13 14 1
5 10 1 3 4 8 11 12 13 1
5 10 1 3 4 8 11 12 14 1
5 10 1 3 4 8 11 13 14 1
5 10 1 3 4 8 12 13 14 1.41421
5 10 1 3 4 9 11 12 13 0
5 10 1 3 4 9 11 12 14 1
5 10 1 3 4 9 11 13 14 0
5 10 1 3 4 9 12 13 14 1
5 10 1 3 4 11 12 13 14 1
5 10 1 3 6 7 8 9 11 1
5 10 1 3 6 7 8 9 12 1
5 10 1 3 6 7 8 9 13 0
5 10 1 3 6 7 8 9 14 1
5 10 1 3 6 7 8 11 12 1
5 10 1 3 6 7 8 11 13 0
5 10 1 3 6 7 8 11 14 1
5 10 1 3 6 7 8 12 13 0
5 10 1 3 6 7 8 12 14 1
5 10 1 3 6 7 8 13 14 0
5 10 1 3 6 7 9 11 12 1
5 10 1 3 6 7 9 11 13 0
5 10 1 3 6 7 9 11 14 1
5 10 1 3 6 7 9 12 13 0
5 10 1 3 6 7 9 12 14 1
5 10 1 3 6 7 9 13 14 0
5 10 1 3 6 7 11 12 13 0
5 10 1 3 6 7 11 12 14 1
5 10 1 3 6 7 11 13 14 0
5 10 1 3 6 7 12 13 14 0
5 10 1 3 6 8 9 11 12 1
5 10 1 3 6 8 9 11 13 0
5 10 1 3 6 8 9 11 14 1
5 10 1 3 6 8 9 12 13 0
5 10 1 3 6 8 9 12 14 1
5 10 1 3 6 8 9 13 14 0
5 10 1 3 6 8 11 12 13 0
5 10 1 3 6 8 11 12 14 1
5 10 1 3 6 8 11 13 14 0
5 10 1 3 6 8 12 13 14 0
5 10 1 3 6 9 11 12 13 0
5 10 1 3 6 9 11 12 14 1
5 10 1 3 6 9 11 13 14 0
5 10 1 3 6 9 12 13 14 0
5 10 1 3 6 11 12 13 14 0
5 10 1 3 7 8 9 11 12 1
5 10 1 3 7 8 9 11 13 0
5 10 1 3 7 8 9 11 14 1
5 10 1 3 7 8 9 12 13 1
5 10 1 3 7 8 9 12 14 1
5 10 1 3 7 8 9 13 14 1
5 10 1 3 7 8 11 12 13 1
5 10 1 3 7 8 11 12 14 1
5 10 1 3 7 8 11 13 14 1
5 10 1 3 7 8 12 13 14 1.41421
5 10 1 3 7 9 11 12 13 0
5 10 1 3 7 9 11 12 14 1
5 10 1 3 7 9 11 13 14 0
5 10 1 3 7 9 12 13 14 1
5 10 1 3 7 11 12 13 14 1
5 10 1 3 8 9 11 12 13 0
5 10 1 3 8 9 11 12 14 1
5 10 1 3 8 9 11 13 14 0
5 10 1 3 8 9 12 13 14 1
5 10 1 3 8 11 12 13 14 1
5 10 1 3 9 11 12 13 14 0
5 10 1 4 6 7 8 9 11 1
5 10 1 4 6 7 8 9 12 1.41421
5 10 1 4 6 7 8 9 13 1.41421
5 10 1 4 6 7 8 9 14 1.41421
5 10 1 4 6 7 8 11 12 1
5 10 1 4 6 7 8 11 13 1
5 10 1 4 6 7 8 11 14 1
5 10 1 4 6 7 8 12 13 1.41421
5 10 1 4 6 7 8 12 14 1.41421
5 10 1 4 6 7 8 13 14 1.41421
5 10 1 4 6 7 9 11 12 1
5 10 1 4 6 7 9 11 13 1
5 10 1 4 6 7 9 11 14 1
5 10 1 4 6 7 9 12 13 1.41421
5 10 1 4 6 7 9 12 14 1.41421
5 10 1 4 6 7 9 13 14 1.41421
5 10 1 4 6 7 11 12 13 1
5 10 1 4 6 7 11 12 14 1
5 10 1 4 6 7 11 13 14 1
5 10 1 4 6 7 12 13 14 1.41421
5 10 1 4 6 8 9 11 12 1.41421
5 10 1 4 6 8 9 11 13 1.41421
5 10 1 4 6 8 9 11 14 1.41421
5 10 1 4 6 8 9 12 13 1.73205
5 10 1 4 6 8 9 12 14 1.73205
5 10 1 4 6 8 9 13 14 1.73205
5 10 1 4 6 8 11 12 13 1.41421
5 10 1 4 6 8 11 12 14 1.41421
5 10 1 4 6 8 11 13 14 1.41421
5 10 1 4 6 8 12 13 14 1.73205
5 10 1 4 6 9 11 12 13 1.41421
5 10 1 4 6 9 11 12 14 1.41421
5 10 1 4 6 9 11 13 14 1.41421
5 10 1 4 6 9 12 13 14 1.73205
5 10 1 4 6 11 12 13 14 1.41421
5 10 1 4 7 8 9 11 12 1
5 10 1 4 7 8 9 11 13 1
5 10 1 4 7 8 9 11 14 1
5 10 1 4 7 8 9 12 13 1.62019
5 10 1 4 7 8 9 12 14 1.62019
5 10 1 4 7 8 9 13 14 1.62019
5 10 1 4 7 8 11 12 13 1
5 10 1 4 7 8 11 12 14 1
5 10 1 4 7 8 11 13 14 1
5 10 1 4 7 8 12 13 14 1.73205
5 10 1 4 7 9 11 12 13 1
5 10 1 4 7 9 11 12 14 1
5 10 1 4 7 9 11 13 14 1
5 10 1 4 7 9 12 13 14 1.62019
5 10 1 4 7 11 12 13 14 1
5 10 1 4 8 9 11 12 13 1.41421
5 10 1 4 8 9 11 12 14 1.41421
5 10 1 4 8 9 11 13 14 1.41421
5 10 1 4 8 9 12 13 14 1.85164
5 10 1 4 8 11 12 13 14 1.41421
5 10 1 4 9 11 12 13 14 1.41421
5 10 1 6 7 8 9 11 12 1
5 10 1 6 7 8 9 11 13 1
5 10 1 6 7 8 9 11 14 1
5 10 1 6 7 8 9 12 13 1.41421
5 10 1 6 7 8 9 12 14 1.41421
5 10 1 6 7 8 9 13 14 1.41421
5 10 1 6 7 8 11 12 13 1
5 10 1 6 7 8 11 12 14 1
5 10 1 6 7 8 11 13 14 1
5 10 1 6 7 8 12 13 14 1.41421
5 10 1 6 7 9 11 12 13 1
5 10 1 6 7 9 11 12 14 1
5 10 1 6 7 9 11 13 14 1
5 10 1 6 7 9 12 13 14 1.41421
5 10 1 6 7 11 12 13 14 1
5 10 1 6 8 9 11 12 13 1.41421
5 10 1 6 8 9 11 12 14 1.41421
5 10 1 6 8 9 11 13 14 1.41421
5 10 1 6 8 9 12 13 14 1.73205
5 10 1 6 8 11 12 13 14 1.41421
5 10 1 6 9 11 12 13 14 1.41421
5 10 1 7 8 9 11 12 13 1
5 10 1 7 8 9 11 12 14 1
5 10 1 7 8 9 11 13 14 1
5 10 1 7 8 9 12 13 14 1.62019
5 10 1 7 8 11 12 13 14 1
5 10 1 7 9 11 12 13 14 1
5 10 1 8 9 11 12 13 14 1.41421
5 10 2 3 4 6 7 8 9 1.62019
5 10 2 3 4 6 7 8 11 1.62019
5 10 2 3 4 6 7 8 12 1.41421
5 10 2 3 4 6 7 8 13 1
5 10 2 3 4 6 7 8 14 1.62019
5 10 2 3 4 6 7 9 11 1.85164
5 10 2 3 4 6 7 9 12 1.62019
5 10 2 3 4 6 7 9 13 1.41421
5 10 2 3 4 6 7 9 14 1.85164
5 10 2 3 4 6 7 11 12 1.62019
5 10 2 3 4 6 7 11 13 1.41421
5 10 2 3 4 6 7 11 14 1.85164
5 10 2 3 4 6 7 12 13 1
5 10 2 3 4 6 7 12 14 1.62019
5 10 2 3 4 6 7 13 14 1.41421
5 10 2 3 4 6 8 9 11 1.85164
5 10 2 3 4 6 8 9 12 1.62019
5 10 2 3 4 6 8 9 13 1.41421
5 10 2 3 4 6 8 9 14 1.85164
5 10 2 3 4 6 8 11 12 1.62019
5 10 2 3 4 6 8 11 13 1.41421
5 10 2 3 4 6 8 11 14 1.85164
5 10 2 3 4 6 8 12 13 1
5 10 2 3 4 6 8 12 14 1.62019
5 10 2 3 4 6 8 13 14 1.41421
5 10 2 3 4 6 9 11 12 1.85164
5 10 2 3 4 6 9 11 13 1.73205
5 10 2 3 4 6 9 11 14 2.07802
5 10 2 3 4 6 9 12 13 1.41421
5 10 2 3 4 6 9 12 14 1.85164
5 10 2 3 4 6 9 13 14 1.73205
5 10 2 3 4 6 11 12 13 1.41421
5 10 2 3 4 6 11 12 14 1.85164
5 10 2 3 4 6 11 13 14 1.73205
5 10 2 3 4 6 12 13 14 1.41421
5 10 2 3 4 7 8 9 11 1.62019
5 10 2 3 4 7 8 9 12 1.41421
5 10 2 3 4 7 8 9 13 1
5 10 2 3 4 7 8 9 14 1.62019
5 10 2 3 4 7 8 11 12 1.41421
5 10 2 3 4 7 8 11 13 1
5 10 2 3 4 7 8 11 14 1.62019
5 10 2 3 4 7 8 12 13 1.41421
5 10 2 3 4 7 8 12 14 1.41421
5 10 2 3 4 7 8 13 14 1.41421
5 10 2 3 4 7 9 11 12 1.62019
5 10 2 3 4 7 9 11 13 1.41421
5 10 2 3 4 7 9 11 14 1.85164
5 10 2 3 4 7 9 12 13 1
5 10 2 3 4 7 9 12 14 1.62019
5 10 2 3 4 7 9 13 14 1.41421
5 10 2 3 4 7 11 12 13 1
5 10 2 3 4 7 11 12 14 1.62019
5 10 2 3 4 7 11 13 14 1.41421
5 10 2 3 4 7 12 13 14 1.41421
5 10 2 3 4 8 9 11 12 1.62019
5 10 2 3 4 8 9 11 13 1.41421
5 10 2 3 4 8 9 11 14 1.85164
5 10 2 3 4 8 9 12 13 1
5 10 2 3 4 8 9 12 14 1.62019
5 10 2 3 4 8 9 13 14 1.41421
5 10 2 3 4 8 11 12 13 1
5 10 2 3 4 8 11 12 14 1.62019
5 10 2 3 4 8 11 13 14 1.41421
5 10 2 3 4 8 12 13 14 1.41421
5 10 2 3 4 9 11 12 13 1.41421
5 10 2 3 4 9 11 12 14 1.85164
5 10 2 3 4 9 11 13 14 1.73205
5 10 2 3 4 9 12 13 14 1.41421
5 10 2 3 4 11 12 13 14 1.41421
5 10 2 3 6 7 8 9 11 1.62019
5 10 2 3 6 7 8 9 12 1.41421
5 10 2 3 6 7 8 9 13 1
5 10 2 3 6 7 8 9 14 1.62019
5 10 2 3 6 7 8 11 12 1.41421
5 10 2 3 6 7 8 11 13 1
5 10 2 3 6 7 8 11 14 1.62019
5 10 2 3 6 7 8 12 13 0
5 10 2 3 6 7 8 12 14 1.41421
5 10 2 3 6 7 8 13 14 1
5 10 2 3 6 7 9 11 12 1.62019
5 10 2 3 6 7 9 11 13 1.41421
5 10 2 3 6 7 9 11 14 1.85164
5 10 2 3 6 7 9 12 13 1
5 10 2 3 6 7 9 12 14 1.62019
5 10 2 3 6 7 9 13 14 1.41421
5 10 2 3 6 7 11 12 13 1
5 10 2 3 6 7 11 12 14 1.62019
5 10 2 3 6 7 11 13 14 1.41421
5 10 2 3 6 7 12 13 14 1
5 10 2 3 6 8 9 11 12 1.62019
5 10 2 3 6 8 9 11 13 1.41421
5 10 2 3 6 8 9 11 14 1.85164
5 10 2 3 6 8 9 12 13 1
5 10 2 3 6 8 9 12 14 1.62019
5 10 2 3 6 8 9 13 14 1.41421
5 10 2 3 6 8 11 12 13 1
5 10 2 3 6 8 11 12 14 1.62019
5 10 2 3 6 8 11 13 14 1.41421
5 10 2 3 6 8 12 13 14 1
5 10 2 3 6 9 11 12 13 1.41421
5 10 2 3 6 9 11 12 14 1.85164
5 10 2 3 6 9 11 13 14 1.73205
5 10 2 3 6 9 12 13 14 1.41421
5 10 2 3 6 11 12 13 14 1.41421
5 10 2 3 7 8 9 11 12 1.41421
5 10 2 3 7 8 9 11 13 1
5 10 2 3 7 8 9 11 14 1.62019
5 10 2 3 7 8 9 12 13 1
5 10 2 3 7 8 9 12 14 1.41421
5 10 2 3 7 8 9 13 14 1
5 10 2 3 7 8 11 12 13 1
5 10 2 3 7 8 11 12 14 1.41421
5 10 2 3 7 8 11 13 14 1
5 10 2 3 7 8 12 13 14 1.41421
5 10 2 3 7 9 11 12 13 1
5 10 2 3 7 9 11 12 14 1.62019
5 10 2 3 7 9 11 13 14 1.41421
5 10 2 3 7 9 12 13 14 1
5 10 2 3 7 11 12 13 14 1
5 10 2 3 8 9 11 12 13 1
5 10 2 3 8 9 11 12 14 1.62019
5 10 2 3 8 9 11 13 14 1.41421
5 10 2 3 8 9 12 13 14 1
5 10 2 3 8 11 12 13 14 1
5 10 2 3 9 11 12 13 14 1.41421
5 10 2 4 6 7 8 9 11 1.62019
5 10 2 4 6 7 8 9 12 1.41421
5 10 2 4 6 7 8 9 13 1
5 10 2 4 6 7 8 9 14 1.62019
5 10 2 4 6 7 8 11 12 1.41421
5 10 2 4 6 7 8 11 13 1
5 10 2 4 6 7 8 11 14 1.62019
5 10 2 4 6 7 8 12 13 1
5 10 2 4 6 7 8 12 14 1.41421
5 10 2 4 6 7 8 13 14 1
5 10 2 4 6 7 9 11 12 1.62019
5 10 2 4 6 7 9 11 13 1.41421
5 10 2 4 6 7 9 11 14 1.85164
5 10 2 4 6 7 9 12 13 1
5 10 2 4 6 7 9 12 14 1.62019
5 10 2 4 6 7 9 13 14 1.41421
5 10 2 4 6 7 11 12 13 1
5 10 2 4 6 7 11 12 14 1.62019
5 10 2 4 6 7 11 13 14 1.41421
5 10 2 4 6 7 12 13 14 1
5 10 2 4 6 8 9 11 12 1.73205
5 10 2 4 6 8 9 11 13 1.62019
5 10 2 4 6 8 9 11 14 1.93309
5 10 2 4 6 8 9 12 13 1.62019
5 10 2 4 6 8 9 12 14 1.81265
5 10 2 4 6 8 9 13 14 1.73205
5 10 2 4 6 8 11 12 13 1.41421
5 10 2 4 6 8 11 12 14 1.73205
5 10 2 4 6 8 11 13 14 1.62019
5 10 2 4 6 8 12 13 14 1.62019
5 10 2 4 6 9 11 12 13 1.62019
5 10 2 4 6 9 11 12 14 1.93309
5 10 2 4 6 9 11 13 14 1.85164
5 10 2 4 6 9 12 13 14 1.73205
5 10 2 4 6 11 12 13 14 1.62019
5 10 2 4 7 8 9 11 12 1.41421
5 10 2 4 7 8 9 11 13 1
5 10 2 4 7 8 9 11 14 1.62019
5 10 2 4 7 8 9 12 13 1.41421
5 10 2 4 7 8 9 12 14 1.41421
5 10 2 4 7 8 9 13 14 1.41421
5 10 2 4 7 8 11 12 13 1
5 10 2 4 7 8 11 12 14 1.41421
5 10 2 4 7 8 11 13 14 1
5 10 2 4 7 8 12 13 14 1.62019
5 10 2 4 7 9 11 12 13 1
5 10 2 4 7 9 11 12 14 1.62019
5 10 2 4 7 9 11 13 14 1.41421
5 10 2 4 7 9 12 13 14 1.41421
5 10 2 4 7 11 12 13 14 1
5 10 2 4 8 9 11 12 13 1.41421
5 10 2 4 8 9 11 12 14 1.73205
5 10 2 4 8 9 11 13 14 1.62019
5 10 2 4 8 9 12 13 14 1.73205
5 10 2 4 8 11 12 13 14 1.41421
5 10 2 4 9 11 12 13 14 1.62019
5 10 2 6 7 8 9 11 12 1.41421
5 10 2 6 7 8 9 11 13 1
5 10 2 6 7 8 9 11 14 1.62019
5 10 2 6 7 8 9 12 13 1
5 10 2 6 7 8 9 12 14 1.41421
5 10 2 6 7 8 9 13 14 1
5 10 2 6 7 8 11 12 13 0
5 10 2 6 7 8 11 12 14 1.41421
5 10 2 6 7 8 11 13 14 1
5 10 2 6 7 8 12 13 14 1
5 10 2 6 7 9 11 12 13 1
5 10 2 6 7 9 11 12 14 1.62019
5 10 2 6 7 9 11 13 14 1.41421
5 10 2 6 7 9 12 13 14 1
5 10 2 6 7 11 12 13 14 1
5 10 2 6 8 9 11 12 13 1.41421
5 10 2 6 8 9 11 12 14 1.73205
5 10 2 6 8 9 11 13 14 1.62019
5 10 2 6 8 9 12 13 14 1.62019
5 10 2 6 8 11 12 13 14 1.41421
5 10 2 6 9 11 12 13 14 1.62019
5 10 2 7 8 9 11 12 13 0
5 10 2 7 8 9 11 12 14 1.41421
5 10 2 7 8 9 11 13 14 1
5 10 2 7 8 9 12 13 14 1.41421
5 10 2 7 8 11 12 13 14 1
5 10 2 7 9 11 12 13 14 1
5 10 2 8 9 11 12 13 14 1.41421
5 10 3 4 6 7 8 9 11 1.85164
5 10 3 4 6 7 8 9 12 1.62019
5 10 3 4 6 7 8 9 13 1.41421
5 10 3 4 6 7 8 9 14 1.85164
5 10 3 4 6 7 8 11 12 1.62019
5 10 3 4 6 7 8 11 13 1.41421
5 10 3 4 6 7 8 11 14 1.85164
5 10 3 4 6 7 8 12 13 1
5 10 3 4 6 7 8 12 14 1.62019
5 10 3 4 6 7 8 13 14 1.41421
5 10 3 4 6 7 9 11 12 1.85164
5 10 3 4 6 7 9 11 13 1.73205
5 10 3 4 6 7 9 11 14 2.07802
5 10 3 4 6 7 9 12 13 1.41421
5 10 3 4 6 7 9 12 14 1.85164
5 10 3 4 6 7 9 13 14 1.73205
5 10 3 4 6 7 11 12 13 1.41421
5 10 3 4 6 7 11 12 14 1.85164
5 10 3 4 6 7 11 13 14 1.73205
5 10 3 4 6 7 12 13 14 1.41421
5 10 3 4 6 8 9 11 12 1.85164
5 10 3 4 6 8 9 11 13 1.73205
5 10 3 4 6 8 9 11 14 2.07802
5 10 3 4 6 8 9 12 13 1.41421
5 10 3 4 6 8 9 12 14 1.85164
5 10 3 4 6 8 9 13 14 1.73205
5 10 3 4 6 8 11 12 13 1.41421
5 10 3 4 6 8 11 12 14 1.85164
5 10 3 4 6 8 11 13 14 1.73205
5 10 3 4 6 8 12 13 14 1.41421
5 10 3 4 6 9 11 12 13 1.73205
5 10 3 4 6 9 11 12 14 2.07802
5 10 3 4 6 9 11 13 14 2
5 10 3 4 6 9 12 13 14 1.73205
5 10 3 4 6 11 12 13 14 1.73205
5 10 3 4 7 8 9 11 12 1.62019
5 10 3 4 7 8 9 11 13 1.41421
5 10 3 4 7 8 9 11 14 1.85164
5 10 3 4 7 8 9 12 13 1
5 10 3 4 7 8 9 12 14 1.62019
5 10 3 4 7 8 9 13 14 1.41421
5 10 3 4 7 8 11 12 13 1
5 10 3 4 7 8 11 12 14 1.62019
5 10 3 4 7 8 11 13 14 1.41421
5 10 3 4 7 8 12 13 14 1.41421
5 10 3 4 7 9 11 12 13 1.41421
5 10 3 4 7 9 11 12 14 1.85164
5 10 3 4 7 9 11 13 14 1.73205
5 10 3 4 7 9 12 13 14 1.41421
5 10 3 4 7 11 12 13 14 1.41421
5 10 3 4 8 9 11 12 13 1.41421
5 10 3 4 8 9 11 12 14 1.85164
5 10 3 4 8 9 11 13 14 1.73205
5 10 3 4 8 9 12 13 14 1.41421
5 10 3 4 8 11 12 13 14 1.41421
5 10 3 4 9 11 12 13 14 1.73205
5 10 3 6 7 8 9 11 12 1.62019
5 10 3 6 7 8 9 11 13 1.41421
5 10 3 6 7 8 9 11 14 1.85164
5 10 3 6 7 8 9 12 13 1
5 10 3 6 7 8 9 12 14 1.62019
5 10 3 6 7 8 9 13 14 1.41421
5 10 3 6 7 8 11 12 13 1
5 10 3 6 7 8 11 12 14 1.62019
5 10 3 6 7 8 11 13 14 1.41421
5 10 3 6 7 8 12 13 14 1
5 10 3 6 7 9 11 12 13 1.41421
5 10 3 6 7 9 11 12 14 1.85164
5 10 3 6 7 9 11 13 14 1.73205
5 10 3 6 7 9 12 13 14 1.41421
5 10 3 6 7 11 12 13 14 1.41421
5 10 3 6 8 9 11 12 13 1.41421
5 10 3 6 8 9 11 12 14 1.85164
5 10 3 6 8 9 11 13 14 1.73205
5 10 3 6 8 9 12 13 14 1.41421
5 10 3 6 8 11 12 13 14 1.41421
5 10 3 6 9 11 12 13 14 1.73205
5 10 3 7 8 9 11 12 13 1
5 10 3 7 8 9 11 12 14 1.62019
5 10 3 7 8 9 11 13 14 1.41421
5 10 3 7 8 9 12 13 14 1
5 10 3 7 8 11 12 13 14 1
5 10 3 7 9 11 12 13 14 1.41421
5 10 3 8 9 11 12 13 14 1.41421
5 10 4 6 7 8 9 11 12 1.73205
5 10 4 6 7 8 9 11 13 1.62019
5 10 4 6 7 8 9 11 14 1.93309
5 10 4 6 7 8 9 12 13 1.62019
5 10 4 6 7 8 9 12 14 1.81265
5 10 4 6 7 8 9 13 14 1.73205
5 10 4 6 7 8 11 12 13 1.41421
5 10 4 6 7 8 11 12 14 1.73205
5 10 4 6 7 8 11 13 14 1.62019
5 10 4 6 7 8 12 13 14 1.62019
5 10 4 6 7 9 11 12 13 1.62019
5 10 4 6 7 9 11 12 14 1.93309
5 10 4 6 7 9 11 13 14 1.85164
5 10 4 6 7 9 12 13 14 1.73205
5 10 4 6 7 11 12 13 14 1.62019
5 10 4 6 8 9 11 12 13 2
5 10 4 6 8 9 11 12 14 2.16025
5 10 4 6 8 9 11 13 14 2.13664
5 10 4 6 8 9 12 13 14 2.13664
5 10 4 6 8 11 12 13 14 2
5 10 4 6 9 11 12 13 14 2.13664
5 10 4 7 8 9 11 12 13 1.41421
5 10 4 7 8 9 11 12 14 1.73205
5 10 4 7 8 9 11 13 14 1.62019
5 10 4 7 8 9 12 13 14 1.73205
5 10 4 7 8 11 12 13 14 1.41421
5 10 4 7 9 11 12 13 14 1.62019
5 10 4 8 9 11 12 13 14 2
5 10 6 7 8 9 11 12 13 1.41421
5 10 6 7 8 9 11 12 14 1.73205
5 10 6 7 8 9 11 13 14 1.62019
5 10 6 7 8 9 12 13 14 1.62019
5 10 6 7 8 11 12 13 14 1.41421
5 10 6 7 9 11 12 13 14 1.62019
5 10 6 8 9 11 12 13 14 2
5 10 7 8 9 11 12 13 14 1.41421
