12 13 0 1 2.44949
12 13 0 2 2.20678
12 13 0 3 2.44949
12 13 0 4 2.63923
12 13 0 5 2.44949
12 13 0 6 2.71341
12 13 0 7 2.20678
12 13 0 8 2.63923
12 13 0 9 2.736
12 13 0 10 2.65417
12 13 0 11 2.68949
12 13 0 14 2.71042
12 13 1 2 1.97531
12 13 1 3 2
12 13 1 4 2.19089
12 13 1 5 1.90693
12 13 1 6 2.44949
12 13 1 7 1.97531
12 13 1 8 2.38048
12 13 1 9 2.44949
12 13 1 10 2.28446
12 13 1 11 2.23607
12 13 1 14 2.38048
12 13 2 3 2.10639
12 13 2 4 2.04742
12 13 2 5 1.97531
12 13 2 6 2.19644
12 13 2 7 1.93309
12 13 2 8 2.04742
12 13 2 9 2.1965
12 13 2 10 2.08167
12 13 2 11 2.173
12 13 2 14 2.23607
12 13 3 4 2.19089
12 13 3 5 2
12 13 3 6 2.44949
12 13 3 7 2.10639
12 13 3 8 2.19089
12 13 3 9 2.44949
12 13 3 10 2.23607
12 13 3 11 2.44949
12 13 3 14 2.38048
12 13 4 5 2.38048
12 13 4 6 2.64575
12 13 4 7 2.04742
12 13 4 8 2.53899
12 13 4 9 2.62912
12 13 4 10 2.64575
12 13 4 11 2.53899
12 13 4 14 2.62912
12 13 5 6 2.44949
12 13 5 7 1.97531
12 13 5 8 2.19089
12 13 5 9 2.44949
12 13 5 10 2.28446
12 13 5 11 2.23607
12 13 5 14 2.38048
12 13 6 7 2.19644
12 13 6 8 2.64575
12 13 6 9 2.71341
12 13 6 10 2.64575
12 13 6 11 2.68949
12 13 6 14 2.70157
12 13 7 8 2.04742
12 13 7 9 2.1965
12 13 7 10 2.08167
12 13 7 11 2.173
12 13 7 14 2.23607
12 13 8 9 2.62912
12 13 8 10 2.64575
12 13 8 11 2.53899
12 13 8 14 2.62912
12 13 9 10 2.66288
12 13 9 11 2.68949
12 13 9 14 2.70663
12 13 10 11 2.58844
12 13 10 14 2.65417
12 13 11 14 2.65875
