1
2
32
9
12
5
15
25
19
21
68
49
6
14
111
66
18
52
17
40
102
29
20
473
39
11
190
95
138
291
8
527
4
24
73
81
150
152
418
3
85
28
131
48
100
55
65
57
225
109
151
83
154
351
10
0
36
125
92
96
69
453
134
44
158
309
50
417
37
530
383
58
188
27
503
46
91
374
558
333
42
33
263
550
754
135
416
71
104
229
74
94
364
118
144
237
174
352
300
30
266
665
507
368
165
70
372
247
514
185
606
469
208
482
303
365
108
62
280
599
86
90
286
478
250
184
89
306
7
51
294
245
157
193
592
357
614
146
431
756
110
224
249
395
445
31
358
360
187
817
232
337
359
744
376
75
258
252
202
163
195
492
105
122
139
246
394
107
219
491
226
415
64
297
63
656
463
251
687
93
379
442
342
204
564
475
678
632
241
499
389
330
755
172
218
244
385
382
242
862
117
326
923
510
770
295
287
536
87
526
72
116
450
474
440
495
769
299
392
261
377
472
254
541
345
675
119
127
580
13
239
751
816
378
671
161
361
279
508
529
531
559
593
355
591
268
562
568
120
373
633
59
896
264
206
629
228
60
699
133
257
856
681
620
191
720
289
729
585
400
54
325
296
772
815
715
631
908
824
141
494
745
101
262
349
313
76
170
543
223
747
222
713
540
740
194
61
147
839
334
197
346
183
424
214
186
752
470
498
835
598
16
476
662
419
974
889
487
269
388
484
366
114
466
537
198
533
256
414
336
942
458
380
542
384
905
909
871
386
534
717
861
670
370
653
807
616
940
848
691
914
854
159
868
403
565
363
513
320
155
310
841
811
796
762
549
959
794
628
987
672
764
587
627
865
976
409
427
314
480
825
749
538
722
638
677
347
928
907
623
716
705
866
836
78
391
823
112
393
725
639
625
512
784
844
898
967
180
821
82
814
998
980
338
192
99
733
663
578
516
765
524
805
408
872
804
741
212
462
941
467
601
851
753
859
950
726
875
175
906
589
583
651
344
456
443
803
857
829
156
707
435
375
724
842
734
714
621
236
837
819
284
776
634
797
493
215
301
853
611
569
748
488
680
761
963
701
975
398
864
767
947
449
528
441
880
668
684
451
535
787
217
115
886
820
477
231
879
946
176
471
888
960
911
444
972
984
584
800
878
171
425
432
996
404
381
255
617
515
622
619
689
669
575
954
316
332
181
636
847
937
312
348
798
955
103
560
23
367
696
201
411
137
523
413
285
685
645
737
650
240
276
863
910
129
489
340
682
763
460
978
271
652
944
145
502
561
774
452
369
570
26
270
483
173
552
45
35
790
455
968
709
420
485
586
328
809
931
504
789
233
912
211
556
988
654
399
799
548
904
938
801
235
319
602
148
200
517
778
576
964
667
688
610
711
781
932
822
426
142
818
315
571
929
554
873
203
759
308
674
167
992
990
750
324
788
481
189
664
693
292
648
731
644
860
464
511
371
140
207
832
624
746
577
423
739
123
965
465
958
660
949
547
253
486
957
282
468
259
795
773
446
646
283
509
421
913
995
274
277
603
401
702
546
742
457
953
169
703
574
582
961
566
520
892
850
899
196
673
827
876
136
939
676
227
34
317
290
341
902
532
581
437
216
260
846
436
700
979
67
461
88
922
808
810
153
881
877
121
238
213
758
278
422
166
956
397
985
497
288
775
479
539
553
128
983
608
47
438
760
199
962
567
43
243
918
97
448
563
658
721
339
77
661
521
143
318
697
989
757
407
927
885
596
595
710
845
647
786
971
727
353
736
712
605
813
981
177
698
630
387
969
834
113
221
915
655
683
694
887
311
501
852
930
459
447
265
637
406
343
792
812
130
891
917
831
84
768
396
659
991
307
833
402
454
728
838
900
895
505
924
281
706
874
897
600
354
870
869
858
994
275
331
41
806
843
519
686
327
160
168
855
273
666
997
433
362
234
106
951
766
329
321
883
525
936
434
590
518
779
952
982
557
302
604
500
926
506
618
973
882
642
925
597
594
572
429
657
410
649
894
901
573
867
993
613
943
826
579
124
785
641
783
304
732
977
98
738
828
920
692
80
53
132
182
293
777
640
840
626
890
704
356
970
430
248
56
986
22
730
771
390
323
830
305
272
643
919
335
921
428
719
522
999
164
793
791
679
802
588
555
903
723
780
612
496
490
849
439
690
178
743
607
935
884
267
298
551
916
893
149
735
945
230
545
209
220
635
205
718
210
79
948
350
126
615
609
695
966
934
708
933
544
405
322
179
782
412
38
162
