9 13 0 1 2 3 1.90693
9 13 0 1 2 4 1.73205
9 13 0 1 2 5 1.73205
9 13 0 1 2 6 1.96214
9 13 0 1 2 7 1.85164
9 13 0 1 2 8 2
9 13 0 1 2 10 1.81265
9 13 0 1 2 11 1.93309
9 13 0 1 2 12 1.96769
9 13 0 1 2 14 2
9 13 0 1 3 4 1.41421
9 13 0 1 3 5 1.73205
9 13 0 1 3 6 2
9 13 0 1 3 7 1.90693
9 13 0 1 3 8 1.90693
9 13 0 1 3 10 1.73205
9 13 0 1 3 11 2
9 13 0 1 3 12 2
9 13 0 1 3 14 1.90693
9 13 0 1 4 5 1.85164
9 13 0 1 4 6 2.13664
9 13 0 1 4 7 1.73205
9 13 0 1 4 8 2.16025
9 13 0 1 4 10 2.16025
9 13 0 1 4 11 2
9 13 0 1 4 12 2.16025
9 13 0 1 4 14 2.16025
9 13 0 1 5 6 1.73205
9 13 0 1 5 7 1.73205
9 13 0 1 5 8 1.85164
9 13 0 1 5 10 1.85164
9 13 0 1 5 11 1.73205
9 13 0 1 5 12 1.85164
9 13 0 1 5 14 1.85164
9 13 0 1 6 7 1.96214
9 13 0 1 6 8 2.28446
9 13 0 1 6 10 2.23607
9 13 0 1 6 11 2.23607
9 13 0 1 6 12 2.44949
9 13 0 1 6 14 2.28446
9 13 0 1 7 8 2
9 13 0 1 7 10 1.81265
9 13 0 1 7 11 1.93309
9 13 0 1 7 12 1.96769
9 13 0 1 7 14 2
9 13 0 1 8 10 2.26385
9 13 0 1 8 11 2.19089
9 13 0 1 8 12 2.3094
9 13 0 1 8 14 2.3094
9 13 0 1 10 11 2.13664
9 13 0 1 10 12 2.26385
9 13 0 1 10 14 2.26385
9 13 0 1 11 12 2.23607
9 13 0 1 11 14 2.19089
9 13 0 1 12 14 2.3094
9 13 0 2 3 4 2
9 13 0 2 3 5 2
9 13 0 2 3 6 2.16025
9 13 0 2 3 7 2
9 13 0 2 3 8 2
9 13 0 2 3 10 1.90693
9 13 0 2 3 11 2.16025
9 13 0 2 3 12 2.10639
9 13 0 2 3 14 2.10639
9 13 0 2 4 5 2.04495
9 13 0 2 4 6 2.16025
9 13 0 2 4 7 1.73205
9 13 0 2 4 8 2
9 13 0 2 4 10 2.08167
9 13 0 2 4 11 2.08167
9 13 0 2 4 12 2.04495
9 13 0 2 4 14 2.16025
9 13 0 2 5 6 2.08738
9 13 0 2 5 7 1.90693
9 13 0 2 5 8 1.81265
9 13 0 2 5 10 1.93309
9 13 0 2 5 11 2.04939
9 13 0 2 5 12 1.96769
9 13 0 2 5 14 2.04495
9 13 0 2 6 7 2
9 13 0 2 6 8 2.08167
9 13 0 2 6 10 2.10223
9 13 0 2 6 11 2.2563
9 13 0 2 6 12 2.19644
9 13 0 2 6 14 2.23607
9 13 0 2 7 8 1.62019
9 13 0 2 7 10 1.41421
9 13 0 2 7 11 2
9 13 0 2 7 12 1.93309
9 13 0 2 7 14 1.81265
9 13 0 2 8 10 2.0381
9 13 0 2 8 11 2
9 13 0 2 8 12 2.04495
9 13 0 2 8 14 2.05751
9 13 0 2 10 11 2.04939
9 13 0 2 10 12 2.0381
9 13 0 2 10 14 2.12132
9 13 0 2 11 12 2.173
9 13 0 2 11 14 2.19745
9 13 0 2 12 14 2.15758
9 13 0 3 4 5 2.10357
9 13 0 3 4 6 2.33699
9 13 0 3 4 7 2
9 13 0 3 4 8 2.13664
9 13 0 3 4 10 2.28709
9 13 0 3 4 11 2.33699
9 13 0 3 4 12 2.19089
9 13 0 3 4 14 2.32266
9 13 0 3 5 6 2.15297
9 13 0 3 5 7 2
9 13 0 3 5 8 1.73205
9 13 0 3 5 10 2
9 13 0 3 5 11 2.15297
9 13 0 3 5 12 2
9 13 0 3 5 14 2.10357
9 13 0 3 6 7 2.16025
9 13 0 3 6 8 2.28446
9 13 0 3 6 10 2.35488
9 13 0 3 6 11 2.50333
9 13 0 3 6 12 2.44949
9 13 0 3 6 14 2.46311
9 13 0 3 7 8 2
9 13 0 3 7 10 1.90693
9 13 0 3 7 11 2.16025
9 13 0 3 7 12 2.10639
9 13 0 3 7 14 2.10639
9 13 0 3 8 10 2.23607
9 13 0 3 8 11 2.28446
9 13 0 3 8 12 2.19089
9 13 0 3 8 14 2.26385
9 13 0 3 10 11 2.35488
9 13 0 3 10 12 2.23607
9 13 0 3 10 14 2.35488
9 13 0 3 11 12 2.44949
9 13 0 3 11 14 2.46311
9 13 0 3 12 14 2.38048
9 13 0 4 5 6 2.40426
9 13 0 4 5 7 2.04495
9 13 0 4 5 8 2.26385
9 13 0 4 5 10 2.37697
9 13 0 4 5 11 2.33699
9 13 0 4 5 12 2.3094
9 13 0 4 5 14 2.40662
9 13 0 4 6 7 2.16025
9 13 0 4 6 8 2.58844
9 13 0 4 6 10 2.66231
9 13 0 4 6 11 2.62202
9 13 0 4 6 12 2.64575
9 13 0 4 6 14 2.68164
9 13 0 4 7 8 2
9 13 0 4 7 10 2.08167
9 13 0 4 7 11 2.08167
9 13 0 4 7 12 2.04495
9 13 0 4 7 14 2.16025
9 13 0 4 8 10 2.60419
9 13 0 4 8 11 2.52543
9 13 0 4 8 12 2.53722
9 13 0 4 8 14 2.60419
9 13 0 4 10 11 2.61406
9 13 0 4 10 12 2.60419
9 13 0 4 10 14 2.67435
9 13 0 4 11 12 2.53899
9 13 0 4 11 14 2.62216
9 13 0 4 12 14 2.61861
9 13 0 5 6 7 2.08738
9 13 0 5 6 8 2.23607
9 13 0 5 6 10 2.35488
9 13 0 5 6 11 2.39046
9 13 0 5 6 12 2.44949
9 13 0 5 6 14 2.40426
9 13 0 5 7 8 1.81265
9 13 0 5 7 10 1.93309
9 13 0 5 7 11 2.04939
9 13 0 5 7 12 1.96769
9 13 0 5 7 14 2.04495
9 13 0 5 8 10 2.26385
9 13 0 5 8 11 2.13664
9 13 0 5 8 12 2.16025
9 13 0 5 8 14 2.26385
9 13 0 5 10 11 2.28709
9 13 0 5 10 12 2.26385
9 13 0 5 10 14 2.37697
9 13 0 5 11 12 2.23607
9 13 0 5 11 14 2.33699
9 13 0 5 12 14 2.3094
9 13 0 6 7 8 2.08167
9 13 0 6 7 10 2.10223
9 13 0 6 7 11 2.2563
9 13 0 6 7 12 2.19644
9 13 0 6 7 14 2.23607
9 13 0 6 8 10 2.64575
9 13 0 6 8 11 2.64575
9 13 0 6 8 12 2.64575
9 13 0 6 8 14 2.66288
9 13 0 6 10 11 2.66231
9 13 0 6 10 12 2.64575
9 13 0 6 10 14 2.71163
9 13 0 6 11 12 2.68949
9 13 0 6 11 14 2.72279
9 13 0 6 12 14 2.70157
9 13 0 7 8 10 2.0381
9 13 0 7 8 11 2
9 13 0 7 8 12 2.04495
9 13 0 7 8 14 2.05751
9 13 0 7 10 11 2.04939
9 13 0 7 10 12 2.0381
9 13 0 7 10 14 2.12132
9 13 0 7 11 12 2.173
9 13 0 7 11 14 2.19745
9 13 0 7 12 14 2.15758
9 13 0 8 10 11 2.58844
9 13 0 8 10 12 2.60419
9 13 0 8 10 14 2.66288
9 13 0 8 11 12 2.53899
9 13 0 8 11 14 2.60419
9 13 0 8 12 14 2.61861
9 13 0 10 11 12 2.58844
9 13 0 10 11 14 2.66231
9 13 0 10 12 14 2.66288
9 13 0 11 12 14 2.65875
9 13 1 2 3 4 1.41421
9 13 1 2 3 5 1.73205
9 13 1 2 3 6 1.90693
9 13 1 2 3 7 1.85164
9 13 1 2 3 8 1.73205
9 13 1 2 3 10 1.41421
9 13 1 2 3 11 1.90693
9 13 1 2 3 12 1.90693
9 13 1 2 3 14 1.73205
9 13 1 2 4 5 1.62019
9 13 1 2 4 6 1.62019
9 13 1 2 4 7 1.41421
9 13 1 2 4 8 1.73205
9 13 1 2 4 10 1.73205
9 13 1 2 4 11 1.41421
9 13 1 2 4 12 1.73205
9 13 1 2 4 14 1.73205
9 13 1 2 5 6 1.73205
9 13 1 2 5 7 1.73205
9 13 1 2 5 8 1.62019
9 13 1 2 5 10 1.62019
9 13 1 2 5 11 1.73205
9 13 1 2 5 12 1.73205
9 13 1 2 5 14 1.62019
9 13 1 2 6 7 1.85164
9 13 1 2 6 8 2
9 13 1 2 6 10 1.73205
9 13 1 2 6 11 1.93309
9 13 1 2 6 12 1.96214
9 13 1 2 6 14 2
9 13 1 2 7 8 1.62019
9 13 1 2 7 10 1.41421
9 13 1 2 7 11 1.85164
9 13 1 2 7 12 1.85164
9 13 1 2 7 14 1.62019
9 13 1 2 8 10 1.81265
9 13 1 2 8 11 1.81265
9 13 1 2 8 12 2
9 13 1 2 8 14 2
9 13 1 2 10 11 1.62019
9 13 1 2 10 12 1.81265
9 13 1 2 10 14 1.81265
9 13 1 2 11 12 1.93309
9 13 1 2 11 14 1.81265
9 13 1 2 12 14 2
9 13 1 3 4 5 1.41421
9 13 1 3 4 6 1.41421
9 13 1 3 4 7 1.41421
9 13 1 3 4 8 1.41421
9 13 1 3 4 10 1.41421
9 13 1 3 4 11 1.41421
9 13 1 3 4 12 1.41421
9 13 1 3 4 14 1.41421
9 13 1 3 5 6 1.73205
9 13 1 3 5 7 1.73205
9 13 1 3 5 8 1.41421
9 13 1 3 5 10 1
9 13 1 3 5 11 1.73205
9 13 1 3 5 12 1.73205
9 13 1 3 5 14 1.41421
9 13 1 3 6 7 1.90693
9 13 1 3 6 8 1.90693
9 13 1 3 6 10 1.73205
9 13 1 3 6 11 2
9 13 1 3 6 12 2
9 13 1 3 6 14 1.90693
9 13 1 3 7 8 1.73205
9 13 1 3 7 10 1.41421
9 13 1 3 7 11 1.90693
9 13 1 3 7 12 1.90693
9 13 1 3 7 14 1.73205
9 13 1 3 8 10 1.73205
9 13 1 3 8 11 1.90693
9 13 1 3 8 12 1.90693
9 13 1 3 8 14 1.85164
9 13 1 3 10 11 1.73205
9 13 1 3 10 12 1.73205
9 13 1 3 10 14 1.73205
9 13 1 3 11 12 2
9 13 1 3 11 14 1.90693
9 13 1 3 12 14 1.90693
9 13 1 4 5 6 1.73205
9 13 1 4 5 7 1.62019
9 13 1 4 5 8 1.85164
9 13 1 4 5 10 1.85164
9 13 1 4 5 11 1.41421
9 13 1 4 5 12 1.85164
9 13 1 4 5 14 1.85164
9 13 1 4 6 7 1.62019
9 13 1 4 6 8 2.13664
9 13 1 4 6 10 2.13664
9 13 1 4 6 11 2
9 13 1 4 6 12 2.13664
9 13 1 4 6 14 2.13664
9 13 1 4 7 8 1.73205
9 13 1 4 7 10 1.73205
9 13 1 4 7 11 1.41421
9 13 1 4 7 12 1.73205
9 13 1 4 7 14 1.73205
9 13 1 4 8 10 2.16025
9 13 1 4 8 11 2
9 13 1 4 8 12 2.16025
9 13 1 4 8 14 2.16025
9 13 1 4 10 11 2
9 13 1 4 10 12 2.16025
9 13 1 4 10 14 2.16025
9 13 1 4 11 12 2
9 13 1 4 11 14 2
9 13 1 4 12 14 2.16025
9 13 1 5 6 7 1.73205
9 13 1 5 6 8 1.73205
9 13 1 5 6 10 1.73205
9 13 1 5 6 11 1.73205
9 13 1 5 6 12 1.73205
9 13 1 5 6 14 1.73205
9 13 1 5 7 8 1.62019
9 13 1 5 7 10 1.62019
9 13 1 5 7 11 1.73205
9 13 1 5 7 12 1.73205
9 13 1 5 7 14 1.62019
9 13 1 5 8 10 1.85164
9 13 1 5 8 11 1.41421
9 13 1 5 8 12 1.85164
9 13 1 5 8 14 1.85164
9 13 1 5 10 11 1.41421
9 13 1 5 10 12 1.85164
9 13 1 5 10 14 1.85164
9 13 1 5 11 12 1.73205
9 13 1 5 11 14 1.41421
9 13 1 5 12 14 1.85164
9 13 1 6 7 8 2
9 13 1 6 7 10 1.73205
9 13 1 6 7 11 1.93309
9 13 1 6 7 12 1.96214
9 13 1 6 7 14 2
9 13 1 6 8 10 2.23607
9 13 1 6 8 11 2.19089
9 13 1 6 8 12 2.28446
9 13 1 6 8 14 2.26385
9 13 1 6 10 11 2.13664
9 13 1 6 10 12 2.23607
9 13 1 6 10 14 2.23607
9 13 1 6 11 12 2.23607
9 13 1 6 11 14 2.19089
9 13 1 6 12 14 2.28446
9 13 1 7 8 10 1.81265
9 13 1 7 8 11 1.81265
9 13 1 7 8 12 2
9 13 1 7 8 14 2
9 13 1 7 10 11 1.62019
9 13 1 7 10 12 1.81265
9 13 1 7 10 14 1.81265
9 13 1 7 11 12 1.93309
9 13 1 7 11 14 1.81265
9 13 1 7 12 14 2
9 13 1 8 10 11 2.13664
9 13 1 8 10 12 2.26385
9 13 1 8 10 14 2.26385
9 13 1 8 11 12 2.19089
9 13 1 8 11 14 2.16025
9 13 1 8 12 14 2.3094
9 13 1 10 11 12 2.13664
9 13 1 10 11 14 2.13664
9 13 1 10 12 14 2.26385
9 13 1 11 12 14 2.19089
9 13 2 3 4 5 1.90693
9 13 2 3 4 6 2
9 13 2 3 4 7 1.73205
9 13 2 3 4 8 1.62019
9 13 2 3 4 10 1.85164
9 13 2 3 4 11 2
9 13 2 3 4 12 1.81265
9 13 2 3 4 14 1.93309
9 13 2 3 5 6 2
9 13 2 3 5 7 1.90693
9 13 2 3 5 8 1.41421
9 13 2 3 5 10 1.73205
9 13 2 3 5 11 2
9 13 2 3 5 12 1.90693
9 13 2 3 5 14 1.90693
9 13 2 3 6 7 2
9 13 2 3 6 8 2
9 13 2 3 6 10 1.90693
9 13 2 3 6 11 2.16025
9 13 2 3 6 12 2.10639
9 13 2 3 6 14 2.10639
9 13 2 3 7 8 1.62019
9 13 2 3 7 10 1.41421
9 13 2 3 7 11 2
9 13 2 3 7 12 1.93309
9 13 2 3 7 14 1.81265
9 13 2 3 8 10 1.73205
9 13 2 3 8 11 2
9 13 2 3 8 12 1.81265
9 13 2 3 8 14 1.81265
9 13 2 3 10 11 1.90693
9 13 2 3 10 12 1.73205
9 13 2 3 10 14 1.90693
9 13 2 3 11 12 2.10639
9 13 2 3 11 14 2.10639
9 13 2 3 12 14 2
9 13 2 4 5 6 2.01187
9 13 2 4 5 7 1.73205
9 13 2 4 5 8 1.81265
9 13 2 4 5 10 1.93309
9 13 2 4 5 11 2
9 13 2 4 5 12 2
9 13 2 4 5 14 2
9 13 2 4 6 7 1.73205
9 13 2 4 6 8 1.93309
9 13 2 4 6 10 2.04939
9 13 2 4 6 11 2.08167
9 13 2 4 6 12 2
9 13 2 4 6 14 2.09938
9 13 2 4 7 8 1.41421
9 13 2 4 7 10 1.41421
9 13 2 4 7 11 1.73205
9 13 2 4 7 12 1.62019
9 13 2 4 7 14 1.62019
9 13 2 4 8 10 2
9 13 2 4 8 11 1.85164
9 13 2 4 8 12 1.90693
9 13 2 4 8 14 2
9 13 2 4 10 11 2.00294
9 13 2 4 10 12 2
9 13 2 4 10 14 2.08167
9 13 2 4 11 12 1.93309
9 13 2 4 11 14 2.04939
9 13 2 4 12 14 2.01187
9 13 2 5 6 7 1.90693
9 13 2 5 6 8 1.73205
9 13 2 5 6 10 1.90693
9 13 2 5 6 11 2.04939
9 13 2 5 6 12 1.96214
9 13 2 5 6 14 2.01187
9 13 2 5 7 8 1.41421
9 13 2 5 7 10 1.41421
9 13 2 5 7 11 1.90693
9 13 2 5 7 12 1.85164
9 13 2 5 7 14 1.73205
9 13 2 5 8 10 1.81265
9 13 2 5 8 11 1.62019
9 13 2 5 8 12 1.73205
9 13 2 5 8 14 1.81265
9 13 2 5 10 11 1.85164
9 13 2 5 10 12 1.81265
9 13 2 5 10 14 1.93309
9 13 2 5 11 12 1.93309
9 13 2 5 11 14 2
9 13 2 5 12 14 2
9 13 2 6 7 8 1.62019
9 13 2 6 7 10 1.41421
9 13 2 6 7 11 2
9 13 2 6 7 12 1.93309
9 13 2 6 7 14 1.81265
9 13 2 6 8 10 2
9 13 2 6 8 11 2
9 13 2 6 8 12 2
9 13 2 6 8 14 2.0381
9 13 2 6 10 11 2.04939
9 13 2 6 10 12 2
9 13 2 6 10 14 2.10223
9 13 2 6 11 12 2.173
9 13 2 6 11 14 2.19745
9 13 2 6 12 14 2.16025
9 13 2 7 8 10 1.41421
9 13 2 7 8 11 1.62019
9 13 2 7 8 12 1.62019
9 13 2 7 8 14 1.41421
9 13 2 7 10 11 1.41421
9 13 2 7 10 12 1.41421
9 13 2 7 10 14 1.41421
9 13 2 7 11 12 1.93309
9 13 2 7 11 14 1.81265
9 13 2 7 12 14 1.73205
9 13 2 8 10 11 1.93309
9 13 2 8 10 12 2
9 13 2 8 10 14 2.0381
9 13 2 8 11 12 1.93309
9 13 2 8 11 14 2
9 13 2 8 12 14 2.01187
9 13 2 10 11 12 1.93309
9 13 2 10 11 14 2.04939
9 13 2 10 12 14 2.0381
9 13 2 11 12 14 2.10639
9 13 3 4 5 6 2.10357
9 13 3 4 5 7 1.90693
9 13 3 4 5 8 1.73205
9 13 3 4 5 10 2
9 13 3 4 5 11 2.10357
9 13 3 4 5 12 1.90693
9 13 3 4 5 14 2.07802
9 13 3 4 6 7 2
9 13 3 4 6 8 2.13664
9 13 3 4 6 10 2.28709
9 13 3 4 6 11 2.33699
9 13 3 4 6 12 2.19089
9 13 3 4 6 14 2.32266
9 13 3 4 7 8 1.62019
9 13 3 4 7 10 1.85164
9 13 3 4 7 11 2
9 13 3 4 7 12 1.81265
9 13 3 4 7 14 1.93309
9 13 3 4 8 10 2.13664
9 13 3 4 8 11 2.13664
9 13 3 4 8 12 2
9 13 3 4 8 14 2.13664
9 13 3 4 10 11 2.28709
9 13 3 4 10 12 2.13664
9 13 3 4 10 14 2.28709
9 13 3 4 11 12 2.19089
9 13 3 4 11 14 2.32266
9 13 3 4 12 14 2.16025
9 13 3 5 6 7 2
9 13 3 5 6 8 1.73205
9 13 3 5 6 10 2
9 13 3 5 6 11 2.15297
9 13 3 5 6 12 2
9 13 3 5 6 14 2.10357
9 13 3 5 7 8 1.41421
9 13 3 5 7 10 1.73205
9 13 3 5 7 11 2
9 13 3 5 7 12 1.90693
9 13 3 5 7 14 1.90693
9 13 3 5 8 10 1.73205
9 13 3 5 8 11 1.73205
9 13 3 5 8 12 1.41421
9 13 3 5 8 14 1.73205
9 13 3 5 10 11 2
9 13 3 5 10 12 1.73205
9 13 3 5 10 14 2
9 13 3 5 11 12 2
9 13 3 5 11 14 2.10357
9 13 3 5 12 14 1.90693
9 13 3 6 7 8 2
9 13 3 6 7 10 1.90693
9 13 3 6 7 11 2.16025
9 13 3 6 7 12 2.10639
9 13 3 6 7 14 2.10639
9 13 3 6 8 10 2.23607
9 13 3 6 8 11 2.28446
9 13 3 6 8 12 2.19089
9 13 3 6 8 14 2.26385
9 13 3 6 10 11 2.35488
9 13 3 6 10 12 2.23607
9 13 3 6 10 14 2.35488
9 13 3 6 11 12 2.44949
9 13 3 6 11 14 2.46311
9 13 3 6 12 14 2.38048
9 13 3 7 8 10 1.73205
9 13 3 7 8 11 2
9 13 3 7 8 12 1.81265
9 13 3 7 8 14 1.81265
9 13 3 7 10 11 1.90693
9 13 3 7 10 12 1.73205
9 13 3 7 10 14 1.90693
9 13 3 7 11 12 2.10639
9 13 3 7 11 14 2.10639
9 13 3 7 12 14 2
9 13 3 8 10 11 2.23607
9 13 3 8 10 12 2.13664
9 13 3 8 10 14 2.23607
9 13 3 8 11 12 2.19089
9 13 3 8 11 14 2.26385
9 13 3 8 12 14 2.16025
9 13 3 10 11 12 2.23607
9 13 3 10 11 14 2.35488
9 13 3 10 12 14 2.23607
9 13 3 11 12 14 2.38048
9 13 4 5 6 7 2.01187
9 13 4 5 6 8 2.23607
9 13 4 5 6 10 2.35488
9 13 4 5 6 11 2.33699
9 13 4 5 6 12 2.28446
9 13 4 5 6 14 2.39046
9 13 4 5 7 8 1.81265
9 13 4 5 7 10 1.93309
9 13 4 5 7 11 2
9 13 4 5 7 12 2
9 13 4 5 7 14 2
9 13 4 5 8 10 2.26385
9 13 4 5 8 11 2.13664
9 13 4 5 8 12 2.16025
9 13 4 5 8 14 2.26385
9 13 4 5 10 11 2.28709
9 13 4 5 10 12 2.26385
9 13 4 5 10 14 2.37697
9 13 4 5 11 12 2.19089
9 13 4 5 11 14 2.32266
9 13 4 5 12 14 2.3094
9 13 4 6 7 8 1.93309
9 13 4 6 7 10 2.04939
9 13 4 6 7 11 2.08167
9 13 4 6 7 12 2
9 13 4 6 7 14 2.09938
9 13 4 6 8 10 2.58844
9 13 4 6 8 11 2.52543
9 13 4 6 8 12 2.52543
9 13 4 6 8 14 2.58844
9 13 4 6 10 11 2.61406
9 13 4 6 10 12 2.58844
9 13 4 6 10 14 2.66231
9 13 4 6 11 12 2.53899
9 13 4 6 11 14 2.62216
9 13 4 6 12 14 2.60419
9 13 4 7 8 10 2
9 13 4 7 8 11 1.85164
9 13 4 7 8 12 1.90693
9 13 4 7 8 14 2
9 13 4 7 10 11 2.00294
9 13 4 7 10 12 2
9 13 4 7 10 14 2.08167
9 13 4 7 11 12 1.93309
9 13 4 7 11 14 2.04939
9 13 4 7 12 14 2.01187
9 13 4 8 10 11 2.52543
9 13 4 8 10 12 2.53722
9 13 4 8 10 14 2.60419
9 13 4 8 11 12 2.44949
9 13 4 8 11 14 2.52543
9 13 4 8 12 14 2.53722
9 13 4 10 11 12 2.52543
9 13 4 10 11 14 2.61406
9 13 4 10 12 14 2.60419
9 13 4 11 12 14 2.53722
9 13 5 6 7 8 1.73205
9 13 5 6 7 10 1.90693
9 13 5 6 7 11 2.04939
9 13 5 6 7 12 1.96214
9 13 5 6 7 14 2.01187
9 13 5 6 8 10 2.23607
9 13 5 6 8 11 2.13664
9 13 5 6 8 12 2.13664
9 13 5 6 8 14 2.23607
9 13 5 6 10 11 2.28709
9 13 5 6 10 12 2.23607
9 13 5 6 10 14 2.35488
9 13 5 6 11 12 2.23607
9 13 5 6 11 14 2.33699
9 13 5 6 12 14 2.28446
9 13 5 7 8 10 1.81265
9 13 5 7 8 11 1.62019
9 13 5 7 8 12 1.73205
9 13 5 7 8 14 1.81265
9 13 5 7 10 11 1.85164
9 13 5 7 10 12 1.81265
9 13 5 7 10 14 1.93309
9 13 5 7 11 12 1.93309
9 13 5 7 11 14 2
9 13 5 7 12 14 2
9 13 5 8 10 11 2.13664
9 13 5 8 10 12 2.16025
9 13 5 8 10 14 2.26385
9 13 5 8 11 12 2
9 13 5 8 11 14 2.13664
9 13 5 8 12 14 2.16025
9 13 5 10 11 12 2.13664
9 13 5 10 11 14 2.28709
9 13 5 10 12 14 2.26385
9 13 5 11 12 14 2.19089
9 13 6 7 8 10 2
9 13 6 7 8 11 2
9 13 6 7 8 12 2
9 13 6 7 8 14 2.0381
9 13 6 7 10 11 2.04939
9 13 6 7 10 12 2
9 13 6 7 10 14 2.10223
9 13 6 7 11 12 2.173
9 13 6 7 11 14 2.19745
9 13 6 7 12 14 2.16025
9 13 6 8 10 11 2.58844
9 13 6 8 10 12 2.58844
9 13 6 8 10 14 2.64575
9 13 6 8 11 12 2.53899
9 13 6 8 11 14 2.60419
9 13 6 8 12 14 2.60419
9 13 6 10 11 12 2.58844
9 13 6 10 11 14 2.66231
9 13 6 10 12 14 2.64575
9 13 6 11 12 14 2.65875
9 13 7 8 10 11 1.93309
9 13 7 8 10 12 2
9 13 7 8 10 14 2.0381
9 13 7 8 11 12 1.93309
9 13 7 8 11 14 2
9 13 7 8 12 14 2.01187
9 13 7 10 11 12 1.93309
9 13 7 10 11 14 2.04939
9 13 7 10 12 14 2.0381
9 13 7 11 12 14 2.10639
9 13 8 10 11 12 2.52543
9 13 8 10 11 14 2.58844
9 13 8 10 12 14 2.60419
9 13 8 11 12 14 2.53722
9 13 10 11 12 14 2.58844
