6 10 0 1 2.23607
6 10 0 2 2.23607
6 10 0 3 2.49516
6 10 0 4 2.75936
6 10 0 5 2.49516
6 10 0 7 2.23607
6 10 0 8 2.71163
6 10 0 9 2.79903
6 10 0 11 2.75936
6 10 0 12 2.71163
6 10 0 13 2.71163
6 10 0 14 2.79903
6 10 1 2 1.73205
6 10 1 3 1.73205
6 10 1 4 2.13664
6 10 1 5 1.73205
6 10 1 7 1.73205
6 10 1 8 2.23607
6 10 1 9 2.23607
6 10 1 11 2.13664
6 10 1 12 2.23607
6 10 1 13 2.23607
6 10 1 14 2.23607
6 10 2 3 2.16556
6 10 2 4 2.2514
6 10 2 5 2.16556
6 10 2 7 1.85164
6 10 2 8 2.13809
6 10 2 9 2.26855
6 10 2 11 2.2514
6 10 2 12 2.13809
6 10 2 13 2.10223
6 10 2 14 2.26855
6 10 3 4 2.48193
6 10 3 5 2.29129
6 10 3 7 2.16556
6 10 3 8 2.39046
6 10 3 9 2.52678
6 10 3 11 2.52678
6 10 3 12 2.39046
6 10 3 13 2.35488
6 10 3 14 2.52678
6 10 4 5 2.52678
6 10 4 7 2.2514
6 10 4 8 2.68164
6 10 4 9 2.77498
6 10 4 11 2.72385
6 10 4 12 2.68164
6 10 4 13 2.66231
6 10 4 14 2.77498
6 10 5 7 2.16556
6 10 5 8 2.39046
6 10 5 9 2.52678
6 10 5 11 2.48193
6 10 5 12 2.39046
6 10 5 13 2.35488
6 10 5 14 2.52678
6 10 7 8 2.13809
6 10 7 9 2.26855
6 10 7 11 2.2514
6 10 7 12 2.13809
6 10 7 13 2.10223
6 10 7 14 2.26855
6 10 8 9 2.72185
6 10 8 11 2.68164
6 10 8 12 2.66288
6 10 8 13 2.64575
6 10 8 14 2.72185
6 10 9 11 2.77498
6 10 9 12 2.72185
6 10 9 13 2.71163
6 10 9 14 2.81268
6 10 11 12 2.68164
6 10 11 13 2.66231
6 10 11 14 2.77498
6 10 12 13 2.64575
6 10 12 14 2.72185
6 10 13 14 2.71163
