1 5 0 2 3 4 6 7 8 9 1
1 5 0 2 3 4 6 7 8 10 0
1 5 0 2 3 4 6 7 8 11 1
1 5 0 2 3 4 6 7 8 12 1
1 5 0 2 3 4 6 7 8 13 1
1 5 0 2 3 4 6 7 8 14 0
1 5 0 2 3 4 6 7 9 10 0
1 5 0 2 3 4 6 7 9 11 1.41421
1 5 0 2 3 4 6 7 9 12 1.41421
1 5 0 2 3 4 6 7 9 13 1.41421
1 5 0 2 3 4 6 7 9 14 1
1 5 0 2 3 4 6 7 10 11 0
1 5 0 2 3 4 6 7 10 12 0
1 5 0 2 3 4 6 7 10 13 0
1 5 0 2 3 4 6 7 10 14 0
1 5 0 2 3 4 6 7 11 12 1.41421
1 5 0 2 3 4 6 7 11 13 1.41421
1 5 0 2 3 4 6 7 11 14 1
1 5 0 2 3 4 6 7 12 13 1.41421
1 5 0 2 3 4 6 7 12 14 1
1 5 0 2 3 4 6 7 13 14 1
1 5 0 2 3 4 6 8 9 10 0
1 5 0 2 3 4 6 8 9 11 1
1 5 0 2 3 4 6 8 9 12 1
1 5 0 2 3 4 6 8 9 13 1
1 5 0 2 3 4 6 8 9 14 0
1 5 0 2 3 4 6 8 10 11 0
1 5 0 2 3 4 6 8 10 12 0
1 5 0 2 3 4 6 8 10 13 0
1 5 0 2 3 4 6 8 10 14 0
1 5 0 2 3 4 6 8 11 12 1
1 5 0 2 3 4 6 8 11 13 1
1 5 0 2 3 4 6 8 11 14 0
1 5 0 2 3 4 6 8 12 13 1
1 5 0 2 3 4 6 8 12 14 0
1 5 0 2 3 4 6 8 13 14 0
1 5 0 2 3 4 6 9 10 11 0
1 5 0 2 3 4 6 9 10 12 0
1 5 0 2 3 4 6 9 10 13 0
1 5 0 2 3 4 6 9 10 14 0
1 5 0 2 3 4 6 9 11 12 1.41421
1 5 0 2 3 4 6 9 11 13 1.41421
1 5 0 2 3 4 6 9 11 14 1
1 5 0 2 3 4 6 9 12 13 1.41421
1 5 0 2 3 4 6 9 12 14 1
1 5 0 2 3 4 6 9 13 14 1
1 5 0 2 3 4 6 10 11 12 0
1 5 0 2 3 4 6 10 11 13 0
1 5 0 2 3 4 6 10 11 14 0
1 5 0 2 3 4 6 10 12 13 0
1 5 0 2 3 4 6 10 12 14 0
1 5 0 2 3 4 6 10 13 14 0
1 5 0 2 3 4 6 11 12 13 1.41421
1 5 0 2 3 4 6 11 12 14 1
1 5 0 2 3 4 6 11 13 14 1
1 5 0 2 3 4 6 12 13 14 1
1 5 0 2 3 4 7 8 9 10 1
1 5 0 2 3 4 7 8 9 11 1
1 5 0 2 3 4 7 8 9 12 1
1 5 0 2 3 4 7 8 9 13 1
1 5 0 2 3 4 7 8 9 14 1
1 5 0 2 3 4 7 8 10 11 1
1 5 0 2 3 4 7 8 10 12 1.41421
1 5 0 2 3 4 7 8 10 13 1.41421
1 5 0 2 3 4 7 8 10 14 1.41421
1 5 0 2 3 4 7 8 11 12 1
1 5 0 2 3 4 7 8 11 13 1
1 5 0 2 3 4 7 8 11 14 1
1 5 0 2 3 4 7 8 12 13 1.41421
1 5 0 2 3 4 7 8 12 14 1.41421
1 5 0 2 3 4 7 8 13 14 1.41421
1 5 0 2 3 4 7 9 10 11 0
1 5 0 2 3 4 7 9 10 12 1
1 5 0 2 3 4 7 9 10 13 1
1 5 0 2 3 4 7 9 10 14 1
1 5 0 2 3 4 7 9 11 12 1.41421
1 5 0 2 3 4 7 9 11 13 1.41421
1 5 0 2 3 4 7 9 11 14 1
1 5 0 2 3 4 7 9 12 13 1.41421
1 5 0 2 3 4 7 9 12 14 1
1 5 0 2 3 4 7 9 13 14 1
1 5 0 2 3 4 7 10 11 12 1
1 5 0 2 3 4 7 10 11 13 1
1 5 0 2 3 4 7 10 11 14 1
1 5 0 2 3 4 7 10 12 13 1.41421
1 5 0 2 3 4 7 10 12 14 1.41421
1 5 0 2 3 4 7 10 13 14 1.41421
1 5 0 2 3 4 7 11 12 13 1.41421
1 5 0 2 3 4 7 11 12 14 1
1 5 0 2 3 4 7 11 13 14 1
1 5 0 2 3 4 7 12 13 14 1.41421
1 5 0 2 3 4 8 9 10 11 0
1 5 0 2 3 4 8 9 10 12 1
1 5 0 2 3 4 8 9 10 13 1
1 5 0 2 3 4 8 9 10 14 1
1 5 0 2 3 4 8 9 11 12 1
1 5 0 2 3 4 8 9 11 13 1
1 5 0 2 3 4 8 9 11 14 0
1 5 0 2 3 4 8 9 12 13 1
1 5 0 2 3 4 8 9 12 14 1
1 5 0 2 3 4 8 9 13 14 1
1 5 0 2 3 4 8 10 11 12 1
1 5 0 2 3 4 8 10 11 13 1
1 5 0 2 3 4 8 10 11 14 1
1 5 0 2 3 4 8 10 12 13 1.41421
1 5 0 2 3 4 8 10 12 14 1.41421
1 5 0 2 3 4 8 10 13 14 1.41421
1 5 0 2 3 4 8 11 12 13 1
1 5 0 2 3 4 8 11 12 14 1
1 5 0 2 3 4 8 11 13 14 1
1 5 0 2 3 4 8 12 13 14 1.41421
1 5 0 2 3 4 9 10 11 12 0
1 5 0 2 3 4 9 10 11 13 0
1 5 0 2 3 4 9 10 11 14 0
1 5 0 2 3 4 9 10 12 13 1
1 5 0 2 3 4 9 10 12 14 1
1 5 0 2 3 4 9 10 13 14 1
1 5 0 2 3 4 9 11 12 13 1.41421
1 5 0 2 3 4 9 11 12 14 1
1 5 0 2 3 4 9 11 13 14 1
1 5 0 2 3 4 9 12 13 14 1
1 5 0 2 3 4 10 11 12 13 1
1 5 0 2 3 4 10 11 12 14 1
1 5 0 2 3 4 10 11 13 14 1
1 5 0 2 3 4 10 12 13 14 1.41421
1 5 0 2 3 4 11 12 13 14 1
1 5 0 2 3 6 7 8 9 10 0
1 5 0 2 3 6 7 8 9 11 1.41421
1 5 0 2 3 6 7 8 9 12 1.41421
1 5 0 2 3 6 7 8 9 13 1.41421
1 5 0 2 3 6 7 8 9 14 1
1 5 0 2 3 6 7 8 10 11 0
1 5 0 2 3 6 7 8 10 12 0
1 5 0 2 3 6 7 8 10 13 0
1 5 0 2 3 6 7 8 10 14 0
1 5 0 2 3 6 7 8 11 12 1.41421
1 5 0 2 3 6 7 8 11 13 1.41421
1 5 0 2 3 6 7 8 11 14 1
1 5 0 2 3 6 7 8 12 13 1.41421
1 5 0 2 3 6 7 8 12 14 1
1 5 0 2 3 6 7 8 13 14 1
1 5 0 2 3 6 7 9 10 11 0
1 5 0 2 3 6 7 9 10 12 0
1 5 0 2 3 6 7 9 10 13 0
1 5 0 2 3 6 7 9 10 14 0
1 5 0 2 3 6 7 9 11 12 1.73205
1 5 0 2 3 6 7 9 11 13 1.73205
1 5 0 2 3 6 7 9 11 14 1.41421
1 5 0 2 3 6 7 9 12 13 1.73205
1 5 0 2 3 6 7 9 12 14 1.41421
1 5 0 2 3 6 7 9 13 14 1.41421
1 5 0 2 3 6 7 10 11 12 0
1 5 0 2 3 6 7 10 11 13 0
1 5 0 2 3 6 7 10 11 14 0
1 5 0 2 3 6 7 10 12 13 0
1 5 0 2 3 6 7 10 12 14 0
1 5 0 2 3 6 7 10 13 14 0
1 5 0 2 3 6 7 11 12 13 1.73205
1 5 0 2 3 6 7 11 12 14 1.41421
1 5 0 2 3 6 7 11 13 14 1.41421
1 5 0 2 3 6 7 12 13 14 1.41421
1 5 0 2 3 6 8 9 10 11 0
1 5 0 2 3 6 8 9 10 12 0
1 5 0 2 3 6 8 9 10 13 0
1 5 0 2 3 6 8 9 10 14 0
1 5 0 2 3 6 8 9 11 12 1.41421
1 5 0 2 3 6 8 9 11 13 1.41421
1 5 0 2 3 6 8 9 11 14 1
1 5 0 2 3 6 8 9 12 13 1.41421
1 5 0 2 3 6 8 9 12 14 1
1 5 0 2 3 6 8 9 13 14 1
1 5 0 2 3 6 8 10 11 12 0
1 5 0 2 3 6 8 10 11 13 0
1 5 0 2 3 6 8 10 11 14 0
1 5 0 2 3 6 8 10 12 13 0
1 5 0 2 3 6 8 10 12 14 0
1 5 0 2 3 6 8 10 13 14 0
1 5 0 2 3 6 8 11 12 13 1.41421
1 5 0 2 3 6 8 11 12 14 1
1 5 0 2 3 6 8 11 13 14 1
1 5 0 2 3 6 8 12 13 14 1
1 5 0 2 3 6 9 10 11 12 0
1 5 0 2 3 6 9 10 11 13 0
1 5 0 2 3 6 9 10 11 14 0
1 5 0 2 3 6 9 10 12 13 0
1 5 0 2 3 6 9 10 12 14 0
1 5 0 2 3 6 9 10 13 14 0
1 5 0 2 3 6 9 11 12 13 1.73205
1 5 0 2 3 6 9 11 12 14 1.41421
1 5 0 2 3 6 9 11 13 14 1.41421
1 5 0 2 3 6 9 12 13 14 1.41421
1 5 0 2 3 6 10 11 12 13 0
1 5 0 2 3 6 10 11 12 14 0
1 5 0 2 3 6 10 11 13 14 0
1 5 0 2 3 6 10 12 13 14 0
1 5 0 2 3 6 11 12 13 14 1.41421
1 5 0 2 3 7 8 9 10 11 0
1 5 0 2 3 7 8 9 10 12 1
1 5 0 2 3 7 8 9 10 13 1
1 5 0 2 3 7 8 9 10 14 1
1 5 0 2 3 7 8 9 11 12 1.41421
1 5 0 2 3 7 8 9 11 13 1.41421
1 5 0 2 3 7 8 9 11 14 1
1 5 0 2 3 7 8 9 12 13 1.41421
1 5 0 2 3 7 8 9 12 14 1
1 5 0 2 3 7 8 9 13 14 1
1 5 0 2 3 7 8 10 11 12 1
1 5 0 2 3 7 8 10 11 13 1
1 5 0 2 3 7 8 10 11 14 1
1 5 0 2 3 7 8 10 12 13 1.41421
1 5 0 2 3 7 8 10 12 14 1.41421
1 5 0 2 3 7 8 10 13 14 1.41421
1 5 0 2 3 7 8 11 12 13 1.41421
1 5 0 2 3 7 8 11 12 14 1
1 5 0 2 3 7 8 11 13 14 1
1 5 0 2 3 7 8 12 13 14 1.41421
1 5 0 2 3 7 9 10 11 12 0
1 5 0 2 3 7 9 10 11 13 0
1 5 0 2 3 7 9 10 11 14 0
1 5 0 2 3 7 9 10 12 13 1
1 5 0 2 3 7 9 10 12 14 1
1 5 0 2 3 7 9 10 13 14 1
1 5 0 2 3 7 9 11 12 13 1.73205
1 5 0 2 3 7 9 11 12 14 1.41421
1 5 0 2 3 7 9 11 13 14 1.41421
1 5 0 2 3 7 9 12 13 14 1.41421
1 5 0 2 3 7 10 11 12 13 1
1 5 0 2 3 7 10 11 12 14 1
1 5 0 2 3 7 10 11 13 14 1
1 5 0 2 3 7 10 12 13 14 1.41421
1 5 0 2 3 7 11 12 13 14 1.41421
1 5 0 2 3 8 9 10 11 12 0
1 5 0 2 3 8 9 10 11 13 0
1 5 0 2 3 8 9 10 11 14 0
1 5 0 2 3 8 9 10 12 13 1
1 5 0 2 3 8 9 10 12 14 1
1 5 0 2 3 8 9 10 13 14 1
1 5 0 2 3 8 9 11 12 13 1.41421
1 5 0 2 3 8 9 11 12 14 1
1 5 0 2 3 8 9 11 13 14 1
1 5 0 2 3 8 9 12 13 14 1
1 5 0 2 3 8 10 11 12 13 1
1 5 0 2 3 8 10 11 12 14 1
1 5 0 2 3 8 10 11 13 14 1
1 5 0 2 3 8 10 12 13 14 1.41421
1 5 0 2 3 8 11 12 13 14 1
1 5 0 2 3 9 10 11 12 13 0
1 5 0 2 3 9 10 11 12 14 0
1 5 0 2 3 9 10 11 13 14 0
1 5 0 2 3 9 10 12 13 14 1
1 5 0 2 3 9 11 12 13 14 1.41421
1 5 0 2 3 10 11 12 13 14 1
1 5 0 2 4 6 7 8 9 10 1
1 5 0 2 4 6 7 8 9 11 1
1 5 0 2 4 6 7 8 9 12 1
1 5 0 2 4 6 7 8 9 13 1
1 5 0 2 4 6 7 8 9 14 1
1 5 0 2 4 6 7 8 10 11 0
1 5 0 2 4 6 7 8 10 12 1
1 5 0 2 4 6 7 8 10 13 1
1 5 0 2 4 6 7 8 10 14 1
1 5 0 2 4 6 7 8 11 12 1
1 5 0 2 4 6 7 8 11 13 1
1 5 0 2 4 6 7 8 11 14 0
1 5 0 2 4 6 7 8 12 13 1
1 5 0 2 4 6 7 8 12 14 1
1 5 0 2 4 6 7 8 13 14 1
1 5 0 2 4 6 7 9 10 11 0
1 5 0 2 4 6 7 9 10 12 1
1 5 0 2 4 6 7 9 10 13 1
1 5 0 2 4 6 7 9 10 14 1
1 5 0 2 4 6 7 9 11 12 1.41421
1 5 0 2 4 6 7 9 11 13 1.41421
1 5 0 2 4 6 7 9 11 14 1
1 5 0 2 4 6 7 9 12 13 1.41421
1 5 0 2 4 6 7 9 12 14 1
1 5 0 2 4 6 7 9 13 14 1
1 5 0 2 4 6 7 10 11 12 0
1 5 0 2 4 6 7 10 11 13 0
1 5 0 2 4 6 7 10 11 14 0
1 5 0 2 4 6 7 10 12 13 1
1 5 0 2 4 6 7 10 12 14 1
1 5 0 2 4 6 7 10 13 14 1
1 5 0 2 4 6 7 11 12 13 1.41421
1 5 0 2 4 6 7 11 12 14 1
1 5 0 2 4 6 7 11 13 14 1
1 5 0 2 4 6 7 12 13 14 1
1 5 0 2 4 6 8 9 10 11 1
1 5 0 2 4 6 8 9 10 12 1.41421
1 5 0 2 4 6 8 9 10 13 1.41421
1 5 0 2 4 6 8 9 10 14 1.41421
1 5 0 2 4 6 8 9 11 12 1
1 5 0 2 4 6 8 9 11 13 1
1 5 0 2 4 6 8 9 11 14 1
1 5 0 2 4 6 8 9 12 13 1.41421
1 5 0 2 4 6 8 9 12 14 1.41421
1 5 0 2 4 6 8 9 13 14 1.41421
1 5 0 2 4 6 8 10 11 12 1
1 5 0 2 4 6 8 10 11 13 1
1 5 0 2 4 6 8 10 11 14 1
1 5 0 2 4 6 8 10 12 13 1.41421
1 5 0 2 4 6 8 10 12 14 1.41421
1 5 0 2 4 6 8 10 13 14 1.41421
1 5 0 2 4 6 8 11 12 13 1
1 5 0 2 4 6 8 11 12 14 1
1 5 0 2 4 6 8 11 13 14 1
1 5 0 2 4 6 8 12 13 14 1.41421
1 5 0 2 4 6 9 10 11 12 1
1 5 0 2 4 6 9 10 11 13 1
1 5 0 2 4 6 9 10 11 14 1
1 5 0 2 4 6 9 10 12 13 1.41421
1 5 0 2 4 6 9 10 12 14 1.41421
1 5 0 2 4 6 9 10 13 14 1.41421
1 5 0 2 4 6 9 11 12 13 1.41421
1 5 0 2 4 6 9 11 12 14 1
1 5 0 2 4 6 9 11 13 14 1
1 5 0 2 4 6 9 12 13 14 1.41421
1 5 0 2 4 6 10 11 12 13 1
1 5 0 2 4 6 10 11 12 14 1
1 5 0 2 4 6 10 11 13 14 1
1 5 0 2 4 6 10 12 13 14 1.41421
1 5 0 2 4 6 11 12 13 14 1
1 5 0 2 4 7 8 9 10 11 0
1 5 0 2 4 7 8 9 10 12 1.41421
1 5 0 2 4 7 8 9 10 13 1.41421
1 5 0 2 4 7 8 9 10 14 1.41421
1 5 0 2 4 7 8 9 11 12 1
1 5 0 2 4 7 8 9 11 13 1
1 5 0 2 4 7 8 9 11 14 0
1 5 0 2 4 7 8 9 12 13 1.41421
1 5 0 2 4 7 8 9 12 14 1.41421
1 5 0 2 4 7 8 9 13 14 1.41421
1 5 0 2 4 7 8 10 11 12 1
1 5 0 2 4 7 8 10 11 13 1
1 5 0 2 4 7 8 10 11 14 1
1 5 0 2 4 7 8 10 12 13 1.62019
1 5 0 2 4 7 8 10 12 14 1.62019
1 5 0 2 4 7 8 10 13 14 1.62019
1 5 0 2 4 7 8 11 12 13 1
1 5 0 2 4 7 8 11 12 14 1
1 5 0 2 4 7 8 11 13 14 1
1 5 0 2 4 7 8 12 13 14 1.62019
1 5 0 2 4 7 9 10 11 12 0
1 5 0 2 4 7 9 10 11 13 0
1 5 0 2 4 7 9 10 11 14 0
1 5 0 2 4 7 9 10 12 13 1.41421
1 5 0 2 4 7 9 10 12 14 1.41421
1 5 0 2 4 7 9 10 13 14 1.41421
1 5 0 2 4 7 9 11 12 13 1.41421
1 5 0 2 4 7 9 11 12 14 1
1 5 0 2 4 7 9 11 13 14 1
1 5 0 2 4 7 9 12 13 14 1.41421
1 5 0 2 4 7 10 11 12 13 1
1 5 0 2 4 7 10 11 12 14 1
1 5 0 2 4 7 10 11 13 14 1
1 5 0 2 4 7 10 12 13 14 1.62019
1 5 0 2 4 7 11 12 13 14 1
1 5 0 2 4 8 9 10 11 12 1
1 5 0 2 4 8 9 10 11 13 1
1 5 0 2 4 8 9 10 11 14 1
1 5 0 2 4 8 9 10 12 13 1.62019
1 5 0 2 4 8 9 10 12 14 1.62019
1 5 0 2 4 8 9 10 13 14 1.62019
1 5 0 2 4 8 9 11 12 13 1
1 5 0 2 4 8 9 11 12 14 1
1 5 0 2 4 8 9 11 13 14 1
1 5 0 2 4 8 9 12 13 14 1.62019
1 5 0 2 4 8 10 11 12 13 1
1 5 0 2 4 8 10 11 12 14 1
1 5 0 2 4 8 10 11 13 14 1
1 5 0 2 4 8 10 12 13 14 1.73205
1 5 0 2 4 8 11 12 13 14 1
1 5 0 2 4 9 10 11 12 13 1
1 5 0 2 4 9 10 11 12 14 1
1 5 0 2 4 9 10 11 13 14 1
1 5 0 2 4 9 10 12 13 14 1.62019
1 5 0 2 4 9 11 12 13 14 1
1 5 0 2 4 10 11 12 13 14 1
1 5 0 2 6 7 8 9 10 11 0
1 5 0 2 6 7 8 9 10 12 1
1 5 0 2 6 7 8 9 10 13 1
1 5 0 2 6 7 8 9 10 14 1
1 5 0 2 6 7 8 9 11 12 1.41421
1 5 0 2 6 7 8 9 11 13 1.41421
1 5 0 2 6 7 8 9 11 14 1
1 5 0 2 6 7 8 9 12 13 1.41421
1 5 0 2 6 7 8 9 12 14 1
1 5 0 2 6 7 8 9 13 14 1
1 5 0 2 6 7 8 10 11 12 0
1 5 0 2 6 7 8 10 11 13 0
1 5 0 2 6 7 8 10 11 14 0
1 5 0 2 6 7 8 10 12 13 1
1 5 0 2 6 7 8 10 12 14 1
1 5 0 2 6 7 8 10 13 14 1
1 5 0 2 6 7 8 11 12 13 1.41421
1 5 0 2 6 7 8 11 12 14 1
1 5 0 2 6 7 8 11 13 14 1
1 5 0 2 6 7 8 12 13 14 1
1 5 0 2 6 7 9 10 11 12 0
1 5 0 2 6 7 9 10 11 13 0
1 5 0 2 6 7 9 10 11 14 0
1 5 0 2 6 7 9 10 12 13 1
1 5 0 2 6 7 9 10 12 14 1
1 5 0 2 6 7 9 10 13 14 1
1 5 0 2 6 7 9 11 12 13 1.73205
1 5 0 2 6 7 9 11 12 14 1.41421
1 5 0 2 6 7 9 11 13 14 1.41421
1 5 0 2 6 7 9 12 13 14 1.41421
1 5 0 2 6 7 10 11 12 13 0
1 5 0 2 6 7 10 11 12 14 0
1 5 0 2 6 7 10 11 13 14 0
1 5 0 2 6 7 10 12 13 14 1
1 5 0 2 6 7 11 12 13 14 1.41421
1 5 0 2 6 8 9 10 11 12 1
1 5 0 2 6 8 9 10 11 13 1
1 5 0 2 6 8 9 10 11 14 1
1 5 0 2 6 8 9 10 12 13 1.41421
1 5 0 2 6 8 9 10 12 14 1.41421
1 5 0 2 6 8 9 10 13 14 1.41421
1 5 0 2 6 8 9 11 12 13 1.41421
1 5 0 2 6 8 9 11 12 14 1
1 5 0 2 6 8 9 11 13 14 1
1 5 0 2 6 8 9 12 13 14 1.41421
1 5 0 2 6 8 10 11 12 13 1
1 5 0 2 6 8 10 11 12 14 1
1 5 0 2 6 8 10 11 13 14 1
1 5 0 2 6 8 10 12 13 14 1.41421
1 5 0 2 6 8 11 12 13 14 1
1 5 0 2 6 9 10 11 12 13 1
1 5 0 2 6 9 10 11 12 14 1
1 5 0 2 6 9 10 11 13 14 1
1 5 0 2 6 9 10 12 13 14 1.41421
1 5 0 2 6 9 11 12 13 14 1.41421
1 5 0 2 6 10 11 12 13 14 1
1 5 0 2 7 8 9 10 11 12 0
1 5 0 2 7 8 9 10 11 13 0
1 5 0 2 7 8 9 10 11 14 0
1 5 0 2 7 8 9 10 12 13 1.41421
1 5 0 2 7 8 9 10 12 14 1.41421
1 5 0 2 7 8 9 10 13 14 1.41421
1 5 0 2 7 8 9 11 12 13 1.41421
1 5 0 2 7 8 9 11 12 14 1
1 5 0 2 7 8 9 11 13 14 1
1 5 0 2 7 8 9 12 13 14 1.41421
1 5 0 2 7 8 10 11 12 13 1
1 5 0 2 7 8 10 11 12 14 1
1 5 0 2 7 8 10 11 13 14 1
1 5 0 2 7 8 10 12 13 14 1.62019
1 5 0 2 7 8 11 12 13 14 1
1 5 0 2 7 9 10 11 12 13 0
1 5 0 2 7 9 10 11 12 14 0
1 5 0 2 7 9 10 11 13 14 0
1 5 0 2 7 9 10 12 13 14 1.41421
1 5 0 2 7 9 11 12 13 14 1.41421
1 5 0 2 7 10 11 12 13 14 1
1 5 0 2 8 9 10 11 12 13 1
1 5 0 2 8 9 10 11 12 14 1
1 5 0 2 8 9 10 11 13 14 1
1 5 0 2 8 9 10 12 13 14 1.62019
1 5 0 2 8 9 11 12 13 14 1
1 5 0 2 8 10 11 12 13 14 1
1 5 0 2 9 10 11 12 13 14 1
1 5 0 3 4 6 7 8 9 10 0
1 5 0 3 4 6 7 8 9 11 1
1 5 0 3 4 6 7 8 9 12 1
1 5 0 3 4 6 7 8 9 13 1
1 5 0 3 4 6 7 8 9 14 0
1 5 0 3 4 6 7 8 10 11 0
1 5 0 3 4 6 7 8 10 12 0
1 5 0 3 4 6 7 8 10 13 0
1 5 0 3 4 6 7 8 10 14 0
1 5 0 3 4 6 7 8 11 12 1
1 5 0 3 4 6 7 8 11 13 1
1 5 0 3 4 6 7 8 11 14 0
1 5 0 3 4 6 7 8 12 13 1
1 5 0 3 4 6 7 8 12 14 0
1 5 0 3 4 6 7 8 13 14 0
1 5 0 3 4 6 7 9 10 11 0
1 5 0 3 4 6 7 9 10 12 0
1 5 0 3 4 6 7 9 10 13 0
1 5 0 3 4 6 7 9 10 14 0
1 5 0 3 4 6 7 9 11 12 1.41421
1 5 0 3 4 6 7 9 11 13 1.41421
1 5 0 3 4 6 7 9 11 14 1
1 5 0 3 4 6 7 9 12 13 1.41421
1 5 0 3 4 6 7 9 12 14 1
1 5 0 3 4 6 7 9 13 14 1
1 5 0 3 4 6 7 10 11 12 0
1 5 0 3 4 6 7 10 11 13 0
1 5 0 3 4 6 7 10 11 14 0
1 5 0 3 4 6 7 10 12 13 0
1 5 0 3 4 6 7 10 12 14 0
1 5 0 3 4 6 7 10 13 14 0
1 5 0 3 4 6 7 11 12 13 1.41421
1 5 0 3 4 6 7 11 12 14 1
1 5 0 3 4 6 7 11 13 14 1
1 5 0 3 4 6 7 12 13 14 1
1 5 0 3 4 6 8 9 10 11 0
1 5 0 3 4 6 8 9 10 12 0
1 5 0 3 4 6 8 9 10 13 0
1 5 0 3 4 6 8 9 10 14 0
1 5 0 3 4 6 8 9 11 12 1
1 5 0 3 4 6 8 9 11 13 1
1 5 0 3 4 6 8 9 11 14 0
1 5 0 3 4 6 8 9 12 13 1
1 5 0 3 4 6 8 9 12 14 0
1 5 0 3 4 6 8 9 13 14 0
1 5 0 3 4 6 8 10 11 12 0
1 5 0 3 4 6 8 10 11 13 0
1 5 0 3 4 6 8 10 11 14 0
1 5 0 3 4 6 8 10 12 13 0
1 5 0 3 4 6 8 10 12 14 0
1 5 0 3 4 6 8 10 13 14 0
1 5 0 3 4 6 8 11 12 13 1
1 5 0 3 4 6 8 11 12 14 0
1 5 0 3 4 6 8 11 13 14 0
1 5 0 3 4 6 8 12 13 14 0
1 5 0 3 4 6 9 10 11 12 0
1 5 0 3 4 6 9 10 11 13 0
1 5 0 3 4 6 9 10 11 14 0
1 5 0 3 4 6 9 10 12 13 0
1 5 0 3 4 6 9 10 12 14 0
1 5 0 3 4 6 9 10 13 14 0
1 5 0 3 4 6 9 11 12 13 1.41421
1 5 0 3 4 6 9 11 12 14 1
1 5 0 3 4 6 9 11 13 14 1
1 5 0 3 4 6 9 12 13 14 1
1 5 0 3 4 6 10 11 12 13 0
1 5 0 3 4 6 10 11 12 14 0
1 5 0 3 4 6 10 11 13 14 0
1 5 0 3 4 6 10 12 13 14 0
1 5 0 3 4 6 11 12 13 14 1
1 5 0 3 4 7 8 9 10 11 0
1 5 0 3 4 7 8 9 10 12 1
1 5 0 3 4 7 8 9 10 13 1
1 5 0 3 4 7 8 9 10 14 1
1 5 0 3 4 7 8 9 11 12 1
1 5 0 3 4 7 8 9 11 13 1
1 5 0 3 4 7 8 9 11 14 0
1 5 0 3 4 7 8 9 12 13 1
1 5 0 3 4 7 8 9 12 14 1
1 5 0 3 4 7 8 9 13 14 1
1 5 0 3 4 7 8 10 11 12 1
1 5 0 3 4 7 8 10 11 13 1
1 5 0 3 4 7 8 10 11 14 1
1 5 0 3 4 7 8 10 12 13 1.41421
1 5 0 3 4 7 8 10 12 14 1.41421
1 5 0 3 4 7 8 10 13 14 1.41421
1 5 0 3 4 7 8 11 12 13 1
1 5 0 3 4 7 8 11 12 14 1
1 5 0 3 4 7 8 11 13 14 1
1 5 0 3 4 7 8 12 13 14 1.41421
1 5 0 3 4 7 9 10 11 12 0
1 5 0 3 4 7 9 10 11 13 0
1 5 0 3 4 7 9 10 11 14 0
1 5 0 3 4 7 9 10 12 13 1
1 5 0 3 4 7 9 10 12 14 1
1 5 0 3 4 7 9 10 13 14 1
1 5 0 3 4 7 9 11 12 13 1.41421
1 5 0 3 4 7 9 11 12 14 1
1 5 0 3 4 7 9 11 13 14 1
1 5 0 3 4 7 9 12 13 14 1
1 5 0 3 4 7 10 11 12 13 1
1 5 0 3 4 7 10 11 12 14 1
1 5 0 3 4 7 10 11 13 14 1
1 5 0 3 4 7 10 12 13 14 1.41421
1 5 0 3 4 7 11 12 13 14 1
1 5 0 3 4 8 9 10 11 12 0
1 5 0 3 4 8 9 10 11 13 0
1 5 0 3 4 8 9 10 11 14 0
1 5 0 3 4 8 9 10 12 13 1
1 5 0 3 4 8 9 10 12 14 1
1 5 0 3 4 8 9 10 13 14 1
1 5 0 3 4 8 9 11 12 13 1
1 5 0 3 4 8 9 11 12 14 0
1 5 0 3 4 8 9 11 13 14 0
1 5 0 3 4 8 9 12 13 14 1
1 5 0 3 4 8 10 11 12 13 1
1 5 0 3 4 8 10 11 12 14 1
1 5 0 3 4 8 10 11 13 14 1
1 5 0 3 4 8 10 12 13 14 1.41421
1 5 0 3 4 8 11 12 13 14 1
1 5 0 3 4 9 10 11 12 13 0
1 5 0 3 4 9 10 11 12 14 0
1 5 0 3 4 9 10 11 13 14 0
1 5 0 3 4 9 10 12 13 14 1
1 5 0 3 4 9 11 12 13 14 1
1 5 0 3 4 10 11 12 13 14 1
1 5 0 3 6 7 8 9 10 11 0
1 5 0 3 6 7 8 9 10 12 0
1 5 0 3 6 7 8 9 10 13 0
1 5 0 3 6 7 8 9 10 14 0
1 5 0 3 6 7 8 9 11 12 1.41421
1 5 0 3 6 7 8 9 11 13 1.41421
1 5 0 3 6 7 8 9 11 14 1
1 5 0 3 6 7 8 9 12 13 1.41421
1 5 0 3 6 7 8 9 12 14 1
1 5 0 3 6 7 8 9 13 14 1
1 5 0 3 6 7 8 10 11 12 0
1 5 0 3 6 7 8 10 11 13 0
1 5 0 3 6 7 8 10 11 14 0
1 5 0 3 6 7 8 10 12 13 0
1 5 0 3 6 7 8 10 12 14 0
1 5 0 3 6 7 8 10 13 14 0
1 5 0 3 6 7 8 11 12 13 1.41421
1 5 0 3 6 7 8 11 12 14 1
1 5 0 3 6 7 8 11 13 14 1
1 5 0 3 6 7 8 12 13 14 1
1 5 0 3 6 7 9 10 11 12 0
1 5 0 3 6 7 9 10 11 13 0
1 5 0 3 6 7 9 10 11 14 0
1 5 0 3 6 7 9 10 12 13 0
1 5 0 3 6 7 9 10 12 14 0
1 5 0 3 6 7 9 10 13 14 0
1 5 0 3 6 7 9 11 12 13 1.73205
1 5 0 3 6 7 9 11 12 14 1.41421
1 5 0 3 6 7 9 11 13 14 1.41421
1 5 0 3 6 7 9 12 13 14 1.41421
1 5 0 3 6 7 10 11 12 13 0
1 5 0 3 6 7 10 11 12 14 0
1 5 0 3 6 7 10 11 13 14 0
1 5 0 3 6 7 10 12 13 14 0
1 5 0 3 6 7 11 12 13 14 1.41421
1 5 0 3 6 8 9 10 11 12 0
1 5 0 3 6 8 9 10 11 13 0
1 5 0 3 6 8 9 10 11 14 0
1 5 0 3 6 8 9 10 12 13 0
1 5 0 3 6 8 9 10 12 14 0
1 5 0 3 6 8 9 10 13 14 0
1 5 0 3 6 8 9 11 12 13 1.41421
1 5 0 3 6 8 9 11 12 14 1
1 5 0 3 6 8 9 11 13 14 1
1 5 0 3 6 8 9 12 13 14 1
1 5 0 3 6 8 10 11 12 13 0
1 5 0 3 6 8 10 11 12 14 0
1 5 0 3 6 8 10 11 13 14 0
1 5 0 3 6 8 10 12 13 14 0
1 5 0 3 6 8 11 12 13 14 1
1 5 0 3 6 9 10 11 12 13 0
1 5 0 3 6 9 10 11 12 14 0
1 5 0 3 6 9 10 11 13 14 0
1 5 0 3 6 9 10 12 13 14 0
1 5 0 3 6 9 11 12 13 14 1.41421
1 5 0 3 6 10 11 12 13 14 0
1 5 0 3 7 8 9 10 11 12 0
1 5 0 3 7 8 9 10 11 13 0
1 5 0 3 7 8 9 10 11 14 0
1 5 0 3 7 8 9 10 12 13 1
1 5 0 3 7 8 9 10 12 14 1
1 5 0 3 7 8 9 10 13 14 1
1 5 0 3 7 8 9 11 12 13 1.41421
1 5 0 3 7 8 9 11 12 14 1
1 5 0 3 7 8 9 11 13 14 1
1 5 0 3 7 8 9 12 13 14 1
1 5 0 3 7 8 10 11 12 13 1
1 5 0 3 7 8 10 11 12 14 1
1 5 0 3 7 8 10 11 13 14 1
1 5 0 3 7 8 10 12 13 14 1.41421
1 5 0 3 7 8 11 12 13 14 1
1 5 0 3 7 9 10 11 12 13 0
1 5 0 3 7 9 10 11 12 14 0
1 5 0 3 7 9 10 11 13 14 0
1 5 0 3 7 9 10 12 13 14 1
1 5 0 3 7 9 11 12 13 14 1.41421
1 5 0 3 7 10 11 12 13 14 1
1 5 0 3 8 9 10 11 12 13 0
1 5 0 3 8 9 10 11 12 14 0
1 5 0 3 8 9 10 11 13 14 0
1 5 0 3 8 9 10 12 13 14 1
1 5 0 3 8 9 11 12 13 14 1
1 5 0 3 8 10 11 12 13 14 1
1 5 0 3 9 10 11 12 13 14 0
1 5 0 4 6 7 8 9 10 11 1
1 5 0 4 6 7 8 9 10 12 1.41421
1 5 0 4 6 7 8 9 10 13 1.41421
1 5 0 4 6 7 8 9 10 14 1.41421
1 5 0 4 6 7 8 9 11 12 1
1 5 0 4 6 7 8 9 11 13 1
1 5 0 4 6 7 8 9 11 14 1
1 5 0 4 6 7 8 9 12 13 1.41421
1 5 0 4 6 7 8 9 12 14 1.41421
1 5 0 4 6 7 8 9 13 14 1.41421
1 5 0 4 6 7 8 10 11 12 1
1 5 0 4 6 7 8 10 11 13 1
1 5 0 4 6 7 8 10 11 14 1
1 5 0 4 6 7 8 10 12 13 1.41421
1 5 0 4 6 7 8 10 12 14 1.41421
1 5 0 4 6 7 8 10 13 14 1.41421
1 5 0 4 6 7 8 11 12 13 1
1 5 0 4 6 7 8 11 12 14 1
1 5 0 4 6 7 8 11 13 14 1
1 5 0 4 6 7 8 12 13 14 1.41421
1 5 0 4 6 7 9 10 11 12 1
1 5 0 4 6 7 9 10 11 13 1
1 5 0 4 6 7 9 10 11 14 1
1 5 0 4 6 7 9 10 12 13 1.41421
1 5 0 4 6 7 9 10 12 14 1.41421
1 5 0 4 6 7 9 10 13 14 1.41421
1 5 0 4 6 7 9 11 12 13 1.41421
1 5 0 4 6 7 9 11 12 14 1
1 5 0 4 6 7 9 11 13 14 1
1 5 0 4 6 7 9 12 13 14 1.41421
1 5 0 4 6 7 10 11 12 13 1
1 5 0 4 6 7 10 11 12 14 1
1 5 0 4 6 7 10 11 13 14 1
1 5 0 4 6 7 10 12 13 14 1.41421
1 5 0 4 6 7 11 12 13 14 1
1 5 0 4 6 8 9 10 11 12 1.41421
1 5 0 4 6 8 9 10 11 13 1.41421
1 5 0 4 6 8 9 10 11 14 1.41421
1 5 0 4 6 8 9 10 12 13 1.73205
1 5 0 4 6 8 9 10 12 14 1.73205
1 5 0 4 6 8 9 10 13 14 1.73205
1 5 0 4 6 8 9 11 12 13 1.41421
1 5 0 4 6 8 9 11 12 14 1.41421
1 5 0 4 6 8 9 11 13 14 1.41421
1 5 0 4 6 8 9 12 13 14 1.73205
1 5 0 4 6 8 10 11 12 13 1.41421
1 5 0 4 6 8 10 11 12 14 1.41421
1 5 0 4 6 8 10 11 13 14 1.41421
1 5 0 4 6 8 10 12 13 14 1.73205
1 5 0 4 6 8 11 12 13 14 1.41421
1 5 0 4 6 9 10 11 12 13 1.41421
1 5 0 4 6 9 10 11 12 14 1.41421
1 5 0 4 6 9 10 11 13 14 1.41421
1 5 0 4 6 9 10 12 13 14 1.73205
1 5 0 4 6 9 11 12 13 14 1.41421
1 5 0 4 6 10 11 12 13 14 1.41421
1 5 0 4 7 8 9 10 11 12 1
1 5 0 4 7 8 9 10 11 13 1
1 5 0 4 7 8 9 10 11 14 1
1 5 0 4 7 8 9 10 12 13 1.62019
1 5 0 4 7 8 9 10 12 14 1.62019
1 5 0 4 7 8 9 10 13 14 1.62019
1 5 0 4 7 8 9 11 12 13 1
1 5 0 4 7 8 9 11 12 14 1
1 5 0 4 7 8 9 11 13 14 1
1 5 0 4 7 8 9 12 13 14 1.62019
1 5 0 4 7 8 10 11 12 13 1
1 5 0 4 7 8 10 11 12 14 1
1 5 0 4 7 8 10 11 13 14 1
1 5 0 4 7 8 10 12 13 14 1.73205
1 5 0 4 7 8 11 12 13 14 1
1 5 0 4 7 9 10 11 12 13 1
1 5 0 4 7 9 10 11 12 14 1
1 5 0 4 7 9 10 11 13 14 1
1 5 0 4 7 9 10 12 13 14 1.62019
1 5 0 4 7 9 11 12 13 14 1
1 5 0 4 7 10 11 12 13 14 1
1 5 0 4 8 9 10 11 12 13 1.41421
1 5 0 4 8 9 10 11 12 14 1.41421
1 5 0 4 8 9 10 11 13 14 1.41421
1 5 0 4 8 9 10 12 13 14 1.85164
1 5 0 4 8 9 11 12 13 14 1.41421
1 5 0 4 8 10 11 12 13 14 1.41421
1 5 0 4 9 10 11 12 13 14 1.41421
1 5 0 6 7 8 9 10 11 12 1
1 5 0 6 7 8 9 10 11 13 1
1 5 0 6 7 8 9 10 11 14 1
1 5 0 6 7 8 9 10 12 13 1.41421
1 5 0 6 7 8 9 10 12 14 1.41421
1 5 0 6 7 8 9 10 13 14 1.41421
1 5 0 6 7 8 9 11 12 13 1.41421
1 5 0 6 7 8 9 11 12 14 1
1 5 0 6 7 8 9 11 13 14 1
1 5 0 6 7 8 9 12 13 14 1.41421
1 5 0 6 7 8 10 11 12 13 1
1 5 0 6 7 8 10 11 12 14 1
1 5 0 6 7 8 10 11 13 14 1
1 5 0 6 7 8 10 12 13 14 1.41421
1 5 0 6 7 8 11 12 13 14 1
1 5 0 6 7 9 10 11 12 13 1
1 5 0 6 7 9 10 11 12 14 1
1 5 0 6 7 9 10 11 13 14 1
1 5 0 6 7 9 10 12 13 14 1.41421
1 5 0 6 7 9 11 12 13 14 1.41421
1 5 0 6 7 10 11 12 13 14 1
1 5 0 6 8 9 10 11 12 13 1.41421
1 5 0 6 8 9 10 11 12 14 1.41421
1 5 0 6 8 9 10 11 13 14 1.41421
1 5 0 6 8 9 10 12 13 14 1.73205
1 5 0 6 8 9 11 12 13 14 1.41421
1 5 0 6 8 10 11 12 13 14 1.41421
1 5 0 6 9 10 11 12 13 14 1.41421
1 5 0 7 8 9 10 11 12 13 1
1 5 0 7 8 9 10 11 12 14 1
1 5 0 7 8 9 10 11 13 14 1
1 5 0 7 8 9 10 12 13 14 1.62019
1 5 0 7 8 9 11 12 13 14 1
1 5 0 7 8 10 11 12 13 14 1
1 5 0 7 9 10 11 12 13 14 1
1 5 0 8 9 10 11 12 13 14 1.41421
1 5 2 3 4 6 7 8 9 10 1
1 5 2 3 4 6 7 8 9 11 1
1 5 2 3 4 6 7 8 9 12 1
1 5 2 3 4 6 7 8 9 13 1
1 5 2 3 4 6 7 8 9 14 1
1 5 2 3 4 6 7 8 10 11 1
1 5 2 3 4 6 7 8 10 12 1
1 5 2 3 4 6 7 8 10 13 0
1 5 2 3 4 6 7 8 10 14 1
1 5 2 3 4 6 7 8 11 12 1
1 5 2 3 4 6 7 8 11 13 1
1 5 2 3 4 6 7 8 11 14 1
1 5 2 3 4 6 7 8 12 13 1
1 5 2 3 4 6 7 8 12 14 1
1 5 2 3 4 6 7 8 13 14 0
1 5 2 3 4 6 7 9 10 11 1
1 5 2 3 4 6 7 9 10 12 1
1 5 2 3 4 6 7 9 10 13 0
1 5 2 3 4 6 7 9 10 14 1
1 5 2 3 4 6 7 9 11 12 1.41421
1 5 2 3 4 6 7 9 11 13 1.41421
1 5 2 3 4 6 7 9 11 14 1
1 5 2 3 4 6 7 9 12 13 1.41421
1 5 2 3 4 6 7 9 12 14 1
1 5 2 3 4 6 7 9 13 14 1
1 5 2 3 4 6 7 10 11 12 1
1 5 2 3 4 6 7 10 11 13 0
1 5 2 3 4 6 7 10 11 14 1
1 5 2 3 4 6 7 10 12 13 0
1 5 2 3 4 6 7 10 12 14 1
1 5 2 3 4 6 7 10 13 14 0
1 5 2 3 4 6 7 11 12 13 1.41421
1 5 2 3 4 6 7 11 12 14 1
1 5 2 3 4 6 7 11 13 14 1
1 5 2 3 4 6 7 12 13 14 1
1 5 2 3 4 6 8 9 10 11 1
1 5 2 3 4 6 8 9 10 12 1
1 5 2 3 4 6 8 9 10 13 0
1 5 2 3 4 6 8 9 10 14 1
1 5 2 3 4 6 8 9 11 12 1
1 5 2 3 4 6 8 9 11 13 1
1 5 2 3 4 6 8 9 11 14 1
1 5 2 3 4 6 8 9 12 13 1
1 5 2 3 4 6 8 9 12 14 1
1 5 2 3 4 6 8 9 13 14 0
1 5 2 3 4 6 8 10 11 12 1
1 5 2 3 4 6 8 10 11 13 0
1 5 2 3 4 6 8 10 11 14 1
1 5 2 3 4 6 8 10 12 13 0
1 5 2 3 4 6 8 10 12 14 1
1 5 2 3 4 6 8 10 13 14 0
1 5 2 3 4 6 8 11 12 13 1
1 5 2 3 4 6 8 11 12 14 1
1 5 2 3 4 6 8 11 13 14 0
1 5 2 3 4 6 8 12 13 14 0
1 5 2 3 4 6 9 10 11 12 1
1 5 2 3 4 6 9 10 11 13 0
1 5 2 3 4 6 9 10 11 14 1
1 5 2 3 4 6 9 10 12 13 0
1 5 2 3 4 6 9 10 12 14 1
1 5 2 3 4 6 9 10 13 14 0
1 5 2 3 4 6 9 11 12 13 1.41421
1 5 2 3 4 6 9 11 12 14 1
1 5 2 3 4 6 9 11 13 14 1
1 5 2 3 4 6 9 12 13 14 1
1 5 2 3 4 6 10 11 12 13 0
1 5 2 3 4 6 10 11 12 14 1
1 5 2 3 4 6 10 11 13 14 0
1 5 2 3 4 6 10 12 13 14 0
1 5 2 3 4 6 11 12 13 14 1
1 5 2 3 4 7 8 9 10 11 1
1 5 2 3 4 7 8 9 10 12 1
1 5 2 3 4 7 8 9 10 13 1
1 5 2 3 4 7 8 9 10 14 1
1 5 2 3 4 7 8 9 11 12 1
1 5 2 3 4 7 8 9 11 13 1
1 5 2 3 4 7 8 9 11 14 1
1 5 2 3 4 7 8 9 12 13 1
1 5 2 3 4 7 8 9 12 14 1
1 5 2 3 4 7 8 9 13 14 1
1 5 2 3 4 7 8 10 11 12 1
1 5 2 3 4 7 8 10 11 13 1
1 5 2 3 4 7 8 10 11 14 1
1 5 2 3 4 7 8 10 12 13 1.41421
1 5 2 3 4 7 8 10 12 14 1.41421
1 5 2 3 4 7 8 10 13 14 1.41421
1 5 2 3 4 7 8 11 12 13 1
1 5 2 3 4 7 8 11 12 14 1
1 5 2 3 4 7 8 11 13 14 1
1 5 2 3 4 7 8 12 13 14 1.41421
1 5 2 3 4 7 9 10 11 12 1
1 5 2 3 4 7 9 10 11 13 0
1 5 2 3 4 7 9 10 11 14 1
1 5 2 3 4 7 9 10 12 13 1
1 5 2 3 4 7 9 10 12 14 1
1 5 2 3 4 7 9 10 13 14 1
1 5 2 3 4 7 9 11 12 13 1.41421
1 5 2 3 4 7 9 11 12 14 1
1 5 2 3 4 7 9 11 13 14 1
1 5 2 3 4 7 9 12 13 14 1
1 5 2 3 4 7 10 11 12 13 1
1 5 2 3 4 7 10 11 12 14 1
1 5 2 3 4 7 10 11 13 14 1
1 5 2 3 4 7 10 12 13 14 1.41421
1 5 2 3 4 7 11 12 13 14 1
1 5 2 3 4 8 9 10 11 12 1
1 5 2 3 4 8 9 10 11 13 0
1 5 2 3 4 8 9 10 11 14 1
1 5 2 3 4 8 9 10 12 13 1
1 5 2 3 4 8 9 10 12 14 1
1 5 2 3 4 8 9 10 13 14 1
1 5 2 3 4 8 9 11 12 13 1
1 5 2 3 4 8 9 11 12 14 1
1 5 2 3 4 8 9 11 13 14 0
1 5 2 3 4 8 9 12 13 14 1
1 5 2 3 4 8 10 11 12 13 1
1 5 2 3 4 8 10 11 12 14 1
1 5 2 3 4 8 10 11 13 14 1
1 5 2 3 4 8 10 12 13 14 1.41421
1 5 2 3 4 8 11 12 13 14 1
1 5 2 3 4 9 10 11 12 13 0
1 5 2 3 4 9 10 11 12 14 1
1 5 2 3 4 9 10 11 13 14 0
1 5 2 3 4 9 10 12 13 14 1
1 5 2 3 4 9 11 12 13 14 1
1 5 2 3 4 10 11 12 13 14 1
1 5 2 3 6 7 8 9 10 11 1
1 5 2 3 6 7 8 9 10 12 1
1 5 2 3 6 7 8 9 10 13 0
1 5 2 3 6 7 8 9 10 14 1
1 5 2 3 6 7 8 9 11 12 1.41421
1 5 2 3 6 7 8 9 11 13 1.41421
1 5 2 3 6 7 8 9 11 14 1
1 5 2 3 6 7 8 9 12 13 1.41421
1 5 2 3 6 7 8 9 12 14 1
1 5 2 3 6 7 8 9 13 14 1
1 5 2 3 6 7 8 10 11 12 1
1 5 2 3 6 7 8 10 11 13 0
1 5 2 3 6 7 8 10 11 14 1
1 5 2 3 6 7 8 10 12 13 0
1 5 2 3 6 7 8 10 12 14 1
1 5 2 3 6 7 8 10 13 14 0
1 5 2 3 6 7 8 11 12 13 1.41421
1 5 2 3 6 7 8 11 12 14 1
1 5 2 3 6 7 8 11 13 14 1
1 5 2 3 6 7 8 12 13 14 1
1 5 2 3 6 7 9 10 11 12 1
1 5 2 3 6 7 9 10 11 13 0
1 5 2 3 6 7 9 10 11 14 1
1 5 2 3 6 7 9 10 12 13 0
1 5 2 3 6 7 9 10 12 14 1
1 5 2 3 6 7 9 10 13 14 0
1 5 2 3 6 7 9 11 12 13 1.73205
1 5 2 3 6 7 9 11 12 14 1.41421
1 5 2 3 6 7 9 11 13 14 1.41421
1 5 2 3 6 7 9 12 13 14 1.41421
1 5 2 3 6 7 10 11 12 13 0
1 5 2 3 6 7 10 11 12 14 1
1 5 2 3 6 7 10 11 13 14 0
1 5 2 3 6 7 10 12 13 14 0
1 5 2 3 6 7 11 12 13 14 1.41421
1 5 2 3 6 8 9 10 11 12 1
1 5 2 3 6 8 9 10 11 13 0
1 5 2 3 6 8 9 10 11 14 1
1 5 2 3 6 8 9 10 12 13 0
1 5 2 3 6 8 9 10 12 14 1
1 5 2 3 6 8 9 10 13 14 0
1 5 2 3 6 8 9 11 12 13 1.41421
1 5 2 3 6 8 9 11 12 14 1
1 5 2 3 6 8 9 11 13 14 1
1 5 2 3 6 8 9 12 13 14 1
1 5 2 3 6 8 10 11 12 13 0
1 5 2 3 6 8 10 11 12 14 1
1 5 2 3 6 8 10 11 13 14 0
1 5 2 3 6 8 10 12 13 14 0
1 5 2 3 6 8 11 12 13 14 1
1 5 2 3 6 9 10 11 12 13 0
1 5 2 3 6 9 10 11 12 14 1
1 5 2 3 6 9 10 11 13 14 0
1 5 2 3 6 9 10 12 13 14 0
1 5 2 3 6 9 11 12 13 14 1.41421
1 5 2 3 6 10 11 12 13 14 0
1 5 2 3 7 8 9 10 11 12 1
1 5 2 3 7 8 9 10 11 13 0
1 5 2 3 7 8 9 10 11 14 1
1 5 2 3 7 8 9 10 12 13 1
1 5 2 3 7 8 9 10 12 14 1
1 5 2 3 7 8 9 10 13 14 1
1 5 2 3 7 8 9 11 12 13 1.41421
1 5 2 3 7 8 9 11 12 14 1
1 5 2 3 7 8 9 11 13 14 1
1 5 2 3 7 8 9 12 13 14 1
1 5 2 3 7 8 10 11 12 13 1
1 5 2 3 7 8 10 11 12 14 1
1 5 2 3 7 8 10 11 13 14 1
1 5 2 3 7 8 10 12 13 14 1.41421
1 5 2 3 7 8 11 12 13 14 1
1 5 2 3 7 9 10 11 12 13 0
1 5 2 3 7 9 10 11 12 14 1
1 5 2 3 7 9 10 11 13 14 0
1 5 2 3 7 9 10 12 13 14 1
1 5 2 3 7 9 11 12 13 14 1.41421
1 5 2 3 7 10 11 12 13 14 1
1 5 2 3 8 9 10 11 12 13 0
1 5 2 3 8 9 10 11 12 14 1
1 5 2 3 8 9 10 11 13 14 0
1 5 2 3 8 9 10 12 13 14 1
1 5 2 3 8 9 11 12 13 14 1
1 5 2 3 8 10 11 12 13 14 1
1 5 2 3 9 10 11 12 13 14 0
1 5 2 4 6 7 8 9 10 11 1
1 5 2 4 6 7 8 9 10 12 1
1 5 2 4 6 7 8 9 10 13 1
1 5 2 4 6 7 8 9 10 14 1
1 5 2 4 6 7 8 9 11 12 1
1 5 2 4 6 7 8 9 11 13 1
1 5 2 4 6 7 8 9 11 14 1
1 5 2 4 6 7 8 9 12 13 1
1 5 2 4 6 7 8 9 12 14 1
1 5 2 4 6 7 8 9 13 14 1
1 5 2 4 6 7 8 10 11 12 1
1 5 2 4 6 7 8 10 11 13 0
1 5 2 4 6 7 8 10 11 14 1
1 5 2 4 6 7 8 10 12 13 1
1 5 2 4 6 7 8 10 12 14 1
1 5 2 4 6 7 8 10 13 14 1
1 5 2 4 6 7 8 11 12 13 1
1 5 2 4 6 7 8 11 12 14 1
1 5 2 4 6 7 8 11 13 14 0
1 5 2 4 6 7 8 12 13 14 1
1 5 2 4 6 7 9 10 11 12 1
1 5 2 4 6 7 9 10 11 13 0
1 5 2 4 6 7 9 10 11 14 1
1 5 2 4 6 7 9 10 12 13 1
1 5 2 4 6 7 9 10 12 14 1
1 5 2 4 6 7 9 10 13 14 1
1 5 2 4 6 7 9 11 12 13 1.41421
1 5 2 4 6 7 9 11 12 14 1
1 5 2 4 6 7 9 11 13 14 1
1 5 2 4 6 7 9 12 13 14 1
1 5 2 4 6 7 10 11 12 13 0
1 5 2 4 6 7 10 11 12 14 1
1 5 2 4 6 7 10 11 13 14 0
1 5 2 4 6 7 10 12 13 14 1
1 5 2 4 6 7 11 12 13 14 1
1 5 2 4 6 8 9 10 11 12 1
1 5 2 4 6 8 9 10 11 13 1
1 5 2 4 6 8 9 10 11 14 1
1 5 2 4 6 8 9 10 12 13 1.41421
1 5 2 4 6 8 9 10 12 14 1.41421
1 5 2 4 6 8 9 10 13 14 1.41421
1 5 2 4 6 8 9 11 12 13 1
1 5 2 4 6 8 9 11 12 14 1
1 5 2 4 6 8 9 11 13 14 1
1 5 2 4 6 8 9 12 13 14 1.41421
1 5 2 4 6 8 10 11 12 13 1
1 5 2 4 6 8 10 11 12 14 1
1 5 2 4 6 8 10 11 13 14 1
1 5 2 4 6 8 10 12 13 14 1.41421
1 5 2 4 6 8 11 12 13 14 1
1 5 2 4 6 9 10 11 12 13 1
1 5 2 4 6 9 10 11 12 14 1
1 5 2 4 6 9 10 11 13 14 1
1 5 2 4 6 9 10 12 13 14 1.41421
1 5 2 4 6 9 11 12 13 14 1
1 5 2 4 6 10 11 12 13 14 1
1 5 2 4 7 8 9 10 11 12 1
1 5 2 4 7 8 9 10 11 13 0
1 5 2 4 7 8 9 10 11 14 1
1 5 2 4 7 8 9 10 12 13 1.41421
1 5 2 4 7 8 9 10 12 14 1.41421
1 5 2 4 7 8 9 10 13 14 1.41421
1 5 2 4 7 8 9 11 12 13 1
1 5 2 4 7 8 9 11 12 14 1
1 5 2 4 7 8 9 11 13 14 0
1 5 2 4 7 8 9 12 13 14 1.41421
1 5 2 4 7 8 10 11 12 13 1
1 5 2 4 7 8 10 11 12 14 1
1 5 2 4 7 8 10 11 13 14 1
1 5 2 4 7 8 10 12 13 14 1.62019
1 5 2 4 7 8 11 12 13 14 1
1 5 2 4 7 9 10 11 12 13 0
1 5 2 4 7 9 10 11 12 14 1
1 5 2 4 7 9 10 11 13 14 0
1 5 2 4 7 9 10 12 13 14 1.41421
1 5 2 4 7 9 11 12 13 14 1
1 5 2 4 7 10 11 12 13 14 1
1 5 2 4 8 9 10 11 12 13 1
1 5 2 4 8 9 10 11 12 14 1
1 5 2 4 8 9 10 11 13 14 1
1 5 2 4 8 9 10 12 13 14 1.62019
1 5 2 4 8 9 11 12 13 14 1
1 5 2 4 8 10 11 12 13 14 1
1 5 2 4 9 10 11 12 13 14 1
1 5 2 6 7 8 9 10 11 12 1
1 5 2 6 7 8 9 10 11 13 0
1 5 2 6 7 8 9 10 11 14 1
1 5 2 6 7 8 9 10 12 13 1
1 5 2 6 7 8 9 10 12 14 1
1 5 2 6 7 8 9 10 13 14 1
1 5 2 6 7 8 9 11 12 13 1.41421
1 5 2 6 7 8 9 11 12 14 1
1 5 2 6 7 8 9 11 13 14 1
1 5 2 6 7 8 9 12 13 14 1
1 5 2 6 7 8 10 11 12 13 0
1 5 2 6 7 8 10 11 12 14 1
1 5 2 6 7 8 10 11 13 14 0
1 5 2 6 7 8 10 12 13 14 1
1 5 2 6 7 8 11 12 13 14 1
1 5 2 6 7 9 10 11 12 13 0
1 5 2 6 7 9 10 11 12 14 1
1 5 2 6 7 9 10 11 13 14 0
1 5 2 6 7 9 10 12 13 14 1
1 5 2 6 7 9 11 12 13 14 1.41421
1 5 2 6 7 10 11 12 13 14 0
1 5 2 6 8 9 10 11 12 13 1
1 5 2 6 8 9 10 11 12 14 1
1 5 2 6 8 9 10 11 13 14 1
1 5 2 6 8 9 10 12 13 14 1.41421
1 5 2 6 8 9 11 12 13 14 1
1 5 2 6 8 10 11 12 13 14 1
1 5 2 6 9 10 11 12 13 14 1
1 5 2 7 8 9 10 11 12 13 0
1 5 2 7 8 9 10 11 12 14 1
1 5 2 7 8 9 10 11 13 14 0
1 5 2 7 8 9 10 12 13 14 1.41421
1 5 2 7 8 9 11 12 13 14 1
1 5 2 7 8 10 11 12 13 14 1
1 5 2 7 9 10 11 12 13 14 0
1 5 2 8 9 10 11 12 13 14 1
1 5 3 4 6 7 8 9 10 11 1
1 5 3 4 6 7 8 9 10 12 1
1 5 3 4 6 7 8 9 10 13 0
1 5 3 4 6 7 8 9 10 14 1
1 5 3 4 6 7 8 9 11 12 1
1 5 3 4 6 7 8 9 11 13 1
1 5 3 4 6 7 8 9 11 14 1
1 5 3 4 6 7 8 9 12 13 1
1 5 3 4 6 7 8 9 12 14 1
1 5 3 4 6 7 8 9 13 14 0
1 5 3 4 6 7 8 10 11 12 1
1 5 3 4 6 7 8 10 11 13 0
1 5 3 4 6 7 8 10 11 14 1
1 5 3 4 6 7 8 10 12 13 0
1 5 3 4 6 7 8 10 12 14 1
1 5 3 4 6 7 8 10 13 14 0
1 5 3 4 6 7 8 11 12 13 1
1 5 3 4 6 7 8 11 12 14 1
1 5 3 4 6 7 8 11 13 14 0
1 5 3 4 6 7 8 12 13 14 0
1 5 3 4 6 7 9 10 11 12 1
1 5 3 4 6 7 9 10 11 13 0
1 5 3 4 6 7 9 10 11 14 1
1 5 3 4 6 7 9 10 12 13 0
1 5 3 4 6 7 9 10 12 14 1
1 5 3 4 6 7 9 10 13 14 0
1 5 3 4 6 7 9 11 12 13 1.41421
1 5 3 4 6 7 9 11 12 14 1
1 5 3 4 6 7 9 11 13 14 1
1 5 3 4 6 7 9 12 13 14 1
1 5 3 4 6 7 10 11 12 13 0
1 5 3 4 6 7 10 11 12 14 1
1 5 3 4 6 7 10 11 13 14 0
1 5 3 4 6 7 10 12 13 14 0
1 5 3 4 6 7 11 12 13 14 1
1 5 3 4 6 8 9 10 11 12 1
1 5 3 4 6 8 9 10 11 13 0
1 5 3 4 6 8 9 10 11 14 1
1 5 3 4 6 8 9 10 12 13 0
1 5 3 4 6 8 9 10 12 14 1
1 5 3 4 6 8 9 10 13 14 0
1 5 3 4 6 8 9 11 12 13 1
1 5 3 4 6 8 9 11 12 14 1
1 5 3 4 6 8 9 11 13 14 0
1 5 3 4 6 8 9 12 13 14 0
1 5 3 4 6 8 10 11 12 13 0
1 5 3 4 6 8 10 11 12 14 1
1 5 3 4 6 8 10 11 13 14 0
1 5 3 4 6 8 10 12 13 14 0
1 5 3 4 6 8 11 12 13 14 0
1 5 3 4 6 9 10 11 12 13 0
1 5 3 4 6 9 10 11 12 14 1
1 5 3 4 6 9 10 11 13 14 0
1 5 3 4 6 9 10 12 13 14 0
1 5 3 4 6 9 11 12 13 14 1
1 5 3 4 6 10 11 12 13 14 0
1 5 3 4 7 8 9 10 11 12 1
1 5 3 4 7 8 9 10 11 13 0
1 5 3 4 7 8 9 10 11 14 1
1 5 3 4 7 8 9 10 12 13 1
1 5 3 4 7 8 9 10 12 14 1
1 5 3 4 7 8 9 10 13 14 1
1 5 3 4 7 8 9 11 12 13 1
1 5 3 4 7 8 9 11 12 14 1
1 5 3 4 7 8 9 11 13 14 0
1 5 3 4 7 8 9 12 13 14 1
1 5 3 4 7 8 10 11 12 13 1
1 5 3 4 7 8 10 11 12 14 1
1 5 3 4 7 8 10 11 13 14 1
1 5 3 4 7 8 10 12 13 14 1.41421
1 5 3 4 7 8 11 12 13 14 1
1 5 3 4 7 9 10 11 12 13 0
1 5 3 4 7 9 10 11 12 14 1
1 5 3 4 7 9 10 11 13 14 0
1 5 3 4 7 9 10 12 13 14 1
1 5 3 4 7 9 11 12 13 14 1
1 5 3 4 7 10 11 12 13 14 1
1 5 3 4 8 9 10 11 12 13 0
1 5 3 4 8 9 10 11 12 14 1
1 5 3 4 8 9 10 11 13 14 0
1 5 3 4 8 9 10 12 13 14 1
1 5 3 4 8 9 11 12 13 14 0
1 5 3 4 8 10 11 12 13 14 1
1 5 3 4 9 10 11 12 13 14 0
1 5 3 6 7 8 9 10 11 12 1
1 5 3 6 7 8 9 10 11 13 0
1 5 3 6 7 8 9 10 11 14 1
1 5 3 6 7 8 9 10 12 13 0
1 5 3 6 7 8 9 10 12 14 1
1 5 3 6 7 8 9 10 13 14 0
1 5 3 6 7 8 9 11 12 13 1.41421
1 5 3 6 7 8 9 11 12 14 1
1 5 3 6 7 8 9 11 13 14 1
1 5 3 6 7 8 9 12 13 14 1
1 5 3 6 7 8 10 11 12 13 0
1 5 3 6 7 8 10 11 12 14 1
1 5 3 6 7 8 10 11 13 14 0
1 5 3 6 7 8 10 12 13 14 0
1 5 3 6 7 8 11 12 13 14 1
1 5 3 6 7 9 10 11 12 13 0
1 5 3 6 7 9 10 11 12 14 1
1 5 3 6 7 9 10 11 13 14 0
1 5 3 6 7 9 10 12 13 14 0
1 5 3 6 7 9 11 12 13 14 1.41421
1 5 3 6 7 10 11 12 13 14 0
1 5 3 6 8 9 10 11 12 13 0
1 5 3 6 8 9 10 11 12 14 1
1 5 3 6 8 9 10 11 13 14 0
1 5 3 6 8 9 10 12 13 14 0
1 5 3 6 8 9 11 12 13 14 1
1 5 3 6 8 10 11 12 13 14 0
1 5 3 6 9 10 11 12 13 14 0
1 5 3 7 8 9 10 11 12 13 0
1 5 3 7 8 9 10 11 12 14 1
1 5 3 7 8 9 10 11 13 14 0
1 5 3 7 8 9 10 12 13 14 1
1 5 3 7 8 9 11 12 13 14 1
1 5 3 7 8 10 11 12 13 14 1
1 5 3 7 9 10 11 12 13 14 0
1 5 3 8 9 10 11 12 13 14 0
1 5 4 6 7 8 9 10 11 12 1
1 5 4 6 7 8 9 10 11 13 1
1 5 4 6 7 8 9 10 11 14 1
1 5 4 6 7 8 9 10 12 13 1.41421
1 5 4 6 7 8 9 10 12 14 1.41421
1 5 4 6 7 8 9 10 13 14 1.41421
1 5 4 6 7 8 9 11 12 13 1
1 5 4 6 7 8 9 11 12 14 1
1 5 4 6 7 8 9 11 13 14 1
1 5 4 6 7 8 9 12 13 14 1.41421
1 5 4 6 7 8 10 11 12 13 1
1 5 4 6 7 8 10 11 12 14 1
1 5 4 6 7 8 10 11 13 14 1
1 5 4 6 7 8 10 12 13 14 1.41421
1 5 4 6 7 8 11 12 13 14 1
1 5 4 6 7 9 10 11 12 13 1
1 5 4 6 7 9 10 11 12 14 1
1 5 4 6 7 9 10 11 13 14 1
1 5 4 6 7 9 10 12 13 14 1.41421
1 5 4 6 7 9 11 12 13 14 1
1 5 4 6 7 10 11 12 13 14 1
1 5 4 6 8 9 10 11 12 13 1.41421
1 5 4 6 8 9 10 11 12 14 1.41421
1 5 4 6 8 9 10 11 13 14 1.41421
1 5 4 6 8 9 10 12 13 14 1.73205
1 5 4 6 8 9 11 12 13 14 1.41421
1 5 4 6 8 10 11 12 13 14 1.41421
1 5 4 6 9 10 11 12 13 14 1.41421
1 5 4 7 8 9 10 11 12 13 1
1 5 4 7 8 9 10 11 12 14 1
1 5 4 7 8 9 10 11 13 14 1
1 5 4 7 8 9 10 12 13 14 1.62019
1 5 4 7 8 9 11 12 13 14 1
1 5 4 7 8 10 11 12 13 14 1
1 5 4 7 9 10 11 12 13 14 1
1 5 4 8 9 10 11 12 13 14 1.41421
1 5 6 7 8 9 10 11 12 13 1
1 5 6 7 8 9 10 11 12 14 1
1 5 6 7 8 9 10 11 13 14 1
1 5 6 7 8 9 10 12 13 14 1.41421
1 5 6 7 8 9 11 12 13 14 1
1 5 6 7 8 10 11 12 13 14 1
1 5 6 7 9 10 11 12 13 14 1
1 5 6 8 9 10 11 12 13 14 1.41421
1 5 7 8 9 10 11 12 13 14 1
