5 8 0 1 2 3 4 6 7 9 10 11 0
5 8 0 1 2 3 4 6 7 9 10 12 0
5 8 0 1 2 3 4 6 7 9 10 13 0
5 8 0 1 2 3 4 6 7 9 10 14 0
5 8 0 1 2 3 4 6 7 9 11 12 1
5 8 0 1 2 3 4 6 7 9 11 13 1
5 8 0 1 2 3 4 6 7 9 11 14 0
5 8 0 1 2 3 4 6 7 9 12 13 1
5 8 0 1 2 3 4 6 7 9 12 14 0
5 8 0 1 2 3 4 6 7 9 13 14 0
5 8 0 1 2 3 4 6 7 10 11 12 0
5 8 0 1 2 3 4 6 7 10 11 13 0
5 8 0 1 2 3 4 6 7 10 11 14 0
5 8 0 1 2 3 4 6 7 10 12 13 0
5 8 0 1 2 3 4 6 7 10 12 14 0
5 8 0 1 2 3 4 6 7 10 13 14 0
5 8 0 1 2 3 4 6 7 11 12 13 1
5 8 0 1 2 3 4 6 7 11 12 14 0
5 8 0 1 2 3 4 6 7 11 13 14 0
5 8 0 1 2 3 4 6 7 12 13 14 0
5 8 0 1 2 3 4 6 9 10 11 12 0
5 8 0 1 2 3 4 6 9 10 11 13 0
5 8 0 1 2 3 4 6 9 10 11 14 0
5 8 0 1 2 3 4 6 9 10 12 13 0
5 8 0 1 2 3 4 6 9 10 12 14 0
5 8 0 1 2 3 4 6 9 10 13 14 0
5 8 0 1 2 3 4 6 9 11 12 13 1
5 8 0 1 2 3 4 6 9 11 12 14 0
5 8 0 1 2 3 4 6 9 11 13 14 0
5 8 0 1 2 3 4 6 9 12 13 14 0
5 8 0 1 2 3 4 6 10 11 12 13 0
5 8 0 1 2 3 4 6 10 11 12 14 0
5 8 0 1 2 3 4 6 10 11 13 14 0
5 8 0 1 2 3 4 6 10 12 13 14 0
5 8 0 1 2 3 4 6 11 12 13 14 0
5 8 0 1 2 3 4 7 9 10 11 12 0
5 8 0 1 2 3 4 7 9 10 11 13 0
5 8 0 1 2 3 4 7 9 10 11 14 0
5 8 0 1 2 3 4 7 9 10 12 13 1
5 8 0 1 2 3 4 7 9 10 12 14 1
5 8 0 1 2 3 4 7 9 10 13 14 1
5 8 0 1 2 3 4 7 9 11 12 13 1
5 8 0 1 2 3 4 7 9 11 12 14 0
5 8 0 1 2 3 4 7 9 11 13 14 0
5 8 0 1 2 3 4 7 9 12 13 14 1
5 8 0 1 2 3 4 7 10 11 12 13 1
5 8 0 1 2 3 4 7 10 11 12 14 1
5 8 0 1 2 3 4 7 10 11 13 14 1
5 8 0 1 2 3 4 7 10 12 13 14 1.41421
5 8 0 1 2 3 4 7 11 12 13 14 1
5 8 0 1 2 3 4 9 10 11 12 13 0
5 8 0 1 2 3 4 9 10 11 12 14 0
5 8 0 1 2 3 4 9 10 11 13 14 0
5 8 0 1 2 3 4 9 10 12 13 14 1
5 8 0 1 2 3 4 9 11 12 13 14 0
5 8 0 1 2 3 4 10 11 12 13 14 1
5 8 0 1 2 3 6 7 9 10 11 12 0
5 8 0 1 2 3 6 7 9 10 11 13 0
5 8 0 1 2 3 6 7 9 10 11 14 0
5 8 0 1 2 3 6 7 9 10 12 13 0
5 8 0 1 2 3 6 7 9 10 12 14 0
5 8 0 1 2 3 6 7 9 10 13 14 0
5 8 0 1 2 3 6 7 9 11 12 13 1.41421
5 8 0 1 2 3 6 7 9 11 12 14 1
5 8 0 1 2 3 6 7 9 11 13 14 1
5 8 0 1 2 3 6 7 9 12 13 14 1
5 8 0 1 2 3 6 7 10 11 12 13 0
5 8 0 1 2 3 6 7 10 11 12 14 0
5 8 0 1 2 3 6 7 10 11 13 14 0
5 8 0 1 2 3 6 7 10 12 13 14 0
5 8 0 1 2 3 6 7 11 12 13 14 1
5 8 0 1 2 3 6 9 10 11 12 13 0
5 8 0 1 2 3 6 9 10 11 12 14 0
5 8 0 1 2 3 6 9 10 11 13 14 0
5 8 0 1 2 3 6 9 10 12 13 14 0
5 8 0 1 2 3 6 9 11 12 13 14 1
5 8 0 1 2 3 6 10 11 12 13 14 0
5 8 0 1 2 3 7 9 10 11 12 13 0
5 8 0 1 2 3 7 9 10 11 12 14 0
5 8 0 1 2 3 7 9 10 11 13 14 0
5 8 0 1 2 3 7 9 10 12 13 14 1
5 8 0 1 2 3 7 9 11 12 13 14 1
5 8 0 1 2 3 7 10 11 12 13 14 1
5 8 0 1 2 3 9 10 11 12 13 14 0
5 8 0 1 2 4 6 7 9 10 11 12 0
5 8 0 1 2 4 6 7 9 10 11 13 0
5 8 0 1 2 4 6 7 9 10 11 14 0
5 8 0 1 2 4 6 7 9 10 12 13 1
5 8 0 1 2 4 6 7 9 10 12 14 1
5 8 0 1 2 4 6 7 9 10 13 14 1
5 8 0 1 2 4 6 7 9 11 12 13 1
5 8 0 1 2 4 6 7 9 11 12 14 0
5 8 0 1 2 4 6 7 9 11 13 14 0
5 8 0 1 2 4 6 7 9 12 13 14 1
5 8 0 1 2 4 6 7 10 11 12 13 0
5 8 0 1 2 4 6 7 10 11 12 14 0
5 8 0 1 2 4 6 7 10 11 13 14 0
5 8 0 1 2 4 6 7 10 12 13 14 1
5 8 0 1 2 4 6 7 11 12 13 14 0
5 8 0 1 2 4 6 9 10 11 12 13 1
5 8 0 1 2 4 6 9 10 11 12 14 1
5 8 0 1 2 4 6 9 10 11 13 14 1
5 8 0 1 2 4 6 9 10 12 13 14 1.41421
5 8 0 1 2 4 6 9 11 12 13 14 1
5 8 0 1 2 4 6 10 11 12 13 14 1
5 8 0 1 2 4 7 9 10 11 12 13 0
5 8 0 1 2 4 7 9 10 11 12 14 0
5 8 0 1 2 4 7 9 10 11 13 14 0
5 8 0 1 2 4 7 9 10 12 13 14 1.41421
5 8 0 1 2 4 7 9 11 12 13 14 0
5 8 0 1 2 4 7 10 11 12 13 14 1
5 8 0 1 2 4 9 10 11 12 13 14 1
5 8 0 1 2 6 7 9 10 11 12 13 0
5 8 0 1 2 6 7 9 10 11 12 14 0
5 8 0 1 2 6 7 9 10 11 13 14 0
5 8 0 1 2 6 7 9 10 12 13 14 1
5 8 0 1 2 6 7 9 11 12 13 14 1
5 8 0 1 2 6 7 10 11 12 13 14 0
5 8 0 1 2 6 9 10 11 12 13 14 1
5 8 0 1 2 7 9 10 11 12 13 14 0
5 8 0 1 3 4 6 7 9 10 11 12 0
5 8 0 1 3 4 6 7 9 10 11 13 0
5 8 0 1 3 4 6 7 9 10 11 14 0
5 8 0 1 3 4 6 7 9 10 12 13 0
5 8 0 1 3 4 6 7 9 10 12 14 0
5 8 0 1 3 4 6 7 9 10 13 14 0
5 8 0 1 3 4 6 7 9 11 12 13 1
5 8 0 1 3 4 6 7 9 11 12 14 0
5 8 0 1 3 4 6 7 9 11 13 14 0
5 8 0 1 3 4 6 7 9 12 13 14 0
5 8 0 1 3 4 6 7 10 11 12 13 0
5 8 0 1 3 4 6 7 10 11 12 14 0
5 8 0 1 3 4 6 7 10 11 13 14 0
5 8 0 1 3 4 6 7 10 12 13 14 0
5 8 0 1 3 4 6 7 11 12 13 14 0
5 8 0 1 3 4 6 9 10 11 12 13 0
5 8 0 1 3 4 6 9 10 11 12 14 0
5 8 0 1 3 4 6 9 10 11 13 14 0
5 8 0 1 3 4 6 9 10 12 13 14 0
5 8 0 1 3 4 6 9 11 12 13 14 0
5 8 0 1 3 4 6 10 11 12 13 14 0
5 8 0 1 3 4 7 9 10 11 12 13 0
5 8 0 1 3 4 7 9 10 11 12 14 0
5 8 0 1 3 4 7 9 10 11 13 14 0
5 8 0 1 3 4 7 9 10 12 13 14 1
5 8 0 1 3 4 7 9 11 12 13 14 0
5 8 0 1 3 4 7 10 11 12 13 14 1
5 8 0 1 3 4 9 10 11 12 13 14 0
5 8 0 1 3 6 7 9 10 11 12 13 0
5 8 0 1 3 6 7 9 10 11 12 14 0
5 8 0 1 3 6 7 9 10 11 13 14 0
5 8 0 1 3 6 7 9 10 12 13 14 0
5 8 0 1 3 6 7 9 11 12 13 14 1
5 8 0 1 3 6 7 10 11 12 13 14 0
5 8 0 1 3 6 9 10 11 12 13 14 0
5 8 0 1 3 7 9 10 11 12 13 14 0
5 8 0 1 4 6 7 9 10 11 12 13 1
5 8 0 1 4 6 7 9 10 11 12 14 1
5 8 0 1 4 6 7 9 10 11 13 14 1
5 8 0 1 4 6 7 9 10 12 13 14 1.41421
5 8 0 1 4 6 7 9 11 12 13 14 1
5 8 0 1 4 6 7 10 11 12 13 14 1
5 8 0 1 4 6 9 10 11 12 13 14 1.41421
5 8 0 1 4 7 9 10 11 12 13 14 1
5 8 0 1 6 7 9 10 11 12 13 14 1
5 8 0 2 3 4 6 7 9 10 11 12 1
5 8 0 2 3 4 6 7 9 10 11 13 1
5 8 0 2 3 4 6 7 9 10 11 14 1.41421
5 8 0 2 3 4 6 7 9 10 12 13 0
5 8 0 2 3 4 6 7 9 10 12 14 1
5 8 0 2 3 4 6 7 9 10 13 14 1
5 8 0 2 3 4 6 7 9 11 12 13 1
5 8 0 2 3 4 6 7 9 11 12 14 1
5 8 0 2 3 4 6 7 9 11 13 14 1
5 8 0 2 3 4 6 7 9 12 13 14 0
5 8 0 2 3 4 6 7 10 11 12 13 0
5 8 0 2 3 4 6 7 10 11 12 14 1
5 8 0 2 3 4 6 7 10 11 13 14 1
5 8 0 2 3 4 6 7 10 12 13 14 0
5 8 0 2 3 4 6 7 11 12 13 14 0
5 8 0 2 3 4 6 9 10 11 12 13 1
5 8 0 2 3 4 6 9 10 11 12 14 1.41421
5 8 0 2 3 4 6 9 10 11 13 14 1.41421
5 8 0 2 3 4 6 9 10 12 13 14 1
5 8 0 2 3 4 6 9 11 12 13 14 1
5 8 0 2 3 4 6 10 11 12 13 14 1
5 8 0 2 3 4 7 9 10 11 12 13 0
5 8 0 2 3 4 7 9 10 11 12 14 1
5 8 0 2 3 4 7 9 10 11 13 14 1
5 8 0 2 3 4 7 9 10 12 13 14 1
5 8 0 2 3 4 7 9 11 12 13 14 0
5 8 0 2 3 4 7 10 11 12 13 14 1
5 8 0 2 3 4 9 10 11 12 13 14 1
5 8 0 2 3 6 7 9 10 11 12 13 0
5 8 0 2 3 6 7 9 10 11 12 14 1
5 8 0 2 3 6 7 9 10 11 13 14 1
5 8 0 2 3 6 7 9 10 12 13 14 0
5 8 0 2 3 6 7 9 11 12 13 14 1
5 8 0 2 3 6 7 10 11 12 13 14 0
5 8 0 2 3 6 9 10 11 12 13 14 1
5 8 0 2 3 7 9 10 11 12 13 14 0
5 8 0 2 4 6 7 9 10 11 12 13 0
5 8 0 2 4 6 7 9 10 11 12 14 1
5 8 0 2 4 6 7 9 10 11 13 14 1
5 8 0 2 4 6 7 9 10 12 13 14 1
5 8 0 2 4 6 7 9 11 12 13 14 0
5 8 0 2 4 6 7 10 11 12 13 14 0
5 8 0 2 4 6 9 10 11 12 13 14 1.41421
5 8 0 2 4 7 9 10 11 12 13 14 0
5 8 0 2 6 7 9 10 11 12 13 14 0
5 8 0 3 4 6 7 9 10 11 12 13 1
5 8 0 3 4 6 7 9 10 11 12 14 1.41421
5 8 0 3 4 6 7 9 10 11 13 14 1.41421
5 8 0 3 4 6 7 9 10 12 13 14 1
5 8 0 3 4 6 7 9 11 12 13 14 1
5 8 0 3 4 6 7 10 11 12 13 14 1
5 8 0 3 4 6 9 10 11 12 13 14 1.41421
5 8 0 3 4 7 9 10 11 12 13 14 1
5 8 0 3 6 7 9 10 11 12 13 14 1
5 8 0 4 6 7 9 10 11 12 13 14 1.41421
5 8 1 2 3 4 6 7 9 10 11 12 1
5 8 1 2 3 4 6 7 9 10 11 13 0
5 8 1 2 3 4 6 7 9 10 11 14 1
5 8 1 2 3 4 6 7 9 10 12 13 0
5 8 1 2 3 4 6 7 9 10 12 14 1
5 8 1 2 3 4 6 7 9 10 13 14 0
5 8 1 2 3 4 6 7 9 11 12 13 1
5 8 1 2 3 4 6 7 9 11 12 14 1
5 8 1 2 3 4 6 7 9 11 13 14 0
5 8 1 2 3 4 6 7 9 12 13 14 0
5 8 1 2 3 4 6 7 10 11 12 13 0
5 8 1 2 3 4 6 7 10 11 12 14 1
5 8 1 2 3 4 6 7 10 11 13 14 0
5 8 1 2 3 4 6 7 10 12 13 14 0
5 8 1 2 3 4 6 7 11 12 13 14 0
5 8 1 2 3 4 6 9 10 11 12 13 0
5 8 1 2 3 4 6 9 10 11 12 14 1
5 8 1 2 3 4 6 9 10 11 13 14 0
5 8 1 2 3 4 6 9 10 12 13 14 0
5 8 1 2 3 4 6 9 11 12 13 14 0
5 8 1 2 3 4 6 10 11 12 13 14 0
5 8 1 2 3 4 7 9 10 11 12 13 0
5 8 1 2 3 4 7 9 10 11 12 14 1
5 8 1 2 3 4 7 9 10 11 13 14 0
5 8 1 2 3 4 7 9 10 12 13 14 1
5 8 1 2 3 4 7 9 11 12 13 14 0
5 8 1 2 3 4 7 10 11 12 13 14 1
5 8 1 2 3 4 9 10 11 12 13 14 0
5 8 1 2 3 6 7 9 10 11 12 13 0
5 8 1 2 3 6 7 9 10 11 12 14 1
5 8 1 2 3 6 7 9 10 11 13 14 0
5 8 1 2 3 6 7 9 10 12 13 14 0
5 8 1 2 3 6 7 9 11 12 13 14 1
5 8 1 2 3 6 7 10 11 12 13 14 0
5 8 1 2 3 6 9 10 11 12 13 14 0
5 8 1 2 3 7 9 10 11 12 13 14 0
5 8 1 2 4 6 7 9 10 11 12 13 0
5 8 1 2 4 6 7 9 10 11 12 14 1
5 8 1 2 4 6 7 9 10 11 13 14 0
5 8 1 2 4 6 7 9 10 12 13 14 1
5 8 1 2 4 6 7 9 11 12 13 14 0
5 8 1 2 4 6 7 10 11 12 13 14 0
5 8 1 2 4 6 9 10 11 12 13 14 1
5 8 1 2 4 7 9 10 11 12 13 14 0
5 8 1 2 6 7 9 10 11 12 13 14 0
5 8 1 3 4 6 7 9 10 11 12 13 0
5 8 1 3 4 6 7 9 10 11 12 14 1
5 8 1 3 4 6 7 9 10 11 13 14 0
5 8 1 3 4 6 7 9 10 12 13 14 0
5 8 1 3 4 6 7 9 11 12 13 14 0
5 8 1 3 4 6 7 10 11 12 13 14 0
5 8 1 3 4 6 9 10 11 12 13 14 0
5 8 1 3 4 7 9 10 11 12 13 14 0
5 8 1 3 6 7 9 10 11 12 13 14 0
5 8 1 4 6 7 9 10 11 12 13 14 1
5 8 2 3 4 6 7 9 10 11 12 13 0
5 8 2 3 4 6 7 9 10 11 12 14 1.41421
5 8 2 3 4 6 7 9 10 11 13 14 1
5 8 2 3 4 6 7 9 10 12 13 14 0
5 8 2 3 4 6 7 9 11 12 13 14 0
5 8 2 3 4 6 7 10 11 12 13 14 0
5 8 2 3 4 6 9 10 11 12 13 14 1
5 8 2 3 4 7 9 10 11 12 13 14 0
5 8 2 3 6 7 9 10 11 12 13 14 0
5 8 2 4 6 7 9 10 11 12 13 14 0
5 8 3 4 6 7 9 10 11 12 13 14 1
