5 8 0 1 1.90693
5 8 0 2 1.96214
5 8 0 3 2
5 8 0 4 2.389
5 8 0 6 2.35488
5 8 0 7 1.96214
5 8 0 9 2.37697
5 8 0 10 2.389
5 8 0 11 2.28709
5 8 0 12 2.28446
5 8 0 13 2.28446
5 8 0 14 2.389
5 8 1 2 1.73205
5 8 1 3 1.41421
5 8 1 4 1.90693
5 8 1 6 1.73205
5 8 1 7 1.73205
5 8 1 9 1.85164
5 8 1 10 1.90693
5 8 1 11 1.41421
5 8 1 12 1.90693
5 8 1 13 1.90693
5 8 1 14 1.90693
5 8 2 3 1.85164
5 8 2 4 2.02367
5 8 2 6 2
5 8 2 7 1.62019
5 8 2 9 2
5 8 2 10 2.02367
5 8 2 11 1.93309
5 8 2 12 2
5 8 2 13 2
5 8 2 14 2.02367
5 8 3 4 2.07802
5 8 3 6 2.07802
5 8 3 7 1.85164
5 8 3 9 2.07802
5 8 3 10 2.07802
5 8 3 11 2.07802
5 8 3 12 1.85164
5 8 3 13 1.73205
5 8 3 14 2.07802
5 8 4 6 2.39046
5 8 4 7 2.02367
5 8 4 9 2.40662
5 8 4 10 2.42507
5 8 4 11 2.32266
5 8 4 12 2.3094
5 8 4 13 2.28446
5 8 4 14 2.42507
5 8 6 7 2
5 8 6 9 2.39046
5 8 6 10 2.39046
5 8 6 11 2.32266
5 8 6 12 2.26385
5 8 6 13 2.23607
5 8 6 14 2.39046
5 8 7 9 2
5 8 7 10 2.02367
5 8 7 11 1.93309
5 8 7 12 2
5 8 7 13 2
5 8 7 14 2.02367
5 8 9 10 2.40662
5 8 9 11 2.32266
5 8 9 12 2.3094
5 8 9 13 2.26385
5 8 9 14 2.40662
5 8 10 11 2.32266
5 8 10 12 2.3094
5 8 10 13 2.28446
5 8 10 14 2.42507
5 8 11 12 2.16025
5 8 11 13 2.13664
5 8 11 14 2.32266
5 8 12 13 2.19089
5 8 12 14 2.3094
5 8 13 14 2.28446
