9 10 0 1 2 3 4 5 1
9 10 0 1 2 3 4 6 1
9 10 0 1 2 3 4 7 1
9 10 0 1 2 3 4 8 1
9 10 0 1 2 3 4 11 1
9 10 0 1 2 3 4 12 1
9 10 0 1 2 3 4 13 1
9 10 0 1 2 3 4 14 1
9 10 0 1 2 3 5 6 0
9 10 0 1 2 3 5 7 1
9 10 0 1 2 3 5 8 1
9 10 0 1 2 3 5 11 0
9 10 0 1 2 3 5 12 1
9 10 0 1 2 3 5 13 1
9 10 0 1 2 3 5 14 1
9 10 0 1 2 3 6 7 1
9 10 0 1 2 3 6 8 1.41421
9 10 0 1 2 3 6 11 1.41421
9 10 0 1 2 3 6 12 1.41421
9 10 0 1 2 3 6 13 1.41421
9 10 0 1 2 3 6 14 1.41421
9 10 0 1 2 3 7 8 1
9 10 0 1 2 3 7 11 1
9 10 0 1 2 3 7 12 1
9 10 0 1 2 3 7 13 1
9 10 0 1 2 3 7 14 1
9 10 0 1 2 3 8 11 1.41421
9 10 0 1 2 3 8 12 1.41421
9 10 0 1 2 3 8 13 1.41421
9 10 0 1 2 3 8 14 1.41421
9 10 0 1 2 3 11 12 1.41421
9 10 0 1 2 3 11 13 1.41421
9 10 0 1 2 3 11 14 1.41421
9 10 0 1 2 3 12 13 1.41421
9 10 0 1 2 3 12 14 1.41421
9 10 0 1 2 3 13 14 1.41421
9 10 0 1 2 4 5 6 1.41421
9 10 0 1 2 4 5 7 1.41421
9 10 0 1 2 4 5 8 1.62019
9 10 0 1 2 4 5 11 1
9 10 0 1 2 4 5 12 1.62019
9 10 0 1 2 4 5 13 1.62019
9 10 0 1 2 4 5 14 1.62019
9 10 0 1 2 4 6 7 1
9 10 0 1 2 4 6 8 1.62019
9 10 0 1 2 4 6 11 1.41421
9 10 0 1 2 4 6 12 1.62019
9 10 0 1 2 4 6 13 1.62019
9 10 0 1 2 4 6 14 1.62019
9 10 0 1 2 4 7 8 1.41421
9 10 0 1 2 4 7 11 0
9 10 0 1 2 4 7 12 1.41421
9 10 0 1 2 4 7 13 1.41421
9 10 0 1 2 4 7 14 1.41421
9 10 0 1 2 4 8 11 1.41421
9 10 0 1 2 4 8 12 1.73205
9 10 0 1 2 4 8 13 1.73205
9 10 0 1 2 4 8 14 1.73205
9 10 0 1 2 4 11 12 1.41421
9 10 0 1 2 4 11 13 1.41421
9 10 0 1 2 4 11 14 1.41421
9 10 0 1 2 4 12 13 1.73205
9 10 0 1 2 4 12 14 1.73205
9 10 0 1 2 4 13 14 1.73205
9 10 0 1 2 5 6 7 1
9 10 0 1 2 5 6 8 1.41421
9 10 0 1 2 5 6 11 1
9 10 0 1 2 5 6 12 1.41421
9 10 0 1 2 5 6 13 1.41421
9 10 0 1 2 5 6 14 1.41421
9 10 0 1 2 5 7 8 1.41421
9 10 0 1 2 5 7 11 0
9 10 0 1 2 5 7 12 1.41421
9 10 0 1 2 5 7 13 1.41421
9 10 0 1 2 5 7 14 1.41421
9 10 0 1 2 5 8 11 1
9 10 0 1 2 5 8 12 1.62019
9 10 0 1 2 5 8 13 1.62019
9 10 0 1 2 5 8 14 1.62019
9 10 0 1 2 5 11 12 1
9 10 0 1 2 5 11 13 1
9 10 0 1 2 5 11 14 1
9 10 0 1 2 5 12 13 1.62019
9 10 0 1 2 5 12 14 1.62019
9 10 0 1 2 5 13 14 1.62019
9 10 0 1 2 6 7 8 1
9 10 0 1 2 6 7 11 1
9 10 0 1 2 6 7 12 1
9 10 0 1 2 6 7 13 1
9 10 0 1 2 6 7 14 1
9 10 0 1 2 6 8 11 1.62019
9 10 0 1 2 6 8 12 1.73205
9 10 0 1 2 6 8 13 1.73205
9 10 0 1 2 6 8 14 1.73205
9 10 0 1 2 6 11 12 1.62019
9 10 0 1 2 6 11 13 1.62019
9 10 0 1 2 6 11 14 1.62019
9 10 0 1 2 6 12 13 1.73205
9 10 0 1 2 6 12 14 1.73205
9 10 0 1 2 6 13 14 1.73205
9 10 0 1 2 7 8 11 1
9 10 0 1 2 7 8 12 1.41421
9 10 0 1 2 7 8 13 1.41421
9 10 0 1 2 7 8 14 1.41421
9 10 0 1 2 7 11 12 1
9 10 0 1 2 7 11 13 1
9 10 0 1 2 7 11 14 1
9 10 0 1 2 7 12 13 1.41421
9 10 0 1 2 7 12 14 1.41421
9 10 0 1 2 7 13 14 1.41421
9 10 0 1 2 8 11 12 1.62019
9 10 0 1 2 8 11 13 1.62019
9 10 0 1 2 8 11 14 1.62019
9 10 0 1 2 8 12 13 1.81265
9 10 0 1 2 8 12 14 1.81265
9 10 0 1 2 8 13 14 1.81265
9 10 0 1 2 11 12 13 1.62019
9 10 0 1 2 11 12 14 1.62019
9 10 0 1 2 11 13 14 1.62019
9 10 0 1 2 12 13 14 1.81265
9 10 0 1 3 4 5 6 0
9 10 0 1 3 4 5 7 1
9 10 0 1 3 4 5 8 1
9 10 0 1 3 4 5 11 0
9 10 0 1 3 4 5 12 1
9 10 0 1 3 4 5 13 1
9 10 0 1 3 4 5 14 1
9 10 0 1 3 4 6 7 1
9 10 0 1 3 4 6 8 1.41421
9 10 0 1 3 4 6 11 1.41421
9 10 0 1 3 4 6 12 1.41421
9 10 0 1 3 4 6 13 1.41421
9 10 0 1 3 4 6 14 1.41421
9 10 0 1 3 4 7 8 1
9 10 0 1 3 4 7 11 1
9 10 0 1 3 4 7 12 1
9 10 0 1 3 4 7 13 1
9 10 0 1 3 4 7 14 1
9 10 0 1 3 4 8 11 1.41421
9 10 0 1 3 4 8 12 1.41421
9 10 0 1 3 4 8 13 1.41421
9 10 0 1 3 4 8 14 1.41421
9 10 0 1 3 4 11 12 1.41421
9 10 0 1 3 4 11 13 1.41421
9 10 0 1 3 4 11 14 1.41421
9 10 0 1 3 4 12 13 1.41421
9 10 0 1 3 4 12 14 1.41421
9 10 0 1 3 4 13 14 1.41421
9 10 0 1 3 5 6 7 0
9 10 0 1 3 5 6 8 0
9 10 0 1 3 5 6 11 0
9 10 0 1 3 5 6 12 0
9 10 0 1 3 5 6 13 0
9 10 0 1 3 5 6 14 0
9 10 0 1 3 5 7 8 1
9 10 0 1 3 5 7 11 0
9 10 0 1 3 5 7 12 1
9 10 0 1 3 5 7 13 1
9 10 0 1 3 5 7 14 1
9 10 0 1 3 5 8 11 0
9 10 0 1 3 5 8 12 1
9 10 0 1 3 5 8 13 1
9 10 0 1 3 5 8 14 1
9 10 0 1 3 5 11 12 0
9 10 0 1 3 5 11 13 0
9 10 0 1 3 5 11 14 0
9 10 0 1 3 5 12 13 1
9 10 0 1 3 5 12 14 1
9 10 0 1 3 5 13 14 1
9 10 0 1 3 6 7 8 1.41421
9 10 0 1 3 6 7 11 1.41421
9 10 0 1 3 6 7 12 1.41421
9 10 0 1 3 6 7 13 1.41421
9 10 0 1 3 6 7 14 1.41421
9 10 0 1 3 6 8 11 1.73205
9 10 0 1 3 6 8 12 1.73205
9 10 0 1 3 6 8 13 1.73205
9 10 0 1 3 6 8 14 1.73205
9 10 0 1 3 6 11 12 1.73205
9 10 0 1 3 6 11 13 1.73205
9 10 0 1 3 6 11 14 1.73205
9 10 0 1 3 6 12 13 1.73205
9 10 0 1 3 6 12 14 1.73205
9 10 0 1 3 6 13 14 1.73205
9 10 0 1 3 7 8 11 1.41421
9 10 0 1 3 7 8 12 1.41421
9 10 0 1 3 7 8 13 1.41421
9 10 0 1 3 7 8 14 1.41421
9 10 0 1 3 7 11 12 1.41421
9 10 0 1 3 7 11 13 1.41421
9 10 0 1 3 7 11 14 1.41421
9 10 0 1 3 7 12 13 1.41421
9 10 0 1 3 7 12 14 1.41421
9 10 0 1 3 7 13 14 1.41421
9 10 0 1 3 8 11 12 1.73205
9 10 0 1 3 8 11 13 1.73205
9 10 0 1 3 8 11 14 1.73205
9 10 0 1 3 8 12 13 1.73205
9 10 0 1 3 8 12 14 1.73205
9 10 0 1 3 8 13 14 1.73205
9 10 0 1 3 11 12 13 1.73205
9 10 0 1 3 11 12 14 1.73205
9 10 0 1 3 11 13 14 1.73205
9 10 0 1 3 12 13 14 1.73205
9 10 0 1 4 5 6 7 1.41421
9 10 0 1 4 5 6 8 1.73205
9 10 0 1 4 5 6 11 1.41421
9 10 0 1 4 5 6 12 1.73205
9 10 0 1 4 5 6 13 1.73205
9 10 0 1 4 5 6 14 1.73205
9 10 0 1 4 5 7 8 1.62019
9 10 0 1 4 5 7 11 1
9 10 0 1 4 5 7 12 1.62019
9 10 0 1 4 5 7 13 1.62019
9 10 0 1 4 5 7 14 1.62019
9 10 0 1 4 5 8 11 1.41421
9 10 0 1 4 5 8 12 1.85164
9 10 0 1 4 5 8 13 1.85164
9 10 0 1 4 5 8 14 1.85164
9 10 0 1 4 5 11 12 1.41421
9 10 0 1 4 5 11 13 1.41421
9 10 0 1 4 5 11 14 1.41421
9 10 0 1 4 5 12 13 1.85164
9 10 0 1 4 5 12 14 1.85164
9 10 0 1 4 5 13 14 1.85164
9 10 0 1 4 6 7 8 1.62019
9 10 0 1 4 6 7 11 1.41421
9 10 0 1 4 6 7 12 1.62019
9 10 0 1 4 6 7 13 1.62019
9 10 0 1 4 6 7 14 1.62019
9 10 0 1 4 6 8 11 2
9 10 0 1 4 6 8 12 2.13664
9 10 0 1 4 6 8 13 2.13664
9 10 0 1 4 6 8 14 2.13664
9 10 0 1 4 6 11 12 2
9 10 0 1 4 6 11 13 2
9 10 0 1 4 6 11 14 2
9 10 0 1 4 6 12 13 2.13664
9 10 0 1 4 6 12 14 2.13664
9 10 0 1 4 6 13 14 2.13664
9 10 0 1 4 7 8 11 1.41421
9 10 0 1 4 7 8 12 1.73205
9 10 0 1 4 7 8 13 1.73205
9 10 0 1 4 7 8 14 1.73205
9 10 0 1 4 7 11 12 1.41421
9 10 0 1 4 7 11 13 1.41421
9 10 0 1 4 7 11 14 1.41421
9 10 0 1 4 7 12 13 1.73205
9 10 0 1 4 7 12 14 1.73205
9 10 0 1 4 7 13 14 1.73205
9 10 0 1 4 8 11 12 2
9 10 0 1 4 8 11 13 2
9 10 0 1 4 8 11 14 2
9 10 0 1 4 8 12 13 2.16025
9 10 0 1 4 8 12 14 2.16025
9 10 0 1 4 8 13 14 2.16025
9 10 0 1 4 11 12 13 2
9 10 0 1 4 11 12 14 2
9 10 0 1 4 11 13 14 2
9 10 0 1 4 12 13 14 2.16025
9 10 0 1 5 6 7 8 1.41421
9 10 0 1 5 6 7 11 1
9 10 0 1 5 6 7 12 1.41421
9 10 0 1 5 6 7 13 1.41421
9 10 0 1 5 6 7 14 1.41421
9 10 0 1 5 6 8 11 1.41421
9 10 0 1 5 6 8 12 1.73205
9 10 0 1 5 6 8 13 1.73205
9 10 0 1 5 6 8 14 1.73205
9 10 0 1 5 6 11 12 1.41421
9 10 0 1 5 6 11 13 1.41421
9 10 0 1 5 6 11 14 1.41421
9 10 0 1 5 6 12 13 1.73205
9 10 0 1 5 6 12 14 1.73205
9 10 0 1 5 6 13 14 1.73205
9 10 0 1 5 7 8 11 1
9 10 0 1 5 7 8 12 1.62019
9 10 0 1 5 7 8 13 1.62019
9 10 0 1 5 7 8 14 1.62019
9 10 0 1 5 7 11 12 1
9 10 0 1 5 7 11 13 1
9 10 0 1 5 7 11 14 1
9 10 0 1 5 7 12 13 1.62019
9 10 0 1 5 7 12 14 1.62019
9 10 0 1 5 7 13 14 1.62019
9 10 0 1 5 8 11 12 1.41421
9 10 0 1 5 8 11 13 1.41421
9 10 0 1 5 8 11 14 1.41421
9 10 0 1 5 8 12 13 1.85164
9 10 0 1 5 8 12 14 1.85164
9 10 0 1 5 8 13 14 1.85164
9 10 0 1 5 11 12 13 1.41421
9 10 0 1 5 11 12 14 1.41421
9 10 0 1 5 11 13 14 1.41421
9 10 0 1 5 12 13 14 1.85164
9 10 0 1 6 7 8 11 1.62019
9 10 0 1 6 7 8 12 1.73205
9 10 0 1 6 7 8 13 1.73205
9 10 0 1 6 7 8 14 1.73205
9 10 0 1 6 7 11 12 1.62019
9 10 0 1 6 7 11 13 1.62019
9 10 0 1 6 7 11 14 1.62019
9 10 0 1 6 7 12 13 1.73205
9 10 0 1 6 7 12 14 1.73205
9 10 0 1 6 7 13 14 1.73205
9 10 0 1 6 8 11 12 2.13664
9 10 0 1 6 8 11 13 2.13664
9 10 0 1 6 8 11 14 2.13664
9 10 0 1 6 8 12 13 2.23607
9 10 0 1 6 8 12 14 2.23607
9 10 0 1 6 8 13 14 2.23607
9 10 0 1 6 11 12 13 2.13664
9 10 0 1 6 11 12 14 2.13664
9 10 0 1 6 11 13 14 2.13664
9 10 0 1 6 12 13 14 2.23607
9 10 0 1 7 8 11 12 1.62019
9 10 0 1 7 8 11 13 1.62019
9 10 0 1 7 8 11 14 1.62019
9 10 0 1 7 8 12 13 1.81265
9 10 0 1 7 8 12 14 1.81265
9 10 0 1 7 8 13 14 1.81265
9 10 0 1 7 11 12 13 1.62019
9 10 0 1 7 11 12 14 1.62019
9 10 0 1 7 11 13 14 1.62019
9 10 0 1 7 12 13 14 1.81265
9 10 0 1 8 11 12 13 2.13664
9 10 0 1 8 11 12 14 2.13664
9 10 0 1 8 11 13 14 2.13664
9 10 0 1 8 12 13 14 2.26385
9 10 0 1 11 12 13 14 2.13664
9 10 0 2 3 4 5 6 2
9 10 0 2 3 4 5 7 1.73205
9 10 0 2 3 4 5 8 1.73205
9 10 0 2 3 4 5 11 2
9 10 0 2 3 4 5 12 1.73205
9 10 0 2 3 4 5 13 1.73205
9 10 0 2 3 4 5 14 2
9 10 0 2 3 4 6 7 1.73205
9 10 0 2 3 4 6 8 1.85164
9 10 0 2 3 4 6 11 2.07802
9 10 0 2 3 4 6 12 1.85164
9 10 0 2 3 4 6 13 1.85164
9 10 0 2 3 4 6 14 2.07802
9 10 0 2 3 4 7 8 1.41421
9 10 0 2 3 4 7 11 1.73205
9 10 0 2 3 4 7 12 1.41421
9 10 0 2 3 4 7 13 1.41421
9 10 0 2 3 4 7 14 1.73205
9 10 0 2 3 4 8 11 1.85164
9 10 0 2 3 4 8 12 1.62019
9 10 0 2 3 4 8 13 1.62019
9 10 0 2 3 4 8 14 1.85164
9 10 0 2 3 4 11 12 1.85164
9 10 0 2 3 4 11 13 1.85164
9 10 0 2 3 4 11 14 2.07802
9 10 0 2 3 4 12 13 1.62019
9 10 0 2 3 4 12 14 1.85164
9 10 0 2 3 4 13 14 1.85164
9 10 0 2 3 5 6 7 1.73205
9 10 0 2 3 5 6 8 1.73205
9 10 0 2 3 5 6 11 2
9 10 0 2 3 5 6 12 1.73205
9 10 0 2 3 5 6 13 1.73205
9 10 0 2 3 5 6 14 2
9 10 0 2 3 5 7 8 1.41421
9 10 0 2 3 5 7 11 1.73205
9 10 0 2 3 5 7 12 1.41421
9 10 0 2 3 5 7 13 1.41421
9 10 0 2 3 5 7 14 1.73205
9 10 0 2 3 5 8 11 1.73205
9 10 0 2 3 5 8 12 1.41421
9 10 0 2 3 5 8 13 1.41421
9 10 0 2 3 5 8 14 1.73205
9 10 0 2 3 5 11 12 1.73205
9 10 0 2 3 5 11 13 1.73205
9 10 0 2 3 5 11 14 2
9 10 0 2 3 5 12 13 1.41421
9 10 0 2 3 5 12 14 1.73205
9 10 0 2 3 5 13 14 1.73205
9 10 0 2 3 6 7 8 1.41421
9 10 0 2 3 6 7 11 1.73205
9 10 0 2 3 6 7 12 1.41421
9 10 0 2 3 6 7 13 1.41421
9 10 0 2 3 6 7 14 1.73205
9 10 0 2 3 6 8 11 1.90693
9 10 0 2 3 6 8 12 1.73205
9 10 0 2 3 6 8 13 1.73205
9 10 0 2 3 6 8 14 1.90693
9 10 0 2 3 6 11 12 1.90693
9 10 0 2 3 6 11 13 1.90693
9 10 0 2 3 6 11 14 2.10357
9 10 0 2 3 6 12 13 1.73205
9 10 0 2 3 6 12 14 1.90693
9 10 0 2 3 6 13 14 1.90693
9 10 0 2 3 7 8 11 1.41421
9 10 0 2 3 7 8 12 1
9 10 0 2 3 7 8 13 1
9 10 0 2 3 7 8 14 1.41421
9 10 0 2 3 7 11 12 1.41421
9 10 0 2 3 7 11 13 1.41421
9 10 0 2 3 7 11 14 1.73205
9 10 0 2 3 7 12 13 1
9 10 0 2 3 7 12 14 1.41421
9 10 0 2 3 7 13 14 1.41421
9 10 0 2 3 8 11 12 1.73205
9 10 0 2 3 8 11 13 1.73205
9 10 0 2 3 8 11 14 1.90693
9 10 0 2 3 8 12 13 1.62019
9 10 0 2 3 8 12 14 1.73205
9 10 0 2 3 8 13 14 1.73205
9 10 0 2 3 11 12 13 1.73205
9 10 0 2 3 11 12 14 1.90693
9 10 0 2 3 11 13 14 1.90693
9 10 0 2 3 12 13 14 1.73205
9 10 0 2 4 5 6 7 1.73205
9 10 0 2 4 5 6 8 1.90693
9 10 0 2 4 5 6 11 2.07802
9 10 0 2 4 5 6 12 1.90693
9 10 0 2 4 5 6 13 1.90693
9 10 0 2 4 5 6 14 2.10357
9 10 0 2 4 5 7 8 1.41421
9 10 0 2 4 5 7 11 1.73205
9 10 0 2 4 5 7 12 1.41421
9 10 0 2 4 5 7 13 1.41421
9 10 0 2 4 5 7 14 1.73205
9 10 0 2 4 5 8 11 1.85164
9 10 0 2 4 5 8 12 1.81265
9 10 0 2 4 5 8 13 1.81265
9 10 0 2 4 5 8 14 1.93309
9 10 0 2 4 5 11 12 1.85164
9 10 0 2 4 5 11 13 1.85164
9 10 0 2 4 5 11 14 2.07802
9 10 0 2 4 5 12 13 1.81265
9 10 0 2 4 5 12 14 1.93309
9 10 0 2 4 5 13 14 1.93309
9 10 0 2 4 6 7 8 1.41421
9 10 0 2 4 6 7 11 1.73205
9 10 0 2 4 6 7 12 1.41421
9 10 0 2 4 6 7 13 1.41421
9 10 0 2 4 6 7 14 1.73205
9 10 0 2 4 6 8 11 2.00294
9 10 0 2 4 6 8 12 1.93309
9 10 0 2 4 6 8 13 1.93309
9 10 0 2 4 6 8 14 2.04939
9 10 0 2 4 6 11 12 2.00294
9 10 0 2 4 6 11 13 2.00294
9 10 0 2 4 6 11 14 2.17945
9 10 0 2 4 6 12 13 1.93309
9 10 0 2 4 6 12 14 2.04939
9 10 0 2 4 6 13 14 2.04939
9 10 0 2 4 7 8 11 1.41421
9 10 0 2 4 7 8 12 1.41421
9 10 0 2 4 7 8 13 1.41421
9 10 0 2 4 7 8 14 1.41421
9 10 0 2 4 7 11 12 1.41421
9 10 0 2 4 7 11 13 1.41421
9 10 0 2 4 7 11 14 1.73205
9 10 0 2 4 7 12 13 1.41421
9 10 0 2 4 7 12 14 1.41421
9 10 0 2 4 7 13 14 1.41421
9 10 0 2 4 8 11 12 1.85164
9 10 0 2 4 8 11 13 1.85164
9 10 0 2 4 8 11 14 2.00294
9 10 0 2 4 8 12 13 1.90693
9 10 0 2 4 8 12 14 2
9 10 0 2 4 8 13 14 2
9 10 0 2 4 11 12 13 1.85164
9 10 0 2 4 11 12 14 2.00294
9 10 0 2 4 11 13 14 2.00294
9 10 0 2 4 12 13 14 2
9 10 0 2 5 6 7 8 1.41421
9 10 0 2 5 6 7 11 1.73205
9 10 0 2 5 6 7 12 1.41421
9 10 0 2 5 6 7 13 1.41421
9 10 0 2 5 6 7 14 1.73205
9 10 0 2 5 6 8 11 1.85164
9 10 0 2 5 6 8 12 1.73205
9 10 0 2 5 6 8 13 1.73205
9 10 0 2 5 6 8 14 1.90693
9 10 0 2 5 6 11 12 1.85164
9 10 0 2 5 6 11 13 1.85164
9 10 0 2 5 6 11 14 2.07802
9 10 0 2 5 6 12 13 1.73205
9 10 0 2 5 6 12 14 1.90693
9 10 0 2 5 6 13 14 1.90693
9 10 0 2 5 7 8 11 1.41421
9 10 0 2 5 7 8 12 1.41421
9 10 0 2 5 7 8 13 1.41421
9 10 0 2 5 7 8 14 1.41421
9 10 0 2 5 7 11 12 1.41421
9 10 0 2 5 7 11 13 1.41421
9 10 0 2 5 7 11 14 1.73205
9 10 0 2 5 7 12 13 1.41421
9 10 0 2 5 7 12 14 1.41421
9 10 0 2 5 7 13 14 1.41421
9 10 0 2 5 8 11 12 1.62019
9 10 0 2 5 8 11 13 1.62019
9 10 0 2 5 8 11 14 1.85164
9 10 0 2 5 8 12 13 1.73205
9 10 0 2 5 8 12 14 1.81265
9 10 0 2 5 8 13 14 1.81265
9 10 0 2 5 11 12 13 1.62019
9 10 0 2 5 11 12 14 1.85164
9 10 0 2 5 11 13 14 1.85164
9 10 0 2 5 12 13 14 1.81265
9 10 0 2 6 7 8 11 1.41421
9 10 0 2 6 7 8 12 1
9 10 0 2 6 7 8 13 1
9 10 0 2 6 7 8 14 1.41421
9 10 0 2 6 7 11 12 1.41421
9 10 0 2 6 7 11 13 1.41421
9 10 0 2 6 7 11 14 1.73205
9 10 0 2 6 7 12 13 1
9 10 0 2 6 7 12 14 1.41421
9 10 0 2 6 7 13 14 1.41421
9 10 0 2 6 8 11 12 1.93309
9 10 0 2 6 8 11 13 1.93309
9 10 0 2 6 8 11 14 2.04939
9 10 0 2 6 8 12 13 1.93309
9 10 0 2 6 8 12 14 2
9 10 0 2 6 8 13 14 2
9 10 0 2 6 11 12 13 1.93309
9 10 0 2 6 11 12 14 2.04939
9 10 0 2 6 11 13 14 2.04939
9 10 0 2 6 12 13 14 2
9 10 0 2 7 8 11 12 1
9 10 0 2 7 8 11 13 1
9 10 0 2 7 8 11 14 1.41421
9 10 0 2 7 8 12 13 1.41421
9 10 0 2 7 8 12 14 1.41421
9 10 0 2 7 8 13 14 1.41421
9 10 0 2 7 11 12 13 1
9 10 0 2 7 11 12 14 1.41421
9 10 0 2 7 11 13 14 1.41421
9 10 0 2 7 12 13 14 1.41421
9 10 0 2 8 11 12 13 1.85164
9 10 0 2 8 11 12 14 1.93309
9 10 0 2 8 11 13 14 1.93309
9 10 0 2 8 12 13 14 2
9 10 0 2 11 12 13 14 1.93309
9 10 0 3 4 5 6 7 2
9 10 0 3 4 5 6 8 2
9 10 0 3 4 5 6 11 2.23607
9 10 0 3 4 5 6 12 2
9 10 0 3 4 5 6 13 2
9 10 0 3 4 5 6 14 2.23607
9 10 0 3 4 5 7 8 1.73205
9 10 0 3 4 5 7 11 2
9 10 0 3 4 5 7 12 1.73205
9 10 0 3 4 5 7 13 1.73205
9 10 0 3 4 5 7 14 2
9 10 0 3 4 5 8 11 2
9 10 0 3 4 5 8 12 1.73205
9 10 0 3 4 5 8 13 1.73205
9 10 0 3 4 5 8 14 2
9 10 0 3 4 5 11 12 2
9 10 0 3 4 5 11 13 2
9 10 0 3 4 5 11 14 2.23607
9 10 0 3 4 5 12 13 1.73205
9 10 0 3 4 5 12 14 2
9 10 0 3 4 5 13 14 2
9 10 0 3 4 6 7 8 1.85164
9 10 0 3 4 6 7 11 2.07802
9 10 0 3 4 6 7 12 1.85164
9 10 0 3 4 6 7 13 1.85164
9 10 0 3 4 6 7 14 2.07802
9 10 0 3 4 6 8 11 2.28709
9 10 0 3 4 6 8 12 2.13664
9 10 0 3 4 6 8 13 2.13664
9 10 0 3 4 6 8 14 2.28709
9 10 0 3 4 6 11 12 2.28709
9 10 0 3 4 6 11 13 2.28709
9 10 0 3 4 6 11 14 2.44831
9 10 0 3 4 6 12 13 2.13664
9 10 0 3 4 6 12 14 2.28709
9 10 0 3 4 6 13 14 2.28709
9 10 0 3 4 7 8 11 1.85164
9 10 0 3 4 7 8 12 1.62019
9 10 0 3 4 7 8 13 1.62019
9 10 0 3 4 7 8 14 1.85164
9 10 0 3 4 7 11 12 1.85164
9 10 0 3 4 7 11 13 1.85164
9 10 0 3 4 7 11 14 2.07802
9 10 0 3 4 7 12 13 1.62019
9 10 0 3 4 7 12 14 1.85164
9 10 0 3 4 7 13 14 1.85164
9 10 0 3 4 8 11 12 2.13664
9 10 0 3 4 8 11 13 2.13664
9 10 0 3 4 8 11 14 2.28709
9 10 0 3 4 8 12 13 2
9 10 0 3 4 8 12 14 2.13664
9 10 0 3 4 8 13 14 2.13664
9 10 0 3 4 11 12 13 2.13664
9 10 0 3 4 11 12 14 2.28709
9 10 0 3 4 11 13 14 2.28709
9 10 0 3 4 12 13 14 2.13664
9 10 0 3 5 6 7 8 1.73205
9 10 0 3 5 6 7 11 2
9 10 0 3 5 6 7 12 1.73205
9 10 0 3 5 6 7 13 1.73205
9 10 0 3 5 6 7 14 2
9 10 0 3 5 6 8 11 2
9 10 0 3 5 6 8 12 1.73205
9 10 0 3 5 6 8 13 1.73205
9 10 0 3 5 6 8 14 2
9 10 0 3 5 6 11 12 2
9 10 0 3 5 6 11 13 2
9 10 0 3 5 6 11 14 2.23607
9 10 0 3 5 6 12 13 1.73205
9 10 0 3 5 6 12 14 2
9 10 0 3 5 6 13 14 2
9 10 0 3 5 7 8 11 1.73205
9 10 0 3 5 7 8 12 1.41421
9 10 0 3 5 7 8 13 1.41421
9 10 0 3 5 7 8 14 1.73205
9 10 0 3 5 7 11 12 1.73205
9 10 0 3 5 7 11 13 1.73205
9 10 0 3 5 7 11 14 2
9 10 0 3 5 7 12 13 1.41421
9 10 0 3 5 7 12 14 1.73205
9 10 0 3 5 7 13 14 1.73205
9 10 0 3 5 8 11 12 1.73205
9 10 0 3 5 8 11 13 1.73205
9 10 0 3 5 8 11 14 2
9 10 0 3 5 8 12 13 1.41421
9 10 0 3 5 8 12 14 1.73205
9 10 0 3 5 8 13 14 1.73205
9 10 0 3 5 11 12 13 1.73205
9 10 0 3 5 11 12 14 2
9 10 0 3 5 11 13 14 2
9 10 0 3 5 12 13 14 1.73205
9 10 0 3 6 7 8 11 1.90693
9 10 0 3 6 7 8 12 1.73205
9 10 0 3 6 7 8 13 1.73205
9 10 0 3 6 7 8 14 1.90693
9 10 0 3 6 7 11 12 1.90693
9 10 0 3 6 7 11 13 1.90693
9 10 0 3 6 7 11 14 2.10357
9 10 0 3 6 7 12 13 1.73205
9 10 0 3 6 7 12 14 1.90693
9 10 0 3 6 7 13 14 1.90693
9 10 0 3 6 8 11 12 2.23607
9 10 0 3 6 8 11 13 2.23607
9 10 0 3 6 8 11 14 2.35488
9 10 0 3 6 8 12 13 2.13664
9 10 0 3 6 8 12 14 2.23607
9 10 0 3 6 8 13 14 2.23607
9 10 0 3 6 11 12 13 2.23607
9 10 0 3 6 11 12 14 2.35488
9 10 0 3 6 11 13 14 2.35488
9 10 0 3 6 12 13 14 2.23607
9 10 0 3 7 8 11 12 1.73205
9 10 0 3 7 8 11 13 1.73205
9 10 0 3 7 8 11 14 1.90693
9 10 0 3 7 8 12 13 1.62019
9 10 0 3 7 8 12 14 1.73205
9 10 0 3 7 8 13 14 1.73205
9 10 0 3 7 11 12 13 1.73205
9 10 0 3 7 11 12 14 1.90693
9 10 0 3 7 11 13 14 1.90693
9 10 0 3 7 12 13 14 1.73205
9 10 0 3 8 11 12 13 2.13664
9 10 0 3 8 11 12 14 2.23607
9 10 0 3 8 11 13 14 2.23607
9 10 0 3 8 12 13 14 2.13664
9 10 0 3 11 12 13 14 2.23607
9 10 0 4 5 6 7 8 1.90693
9 10 0 4 5 6 7 11 2.07802
9 10 0 4 5 6 7 12 1.90693
9 10 0 4 5 6 7 13 1.90693
9 10 0 4 5 6 7 14 2.10357
9 10 0 4 5 6 8 11 2.28709
9 10 0 4 5 6 8 12 2.23607
9 10 0 4 5 6 8 13 2.23607
9 10 0 4 5 6 8 14 2.35488
9 10 0 4 5 6 11 12 2.28709
9 10 0 4 5 6 11 13 2.28709
9 10 0 4 5 6 11 14 2.44831
9 10 0 4 5 6 12 13 2.23607
9 10 0 4 5 6 12 14 2.35488
9 10 0 4 5 6 13 14 2.35488
9 10 0 4 5 7 8 11 1.85164
9 10 0 4 5 7 8 12 1.81265
9 10 0 4 5 7 8 13 1.81265
9 10 0 4 5 7 8 14 1.93309
9 10 0 4 5 7 11 12 1.85164
9 10 0 4 5 7 11 13 1.85164
9 10 0 4 5 7 11 14 2.07802
9 10 0 4 5 7 12 13 1.81265
9 10 0 4 5 7 12 14 1.93309
9 10 0 4 5 7 13 14 1.93309
9 10 0 4 5 8 11 12 2.13664
9 10 0 4 5 8 11 13 2.13664
9 10 0 4 5 8 11 14 2.28709
9 10 0 4 5 8 12 13 2.16025
9 10 0 4 5 8 12 14 2.26385
9 10 0 4 5 8 13 14 2.26385
9 10 0 4 5 11 12 13 2.13664
9 10 0 4 5 11 12 14 2.28709
9 10 0 4 5 11 13 14 2.28709
9 10 0 4 5 12 13 14 2.26385
9 10 0 4 6 7 8 11 2.00294
9 10 0 4 6 7 8 12 1.93309
9 10 0 4 6 7 8 13 1.93309
9 10 0 4 6 7 8 14 2.04939
9 10 0 4 6 7 11 12 2.00294
9 10 0 4 6 7 11 13 2.00294
9 10 0 4 6 7 11 14 2.17945
9 10 0 4 6 7 12 13 1.93309
9 10 0 4 6 7 12 14 2.04939
9 10 0 4 6 7 13 14 2.04939
9 10 0 4 6 8 11 12 2.52543
9 10 0 4 6 8 11 13 2.52543
9 10 0 4 6 8 11 14 2.61406
9 10 0 4 6 8 12 13 2.52543
9 10 0 4 6 8 12 14 2.58844
9 10 0 4 6 8 13 14 2.58844
9 10 0 4 6 11 12 13 2.52543
9 10 0 4 6 11 12 14 2.61406
9 10 0 4 6 11 13 14 2.61406
9 10 0 4 6 12 13 14 2.58844
9 10 0 4 7 8 11 12 1.85164
9 10 0 4 7 8 11 13 1.85164
9 10 0 4 7 8 11 14 2.00294
9 10 0 4 7 8 12 13 1.90693
9 10 0 4 7 8 12 14 2
9 10 0 4 7 8 13 14 2
9 10 0 4 7 11 12 13 1.85164
9 10 0 4 7 11 12 14 2.00294
9 10 0 4 7 11 13 14 2.00294
9 10 0 4 7 12 13 14 2
9 10 0 4 8 11 12 13 2.44949
9 10 0 4 8 11 12 14 2.52543
9 10 0 4 8 11 13 14 2.52543
9 10 0 4 8 12 13 14 2.53722
9 10 0 4 11 12 13 14 2.52543
9 10 0 5 6 7 8 11 1.85164
9 10 0 5 6 7 8 12 1.73205
9 10 0 5 6 7 8 13 1.73205
9 10 0 5 6 7 8 14 1.90693
9 10 0 5 6 7 11 12 1.85164
9 10 0 5 6 7 11 13 1.85164
9 10 0 5 6 7 11 14 2.07802
9 10 0 5 6 7 12 13 1.73205
9 10 0 5 6 7 12 14 1.90693
9 10 0 5 6 7 13 14 1.90693
9 10 0 5 6 8 11 12 2.13664
9 10 0 5 6 8 11 13 2.13664
9 10 0 5 6 8 11 14 2.28709
9 10 0 5 6 8 12 13 2.13664
9 10 0 5 6 8 12 14 2.23607
9 10 0 5 6 8 13 14 2.23607
9 10 0 5 6 11 12 13 2.13664
9 10 0 5 6 11 12 14 2.28709
9 10 0 5 6 11 13 14 2.28709
9 10 0 5 6 12 13 14 2.23607
9 10 0 5 7 8 11 12 1.62019
9 10 0 5 7 8 11 13 1.62019
9 10 0 5 7 8 11 14 1.85164
9 10 0 5 7 8 12 13 1.73205
9 10 0 5 7 8 12 14 1.81265
9 10 0 5 7 8 13 14 1.81265
9 10 0 5 7 11 12 13 1.62019
9 10 0 5 7 11 12 14 1.85164
9 10 0 5 7 11 13 14 1.85164
9 10 0 5 7 12 13 14 1.81265
9 10 0 5 8 11 12 13 2
9 10 0 5 8 11 12 14 2.13664
9 10 0 5 8 11 13 14 2.13664
9 10 0 5 8 12 13 14 2.16025
9 10 0 5 11 12 13 14 2.13664
9 10 0 6 7 8 11 12 1.93309
9 10 0 6 7 8 11 13 1.93309
9 10 0 6 7 8 11 14 2.04939
9 10 0 6 7 8 12 13 1.93309
9 10 0 6 7 8 12 14 2
9 10 0 6 7 8 13 14 2
9 10 0 6 7 11 12 13 1.93309
9 10 0 6 7 11 12 14 2.04939
9 10 0 6 7 11 13 14 2.04939
9 10 0 6 7 12 13 14 2
9 10 0 6 8 11 12 13 2.52543
9 10 0 6 8 11 12 14 2.58844
9 10 0 6 8 11 13 14 2.58844
9 10 0 6 8 12 13 14 2.58844
9 10 0 6 11 12 13 14 2.58844
9 10 0 7 8 11 12 13 1.85164
9 10 0 7 8 11 12 14 1.93309
9 10 0 7 8 11 13 14 1.93309
9 10 0 7 8 12 13 14 2
9 10 0 7 11 12 13 14 1.93309
9 10 0 8 11 12 13 14 2.52543
9 10 1 2 3 4 5 6 1
9 10 1 2 3 4 5 7 1
9 10 1 2 3 4 5 8 1
9 10 1 2 3 4 5 11 1
9 10 1 2 3 4 5 12 1
9 10 1 2 3 4 5 13 1
9 10 1 2 3 4 5 14 1
9 10 1 2 3 4 6 7 1
9 10 1 2 3 4 6 8 1
9 10 1 2 3 4 6 11 1
9 10 1 2 3 4 6 12 1
9 10 1 2 3 4 6 13 1
9 10 1 2 3 4 6 14 1
9 10 1 2 3 4 7 8 1
9 10 1 2 3 4 7 11 1
9 10 1 2 3 4 7 12 1
9 10 1 2 3 4 7 13 1
9 10 1 2 3 4 7 14 1
9 10 1 2 3 4 8 11 1
9 10 1 2 3 4 8 12 1
9 10 1 2 3 4 8 13 1
9 10 1 2 3 4 8 14 1
9 10 1 2 3 4 11 12 1
9 10 1 2 3 4 11 13 1
9 10 1 2 3 4 11 14 1
9 10 1 2 3 4 12 13 1
9 10 1 2 3 4 12 14 1
9 10 1 2 3 4 13 14 1
9 10 1 2 3 5 6 7 1
9 10 1 2 3 5 6 8 1
9 10 1 2 3 5 6 11 1
9 10 1 2 3 5 6 12 1
9 10 1 2 3 5 6 13 0
9 10 1 2 3 5 6 14 1
9 10 1 2 3 5 7 8 1
9 10 1 2 3 5 7 11 1
9 10 1 2 3 5 7 12 1
9 10 1 2 3 5 7 13 1
9 10 1 2 3 5 7 14 1
9 10 1 2 3 5 8 11 1
9 10 1 2 3 5 8 12 1
9 10 1 2 3 5 8 13 1
9 10 1 2 3 5 8 14 1
9 10 1 2 3 5 11 12 1
9 10 1 2 3 5 11 13 0
9 10 1 2 3 5 11 14 1
9 10 1 2 3 5 12 13 1
9 10 1 2 3 5 12 14 1
9 10 1 2 3 5 13 14 1
9 10 1 2 3 6 7 8 1
9 10 1 2 3 6 7 11 1
9 10 1 2 3 6 7 12 1
9 10 1 2 3 6 7 13 1
9 10 1 2 3 6 7 14 1
9 10 1 2 3 6 8 11 1.41421
9 10 1 2 3 6 8 12 1.41421
9 10 1 2 3 6 8 13 1.41421
9 10 1 2 3 6 8 14 1.41421
9 10 1 2 3 6 11 12 1.41421
9 10 1 2 3 6 11 13 1.41421
9 10 1 2 3 6 11 14 1.41421
9 10 1 2 3 6 12 13 1.41421
9 10 1 2 3 6 12 14 1.41421
9 10 1 2 3 6 13 14 1.41421
9 10 1 2 3 7 8 11 1
9 10 1 2 3 7 8 12 1
9 10 1 2 3 7 8 13 1
9 10 1 2 3 7 8 14 1
9 10 1 2 3 7 11 12 1
9 10 1 2 3 7 11 13 1
9 10 1 2 3 7 11 14 1
9 10 1 2 3 7 12 13 1
9 10 1 2 3 7 12 14 1
9 10 1 2 3 7 13 14 1
9 10 1 2 3 8 11 12 1.41421
9 10 1 2 3 8 11 13 1.41421
9 10 1 2 3 8 11 14 1.41421
9 10 1 2 3 8 12 13 1.41421
9 10 1 2 3 8 12 14 1.41421
9 10 1 2 3 8 13 14 1.41421
9 10 1 2 3 11 12 13 1.41421
9 10 1 2 3 11 12 14 1.41421
9 10 1 2 3 11 13 14 1.41421
9 10 1 2 3 12 13 14 1.41421
9 10 1 2 4 5 6 7 1
9 10 1 2 4 5 6 8 1.41421
9 10 1 2 4 5 6 11 1
9 10 1 2 4 5 6 12 1.41421
9 10 1 2 4 5 6 13 1.41421
9 10 1 2 4 5 6 14 1.41421
9 10 1 2 4 5 7 8 1.41421
9 10 1 2 4 5 7 11 1
9 10 1 2 4 5 7 12 1.41421
9 10 1 2 4 5 7 13 1.41421
9 10 1 2 4 5 7 14 1.41421
9 10 1 2 4 5 8 11 1
9 10 1 2 4 5 8 12 1.62019
9 10 1 2 4 5 8 13 1.62019
9 10 1 2 4 5 8 14 1.62019
9 10 1 2 4 5 11 12 1
9 10 1 2 4 5 11 13 1
9 10 1 2 4 5 11 14 1
9 10 1 2 4 5 12 13 1.62019
9 10 1 2 4 5 12 14 1.62019
9 10 1 2 4 5 13 14 1.62019
9 10 1 2 4 6 7 8 1
9 10 1 2 4 6 7 11 1
9 10 1 2 4 6 7 12 1
9 10 1 2 4 6 7 13 1
9 10 1 2 4 6 7 14 1
9 10 1 2 4 6 8 11 1.41421
9 10 1 2 4 6 8 12 1.62019
9 10 1 2 4 6 8 13 1.62019
9 10 1 2 4 6 8 14 1.62019
9 10 1 2 4 6 11 12 1.41421
9 10 1 2 4 6 11 13 1.41421
9 10 1 2 4 6 11 14 1.41421
9 10 1 2 4 6 12 13 1.62019
9 10 1 2 4 6 12 14 1.62019
9 10 1 2 4 6 13 14 1.62019
9 10 1 2 4 7 8 11 1
9 10 1 2 4 7 8 12 1.41421
9 10 1 2 4 7 8 13 1.41421
9 10 1 2 4 7 8 14 1.41421
9 10 1 2 4 7 11 12 1
9 10 1 2 4 7 11 13 0
9 10 1 2 4 7 11 14 1
9 10 1 2 4 7 12 13 1.41421
9 10 1 2 4 7 12 14 1.41421
9 10 1 2 4 7 13 14 1.41421
9 10 1 2 4 8 11 12 1.41421
9 10 1 2 4 8 11 13 1.41421
9 10 1 2 4 8 11 14 1.41421
9 10 1 2 4 8 12 13 1.73205
9 10 1 2 4 8 12 14 1.73205
9 10 1 2 4 8 13 14 1.73205
9 10 1 2 4 11 12 13 1.41421
9 10 1 2 4 11 12 14 1.41421
9 10 1 2 4 11 13 14 1.41421
9 10 1 2 4 12 13 14 1.73205
9 10 1 2 5 6 7 8 1
9 10 1 2 5 6 7 11 1
9 10 1 2 5 6 7 12 1
9 10 1 2 5 6 7 13 1
9 10 1 2 5 6 7 14 1
9 10 1 2 5 6 8 11 1
9 10 1 2 5 6 8 12 1.41421
9 10 1 2 5 6 8 13 1.41421
9 10 1 2 5 6 8 14 1.41421
9 10 1 2 5 6 11 12 1
9 10 1 2 5 6 11 13 1
9 10 1 2 5 6 11 14 1
9 10 1 2 5 6 12 13 1.41421
9 10 1 2 5 6 12 14 1.41421
9 10 1 2 5 6 13 14 1.41421
9 10 1 2 5 7 8 11 1
9 10 1 2 5 7 8 12 1.41421
9 10 1 2 5 7 8 13 1.41421
9 10 1 2 5 7 8 14 1.41421
9 10 1 2 5 7 11 12 1
9 10 1 2 5 7 11 13 0
9 10 1 2 5 7 11 14 1
9 10 1 2 5 7 12 13 1.41421
9 10 1 2 5 7 12 14 1.41421
9 10 1 2 5 7 13 14 1.41421
9 10 1 2 5 8 11 12 1
9 10 1 2 5 8 11 13 1
9 10 1 2 5 8 11 14 1
9 10 1 2 5 8 12 13 1.62019
9 10 1 2 5 8 12 14 1.62019
9 10 1 2 5 8 13 14 1.62019
9 10 1 2 5 11 12 13 1
9 10 1 2 5 11 12 14 1
9 10 1 2 5 11 13 14 1
9 10 1 2 5 12 13 14 1.62019
9 10 1 2 6 7 8 11 1
9 10 1 2 6 7 8 12 1
9 10 1 2 6 7 8 13 1
9 10 1 2 6 7 8 14 1
9 10 1 2 6 7 11 12 1
9 10 1 2 6 7 11 13 1
9 10 1 2 6 7 11 14 1
9 10 1 2 6 7 12 13 1
9 10 1 2 6 7 12 14 1
9 10 1 2 6 7 13 14 1
9 10 1 2 6 8 11 12 1.62019
9 10 1 2 6 8 11 13 1.62019
9 10 1 2 6 8 11 14 1.62019
9 10 1 2 6 8 12 13 1.73205
9 10 1 2 6 8 12 14 1.73205
9 10 1 2 6 8 13 14 1.73205
9 10 1 2 6 11 12 13 1.62019
9 10 1 2 6 11 12 14 1.62019
9 10 1 2 6 11 13 14 1.62019
9 10 1 2 6 12 13 14 1.73205
9 10 1 2 7 8 11 12 1
9 10 1 2 7 8 11 13 1
9 10 1 2 7 8 11 14 1
9 10 1 2 7 8 12 13 1.41421
9 10 1 2 7 8 12 14 1.41421
9 10 1 2 7 8 13 14 1.41421
9 10 1 2 7 11 12 13 1
9 10 1 2 7 11 12 14 1
9 10 1 2 7 11 13 14 1
9 10 1 2 7 12 13 14 1.41421
9 10 1 2 8 11 12 13 1.62019
9 10 1 2 8 11 12 14 1.62019
9 10 1 2 8 11 13 14 1.62019
9 10 1 2 8 12 13 14 1.81265
9 10 1 2 11 12 13 14 1.62019
9 10 1 3 4 5 6 7 1
9 10 1 3 4 5 6 8 1
9 10 1 3 4 5 6 11 1
9 10 1 3 4 5 6 12 1
9 10 1 3 4 5 6 13 0
9 10 1 3 4 5 6 14 1
9 10 1 3 4 5 7 8 1
9 10 1 3 4 5 7 11 1
9 10 1 3 4 5 7 12 1
9 10 1 3 4 5 7 13 1
9 10 1 3 4 5 7 14 1
9 10 1 3 4 5 8 11 1
9 10 1 3 4 5 8 12 1
9 10 1 3 4 5 8 13 1
9 10 1 3 4 5 8 14 1
9 10 1 3 4 5 11 12 1
9 10 1 3 4 5 11 13 0
9 10 1 3 4 5 11 14 1
9 10 1 3 4 5 12 13 1
9 10 1 3 4 5 12 14 1
9 10 1 3 4 5 13 14 1
9 10 1 3 4 6 7 8 1
9 10 1 3 4 6 7 11 1
9 10 1 3 4 6 7 12 1
9 10 1 3 4 6 7 13 1
9 10 1 3 4 6 7 14 1
9 10 1 3 4 6 8 11 1.41421
9 10 1 3 4 6 8 12 1.41421
9 10 1 3 4 6 8 13 1.41421
9 10 1 3 4 6 8 14 1.41421
9 10 1 3 4 6 11 12 1.41421
9 10 1 3 4 6 11 13 1.41421
9 10 1 3 4 6 11 14 1.41421
9 10 1 3 4 6 12 13 1.41421
9 10 1 3 4 6 12 14 1.41421
9 10 1 3 4 6 13 14 1.41421
9 10 1 3 4 7 8 11 1
9 10 1 3 4 7 8 12 1
9 10 1 3 4 7 8 13 1
9 10 1 3 4 7 8 14 1
9 10 1 3 4 7 11 12 1
9 10 1 3 4 7 11 13 1
9 10 1 3 4 7 11 14 1
9 10 1 3 4 7 12 13 1
9 10 1 3 4 7 12 14 1
9 10 1 3 4 7 13 14 1
9 10 1 3 4 8 11 12 1.41421
9 10 1 3 4 8 11 13 1.41421
9 10 1 3 4 8 11 14 1.41421
9 10 1 3 4 8 12 13 1.41421
9 10 1 3 4 8 12 14 1.41421
9 10 1 3 4 8 13 14 1.41421
9 10 1 3 4 11 12 13 1.41421
9 10 1 3 4 11 12 14 1.41421
9 10 1 3 4 11 13 14 1.41421
9 10 1 3 4 12 13 14 1.41421
9 10 1 3 5 6 7 8 1
9 10 1 3 5 6 7 11 1
9 10 1 3 5 6 7 12 1
9 10 1 3 5 6 7 13 0
9 10 1 3 5 6 7 14 1
9 10 1 3 5 6 8 11 1
9 10 1 3 5 6 8 12 1
9 10 1 3 5 6 8 13 0
9 10 1 3 5 6 8 14 1
9 10 1 3 5 6 11 12 1
9 10 1 3 5 6 11 13 0
9 10 1 3 5 6 11 14 1
9 10 1 3 5 6 12 13 0
9 10 1 3 5 6 12 14 1
9 10 1 3 5 6 13 14 0
9 10 1 3 5 7 8 11 1
9 10 1 3 5 7 8 12 1
9 10 1 3 5 7 8 13 1
9 10 1 3 5 7 8 14 1
9 10 1 3 5 7 11 12 1
9 10 1 3 5 7 11 13 0
9 10 1 3 5 7 11 14 1
9 10 1 3 5 7 12 13 1
9 10 1 3 5 7 12 14 1
9 10 1 3 5 7 13 14 1
9 10 1 3 5 8 11 12 1
9 10 1 3 5 8 11 13 0
9 10 1 3 5 8 11 14 1
9 10 1 3 5 8 12 13 1
9 10 1 3 5 8 12 14 1
9 10 1 3 5 8 13 14 1
9 10 1 3 5 11 12 13 0
9 10 1 3 5 11 12 14 1
9 10 1 3 5 11 13 14 0
9 10 1 3 5 12 13 14 1
9 10 1 3 6 7 8 11 1.41421
9 10 1 3 6 7 8 12 1.41421
9 10 1 3 6 7 8 13 1.41421
9 10 1 3 6 7 8 14 1.41421
9 10 1 3 6 7 11 12 1.41421
9 10 1 3 6 7 11 13 1.41421
9 10 1 3 6 7 11 14 1.41421
9 10 1 3 6 7 12 13 1.41421
9 10 1 3 6 7 12 14 1.41421
9 10 1 3 6 7 13 14 1.41421
9 10 1 3 6 8 11 12 1.73205
9 10 1 3 6 8 11 13 1.73205
9 10 1 3 6 8 11 14 1.73205
9 10 1 3 6 8 12 13 1.73205
9 10 1 3 6 8 12 14 1.73205
9 10 1 3 6 8 13 14 1.73205
9 10 1 3 6 11 12 13 1.73205
9 10 1 3 6 11 12 14 1.73205
9 10 1 3 6 11 13 14 1.73205
9 10 1 3 6 12 13 14 1.73205
9 10 1 3 7 8 11 12 1.41421
9 10 1 3 7 8 11 13 1.41421
9 10 1 3 7 8 11 14 1.41421
9 10 1 3 7 8 12 13 1.41421
9 10 1 3 7 8 12 14 1.41421
9 10 1 3 7 8 13 14 1.41421
9 10 1 3 7 11 12 13 1.41421
9 10 1 3 7 11 12 14 1.41421
9 10 1 3 7 11 13 14 1.41421
9 10 1 3 7 12 13 14 1.41421
9 10 1 3 8 11 12 13 1.73205
9 10 1 3 8 11 12 14 1.73205
9 10 1 3 8 11 13 14 1.73205
9 10 1 3 8 12 13 14 1.73205
9 10 1 3 11 12 13 14 1.73205
9 10 1 4 5 6 7 8 1.41421
9 10 1 4 5 6 7 11 1
9 10 1 4 5 6 7 12 1.41421
9 10 1 4 5 6 7 13 1.41421
9 10 1 4 5 6 7 14 1.41421
9 10 1 4 5 6 8 11 1.41421
9 10 1 4 5 6 8 12 1.73205
9 10 1 4 5 6 8 13 1.73205
9 10 1 4 5 6 8 14 1.73205
9 10 1 4 5 6 11 12 1.41421
9 10 1 4 5 6 11 13 1.41421
9 10 1 4 5 6 11 14 1.41421
9 10 1 4 5 6 12 13 1.73205
9 10 1 4 5 6 12 14 1.73205
9 10 1 4 5 6 13 14 1.73205
9 10 1 4 5 7 8 11 1
9 10 1 4 5 7 8 12 1.62019
9 10 1 4 5 7 8 13 1.62019
9 10 1 4 5 7 8 14 1.62019
9 10 1 4 5 7 11 12 1
9 10 1 4 5 7 11 13 1
9 10 1 4 5 7 11 14 1
9 10 1 4 5 7 12 13 1.62019
9 10 1 4 5 7 12 14 1.62019
9 10 1 4 5 7 13 14 1.62019
9 10 1 4 5 8 11 12 1.41421
9 10 1 4 5 8 11 13 1.41421
9 10 1 4 5 8 11 14 1.41421
9 10 1 4 5 8 12 13 1.85164
9 10 1 4 5 8 12 14 1.85164
9 10 1 4 5 8 13 14 1.85164
9 10 1 4 5 11 12 13 1.41421
9 10 1 4 5 11 12 14 1.41421
9 10 1 4 5 11 13 14 1.41421
9 10 1 4 5 12 13 14 1.85164
9 10 1 4 6 7 8 11 1.41421
9 10 1 4 6 7 8 12 1.62019
9 10 1 4 6 7 8 13 1.62019
9 10 1 4 6 7 8 14 1.62019
9 10 1 4 6 7 11 12 1.41421
9 10 1 4 6 7 11 13 1.41421
9 10 1 4 6 7 11 14 1.41421
9 10 1 4 6 7 12 13 1.62019
9 10 1 4 6 7 12 14 1.62019
9 10 1 4 6 7 13 14 1.62019
9 10 1 4 6 8 11 12 2
9 10 1 4 6 8 11 13 2
9 10 1 4 6 8 11 14 2
9 10 1 4 6 8 12 13 2.13664
9 10 1 4 6 8 12 14 2.13664
9 10 1 4 6 8 13 14 2.13664
9 10 1 4 6 11 12 13 2
9 10 1 4 6 11 12 14 2
9 10 1 4 6 11 13 14 2
9 10 1 4 6 12 13 14 2.13664
9 10 1 4 7 8 11 12 1.41421
9 10 1 4 7 8 11 13 1.41421
9 10 1 4 7 8 11 14 1.41421
9 10 1 4 7 8 12 13 1.73205
9 10 1 4 7 8 12 14 1.73205
9 10 1 4 7 8 13 14 1.73205
9 10 1 4 7 11 12 13 1.41421
9 10 1 4 7 11 12 14 1.41421
9 10 1 4 7 11 13 14 1.41421
9 10 1 4 7 12 13 14 1.73205
9 10 1 4 8 11 12 13 2
9 10 1 4 8 11 12 14 2
9 10 1 4 8 11 13 14 2
9 10 1 4 8 12 13 14 2.16025
9 10 1 4 11 12 13 14 2
9 10 1 5 6 7 8 11 1
9 10 1 5 6 7 8 12 1.41421
9 10 1 5 6 7 8 13 1.41421
9 10 1 5 6 7 8 14 1.41421
9 10 1 5 6 7 11 12 1
9 10 1 5 6 7 11 13 1
9 10 1 5 6 7 11 14 1
9 10 1 5 6 7 12 13 1.41421
9 10 1 5 6 7 12 14 1.41421
9 10 1 5 6 7 13 14 1.41421
9 10 1 5 6 8 11 12 1.41421
9 10 1 5 6 8 11 13 1.41421
9 10 1 5 6 8 11 14 1.41421
9 10 1 5 6 8 12 13 1.73205
9 10 1 5 6 8 12 14 1.73205
9 10 1 5 6 8 13 14 1.73205
9 10 1 5 6 11 12 13 1.41421
9 10 1 5 6 11 12 14 1.41421
9 10 1 5 6 11 13 14 1.41421
9 10 1 5 6 12 13 14 1.73205
9 10 1 5 7 8 11 12 1
9 10 1 5 7 8 11 13 1
9 10 1 5 7 8 11 14 1
9 10 1 5 7 8 12 13 1.62019
9 10 1 5 7 8 12 14 1.62019
9 10 1 5 7 8 13 14 1.62019
9 10 1 5 7 11 12 13 1
9 10 1 5 7 11 12 14 1
9 10 1 5 7 11 13 14 1
9 10 1 5 7 12 13 14 1.62019
9 10 1 5 8 11 12 13 1.41421
9 10 1 5 8 11 12 14 1.41421
9 10 1 5 8 11 13 14 1.41421
9 10 1 5 8 12 13 14 1.85164
9 10 1 5 11 12 13 14 1.41421
9 10 1 6 7 8 11 12 1.62019
9 10 1 6 7 8 11 13 1.62019
9 10 1 6 7 8 11 14 1.62019
9 10 1 6 7 8 12 13 1.73205
9 10 1 6 7 8 12 14 1.73205
9 10 1 6 7 8 13 14 1.73205
9 10 1 6 7 11 12 13 1.62019
9 10 1 6 7 11 12 14 1.62019
9 10 1 6 7 11 13 14 1.62019
9 10 1 6 7 12 13 14 1.73205
9 10 1 6 8 11 12 13 2.13664
9 10 1 6 8 11 12 14 2.13664
9 10 1 6 8 11 13 14 2.13664
9 10 1 6 8 12 13 14 2.23607
9 10 1 6 11 12 13 14 2.13664
9 10 1 7 8 11 12 13 1.62019
9 10 1 7 8 11 12 14 1.62019
9 10 1 7 8 11 13 14 1.62019
9 10 1 7 8 12 13 14 1.81265
9 10 1 7 11 12 13 14 1.62019
9 10 1 8 11 12 13 14 2.13664
9 10 2 3 4 5 6 7 1.85164
9 10 2 3 4 5 6 8 1.85164
9 10 2 3 4 5 6 11 2.07802
9 10 2 3 4 5 6 12 1.85164
9 10 2 3 4 5 6 13 1.73205
9 10 2 3 4 5 6 14 2.07802
9 10 2 3 4 5 7 8 1.62019
9 10 2 3 4 5 7 11 1.85164
9 10 2 3 4 5 7 12 1.62019
9 10 2 3 4 5 7 13 1.41421
9 10 2 3 4 5 7 14 1.85164
9 10 2 3 4 5 8 11 1.85164
9 10 2 3 4 5 8 12 1.62019
9 10 2 3 4 5 8 13 1.41421
9 10 2 3 4 5 8 14 1.85164
9 10 2 3 4 5 11 12 1.85164
9 10 2 3 4 5 11 13 1.73205
9 10 2 3 4 5 11 14 2.07802
9 10 2 3 4 5 12 13 1.41421
9 10 2 3 4 5 12 14 1.85164
9 10 2 3 4 5 13 14 1.73205
9 10 2 3 4 6 7 8 1.62019
9 10 2 3 4 6 7 11 1.85164
9 10 2 3 4 6 7 12 1.62019
9 10 2 3 4 6 7 13 1.41421
9 10 2 3 4 6 7 14 1.85164
9 10 2 3 4 6 8 11 1.93309
9 10 2 3 4 6 8 12 1.73205
9 10 2 3 4 6 8 13 1.62019
9 10 2 3 4 6 8 14 1.93309
9 10 2 3 4 6 11 12 1.93309
9 10 2 3 4 6 11 13 1.85164
9 10 2 3 4 6 11 14 2.13809
9 10 2 3 4 6 12 13 1.62019
9 10 2 3 4 6 12 14 1.93309
9 10 2 3 4 6 13 14 1.85164
9 10 2 3 4 7 8 11 1.62019
9 10 2 3 4 7 8 12 1.41421
9 10 2 3 4 7 8 13 1
9 10 2 3 4 7 8 14 1.62019
9 10 2 3 4 7 11 12 1.62019
9 10 2 3 4 7 11 13 1.41421
9 10 2 3 4 7 11 14 1.85164
9 10 2 3 4 7 12 13 1
9 10 2 3 4 7 12 14 1.62019
9 10 2 3 4 7 13 14 1.41421
9 10 2 3 4 8 11 12 1.73205
9 10 2 3 4 8 11 13 1.62019
9 10 2 3 4 8 11 14 1.93309
9 10 2 3 4 8 12 13 1.41421
9 10 2 3 4 8 12 14 1.73205
9 10 2 3 4 8 13 14 1.62019
9 10 2 3 4 11 12 13 1.62019
9 10 2 3 4 11 12 14 1.93309
9 10 2 3 4 11 13 14 1.85164
9 10 2 3 4 12 13 14 1.62019
9 10 2 3 5 6 7 8 1.62019
9 10 2 3 5 6 7 11 1.85164
9 10 2 3 5 6 7 12 1.62019
9 10 2 3 5 6 7 13 1.41421
9 10 2 3 5 6 7 14 1.85164
9 10 2 3 5 6 8 11 1.85164
9 10 2 3 5 6 8 12 1.62019
9 10 2 3 5 6 8 13 1.41421
9 10 2 3 5 6 8 14 1.85164
9 10 2 3 5 6 11 12 1.85164
9 10 2 3 5 6 11 13 1.73205
9 10 2 3 5 6 11 14 2.07802
9 10 2 3 5 6 12 13 1.41421
9 10 2 3 5 6 12 14 1.85164
9 10 2 3 5 6 13 14 1.73205
9 10 2 3 5 7 8 11 1.62019
9 10 2 3 5 7 8 12 1.41421
9 10 2 3 5 7 8 13 1
9 10 2 3 5 7 8 14 1.62019
9 10 2 3 5 7 11 12 1.62019
9 10 2 3 5 7 11 13 1.41421
9 10 2 3 5 7 11 14 1.85164
9 10 2 3 5 7 12 13 1
9 10 2 3 5 7 12 14 1.62019
9 10 2 3 5 7 13 14 1.41421
9 10 2 3 5 8 11 12 1.62019
9 10 2 3 5 8 11 13 1.41421
9 10 2 3 5 8 11 14 1.85164
9 10 2 3 5 8 12 13 1
9 10 2 3 5 8 12 14 1.62019
9 10 2 3 5 8 13 14 1.41421
9 10 2 3 5 11 12 13 1.41421
9 10 2 3 5 11 12 14 1.85164
9 10 2 3 5 11 13 14 1.73205
9 10 2 3 5 12 13 14 1.41421
9 10 2 3 6 7 8 11 1.62019
9 10 2 3 6 7 8 12 1.41421
9 10 2 3 6 7 8 13 1
9 10 2 3 6 7 8 14 1.62019
9 10 2 3 6 7 11 12 1.62019
9 10 2 3 6 7 11 13 1.41421
9 10 2 3 6 7 11 14 1.85164
9 10 2 3 6 7 12 13 1
9 10 2 3 6 7 12 14 1.62019
9 10 2 3 6 7 13 14 1.41421
9 10 2 3 6 8 11 12 1.81265
9 10 2 3 6 8 11 13 1.73205
9 10 2 3 6 8 11 14 2
9 10 2 3 6 8 12 13 1.62019
9 10 2 3 6 8 12 14 1.81265
9 10 2 3 6 8 13 14 1.73205
9 10 2 3 6 11 12 13 1.73205
9 10 2 3 6 11 12 14 2
9 10 2 3 6 11 13 14 1.90693
9 10 2 3 6 12 13 14 1.73205
9 10 2 3 7 8 11 12 1.41421
9 10 2 3 7 8 11 13 1
9 10 2 3 7 8 11 14 1.62019
9 10 2 3 7 8 12 13 1
9 10 2 3 7 8 12 14 1.41421
9 10 2 3 7 8 13 14 1
9 10 2 3 7 11 12 13 1
9 10 2 3 7 11 12 14 1.62019
9 10 2 3 7 11 13 14 1.41421
9 10 2 3 7 12 13 14 1
9 10 2 3 8 11 12 13 1.62019
9 10 2 3 8 11 12 14 1.81265
9 10 2 3 8 11 13 14 1.73205
9 10 2 3 8 12 13 14 1.62019
9 10 2 3 11 12 13 14 1.73205
9 10 2 4 5 6 7 8 1.62019
9 10 2 4 5 6 7 11 1.85164
9 10 2 4 5 6 7 12 1.62019
9 10 2 4 5 6 7 13 1.41421
9 10 2 4 5 6 7 14 1.85164
9 10 2 4 5 6 8 11 1.93309
9 10 2 4 5 6 8 12 1.81265
9 10 2 4 5 6 8 13 1.73205
9 10 2 4 5 6 8 14 2
9 10 2 4 5 6 11 12 1.93309
9 10 2 4 5 6 11 13 1.85164
9 10 2 4 5 6 11 14 2.13809
9 10 2 4 5 6 12 13 1.73205
9 10 2 4 5 6 12 14 2
9 10 2 4 5 6 13 14 1.90693
9 10 2 4 5 7 8 11 1.62019
9 10 2 4 5 7 8 12 1.41421
9 10 2 4 5 7 8 13 1.41421
9 10 2 4 5 7 8 14 1.62019
9 10 2 4 5 7 11 12 1.62019
9 10 2 4 5 7 11 13 1.41421
9 10 2 4 5 7 11 14 1.85164
9 10 2 4 5 7 12 13 1.41421
9 10 2 4 5 7 12 14 1.62019
9 10 2 4 5 7 13 14 1.41421
9 10 2 4 5 8 11 12 1.73205
9 10 2 4 5 8 11 13 1.62019
9 10 2 4 5 8 11 14 1.93309
9 10 2 4 5 8 12 13 1.73205
9 10 2 4 5 8 12 14 2
9 10 2 4 5 8 13 14 1.81265
9 10 2 4 5 11 12 13 1.62019
9 10 2 4 5 11 12 14 1.93309
9 10 2 4 5 11 13 14 1.85164
9 10 2 4 5 12 13 14 1.81265
9 10 2 4 6 7 8 11 1.62019
9 10 2 4 6 7 8 12 1.41421
9 10 2 4 6 7 8 13 1
9 10 2 4 6 7 8 14 1.62019
9 10 2 4 6 7 11 12 1.62019
9 10 2 4 6 7 11 13 1.41421
9 10 2 4 6 7 11 14 1.85164
9 10 2 4 6 7 12 13 1
9 10 2 4 6 7 12 14 1.62019
9 10 2 4 6 7 13 14 1.41421
9 10 2 4 6 8 11 12 1.90693
9 10 2 4 6 8 11 13 1.85164
9 10 2 4 6 8 11 14 2.04939
9 10 2 4 6 8 12 13 1.85164
9 10 2 4 6 8 12 14 2
9 10 2 4 6 8 13 14 1.93309
9 10 2 4 6 11 12 13 1.85164
9 10 2 4 6 11 12 14 2.04939
9 10 2 4 6 11 13 14 2.00294
9 10 2 4 6 12 13 14 1.93309
9 10 2 4 7 8 11 12 1.41421
9 10 2 4 7 8 11 13 1
9 10 2 4 7 8 11 14 1.62019
9 10 2 4 7 8 12 13 1.41421
9 10 2 4 7 8 12 14 1.41421
9 10 2 4 7 8 13 14 1.41421
9 10 2 4 7 11 12 13 1
9 10 2 4 7 11 12 14 1.62019
9 10 2 4 7 11 13 14 1.41421
9 10 2 4 7 12 13 14 1.41421
9 10 2 4 8 11 12 13 1.73205
9 10 2 4 8 11 12 14 1.90693
9 10 2 4 8 11 13 14 1.85164
9 10 2 4 8 12 13 14 1.90693
9 10 2 4 11 12 13 14 1.85164
9 10 2 5 6 7 8 11 1.62019
9 10 2 5 6 7 8 12 1.41421
9 10 2 5 6 7 8 13 1
9 10 2 5 6 7 8 14 1.62019
9 10 2 5 6 7 11 12 1.62019
9 10 2 5 6 7 11 13 1.41421
9 10 2 5 6 7 11 14 1.85164
9 10 2 5 6 7 12 13 1
9 10 2 5 6 7 12 14 1.62019
9 10 2 5 6 7 13 14 1.41421
9 10 2 5 6 8 11 12 1.73205
9 10 2 5 6 8 11 13 1.62019
9 10 2 5 6 8 11 14 1.93309
9 10 2 5 6 8 12 13 1.62019
9 10 2 5 6 8 12 14 1.81265
9 10 2 5 6 8 13 14 1.73205
9 10 2 5 6 11 12 13 1.62019
9 10 2 5 6 11 12 14 1.93309
9 10 2 5 6 11 13 14 1.85164
9 10 2 5 6 12 13 14 1.73205
9 10 2 5 7 8 11 12 1.41421
9 10 2 5 7 8 11 13 1
9 10 2 5 7 8 11 14 1.62019
9 10 2 5 7 8 12 13 1.41421
9 10 2 5 7 8 12 14 1.41421
9 10 2 5 7 8 13 14 1.41421
9 10 2 5 7 11 12 13 1
9 10 2 5 7 11 12 14 1.62019
9 10 2 5 7 11 13 14 1.41421
9 10 2 5 7 12 13 14 1.41421
9 10 2 5 8 11 12 13 1.41421
9 10 2 5 8 11 12 14 1.73205
9 10 2 5 8 11 13 14 1.62019
9 10 2 5 8 12 13 14 1.73205
9 10 2 5 11 12 13 14 1.62019
9 10 2 6 7 8 11 12 1.41421
9 10 2 6 7 8 11 13 1
9 10 2 6 7 8 11 14 1.62019
9 10 2 6 7 8 12 13 1
9 10 2 6 7 8 12 14 1.41421
9 10 2 6 7 8 13 14 1
9 10 2 6 7 11 12 13 1
9 10 2 6 7 11 12 14 1.62019
9 10 2 6 7 11 13 14 1.41421
9 10 2 6 7 12 13 14 1
9 10 2 6 8 11 12 13 1.85164
9 10 2 6 8 11 12 14 2
9 10 2 6 8 11 13 14 1.93309
9 10 2 6 8 12 13 14 1.93309
9 10 2 6 11 12 13 14 1.93309
9 10 2 7 8 11 12 13 1
9 10 2 7 8 11 12 14 1.41421
9 10 2 7 8 11 13 14 1
9 10 2 7 8 12 13 14 1.41421
9 10 2 7 11 12 13 14 1
9 10 2 8 11 12 13 14 1.85164
9 10 3 4 5 6 7 8 1.85164
9 10 3 4 5 6 7 11 2.07802
9 10 3 4 5 6 7 12 1.85164
9 10 3 4 5 6 7 13 1.73205
9 10 3 4 5 6 7 14 2.07802
9 10 3 4 5 6 8 11 2.07802
9 10 3 4 5 6 8 12 1.85164
9 10 3 4 5 6 8 13 1.73205
9 10 3 4 5 6 8 14 2.07802
9 10 3 4 5 6 11 12 2.07802
9 10 3 4 5 6 11 13 2
9 10 3 4 5 6 11 14 2.29129
9 10 3 4 5 6 12 13 1.73205
9 10 3 4 5 6 12 14 2.07802
9 10 3 4 5 6 13 14 2
9 10 3 4 5 7 8 11 1.85164
9 10 3 4 5 7 8 12 1.62019
9 10 3 4 5 7 8 13 1.41421
9 10 3 4 5 7 8 14 1.85164
9 10 3 4 5 7 11 12 1.85164
9 10 3 4 5 7 11 13 1.73205
9 10 3 4 5 7 11 14 2.07802
9 10 3 4 5 7 12 13 1.41421
9 10 3 4 5 7 12 14 1.85164
9 10 3 4 5 7 13 14 1.73205
9 10 3 4 5 8 11 12 1.85164
9 10 3 4 5 8 11 13 1.73205
9 10 3 4 5 8 11 14 2.07802
9 10 3 4 5 8 12 13 1.41421
9 10 3 4 5 8 12 14 1.85164
9 10 3 4 5 8 13 14 1.73205
9 10 3 4 5 11 12 13 1.73205
9 10 3 4 5 11 12 14 2.07802
9 10 3 4 5 11 13 14 2
9 10 3 4 5 12 13 14 1.73205
9 10 3 4 6 7 8 11 1.93309
9 10 3 4 6 7 8 12 1.73205
9 10 3 4 6 7 8 13 1.62019
9 10 3 4 6 7 8 14 1.93309
9 10 3 4 6 7 11 12 1.93309
9 10 3 4 6 7 11 13 1.85164
9 10 3 4 6 7 11 14 2.13809
9 10 3 4 6 7 12 13 1.62019
9 10 3 4 6 7 12 14 1.93309
9 10 3 4 6 7 13 14 1.85164
9 10 3 4 6 8 11 12 2.16025
9 10 3 4 6 8 11 13 2.13664
9 10 3 4 6 8 11 14 2.32266
9 10 3 4 6 8 12 13 2
9 10 3 4 6 8 12 14 2.16025
9 10 3 4 6 8 13 14 2.13664
9 10 3 4 6 11 12 13 2.13664
9 10 3 4 6 11 12 14 2.32266
9 10 3 4 6 11 13 14 2.28709
9 10 3 4 6 12 13 14 2.13664
9 10 3 4 7 8 11 12 1.73205
9 10 3 4 7 8 11 13 1.62019
9 10 3 4 7 8 11 14 1.93309
9 10 3 4 7 8 12 13 1.41421
9 10 3 4 7 8 12 14 1.73205
9 10 3 4 7 8 13 14 1.62019
9 10 3 4 7 11 12 13 1.62019
9 10 3 4 7 11 12 14 1.93309
9 10 3 4 7 11 13 14 1.85164
9 10 3 4 7 12 13 14 1.62019
9 10 3 4 8 11 12 13 2
9 10 3 4 8 11 12 14 2.16025
9 10 3 4 8 11 13 14 2.13664
9 10 3 4 8 12 13 14 2
9 10 3 4 11 12 13 14 2.13664
9 10 3 5 6 7 8 11 1.85164
9 10 3 5 6 7 8 12 1.62019
9 10 3 5 6 7 8 13 1.41421
9 10 3 5 6 7 8 14 1.85164
9 10 3 5 6 7 11 12 1.85164
9 10 3 5 6 7 11 13 1.73205
9 10 3 5 6 7 11 14 2.07802
9 10 3 5 6 7 12 13 1.41421
9 10 3 5 6 7 12 14 1.85164
9 10 3 5 6 7 13 14 1.73205
9 10 3 5 6 8 11 12 1.85164
9 10 3 5 6 8 11 13 1.73205
9 10 3 5 6 8 11 14 2.07802
9 10 3 5 6 8 12 13 1.41421
9 10 3 5 6 8 12 14 1.85164
9 10 3 5 6 8 13 14 1.73205
9 10 3 5 6 11 12 13 1.73205
9 10 3 5 6 11 12 14 2.07802
9 10 3 5 6 11 13 14 2
9 10 3 5 6 12 13 14 1.73205
9 10 3 5 7 8 11 12 1.62019
9 10 3 5 7 8 11 13 1.41421
9 10 3 5 7 8 11 14 1.85164
9 10 3 5 7 8 12 13 1
9 10 3 5 7 8 12 14 1.62019
9 10 3 5 7 8 13 14 1.41421
9 10 3 5 7 11 12 13 1.41421
9 10 3 5 7 11 12 14 1.85164
9 10 3 5 7 11 13 14 1.73205
9 10 3 5 7 12 13 14 1.41421
9 10 3 5 8 11 12 13 1.41421
9 10 3 5 8 11 12 14 1.85164
9 10 3 5 8 11 13 14 1.73205
9 10 3 5 8 12 13 14 1.41421
9 10 3 5 11 12 13 14 1.73205
9 10 3 6 7 8 11 12 1.81265
9 10 3 6 7 8 11 13 1.73205
9 10 3 6 7 8 11 14 2
9 10 3 6 7 8 12 13 1.62019
9 10 3 6 7 8 12 14 1.81265
9 10 3 6 7 8 13 14 1.73205
9 10 3 6 7 11 12 13 1.73205
9 10 3 6 7 11 12 14 2
9 10 3 6 7 11 13 14 1.90693
9 10 3 6 7 12 13 14 1.73205
9 10 3 6 8 11 12 13 2.13664
9 10 3 6 8 11 12 14 2.26385
9 10 3 6 8 11 13 14 2.23607
9 10 3 6 8 12 13 14 2.13664
9 10 3 6 11 12 13 14 2.23607
9 10 3 7 8 11 12 13 1.62019
9 10 3 7 8 11 12 14 1.81265
9 10 3 7 8 11 13 14 1.73205
9 10 3 7 8 12 13 14 1.62019
9 10 3 7 11 12 13 14 1.73205
9 10 3 8 11 12 13 14 2.13664
9 10 4 5 6 7 8 11 1.93309
9 10 4 5 6 7 8 12 1.81265
9 10 4 5 6 7 8 13 1.73205
9 10 4 5 6 7 8 14 2
9 10 4 5 6 7 11 12 1.93309
9 10 4 5 6 7 11 13 1.85164
9 10 4 5 6 7 11 14 2.13809
9 10 4 5 6 7 12 13 1.73205
9 10 4 5 6 7 12 14 2
9 10 4 5 6 7 13 14 1.90693
9 10 4 5 6 8 11 12 2.16025
9 10 4 5 6 8 11 13 2.13664
9 10 4 5 6 8 11 14 2.32266
9 10 4 5 6 8 12 13 2.13664
9 10 4 5 6 8 12 14 2.26385
9 10 4 5 6 8 13 14 2.23607
9 10 4 5 6 11 12 13 2.13664
9 10 4 5 6 11 12 14 2.32266
9 10 4 5 6 11 13 14 2.28709
9 10 4 5 6 12 13 14 2.23607
9 10 4 5 7 8 11 12 1.73205
9 10 4 5 7 8 11 13 1.62019
9 10 4 5 7 8 11 14 1.93309
9 10 4 5 7 8 12 13 1.73205
9 10 4 5 7 8 12 14 2
9 10 4 5 7 8 13 14 1.81265
9 10 4 5 7 11 12 13 1.62019
9 10 4 5 7 11 12 14 1.93309
9 10 4 5 7 11 13 14 1.85164
9 10 4 5 7 12 13 14 1.81265
9 10 4 5 8 11 12 13 2
9 10 4 5 8 11 12 14 2.16025
9 10 4 5 8 11 13 14 2.13664
9 10 4 5 8 12 13 14 2.16025
9 10 4 5 11 12 13 14 2.13664
9 10 4 6 7 8 11 12 1.90693
9 10 4 6 7 8 11 13 1.85164
9 10 4 6 7 8 11 14 2.04939
9 10 4 6 7 8 12 13 1.85164
9 10 4 6 7 8 12 14 2
9 10 4 6 7 8 13 14 1.93309
9 10 4 6 7 11 12 13 1.85164
9 10 4 6 7 11 12 14 2.04939
9 10 4 6 7 11 13 14 2.00294
9 10 4 6 7 12 13 14 1.93309
9 10 4 6 8 11 12 13 2.44949
9 10 4 6 8 11 12 14 2.53722
9 10 4 6 8 11 13 14 2.52543
9 10 4 6 8 12 13 14 2.52543
9 10 4 6 11 12 13 14 2.52543
9 10 4 7 8 11 12 13 1.73205
9 10 4 7 8 11 12 14 1.90693
9 10 4 7 8 11 13 14 1.85164
9 10 4 7 8 12 13 14 1.90693
9 10 4 7 11 12 13 14 1.85164
9 10 4 8 11 12 13 14 2.44949
9 10 5 6 7 8 11 12 1.73205
9 10 5 6 7 8 11 13 1.62019
9 10 5 6 7 8 11 14 1.93309
9 10 5 6 7 8 12 13 1.62019
9 10 5 6 7 8 12 14 1.81265
9 10 5 6 7 8 13 14 1.73205
9 10 5 6 7 11 12 13 1.62019
9 10 5 6 7 11 12 14 1.93309
9 10 5 6 7 11 13 14 1.85164
9 10 5 6 7 12 13 14 1.73205
9 10 5 6 8 11 12 13 2
9 10 5 6 8 11 12 14 2.16025
9 10 5 6 8 11 13 14 2.13664
9 10 5 6 8 12 13 14 2.13664
9 10 5 6 11 12 13 14 2.13664
9 10 5 7 8 11 12 13 1.41421
9 10 5 7 8 11 12 14 1.73205
9 10 5 7 8 11 13 14 1.62019
9 10 5 7 8 12 13 14 1.73205
9 10 5 7 11 12 13 14 1.62019
9 10 5 8 11 12 13 14 2
9 10 6 7 8 11 12 13 1.85164
9 10 6 7 8 11 12 14 2
9 10 6 7 8 11 13 14 1.93309
9 10 6 7 8 12 13 14 1.93309
9 10 6 7 11 12 13 14 1.93309
9 10 6 8 11 12 13 14 2.52543
9 10 7 8 11 12 13 14 1.85164
