0 9 1 2 3 4 5 1.41421
0 9 1 2 3 4 6 1.41421
0 9 1 2 3 4 7 1.41421
0 9 1 2 3 4 8 1
0 9 1 2 3 4 10 1
0 9 1 2 3 4 11 1.41421
0 9 1 2 3 4 12 1.41421
0 9 1 2 3 4 13 1.41421
0 9 1 2 3 4 14 1
0 9 1 2 3 5 6 1.73205
0 9 1 2 3 5 7 1.73205
0 9 1 2 3 5 8 1.41421
0 9 1 2 3 5 10 1
0 9 1 2 3 5 11 1.73205
0 9 1 2 3 5 12 1.73205
0 9 1 2 3 5 13 1.73205
0 9 1 2 3 5 14 1.41421
0 9 1 2 3 6 7 1.85164
0 9 1 2 3 6 8 1.73205
0 9 1 2 3 6 10 1.41421
0 9 1 2 3 6 11 1.90693
0 9 1 2 3 6 12 1.90693
0 9 1 2 3 6 13 1.90693
0 9 1 2 3 6 14 1.73205
0 9 1 2 3 7 8 1.62019
0 9 1 2 3 7 10 1
0 9 1 2 3 7 11 1.85164
0 9 1 2 3 7 12 1.85164
0 9 1 2 3 7 13 1.85164
0 9 1 2 3 7 14 1.62019
0 9 1 2 3 8 10 1.41421
0 9 1 2 3 8 11 1.73205
0 9 1 2 3 8 12 1.73205
0 9 1 2 3 8 13 1.73205
0 9 1 2 3 8 14 1.62019
0 9 1 2 3 10 11 1.41421
0 9 1 2 3 10 12 1.41421
0 9 1 2 3 10 13 1.41421
0 9 1 2 3 10 14 1.41421
0 9 1 2 3 11 12 1.90693
0 9 1 2 3 11 13 1.90693
0 9 1 2 3 11 14 1.73205
0 9 1 2 3 12 13 1.90693
0 9 1 2 3 12 14 1.73205
0 9 1 2 3 13 14 1.73205
0 9 1 2 4 5 6 1.41421
0 9 1 2 4 5 7 1.41421
0 9 1 2 4 5 8 1.62019
0 9 1 2 4 5 10 1.62019
0 9 1 2 4 5 11 1.41421
0 9 1 2 4 5 12 1.62019
0 9 1 2 4 5 13 1.62019
0 9 1 2 4 5 14 1.62019
0 9 1 2 4 6 7 1.41421
0 9 1 2 4 6 8 1.62019
0 9 1 2 4 6 10 1.62019
0 9 1 2 4 6 11 1.41421
0 9 1 2 4 6 12 1.62019
0 9 1 2 4 6 13 1.62019
0 9 1 2 4 6 14 1.62019
0 9 1 2 4 7 8 1.41421
0 9 1 2 4 7 10 1.41421
0 9 1 2 4 7 11 1.41421
0 9 1 2 4 7 12 1.41421
0 9 1 2 4 7 13 1.41421
0 9 1 2 4 7 14 1.41421
0 9 1 2 4 8 10 1.73205
0 9 1 2 4 8 11 1.41421
0 9 1 2 4 8 12 1.73205
0 9 1 2 4 8 13 1.73205
0 9 1 2 4 8 14 1.73205
0 9 1 2 4 10 11 1.41421
0 9 1 2 4 10 12 1.73205
0 9 1 2 4 10 13 1.73205
0 9 1 2 4 10 14 1.73205
0 9 1 2 4 11 12 1.41421
0 9 1 2 4 11 13 1.41421
0 9 1 2 4 11 14 1.41421
0 9 1 2 4 12 13 1.73205
0 9 1 2 4 12 14 1.73205
0 9 1 2 4 13 14 1.73205
0 9 1 2 5 6 7 1.73205
0 9 1 2 5 6 8 1.41421
0 9 1 2 5 6 10 1.41421
0 9 1 2 5 6 11 1.73205
0 9 1 2 5 6 12 1.73205
0 9 1 2 5 6 13 1.73205
0 9 1 2 5 6 14 1.41421
0 9 1 2 5 7 8 1.41421
0 9 1 2 5 7 10 1.41421
0 9 1 2 5 7 11 1.73205
0 9 1 2 5 7 12 1.73205
0 9 1 2 5 7 13 1.73205
0 9 1 2 5 7 14 1.41421
0 9 1 2 5 8 10 1.62019
0 9 1 2 5 8 11 1.41421
0 9 1 2 5 8 12 1.62019
0 9 1 2 5 8 13 1.62019
0 9 1 2 5 8 14 1.62019
0 9 1 2 5 10 11 1
0 9 1 2 5 10 12 1.62019
0 9 1 2 5 10 13 1.62019
0 9 1 2 5 10 14 1.62019
0 9 1 2 5 11 12 1.73205
0 9 1 2 5 11 13 1.73205
0 9 1 2 5 11 14 1.41421
0 9 1 2 5 12 13 1.73205
0 9 1 2 5 12 14 1.62019
0 9 1 2 5 13 14 1.62019
0 9 1 2 6 7 8 1.62019
0 9 1 2 6 7 10 1
0 9 1 2 6 7 11 1.85164
0 9 1 2 6 7 12 1.85164
0 9 1 2 6 7 13 1.85164
0 9 1 2 6 7 14 1.62019
0 9 1 2 6 8 10 1.73205
0 9 1 2 6 8 11 1.81265
0 9 1 2 6 8 12 2
0 9 1 2 6 8 13 2
0 9 1 2 6 8 14 1.81265
0 9 1 2 6 10 11 1.62019
0 9 1 2 6 10 12 1.73205
0 9 1 2 6 10 13 1.73205
0 9 1 2 6 10 14 1.73205
0 9 1 2 6 11 12 1.93309
0 9 1 2 6 11 13 1.93309
0 9 1 2 6 11 14 1.81265
0 9 1 2 6 12 13 1.96214
0 9 1 2 6 12 14 2
0 9 1 2 6 13 14 2
0 9 1 2 7 8 10 1.41421
0 9 1 2 7 8 11 1.62019
0 9 1 2 7 8 12 1.62019
0 9 1 2 7 8 13 1.62019
0 9 1 2 7 8 14 1.41421
0 9 1 2 7 10 11 1
0 9 1 2 7 10 12 1.41421
0 9 1 2 7 10 13 1.41421
0 9 1 2 7 10 14 1.41421
0 9 1 2 7 11 12 1.85164
0 9 1 2 7 11 13 1.85164
0 9 1 2 7 11 14 1.62019
0 9 1 2 7 12 13 1.85164
0 9 1 2 7 12 14 1.62019
0 9 1 2 7 13 14 1.62019
0 9 1 2 8 10 11 1.62019
0 9 1 2 8 10 12 1.81265
0 9 1 2 8 10 13 1.81265
0 9 1 2 8 10 14 1.81265
0 9 1 2 8 11 12 1.81265
0 9 1 2 8 11 13 1.81265
0 9 1 2 8 11 14 1.73205
0 9 1 2 8 12 13 2
0 9 1 2 8 12 14 2
0 9 1 2 8 13 14 2
0 9 1 2 10 11 12 1.62019
0 9 1 2 10 11 13 1.62019
0 9 1 2 10 11 14 1.62019
0 9 1 2 10 12 13 1.81265
0 9 1 2 10 12 14 1.81265
0 9 1 2 10 13 14 1.81265
0 9 1 2 11 12 13 1.93309
0 9 1 2 11 12 14 1.81265
0 9 1 2 11 13 14 1.81265
0 9 1 2 12 13 14 2
0 9 1 3 4 5 6 1.41421
0 9 1 3 4 5 7 1.41421
0 9 1 3 4 5 8 1
0 9 1 3 4 5 10 1
0 9 1 3 4 5 11 1.41421
0 9 1 3 4 5 12 1.41421
0 9 1 3 4 5 13 1.41421
0 9 1 3 4 5 14 1
0 9 1 3 4 6 7 1.41421
0 9 1 3 4 6 8 1.41421
0 9 1 3 4 6 10 1.41421
0 9 1 3 4 6 11 1.41421
0 9 1 3 4 6 12 1.41421
0 9 1 3 4 6 13 1.41421
0 9 1 3 4 6 14 1.41421
0 9 1 3 4 7 8 1
0 9 1 3 4 7 10 1
0 9 1 3 4 7 11 1.41421
0 9 1 3 4 7 12 1.41421
0 9 1 3 4 7 13 1.41421
0 9 1 3 4 7 14 1
0 9 1 3 4 8 10 1.41421
0 9 1 3 4 8 11 1.41421
0 9 1 3 4 8 12 1.41421
0 9 1 3 4 8 13 1.41421
0 9 1 3 4 8 14 1.41421
0 9 1 3 4 10 11 1.41421
0 9 1 3 4 10 12 1.41421
0 9 1 3 4 10 13 1.41421
0 9 1 3 4 10 14 1.41421
0 9 1 3 4 11 12 1.41421
0 9 1 3 4 11 13 1.41421
0 9 1 3 4 11 14 1.41421
0 9 1 3 4 12 13 1.41421
0 9 1 3 4 12 14 1.41421
0 9 1 3 4 13 14 1.41421
0 9 1 3 5 6 7 1.73205
0 9 1 3 5 6 8 1.41421
0 9 1 3 5 6 10 0
0 9 1 3 5 6 11 1.73205
0 9 1 3 5 6 12 1.73205
0 9 1 3 5 6 13 1.73205
0 9 1 3 5 6 14 1.41421
0 9 1 3 5 7 8 1.41421
0 9 1 3 5 7 10 1
0 9 1 3 5 7 11 1.73205
0 9 1 3 5 7 12 1.73205
0 9 1 3 5 7 13 1.73205
0 9 1 3 5 7 14 1.41421
0 9 1 3 5 8 10 1
0 9 1 3 5 8 11 1.41421
0 9 1 3 5 8 12 1.41421
0 9 1 3 5 8 13 1.41421
0 9 1 3 5 8 14 1
0 9 1 3 5 10 11 0
0 9 1 3 5 10 12 1
0 9 1 3 5 10 13 1
0 9 1 3 5 10 14 1
0 9 1 3 5 11 12 1.73205
0 9 1 3 5 11 13 1.73205
0 9 1 3 5 11 14 1.41421
0 9 1 3 5 12 13 1.73205
0 9 1 3 5 12 14 1.41421
0 9 1 3 5 13 14 1.41421
0 9 1 3 6 7 8 1.73205
0 9 1 3 6 7 10 1.41421
0 9 1 3 6 7 11 1.90693
0 9 1 3 6 7 12 1.90693
0 9 1 3 6 7 13 1.90693
0 9 1 3 6 7 14 1.73205
0 9 1 3 6 8 10 1.73205
0 9 1 3 6 8 11 1.90693
0 9 1 3 6 8 12 1.90693
0 9 1 3 6 8 13 1.90693
0 9 1 3 6 8 14 1.85164
0 9 1 3 6 10 11 1.73205
0 9 1 3 6 10 12 1.73205
0 9 1 3 6 10 13 1.73205
0 9 1 3 6 10 14 1.73205
0 9 1 3 6 11 12 2
0 9 1 3 6 11 13 2
0 9 1 3 6 11 14 1.90693
0 9 1 3 6 12 13 2
0 9 1 3 6 12 14 1.90693
0 9 1 3 6 13 14 1.90693
0 9 1 3 7 8 10 1.41421
0 9 1 3 7 8 11 1.73205
0 9 1 3 7 8 12 1.73205
0 9 1 3 7 8 13 1.73205
0 9 1 3 7 8 14 1.62019
0 9 1 3 7 10 11 1.41421
0 9 1 3 7 10 12 1.41421
0 9 1 3 7 10 13 1.41421
0 9 1 3 7 10 14 1.41421
0 9 1 3 7 11 12 1.90693
0 9 1 3 7 11 13 1.90693
0 9 1 3 7 11 14 1.73205
0 9 1 3 7 12 13 1.90693
0 9 1 3 7 12 14 1.73205
0 9 1 3 7 13 14 1.73205
0 9 1 3 8 10 11 1.73205
0 9 1 3 8 10 12 1.73205
0 9 1 3 8 10 13 1.73205
0 9 1 3 8 10 14 1.73205
0 9 1 3 8 11 12 1.90693
0 9 1 3 8 11 13 1.90693
0 9 1 3 8 11 14 1.85164
0 9 1 3 8 12 13 1.90693
0 9 1 3 8 12 14 1.85164
0 9 1 3 8 13 14 1.85164
0 9 1 3 10 11 12 1.73205
0 9 1 3 10 11 13 1.73205
0 9 1 3 10 11 14 1.73205
0 9 1 3 10 12 13 1.73205
0 9 1 3 10 12 14 1.73205
0 9 1 3 10 13 14 1.73205
0 9 1 3 11 12 13 2
0 9 1 3 11 12 14 1.90693
0 9 1 3 11 13 14 1.90693
0 9 1 3 12 13 14 1.90693
0 9 1 4 5 6 7 1.41421
0 9 1 4 5 6 8 1.73205
0 9 1 4 5 6 10 1.73205
0 9 1 4 5 6 11 1.41421
0 9 1 4 5 6 12 1.73205
0 9 1 4 5 6 13 1.73205
0 9 1 4 5 6 14 1.73205
0 9 1 4 5 7 8 1.62019
0 9 1 4 5 7 10 1.62019
0 9 1 4 5 7 11 1.41421
0 9 1 4 5 7 12 1.62019
0 9 1 4 5 7 13 1.62019
0 9 1 4 5 7 14 1.62019
0 9 1 4 5 8 10 1.85164
0 9 1 4 5 8 11 1.41421
0 9 1 4 5 8 12 1.85164
0 9 1 4 5 8 13 1.85164
0 9 1 4 5 8 14 1.85164
0 9 1 4 5 10 11 1.41421
0 9 1 4 5 10 12 1.85164
0 9 1 4 5 10 13 1.85164
0 9 1 4 5 10 14 1.85164
0 9 1 4 5 11 12 1.41421
0 9 1 4 5 11 13 1.41421
0 9 1 4 5 11 14 1.41421
0 9 1 4 5 12 13 1.85164
0 9 1 4 5 12 14 1.85164
0 9 1 4 5 13 14 1.85164
0 9 1 4 6 7 8 1.62019
0 9 1 4 6 7 10 1.62019
0 9 1 4 6 7 11 1.41421
0 9 1 4 6 7 12 1.62019
0 9 1 4 6 7 13 1.62019
0 9 1 4 6 7 14 1.62019
0 9 1 4 6 8 10 2.13664
0 9 1 4 6 8 11 2
0 9 1 4 6 8 12 2.13664
0 9 1 4 6 8 13 2.13664
0 9 1 4 6 8 14 2.13664
0 9 1 4 6 10 11 2
0 9 1 4 6 10 12 2.13664
0 9 1 4 6 10 13 2.13664
0 9 1 4 6 10 14 2.13664
0 9 1 4 6 11 12 2
0 9 1 4 6 11 13 2
0 9 1 4 6 11 14 2
0 9 1 4 6 12 13 2.13664
0 9 1 4 6 12 14 2.13664
0 9 1 4 6 13 14 2.13664
0 9 1 4 7 8 10 1.73205
0 9 1 4 7 8 11 1.41421
0 9 1 4 7 8 12 1.73205
0 9 1 4 7 8 13 1.73205
0 9 1 4 7 8 14 1.73205
0 9 1 4 7 10 11 1.41421
0 9 1 4 7 10 12 1.73205
0 9 1 4 7 10 13 1.73205
0 9 1 4 7 10 14 1.73205
0 9 1 4 7 11 12 1.41421
0 9 1 4 7 11 13 1.41421
0 9 1 4 7 11 14 1.41421
0 9 1 4 7 12 13 1.73205
0 9 1 4 7 12 14 1.73205
0 9 1 4 7 13 14 1.73205
0 9 1 4 8 10 11 2
0 9 1 4 8 10 12 2.16025
0 9 1 4 8 10 13 2.16025
0 9 1 4 8 10 14 2.16025
0 9 1 4 8 11 12 2
0 9 1 4 8 11 13 2
0 9 1 4 8 11 14 2
0 9 1 4 8 12 13 2.16025
0 9 1 4 8 12 14 2.16025
0 9 1 4 8 13 14 2.16025
0 9 1 4 10 11 12 2
0 9 1 4 10 11 13 2
0 9 1 4 10 11 14 2
0 9 1 4 10 12 13 2.16025
0 9 1 4 10 12 14 2.16025
0 9 1 4 10 13 14 2.16025
0 9 1 4 11 12 13 2
0 9 1 4 11 12 14 2
0 9 1 4 11 13 14 2
0 9 1 4 12 13 14 2.16025
0 9 1 5 6 7 8 1.41421
0 9 1 5 6 7 10 1.41421
0 9 1 5 6 7 11 1.73205
0 9 1 5 6 7 12 1.73205
0 9 1 5 6 7 13 1.73205
0 9 1 5 6 7 14 1.41421
0 9 1 5 6 8 10 1.73205
0 9 1 5 6 8 11 1.41421
0 9 1 5 6 8 12 1.73205
0 9 1 5 6 8 13 1.73205
0 9 1 5 6 8 14 1.73205
0 9 1 5 6 10 11 1.41421
0 9 1 5 6 10 12 1.73205
0 9 1 5 6 10 13 1.73205
0 9 1 5 6 10 14 1.73205
0 9 1 5 6 11 12 1.73205
0 9 1 5 6 11 13 1.73205
0 9 1 5 6 11 14 1.41421
0 9 1 5 6 12 13 1.73205
0 9 1 5 6 12 14 1.73205
0 9 1 5 6 13 14 1.73205
0 9 1 5 7 8 10 1.62019
0 9 1 5 7 8 11 1.41421
0 9 1 5 7 8 12 1.62019
0 9 1 5 7 8 13 1.62019
0 9 1 5 7 8 14 1.62019
0 9 1 5 7 10 11 1
0 9 1 5 7 10 12 1.62019
0 9 1 5 7 10 13 1.62019
0 9 1 5 7 10 14 1.62019
0 9 1 5 7 11 12 1.73205
0 9 1 5 7 11 13 1.73205
0 9 1 5 7 11 14 1.41421
0 9 1 5 7 12 13 1.73205
0 9 1 5 7 12 14 1.62019
0 9 1 5 7 13 14 1.62019
0 9 1 5 8 10 11 1.41421
0 9 1 5 8 10 12 1.85164
0 9 1 5 8 10 13 1.85164
0 9 1 5 8 10 14 1.85164
0 9 1 5 8 11 12 1.41421
0 9 1 5 8 11 13 1.41421
0 9 1 5 8 11 14 1.41421
0 9 1 5 8 12 13 1.85164
0 9 1 5 8 12 14 1.85164
0 9 1 5 8 13 14 1.85164
0 9 1 5 10 11 12 1.41421
0 9 1 5 10 11 13 1.41421
0 9 1 5 10 11 14 1.41421
0 9 1 5 10 12 13 1.85164
0 9 1 5 10 12 14 1.85164
0 9 1 5 10 13 14 1.85164
0 9 1 5 11 12 13 1.73205
0 9 1 5 11 12 14 1.41421
0 9 1 5 11 13 14 1.41421
0 9 1 5 12 13 14 1.85164
0 9 1 6 7 8 10 1.73205
0 9 1 6 7 8 11 1.81265
0 9 1 6 7 8 12 2
0 9 1 6 7 8 13 2
0 9 1 6 7 8 14 1.81265
0 9 1 6 7 10 11 1.62019
0 9 1 6 7 10 12 1.73205
0 9 1 6 7 10 13 1.73205
0 9 1 6 7 10 14 1.73205
0 9 1 6 7 11 12 1.93309
0 9 1 6 7 11 13 1.93309
0 9 1 6 7 11 14 1.81265
0 9 1 6 7 12 13 1.96214
0 9 1 6 7 12 14 2
0 9 1 6 7 13 14 2
0 9 1 6 8 10 11 2.13664
0 9 1 6 8 10 12 2.23607
0 9 1 6 8 10 13 2.23607
0 9 1 6 8 10 14 2.23607
0 9 1 6 8 11 12 2.19089
0 9 1 6 8 11 13 2.19089
0 9 1 6 8 11 14 2.16025
0 9 1 6 8 12 13 2.28446
0 9 1 6 8 12 14 2.26385
0 9 1 6 8 13 14 2.26385
0 9 1 6 10 11 12 2.13664
0 9 1 6 10 11 13 2.13664
0 9 1 6 10 11 14 2.13664
0 9 1 6 10 12 13 2.23607
0 9 1 6 10 12 14 2.23607
0 9 1 6 10 13 14 2.23607
0 9 1 6 11 12 13 2.23607
0 9 1 6 11 12 14 2.19089
0 9 1 6 11 13 14 2.19089
0 9 1 6 12 13 14 2.28446
0 9 1 7 8 10 11 1.62019
0 9 1 7 8 10 12 1.81265
0 9 1 7 8 10 13 1.81265
0 9 1 7 8 10 14 1.81265
0 9 1 7 8 11 12 1.81265
0 9 1 7 8 11 13 1.81265
0 9 1 7 8 11 14 1.73205
0 9 1 7 8 12 13 2
0 9 1 7 8 12 14 2
0 9 1 7 8 13 14 2
0 9 1 7 10 11 12 1.62019
0 9 1 7 10 11 13 1.62019
0 9 1 7 10 11 14 1.62019
0 9 1 7 10 12 13 1.81265
0 9 1 7 10 12 14 1.81265
0 9 1 7 10 13 14 1.81265
0 9 1 7 11 12 13 1.93309
0 9 1 7 11 12 14 1.81265
0 9 1 7 11 13 14 1.81265
0 9 1 7 12 13 14 2
0 9 1 8 10 11 12 2.13664
0 9 1 8 10 11 13 2.13664
0 9 1 8 10 11 14 2.13664
0 9 1 8 10 12 13 2.26385
0 9 1 8 10 12 14 2.26385
0 9 1 8 10 13 14 2.26385
0 9 1 8 11 12 13 2.19089
0 9 1 8 11 12 14 2.16025
0 9 1 8 11 13 14 2.16025
0 9 1 8 12 13 14 2.3094
0 9 1 10 11 12 13 2.13664
0 9 1 10 11 12 14 2.13664
0 9 1 10 11 13 14 2.13664
0 9 1 10 12 13 14 2.26385
0 9 1 11 12 13 14 2.19089
0 9 2 3 4 5 6 2.10357
0 9 2 3 4 5 7 1.90693
0 9 2 3 4 5 8 1.73205
0 9 2 3 4 5 10 2
0 9 2 3 4 5 11 2.10357
0 9 2 3 4 5 12 1.90693
0 9 2 3 4 5 13 1.90693
0 9 2 3 4 5 14 2.07802
0 9 2 3 4 6 7 1.90693
0 9 2 3 4 6 8 1.85164
0 9 2 3 4 6 10 2.07802
0 9 2 3 4 6 11 2.16556
0 9 2 3 4 6 12 2
0 9 2 3 4 6 13 2
0 9 2 3 4 6 14 2.13809
0 9 2 3 4 7 8 1.41421
0 9 2 3 4 7 10 1.73205
0 9 2 3 4 7 11 1.90693
0 9 2 3 4 7 12 1.73205
0 9 2 3 4 7 13 1.73205
0 9 2 3 4 7 14 1.85164
0 9 2 3 4 8 10 1.85164
0 9 2 3 4 8 11 1.85164
0 9 2 3 4 8 12 1.62019
0 9 2 3 4 8 13 1.62019
0 9 2 3 4 8 14 1.85164
0 9 2 3 4 10 11 2.07802
0 9 2 3 4 10 12 1.85164
0 9 2 3 4 10 13 1.85164
0 9 2 3 4 10 14 2.07802
0 9 2 3 4 11 12 2
0 9 2 3 4 11 13 2
0 9 2 3 4 11 14 2.13809
0 9 2 3 4 12 13 1.81265
0 9 2 3 4 12 14 1.93309
0 9 2 3 4 13 14 1.93309
0 9 2 3 5 6 7 2
0 9 2 3 5 6 8 1.73205
0 9 2 3 5 6 10 2
0 9 2 3 5 6 11 2.15297
0 9 2 3 5 6 12 2
0 9 2 3 5 6 13 2
0 9 2 3 5 6 14 2.10357
0 9 2 3 5 7 8 1.41421
0 9 2 3 5 7 10 1.73205
0 9 2 3 5 7 11 2
0 9 2 3 5 7 12 1.90693
0 9 2 3 5 7 13 1.90693
0 9 2 3 5 7 14 1.90693
0 9 2 3 5 8 10 1.73205
0 9 2 3 5 8 11 1.73205
0 9 2 3 5 8 12 1.41421
0 9 2 3 5 8 13 1.41421
0 9 2 3 5 8 14 1.73205
0 9 2 3 5 10 11 2
0 9 2 3 5 10 12 1.73205
0 9 2 3 5 10 13 1.73205
0 9 2 3 5 10 14 2
0 9 2 3 5 11 12 2
0 9 2 3 5 11 13 2
0 9 2 3 5 11 14 2.10357
0 9 2 3 5 12 13 1.90693
0 9 2 3 5 12 14 1.90693
0 9 2 3 5 13 14 1.90693
0 9 2 3 6 7 8 1.62019
0 9 2 3 6 7 10 1.73205
0 9 2 3 6 7 11 2.04939
0 9 2 3 6 7 12 2
0 9 2 3 6 7 13 2
0 9 2 3 6 7 14 1.93309
0 9 2 3 6 8 10 1.90693
0 9 2 3 6 8 11 1.96214
0 9 2 3 6 8 12 2
0 9 2 3 6 8 13 2
0 9 2 3 6 8 14 1.93309
0 9 2 3 6 10 11 2.10357
0 9 2 3 6 10 12 1.90693
0 9 2 3 6 10 13 1.90693
0 9 2 3 6 10 14 2.10357
0 9 2 3 6 11 12 2.16025
0 9 2 3 6 11 13 2.16025
0 9 2 3 6 11 14 2.24038
0 9 2 3 6 12 13 2.10639
0 9 2 3 6 12 14 2.10639
0 9 2 3 6 13 14 2.10639
0 9 2 3 7 8 10 1.41421
0 9 2 3 7 8 11 1.62019
0 9 2 3 7 8 12 1.62019
0 9 2 3 7 8 13 1.62019
0 9 2 3 7 8 14 1.41421
0 9 2 3 7 10 11 1.73205
0 9 2 3 7 10 12 1.41421
0 9 2 3 7 10 13 1.41421
0 9 2 3 7 10 14 1.73205
0 9 2 3 7 11 12 2
0 9 2 3 7 11 13 2
0 9 2 3 7 11 14 1.93309
0 9 2 3 7 12 13 1.93309
0 9 2 3 7 12 14 1.81265
0 9 2 3 7 13 14 1.81265
0 9 2 3 8 10 11 1.90693
0 9 2 3 8 10 12 1.73205
0 9 2 3 8 10 13 1.73205
0 9 2 3 8 10 14 1.90693
0 9 2 3 8 11 12 2
0 9 2 3 8 11 13 2
0 9 2 3 8 11 14 1.93309
0 9 2 3 8 12 13 1.81265
0 9 2 3 8 12 14 1.81265
0 9 2 3 8 13 14 1.81265
0 9 2 3 10 11 12 1.90693
0 9 2 3 10 11 13 1.90693
0 9 2 3 10 11 14 2.10357
0 9 2 3 10 12 13 1.73205
0 9 2 3 10 12 14 1.90693
0 9 2 3 10 13 14 1.90693
0 9 2 3 11 12 13 2.10639
0 9 2 3 11 12 14 2.10639
0 9 2 3 11 13 14 2.10639
0 9 2 3 12 13 14 2
0 9 2 4 5 6 7 1.90693
0 9 2 4 5 6 8 1.90693
0 9 2 4 5 6 10 2.10357
0 9 2 4 5 6 11 2.16556
0 9 2 4 5 6 12 2.01187
0 9 2 4 5 6 13 2.01187
0 9 2 4 5 6 14 2.16556
0 9 2 4 5 7 8 1.41421
0 9 2 4 5 7 10 1.73205
0 9 2 4 5 7 11 1.90693
0 9 2 4 5 7 12 1.73205
0 9 2 4 5 7 13 1.73205
0 9 2 4 5 7 14 1.85164
0 9 2 4 5 8 10 1.93309
0 9 2 4 5 8 11 1.85164
0 9 2 4 5 8 12 1.81265
0 9 2 4 5 8 13 1.81265
0 9 2 4 5 8 14 1.93309
0 9 2 4 5 10 11 2.07802
0 9 2 4 5 10 12 1.93309
0 9 2 4 5 10 13 1.93309
0 9 2 4 5 10 14 2.12132
0 9 2 4 5 11 12 2
0 9 2 4 5 11 13 2
0 9 2 4 5 11 14 2.13809
0 9 2 4 5 12 13 2
0 9 2 4 5 12 14 2
0 9 2 4 5 13 14 2
0 9 2 4 6 7 8 1.41421
0 9 2 4 6 7 10 1.73205
0 9 2 4 6 7 11 1.90693
0 9 2 4 6 7 12 1.73205
0 9 2 4 6 7 13 1.73205
0 9 2 4 6 7 14 1.85164
0 9 2 4 6 8 10 2.04939
0 9 2 4 6 8 11 2.00294
0 9 2 4 6 8 12 1.93309
0 9 2 4 6 8 13 1.93309
0 9 2 4 6 8 14 2.04939
0 9 2 4 6 10 11 2.17945
0 9 2 4 6 10 12 2.04939
0 9 2 4 6 10 13 2.04939
0 9 2 4 6 10 14 2.21037
0 9 2 4 6 11 12 2.08167
0 9 2 4 6 11 13 2.08167
0 9 2 4 6 11 14 2.22354
0 9 2 4 6 12 13 2
0 9 2 4 6 12 14 2.09938
0 9 2 4 6 13 14 2.09938
0 9 2 4 7 8 10 1.41421
0 9 2 4 7 8 11 1.41421
0 9 2 4 7 8 12 1.41421
0 9 2 4 7 8 13 1.41421
0 9 2 4 7 8 14 1.41421
0 9 2 4 7 10 11 1.73205
0 9 2 4 7 10 12 1.41421
0 9 2 4 7 10 13 1.41421
0 9 2 4 7 10 14 1.73205
0 9 2 4 7 11 12 1.73205
0 9 2 4 7 11 13 1.73205
0 9 2 4 7 11 14 1.85164
0 9 2 4 7 12 13 1.62019
0 9 2 4 7 12 14 1.62019
0 9 2 4 7 13 14 1.62019
0 9 2 4 8 10 11 2.00294
0 9 2 4 8 10 12 2
0 9 2 4 8 10 13 2
0 9 2 4 8 10 14 2.08167
0 9 2 4 8 11 12 1.85164
0 9 2 4 8 11 13 1.85164
0 9 2 4 8 11 14 2.00294
0 9 2 4 8 12 13 1.90693
0 9 2 4 8 12 14 2
0 9 2 4 8 13 14 2
0 9 2 4 10 11 12 2.00294
0 9 2 4 10 11 13 2.00294
0 9 2 4 10 11 14 2.17945
0 9 2 4 10 12 13 2
0 9 2 4 10 12 14 2.08167
0 9 2 4 10 13 14 2.08167
0 9 2 4 11 12 13 1.93309
0 9 2 4 11 12 14 2.04939
0 9 2 4 11 13 14 2.04939
0 9 2 4 12 13 14 2.01187
0 9 2 5 6 7 8 1.41421
0 9 2 5 6 7 10 1.73205
0 9 2 5 6 7 11 2
0 9 2 5 6 7 12 1.90693
0 9 2 5 6 7 13 1.90693
0 9 2 5 6 7 14 1.90693
0 9 2 5 6 8 10 1.90693
0 9 2 5 6 8 11 1.85164
0 9 2 5 6 8 12 1.73205
0 9 2 5 6 8 13 1.73205
0 9 2 5 6 8 14 1.90693
0 9 2 5 6 10 11 2.07802
0 9 2 5 6 10 12 1.90693
0 9 2 5 6 10 13 1.90693
0 9 2 5 6 10 14 2.10357
0 9 2 5 6 11 12 2.04939
0 9 2 5 6 11 13 2.04939
0 9 2 5 6 11 14 2.16556
0 9 2 5 6 12 13 1.96214
0 9 2 5 6 12 14 2.01187
0 9 2 5 6 13 14 2.01187
0 9 2 5 7 8 10 1.41421
0 9 2 5 7 8 11 1.41421
0 9 2 5 7 8 12 1.41421
0 9 2 5 7 8 13 1.41421
0 9 2 5 7 8 14 1.41421
0 9 2 5 7 10 11 1.73205
0 9 2 5 7 10 12 1.41421
0 9 2 5 7 10 13 1.41421
0 9 2 5 7 10 14 1.73205
0 9 2 5 7 11 12 1.90693
0 9 2 5 7 11 13 1.90693
0 9 2 5 7 11 14 1.90693
0 9 2 5 7 12 13 1.85164
0 9 2 5 7 12 14 1.73205
0 9 2 5 7 13 14 1.73205
0 9 2 5 8 10 11 1.85164
0 9 2 5 8 10 12 1.81265
0 9 2 5 8 10 13 1.81265
0 9 2 5 8 10 14 1.93309
0 9 2 5 8 11 12 1.62019
0 9 2 5 8 11 13 1.62019
0 9 2 5 8 11 14 1.85164
0 9 2 5 8 12 13 1.73205
0 9 2 5 8 12 14 1.81265
0 9 2 5 8 13 14 1.81265
0 9 2 5 10 11 12 1.85164
0 9 2 5 10 11 13 1.85164
0 9 2 5 10 11 14 2.07802
0 9 2 5 10 12 13 1.81265
0 9 2 5 10 12 14 1.93309
0 9 2 5 10 13 14 1.93309
0 9 2 5 11 12 13 1.93309
0 9 2 5 11 12 14 2
0 9 2 5 11 13 14 2
0 9 2 5 12 13 14 2
0 9 2 6 7 8 10 1.41421
0 9 2 6 7 8 11 1.62019
0 9 2 6 7 8 12 1.62019
0 9 2 6 7 8 13 1.62019
0 9 2 6 7 8 14 1.41421
0 9 2 6 7 10 11 1.73205
0 9 2 6 7 10 12 1.41421
0 9 2 6 7 10 13 1.41421
0 9 2 6 7 10 14 1.73205
0 9 2 6 7 11 12 2
0 9 2 6 7 11 13 2
0 9 2 6 7 11 14 1.93309
0 9 2 6 7 12 13 1.93309
0 9 2 6 7 12 14 1.81265
0 9 2 6 7 13 14 1.81265
0 9 2 6 8 10 11 2.04939
0 9 2 6 8 10 12 2
0 9 2 6 8 10 13 2
0 9 2 6 8 10 14 2.10223
0 9 2 6 8 11 12 2
0 9 2 6 8 11 13 2
0 9 2 6 8 11 14 2.08167
0 9 2 6 8 12 13 2
0 9 2 6 8 12 14 2.0381
0 9 2 6 8 13 14 2.0381
0 9 2 6 10 11 12 2.04939
0 9 2 6 10 11 13 2.04939
0 9 2 6 10 11 14 2.21037
0 9 2 6 10 12 13 2
0 9 2 6 10 12 14 2.10223
0 9 2 6 10 13 14 2.10223
0 9 2 6 11 12 13 2.173
0 9 2 6 11 12 14 2.19745
0 9 2 6 11 13 14 2.19745
0 9 2 6 12 13 14 2.16025
0 9 2 7 8 10 11 1.41421
0 9 2 7 8 10 12 1.41421
0 9 2 7 8 10 13 1.41421
0 9 2 7 8 10 14 1.41421
0 9 2 7 8 11 12 1.62019
0 9 2 7 8 11 13 1.62019
0 9 2 7 8 11 14 1.41421
0 9 2 7 8 12 13 1.62019
0 9 2 7 8 12 14 1.41421
0 9 2 7 8 13 14 1.41421
0 9 2 7 10 11 12 1.41421
0 9 2 7 10 11 13 1.41421
0 9 2 7 10 11 14 1.73205
0 9 2 7 10 12 13 1.41421
0 9 2 7 10 12 14 1.41421
0 9 2 7 10 13 14 1.41421
0 9 2 7 11 12 13 1.93309
0 9 2 7 11 12 14 1.81265
0 9 2 7 11 13 14 1.81265
0 9 2 7 12 13 14 1.73205
0 9 2 8 10 11 12 1.93309
0 9 2 8 10 11 13 1.93309
0 9 2 8 10 11 14 2.04939
0 9 2 8 10 12 13 2
0 9 2 8 10 12 14 2.0381
0 9 2 8 10 13 14 2.0381
0 9 2 8 11 12 13 1.93309
0 9 2 8 11 12 14 2
0 9 2 8 11 13 14 2
0 9 2 8 12 13 14 2.01187
0 9 2 10 11 12 13 1.93309
0 9 2 10 11 12 14 2.04939
0 9 2 10 11 13 14 2.04939
0 9 2 10 12 13 14 2.0381
0 9 2 11 12 13 14 2.10639
0 9 3 4 5 6 7 2.10357
0 9 3 4 5 6 8 2
0 9 3 4 5 6 10 2.23607
0 9 3 4 5 6 11 2.29907
0 9 3 4 5 6 12 2.10357
0 9 3 4 5 6 13 2.10357
0 9 3 4 5 6 14 2.29129
0 9 3 4 5 7 8 1.73205
0 9 3 4 5 7 10 2
0 9 3 4 5 7 11 2.10357
0 9 3 4 5 7 12 1.90693
0 9 3 4 5 7 13 1.90693
0 9 3 4 5 7 14 2.07802
0 9 3 4 5 8 10 2
0 9 3 4 5 8 11 2
0 9 3 4 5 8 12 1.73205
0 9 3 4 5 8 13 1.73205
0 9 3 4 5 8 14 2
0 9 3 4 5 10 11 2.23607
0 9 3 4 5 10 12 2
0 9 3 4 5 10 13 2
0 9 3 4 5 10 14 2.23607
0 9 3 4 5 11 12 2.10357
0 9 3 4 5 11 13 2.10357
0 9 3 4 5 11 14 2.29129
0 9 3 4 5 12 13 1.90693
0 9 3 4 5 12 14 2.07802
0 9 3 4 5 13 14 2.07802
0 9 3 4 6 7 8 1.85164
0 9 3 4 6 7 10 2.07802
0 9 3 4 6 7 11 2.16556
0 9 3 4 6 7 12 2
0 9 3 4 6 7 13 2
0 9 3 4 6 7 14 2.13809
0 9 3 4 6 8 10 2.28709
0 9 3 4 6 8 11 2.28709
0 9 3 4 6 8 12 2.13664
0 9 3 4 6 8 13 2.13664
0 9 3 4 6 8 14 2.28709
0 9 3 4 6 10 11 2.44831
0 9 3 4 6 10 12 2.28709
0 9 3 4 6 10 13 2.28709
0 9 3 4 6 10 14 2.44831
0 9 3 4 6 11 12 2.33699
0 9 3 4 6 11 13 2.33699
0 9 3 4 6 11 14 2.48193
0 9 3 4 6 12 13 2.19089
0 9 3 4 6 12 14 2.32266
0 9 3 4 6 13 14 2.32266
0 9 3 4 7 8 10 1.85164
0 9 3 4 7 8 11 1.85164
0 9 3 4 7 8 12 1.62019
0 9 3 4 7 8 13 1.62019
0 9 3 4 7 8 14 1.85164
0 9 3 4 7 10 11 2.07802
0 9 3 4 7 10 12 1.85164
0 9 3 4 7 10 13 1.85164
0 9 3 4 7 10 14 2.07802
0 9 3 4 7 11 12 2
0 9 3 4 7 11 13 2
0 9 3 4 7 11 14 2.13809
0 9 3 4 7 12 13 1.81265
0 9 3 4 7 12 14 1.93309
0 9 3 4 7 13 14 1.93309
0 9 3 4 8 10 11 2.28709
0 9 3 4 8 10 12 2.13664
0 9 3 4 8 10 13 2.13664
0 9 3 4 8 10 14 2.28709
0 9 3 4 8 11 12 2.13664
0 9 3 4 8 11 13 2.13664
0 9 3 4 8 11 14 2.28709
0 9 3 4 8 12 13 2
0 9 3 4 8 12 14 2.13664
0 9 3 4 8 13 14 2.13664
0 9 3 4 10 11 12 2.28709
0 9 3 4 10 11 13 2.28709
0 9 3 4 10 11 14 2.44831
0 9 3 4 10 12 13 2.13664
0 9 3 4 10 12 14 2.28709
0 9 3 4 10 13 14 2.28709
0 9 3 4 11 12 13 2.19089
0 9 3 4 11 12 14 2.32266
0 9 3 4 11 13 14 2.32266
0 9 3 4 12 13 14 2.16025
0 9 3 5 6 7 8 1.73205
0 9 3 5 6 7 10 2
0 9 3 5 6 7 11 2.15297
0 9 3 5 6 7 12 2
0 9 3 5 6 7 13 2
0 9 3 5 6 7 14 2.10357
0 9 3 5 6 8 10 2
0 9 3 5 6 8 11 2
0 9 3 5 6 8 12 1.73205
0 9 3 5 6 8 13 1.73205
0 9 3 5 6 8 14 2
0 9 3 5 6 10 11 2.23607
0 9 3 5 6 10 12 2
0 9 3 5 6 10 13 2
0 9 3 5 6 10 14 2.23607
0 9 3 5 6 11 12 2.15297
0 9 3 5 6 11 13 2.15297
0 9 3 5 6 11 14 2.29907
0 9 3 5 6 12 13 2
0 9 3 5 6 12 14 2.10357
0 9 3 5 6 13 14 2.10357
0 9 3 5 7 8 10 1.73205
0 9 3 5 7 8 11 1.73205
0 9 3 5 7 8 12 1.41421
0 9 3 5 7 8 13 1.41421
0 9 3 5 7 8 14 1.73205
0 9 3 5 7 10 11 2
0 9 3 5 7 10 12 1.73205
0 9 3 5 7 10 13 1.73205
0 9 3 5 7 10 14 2
0 9 3 5 7 11 12 2
0 9 3 5 7 11 13 2
0 9 3 5 7 11 14 2.10357
0 9 3 5 7 12 13 1.90693
0 9 3 5 7 12 14 1.90693
0 9 3 5 7 13 14 1.90693
0 9 3 5 8 10 11 2
0 9 3 5 8 10 12 1.73205
0 9 3 5 8 10 13 1.73205
0 9 3 5 8 10 14 2
0 9 3 5 8 11 12 1.73205
0 9 3 5 8 11 13 1.73205
0 9 3 5 8 11 14 2
0 9 3 5 8 12 13 1.41421
0 9 3 5 8 12 14 1.73205
0 9 3 5 8 13 14 1.73205
0 9 3 5 10 11 12 2
0 9 3 5 10 11 13 2
0 9 3 5 10 11 14 2.23607
0 9 3 5 10 12 13 1.73205
0 9 3 5 10 12 14 2
0 9 3 5 10 13 14 2
0 9 3 5 11 12 13 2
0 9 3 5 11 12 14 2.10357
0 9 3 5 11 13 14 2.10357
0 9 3 5 12 13 14 1.90693
0 9 3 6 7 8 10 1.90693
0 9 3 6 7 8 11 1.96214
0 9 3 6 7 8 12 2
0 9 3 6 7 8 13 2
0 9 3 6 7 8 14 1.93309
0 9 3 6 7 10 11 2.10357
0 9 3 6 7 10 12 1.90693
0 9 3 6 7 10 13 1.90693
0 9 3 6 7 10 14 2.10357
0 9 3 6 7 11 12 2.16025
0 9 3 6 7 11 13 2.16025
0 9 3 6 7 11 14 2.24038
0 9 3 6 7 12 13 2.10639
0 9 3 6 7 12 14 2.10639
0 9 3 6 7 13 14 2.10639
0 9 3 6 8 10 11 2.35488
0 9 3 6 8 10 12 2.23607
0 9 3 6 8 10 13 2.23607
0 9 3 6 8 10 14 2.35488
0 9 3 6 8 11 12 2.28446
0 9 3 6 8 11 13 2.28446
0 9 3 6 8 11 14 2.37697
0 9 3 6 8 12 13 2.19089
0 9 3 6 8 12 14 2.26385
0 9 3 6 8 13 14 2.26385
0 9 3 6 10 11 12 2.35488
0 9 3 6 10 11 13 2.35488
0 9 3 6 10 11 14 2.49516
0 9 3 6 10 12 13 2.23607
0 9 3 6 10 12 14 2.35488
0 9 3 6 10 13 14 2.35488
0 9 3 6 11 12 13 2.44949
0 9 3 6 11 12 14 2.46311
0 9 3 6 11 13 14 2.46311
0 9 3 6 12 13 14 2.38048
0 9 3 7 8 10 11 1.90693
0 9 3 7 8 10 12 1.73205
0 9 3 7 8 10 13 1.73205
0 9 3 7 8 10 14 1.90693
0 9 3 7 8 11 12 2
0 9 3 7 8 11 13 2
0 9 3 7 8 11 14 1.93309
0 9 3 7 8 12 13 1.81265
0 9 3 7 8 12 14 1.81265
0 9 3 7 8 13 14 1.81265
0 9 3 7 10 11 12 1.90693
0 9 3 7 10 11 13 1.90693
0 9 3 7 10 11 14 2.10357
0 9 3 7 10 12 13 1.73205
0 9 3 7 10 12 14 1.90693
0 9 3 7 10 13 14 1.90693
0 9 3 7 11 12 13 2.10639
0 9 3 7 11 12 14 2.10639
0 9 3 7 11 13 14 2.10639
0 9 3 7 12 13 14 2
0 9 3 8 10 11 12 2.23607
0 9 3 8 10 11 13 2.23607
0 9 3 8 10 11 14 2.35488
0 9 3 8 10 12 13 2.13664
0 9 3 8 10 12 14 2.23607
0 9 3 8 10 13 14 2.23607
0 9 3 8 11 12 13 2.19089
0 9 3 8 11 12 14 2.26385
0 9 3 8 11 13 14 2.26385
0 9 3 8 12 13 14 2.16025
0 9 3 10 11 12 13 2.23607
0 9 3 10 11 12 14 2.35488
0 9 3 10 11 13 14 2.35488
0 9 3 10 12 13 14 2.23607
0 9 3 11 12 13 14 2.38048
0 9 4 5 6 7 8 1.90693
0 9 4 5 6 7 10 2.10357
0 9 4 5 6 7 11 2.16556
0 9 4 5 6 7 12 2.01187
0 9 4 5 6 7 13 2.01187
0 9 4 5 6 7 14 2.16556
0 9 4 5 6 8 10 2.35488
0 9 4 5 6 8 11 2.28709
0 9 4 5 6 8 12 2.23607
0 9 4 5 6 8 13 2.23607
0 9 4 5 6 8 14 2.35488
0 9 4 5 6 10 11 2.44831
0 9 4 5 6 10 12 2.35488
0 9 4 5 6 10 13 2.35488
0 9 4 5 6 10 14 2.49516
0 9 4 5 6 11 12 2.33699
0 9 4 5 6 11 13 2.33699
0 9 4 5 6 11 14 2.48193
0 9 4 5 6 12 13 2.28446
0 9 4 5 6 12 14 2.39046
0 9 4 5 6 13 14 2.39046
0 9 4 5 7 8 10 1.93309
0 9 4 5 7 8 11 1.85164
0 9 4 5 7 8 12 1.81265
0 9 4 5 7 8 13 1.81265
0 9 4 5 7 8 14 1.93309
0 9 4 5 7 10 11 2.07802
0 9 4 5 7 10 12 1.93309
0 9 4 5 7 10 13 1.93309
0 9 4 5 7 10 14 2.12132
0 9 4 5 7 11 12 2
0 9 4 5 7 11 13 2
0 9 4 5 7 11 14 2.13809
0 9 4 5 7 12 13 2
0 9 4 5 7 12 14 2
0 9 4 5 7 13 14 2
0 9 4 5 8 10 11 2.28709
0 9 4 5 8 10 12 2.26385
0 9 4 5 8 10 13 2.26385
0 9 4 5 8 10 14 2.37697
0 9 4 5 8 11 12 2.13664
0 9 4 5 8 11 13 2.13664
0 9 4 5 8 11 14 2.28709
0 9 4 5 8 12 13 2.16025
0 9 4 5 8 12 14 2.26385
0 9 4 5 8 13 14 2.26385
0 9 4 5 10 11 12 2.28709
0 9 4 5 10 11 13 2.28709
0 9 4 5 10 11 14 2.44831
0 9 4 5 10 12 13 2.26385
0 9 4 5 10 12 14 2.37697
0 9 4 5 10 13 14 2.37697
0 9 4 5 11 12 13 2.19089
0 9 4 5 11 12 14 2.32266
0 9 4 5 11 13 14 2.32266
0 9 4 5 12 13 14 2.3094
0 9 4 6 7 8 10 2.04939
0 9 4 6 7 8 11 2.00294
0 9 4 6 7 8 12 1.93309
0 9 4 6 7 8 13 1.93309
0 9 4 6 7 8 14 2.04939
0 9 4 6 7 10 11 2.17945
0 9 4 6 7 10 12 2.04939
0 9 4 6 7 10 13 2.04939
0 9 4 6 7 10 14 2.21037
0 9 4 6 7 11 12 2.08167
0 9 4 6 7 11 13 2.08167
0 9 4 6 7 11 14 2.22354
0 9 4 6 7 12 13 2
0 9 4 6 7 12 14 2.09938
0 9 4 6 7 13 14 2.09938
0 9 4 6 8 10 11 2.61406
0 9 4 6 8 10 12 2.58844
0 9 4 6 8 10 13 2.58844
0 9 4 6 8 10 14 2.66231
0 9 4 6 8 11 12 2.52543
0 9 4 6 8 11 13 2.52543
0 9 4 6 8 11 14 2.61406
0 9 4 6 8 12 13 2.52543
0 9 4 6 8 12 14 2.58844
0 9 4 6 8 13 14 2.58844
0 9 4 6 10 11 12 2.61406
0 9 4 6 10 11 13 2.61406
0 9 4 6 10 11 14 2.71343
0 9 4 6 10 12 13 2.58844
0 9 4 6 10 12 14 2.66231
0 9 4 6 10 13 14 2.66231
0 9 4 6 11 12 13 2.53899
0 9 4 6 11 12 14 2.62216
0 9 4 6 11 13 14 2.62216
0 9 4 6 12 13 14 2.60419
0 9 4 7 8 10 11 2.00294
0 9 4 7 8 10 12 2
0 9 4 7 8 10 13 2
0 9 4 7 8 10 14 2.08167
0 9 4 7 8 11 12 1.85164
0 9 4 7 8 11 13 1.85164
0 9 4 7 8 11 14 2.00294
0 9 4 7 8 12 13 1.90693
0 9 4 7 8 12 14 2
0 9 4 7 8 13 14 2
0 9 4 7 10 11 12 2.00294
0 9 4 7 10 11 13 2.00294
0 9 4 7 10 11 14 2.17945
0 9 4 7 10 12 13 2
0 9 4 7 10 12 14 2.08167
0 9 4 7 10 13 14 2.08167
0 9 4 7 11 12 13 1.93309
0 9 4 7 11 12 14 2.04939
0 9 4 7 11 13 14 2.04939
0 9 4 7 12 13 14 2.01187
0 9 4 8 10 11 12 2.52543
0 9 4 8 10 11 13 2.52543
0 9 4 8 10 11 14 2.61406
0 9 4 8 10 12 13 2.53722
0 9 4 8 10 12 14 2.60419
0 9 4 8 10 13 14 2.60419
0 9 4 8 11 12 13 2.44949
0 9 4 8 11 12 14 2.52543
0 9 4 8 11 13 14 2.52543
0 9 4 8 12 13 14 2.53722
0 9 4 10 11 12 13 2.52543
0 9 4 10 11 12 14 2.61406
0 9 4 10 11 13 14 2.61406
0 9 4 10 12 13 14 2.60419
0 9 4 11 12 13 14 2.53722
0 9 5 6 7 8 10 1.90693
0 9 5 6 7 8 11 1.85164
0 9 5 6 7 8 12 1.73205
0 9 5 6 7 8 13 1.73205
0 9 5 6 7 8 14 1.90693
0 9 5 6 7 10 11 2.07802
0 9 5 6 7 10 12 1.90693
0 9 5 6 7 10 13 1.90693
0 9 5 6 7 10 14 2.10357
0 9 5 6 7 11 12 2.04939
0 9 5 6 7 11 13 2.04939
0 9 5 6 7 11 14 2.16556
0 9 5 6 7 12 13 1.96214
0 9 5 6 7 12 14 2.01187
0 9 5 6 7 13 14 2.01187
0 9 5 6 8 10 11 2.28709
0 9 5 6 8 10 12 2.23607
0 9 5 6 8 10 13 2.23607
0 9 5 6 8 10 14 2.35488
0 9 5 6 8 11 12 2.13664
0 9 5 6 8 11 13 2.13664
0 9 5 6 8 11 14 2.28709
0 9 5 6 8 12 13 2.13664
0 9 5 6 8 12 14 2.23607
0 9 5 6 8 13 14 2.23607
0 9 5 6 10 11 12 2.28709
0 9 5 6 10 11 13 2.28709
0 9 5 6 10 11 14 2.44831
0 9 5 6 10 12 13 2.23607
0 9 5 6 10 12 14 2.35488
0 9 5 6 10 13 14 2.35488
0 9 5 6 11 12 13 2.23607
0 9 5 6 11 12 14 2.33699
0 9 5 6 11 13 14 2.33699
0 9 5 6 12 13 14 2.28446
0 9 5 7 8 10 11 1.85164
0 9 5 7 8 10 12 1.81265
0 9 5 7 8 10 13 1.81265
0 9 5 7 8 10 14 1.93309
0 9 5 7 8 11 12 1.62019
0 9 5 7 8 11 13 1.62019
0 9 5 7 8 11 14 1.85164
0 9 5 7 8 12 13 1.73205
0 9 5 7 8 12 14 1.81265
0 9 5 7 8 13 14 1.81265
0 9 5 7 10 11 12 1.85164
0 9 5 7 10 11 13 1.85164
0 9 5 7 10 11 14 2.07802
0 9 5 7 10 12 13 1.81265
0 9 5 7 10 12 14 1.93309
0 9 5 7 10 13 14 1.93309
0 9 5 7 11 12 13 1.93309
0 9 5 7 11 12 14 2
0 9 5 7 11 13 14 2
0 9 5 7 12 13 14 2
0 9 5 8 10 11 12 2.13664
0 9 5 8 10 11 13 2.13664
0 9 5 8 10 11 14 2.28709
0 9 5 8 10 12 13 2.16025
0 9 5 8 10 12 14 2.26385
0 9 5 8 10 13 14 2.26385
0 9 5 8 11 12 13 2
0 9 5 8 11 12 14 2.13664
0 9 5 8 11 13 14 2.13664
0 9 5 8 12 13 14 2.16025
0 9 5 10 11 12 13 2.13664
0 9 5 10 11 12 14 2.28709
0 9 5 10 11 13 14 2.28709
0 9 5 10 12 13 14 2.26385
0 9 5 11 12 13 14 2.19089
0 9 6 7 8 10 11 2.04939
0 9 6 7 8 10 12 2
0 9 6 7 8 10 13 2
0 9 6 7 8 10 14 2.10223
0 9 6 7 8 11 12 2
0 9 6 7 8 11 13 2
0 9 6 7 8 11 14 2.08167
0 9 6 7 8 12 13 2
0 9 6 7 8 12 14 2.0381
0 9 6 7 8 13 14 2.0381
0 9 6 7 10 11 12 2.04939
0 9 6 7 10 11 13 2.04939
0 9 6 7 10 11 14 2.21037
0 9 6 7 10 12 13 2
0 9 6 7 10 12 14 2.10223
0 9 6 7 10 13 14 2.10223
0 9 6 7 11 12 13 2.173
0 9 6 7 11 12 14 2.19745
0 9 6 7 11 13 14 2.19745
0 9 6 7 12 13 14 2.16025
0 9 6 8 10 11 12 2.58844
0 9 6 8 10 11 13 2.58844
0 9 6 8 10 11 14 2.66231
0 9 6 8 10 12 13 2.58844
0 9 6 8 10 12 14 2.64575
0 9 6 8 10 13 14 2.64575
0 9 6 8 11 12 13 2.53899
0 9 6 8 11 12 14 2.60419
0 9 6 8 11 13 14 2.60419
0 9 6 8 12 13 14 2.60419
0 9 6 10 11 12 13 2.58844
0 9 6 10 11 12 14 2.66231
0 9 6 10 11 13 14 2.66231
0 9 6 10 12 13 14 2.64575
0 9 6 11 12 13 14 2.65875
0 9 7 8 10 11 12 1.93309
0 9 7 8 10 11 13 1.93309
0 9 7 8 10 11 14 2.04939
0 9 7 8 10 12 13 2
0 9 7 8 10 12 14 2.0381
0 9 7 8 10 13 14 2.0381
0 9 7 8 11 12 13 1.93309
0 9 7 8 11 12 14 2
0 9 7 8 11 13 14 2
0 9 7 8 12 13 14 2.01187
0 9 7 10 11 12 13 1.93309
0 9 7 10 11 12 14 2.04939
0 9 7 10 11 13 14 2.04939
0 9 7 10 12 13 14 2.0381
0 9 7 11 12 13 14 2.10639
0 9 8 10 11 12 13 2.52543
0 9 8 10 11 12 14 2.58844
0 9 8 10 11 13 14 2.58844
0 9 8 10 12 13 14 2.60419
0 9 8 11 12 13 14 2.53722
0 9 10 11 12 13 14 2.58844
