7 12 0 1 2 3 4 5 6 8 9 10 11 0
7 12 0 1 2 3 4 5 6 8 9 10 13 0
7 12 0 1 2 3 4 5 6 8 9 10 14 0
7 12 0 1 2 3 4 5 6 8 9 11 13 1
7 12 0 1 2 3 4 5 6 8 9 11 14 0
7 12 0 1 2 3 4 5 6 8 9 13 14 0
7 12 0 1 2 3 4 5 6 8 10 11 13 0
7 12 0 1 2 3 4 5 6 8 10 11 14 0
7 12 0 1 2 3 4 5 6 8 10 13 14 0
7 12 0 1 2 3 4 5 6 8 11 13 14 0
7 12 0 1 2 3 4 5 6 9 10 11 13 0
7 12 0 1 2 3 4 5 6 9 10 11 14 0
7 12 0 1 2 3 4 5 6 9 10 13 14 0
7 12 0 1 2 3 4 5 6 9 11 13 14 1
7 12 0 1 2 3 4 5 6 10 11 13 14 0
7 12 0 1 2 3 4 5 8 9 10 11 13 0
7 12 0 1 2 3 4 5 8 9 10 11 14 0
7 12 0 1 2 3 4 5 8 9 10 13 14 1
7 12 0 1 2 3 4 5 8 9 11 13 14 0
7 12 0 1 2 3 4 5 8 10 11 13 14 1
7 12 0 1 2 3 4 5 9 10 11 13 14 0
7 12 0 1 2 3 4 6 8 9 10 11 13 0
7 12 0 1 2 3 4 6 8 9 10 11 14 0
7 12 0 1 2 3 4 6 8 9 10 13 14 0
7 12 0 1 2 3 4 6 8 9 11 13 14 0
7 12 0 1 2 3 4 6 8 10 11 13 14 0
7 12 0 1 2 3 4 6 9 10 11 13 14 0
7 12 0 1 2 3 4 8 9 10 11 13 14 0
7 12 0 1 2 3 5 6 8 9 10 11 13 0
7 12 0 1 2 3 5 6 8 9 10 11 14 0
7 12 0 1 2 3 5 6 8 9 10 13 14 0
7 12 0 1 2 3 5 6 8 9 11 13 14 1
7 12 0 1 2 3 5 6 8 10 11 13 14 0
7 12 0 1 2 3 5 6 9 10 11 13 14 0
7 12 0 1 2 3 5 8 9 10 11 13 14 0
7 12 0 1 2 3 6 8 9 10 11 13 14 1
7 12 0 1 2 4 5 6 8 9 10 11 13 0
7 12 0 1 2 4 5 6 8 9 10 11 14 0
7 12 0 1 2 4 5 6 8 9 10 13 14 1
7 12 0 1 2 4 5 6 8 9 11 13 14 0
7 12 0 1 2 4 5 6 8 10 11 13 14 0
7 12 0 1 2 4 5 6 9 10 11 13 14 0
7 12 0 1 2 4 5 8 9 10 11 13 14 0
7 12 0 1 2 4 6 8 9 10 11 13 14 0
7 12 0 1 2 5 6 8 9 10 11 13 14 0
7 12 0 1 3 4 5 6 8 9 10 11 13 0
7 12 0 1 3 4 5 6 8 9 10 11 14 0
7 12 0 1 3 4 5 6 8 9 10 13 14 0
7 12 0 1 3 4 5 6 8 9 11 13 14 0
7 12 0 1 3 4 5 6 8 10 11 13 14 0
7 12 0 1 3 4 5 6 9 10 11 13 14 0
7 12 0 1 3 4 5 8 9 10 11 13 14 0
7 12 0 1 3 4 6 8 9 10 11 13 14 1
7 12 0 1 3 5 6 8 9 10 11 13 14 0
7 12 0 1 4 5 6 8 9 10 11 13 14 1
7 12 0 2 3 4 5 6 8 9 10 11 13 0
7 12 0 2 3 4 5 6 8 9 10 11 14 1
7 12 0 2 3 4 5 6 8 9 10 13 14 0
7 12 0 2 3 4 5 6 8 9 11 13 14 0
7 12 0 2 3 4 5 6 8 10 11 13 14 0
7 12 0 2 3 4 5 6 9 10 11 13 14 1
7 12 0 2 3 4 5 8 9 10 11 13 14 0
7 12 0 2 3 4 6 8 9 10 11 13 14 0
7 12 0 2 3 5 6 8 9 10 11 13 14 0
7 12 0 2 4 5 6 8 9 10 11 13 14 0
7 12 0 3 4 5 6 8 9 10 11 13 14 1
7 12 1 2 3 4 5 6 8 9 10 11 13 0
7 12 1 2 3 4 5 6 8 9 10 11 14 1
7 12 1 2 3 4 5 6 8 9 10 13 14 0
7 12 1 2 3 4 5 6 8 9 11 13 14 0
7 12 1 2 3 4 5 6 8 10 11 13 14 0
7 12 1 2 3 4 5 6 9 10 11 13 14 0
7 12 1 2 3 4 5 8 9 10 11 13 14 0
7 12 1 2 3 4 6 8 9 10 11 13 14 0
7 12 1 2 3 5 6 8 9 10 11 13 14 0
7 12 1 2 4 5 6 8 9 10 11 13 14 0
7 12 1 3 4 5 6 8 9 10 11 13 14 0
7 12 2 3 4 5 6 8 9 10 11 13 14 0
