7 12 0 1 2 3 1.85164
7 12 0 1 2 4 1.62019
7 12 0 1 2 5 1.73205
7 12 0 1 2 6 1.85164
7 12 0 1 2 8 1.62019
7 12 0 1 2 9 1.85164
7 12 0 1 2 10 1.62019
7 12 0 1 2 11 1.85164
7 12 0 1 2 13 1.85164
7 12 0 1 2 14 1.62019
7 12 0 1 3 4 1.41421
7 12 0 1 3 5 1.73205
7 12 0 1 3 6 1.90693
7 12 0 1 3 8 1.73205
7 12 0 1 3 9 1.90693
7 12 0 1 3 10 1.41421
7 12 0 1 3 11 1.90693
7 12 0 1 3 13 1.90693
7 12 0 1 3 14 1.73205
7 12 0 1 4 5 1.73205
7 12 0 1 4 6 1.62019
7 12 0 1 4 8 1.81265
7 12 0 1 4 9 1.73205
7 12 0 1 4 10 1.81265
7 12 0 1 4 11 1.41421
7 12 0 1 4 13 1.81265
7 12 0 1 4 14 1.81265
7 12 0 1 5 6 1.73205
7 12 0 1 5 8 1.73205
7 12 0 1 5 9 1.73205
7 12 0 1 5 10 1.73205
7 12 0 1 5 11 1.73205
7 12 0 1 5 13 1.73205
7 12 0 1 5 14 1.73205
7 12 0 1 6 8 2
7 12 0 1 6 9 1.96214
7 12 0 1 6 10 1.73205
7 12 0 1 6 11 1.93309
7 12 0 1 6 13 1.96214
7 12 0 1 6 14 2
7 12 0 1 8 9 2
7 12 0 1 8 10 2
7 12 0 1 8 11 1.81265
7 12 0 1 8 13 2
7 12 0 1 8 14 2
7 12 0 1 9 10 1.81265
7 12 0 1 9 11 1.93309
7 12 0 1 9 13 1.96769
7 12 0 1 9 14 2
7 12 0 1 10 11 1.62019
7 12 0 1 10 13 2
7 12 0 1 10 14 2
7 12 0 1 11 13 1.93309
7 12 0 1 11 14 1.81265
7 12 0 1 13 14 2
7 12 0 2 3 4 1.73205
7 12 0 2 3 5 1.90693
7 12 0 2 3 6 2
7 12 0 2 3 8 1.62019
7 12 0 2 3 9 2
7 12 0 2 3 10 1.41421
7 12 0 2 3 11 2
7 12 0 2 3 13 1.93309
7 12 0 2 3 14 1.81265
7 12 0 2 4 5 1.73205
7 12 0 2 4 6 1.73205
7 12 0 2 4 8 1.62019
7 12 0 2 4 9 1.73205
7 12 0 2 4 10 1.62019
7 12 0 2 4 11 1.73205
7 12 0 2 4 13 1.62019
7 12 0 2 4 14 1.62019
7 12 0 2 5 6 1.90693
7 12 0 2 5 8 1.62019
7 12 0 2 5 9 1.90693
7 12 0 2 5 10 1.62019
7 12 0 2 5 11 1.90693
7 12 0 2 5 13 1.85164
7 12 0 2 5 14 1.73205
7 12 0 2 6 8 1.62019
7 12 0 2 6 9 2
7 12 0 2 6 10 1.41421
7 12 0 2 6 11 2
7 12 0 2 6 13 1.93309
7 12 0 2 6 14 1.81265
7 12 0 2 8 9 1.62019
7 12 0 2 8 10 1.62019
7 12 0 2 8 11 1.62019
7 12 0 2 8 13 1.62019
7 12 0 2 8 14 1.62019
7 12 0 2 9 10 1.41421
7 12 0 2 9 11 2
7 12 0 2 9 13 1.93309
7 12 0 2 9 14 1.81265
7 12 0 2 10 11 1.41421
7 12 0 2 10 13 1.62019
7 12 0 2 10 14 1.62019
7 12 0 2 11 13 1.93309
7 12 0 2 11 14 1.81265
7 12 0 2 13 14 1.73205
7 12 0 3 4 5 1.90693
7 12 0 3 4 6 2
7 12 0 3 4 8 1.62019
7 12 0 3 4 9 2
7 12 0 3 4 10 1.85164
7 12 0 3 4 11 2
7 12 0 3 4 13 1.81265
7 12 0 3 4 14 1.93309
7 12 0 3 5 6 2
7 12 0 3 5 8 1.41421
7 12 0 3 5 9 2
7 12 0 3 5 10 1.73205
7 12 0 3 5 11 2
7 12 0 3 5 13 1.90693
7 12 0 3 5 14 1.90693
7 12 0 3 6 8 2
7 12 0 3 6 9 2.16025
7 12 0 3 6 10 1.90693
7 12 0 3 6 11 2.16025
7 12 0 3 6 13 2.10639
7 12 0 3 6 14 2.10639
7 12 0 3 8 9 2
7 12 0 3 8 10 1.73205
7 12 0 3 8 11 2
7 12 0 3 8 13 1.81265
7 12 0 3 8 14 1.81265
7 12 0 3 9 10 1.90693
7 12 0 3 9 11 2.16025
7 12 0 3 9 13 2.10639
7 12 0 3 9 14 2.10639
7 12 0 3 10 11 1.90693
7 12 0 3 10 13 1.73205
7 12 0 3 10 14 1.90693
7 12 0 3 11 13 2.10639
7 12 0 3 11 14 2.10639
7 12 0 3 13 14 2
7 12 0 4 5 6 2.01187
7 12 0 4 5 8 2
7 12 0 4 5 9 2.04495
7 12 0 4 5 10 1.96214
7 12 0 4 5 11 2
7 12 0 4 5 13 2
7 12 0 4 5 14 2.02367
7 12 0 4 6 8 1.93309
7 12 0 4 6 9 2.16025
7 12 0 4 6 10 2.04939
7 12 0 4 6 11 2.08167
7 12 0 4 6 13 2
7 12 0 4 6 14 2.09938
7 12 0 4 8 9 2
7 12 0 4 8 10 2
7 12 0 4 8 11 1.85164
7 12 0 4 8 13 1.93309
7 12 0 4 8 14 2
7 12 0 4 9 10 2.08167
7 12 0 4 9 11 2.08167
7 12 0 4 9 13 2.04495
7 12 0 4 9 14 2.16025
7 12 0 4 10 11 2.00294
7 12 0 4 10 13 2
7 12 0 4 10 14 2.09069
7 12 0 4 11 13 1.93309
7 12 0 4 11 14 2.04939
7 12 0 4 13 14 2.04495
7 12 0 5 6 8 1.73205
7 12 0 5 6 9 2.08738
7 12 0 5 6 10 1.90693
7 12 0 5 6 11 2.04939
7 12 0 5 6 13 1.96214
7 12 0 5 6 14 2.01187
7 12 0 5 8 9 1.81265
7 12 0 5 8 10 2
7 12 0 5 8 11 1.62019
7 12 0 5 8 13 1.81265
7 12 0 5 8 14 2
7 12 0 5 9 10 1.93309
7 12 0 5 9 11 2.04939
7 12 0 5 9 13 1.96769
7 12 0 5 9 14 2.04495
7 12 0 5 10 11 1.85164
7 12 0 5 10 13 2
7 12 0 5 10 14 1.96214
7 12 0 5 11 13 1.93309
7 12 0 5 11 14 2
7 12 0 5 13 14 2
7 12 0 6 8 9 2.08167
7 12 0 6 8 10 2
7 12 0 6 8 11 2
7 12 0 6 8 13 2
7 12 0 6 8 14 2.0381
7 12 0 6 9 10 2.10223
7 12 0 6 9 11 2.2563
7 12 0 6 9 13 2.19644
7 12 0 6 9 14 2.23607
7 12 0 6 10 11 2.04939
7 12 0 6 10 13 2
7 12 0 6 10 14 2.10223
7 12 0 6 11 13 2.173
7 12 0 6 11 14 2.19745
7 12 0 6 13 14 2.16025
7 12 0 8 9 10 2.0381
7 12 0 8 9 11 2
7 12 0 8 9 13 2.04495
7 12 0 8 9 14 2.05751
7 12 0 8 10 11 1.93309
7 12 0 8 10 13 2
7 12 0 8 10 14 2.08167
7 12 0 8 11 13 1.93309
7 12 0 8 11 14 2
7 12 0 8 13 14 2.04495
7 12 0 9 10 11 2.04939
7 12 0 9 10 13 2.0381
7 12 0 9 10 14 2.12132
7 12 0 9 11 13 2.173
7 12 0 9 11 14 2.19745
7 12 0 9 13 14 2.15758
7 12 0 10 11 13 1.93309
7 12 0 10 11 14 2.04939
7 12 0 10 13 14 2.08167
7 12 0 11 13 14 2.10639
7 12 1 2 3 4 1.41421
7 12 1 2 3 5 1.73205
7 12 1 2 3 6 1.85164
7 12 1 2 3 8 1.62019
7 12 1 2 3 9 1.85164
7 12 1 2 3 10 1.41421
7 12 1 2 3 11 1.85164
7 12 1 2 3 13 1.85164
7 12 1 2 3 14 1.62019
7 12 1 2 4 5 1.62019
7 12 1 2 4 6 1.41421
7 12 1 2 4 8 1.62019
7 12 1 2 4 9 1.41421
7 12 1 2 4 10 1.62019
7 12 1 2 4 11 1.41421
7 12 1 2 4 13 1.62019
7 12 1 2 4 14 1.62019
7 12 1 2 5 6 1.73205
7 12 1 2 5 8 1.62019
7 12 1 2 5 9 1.73205
7 12 1 2 5 10 1.62019
7 12 1 2 5 11 1.73205
7 12 1 2 5 13 1.73205
7 12 1 2 5 14 1.62019
7 12 1 2 6 8 1.62019
7 12 1 2 6 9 1.85164
7 12 1 2 6 10 1
7 12 1 2 6 11 1.85164
7 12 1 2 6 13 1.85164
7 12 1 2 6 14 1.62019
7 12 1 2 8 9 1.62019
7 12 1 2 8 10 1.62019
7 12 1 2 8 11 1.62019
7 12 1 2 8 13 1.62019
7 12 1 2 8 14 1.62019
7 12 1 2 9 10 1.41421
7 12 1 2 9 11 1.85164
7 12 1 2 9 13 1.85164
7 12 1 2 9 14 1.62019
7 12 1 2 10 11 1
7 12 1 2 10 13 1.62019
7 12 1 2 10 14 1.62019
7 12 1 2 11 13 1.85164
7 12 1 2 11 14 1.62019
7 12 1 2 13 14 1.62019
7 12 1 3 4 5 1.41421
7 12 1 3 4 6 1.41421
7 12 1 3 4 8 1.41421
7 12 1 3 4 9 1.41421
7 12 1 3 4 10 1.41421
7 12 1 3 4 11 1.41421
7 12 1 3 4 13 1.41421
7 12 1 3 4 14 1.41421
7 12 1 3 5 6 1.73205
7 12 1 3 5 8 1.41421
7 12 1 3 5 9 1.73205
7 12 1 3 5 10 1.41421
7 12 1 3 5 11 1.73205
7 12 1 3 5 13 1.73205
7 12 1 3 5 14 1.41421
7 12 1 3 6 8 1.73205
7 12 1 3 6 9 1.90693
7 12 1 3 6 10 1.41421
7 12 1 3 6 11 1.90693
7 12 1 3 6 13 1.90693
7 12 1 3 6 14 1.73205
7 12 1 3 8 9 1.73205
7 12 1 3 8 10 1.41421
7 12 1 3 8 11 1.73205
7 12 1 3 8 13 1.73205
7 12 1 3 8 14 1.62019
7 12 1 3 9 10 1.41421
7 12 1 3 9 11 1.90693
7 12 1 3 9 13 1.90693
7 12 1 3 9 14 1.73205
7 12 1 3 10 11 1.41421
7 12 1 3 10 13 1.41421
7 12 1 3 10 14 1.41421
7 12 1 3 11 13 1.90693
7 12 1 3 11 14 1.73205
7 12 1 3 13 14 1.73205
7 12 1 4 5 6 1.41421
7 12 1 4 5 8 1.73205
7 12 1 4 5 9 1.62019
7 12 1 4 5 10 1.73205
7 12 1 4 5 11 1.41421
7 12 1 4 5 13 1.73205
7 12 1 4 5 14 1.73205
7 12 1 4 6 8 1.62019
7 12 1 4 6 9 1.62019
7 12 1 4 6 10 1.62019
7 12 1 4 6 11 1.41421
7 12 1 4 6 13 1.62019
7 12 1 4 6 14 1.62019
7 12 1 4 8 9 1.73205
7 12 1 4 8 10 1.81265
7 12 1 4 8 11 1.41421
7 12 1 4 8 13 1.81265
7 12 1 4 8 14 1.81265
7 12 1 4 9 10 1.73205
7 12 1 4 9 11 1.41421
7 12 1 4 9 13 1.73205
7 12 1 4 9 14 1.73205
7 12 1 4 10 11 1.41421
7 12 1 4 10 13 1.81265
7 12 1 4 10 14 1.81265
7 12 1 4 11 13 1.41421
7 12 1 4 11 14 1.41421
7 12 1 4 13 14 1.81265
7 12 1 5 6 8 1.41421
7 12 1 5 6 9 1.73205
7 12 1 5 6 10 1.41421
7 12 1 5 6 11 1.73205
7 12 1 5 6 13 1.73205
7 12 1 5 6 14 1.41421
7 12 1 5 8 9 1.62019
7 12 1 5 8 10 1.73205
7 12 1 5 8 11 1.41421
7 12 1 5 8 13 1.73205
7 12 1 5 8 14 1.73205
7 12 1 5 9 10 1.62019
7 12 1 5 9 11 1.73205
7 12 1 5 9 13 1.73205
7 12 1 5 9 14 1.62019
7 12 1 5 10 11 1
7 12 1 5 10 13 1.73205
7 12 1 5 10 14 1.73205
7 12 1 5 11 13 1.73205
7 12 1 5 11 14 1.41421
7 12 1 5 13 14 1.73205
7 12 1 6 8 9 2
7 12 1 6 8 10 1.73205
7 12 1 6 8 11 1.81265
7 12 1 6 8 13 2
7 12 1 6 8 14 1.81265
7 12 1 6 9 10 1.73205
7 12 1 6 9 11 1.93309
7 12 1 6 9 13 1.96214
7 12 1 6 9 14 2
7 12 1 6 10 11 1.62019
7 12 1 6 10 13 1.73205
7 12 1 6 10 14 1.73205
7 12 1 6 11 13 1.93309
7 12 1 6 11 14 1.81265
7 12 1 6 13 14 2
7 12 1 8 9 10 1.81265
7 12 1 8 9 11 1.81265
7 12 1 8 9 13 2
7 12 1 8 9 14 2
7 12 1 8 10 11 1.62019
7 12 1 8 10 13 2
7 12 1 8 10 14 2
7 12 1 8 11 13 1.81265
7 12 1 8 11 14 1.73205
7 12 1 8 13 14 2
7 12 1 9 10 11 1.62019
7 12 1 9 10 13 1.81265
7 12 1 9 10 14 1.81265
7 12 1 9 11 13 1.93309
7 12 1 9 11 14 1.81265
7 12 1 9 13 14 2
7 12 1 10 11 13 1.62019
7 12 1 10 11 14 1.62019
7 12 1 10 13 14 2
7 12 1 11 13 14 1.81265
7 12 2 3 4 5 1.81265
7 12 2 3 4 6 1.81265
7 12 2 3 4 8 1.41421
7 12 2 3 4 9 1.81265
7 12 2 3 4 10 1.62019
7 12 2 3 4 11 1.81265
7 12 2 3 4 13 1.62019
7 12 2 3 4 14 1.73205
7 12 2 3 5 6 1.93309
7 12 2 3 5 8 1.41421
7 12 2 3 5 9 1.93309
7 12 2 3 5 10 1.62019
7 12 2 3 5 11 1.93309
7 12 2 3 5 13 1.85164
7 12 2 3 5 14 1.81265
7 12 2 3 6 8 1.62019
7 12 2 3 6 9 2
7 12 2 3 6 10 1.62019
7 12 2 3 6 11 2
7 12 2 3 6 13 1.93309
7 12 2 3 6 14 2
7 12 2 3 8 9 1.62019
7 12 2 3 8 10 1.41421
7 12 2 3 8 11 1.62019
7 12 2 3 8 13 1.62019
7 12 2 3 8 14 1.41421
7 12 2 3 9 10 1.62019
7 12 2 3 9 11 2
7 12 2 3 9 13 1.93309
7 12 2 3 9 14 2
7 12 2 3 10 11 1.62019
7 12 2 3 10 13 1.41421
7 12 2 3 10 14 1.62019
7 12 2 3 11 13 1.93309
7 12 2 3 11 14 2
7 12 2 3 13 14 1.73205
7 12 2 4 5 6 1.81265
7 12 2 4 5 8 1.62019
7 12 2 4 5 9 1.81265
7 12 2 4 5 10 1.62019
7 12 2 4 5 11 1.81265
7 12 2 4 5 13 1.62019
7 12 2 4 5 14 1.73205
7 12 2 4 6 8 1.41421
7 12 2 4 6 9 1.81265
7 12 2 4 6 10 1.62019
7 12 2 4 6 11 1.81265
7 12 2 4 6 13 1.62019
7 12 2 4 6 14 1.73205
7 12 2 4 8 9 1.41421
7 12 2 4 8 10 1.62019
7 12 2 4 8 11 1.41421
7 12 2 4 8 13 1.62019
7 12 2 4 8 14 1.62019
7 12 2 4 9 10 1.62019
7 12 2 4 9 11 1.81265
7 12 2 4 9 13 1.62019
7 12 2 4 9 14 1.73205
7 12 2 4 10 11 1.62019
7 12 2 4 10 13 1.62019
7 12 2 4 10 14 1.62019
7 12 2 4 11 13 1.62019
7 12 2 4 11 14 1.73205
7 12 2 4 13 14 1.62019
7 12 2 5 6 8 1.41421
7 12 2 5 6 9 1.93309
7 12 2 5 6 10 1.62019
7 12 2 5 6 11 1.93309
7 12 2 5 6 13 1.85164
7 12 2 5 6 14 1.81265
7 12 2 5 8 9 1.41421
7 12 2 5 8 10 1.62019
7 12 2 5 8 11 1.41421
7 12 2 5 8 13 1.62019
7 12 2 5 8 14 1.62019
7 12 2 5 9 10 1.62019
7 12 2 5 9 11 1.93309
7 12 2 5 9 13 1.85164
7 12 2 5 9 14 1.81265
7 12 2 5 10 11 1.62019
7 12 2 5 10 13 1.62019
7 12 2 5 10 14 1.62019
7 12 2 5 11 13 1.85164
7 12 2 5 11 14 1.81265
7 12 2 5 13 14 1.62019
7 12 2 6 8 9 1.62019
7 12 2 6 8 10 1.41421
7 12 2 6 8 11 1.62019
7 12 2 6 8 13 1.62019
7 12 2 6 8 14 1.41421
7 12 2 6 9 10 1.62019
7 12 2 6 9 11 2
7 12 2 6 9 13 1.93309
7 12 2 6 9 14 2
7 12 2 6 10 11 1.62019
7 12 2 6 10 13 1
7 12 2 6 10 14 1.62019
7 12 2 6 11 13 1.93309
7 12 2 6 11 14 2
7 12 2 6 13 14 1.73205
7 12 2 8 9 10 1.41421
7 12 2 8 9 11 1.62019
7 12 2 8 9 13 1.62019
7 12 2 8 9 14 1.41421
7 12 2 8 10 11 1.41421
7 12 2 8 10 13 1.62019
7 12 2 8 10 14 1.62019
7 12 2 8 11 13 1.62019
7 12 2 8 11 14 1.41421
7 12 2 8 13 14 1.62019
7 12 2 9 10 11 1.62019
7 12 2 9 10 13 1.41421
7 12 2 9 10 14 1.62019
7 12 2 9 11 13 1.93309
7 12 2 9 11 14 2
7 12 2 9 13 14 1.73205
7 12 2 10 11 13 1
7 12 2 10 11 14 1.62019
7 12 2 10 13 14 1.62019
7 12 2 11 13 14 1.73205
7 12 3 4 5 6 2
7 12 3 4 5 8 1.62019
7 12 3 4 5 9 2
7 12 3 4 5 10 1.85164
7 12 3 4 5 11 2
7 12 3 4 5 13 1.73205
7 12 3 4 5 14 1.93309
7 12 3 4 6 8 1.73205
7 12 3 4 6 9 2.0381
7 12 3 4 6 10 1.93309
7 12 3 4 6 11 2.0381
7 12 3 4 6 13 1.81265
7 12 3 4 6 14 2
7 12 3 4 8 9 1.73205
7 12 3 4 8 10 1.73205
7 12 3 4 8 11 1.73205
7 12 3 4 8 13 1.41421
7 12 3 4 8 14 1.73205
7 12 3 4 9 10 1.93309
7 12 3 4 9 11 2.0381
7 12 3 4 9 13 1.81265
7 12 3 4 9 14 2
7 12 3 4 10 11 1.93309
7 12 3 4 10 13 1.62019
7 12 3 4 10 14 1.93309
7 12 3 4 11 13 1.81265
7 12 3 4 11 14 2
7 12 3 4 13 14 1.73205
7 12 3 5 6 8 1.62019
7 12 3 5 6 9 2.04939
7 12 3 5 6 10 1.85164
7 12 3 5 6 11 2.04939
7 12 3 5 6 13 1.90693
7 12 3 5 6 14 2
7 12 3 5 8 9 1.62019
7 12 3 5 8 10 1.62019
7 12 3 5 8 11 1.62019
7 12 3 5 8 13 1.41421
7 12 3 5 8 14 1.62019
7 12 3 5 9 10 1.85164
7 12 3 5 9 11 2.04939
7 12 3 5 9 13 1.90693
7 12 3 5 9 14 2
7 12 3 5 10 11 1.85164
7 12 3 5 10 13 1.41421
7 12 3 5 10 14 1.85164
7 12 3 5 11 13 1.90693
7 12 3 5 11 14 2
7 12 3 5 13 14 1.73205
7 12 3 6 8 9 2
7 12 3 6 8 10 1.81265
7 12 3 6 8 11 2
7 12 3 6 8 13 1.81265
7 12 3 6 8 14 2
7 12 3 6 9 10 2
7 12 3 6 9 11 2.20605
7 12 3 6 9 13 2.10639
7 12 3 6 9 14 2.16025
7 12 3 6 10 11 2
7 12 3 6 10 13 1.73205
7 12 3 6 10 14 2
7 12 3 6 11 13 2.10639
7 12 3 6 11 14 2.16025
7 12 3 6 13 14 2
7 12 3 8 9 10 1.81265
7 12 3 8 9 11 2
7 12 3 8 9 13 1.81265
7 12 3 8 9 14 2
7 12 3 8 10 11 1.81265
7 12 3 8 10 13 1.62019
7 12 3 8 10 14 1.81265
7 12 3 8 11 13 1.81265
7 12 3 8 11 14 2
7 12 3 8 13 14 1.73205
7 12 3 9 10 11 2
7 12 3 9 10 13 1.73205
7 12 3 9 10 14 2
7 12 3 9 11 13 2.10639
7 12 3 9 11 14 2.16025
7 12 3 9 13 14 2
7 12 3 10 11 13 1.73205
7 12 3 10 11 14 2
7 12 3 10 13 14 1.73205
7 12 3 11 13 14 2
7 12 4 5 6 8 1.81265
7 12 4 5 6 9 2.05751
7 12 4 5 6 10 2
7 12 4 5 6 11 2.0381
7 12 4 5 6 13 2
7 12 4 5 6 14 2.0381
7 12 4 5 8 9 2
7 12 4 5 8 10 2
7 12 4 5 8 11 1.73205
7 12 4 5 8 13 1.81265
7 12 4 5 8 14 2
7 12 4 5 9 10 2
7 12 4 5 9 11 2.0381
7 12 4 5 9 13 2
7 12 4 5 9 14 2.08167
7 12 4 5 10 11 1.93309
7 12 4 5 10 13 2
7 12 4 5 10 14 2.02367
7 12 4 5 11 13 1.81265
7 12 4 5 11 14 2
7 12 4 5 13 14 2
7 12 4 6 8 9 2
7 12 4 6 8 10 2
7 12 4 6 8 11 1.90693
7 12 4 6 8 13 1.85164
7 12 4 6 8 14 2
7 12 4 6 9 10 2.09938
7 12 4 6 9 11 2.12132
7 12 4 6 9 13 2
7 12 4 6 9 14 2.13809
7 12 4 6 10 11 2.04939
7 12 4 6 10 13 1.93309
7 12 4 6 10 14 2.09938
7 12 4 6 11 13 1.93309
7 12 4 6 11 14 2.10223
7 12 4 6 13 14 2
7 12 4 8 9 10 2.01187
7 12 4 8 9 11 1.90693
7 12 4 8 9 13 1.90693
7 12 4 8 9 14 2.01187
7 12 4 8 10 11 1.90693
7 12 4 8 10 13 1.93309
7 12 4 8 10 14 2.04495
7 12 4 8 11 13 1.73205
7 12 4 8 11 14 1.90693
7 12 4 8 13 14 1.93309
7 12 4 9 10 11 2.04939
7 12 4 9 10 13 2
7 12 4 9 10 14 2.16025
7 12 4 9 11 13 1.93309
7 12 4 9 11 14 2.10223
7 12 4 9 13 14 2.01187
7 12 4 10 11 13 1.85164
7 12 4 10 11 14 2.04939
7 12 4 10 13 14 2
7 12 4 11 13 14 1.90693
7 12 5 6 8 9 1.81265
7 12 5 6 8 10 1.81265
7 12 5 6 8 11 1.73205
7 12 5 6 8 13 1.62019
7 12 5 6 8 14 1.81265
7 12 5 6 9 10 2
7 12 5 6 9 11 2.081
7 12 5 6 9 13 1.96214
7 12 5 6 9 14 2.05751
7 12 5 6 10 11 1.93309
7 12 5 6 10 13 1.73205
7 12 5 6 10 14 2
7 12 5 6 11 13 1.93309
7 12 5 6 11 14 2.0381
7 12 5 6 13 14 2
7 12 5 8 9 10 2
7 12 5 8 9 11 1.73205
7 12 5 8 9 13 1.73205
7 12 5 8 9 14 2
7 12 5 8 10 11 1.73205
7 12 5 8 10 13 1.81265
7 12 5 8 10 14 2
7 12 5 8 11 13 1.41421
7 12 5 8 11 14 1.73205
7 12 5 8 13 14 1.81265
7 12 5 9 10 11 1.93309
7 12 5 9 10 13 1.81265
7 12 5 9 10 14 2
7 12 5 9 11 13 1.93309
7 12 5 9 11 14 2.0381
7 12 5 9 13 14 2
7 12 5 10 11 13 1.62019
7 12 5 10 11 14 1.93309
7 12 5 10 13 14 2
7 12 5 11 13 14 1.81265
7 12 6 8 9 10 2.0381
7 12 6 8 9 11 2.04495
7 12 6 8 9 13 2
7 12 6 8 9 14 2.05751
7 12 6 8 10 11 2
7 12 6 8 10 13 1.93309
7 12 6 8 10 14 2.0381
7 12 6 8 11 13 1.93309
7 12 6 8 11 14 2.01187
7 12 6 8 13 14 2
7 12 6 9 10 11 2.09938
7 12 6 9 10 13 2
7 12 6 9 10 14 2.13809
7 12 6 9 11 13 2.173
7 12 6 9 11 14 2.23607
7 12 6 9 13 14 2.16025
7 12 6 10 11 13 1.93309
7 12 6 10 11 14 2.09938
7 12 6 10 13 14 2
7 12 6 11 13 14 2.10639
7 12 8 9 10 11 2
7 12 8 9 10 13 2
7 12 8 9 10 14 2.05751
7 12 8 9 11 13 1.93309
7 12 8 9 11 14 2.01187
7 12 8 9 13 14 2.01187
7 12 8 10 11 13 1.85164
7 12 8 10 11 14 2
7 12 8 10 13 14 2
7 12 8 11 13 14 1.90693
7 12 9 10 11 13 1.93309
7 12 9 10 11 14 2.09938
7 12 9 10 13 14 2.0381
7 12 9 11 13 14 2.10639
7 12 10 11 13 14 1.93309
