7 12 0 1 2 3 4 5 6 1.41421
7 12 0 1 2 3 4 5 8 1.41421
7 12 0 1 2 3 4 5 9 1.41421
7 12 0 1 2 3 4 5 10 1.41421
7 12 0 1 2 3 4 5 11 1.41421
7 12 0 1 2 3 4 5 13 1.41421
7 12 0 1 2 3 4 5 14 1.41421
7 12 0 1 2 3 4 6 8 1
7 12 0 1 2 3 4 6 9 1.41421
7 12 0 1 2 3 4 6 10 0
7 12 0 1 2 3 4 6 11 1.41421
7 12 0 1 2 3 4 6 13 1.41421
7 12 0 1 2 3 4 6 14 1
7 12 0 1 2 3 4 8 9 1
7 12 0 1 2 3 4 8 10 1.41421
7 12 0 1 2 3 4 8 11 1
7 12 0 1 2 3 4 8 13 1.41421
7 12 0 1 2 3 4 8 14 1.41421
7 12 0 1 2 3 4 9 10 1
7 12 0 1 2 3 4 9 11 1.41421
7 12 0 1 2 3 4 9 13 1.41421
7 12 0 1 2 3 4 9 14 1
7 12 0 1 2 3 4 10 11 1
7 12 0 1 2 3 4 10 13 1.41421
7 12 0 1 2 3 4 10 14 1.41421
7 12 0 1 2 3 4 11 13 1.41421
7 12 0 1 2 3 4 11 14 1
7 12 0 1 2 3 4 13 14 1.41421
7 12 0 1 2 3 5 6 8 1.41421
7 12 0 1 2 3 5 6 9 1.73205
7 12 0 1 2 3 5 6 10 0
7 12 0 1 2 3 5 6 11 1.73205
7 12 0 1 2 3 5 6 13 1.73205
7 12 0 1 2 3 5 6 14 1.41421
7 12 0 1 2 3 5 8 9 1.41421
7 12 0 1 2 3 5 8 10 1.41421
7 12 0 1 2 3 5 8 11 1.41421
7 12 0 1 2 3 5 8 13 1.41421
7 12 0 1 2 3 5 8 14 1.41421
7 12 0 1 2 3 5 9 10 1
7 12 0 1 2 3 5 9 11 1.73205
7 12 0 1 2 3 5 9 13 1.73205
7 12 0 1 2 3 5 9 14 1.41421
7 12 0 1 2 3 5 10 11 1
7 12 0 1 2 3 5 10 13 1.41421
7 12 0 1 2 3 5 10 14 1.41421
7 12 0 1 2 3 5 11 13 1.73205
7 12 0 1 2 3 5 11 14 1.41421
7 12 0 1 2 3 5 13 14 1.41421
7 12 0 1 2 3 6 8 9 1.62019
7 12 0 1 2 3 6 8 10 1
7 12 0 1 2 3 6 8 11 1.62019
7 12 0 1 2 3 6 8 13 1.62019
7 12 0 1 2 3 6 8 14 1.41421
7 12 0 1 2 3 6 9 10 1
7 12 0 1 2 3 6 9 11 1.85164
7 12 0 1 2 3 6 9 13 1.85164
7 12 0 1 2 3 6 9 14 1.62019
7 12 0 1 2 3 6 10 11 1
7 12 0 1 2 3 6 10 13 1
7 12 0 1 2 3 6 10 14 1
7 12 0 1 2 3 6 11 13 1.85164
7 12 0 1 2 3 6 11 14 1.62019
7 12 0 1 2 3 6 13 14 1.62019
7 12 0 1 2 3 8 9 10 1
7 12 0 1 2 3 8 9 11 1.62019
7 12 0 1 2 3 8 9 13 1.62019
7 12 0 1 2 3 8 9 14 1.41421
7 12 0 1 2 3 8 10 11 1
7 12 0 1 2 3 8 10 13 1.41421
7 12 0 1 2 3 8 10 14 1.41421
7 12 0 1 2 3 8 11 13 1.62019
7 12 0 1 2 3 8 11 14 1.41421
7 12 0 1 2 3 8 13 14 1.41421
7 12 0 1 2 3 9 10 11 1
7 12 0 1 2 3 9 10 13 1
7 12 0 1 2 3 9 10 14 1
7 12 0 1 2 3 9 11 13 1.85164
7 12 0 1 2 3 9 11 14 1.62019
7 12 0 1 2 3 9 13 14 1.62019
7 12 0 1 2 3 10 11 13 1
7 12 0 1 2 3 10 11 14 1
7 12 0 1 2 3 10 13 14 1.41421
7 12 0 1 2 3 11 13 14 1.62019
7 12 0 1 2 4 5 6 8 1
7 12 0 1 2 4 5 6 9 1.41421
7 12 0 1 2 4 5 6 10 1
7 12 0 1 2 4 5 6 11 1.41421
7 12 0 1 2 4 5 6 13 1.41421
7 12 0 1 2 4 5 6 14 1
7 12 0 1 2 4 5 8 9 1.41421
7 12 0 1 2 4 5 8 10 1.62019
7 12 0 1 2 4 5 8 11 1
7 12 0 1 2 4 5 8 13 1.62019
7 12 0 1 2 4 5 8 14 1.62019
7 12 0 1 2 4 5 9 10 1.41421
7 12 0 1 2 4 5 9 11 1.41421
7 12 0 1 2 4 5 9 13 1.41421
7 12 0 1 2 4 5 9 14 1.41421
7 12 0 1 2 4 5 10 11 1
7 12 0 1 2 4 5 10 13 1.62019
7 12 0 1 2 4 5 10 14 1.62019
7 12 0 1 2 4 5 11 13 1.41421
7 12 0 1 2 4 5 11 14 1
7 12 0 1 2 4 5 13 14 1.62019
7 12 0 1 2 4 6 8 9 1
7 12 0 1 2 4 6 8 10 1
7 12 0 1 2 4 6 8 11 1
7 12 0 1 2 4 6 8 13 1
7 12 0 1 2 4 6 8 14 1
7 12 0 1 2 4 6 9 10 1
7 12 0 1 2 4 6 9 11 1.41421
7 12 0 1 2 4 6 9 13 1.41421
7 12 0 1 2 4 6 9 14 1
7 12 0 1 2 4 6 10 11 0
7 12 0 1 2 4 6 10 13 1
7 12 0 1 2 4 6 10 14 1
7 12 0 1 2 4 6 11 13 1.41421
7 12 0 1 2 4 6 11 14 1
7 12 0 1 2 4 6 13 14 1
7 12 0 1 2 4 8 9 10 1.41421
7 12 0 1 2 4 8 9 11 1
7 12 0 1 2 4 8 9 13 1.41421
7 12 0 1 2 4 8 9 14 1.41421
7 12 0 1 2 4 8 10 11 1
7 12 0 1 2 4 8 10 13 1.62019
7 12 0 1 2 4 8 10 14 1.62019
7 12 0 1 2 4 8 11 13 1
7 12 0 1 2 4 8 11 14 1
7 12 0 1 2 4 8 13 14 1.62019
7 12 0 1 2 4 9 10 11 0
7 12 0 1 2 4 9 10 13 1.41421
7 12 0 1 2 4 9 10 14 1.41421
7 12 0 1 2 4 9 11 13 1.41421
7 12 0 1 2 4 9 11 14 1
7 12 0 1 2 4 9 13 14 1.41421
7 12 0 1 2 4 10 11 13 1
7 12 0 1 2 4 10 11 14 1
7 12 0 1 2 4 10 13 14 1.62019
7 12 0 1 2 4 11 13 14 1
7 12 0 1 2 5 6 8 9 1.41421
7 12 0 1 2 5 6 8 10 1
7 12 0 1 2 5 6 8 11 1.41421
7 12 0 1 2 5 6 8 13 1.41421
7 12 0 1 2 5 6 8 14 1
7 12 0 1 2 5 6 9 10 1
7 12 0 1 2 5 6 9 11 1.73205
7 12 0 1 2 5 6 9 13 1.73205
7 12 0 1 2 5 6 9 14 1.41421
7 12 0 1 2 5 6 10 11 0
7 12 0 1 2 5 6 10 13 1
7 12 0 1 2 5 6 10 14 1
7 12 0 1 2 5 6 11 13 1.73205
7 12 0 1 2 5 6 11 14 1.41421
7 12 0 1 2 5 6 13 14 1.41421
7 12 0 1 2 5 8 9 10 1.41421
7 12 0 1 2 5 8 9 11 1.41421
7 12 0 1 2 5 8 9 13 1.41421
7 12 0 1 2 5 8 9 14 1.41421
7 12 0 1 2 5 8 10 11 1
7 12 0 1 2 5 8 10 13 1.62019
7 12 0 1 2 5 8 10 14 1.62019
7 12 0 1 2 5 8 11 13 1.41421
7 12 0 1 2 5 8 11 14 1
7 12 0 1 2 5 8 13 14 1.62019
7 12 0 1 2 5 9 10 11 0
7 12 0 1 2 5 9 10 13 1.41421
7 12 0 1 2 5 9 10 14 1.41421
7 12 0 1 2 5 9 11 13 1.73205
7 12 0 1 2 5 9 11 14 1.41421
7 12 0 1 2 5 9 13 14 1.41421
7 12 0 1 2 5 10 11 13 1
7 12 0 1 2 5 10 11 14 1
7 12 0 1 2 5 10 13 14 1.62019
7 12 0 1 2 5 11 13 14 1.41421
7 12 0 1 2 6 8 9 10 1
7 12 0 1 2 6 8 9 11 1.62019
7 12 0 1 2 6 8 9 13 1.62019
7 12 0 1 2 6 8 9 14 1.41421
7 12 0 1 2 6 8 10 11 1
7 12 0 1 2 6 8 10 13 1
7 12 0 1 2 6 8 10 14 1
7 12 0 1 2 6 8 11 13 1.62019
7 12 0 1 2 6 8 11 14 1.41421
7 12 0 1 2 6 8 13 14 1.41421
7 12 0 1 2 6 9 10 11 1
7 12 0 1 2 6 9 10 13 1
7 12 0 1 2 6 9 10 14 1
7 12 0 1 2 6 9 11 13 1.85164
7 12 0 1 2 6 9 11 14 1.62019
7 12 0 1 2 6 9 13 14 1.62019
7 12 0 1 2 6 10 11 13 1
7 12 0 1 2 6 10 11 14 1
7 12 0 1 2 6 10 13 14 1
7 12 0 1 2 6 11 13 14 1.62019
7 12 0 1 2 8 9 10 11 1
7 12 0 1 2 8 9 10 13 1.41421
7 12 0 1 2 8 9 10 14 1.41421
7 12 0 1 2 8 9 11 13 1.62019
7 12 0 1 2 8 9 11 14 1.41421
7 12 0 1 2 8 9 13 14 1.41421
7 12 0 1 2 8 10 11 13 1
7 12 0 1 2 8 10 11 14 1
7 12 0 1 2 8 10 13 14 1.62019
7 12 0 1 2 8 11 13 14 1.41421
7 12 0 1 2 9 10 11 13 1
7 12 0 1 2 9 10 11 14 1
7 12 0 1 2 9 10 13 14 1.41421
7 12 0 1 2 9 11 13 14 1.62019
7 12 0 1 2 10 11 13 14 1
7 12 0 1 3 4 5 6 8 1
7 12 0 1 3 4 5 6 9 1.41421
7 12 0 1 3 4 5 6 10 0
7 12 0 1 3 4 5 6 11 1.41421
7 12 0 1 3 4 5 6 13 1.41421
7 12 0 1 3 4 5 6 14 1
7 12 0 1 3 4 5 8 9 1
7 12 0 1 3 4 5 8 10 1.41421
7 12 0 1 3 4 5 8 11 1
7 12 0 1 3 4 5 8 13 1.41421
7 12 0 1 3 4 5 8 14 1.41421
7 12 0 1 3 4 5 9 10 1
7 12 0 1 3 4 5 9 11 1.41421
7 12 0 1 3 4 5 9 13 1.41421
7 12 0 1 3 4 5 9 14 1
7 12 0 1 3 4 5 10 11 1
7 12 0 1 3 4 5 10 13 1.41421
7 12 0 1 3 4 5 10 14 1.41421
7 12 0 1 3 4 5 11 13 1.41421
7 12 0 1 3 4 5 11 14 1
7 12 0 1 3 4 5 13 14 1.41421
7 12 0 1 3 4 6 8 9 1
7 12 0 1 3 4 6 8 10 1
7 12 0 1 3 4 6 8 11 1
7 12 0 1 3 4 6 8 13 1
7 12 0 1 3 4 6 8 14 1
7 12 0 1 3 4 6 9 10 1
7 12 0 1 3 4 6 9 11 1.41421
7 12 0 1 3 4 6 9 13 1.41421
7 12 0 1 3 4 6 9 14 1
7 12 0 1 3 4 6 10 11 1
7 12 0 1 3 4 6 10 13 1
7 12 0 1 3 4 6 10 14 1
7 12 0 1 3 4 6 11 13 1.41421
7 12 0 1 3 4 6 11 14 1
7 12 0 1 3 4 6 13 14 1
7 12 0 1 3 4 8 9 10 1
7 12 0 1 3 4 8 9 11 1
7 12 0 1 3 4 8 9 13 1
7 12 0 1 3 4 8 9 14 1
7 12 0 1 3 4 8 10 11 1
7 12 0 1 3 4 8 10 13 1.41421
7 12 0 1 3 4 8 10 14 1.41421
7 12 0 1 3 4 8 11 13 1
7 12 0 1 3 4 8 11 14 1
7 12 0 1 3 4 8 13 14 1.41421
7 12 0 1 3 4 9 10 11 1
7 12 0 1 3 4 9 10 13 1
7 12 0 1 3 4 9 10 14 1
7 12 0 1 3 4 9 11 13 1.41421
7 12 0 1 3 4 9 11 14 1
7 12 0 1 3 4 9 13 14 1
7 12 0 1 3 4 10 11 13 1
7 12 0 1 3 4 10 11 14 1
7 12 0 1 3 4 10 13 14 1.41421
7 12 0 1 3 4 11 13 14 1
7 12 0 1 3 5 6 8 9 1.41421
7 12 0 1 3 5 6 8 10 0
7 12 0 1 3 5 6 8 11 1.41421
7 12 0 1 3 5 6 8 13 1.41421
7 12 0 1 3 5 6 8 14 1
7 12 0 1 3 5 6 9 10 0
7 12 0 1 3 5 6 9 11 1.73205
7 12 0 1 3 5 6 9 13 1.73205
7 12 0 1 3 5 6 9 14 1.41421
7 12 0 1 3 5 6 10 11 0
7 12 0 1 3 5 6 10 13 0
7 12 0 1 3 5 6 10 14 0
7 12 0 1 3 5 6 11 13 1.73205
7 12 0 1 3 5 6 11 14 1.41421
7 12 0 1 3 5 6 13 14 1.41421
7 12 0 1 3 5 8 9 10 1
7 12 0 1 3 5 8 9 11 1.41421
7 12 0 1 3 5 8 9 13 1.41421
7 12 0 1 3 5 8 9 14 1
7 12 0 1 3 5 8 10 11 1
7 12 0 1 3 5 8 10 13 1.41421
7 12 0 1 3 5 8 10 14 1.41421
7 12 0 1 3 5 8 11 13 1.41421
7 12 0 1 3 5 8 11 14 1
7 12 0 1 3 5 8 13 14 1.41421
7 12 0 1 3 5 9 10 11 0
7 12 0 1 3 5 9 10 13 1
7 12 0 1 3 5 9 10 14 1
7 12 0 1 3 5 9 11 13 1.73205
7 12 0 1 3 5 9 11 14 1.41421
7 12 0 1 3 5 9 13 14 1.41421
7 12 0 1 3 5 10 11 13 1
7 12 0 1 3 5 10 11 14 1
7 12 0 1 3 5 10 13 14 1.41421
7 12 0 1 3 5 11 13 14 1.41421
7 12 0 1 3 6 8 9 10 1.41421
7 12 0 1 3 6 8 9 11 1.73205
7 12 0 1 3 6 8 9 13 1.73205
7 12 0 1 3 6 8 9 14 1.62019
7 12 0 1 3 6 8 10 11 1.41421
7 12 0 1 3 6 8 10 13 1.41421
7 12 0 1 3 6 8 10 14 1.41421
7 12 0 1 3 6 8 11 13 1.73205
7 12 0 1 3 6 8 11 14 1.62019
7 12 0 1 3 6 8 13 14 1.62019
7 12 0 1 3 6 9 10 11 1.41421
7 12 0 1 3 6 9 10 13 1.41421
7 12 0 1 3 6 9 10 14 1.41421
7 12 0 1 3 6 9 11 13 1.90693
7 12 0 1 3 6 9 11 14 1.73205
7 12 0 1 3 6 9 13 14 1.73205
7 12 0 1 3 6 10 11 13 1.41421
7 12 0 1 3 6 10 11 14 1.41421
7 12 0 1 3 6 10 13 14 1.41421
7 12 0 1 3 6 11 13 14 1.73205
7 12 0 1 3 8 9 10 11 1.41421
7 12 0 1 3 8 9 10 13 1.41421
7 12 0 1 3 8 9 10 14 1.41421
7 12 0 1 3 8 9 11 13 1.73205
7 12 0 1 3 8 9 11 14 1.62019
7 12 0 1 3 8 9 13 14 1.62019
7 12 0 1 3 8 10 11 13 1.41421
7 12 0 1 3 8 10 11 14 1.41421
7 12 0 1 3 8 10 13 14 1.41421
7 12 0 1 3 8 11 13 14 1.62019
7 12 0 1 3 9 10 11 13 1.41421
7 12 0 1 3 9 10 11 14 1.41421
7 12 0 1 3 9 10 13 14 1.41421
7 12 0 1 3 9 11 13 14 1.73205
7 12 0 1 3 10 11 13 14 1.41421
7 12 0 1 4 5 6 8 9 1.41421
7 12 0 1 4 5 6 8 10 1.41421
7 12 0 1 4 5 6 8 11 1
7 12 0 1 4 5 6 8 13 1.41421
7 12 0 1 4 5 6 8 14 1.41421
7 12 0 1 4 5 6 9 10 1.41421
7 12 0 1 4 5 6 9 11 1.41421
7 12 0 1 4 5 6 9 13 1.41421
7 12 0 1 4 5 6 9 14 1.41421
7 12 0 1 4 5 6 10 11 1
7 12 0 1 4 5 6 10 13 1.41421
7 12 0 1 4 5 6 10 14 1.41421
7 12 0 1 4 5 6 11 13 1.41421
7 12 0 1 4 5 6 11 14 1
7 12 0 1 4 5 6 13 14 1.41421
7 12 0 1 4 5 8 9 10 1.62019
7 12 0 1 4 5 8 9 11 1
7 12 0 1 4 5 8 9 13 1.62019
7 12 0 1 4 5 8 9 14 1.62019
7 12 0 1 4 5 8 10 11 1
7 12 0 1 4 5 8 10 13 1.73205
7 12 0 1 4 5 8 10 14 1.73205
7 12 0 1 4 5 8 11 13 1
7 12 0 1 4 5 8 11 14 1
7 12 0 1 4 5 8 13 14 1.73205
7 12 0 1 4 5 9 10 11 1
7 12 0 1 4 5 9 10 13 1.62019
7 12 0 1 4 5 9 10 14 1.62019
7 12 0 1 4 5 9 11 13 1.41421
7 12 0 1 4 5 9 11 14 1
7 12 0 1 4 5 9 13 14 1.62019
7 12 0 1 4 5 10 11 13 1
7 12 0 1 4 5 10 11 14 1
7 12 0 1 4 5 10 13 14 1.73205
7 12 0 1 4 5 11 13 14 1
7 12 0 1 4 6 8 9 10 1.62019
7 12 0 1 4 6 8 9 11 1.41421
7 12 0 1 4 6 8 9 13 1.62019
7 12 0 1 4 6 8 9 14 1.62019
7 12 0 1 4 6 8 10 11 1.41421
7 12 0 1 4 6 8 10 13 1.62019
7 12 0 1 4 6 8 10 14 1.62019
7 12 0 1 4 6 8 11 13 1.41421
7 12 0 1 4 6 8 11 14 1.41421
7 12 0 1 4 6 8 13 14 1.62019
7 12 0 1 4 6 9 10 11 1.41421
7 12 0 1 4 6 9 10 13 1.62019
7 12 0 1 4 6 9 10 14 1.62019
7 12 0 1 4 6 9 11 13 1.41421
7 12 0 1 4 6 9 11 14 1.41421
7 12 0 1 4 6 9 13 14 1.62019
7 12 0 1 4 6 10 11 13 1.41421
7 12 0 1 4 6 10 11 14 1.41421
7 12 0 1 4 6 10 13 14 1.62019
7 12 0 1 4 6 11 13 14 1.41421
7 12 0 1 4 8 9 10 11 1.41421
7 12 0 1 4 8 9 10 13 1.73205
7 12 0 1 4 8 9 10 14 1.73205
7 12 0 1 4 8 9 11 13 1.41421
7 12 0 1 4 8 9 11 14 1.41421
7 12 0 1 4 8 9 13 14 1.73205
7 12 0 1 4 8 10 11 13 1.41421
7 12 0 1 4 8 10 11 14 1.41421
7 12 0 1 4 8 10 13 14 1.81265
7 12 0 1 4 8 11 13 14 1.41421
7 12 0 1 4 9 10 11 13 1.41421
7 12 0 1 4 9 10 11 14 1.41421
7 12 0 1 4 9 10 13 14 1.73205
7 12 0 1 4 9 11 13 14 1.41421
7 12 0 1 4 10 11 13 14 1.41421
7 12 0 1 5 6 8 9 10 1.41421
7 12 0 1 5 6 8 9 11 1.41421
7 12 0 1 5 6 8 9 13 1.41421
7 12 0 1 5 6 8 9 14 1.41421
7 12 0 1 5 6 8 10 11 1
7 12 0 1 5 6 8 10 13 1.41421
7 12 0 1 5 6 8 10 14 1.41421
7 12 0 1 5 6 8 11 13 1.41421
7 12 0 1 5 6 8 11 14 1
7 12 0 1 5 6 8 13 14 1.41421
7 12 0 1 5 6 9 10 11 1
7 12 0 1 5 6 9 10 13 1.41421
7 12 0 1 5 6 9 10 14 1.41421
7 12 0 1 5 6 9 11 13 1.73205
7 12 0 1 5 6 9 11 14 1.41421
7 12 0 1 5 6 9 13 14 1.41421
7 12 0 1 5 6 10 11 13 1
7 12 0 1 5 6 10 11 14 1
7 12 0 1 5 6 10 13 14 1.41421
7 12 0 1 5 6 11 13 14 1.41421
7 12 0 1 5 8 9 10 11 1
7 12 0 1 5 8 9 10 13 1.62019
7 12 0 1 5 8 9 10 14 1.62019
7 12 0 1 5 8 9 11 13 1.41421
7 12 0 1 5 8 9 11 14 1
7 12 0 1 5 8 9 13 14 1.62019
7 12 0 1 5 8 10 11 13 1
7 12 0 1 5 8 10 11 14 1
7 12 0 1 5 8 10 13 14 1.73205
7 12 0 1 5 8 11 13 14 1
7 12 0 1 5 9 10 11 13 1
7 12 0 1 5 9 10 11 14 1
7 12 0 1 5 9 10 13 14 1.62019
7 12 0 1 5 9 11 13 14 1.41421
7 12 0 1 5 10 11 13 14 1
7 12 0 1 6 8 9 10 11 1.62019
7 12 0 1 6 8 9 10 13 1.73205
7 12 0 1 6 8 9 10 14 1.73205
7 12 0 1 6 8 9 11 13 1.81265
7 12 0 1 6 8 9 11 14 1.73205
7 12 0 1 6 8 9 13 14 1.81265
7 12 0 1 6 8 10 11 13 1.62019
7 12 0 1 6 8 10 11 14 1.62019
7 12 0 1 6 8 10 13 14 1.73205
7 12 0 1 6 8 11 13 14 1.73205
7 12 0 1 6 9 10 11 13 1.62019
7 12 0 1 6 9 10 11 14 1.62019
7 12 0 1 6 9 10 13 14 1.73205
7 12 0 1 6 9 11 13 14 1.81265
7 12 0 1 6 10 11 13 14 1.62019
7 12 0 1 8 9 10 11 13 1.62019
7 12 0 1 8 9 10 11 14 1.62019
7 12 0 1 8 9 10 13 14 1.81265
7 12 0 1 8 9 11 13 14 1.73205
7 12 0 1 8 10 11 13 14 1.62019
7 12 0 1 9 10 11 13 14 1.62019
7 12 0 2 3 4 5 6 8 1
7 12 0 2 3 4 5 6 9 1.73205
7 12 0 2 3 4 5 6 10 1.41421
7 12 0 2 3 4 5 6 11 1.73205
7 12 0 2 3 4 5 6 13 1.62019
7 12 0 2 3 4 5 6 14 1.62019
7 12 0 2 3 4 5 8 9 1
7 12 0 2 3 4 5 8 10 1.41421
7 12 0 2 3 4 5 8 11 1
7 12 0 2 3 4 5 8 13 1.41421
7 12 0 2 3 4 5 8 14 1.41421
7 12 0 2 3 4 5 9 10 1.41421
7 12 0 2 3 4 5 9 11 1.73205
7 12 0 2 3 4 5 9 13 1.62019
7 12 0 2 3 4 5 9 14 1.62019
7 12 0 2 3 4 5 10 11 1.41421
7 12 0 2 3 4 5 10 13 1.41421
7 12 0 2 3 4 5 10 14 1.41421
7 12 0 2 3 4 5 11 13 1.62019
7 12 0 2 3 4 5 11 14 1.62019
7 12 0 2 3 4 5 13 14 1.41421
7 12 0 2 3 4 6 8 9 1
7 12 0 2 3 4 6 8 10 1
7 12 0 2 3 4 6 8 11 1
7 12 0 2 3 4 6 8 13 1
7 12 0 2 3 4 6 8 14 1
7 12 0 2 3 4 6 9 10 1.41421
7 12 0 2 3 4 6 9 11 1.73205
7 12 0 2 3 4 6 9 13 1.62019
7 12 0 2 3 4 6 9 14 1.62019
7 12 0 2 3 4 6 10 11 1.41421
7 12 0 2 3 4 6 10 13 1
7 12 0 2 3 4 6 10 14 1.41421
7 12 0 2 3 4 6 11 13 1.62019
7 12 0 2 3 4 6 11 14 1.62019
7 12 0 2 3 4 6 13 14 1.41421
7 12 0 2 3 4 8 9 10 1
7 12 0 2 3 4 8 9 11 1
7 12 0 2 3 4 8 9 13 1
7 12 0 2 3 4 8 9 14 1
7 12 0 2 3 4 8 10 11 1
7 12 0 2 3 4 8 10 13 1.41421
7 12 0 2 3 4 8 10 14 1.41421
7 12 0 2 3 4 8 11 13 1
7 12 0 2 3 4 8 11 14 1
7 12 0 2 3 4 8 13 14 1.41421
7 12 0 2 3 4 9 10 11 1.41421
7 12 0 2 3 4 9 10 13 1
7 12 0 2 3 4 9 10 14 1.41421
7 12 0 2 3 4 9 11 13 1.62019
7 12 0 2 3 4 9 11 14 1.62019
7 12 0 2 3 4 9 13 14 1.41421
7 12 0 2 3 4 10 11 13 1
7 12 0 2 3 4 10 11 14 1.41421
7 12 0 2 3 4 10 13 14 1.41421
7 12 0 2 3 4 11 13 14 1.41421
7 12 0 2 3 5 6 8 9 1.41421
7 12 0 2 3 5 6 8 10 1
7 12 0 2 3 5 6 8 11 1.41421
7 12 0 2 3 5 6 8 13 1.41421
7 12 0 2 3 5 6 8 14 1
7 12 0 2 3 5 6 9 10 1.41421
7 12 0 2 3 5 6 9 11 1.90693
7 12 0 2 3 5 6 9 13 1.85164
7 12 0 2 3 5 6 9 14 1.73205
7 12 0 2 3 5 6 10 11 1.41421
7 12 0 2 3 5 6 10 13 1
7 12 0 2 3 5 6 10 14 1.41421
7 12 0 2 3 5 6 11 13 1.85164
7 12 0 2 3 5 6 11 14 1.73205
7 12 0 2 3 5 6 13 14 1.62019
7 12 0 2 3 5 8 9 10 1
7 12 0 2 3 5 8 9 11 1.41421
7 12 0 2 3 5 8 9 13 1.41421
7 12 0 2 3 5 8 9 14 1
7 12 0 2 3 5 8 10 11 1
7 12 0 2 3 5 8 10 13 1.41421
7 12 0 2 3 5 8 10 14 1.41421
7 12 0 2 3 5 8 11 13 1.41421
7 12 0 2 3 5 8 11 14 1
7 12 0 2 3 5 8 13 14 1.41421
7 12 0 2 3 5 9 10 11 1.41421
7 12 0 2 3 5 9 10 13 1
7 12 0 2 3 5 9 10 14 1.41421
7 12 0 2 3 5 9 11 13 1.85164
7 12 0 2 3 5 9 11 14 1.73205
7 12 0 2 3 5 9 13 14 1.62019
7 12 0 2 3 5 10 11 13 1
7 12 0 2 3 5 10 11 14 1.41421
7 12 0 2 3 5 10 13 14 1.41421
7 12 0 2 3 5 11 13 14 1.62019
7 12 0 2 3 6 8 9 10 1
7 12 0 2 3 6 8 9 11 1.62019
7 12 0 2 3 6 8 9 13 1.62019
7 12 0 2 3 6 8 9 14 1.41421
7 12 0 2 3 6 8 10 11 1
7 12 0 2 3 6 8 10 13 1
7 12 0 2 3 6 8 10 14 1
7 12 0 2 3 6 8 11 13 1.62019
7 12 0 2 3 6 8 11 14 1.41421
7 12 0 2 3 6 8 13 14 1.41421
7 12 0 2 3 6 9 10 11 1.41421
7 12 0 2 3 6 9 10 13 1
7 12 0 2 3 6 9 10 14 1.41421
7 12 0 2 3 6 9 11 13 1.93309
7 12 0 2 3 6 9 11 14 1.81265
7 12 0 2 3 6 9 13 14 1.73205
7 12 0 2 3 6 10 11 13 1
7 12 0 2 3 6 10 11 14 1.41421
7 12 0 2 3 6 10 13 14 1
7 12 0 2 3 6 11 13 14 1.73205
7 12 0 2 3 8 9 10 11 1
7 12 0 2 3 8 9 10 13 1
7 12 0 2 3 8 9 10 14 1
7 12 0 2 3 8 9 11 13 1.62019
7 12 0 2 3 8 9 11 14 1.41421
7 12 0 2 3 8 9 13 14 1.41421
7 12 0 2 3 8 10 11 13 1
7 12 0 2 3 8 10 11 14 1
7 12 0 2 3 8 10 13 14 1.41421
7 12 0 2 3 8 11 13 14 1.41421
7 12 0 2 3 9 10 11 13 1
7 12 0 2 3 9 10 11 14 1.41421
7 12 0 2 3 9 10 13 14 1
7 12 0 2 3 9 11 13 14 1.73205
7 12 0 2 3 10 11 13 14 1
7 12 0 2 4 5 6 8 9 1
7 12 0 2 4 5 6 8 10 1
7 12 0 2 4 5 6 8 11 1
7 12 0 2 4 5 6 8 13 1
7 12 0 2 4 5 6 8 14 1
7 12 0 2 4 5 6 9 10 1.41421
7 12 0 2 4 5 6 9 11 1.73205
7 12 0 2 4 5 6 9 13 1.62019
7 12 0 2 4 5 6 9 14 1.62019
7 12 0 2 4 5 6 10 11 1.41421
7 12 0 2 4 5 6 10 13 1
7 12 0 2 4 5 6 10 14 1.41421
7 12 0 2 4 5 6 11 13 1.62019
7 12 0 2 4 5 6 11 14 1.62019
7 12 0 2 4 5 6 13 14 1.41421
7 12 0 2 4 5 8 9 10 1.41421
7 12 0 2 4 5 8 9 11 1
7 12 0 2 4 5 8 9 13 1.41421
7 12 0 2 4 5 8 9 14 1.41421
7 12 0 2 4 5 8 10 11 1
7 12 0 2 4 5 8 10 13 1.62019
7 12 0 2 4 5 8 10 14 1.62019
7 12 0 2 4 5 8 11 13 1
7 12 0 2 4 5 8 11 14 1
7 12 0 2 4 5 8 13 14 1.62019
7 12 0 2 4 5 9 10 11 1.41421
7 12 0 2 4 5 9 10 13 1.41421
7 12 0 2 4 5 9 10 14 1.41421
7 12 0 2 4 5 9 11 13 1.62019
7 12 0 2 4 5 9 11 14 1.62019
7 12 0 2 4 5 9 13 14 1.41421
7 12 0 2 4 5 10 11 13 1
7 12 0 2 4 5 10 11 14 1.41421
7 12 0 2 4 5 10 13 14 1.62019
7 12 0 2 4 5 11 13 14 1.41421
7 12 0 2 4 6 8 9 10 1
7 12 0 2 4 6 8 9 11 1
7 12 0 2 4 6 8 9 13 1
7 12 0 2 4 6 8 9 14 1
7 12 0 2 4 6 8 10 11 1
7 12 0 2 4 6 8 10 13 1
7 12 0 2 4 6 8 10 14 1
7 12 0 2 4 6 8 11 13 1
7 12 0 2 4 6 8 11 14 1
7 12 0 2 4 6 8 13 14 1
7 12 0 2 4 6 9 10 11 1.41421
7 12 0 2 4 6 9 10 13 1
7 12 0 2 4 6 9 10 14 1.41421
7 12 0 2 4 6 9 11 13 1.62019
7 12 0 2 4 6 9 11 14 1.62019
7 12 0 2 4 6 9 13 14 1.41421
7 12 0 2 4 6 10 11 13 1
7 12 0 2 4 6 10 11 14 1.41421
7 12 0 2 4 6 10 13 14 1
7 12 0 2 4 6 11 13 14 1.41421
7 12 0 2 4 8 9 10 11 1
7 12 0 2 4 8 9 10 13 1.41421
7 12 0 2 4 8 9 10 14 1.41421
7 12 0 2 4 8 9 11 13 1
7 12 0 2 4 8 9 11 14 1
7 12 0 2 4 8 9 13 14 1.41421
7 12 0 2 4 8 10 11 13 1
7 12 0 2 4 8 10 11 14 1
7 12 0 2 4 8 10 13 14 1.62019
7 12 0 2 4 8 11 13 14 1
7 12 0 2 4 9 10 11 13 1
7 12 0 2 4 9 10 11 14 1.41421
7 12 0 2 4 9 10 13 14 1.41421
7 12 0 2 4 9 11 13 14 1.41421
7 12 0 2 4 10 11 13 14 1
7 12 0 2 5 6 8 9 10 1
7 12 0 2 5 6 8 9 11 1.41421
7 12 0 2 5 6 8 9 13 1.41421
7 12 0 2 5 6 8 9 14 1
7 12 0 2 5 6 8 10 11 1
7 12 0 2 5 6 8 10 13 1
7 12 0 2 5 6 8 10 14 1
7 12 0 2 5 6 8 11 13 1.41421
7 12 0 2 5 6 8 11 14 1
7 12 0 2 5 6 8 13 14 1
7 12 0 2 5 6 9 10 11 1.41421
7 12 0 2 5 6 9 10 13 1
7 12 0 2 5 6 9 10 14 1.41421
7 12 0 2 5 6 9 11 13 1.85164
7 12 0 2 5 6 9 11 14 1.73205
7 12 0 2 5 6 9 13 14 1.62019
7 12 0 2 5 6 10 11 13 1
7 12 0 2 5 6 10 11 14 1.41421
7 12 0 2 5 6 10 13 14 1
7 12 0 2 5 6 11 13 14 1.62019
7 12 0 2 5 8 9 10 11 1
7 12 0 2 5 8 9 10 13 1.41421
7 12 0 2 5 8 9 10 14 1.41421
7 12 0 2 5 8 9 11 13 1.41421
7 12 0 2 5 8 9 11 14 1
7 12 0 2 5 8 9 13 14 1.41421
7 12 0 2 5 8 10 11 13 1
7 12 0 2 5 8 10 11 14 1
7 12 0 2 5 8 10 13 14 1.62019
7 12 0 2 5 8 11 13 14 1
7 12 0 2 5 9 10 11 13 1
7 12 0 2 5 9 10 11 14 1.41421
7 12 0 2 5 9 10 13 14 1.41421
7 12 0 2 5 9 11 13 14 1.62019
7 12 0 2 5 10 11 13 14 1
7 12 0 2 6 8 9 10 11 1
7 12 0 2 6 8 9 10 13 1
7 12 0 2 6 8 9 10 14 1
7 12 0 2 6 8 9 11 13 1.62019
7 12 0 2 6 8 9 11 14 1.41421
7 12 0 2 6 8 9 13 14 1.41421
7 12 0 2 6 8 10 11 13 1
7 12 0 2 6 8 10 11 14 1
7 12 0 2 6 8 10 13 14 1
7 12 0 2 6 8 11 13 14 1.41421
7 12 0 2 6 9 10 11 13 1
7 12 0 2 6 9 10 11 14 1.41421
7 12 0 2 6 9 10 13 14 1
7 12 0 2 6 9 11 13 14 1.73205
7 12 0 2 6 10 11 13 14 1
7 12 0 2 8 9 10 11 13 1
7 12 0 2 8 9 10 11 14 1
7 12 0 2 8 9 10 13 14 1.41421
7 12 0 2 8 9 11 13 14 1.41421
7 12 0 2 8 10 11 13 14 1
7 12 0 2 9 10 11 13 14 1
7 12 0 3 4 5 6 8 9 1.41421
7 12 0 3 4 5 6 8 10 1.41421
7 12 0 3 4 5 6 8 11 1.41421
7 12 0 3 4 5 6 8 13 1
7 12 0 3 4 5 6 8 14 1.41421
7 12 0 3 4 5 6 9 10 1.73205
7 12 0 3 4 5 6 9 11 1.90693
7 12 0 3 4 5 6 9 13 1.73205
7 12 0 3 4 5 6 9 14 1.85164
7 12 0 3 4 5 6 10 11 1.73205
7 12 0 3 4 5 6 10 13 1.41421
7 12 0 3 4 5 6 10 14 1.73205
7 12 0 3 4 5 6 11 13 1.73205
7 12 0 3 4 5 6 11 14 1.85164
7 12 0 3 4 5 6 13 14 1.62019
7 12 0 3 4 5 8 9 10 1.41421
7 12 0 3 4 5 8 9 11 1.41421
7 12 0 3 4 5 8 9 13 1
7 12 0 3 4 5 8 9 14 1.41421
7 12 0 3 4 5 8 10 11 1.41421
7 12 0 3 4 5 8 10 13 1.41421
7 12 0 3 4 5 8 10 14 1.41421
7 12 0 3 4 5 8 11 13 1
7 12 0 3 4 5 8 11 14 1.41421
7 12 0 3 4 5 8 13 14 1.41421
7 12 0 3 4 5 9 10 11 1.73205
7 12 0 3 4 5 9 10 13 1.41421
7 12 0 3 4 5 9 10 14 1.73205
7 12 0 3 4 5 9 11 13 1.73205
7 12 0 3 4 5 9 11 14 1.85164
7 12 0 3 4 5 9 13 14 1.62019
7 12 0 3 4 5 10 11 13 1.41421
7 12 0 3 4 5 10 11 14 1.73205
7 12 0 3 4 5 10 13 14 1.41421
7 12 0 3 4 5 11 13 14 1.62019
7 12 0 3 4 6 8 9 10 1.62019
7 12 0 3 4 6 8 9 11 1.62019
7 12 0 3 4 6 8 9 13 1.41421
7 12 0 3 4 6 8 9 14 1.62019
7 12 0 3 4 6 8 10 11 1.62019
7 12 0 3 4 6 8 10 13 1.41421
7 12 0 3 4 6 8 10 14 1.62019
7 12 0 3 4 6 8 11 13 1.41421
7 12 0 3 4 6 8 11 14 1.62019
7 12 0 3 4 6 8 13 14 1.41421
7 12 0 3 4 6 9 10 11 1.85164
7 12 0 3 4 6 9 10 13 1.62019
7 12 0 3 4 6 9 10 14 1.85164
7 12 0 3 4 6 9 11 13 1.81265
7 12 0 3 4 6 9 11 14 1.93309
7 12 0 3 4 6 9 13 14 1.73205
7 12 0 3 4 6 10 11 13 1.62019
7 12 0 3 4 6 10 11 14 1.85164
7 12 0 3 4 6 10 13 14 1.62019
7 12 0 3 4 6 11 13 14 1.73205
7 12 0 3 4 8 9 10 11 1.62019
7 12 0 3 4 8 9 10 13 1.41421
7 12 0 3 4 8 9 10 14 1.62019
7 12 0 3 4 8 9 11 13 1.41421
7 12 0 3 4 8 9 11 14 1.62019
7 12 0 3 4 8 9 13 14 1.41421
7 12 0 3 4 8 10 11 13 1.41421
7 12 0 3 4 8 10 11 14 1.62019
7 12 0 3 4 8 10 13 14 1.41421
7 12 0 3 4 8 11 13 14 1.41421
7 12 0 3 4 9 10 11 13 1.62019
7 12 0 3 4 9 10 11 14 1.85164
7 12 0 3 4 9 10 13 14 1.62019
7 12 0 3 4 9 11 13 14 1.73205
7 12 0 3 4 10 11 13 14 1.62019
7 12 0 3 5 6 8 9 10 1.41421
7 12 0 3 5 6 8 9 11 1.41421
7 12 0 3 5 6 8 9 13 1.41421
7 12 0 3 5 6 8 9 14 1.41421
7 12 0 3 5 6 8 10 11 1.41421
7 12 0 3 5 6 8 10 13 1
7 12 0 3 5 6 8 10 14 1.41421
7 12 0 3 5 6 8 11 13 1.41421
7 12 0 3 5 6 8 11 14 1.41421
7 12 0 3 5 6 8 13 14 1
7 12 0 3 5 6 9 10 11 1.73205
7 12 0 3 5 6 9 10 13 1.41421
7 12 0 3 5 6 9 10 14 1.73205
7 12 0 3 5 6 9 11 13 1.90693
7 12 0 3 5 6 9 11 14 1.90693
7 12 0 3 5 6 9 13 14 1.73205
7 12 0 3 5 6 10 11 13 1.41421
7 12 0 3 5 6 10 11 14 1.73205
7 12 0 3 5 6 10 13 14 1.41421
7 12 0 3 5 6 11 13 14 1.73205
7 12 0 3 5 8 9 10 11 1.41421
7 12 0 3 5 8 9 10 13 1
7 12 0 3 5 8 9 10 14 1.41421
7 12 0 3 5 8 9 11 13 1.41421
7 12 0 3 5 8 9 11 14 1.41421
7 12 0 3 5 8 9 13 14 1
7 12 0 3 5 8 10 11 13 1
7 12 0 3 5 8 10 11 14 1.41421
7 12 0 3 5 8 10 13 14 1.41421
7 12 0 3 5 8 11 13 14 1
7 12 0 3 5 9 10 11 13 1.41421
7 12 0 3 5 9 10 11 14 1.73205
7 12 0 3 5 9 10 13 14 1.41421
7 12 0 3 5 9 11 13 14 1.73205
7 12 0 3 5 10 11 13 14 1.41421
7 12 0 3 6 8 9 10 11 1.73205
7 12 0 3 6 8 9 10 13 1.62019
7 12 0 3 6 8 9 10 14 1.73205
7 12 0 3 6 8 9 11 13 1.81265
7 12 0 3 6 8 9 11 14 1.81265
7 12 0 3 6 8 9 13 14 1.73205
7 12 0 3 6 8 10 11 13 1.62019
7 12 0 3 6 8 10 11 14 1.73205
7 12 0 3 6 8 10 13 14 1.62019
7 12 0 3 6 8 11 13 14 1.73205
7 12 0 3 6 9 10 11 13 1.73205
7 12 0 3 6 9 10 11 14 1.90693
7 12 0 3 6 9 10 13 14 1.73205
7 12 0 3 6 9 11 13 14 2
7 12 0 3 6 10 11 13 14 1.73205
7 12 0 3 8 9 10 11 13 1.62019
7 12 0 3 8 9 10 11 14 1.73205
7 12 0 3 8 9 10 13 14 1.62019
7 12 0 3 8 9 11 13 14 1.73205
7 12 0 3 8 10 11 13 14 1.62019
7 12 0 3 9 10 11 13 14 1.73205
7 12 0 4 5 6 8 9 10 1.73205
7 12 0 4 5 6 8 9 11 1.62019
7 12 0 4 5 6 8 9 13 1.62019
7 12 0 4 5 6 8 9 14 1.73205
7 12 0 4 5 6 8 10 11 1.62019
7 12 0 4 5 6 8 10 13 1.62019
7 12 0 4 5 6 8 10 14 1.73205
7 12 0 4 5 6 8 11 13 1.41421
7 12 0 4 5 6 8 11 14 1.62019
7 12 0 4 5 6 8 13 14 1.62019
7 12 0 4 5 6 9 10 11 1.85164
7 12 0 4 5 6 9 10 13 1.73205
7 12 0 4 5 6 9 10 14 1.90693
7 12 0 4 5 6 9 11 13 1.81265
7 12 0 4 5 6 9 11 14 1.93309
7 12 0 4 5 6 9 13 14 1.81265
7 12 0 4 5 6 10 11 13 1.62019
7 12 0 4 5 6 10 11 14 1.85164
7 12 0 4 5 6 10 13 14 1.73205
7 12 0 4 5 6 11 13 14 1.73205
7 12 0 4 5 8 9 10 11 1.62019
7 12 0 4 5 8 9 10 13 1.73205
7 12 0 4 5 8 9 10 14 1.81265
7 12 0 4 5 8 9 11 13 1.41421
7 12 0 4 5 8 9 11 14 1.62019
7 12 0 4 5 8 9 13 14 1.73205
7 12 0 4 5 8 10 11 13 1.41421
7 12 0 4 5 8 10 11 14 1.62019
7 12 0 4 5 8 10 13 14 1.81265
7 12 0 4 5 8 11 13 14 1.41421
7 12 0 4 5 9 10 11 13 1.62019
7 12 0 4 5 9 10 11 14 1.85164
7 12 0 4 5 9 10 13 14 1.81265
7 12 0 4 5 9 11 13 14 1.73205
7 12 0 4 5 10 11 13 14 1.62019
7 12 0 4 6 8 9 10 11 1.85164
7 12 0 4 6 8 9 10 13 1.85164
7 12 0 4 6 8 9 10 14 1.93309
7 12 0 4 6 8 9 11 13 1.73205
7 12 0 4 6 8 9 11 14 1.85164
7 12 0 4 6 8 9 13 14 1.85164
7 12 0 4 6 8 10 11 13 1.73205
7 12 0 4 6 8 10 11 14 1.85164
7 12 0 4 6 8 10 13 14 1.85164
7 12 0 4 6 8 11 13 14 1.73205
7 12 0 4 6 9 10 11 13 1.85164
7 12 0 4 6 9 10 11 14 2.00294
7 12 0 4 6 9 10 13 14 1.93309
7 12 0 4 6 9 11 13 14 1.90693
7 12 0 4 6 10 11 13 14 1.85164
7 12 0 4 8 9 10 11 13 1.73205
7 12 0 4 8 9 10 11 14 1.85164
7 12 0 4 8 9 10 13 14 1.90693
7 12 0 4 8 9 11 13 14 1.73205
7 12 0 4 8 10 11 13 14 1.73205
7 12 0 4 9 10 11 13 14 1.85164
7 12 0 5 6 8 9 10 11 1.62019
7 12 0 5 6 8 9 10 13 1.62019
7 12 0 5 6 8 9 10 14 1.73205
7 12 0 5 6 8 9 11 13 1.41421
7 12 0 5 6 8 9 11 14 1.62019
7 12 0 5 6 8 9 13 14 1.62019
7 12 0 5 6 8 10 11 13 1.41421
7 12 0 5 6 8 10 11 14 1.62019
7 12 0 5 6 8 10 13 14 1.62019
7 12 0 5 6 8 11 13 14 1.41421
7 12 0 5 6 9 10 11 13 1.62019
7 12 0 5 6 9 10 11 14 1.85164
7 12 0 5 6 9 10 13 14 1.73205
7 12 0 5 6 9 11 13 14 1.81265
7 12 0 5 6 10 11 13 14 1.62019
7 12 0 5 8 9 10 11 13 1.41421
7 12 0 5 8 9 10 11 14 1.62019
7 12 0 5 8 9 10 13 14 1.73205
7 12 0 5 8 9 11 13 14 1.41421
7 12 0 5 8 10 11 13 14 1.41421
7 12 0 5 9 10 11 13 14 1.62019
7 12 0 6 8 9 10 11 13 1.85164
7 12 0 6 8 9 10 11 14 1.93309
7 12 0 6 8 9 10 13 14 1.93309
7 12 0 6 8 9 11 13 14 1.90693
7 12 0 6 8 10 11 13 14 1.85164
7 12 0 6 9 10 11 13 14 1.93309
7 12 0 8 9 10 11 13 14 1.85164
7 12 1 2 3 4 5 6 8 1
7 12 1 2 3 4 5 6 9 1.41421
7 12 1 2 3 4 5 6 10 1
7 12 1 2 3 4 5 6 11 1.41421
7 12 1 2 3 4 5 6 13 1.41421
7 12 1 2 3 4 5 6 14 1
7 12 1 2 3 4 5 8 9 1
7 12 1 2 3 4 5 8 10 1.41421
7 12 1 2 3 4 5 8 11 1
7 12 1 2 3 4 5 8 13 1.41421
7 12 1 2 3 4 5 8 14 1.41421
7 12 1 2 3 4 5 9 10 1
7 12 1 2 3 4 5 9 11 1.41421
7 12 1 2 3 4 5 9 13 1.41421
7 12 1 2 3 4 5 9 14 1
7 12 1 2 3 4 5 10 11 1
7 12 1 2 3 4 5 10 13 1.41421
7 12 1 2 3 4 5 10 14 1.41421
7 12 1 2 3 4 5 11 13 1.41421
7 12 1 2 3 4 5 11 14 1
7 12 1 2 3 4 5 13 14 1.41421
7 12 1 2 3 4 6 8 9 1
7 12 1 2 3 4 6 8 10 1
7 12 1 2 3 4 6 8 11 1
7 12 1 2 3 4 6 8 13 1
7 12 1 2 3 4 6 8 14 1
7 12 1 2 3 4 6 9 10 1
7 12 1 2 3 4 6 9 11 1.41421
7 12 1 2 3 4 6 9 13 1.41421
7 12 1 2 3 4 6 9 14 1
7 12 1 2 3 4 6 10 11 1
7 12 1 2 3 4 6 10 13 0
7 12 1 2 3 4 6 10 14 1
7 12 1 2 3 4 6 11 13 1.41421
7 12 1 2 3 4 6 11 14 1
7 12 1 2 3 4 6 13 14 1
7 12 1 2 3 4 8 9 10 1
7 12 1 2 3 4 8 9 11 1
7 12 1 2 3 4 8 9 13 1
7 12 1 2 3 4 8 9 14 1
7 12 1 2 3 4 8 10 11 1
7 12 1 2 3 4 8 10 13 1.41421
7 12 1 2 3 4 8 10 14 1.41421
7 12 1 2 3 4 8 11 13 1
7 12 1 2 3 4 8 11 14 1
7 12 1 2 3 4 8 13 14 1.41421
7 12 1 2 3 4 9 10 11 1
7 12 1 2 3 4 9 10 13 1
7 12 1 2 3 4 9 10 14 1
7 12 1 2 3 4 9 11 13 1.41421
7 12 1 2 3 4 9 11 14 1
7 12 1 2 3 4 9 13 14 1
7 12 1 2 3 4 10 11 13 1
7 12 1 2 3 4 10 11 14 1
7 12 1 2 3 4 10 13 14 1.41421
7 12 1 2 3 4 11 13 14 1
7 12 1 2 3 5 6 8 9 1.41421
7 12 1 2 3 5 6 8 10 1
7 12 1 2 3 5 6 8 11 1.41421
7 12 1 2 3 5 6 8 13 1.41421
7 12 1 2 3 5 6 8 14 1
7 12 1 2 3 5 6 9 10 1
7 12 1 2 3 5 6 9 11 1.73205
7 12 1 2 3 5 6 9 13 1.73205
7 12 1 2 3 5 6 9 14 1.41421
7 12 1 2 3 5 6 10 11 1
7 12 1 2 3 5 6 10 13 0
7 12 1 2 3 5 6 10 14 1
7 12 1 2 3 5 6 11 13 1.73205
7 12 1 2 3 5 6 11 14 1.41421
7 12 1 2 3 5 6 13 14 1.41421
7 12 1 2 3 5 8 9 10 1
7 12 1 2 3 5 8 9 11 1.41421
7 12 1 2 3 5 8 9 13 1.41421
7 12 1 2 3 5 8 9 14 1
7 12 1 2 3 5 8 10 11 1
7 12 1 2 3 5 8 10 13 1.41421
7 12 1 2 3 5 8 10 14 1.41421
7 12 1 2 3 5 8 11 13 1.41421
7 12 1 2 3 5 8 11 14 1
7 12 1 2 3 5 8 13 14 1.41421
7 12 1 2 3 5 9 10 11 1
7 12 1 2 3 5 9 10 13 1
7 12 1 2 3 5 9 10 14 1
7 12 1 2 3 5 9 11 13 1.73205
7 12 1 2 3 5 9 11 14 1.41421
7 12 1 2 3 5 9 13 14 1.41421
7 12 1 2 3 5 10 11 13 1
7 12 1 2 3 5 10 11 14 1
7 12 1 2 3 5 10 13 14 1.41421
7 12 1 2 3 5 11 13 14 1.41421
7 12 1 2 3 6 8 9 10 1
7 12 1 2 3 6 8 9 11 1.62019
7 12 1 2 3 6 8 9 13 1.62019
7 12 1 2 3 6 8 9 14 1.41421
7 12 1 2 3 6 8 10 11 1
7 12 1 2 3 6 8 10 13 1
7 12 1 2 3 6 8 10 14 1
7 12 1 2 3 6 8 11 13 1.62019
7 12 1 2 3 6 8 11 14 1.41421
7 12 1 2 3 6 8 13 14 1.41421
7 12 1 2 3 6 9 10 11 1
7 12 1 2 3 6 9 10 13 1
7 12 1 2 3 6 9 10 14 1
7 12 1 2 3 6 9 11 13 1.85164
7 12 1 2 3 6 9 11 14 1.62019
7 12 1 2 3 6 9 13 14 1.62019
7 12 1 2 3 6 10 11 13 1
7 12 1 2 3 6 10 11 14 1
7 12 1 2 3 6 10 13 14 1
7 12 1 2 3 6 11 13 14 1.62019
7 12 1 2 3 8 9 10 11 1
7 12 1 2 3 8 9 10 13 1
7 12 1 2 3 8 9 10 14 1
7 12 1 2 3 8 9 11 13 1.62019
7 12 1 2 3 8 9 11 14 1.41421
7 12 1 2 3 8 9 13 14 1.41421
7 12 1 2 3 8 10 11 13 1
7 12 1 2 3 8 10 11 14 1
7 12 1 2 3 8 10 13 14 1.41421
7 12 1 2 3 8 11 13 14 1.41421
7 12 1 2 3 9 10 11 13 1
7 12 1 2 3 9 10 11 14 1
7 12 1 2 3 9 10 13 14 1
7 12 1 2 3 9 11 13 14 1.62019
7 12 1 2 3 10 11 13 14 1
7 12 1 2 4 5 6 8 9 1
7 12 1 2 4 5 6 8 10 1
7 12 1 2 4 5 6 8 11 1
7 12 1 2 4 5 6 8 13 1
7 12 1 2 4 5 6 8 14 1
7 12 1 2 4 5 6 9 10 1
7 12 1 2 4 5 6 9 11 1.41421
7 12 1 2 4 5 6 9 13 1.41421
7 12 1 2 4 5 6 9 14 1
7 12 1 2 4 5 6 10 11 1
7 12 1 2 4 5 6 10 13 1
7 12 1 2 4 5 6 10 14 1
7 12 1 2 4 5 6 11 13 1.41421
7 12 1 2 4 5 6 11 14 1
7 12 1 2 4 5 6 13 14 1
7 12 1 2 4 5 8 9 10 1.41421
7 12 1 2 4 5 8 9 11 1
7 12 1 2 4 5 8 9 13 1.41421
7 12 1 2 4 5 8 9 14 1.41421
7 12 1 2 4 5 8 10 11 1
7 12 1 2 4 5 8 10 13 1.62019
7 12 1 2 4 5 8 10 14 1.62019
7 12 1 2 4 5 8 11 13 1
7 12 1 2 4 5 8 11 14 1
7 12 1 2 4 5 8 13 14 1.62019
7 12 1 2 4 5 9 10 11 1
7 12 1 2 4 5 9 10 13 1.41421
7 12 1 2 4 5 9 10 14 1.41421
7 12 1 2 4 5 9 11 13 1.41421
7 12 1 2 4 5 9 11 14 1
7 12 1 2 4 5 9 13 14 1.41421
7 12 1 2 4 5 10 11 13 1
7 12 1 2 4 5 10 11 14 1
7 12 1 2 4 5 10 13 14 1.62019
7 12 1 2 4 5 11 13 14 1
7 12 1 2 4 6 8 9 10 1
7 12 1 2 4 6 8 9 11 1
7 12 1 2 4 6 8 9 13 1
7 12 1 2 4 6 8 9 14 1
7 12 1 2 4 6 8 10 11 1
7 12 1 2 4 6 8 10 13 1
7 12 1 2 4 6 8 10 14 1
7 12 1 2 4 6 8 11 13 1
7 12 1 2 4 6 8 11 14 1
7 12 1 2 4 6 8 13 14 1
7 12 1 2 4 6 9 10 11 1
7 12 1 2 4 6 9 10 13 1
7 12 1 2 4 6 9 10 14 1
7 12 1 2 4 6 9 11 13 1.41421
7 12 1 2 4 6 9 11 14 1
7 12 1 2 4 6 9 13 14 1
7 12 1 2 4 6 10 11 13 0
7 12 1 2 4 6 10 11 14 1
7 12 1 2 4 6 10 13 14 1
7 12 1 2 4 6 11 13 14 1
7 12 1 2 4 8 9 10 11 1
7 12 1 2 4 8 9 10 13 1.41421
7 12 1 2 4 8 9 10 14 1.41421
7 12 1 2 4 8 9 11 13 1
7 12 1 2 4 8 9 11 14 1
7 12 1 2 4 8 9 13 14 1.41421
7 12 1 2 4 8 10 11 13 1
7 12 1 2 4 8 10 11 14 1
7 12 1 2 4 8 10 13 14 1.62019
7 12 1 2 4 8 11 13 14 1
7 12 1 2 4 9 10 11 13 0
7 12 1 2 4 9 10 11 14 1
7 12 1 2 4 9 10 13 14 1.41421
7 12 1 2 4 9 11 13 14 1
7 12 1 2 4 10 11 13 14 1
7 12 1 2 5 6 8 9 10 1
7 12 1 2 5 6 8 9 11 1.41421
7 12 1 2 5 6 8 9 13 1.41421
7 12 1 2 5 6 8 9 14 1
7 12 1 2 5 6 8 10 11 1
7 12 1 2 5 6 8 10 13 1
7 12 1 2 5 6 8 10 14 1
7 12 1 2 5 6 8 11 13 1.41421
7 12 1 2 5 6 8 11 14 1
7 12 1 2 5 6 8 13 14 1
7 12 1 2 5 6 9 10 11 1
7 12 1 2 5 6 9 10 13 1
7 12 1 2 5 6 9 10 14 1
7 12 1 2 5 6 9 11 13 1.73205
7 12 1 2 5 6 9 11 14 1.41421
7 12 1 2 5 6 9 13 14 1.41421
7 12 1 2 5 6 10 11 13 0
7 12 1 2 5 6 10 11 14 1
7 12 1 2 5 6 10 13 14 1
7 12 1 2 5 6 11 13 14 1.41421
7 12 1 2 5 8 9 10 11 1
7 12 1 2 5 8 9 10 13 1.41421
7 12 1 2 5 8 9 10 14 1.41421
7 12 1 2 5 8 9 11 13 1.41421
7 12 1 2 5 8 9 11 14 1
7 12 1 2 5 8 9 13 14 1.41421
7 12 1 2 5 8 10 11 13 1
7 12 1 2 5 8 10 11 14 1
7 12 1 2 5 8 10 13 14 1.62019
7 12 1 2 5 8 11 13 14 1
7 12 1 2 5 9 10 11 13 0
7 12 1 2 5 9 10 11 14 1
7 12 1 2 5 9 10 13 14 1.41421
7 12 1 2 5 9 11 13 14 1.41421
7 12 1 2 5 10 11 13 14 1
7 12 1 2 6 8 9 10 11 1
7 12 1 2 6 8 9 10 13 1
7 12 1 2 6 8 9 10 14 1
7 12 1 2 6 8 9 11 13 1.62019
7 12 1 2 6 8 9 11 14 1.41421
7 12 1 2 6 8 9 13 14 1.41421
7 12 1 2 6 8 10 11 13 1
7 12 1 2 6 8 10 11 14 1
7 12 1 2 6 8 10 13 14 1
7 12 1 2 6 8 11 13 14 1.41421
7 12 1 2 6 9 10 11 13 1
7 12 1 2 6 9 10 11 14 1
7 12 1 2 6 9 10 13 14 1
7 12 1 2 6 9 11 13 14 1.62019
7 12 1 2 6 10 11 13 14 1
7 12 1 2 8 9 10 11 13 1
7 12 1 2 8 9 10 11 14 1
7 12 1 2 8 9 10 13 14 1.41421
7 12 1 2 8 9 11 13 14 1.41421
7 12 1 2 8 10 11 13 14 1
7 12 1 2 9 10 11 13 14 1
7 12 1 3 4 5 6 8 9 1
7 12 1 3 4 5 6 8 10 1
7 12 1 3 4 5 6 8 11 1
7 12 1 3 4 5 6 8 13 1
7 12 1 3 4 5 6 8 14 1
7 12 1 3 4 5 6 9 10 1
7 12 1 3 4 5 6 9 11 1.41421
7 12 1 3 4 5 6 9 13 1.41421
7 12 1 3 4 5 6 9 14 1
7 12 1 3 4 5 6 10 11 1
7 12 1 3 4 5 6 10 13 0
7 12 1 3 4 5 6 10 14 1
7 12 1 3 4 5 6 11 13 1.41421
7 12 1 3 4 5 6 11 14 1
7 12 1 3 4 5 6 13 14 1
7 12 1 3 4 5 8 9 10 1
7 12 1 3 4 5 8 9 11 1
7 12 1 3 4 5 8 9 13 1
7 12 1 3 4 5 8 9 14 1
7 12 1 3 4 5 8 10 11 1
7 12 1 3 4 5 8 10 13 1.41421
7 12 1 3 4 5 8 10 14 1.41421
7 12 1 3 4 5 8 11 13 1
7 12 1 3 4 5 8 11 14 1
7 12 1 3 4 5 8 13 14 1.41421
7 12 1 3 4 5 9 10 11 1
7 12 1 3 4 5 9 10 13 1
7 12 1 3 4 5 9 10 14 1
7 12 1 3 4 5 9 11 13 1.41421
7 12 1 3 4 5 9 11 14 1
7 12 1 3 4 5 9 13 14 1
7 12 1 3 4 5 10 11 13 1
7 12 1 3 4 5 10 11 14 1
7 12 1 3 4 5 10 13 14 1.41421
7 12 1 3 4 5 11 13 14 1
7 12 1 3 4 6 8 9 10 1
7 12 1 3 4 6 8 9 11 1
7 12 1 3 4 6 8 9 13 1
7 12 1 3 4 6 8 9 14 1
7 12 1 3 4 6 8 10 11 1
7 12 1 3 4 6 8 10 13 1
7 12 1 3 4 6 8 10 14 1
7 12 1 3 4 6 8 11 13 1
7 12 1 3 4 6 8 11 14 1
7 12 1 3 4 6 8 13 14 1
7 12 1 3 4 6 9 10 11 1
7 12 1 3 4 6 9 10 13 1
7 12 1 3 4 6 9 10 14 1
7 12 1 3 4 6 9 11 13 1.41421
7 12 1 3 4 6 9 11 14 1
7 12 1 3 4 6 9 13 14 1
7 12 1 3 4 6 10 11 13 1
7 12 1 3 4 6 10 11 14 1
7 12 1 3 4 6 10 13 14 1
7 12 1 3 4 6 11 13 14 1
7 12 1 3 4 8 9 10 11 1
7 12 1 3 4 8 9 10 13 1
7 12 1 3 4 8 9 10 14 1
7 12 1 3 4 8 9 11 13 1
7 12 1 3 4 8 9 11 14 1
7 12 1 3 4 8 9 13 14 1
7 12 1 3 4 8 10 11 13 1
7 12 1 3 4 8 10 11 14 1
7 12 1 3 4 8 10 13 14 1.41421
7 12 1 3 4 8 11 13 14 1
7 12 1 3 4 9 10 11 13 1
7 12 1 3 4 9 10 11 14 1
7 12 1 3 4 9 10 13 14 1
7 12 1 3 4 9 11 13 14 1
7 12 1 3 4 10 11 13 14 1
7 12 1 3 5 6 8 9 10 1
7 12 1 3 5 6 8 9 11 1.41421
7 12 1 3 5 6 8 9 13 1.41421
7 12 1 3 5 6 8 9 14 1
7 12 1 3 5 6 8 10 11 1
7 12 1 3 5 6 8 10 13 0
7 12 1 3 5 6 8 10 14 1
7 12 1 3 5 6 8 11 13 1.41421
7 12 1 3 5 6 8 11 14 1
7 12 1 3 5 6 8 13 14 1
7 12 1 3 5 6 9 10 11 1
7 12 1 3 5 6 9 10 13 0
7 12 1 3 5 6 9 10 14 1
7 12 1 3 5 6 9 11 13 1.73205
7 12 1 3 5 6 9 11 14 1.41421
7 12 1 3 5 6 9 13 14 1.41421
7 12 1 3 5 6 10 11 13 0
7 12 1 3 5 6 10 11 14 1
7 12 1 3 5 6 10 13 14 0
7 12 1 3 5 6 11 13 14 1.41421
7 12 1 3 5 8 9 10 11 1
7 12 1 3 5 8 9 10 13 1
7 12 1 3 5 8 9 10 14 1
7 12 1 3 5 8 9 11 13 1.41421
7 12 1 3 5 8 9 11 14 1
7 12 1 3 5 8 9 13 14 1
7 12 1 3 5 8 10 11 13 1
7 12 1 3 5 8 10 11 14 1
7 12 1 3 5 8 10 13 14 1.41421
7 12 1 3 5 8 11 13 14 1
7 12 1 3 5 9 10 11 13 0
7 12 1 3 5 9 10 11 14 1
7 12 1 3 5 9 10 13 14 1
7 12 1 3 5 9 11 13 14 1.41421
7 12 1 3 5 10 11 13 14 1
7 12 1 3 6 8 9 10 11 1.41421
7 12 1 3 6 8 9 10 13 1.41421
7 12 1 3 6 8 9 10 14 1.41421
7 12 1 3 6 8 9 11 13 1.73205
7 12 1 3 6 8 9 11 14 1.62019
7 12 1 3 6 8 9 13 14 1.62019
7 12 1 3 6 8 10 11 13 1.41421
7 12 1 3 6 8 10 11 14 1.41421
7 12 1 3 6 8 10 13 14 1.41421
7 12 1 3 6 8 11 13 14 1.62019
7 12 1 3 6 9 10 11 13 1.41421
7 12 1 3 6 9 10 11 14 1.41421
7 12 1 3 6 9 10 13 14 1.41421
7 12 1 3 6 9 11 13 14 1.73205
7 12 1 3 6 10 11 13 14 1.41421
7 12 1 3 8 9 10 11 13 1.41421
7 12 1 3 8 9 10 11 14 1.41421
7 12 1 3 8 9 10 13 14 1.41421
7 12 1 3 8 9 11 13 14 1.62019
7 12 1 3 8 10 11 13 14 1.41421
7 12 1 3 9 10 11 13 14 1.41421
7 12 1 4 5 6 8 9 10 1.41421
7 12 1 4 5 6 8 9 11 1
7 12 1 4 5 6 8 9 13 1.41421
7 12 1 4 5 6 8 9 14 1.41421
7 12 1 4 5 6 8 10 11 1
7 12 1 4 5 6 8 10 13 1.41421
7 12 1 4 5 6 8 10 14 1.41421
7 12 1 4 5 6 8 11 13 1
7 12 1 4 5 6 8 11 14 1
7 12 1 4 5 6 8 13 14 1.41421
7 12 1 4 5 6 9 10 11 1
7 12 1 4 5 6 9 10 13 1.41421
7 12 1 4 5 6 9 10 14 1.41421
7 12 1 4 5 6 9 11 13 1.41421
7 12 1 4 5 6 9 11 14 1
7 12 1 4 5 6 9 13 14 1.41421
7 12 1 4 5 6 10 11 13 1
7 12 1 4 5 6 10 11 14 1
7 12 1 4 5 6 10 13 14 1.41421
7 12 1 4 5 6 11 13 14 1
7 12 1 4 5 8 9 10 11 1
7 12 1 4 5 8 9 10 13 1.62019
7 12 1 4 5 8 9 10 14 1.62019
7 12 1 4 5 8 9 11 13 1
7 12 1 4 5 8 9 11 14 1
7 12 1 4 5 8 9 13 14 1.62019
7 12 1 4 5 8 10 11 13 1
7 12 1 4 5 8 10 11 14 1
7 12 1 4 5 8 10 13 14 1.73205
7 12 1 4 5 8 11 13 14 1
7 12 1 4 5 9 10 11 13 1
7 12 1 4 5 9 10 11 14 1
7 12 1 4 5 9 10 13 14 1.62019
7 12 1 4 5 9 11 13 14 1
7 12 1 4 5 10 11 13 14 1
7 12 1 4 6 8 9 10 11 1.41421
7 12 1 4 6 8 9 10 13 1.62019
7 12 1 4 6 8 9 10 14 1.62019
7 12 1 4 6 8 9 11 13 1.41421
7 12 1 4 6 8 9 11 14 1.41421
7 12 1 4 6 8 9 13 14 1.62019
7 12 1 4 6 8 10 11 13 1.41421
7 12 1 4 6 8 10 11 14 1.41421
7 12 1 4 6 8 10 13 14 1.62019
7 12 1 4 6 8 11 13 14 1.41421
7 12 1 4 6 9 10 11 13 1.41421
7 12 1 4 6 9 10 11 14 1.41421
7 12 1 4 6 9 10 13 14 1.62019
7 12 1 4 6 9 11 13 14 1.41421
7 12 1 4 6 10 11 13 14 1.41421
7 12 1 4 8 9 10 11 13 1.41421
7 12 1 4 8 9 10 11 14 1.41421
7 12 1 4 8 9 10 13 14 1.73205
7 12 1 4 8 9 11 13 14 1.41421
7 12 1 4 8 10 11 13 14 1.41421
7 12 1 4 9 10 11 13 14 1.41421
7 12 1 5 6 8 9 10 11 1
7 12 1 5 6 8 9 10 13 1.41421
7 12 1 5 6 8 9 10 14 1.41421
7 12 1 5 6 8 9 11 13 1.41421
7 12 1 5 6 8 9 11 14 1
7 12 1 5 6 8 9 13 14 1.41421
7 12 1 5 6 8 10 11 13 1
7 12 1 5 6 8 10 11 14 1
7 12 1 5 6 8 10 13 14 1.41421
7 12 1 5 6 8 11 13 14 1
7 12 1 5 6 9 10 11 13 1
7 12 1 5 6 9 10 11 14 1
7 12 1 5 6 9 10 13 14 1.41421
7 12 1 5 6 9 11 13 14 1.41421
7 12 1 5 6 10 11 13 14 1
7 12 1 5 8 9 10 11 13 1
7 12 1 5 8 9 10 11 14 1
7 12 1 5 8 9 10 13 14 1.62019
7 12 1 5 8 9 11 13 14 1
7 12 1 5 8 10 11 13 14 1
7 12 1 5 9 10 11 13 14 1
7 12 1 6 8 9 10 11 13 1.62019
7 12 1 6 8 9 10 11 14 1.62019
7 12 1 6 8 9 10 13 14 1.73205
7 12 1 6 8 9 11 13 14 1.73205
7 12 1 6 8 10 11 13 14 1.62019
7 12 1 6 9 10 11 13 14 1.62019
7 12 1 8 9 10 11 13 14 1.62019
7 12 2 3 4 5 6 8 9 1.41421
7 12 2 3 4 5 6 8 10 1.41421
7 12 2 3 4 5 6 8 11 1.41421
7 12 2 3 4 5 6 8 13 1
7 12 2 3 4 5 6 8 14 1.41421
7 12 2 3 4 5 6 9 10 1.62019
7 12 2 3 4 5 6 9 11 1.81265
7 12 2 3 4 5 6 9 13 1.62019
7 12 2 3 4 5 6 9 14 1.73205
7 12 2 3 4 5 6 10 11 1.62019
7 12 2 3 4 5 6 10 13 1
7 12 2 3 4 5 6 10 14 1.62019
7 12 2 3 4 5 6 11 13 1.62019
7 12 2 3 4 5 6 11 14 1.73205
7 12 2 3 4 5 6 13 14 1.41421
7 12 2 3 4 5 8 9 10 1.41421
7 12 2 3 4 5 8 9 11 1.41421
7 12 2 3 4 5 8 9 13 1
7 12 2 3 4 5 8 9 14 1.41421
7 12 2 3 4 5 8 10 11 1.41421
7 12 2 3 4 5 8 10 13 1.41421
7 12 2 3 4 5 8 10 14 1.41421
7 12 2 3 4 5 8 11 13 1
7 12 2 3 4 5 8 11 14 1.41421
7 12 2 3 4 5 8 13 14 1.41421
7 12 2 3 4 5 9 10 11 1.62019
7 12 2 3 4 5 9 10 13 1
7 12 2 3 4 5 9 10 14 1.62019
7 12 2 3 4 5 9 11 13 1.62019
7 12 2 3 4 5 9 11 14 1.73205
7 12 2 3 4 5 9 13 14 1.41421
7 12 2 3 4 5 10 11 13 1
7 12 2 3 4 5 10 11 14 1.62019
7 12 2 3 4 5 10 13 14 1.41421
7 12 2 3 4 5 11 13 14 1.41421
7 12 2 3 4 6 8 9 10 1.41421
7 12 2 3 4 6 8 9 11 1.41421
7 12 2 3 4 6 8 9 13 1
7 12 2 3 4 6 8 9 14 1.41421
7 12 2 3 4 6 8 10 11 1.41421
7 12 2 3 4 6 8 10 13 0
7 12 2 3 4 6 8 10 14 1.41421
7 12 2 3 4 6 8 11 13 1
7 12 2 3 4 6 8 11 14 1.41421
7 12 2 3 4 6 8 13 14 0
7 12 2 3 4 6 9 10 11 1.62019
7 12 2 3 4 6 9 10 13 1
7 12 2 3 4 6 9 10 14 1.62019
7 12 2 3 4 6 9 11 13 1.62019
7 12 2 3 4 6 9 11 14 1.73205
7 12 2 3 4 6 9 13 14 1.41421
7 12 2 3 4 6 10 11 13 1
7 12 2 3 4 6 10 11 14 1.62019
7 12 2 3 4 6 10 13 14 1
7 12 2 3 4 6 11 13 14 1.41421
7 12 2 3 4 8 9 10 11 1.41421
7 12 2 3 4 8 9 10 13 1
7 12 2 3 4 8 9 10 14 1.41421
7 12 2 3 4 8 9 11 13 1
7 12 2 3 4 8 9 11 14 1.41421
7 12 2 3 4 8 9 13 14 1
7 12 2 3 4 8 10 11 13 1
7 12 2 3 4 8 10 11 14 1.41421
7 12 2 3 4 8 10 13 14 1.41421
7 12 2 3 4 8 11 13 14 1
7 12 2 3 4 9 10 11 13 1
7 12 2 3 4 9 10 11 14 1.62019
7 12 2 3 4 9 10 13 14 1
7 12 2 3 4 9 11 13 14 1.41421
7 12 2 3 4 10 11 13 14 1
7 12 2 3 5 6 8 9 10 1.41421
7 12 2 3 5 6 8 9 11 1.41421
7 12 2 3 5 6 8 9 13 1.41421
7 12 2 3 5 6 8 9 14 1.41421
7 12 2 3 5 6 8 10 11 1.41421
7 12 2 3 5 6 8 10 13 0
7 12 2 3 5 6 8 10 14 1.41421
7 12 2 3 5 6 8 11 13 1.41421
7 12 2 3 5 6 8 11 14 1.41421
7 12 2 3 5 6 8 13 14 1
7 12 2 3 5 6 9 10 11 1.62019
7 12 2 3 5 6 9 10 13 1
7 12 2 3 5 6 9 10 14 1.62019
7 12 2 3 5 6 9 11 13 1.85164
7 12 2 3 5 6 9 11 14 1.81265
7 12 2 3 5 6 9 13 14 1.62019
7 12 2 3 5 6 10 11 13 1
7 12 2 3 5 6 10 11 14 1.62019
7 12 2 3 5 6 10 13 14 1
7 12 2 3 5 6 11 13 14 1.62019
7 12 2 3 5 8 9 10 11 1.41421
7 12 2 3 5 8 9 10 13 1
7 12 2 3 5 8 9 10 14 1.41421
7 12 2 3 5 8 9 11 13 1.41421
7 12 2 3 5 8 9 11 14 1.41421
7 12 2 3 5 8 9 13 14 1
7 12 2 3 5 8 10 11 13 1
7 12 2 3 5 8 10 11 14 1.41421
7 12 2 3 5 8 10 13 14 1.41421
7 12 2 3 5 8 11 13 14 1
7 12 2 3 5 9 10 11 13 1
7 12 2 3 5 9 10 11 14 1.62019
7 12 2 3 5 9 10 13 14 1
7 12 2 3 5 9 11 13 14 1.62019
7 12 2 3 5 10 11 13 14 1
7 12 2 3 6 8 9 10 11 1.41421
7 12 2 3 6 8 9 10 13 1
7 12 2 3 6 8 9 10 14 1.41421
7 12 2 3 6 8 9 11 13 1.62019
7 12 2 3 6 8 9 11 14 1.41421
7 12 2 3 6 8 9 13 14 1.41421
7 12 2 3 6 8 10 11 13 1
7 12 2 3 6 8 10 11 14 1.41421
7 12 2 3 6 8 10 13 14 1
7 12 2 3 6 8 11 13 14 1.41421
7 12 2 3 6 9 10 11 13 1
7 12 2 3 6 9 10 11 14 1.62019
7 12 2 3 6 9 10 13 14 1
7 12 2 3 6 9 11 13 14 1.73205
7 12 2 3 6 10 11 13 14 1
7 12 2 3 8 9 10 11 13 1
7 12 2 3 8 9 10 11 14 1.41421
7 12 2 3 8 9 10 13 14 1
7 12 2 3 8 9 11 13 14 1.41421
7 12 2 3 8 10 11 13 14 1
7 12 2 3 9 10 11 13 14 1
7 12 2 4 5 6 8 9 10 1.41421
7 12 2 4 5 6 8 9 11 1.41421
7 12 2 4 5 6 8 9 13 1
7 12 2 4 5 6 8 9 14 1.41421
7 12 2 4 5 6 8 10 11 1.41421
7 12 2 4 5 6 8 10 13 1
7 12 2 4 5 6 8 10 14 1.41421
7 12 2 4 5 6 8 11 13 1
7 12 2 4 5 6 8 11 14 1.41421
7 12 2 4 5 6 8 13 14 1
7 12 2 4 5 6 9 10 11 1.62019
7 12 2 4 5 6 9 10 13 1
7 12 2 4 5 6 9 10 14 1.62019
7 12 2 4 5 6 9 11 13 1.62019
7 12 2 4 5 6 9 11 14 1.73205
7 12 2 4 5 6 9 13 14 1.41421
7 12 2 4 5 6 10 11 13 1
7 12 2 4 5 6 10 11 14 1.62019
7 12 2 4 5 6 10 13 14 1
7 12 2 4 5 6 11 13 14 1.41421
7 12 2 4 5 8 9 10 11 1.41421
7 12 2 4 5 8 9 10 13 1.41421
7 12 2 4 5 8 9 10 14 1.41421
7 12 2 4 5 8 9 11 13 1
7 12 2 4 5 8 9 11 14 1.41421
7 12 2 4 5 8 9 13 14 1.41421
7 12 2 4 5 8 10 11 13 1
7 12 2 4 5 8 10 11 14 1.41421
7 12 2 4 5 8 10 13 14 1.62019
7 12 2 4 5 8 11 13 14 1
7 12 2 4 5 9 10 11 13 1
7 12 2 4 5 9 10 11 14 1.62019
7 12 2 4 5 9 10 13 14 1.41421
7 12 2 4 5 9 11 13 14 1.41421
7 12 2 4 5 10 11 13 14 1
7 12 2 4 6 8 9 10 11 1.41421
7 12 2 4 6 8 9 10 13 1
7 12 2 4 6 8 9 10 14 1.41421
7 12 2 4 6 8 9 11 13 1
7 12 2 4 6 8 9 11 14 1.41421
7 12 2 4 6 8 9 13 14 1
7 12 2 4 6 8 10 11 13 0
7 12 2 4 6 8 10 11 14 1.41421
7 12 2 4 6 8 10 13 14 1
7 12 2 4 6 8 11 13 14 0
7 12 2 4 6 9 10 11 13 1
7 12 2 4 6 9 10 11 14 1.62019
7 12 2 4 6 9 10 13 14 1
7 12 2 4 6 9 11 13 14 1.41421
7 12 2 4 6 10 11 13 14 1
7 12 2 4 8 9 10 11 13 0
7 12 2 4 8 9 10 11 14 1.41421
7 12 2 4 8 9 10 13 14 1.41421
7 12 2 4 8 9 11 13 14 0
7 12 2 4 8 10 11 13 14 1
7 12 2 4 9 10 11 13 14 1
7 12 2 5 6 8 9 10 11 1.41421
7 12 2 5 6 8 9 10 13 1
7 12 2 5 6 8 9 10 14 1.41421
7 12 2 5 6 8 9 11 13 1.41421
7 12 2 5 6 8 9 11 14 1.41421
7 12 2 5 6 8 9 13 14 1
7 12 2 5 6 8 10 11 13 0
7 12 2 5 6 8 10 11 14 1.41421
7 12 2 5 6 8 10 13 14 1
7 12 2 5 6 8 11 13 14 1
7 12 2 5 6 9 10 11 13 1
7 12 2 5 6 9 10 11 14 1.62019
7 12 2 5 6 9 10 13 14 1
7 12 2 5 6 9 11 13 14 1.62019
7 12 2 5 6 10 11 13 14 1
7 12 2 5 8 9 10 11 13 0
7 12 2 5 8 9 10 11 14 1.41421
7 12 2 5 8 9 10 13 14 1.41421
7 12 2 5 8 9 11 13 14 1
7 12 2 5 8 10 11 13 14 1
7 12 2 5 9 10 11 13 14 1
7 12 2 6 8 9 10 11 13 1
7 12 2 6 8 9 10 11 14 1.41421
7 12 2 6 8 9 10 13 14 1
7 12 2 6 8 9 11 13 14 1.41421
7 12 2 6 8 10 11 13 14 1
7 12 2 6 9 10 11 13 14 1
7 12 2 8 9 10 11 13 14 1
7 12 3 4 5 6 8 9 10 1.62019
7 12 3 4 5 6 8 9 11 1.62019
7 12 3 4 5 6 8 9 13 1
7 12 3 4 5 6 8 9 14 1.62019
7 12 3 4 5 6 8 10 11 1.62019
7 12 3 4 5 6 8 10 13 1
7 12 3 4 5 6 8 10 14 1.62019
7 12 3 4 5 6 8 11 13 1
7 12 3 4 5 6 8 11 14 1.62019
7 12 3 4 5 6 8 13 14 1
7 12 3 4 5 6 9 10 11 1.85164
7 12 3 4 5 6 9 10 13 1.41421
7 12 3 4 5 6 9 10 14 1.85164
7 12 3 4 5 6 9 11 13 1.73205
7 12 3 4 5 6 9 11 14 1.93309
7 12 3 4 5 6 9 13 14 1.62019
7 12 3 4 5 6 10 11 13 1.41421
7 12 3 4 5 6 10 11 14 1.85164
7 12 3 4 5 6 10 13 14 1.41421
7 12 3 4 5 6 11 13 14 1.62019
7 12 3 4 5 8 9 10 11 1.62019
7 12 3 4 5 8 9 10 13 1
7 12 3 4 5 8 9 10 14 1.62019
7 12 3 4 5 8 9 11 13 1
7 12 3 4 5 8 9 11 14 1.62019
7 12 3 4 5 8 9 13 14 1
7 12 3 4 5 8 10 11 13 1
7 12 3 4 5 8 10 11 14 1.62019
7 12 3 4 5 8 10 13 14 1.41421
7 12 3 4 5 8 11 13 14 1
7 12 3 4 5 9 10 11 13 1.41421
7 12 3 4 5 9 10 11 14 1.85164
7 12 3 4 5 9 10 13 14 1.41421
7 12 3 4 5 9 11 13 14 1.62019
7 12 3 4 5 10 11 13 14 1.41421
7 12 3 4 6 8 9 10 11 1.73205
7 12 3 4 6 8 9 10 13 1.41421
7 12 3 4 6 8 9 10 14 1.73205
7 12 3 4 6 8 9 11 13 1.41421
7 12 3 4 6 8 9 11 14 1.73205
7 12 3 4 6 8 9 13 14 1.41421
7 12 3 4 6 8 10 11 13 1.41421
7 12 3 4 6 8 10 11 14 1.73205
7 12 3 4 6 8 10 13 14 1.41421
7 12 3 4 6 8 11 13 14 1.41421
7 12 3 4 6 9 10 11 13 1.62019
7 12 3 4 6 9 10 11 14 1.93309
7 12 3 4 6 9 10 13 14 1.62019
7 12 3 4 6 9 11 13 14 1.73205
7 12 3 4 6 10 11 13 14 1.62019
7 12 3 4 8 9 10 11 13 1.41421
7 12 3 4 8 9 10 11 14 1.73205
7 12 3 4 8 9 10 13 14 1.41421
7 12 3 4 8 9 11 13 14 1.41421
7 12 3 4 8 10 11 13 14 1.41421
7 12 3 4 9 10 11 13 14 1.62019
7 12 3 5 6 8 9 10 11 1.62019
7 12 3 5 6 8 9 10 13 1
7 12 3 5 6 8 9 10 14 1.62019
7 12 3 5 6 8 9 11 13 1.41421
7 12 3 5 6 8 9 11 14 1.62019
7 12 3 5 6 8 9 13 14 1
7 12 3 5 6 8 10 11 13 1
7 12 3 5 6 8 10 11 14 1.62019
7 12 3 5 6 8 10 13 14 1
7 12 3 5 6 8 11 13 14 1
7 12 3 5 6 9 10 11 13 1.41421
7 12 3 5 6 9 10 11 14 1.85164
7 12 3 5 6 9 10 13 14 1.41421
7 12 3 5 6 9 11 13 14 1.73205
7 12 3 5 6 10 11 13 14 1.41421
7 12 3 5 8 9 10 11 13 1
7 12 3 5 8 9 10 11 14 1.62019
7 12 3 5 8 9 10 13 14 1
7 12 3 5 8 9 11 13 14 1
7 12 3 5 8 10 11 13 14 1
7 12 3 5 9 10 11 13 14 1.41421
7 12 3 6 8 9 10 11 13 1.62019
7 12 3 6 8 9 10 11 14 1.81265
7 12 3 6 8 9 10 13 14 1.62019
7 12 3 6 8 9 11 13 14 1.73205
7 12 3 6 8 10 11 13 14 1.62019
7 12 3 6 9 10 11 13 14 1.73205
7 12 3 8 9 10 11 13 14 1.62019
7 12 4 5 6 8 9 10 11 1.73205
7 12 4 5 6 8 9 10 13 1.62019
7 12 4 5 6 8 9 10 14 1.81265
7 12 4 5 6 8 9 11 13 1.41421
7 12 4 5 6 8 9 11 14 1.73205
7 12 4 5 6 8 9 13 14 1.62019
7 12 4 5 6 8 10 11 13 1.41421
7 12 4 5 6 8 10 11 14 1.73205
7 12 4 5 6 8 10 13 14 1.62019
7 12 4 5 6 8 11 13 14 1.41421
7 12 4 5 6 9 10 11 13 1.62019
7 12 4 5 6 9 10 11 14 1.93309
7 12 4 5 6 9 10 13 14 1.73205
7 12 4 5 6 9 11 13 14 1.73205
7 12 4 5 6 10 11 13 14 1.62019
7 12 4 5 8 9 10 11 13 1.41421
7 12 4 5 8 9 10 11 14 1.73205
7 12 4 5 8 9 10 13 14 1.73205
7 12 4 5 8 9 11 13 14 1.41421
7 12 4 5 8 10 11 13 14 1.41421
7 12 4 5 9 10 11 13 14 1.62019
7 12 4 6 8 9 10 11 13 1.73205
7 12 4 6 8 9 10 11 14 1.90693
7 12 4 6 8 9 10 13 14 1.85164
7 12 4 6 8 9 11 13 14 1.73205
7 12 4 6 8 10 11 13 14 1.73205
7 12 4 6 9 10 11 13 14 1.85164
7 12 4 8 9 10 11 13 14 1.73205
7 12 5 6 8 9 10 11 13 1.41421
7 12 5 6 8 9 10 11 14 1.73205
7 12 5 6 8 9 10 13 14 1.62019
7 12 5 6 8 9 11 13 14 1.41421
7 12 5 6 8 10 11 13 14 1.41421
7 12 5 6 9 10 11 13 14 1.62019
7 12 5 8 9 10 11 13 14 1.41421
7 12 6 8 9 10 11 13 14 1.85164
