6 8 0 1 2 3 4 5 7 9 10 11 12 0
6 8 0 1 2 3 4 5 7 9 10 11 13 0
6 8 0 1 2 3 4 5 7 9 10 11 14 0
6 8 0 1 2 3 4 5 7 9 10 12 13 0
6 8 0 1 2 3 4 5 7 9 10 12 14 0
6 8 0 1 2 3 4 5 7 9 10 13 14 0
6 8 0 1 2 3 4 5 7 9 11 12 13 1
6 8 0 1 2 3 4 5 7 9 11 12 14 0
6 8 0 1 2 3 4 5 7 9 11 13 14 0
6 8 0 1 2 3 4 5 7 9 12 13 14 0
6 8 0 1 2 3 4 5 7 10 11 12 13 0
6 8 0 1 2 3 4 5 7 10 11 12 14 0
6 8 0 1 2 3 4 5 7 10 11 13 14 0
6 8 0 1 2 3 4 5 7 10 12 13 14 0
6 8 0 1 2 3 4 5 7 11 12 13 14 0
6 8 0 1 2 3 4 5 9 10 11 12 13 0
6 8 0 1 2 3 4 5 9 10 11 12 14 0
6 8 0 1 2 3 4 5 9 10 11 13 14 0
6 8 0 1 2 3 4 5 9 10 12 13 14 0
6 8 0 1 2 3 4 5 9 11 12 13 14 0
6 8 0 1 2 3 4 5 10 11 12 13 14 0
6 8 0 1 2 3 4 7 9 10 11 12 13 0
6 8 0 1 2 3 4 7 9 10 11 12 14 0
6 8 0 1 2 3 4 7 9 10 11 13 14 0
6 8 0 1 2 3 4 7 9 10 12 13 14 0
6 8 0 1 2 3 4 7 9 11 12 13 14 0
6 8 0 1 2 3 4 7 10 11 12 13 14 0
6 8 0 1 2 3 4 9 10 11 12 13 14 1
6 8 0 1 2 3 5 7 9 10 11 12 13 0
6 8 0 1 2 3 5 7 9 10 11 12 14 0
6 8 0 1 2 3 5 7 9 10 11 13 14 0
6 8 0 1 2 3 5 7 9 10 12 13 14 0
6 8 0 1 2 3 5 7 9 11 12 13 14 1
6 8 0 1 2 3 5 7 10 11 12 13 14 0
6 8 0 1 2 3 5 9 10 11 12 13 14 0
6 8 0 1 2 3 7 9 10 11 12 13 14 1
6 8 0 1 2 4 5 7 9 10 11 12 13 0
6 8 0 1 2 4 5 7 9 10 11 12 14 0
6 8 0 1 2 4 5 7 9 10 11 13 14 0
6 8 0 1 2 4 5 7 9 10 12 13 14 1
6 8 0 1 2 4 5 7 9 11 12 13 14 0
6 8 0 1 2 4 5 7 10 11 12 13 14 0
6 8 0 1 2 4 5 9 10 11 12 13 14 1
6 8 0 1 2 4 7 9 10 11 12 13 14 0
6 8 0 1 2 5 7 9 10 11 12 13 14 0
6 8 0 1 3 4 5 7 9 10 11 12 13 0
6 8 0 1 3 4 5 7 9 10 11 12 14 0
6 8 0 1 3 4 5 7 9 10 11 13 14 0
6 8 0 1 3 4 5 7 9 10 12 13 14 0
6 8 0 1 3 4 5 7 9 11 12 13 14 0
6 8 0 1 3 4 5 7 10 11 12 13 14 0
6 8 0 1 3 4 5 9 10 11 12 13 14 0
6 8 0 1 3 4 7 9 10 11 12 13 14 1
6 8 0 1 3 5 7 9 10 11 12 13 14 0
6 8 0 1 4 5 7 9 10 11 12 13 14 1
6 8 0 2 3 4 5 7 9 10 11 12 13 0
6 8 0 2 3 4 5 7 9 10 11 12 14 1
6 8 0 2 3 4 5 7 9 10 11 13 14 1
6 8 0 2 3 4 5 7 9 10 12 13 14 0
6 8 0 2 3 4 5 7 9 11 12 13 14 0
6 8 0 2 3 4 5 7 10 11 12 13 14 0
6 8 0 2 3 4 5 9 10 11 12 13 14 1
6 8 0 2 3 4 7 9 10 11 12 13 14 0
6 8 0 2 3 5 7 9 10 11 12 13 14 0
6 8 0 2 4 5 7 9 10 11 12 13 14 0
6 8 0 3 4 5 7 9 10 11 12 13 14 1
6 8 1 2 3 4 5 7 9 10 11 12 13 0
6 8 1 2 3 4 5 7 9 10 11 12 14 1
6 8 1 2 3 4 5 7 9 10 11 13 14 0
6 8 1 2 3 4 5 7 9 10 12 13 14 0
6 8 1 2 3 4 5 7 9 11 12 13 14 0
6 8 1 2 3 4 5 7 10 11 12 13 14 0
6 8 1 2 3 4 5 9 10 11 12 13 14 0
6 8 1 2 3 4 7 9 10 11 12 13 14 0
6 8 1 2 3 5 7 9 10 11 12 13 14 0
6 8 1 2 4 5 7 9 10 11 12 13 14 0
6 8 1 3 4 5 7 9 10 11 12 13 14 0
6 8 2 3 4 5 7 9 10 11 12 13 14 0
