6 8 0 1 2 2
6 8 0 1 3 1.90693
6 8 0 1 4 2.13664
6 8 0 1 5 1.73205
6 8 0 1 7 2
6 8 0 1 9 2.28446
6 8 0 1 10 2.23607
6 8 0 1 11 2.19089
6 8 0 1 12 2.28446
6 8 0 1 13 2.28446
6 8 0 1 14 2.26385
6 8 0 2 3 1.96214
6 8 0 2 4 2.04939
6 8 0 2 5 1.90693
6 8 0 2 7 1.62019
6 8 0 2 9 2.1391
6 8 0 2 10 2.10223
6 8 0 2 11 2.09069
6 8 0 2 12 2.08167
6 8 0 2 13 2.08167
6 8 0 2 14 2.12132
6 8 0 3 4 2.28709
6 8 0 3 5 2
6 8 0 3 7 1.96214
6 8 0 3 9 2.389
6 8 0 3 10 2.35488
6 8 0 3 11 2.389
6 8 0 3 12 2.28446
6 8 0 3 13 2.28446
6 8 0 3 14 2.37697
6 8 0 4 5 2.35488
6 8 0 4 7 2.04939
6 8 0 4 9 2.66231
6 8 0 4 10 2.66231
6 8 0 4 11 2.61406
6 8 0 4 12 2.58844
6 8 0 4 13 2.58844
6 8 0 4 14 2.66231
6 8 0 5 7 1.90693
6 8 0 5 9 2.35488
6 8 0 5 10 2.35488
6 8 0 5 11 2.28709
6 8 0 5 12 2.23607
6 8 0 5 13 2.23607
6 8 0 5 14 2.35488
6 8 0 7 9 2.1391
6 8 0 7 10 2.10223
6 8 0 7 11 2.09069
6 8 0 7 12 2.08167
6 8 0 7 13 2.08167
6 8 0 7 14 2.12132
6 8 0 9 10 2.71163
6 8 0 9 11 2.68408
6 8 0 9 12 2.65417
6 8 0 9 13 2.65417
6 8 0 9 14 2.72172
6 8 0 10 11 2.66231
6 8 0 10 12 2.64575
6 8 0 10 13 2.64575
6 8 0 10 14 2.71163
6 8 0 11 12 2.64575
6 8 0 11 13 2.64575
6 8 0 11 14 2.67435
6 8 0 12 13 2.64575
6 8 0 12 14 2.66288
6 8 0 13 14 2.66288
6 8 1 2 3 1.73205
6 8 1 2 4 1.62019
6 8 1 2 5 1.41421
6 8 1 2 7 1.62019
6 8 1 2 9 2
6 8 1 2 10 1.73205
6 8 1 2 11 1.81265
6 8 1 2 12 2
6 8 1 2 13 2
6 8 1 2 14 1.81265
6 8 1 3 4 1.41421
6 8 1 3 5 1.41421
6 8 1 3 7 1.73205
6 8 1 3 9 1.90693
6 8 1 3 10 1.73205
6 8 1 3 11 1.90693
6 8 1 3 12 1.90693
6 8 1 3 13 1.90693
6 8 1 3 14 1.85164
6 8 1 4 5 1.73205
6 8 1 4 7 1.62019
6 8 1 4 9 2.13664
6 8 1 4 10 2.13664
6 8 1 4 11 2
6 8 1 4 12 2.13664
6 8 1 4 13 2.13664
6 8 1 4 14 2.13664
6 8 1 5 7 1.41421
6 8 1 5 9 1.73205
6 8 1 5 10 1.73205
6 8 1 5 11 1.41421
6 8 1 5 12 1.73205
6 8 1 5 13 1.73205
6 8 1 5 14 1.73205
6 8 1 7 9 2
6 8 1 7 10 1.73205
6 8 1 7 11 1.81265
6 8 1 7 12 2
6 8 1 7 13 2
6 8 1 7 14 1.81265
6 8 1 9 10 2.23607
6 8 1 9 11 2.19089
6 8 1 9 12 2.28446
6 8 1 9 13 2.28446
6 8 1 9 14 2.26385
6 8 1 10 11 2.13664
6 8 1 10 12 2.23607
6 8 1 10 13 2.23607
6 8 1 10 14 2.23607
6 8 1 11 12 2.19089
6 8 1 11 13 2.19089
6 8 1 11 14 2.16025
6 8 1 12 13 2.28446
6 8 1 12 14 2.26385
6 8 1 13 14 2.26385
6 8 2 3 4 1.93309
6 8 2 3 5 1.85164
6 8 2 3 7 1.62019
6 8 2 3 9 2.02367
6 8 2 3 10 2
6 8 2 3 11 2.02367
6 8 2 3 12 2
6 8 2 3 13 2
6 8 2 3 14 2
6 8 2 4 5 2
6 8 2 4 7 1.62019
6 8 2 4 9 2.09938
6 8 2 4 10 2.09938
6 8 2 4 11 2.04939
6 8 2 4 12 2
6 8 2 4 13 1.93309
6 8 2 4 14 2.09938
6 8 2 5 7 1.62019
6 8 2 5 9 2
6 8 2 5 10 2
6 8 2 5 11 1.93309
6 8 2 5 12 1.81265
6 8 2 5 13 1.73205
6 8 2 5 14 2
6 8 2 7 9 1.62019
6 8 2 7 10 1.62019
6 8 2 7 11 1.62019
6 8 2 7 12 1.62019
6 8 2 7 13 1.62019
6 8 2 7 14 1.62019
6 8 2 9 10 2.13809
6 8 2 9 11 2.14154
6 8 2 9 12 2.08167
6 8 2 9 13 2.08167
6 8 2 9 14 2.15322
6 8 2 10 11 2.09938
6 8 2 10 12 2.0381
6 8 2 10 13 2
6 8 2 10 14 2.13809
6 8 2 11 12 2.04495
6 8 2 11 13 2
6 8 2 11 14 2.16025
6 8 2 12 13 2
6 8 2 12 14 2.05751
6 8 2 13 14 2.0381
6 8 3 4 5 2.07802
6 8 3 4 7 1.93309
6 8 3 4 9 2.32266
6 8 3 4 10 2.32266
6 8 3 4 11 2.32266
6 8 3 4 12 2.16025
6 8 3 4 13 2.13664
6 8 3 4 14 2.32266
6 8 3 5 7 1.85164
6 8 3 5 9 2.07802
6 8 3 5 10 2.07802
6 8 3 5 11 2.07802
6 8 3 5 12 1.85164
6 8 3 5 13 1.73205
6 8 3 5 14 2.07802
6 8 3 7 9 2.02367
6 8 3 7 10 2
6 8 3 7 11 2.02367
6 8 3 7 12 2
6 8 3 7 13 2
6 8 3 7 14 2
6 8 3 9 10 2.39046
6 8 3 9 11 2.42507
6 8 3 9 12 2.3094
6 8 3 9 13 2.28446
6 8 3 9 14 2.40662
6 8 3 10 11 2.39046
6 8 3 10 12 2.26385
6 8 3 10 13 2.23607
6 8 3 10 14 2.39046
6 8 3 11 12 2.3094
6 8 3 11 13 2.28446
6 8 3 11 14 2.40662
6 8 3 12 13 2.19089
6 8 3 12 14 2.3094
6 8 3 13 14 2.26385
6 8 4 5 7 2
6 8 4 5 9 2.39046
6 8 4 5 10 2.39046
6 8 4 5 11 2.32266
6 8 4 5 12 2.26385
6 8 4 5 13 2.23607
6 8 4 5 14 2.39046
6 8 4 7 9 2.09938
6 8 4 7 10 2.09938
6 8 4 7 11 2.04939
6 8 4 7 12 2
6 8 4 7 13 1.93309
6 8 4 7 14 2.09938
6 8 4 9 10 2.68164
6 8 4 9 11 2.62216
6 8 4 9 12 2.60419
6 8 4 9 13 2.58844
6 8 4 9 14 2.68164
6 8 4 10 11 2.62216
6 8 4 10 12 2.60419
6 8 4 10 13 2.58844
6 8 4 10 14 2.68164
6 8 4 11 12 2.53722
6 8 4 11 13 2.52543
6 8 4 11 14 2.62216
6 8 4 12 13 2.52543
6 8 4 12 14 2.60419
6 8 4 13 14 2.58844
6 8 5 7 9 2
6 8 5 7 10 2
6 8 5 7 11 1.93309
6 8 5 7 12 1.81265
6 8 5 7 13 1.73205
6 8 5 7 14 2
6 8 5 9 10 2.39046
6 8 5 9 11 2.32266
6 8 5 9 12 2.26385
6 8 5 9 13 2.23607
6 8 5 9 14 2.39046
6 8 5 10 11 2.32266
6 8 5 10 12 2.26385
6 8 5 10 13 2.23607
6 8 5 10 14 2.39046
6 8 5 11 12 2.16025
6 8 5 11 13 2.13664
6 8 5 11 14 2.32266
6 8 5 12 13 2.13664
6 8 5 12 14 2.26385
6 8 5 13 14 2.23607
6 8 7 9 10 2.13809
6 8 7 9 11 2.14154
6 8 7 9 12 2.08167
6 8 7 9 13 2.08167
6 8 7 9 14 2.15322
6 8 7 10 11 2.09938
6 8 7 10 12 2.0381
6 8 7 10 13 2
6 8 7 10 14 2.13809
6 8 7 11 12 2.04495
6 8 7 11 13 2
6 8 7 11 14 2.16025
6 8 7 12 13 2
6 8 7 12 14 2.05751
6 8 7 13 14 2.0381
6 8 9 10 11 2.68164
6 8 9 10 12 2.66288
6 8 9 10 13 2.64575
6 8 9 10 14 2.72185
6 8 9 11 12 2.62912
6 8 9 11 13 2.64575
6 8 9 11 14 2.69077
6 8 9 12 13 2.64575
6 8 9 12 14 2.67842
6 8 9 13 14 2.66288
6 8 10 11 12 2.60419
6 8 10 11 13 2.58844
6 8 10 11 14 2.68164
6 8 10 12 13 2.58844
6 8 10 12 14 2.66288
6 8 10 13 14 2.64575
6 8 11 12 13 2.53899
6 8 11 12 14 2.61861
6 8 11 13 14 2.60419
6 8 12 13 14 2.60419
