6 8 0 1 2 3 4 5 7 1
6 8 0 1 2 3 4 5 9 1
6 8 0 1 2 3 4 5 10 0
6 8 0 1 2 3 4 5 11 1
6 8 0 1 2 3 4 5 12 1
6 8 0 1 2 3 4 5 13 1
6 8 0 1 2 3 4 5 14 0
6 8 0 1 2 3 4 7 9 1
6 8 0 1 2 3 4 7 10 0
6 8 0 1 2 3 4 7 11 1
6 8 0 1 2 3 4 7 12 1
6 8 0 1 2 3 4 7 13 1
6 8 0 1 2 3 4 7 14 0
6 8 0 1 2 3 4 9 10 1
6 8 0 1 2 3 4 9 11 1
6 8 0 1 2 3 4 9 12 1
6 8 0 1 2 3 4 9 13 1
6 8 0 1 2 3 4 9 14 1
6 8 0 1 2 3 4 10 11 1
6 8 0 1 2 3 4 10 12 1
6 8 0 1 2 3 4 10 13 1
6 8 0 1 2 3 4 10 14 1
6 8 0 1 2 3 4 11 12 1
6 8 0 1 2 3 4 11 13 1
6 8 0 1 2 3 4 11 14 1
6 8 0 1 2 3 4 12 13 1
6 8 0 1 2 3 4 12 14 1
6 8 0 1 2 3 4 13 14 1
6 8 0 1 2 3 5 7 9 1.41421
6 8 0 1 2 3 5 7 10 0
6 8 0 1 2 3 5 7 11 1.41421
6 8 0 1 2 3 5 7 12 1.41421
6 8 0 1 2 3 5 7 13 1.41421
6 8 0 1 2 3 5 7 14 1
6 8 0 1 2 3 5 9 10 0
6 8 0 1 2 3 5 9 11 1.41421
6 8 0 1 2 3 5 9 12 1.41421
6 8 0 1 2 3 5 9 13 1.41421
6 8 0 1 2 3 5 9 14 1
6 8 0 1 2 3 5 10 11 0
6 8 0 1 2 3 5 10 12 0
6 8 0 1 2 3 5 10 13 0
6 8 0 1 2 3 5 10 14 0
6 8 0 1 2 3 5 11 12 1.41421
6 8 0 1 2 3 5 11 13 1.41421
6 8 0 1 2 3 5 11 14 1
6 8 0 1 2 3 5 12 13 1.41421
6 8 0 1 2 3 5 12 14 1
6 8 0 1 2 3 5 13 14 1
6 8 0 1 2 3 7 9 10 1
6 8 0 1 2 3 7 9 11 1.62019
6 8 0 1 2 3 7 9 12 1.62019
6 8 0 1 2 3 7 9 13 1.62019
6 8 0 1 2 3 7 9 14 1.41421
6 8 0 1 2 3 7 10 11 1
6 8 0 1 2 3 7 10 12 1
6 8 0 1 2 3 7 10 13 1
6 8 0 1 2 3 7 10 14 1
6 8 0 1 2 3 7 11 12 1.62019
6 8 0 1 2 3 7 11 13 1.62019
6 8 0 1 2 3 7 11 14 1.41421
6 8 0 1 2 3 7 12 13 1.62019
6 8 0 1 2 3 7 12 14 1.41421
6 8 0 1 2 3 7 13 14 1.41421
6 8 0 1 2 3 9 10 11 1.41421
6 8 0 1 2 3 9 10 12 1.41421
6 8 0 1 2 3 9 10 13 1.41421
6 8 0 1 2 3 9 10 14 1.41421
6 8 0 1 2 3 9 11 12 1.73205
6 8 0 1 2 3 9 11 13 1.73205
6 8 0 1 2 3 9 11 14 1.62019
6 8 0 1 2 3 9 12 13 1.73205
6 8 0 1 2 3 9 12 14 1.62019
6 8 0 1 2 3 9 13 14 1.62019
6 8 0 1 2 3 10 11 12 1.41421
6 8 0 1 2 3 10 11 13 1.41421
6 8 0 1 2 3 10 11 14 1.41421
6 8 0 1 2 3 10 12 13 1.41421
6 8 0 1 2 3 10 12 14 1.41421
6 8 0 1 2 3 10 13 14 1.41421
6 8 0 1 2 3 11 12 13 1.73205
6 8 0 1 2 3 11 12 14 1.62019
6 8 0 1 2 3 11 13 14 1.62019
6 8 0 1 2 3 12 13 14 1.62019
6 8 0 1 2 4 5 7 9 1
6 8 0 1 2 4 5 7 10 1
6 8 0 1 2 4 5 7 11 1
6 8 0 1 2 4 5 7 12 1
6 8 0 1 2 4 5 7 13 1
6 8 0 1 2 4 5 7 14 1
6 8 0 1 2 4 5 9 10 1.41421
6 8 0 1 2 4 5 9 11 1
6 8 0 1 2 4 5 9 12 1.41421
6 8 0 1 2 4 5 9 13 1.41421
6 8 0 1 2 4 5 9 14 1.41421
6 8 0 1 2 4 5 10 11 1
6 8 0 1 2 4 5 10 12 1.41421
6 8 0 1 2 4 5 10 13 1.41421
6 8 0 1 2 4 5 10 14 1.41421
6 8 0 1 2 4 5 11 12 1
6 8 0 1 2 4 5 11 13 1
6 8 0 1 2 4 5 11 14 1
6 8 0 1 2 4 5 12 13 1.41421
6 8 0 1 2 4 5 12 14 1.41421
6 8 0 1 2 4 5 13 14 1.41421
6 8 0 1 2 4 7 9 10 1
6 8 0 1 2 4 7 9 11 1
6 8 0 1 2 4 7 9 12 1
6 8 0 1 2 4 7 9 13 1
6 8 0 1 2 4 7 9 14 1
6 8 0 1 2 4 7 10 11 0
6 8 0 1 2 4 7 10 12 1
6 8 0 1 2 4 7 10 13 1
6 8 0 1 2 4 7 10 14 1
6 8 0 1 2 4 7 11 12 1
6 8 0 1 2 4 7 11 13 1
6 8 0 1 2 4 7 11 14 0
6 8 0 1 2 4 7 12 13 1
6 8 0 1 2 4 7 12 14 1
6 8 0 1 2 4 7 13 14 1
6 8 0 1 2 4 9 10 11 1.41421
6 8 0 1 2 4 9 10 12 1.62019
6 8 0 1 2 4 9 10 13 1.62019
6 8 0 1 2 4 9 10 14 1.62019
6 8 0 1 2 4 9 11 12 1.41421
6 8 0 1 2 4 9 11 13 1.41421
6 8 0 1 2 4 9 11 14 1.41421
6 8 0 1 2 4 9 12 13 1.62019
6 8 0 1 2 4 9 12 14 1.62019
6 8 0 1 2 4 9 13 14 1.62019
6 8 0 1 2 4 10 11 12 1.41421
6 8 0 1 2 4 10 11 13 1.41421
6 8 0 1 2 4 10 11 14 1.41421
6 8 0 1 2 4 10 12 13 1.62019
6 8 0 1 2 4 10 12 14 1.62019
6 8 0 1 2 4 10 13 14 1.62019
6 8 0 1 2 4 11 12 13 1.41421
6 8 0 1 2 4 11 12 14 1.41421
6 8 0 1 2 4 11 13 14 1.41421
6 8 0 1 2 4 12 13 14 1.62019
6 8 0 1 2 5 7 9 10 1
6 8 0 1 2 5 7 9 11 1.41421
6 8 0 1 2 5 7 9 12 1.41421
6 8 0 1 2 5 7 9 13 1.41421
6 8 0 1 2 5 7 9 14 1
6 8 0 1 2 5 7 10 11 0
6 8 0 1 2 5 7 10 12 1
6 8 0 1 2 5 7 10 13 1
6 8 0 1 2 5 7 10 14 1
6 8 0 1 2 5 7 11 12 1.41421
6 8 0 1 2 5 7 11 13 1.41421
6 8 0 1 2 5 7 11 14 1
6 8 0 1 2 5 7 12 13 1.41421
6 8 0 1 2 5 7 12 14 1
6 8 0 1 2 5 7 13 14 1
6 8 0 1 2 5 9 10 11 1
6 8 0 1 2 5 9 10 12 1.41421
6 8 0 1 2 5 9 10 13 1.41421
6 8 0 1 2 5 9 10 14 1.41421
6 8 0 1 2 5 9 11 12 1.41421
6 8 0 1 2 5 9 11 13 1.41421
6 8 0 1 2 5 9 11 14 1
6 8 0 1 2 5 9 12 13 1.41421
6 8 0 1 2 5 9 12 14 1.41421
6 8 0 1 2 5 9 13 14 1.41421
6 8 0 1 2 5 10 11 12 1
6 8 0 1 2 5 10 11 13 1
6 8 0 1 2 5 10 11 14 1
6 8 0 1 2 5 10 12 13 1.41421
6 8 0 1 2 5 10 12 14 1.41421
6 8 0 1 2 5 10 13 14 1.41421
6 8 0 1 2 5 11 12 13 1.41421
6 8 0 1 2 5 11 12 14 1
6 8 0 1 2 5 11 13 14 1
6 8 0 1 2 5 12 13 14 1.41421
6 8 0 1 2 7 9 10 11 1
6 8 0 1 2 7 9 10 12 1
6 8 0 1 2 7 9 10 13 1
6 8 0 1 2 7 9 10 14 1
6 8 0 1 2 7 9 11 12 1.62019
6 8 0 1 2 7 9 11 13 1.62019
6 8 0 1 2 7 9 11 14 1.41421
6 8 0 1 2 7 9 12 13 1.62019
6 8 0 1 2 7 9 12 14 1.41421
6 8 0 1 2 7 9 13 14 1.41421
6 8 0 1 2 7 10 11 12 1
6 8 0 1 2 7 10 11 13 1
6 8 0 1 2 7 10 11 14 1
6 8 0 1 2 7 10 12 13 1
6 8 0 1 2 7 10 12 14 1
6 8 0 1 2 7 10 13 14 1
6 8 0 1 2 7 11 12 13 1.62019
6 8 0 1 2 7 11 12 14 1.41421
6 8 0 1 2 7 11 13 14 1.41421
6 8 0 1 2 7 12 13 14 1.41421
6 8 0 1 2 9 10 11 12 1.62019
6 8 0 1 2 9 10 11 13 1.62019
6 8 0 1 2 9 10 11 14 1.62019
6 8 0 1 2 9 10 12 13 1.73205
6 8 0 1 2 9 10 12 14 1.73205
6 8 0 1 2 9 10 13 14 1.73205
6 8 0 1 2 9 11 12 13 1.81265
6 8 0 1 2 9 11 12 14 1.73205
6 8 0 1 2 9 11 13 14 1.73205
6 8 0 1 2 9 12 13 14 1.81265
6 8 0 1 2 10 11 12 13 1.62019
6 8 0 1 2 10 11 12 14 1.62019
6 8 0 1 2 10 11 13 14 1.62019
6 8 0 1 2 10 12 13 14 1.73205
6 8 0 1 2 11 12 13 14 1.73205
6 8 0 1 3 4 5 7 9 1
6 8 0 1 3 4 5 7 10 0
6 8 0 1 3 4 5 7 11 1
6 8 0 1 3 4 5 7 12 1
6 8 0 1 3 4 5 7 13 1
6 8 0 1 3 4 5 7 14 0
6 8 0 1 3 4 5 9 10 0
6 8 0 1 3 4 5 9 11 1
6 8 0 1 3 4 5 9 12 1
6 8 0 1 3 4 5 9 13 1
6 8 0 1 3 4 5 9 14 0
6 8 0 1 3 4 5 10 11 0
6 8 0 1 3 4 5 10 12 0
6 8 0 1 3 4 5 10 13 0
6 8 0 1 3 4 5 10 14 0
6 8 0 1 3 4 5 11 12 1
6 8 0 1 3 4 5 11 13 1
6 8 0 1 3 4 5 11 14 0
6 8 0 1 3 4 5 12 13 1
6 8 0 1 3 4 5 12 14 0
6 8 0 1 3 4 5 13 14 0
6 8 0 1 3 4 7 9 10 1
6 8 0 1 3 4 7 9 11 1
6 8 0 1 3 4 7 9 12 1
6 8 0 1 3 4 7 9 13 1
6 8 0 1 3 4 7 9 14 1
6 8 0 1 3 4 7 10 11 1
6 8 0 1 3 4 7 10 12 1
6 8 0 1 3 4 7 10 13 1
6 8 0 1 3 4 7 10 14 1
6 8 0 1 3 4 7 11 12 1
6 8 0 1 3 4 7 11 13 1
6 8 0 1 3 4 7 11 14 1
6 8 0 1 3 4 7 12 13 1
6 8 0 1 3 4 7 12 14 1
6 8 0 1 3 4 7 13 14 1
6 8 0 1 3 4 9 10 11 1.41421
6 8 0 1 3 4 9 10 12 1.41421
6 8 0 1 3 4 9 10 13 1.41421
6 8 0 1 3 4 9 10 14 1.41421
6 8 0 1 3 4 9 11 12 1.41421
6 8 0 1 3 4 9 11 13 1.41421
6 8 0 1 3 4 9 11 14 1.41421
6 8 0 1 3 4 9 12 13 1.41421
6 8 0 1 3 4 9 12 14 1.41421
6 8 0 1 3 4 9 13 14 1.41421
6 8 0 1 3 4 10 11 12 1.41421
6 8 0 1 3 4 10 11 13 1.41421
6 8 0 1 3 4 10 11 14 1.41421
6 8 0 1 3 4 10 12 13 1.41421
6 8 0 1 3 4 10 12 14 1.41421
6 8 0 1 3 4 10 13 14 1.41421
6 8 0 1 3 4 11 12 13 1.41421
6 8 0 1 3 4 11 12 14 1.41421
6 8 0 1 3 4 11 13 14 1.41421
6 8 0 1 3 4 12 13 14 1.41421
6 8 0 1 3 5 7 9 10 0
6 8 0 1 3 5 7 9 11 1.41421
6 8 0 1 3 5 7 9 12 1.41421
6 8 0 1 3 5 7 9 13 1.41421
6 8 0 1 3 5 7 9 14 1
6 8 0 1 3 5 7 10 11 0
6 8 0 1 3 5 7 10 12 0
6 8 0 1 3 5 7 10 13 0
6 8 0 1 3 5 7 10 14 0
6 8 0 1 3 5 7 11 12 1.41421
6 8 0 1 3 5 7 11 13 1.41421
6 8 0 1 3 5 7 11 14 1
6 8 0 1 3 5 7 12 13 1.41421
6 8 0 1 3 5 7 12 14 1
6 8 0 1 3 5 7 13 14 1
6 8 0 1 3 5 9 10 11 0
6 8 0 1 3 5 9 10 12 0
6 8 0 1 3 5 9 10 13 0
6 8 0 1 3 5 9 10 14 0
6 8 0 1 3 5 9 11 12 1.41421
6 8 0 1 3 5 9 11 13 1.41421
6 8 0 1 3 5 9 11 14 1
6 8 0 1 3 5 9 12 13 1.41421
6 8 0 1 3 5 9 12 14 1
6 8 0 1 3 5 9 13 14 1
6 8 0 1 3 5 10 11 12 0
6 8 0 1 3 5 10 11 13 0
6 8 0 1 3 5 10 11 14 0
6 8 0 1 3 5 10 12 13 0
6 8 0 1 3 5 10 12 14 0
6 8 0 1 3 5 10 13 14 0
6 8 0 1 3 5 11 12 13 1.41421
6 8 0 1 3 5 11 12 14 1
6 8 0 1 3 5 11 13 14 1
6 8 0 1 3 5 12 13 14 1
6 8 0 1 3 7 9 10 11 1.41421
6 8 0 1 3 7 9 10 12 1.41421
6 8 0 1 3 7 9 10 13 1.41421
6 8 0 1 3 7 9 10 14 1.41421
6 8 0 1 3 7 9 11 12 1.73205
6 8 0 1 3 7 9 11 13 1.73205
6 8 0 1 3 7 9 11 14 1.62019
6 8 0 1 3 7 9 12 13 1.73205
6 8 0 1 3 7 9 12 14 1.62019
6 8 0 1 3 7 9 13 14 1.62019
6 8 0 1 3 7 10 11 12 1.41421
6 8 0 1 3 7 10 11 13 1.41421
6 8 0 1 3 7 10 11 14 1.41421
6 8 0 1 3 7 10 12 13 1.41421
6 8 0 1 3 7 10 12 14 1.41421
6 8 0 1 3 7 10 13 14 1.41421
6 8 0 1 3 7 11 12 13 1.73205
6 8 0 1 3 7 11 12 14 1.62019
6 8 0 1 3 7 11 13 14 1.62019
6 8 0 1 3 7 12 13 14 1.62019
6 8 0 1 3 9 10 11 12 1.73205
6 8 0 1 3 9 10 11 13 1.73205
6 8 0 1 3 9 10 11 14 1.73205
6 8 0 1 3 9 10 12 13 1.73205
6 8 0 1 3 9 10 12 14 1.73205
6 8 0 1 3 9 10 13 14 1.73205
6 8 0 1 3 9 11 12 13 1.90693
6 8 0 1 3 9 11 12 14 1.85164
6 8 0 1 3 9 11 13 14 1.85164
6 8 0 1 3 9 12 13 14 1.85164
6 8 0 1 3 10 11 12 13 1.73205
6 8 0 1 3 10 11 12 14 1.73205
6 8 0 1 3 10 11 13 14 1.73205
6 8 0 1 3 10 12 13 14 1.73205
6 8 0 1 3 11 12 13 14 1.85164
6 8 0 1 4 5 7 9 10 1.41421
6 8 0 1 4 5 7 9 11 1
6 8 0 1 4 5 7 9 12 1.41421
6 8 0 1 4 5 7 9 13 1.41421
6 8 0 1 4 5 7 9 14 1.41421
6 8 0 1 4 5 7 10 11 1
6 8 0 1 4 5 7 10 12 1.41421
6 8 0 1 4 5 7 10 13 1.41421
6 8 0 1 4 5 7 10 14 1.41421
6 8 0 1 4 5 7 11 12 1
6 8 0 1 4 5 7 11 13 1
6 8 0 1 4 5 7 11 14 1
6 8 0 1 4 5 7 12 13 1.41421
6 8 0 1 4 5 7 12 14 1.41421
6 8 0 1 4 5 7 13 14 1.41421
6 8 0 1 4 5 9 10 11 1.41421
6 8 0 1 4 5 9 10 12 1.73205
6 8 0 1 4 5 9 10 13 1.73205
6 8 0 1 4 5 9 10 14 1.73205
6 8 0 1 4 5 9 11 12 1.41421
6 8 0 1 4 5 9 11 13 1.41421
6 8 0 1 4 5 9 11 14 1.41421
6 8 0 1 4 5 9 12 13 1.73205
6 8 0 1 4 5 9 12 14 1.73205
6 8 0 1 4 5 9 13 14 1.73205
6 8 0 1 4 5 10 11 12 1.41421
6 8 0 1 4 5 10 11 13 1.41421
6 8 0 1 4 5 10 11 14 1.41421
6 8 0 1 4 5 10 12 13 1.73205
6 8 0 1 4 5 10 12 14 1.73205
6 8 0 1 4 5 10 13 14 1.73205
6 8 0 1 4 5 11 12 13 1.41421
6 8 0 1 4 5 11 12 14 1.41421
6 8 0 1 4 5 11 13 14 1.41421
6 8 0 1 4 5 12 13 14 1.73205
6 8 0 1 4 7 9 10 11 1.41421
6 8 0 1 4 7 9 10 12 1.62019
6 8 0 1 4 7 9 10 13 1.62019
6 8 0 1 4 7 9 10 14 1.62019
6 8 0 1 4 7 9 11 12 1.41421
6 8 0 1 4 7 9 11 13 1.41421
6 8 0 1 4 7 9 11 14 1.41421
6 8 0 1 4 7 9 12 13 1.62019
6 8 0 1 4 7 9 12 14 1.62019
6 8 0 1 4 7 9 13 14 1.62019
6 8 0 1 4 7 10 11 12 1.41421
6 8 0 1 4 7 10 11 13 1.41421
6 8 0 1 4 7 10 11 14 1.41421
6 8 0 1 4 7 10 12 13 1.62019
6 8 0 1 4 7 10 12 14 1.62019
6 8 0 1 4 7 10 13 14 1.62019
6 8 0 1 4 7 11 12 13 1.41421
6 8 0 1 4 7 11 12 14 1.41421
6 8 0 1 4 7 11 13 14 1.41421
6 8 0 1 4 7 12 13 14 1.62019
6 8 0 1 4 9 10 11 12 2
6 8 0 1 4 9 10 11 13 2
6 8 0 1 4 9 10 11 14 2
6 8 0 1 4 9 10 12 13 2.13664
6 8 0 1 4 9 10 12 14 2.13664
6 8 0 1 4 9 10 13 14 2.13664
6 8 0 1 4 9 11 12 13 2
6 8 0 1 4 9 11 12 14 2
6 8 0 1 4 9 11 13 14 2
6 8 0 1 4 9 12 13 14 2.13664
6 8 0 1 4 10 11 12 13 2
6 8 0 1 4 10 11 12 14 2
6 8 0 1 4 10 11 13 14 2
6 8 0 1 4 10 12 13 14 2.13664
6 8 0 1 4 11 12 13 14 2
6 8 0 1 5 7 9 10 11 1
6 8 0 1 5 7 9 10 12 1.41421
6 8 0 1 5 7 9 10 13 1.41421
6 8 0 1 5 7 9 10 14 1.41421
6 8 0 1 5 7 9 11 12 1.41421
6 8 0 1 5 7 9 11 13 1.41421
6 8 0 1 5 7 9 11 14 1
6 8 0 1 5 7 9 12 13 1.41421
6 8 0 1 5 7 9 12 14 1.41421
6 8 0 1 5 7 9 13 14 1.41421
6 8 0 1 5 7 10 11 12 1
6 8 0 1 5 7 10 11 13 1
6 8 0 1 5 7 10 11 14 1
6 8 0 1 5 7 10 12 13 1.41421
6 8 0 1 5 7 10 12 14 1.41421
6 8 0 1 5 7 10 13 14 1.41421
6 8 0 1 5 7 11 12 13 1.41421
6 8 0 1 5 7 11 12 14 1
6 8 0 1 5 7 11 13 14 1
6 8 0 1 5 7 12 13 14 1.41421
6 8 0 1 5 9 10 11 12 1.41421
6 8 0 1 5 9 10 11 13 1.41421
6 8 0 1 5 9 10 11 14 1.41421
6 8 0 1 5 9 10 12 13 1.73205
6 8 0 1 5 9 10 12 14 1.73205
6 8 0 1 5 9 10 13 14 1.73205
6 8 0 1 5 9 11 12 13 1.41421
6 8 0 1 5 9 11 12 14 1.41421
6 8 0 1 5 9 11 13 14 1.41421
6 8 0 1 5 9 12 13 14 1.73205
6 8 0 1 5 10 11 12 13 1.41421
6 8 0 1 5 10 11 12 14 1.41421
6 8 0 1 5 10 11 13 14 1.41421
6 8 0 1 5 10 12 13 14 1.73205
6 8 0 1 5 11 12 13 14 1.41421
6 8 0 1 7 9 10 11 12 1.62019
6 8 0 1 7 9 10 11 13 1.62019
6 8 0 1 7 9 10 11 14 1.62019
6 8 0 1 7 9 10 12 13 1.73205
6 8 0 1 7 9 10 12 14 1.73205
6 8 0 1 7 9 10 13 14 1.73205
6 8 0 1 7 9 11 12 13 1.81265
6 8 0 1 7 9 11 12 14 1.73205
6 8 0 1 7 9 11 13 14 1.73205
6 8 0 1 7 9 12 13 14 1.81265
6 8 0 1 7 10 11 12 13 1.62019
6 8 0 1 7 10 11 12 14 1.62019
6 8 0 1 7 10 11 13 14 1.62019
6 8 0 1 7 10 12 13 14 1.73205
6 8 0 1 7 11 12 13 14 1.73205
6 8 0 1 9 10 11 12 13 2.13664
6 8 0 1 9 10 11 12 14 2.13664
6 8 0 1 9 10 11 13 14 2.13664
6 8 0 1 9 10 12 13 14 2.23607
6 8 0 1 9 11 12 13 14 2.16025
6 8 0 1 10 11 12 13 14 2.13664
6 8 0 2 3 4 5 7 9 1.41421
6 8 0 2 3 4 5 7 10 1.41421
6 8 0 2 3 4 5 7 11 1.41421
6 8 0 2 3 4 5 7 12 1
6 8 0 2 3 4 5 7 13 1
6 8 0 2 3 4 5 7 14 1.41421
6 8 0 2 3 4 5 9 10 1.73205
6 8 0 2 3 4 5 9 11 1.73205
6 8 0 2 3 4 5 9 12 1.41421
6 8 0 2 3 4 5 9 13 1.41421
6 8 0 2 3 4 5 9 14 1.73205
6 8 0 2 3 4 5 10 11 1.73205
6 8 0 2 3 4 5 10 12 1.41421
6 8 0 2 3 4 5 10 13 1.41421
6 8 0 2 3 4 5 10 14 1.73205
6 8 0 2 3 4 5 11 12 1.41421
6 8 0 2 3 4 5 11 13 1.41421
6 8 0 2 3 4 5 11 14 1.73205
6 8 0 2 3 4 5 12 13 1
6 8 0 2 3 4 5 12 14 1.41421
6 8 0 2 3 4 5 13 14 1.41421
6 8 0 2 3 4 7 9 10 1.41421
6 8 0 2 3 4 7 9 11 1.41421
6 8 0 2 3 4 7 9 12 1
6 8 0 2 3 4 7 9 13 1
6 8 0 2 3 4 7 9 14 1.41421
6 8 0 2 3 4 7 10 11 1.41421
6 8 0 2 3 4 7 10 12 1
6 8 0 2 3 4 7 10 13 1
6 8 0 2 3 4 7 10 14 1.41421
6 8 0 2 3 4 7 11 12 1
6 8 0 2 3 4 7 11 13 1
6 8 0 2 3 4 7 11 14 1.41421
6 8 0 2 3 4 7 12 13 1
6 8 0 2 3 4 7 12 14 1
6 8 0 2 3 4 7 13 14 1
6 8 0 2 3 4 9 10 11 1.85164
6 8 0 2 3 4 9 10 12 1.62019
6 8 0 2 3 4 9 10 13 1.62019
6 8 0 2 3 4 9 10 14 1.85164
6 8 0 2 3 4 9 11 12 1.62019
6 8 0 2 3 4 9 11 13 1.62019
6 8 0 2 3 4 9 11 14 1.85164
6 8 0 2 3 4 9 12 13 1.41421
6 8 0 2 3 4 9 12 14 1.62019
6 8 0 2 3 4 9 13 14 1.62019
6 8 0 2 3 4 10 11 12 1.62019
6 8 0 2 3 4 10 11 13 1.62019
6 8 0 2 3 4 10 11 14 1.85164
6 8 0 2 3 4 10 12 13 1.41421
6 8 0 2 3 4 10 12 14 1.62019
6 8 0 2 3 4 10 13 14 1.62019
6 8 0 2 3 4 11 12 13 1.41421
6 8 0 2 3 4 11 12 14 1.62019
6 8 0 2 3 4 11 13 14 1.62019
6 8 0 2 3 4 12 13 14 1.41421
6 8 0 2 3 5 7 9 10 1.41421
6 8 0 2 3 5 7 9 11 1.41421
6 8 0 2 3 5 7 9 12 1.41421
6 8 0 2 3 5 7 9 13 1.41421
6 8 0 2 3 5 7 9 14 1.41421
6 8 0 2 3 5 7 10 11 1.41421
6 8 0 2 3 5 7 10 12 1
6 8 0 2 3 5 7 10 13 1
6 8 0 2 3 5 7 10 14 1.41421
6 8 0 2 3 5 7 11 12 1.41421
6 8 0 2 3 5 7 11 13 1.41421
6 8 0 2 3 5 7 11 14 1.41421
6 8 0 2 3 5 7 12 13 1.41421
6 8 0 2 3 5 7 12 14 1
6 8 0 2 3 5 7 13 14 1
6 8 0 2 3 5 9 10 11 1.73205
6 8 0 2 3 5 9 10 12 1.41421
6 8 0 2 3 5 9 10 13 1.41421
6 8 0 2 3 5 9 10 14 1.73205
6 8 0 2 3 5 9 11 12 1.41421
6 8 0 2 3 5 9 11 13 1.41421
6 8 0 2 3 5 9 11 14 1.73205
6 8 0 2 3 5 9 12 13 1.41421
6 8 0 2 3 5 9 12 14 1.41421
6 8 0 2 3 5 9 13 14 1.41421
6 8 0 2 3 5 10 11 12 1.41421
6 8 0 2 3 5 10 11 13 1.41421
6 8 0 2 3 5 10 11 14 1.73205
6 8 0 2 3 5 10 12 13 1
6 8 0 2 3 5 10 12 14 1.41421
6 8 0 2 3 5 10 13 14 1.41421
6 8 0 2 3 5 11 12 13 1.41421
6 8 0 2 3 5 11 12 14 1.41421
6 8 0 2 3 5 11 13 14 1.41421
6 8 0 2 3 5 12 13 14 1
6 8 0 2 3 7 9 10 11 1.41421
6 8 0 2 3 7 9 10 12 1
6 8 0 2 3 7 9 10 13 1
6 8 0 2 3 7 9 10 14 1.41421
6 8 0 2 3 7 9 11 12 1.62019
6 8 0 2 3 7 9 11 13 1.62019
6 8 0 2 3 7 9 11 14 1.41421
6 8 0 2 3 7 9 12 13 1.62019
6 8 0 2 3 7 9 12 14 1.41421
6 8 0 2 3 7 9 13 14 1.41421
6 8 0 2 3 7 10 11 12 1
6 8 0 2 3 7 10 11 13 1
6 8 0 2 3 7 10 11 14 1.41421
6 8 0 2 3 7 10 12 13 1
6 8 0 2 3 7 10 12 14 1
6 8 0 2 3 7 10 13 14 1
6 8 0 2 3 7 11 12 13 1.62019
6 8 0 2 3 7 11 12 14 1.41421
6 8 0 2 3 7 11 13 14 1.41421
6 8 0 2 3 7 12 13 14 1.41421
6 8 0 2 3 9 10 11 12 1.73205
6 8 0 2 3 9 10 11 13 1.73205
6 8 0 2 3 9 10 11 14 1.90693
6 8 0 2 3 9 10 12 13 1.62019
6 8 0 2 3 9 10 12 14 1.73205
6 8 0 2 3 9 10 13 14 1.73205
6 8 0 2 3 9 11 12 13 1.81265
6 8 0 2 3 9 11 12 14 1.81265
6 8 0 2 3 9 11 13 14 1.81265
6 8 0 2 3 9 12 13 14 1.73205
6 8 0 2 3 10 11 12 13 1.62019
6 8 0 2 3 10 11 12 14 1.73205
6 8 0 2 3 10 11 13 14 1.73205
6 8 0 2 3 10 12 13 14 1.62019
6 8 0 2 3 11 12 13 14 1.73205
6 8 0 2 4 5 7 9 10 1.41421
6 8 0 2 4 5 7 9 11 1.41421
6 8 0 2 4 5 7 9 12 1
6 8 0 2 4 5 7 9 13 1
6 8 0 2 4 5 7 9 14 1.41421
6 8 0 2 4 5 7 10 11 1.41421
6 8 0 2 4 5 7 10 12 1
6 8 0 2 4 5 7 10 13 1
6 8 0 2 4 5 7 10 14 1.41421
6 8 0 2 4 5 7 11 12 1
6 8 0 2 4 5 7 11 13 1
6 8 0 2 4 5 7 11 14 1.41421
6 8 0 2 4 5 7 12 13 1
6 8 0 2 4 5 7 12 14 1
6 8 0 2 4 5 7 13 14 1
6 8 0 2 4 5 9 10 11 1.85164
6 8 0 2 4 5 9 10 12 1.73205
6 8 0 2 4 5 9 10 13 1.73205
6 8 0 2 4 5 9 10 14 1.90693
6 8 0 2 4 5 9 11 12 1.62019
6 8 0 2 4 5 9 11 13 1.62019
6 8 0 2 4 5 9 11 14 1.85164
6 8 0 2 4 5 9 12 13 1.62019
6 8 0 2 4 5 9 12 14 1.73205
6 8 0 2 4 5 9 13 14 1.73205
6 8 0 2 4 5 10 11 12 1.62019
6 8 0 2 4 5 10 11 13 1.62019
6 8 0 2 4 5 10 11 14 1.85164
6 8 0 2 4 5 10 12 13 1.62019
6 8 0 2 4 5 10 12 14 1.73205
6 8 0 2 4 5 10 13 14 1.73205
6 8 0 2 4 5 11 12 13 1.41421
6 8 0 2 4 5 11 12 14 1.62019
6 8 0 2 4 5 11 13 14 1.62019
6 8 0 2 4 5 12 13 14 1.62019
6 8 0 2 4 7 9 10 11 1.41421
6 8 0 2 4 7 9 10 12 1
6 8 0 2 4 7 9 10 13 1
6 8 0 2 4 7 9 10 14 1.41421
6 8 0 2 4 7 9 11 12 1
6 8 0 2 4 7 9 11 13 1
6 8 0 2 4 7 9 11 14 1.41421
6 8 0 2 4 7 9 12 13 1
6 8 0 2 4 7 9 12 14 1
6 8 0 2 4 7 9 13 14 1
6 8 0 2 4 7 10 11 12 1
6 8 0 2 4 7 10 11 13 1
6 8 0 2 4 7 10 11 14 1.41421
6 8 0 2 4 7 10 12 13 1
6 8 0 2 4 7 10 12 14 1
6 8 0 2 4 7 10 13 14 1
6 8 0 2 4 7 11 12 13 1
6 8 0 2 4 7 11 12 14 1
6 8 0 2 4 7 11 13 14 1
6 8 0 2 4 7 12 13 14 1
6 8 0 2 4 9 10 11 12 1.85164
6 8 0 2 4 9 10 11 13 1.85164
6 8 0 2 4 9 10 11 14 2.00294
6 8 0 2 4 9 10 12 13 1.85164
6 8 0 2 4 9 10 12 14 1.93309
6 8 0 2 4 9 10 13 14 1.93309
6 8 0 2 4 9 11 12 13 1.73205
6 8 0 2 4 9 11 12 14 1.85164
6 8 0 2 4 9 11 13 14 1.85164
6 8 0 2 4 9 12 13 14 1.85164
6 8 0 2 4 10 11 12 13 1.73205
6 8 0 2 4 10 11 12 14 1.85164
6 8 0 2 4 10 11 13 14 1.85164
6 8 0 2 4 10 12 13 14 1.85164
6 8 0 2 4 11 12 13 14 1.73205
6 8 0 2 5 7 9 10 11 1.41421
6 8 0 2 5 7 9 10 12 1
6 8 0 2 5 7 9 10 13 1
6 8 0 2 5 7 9 10 14 1.41421
6 8 0 2 5 7 9 11 12 1.41421
6 8 0 2 5 7 9 11 13 1.41421
6 8 0 2 5 7 9 11 14 1.41421
6 8 0 2 5 7 9 12 13 1.41421
6 8 0 2 5 7 9 12 14 1
6 8 0 2 5 7 9 13 14 1
6 8 0 2 5 7 10 11 12 1
6 8 0 2 5 7 10 11 13 1
6 8 0 2 5 7 10 11 14 1.41421
6 8 0 2 5 7 10 12 13 1
6 8 0 2 5 7 10 12 14 1
6 8 0 2 5 7 10 13 14 1
6 8 0 2 5 7 11 12 13 1.41421
6 8 0 2 5 7 11 12 14 1
6 8 0 2 5 7 11 13 14 1
6 8 0 2 5 7 12 13 14 1
6 8 0 2 5 9 10 11 12 1.62019
6 8 0 2 5 9 10 11 13 1.62019
6 8 0 2 5 9 10 11 14 1.85164
6 8 0 2 5 9 10 12 13 1.62019
6 8 0 2 5 9 10 12 14 1.73205
6 8 0 2 5 9 10 13 14 1.73205
6 8 0 2 5 9 11 12 13 1.41421
6 8 0 2 5 9 11 12 14 1.62019
6 8 0 2 5 9 11 13 14 1.62019
6 8 0 2 5 9 12 13 14 1.62019
6 8 0 2 5 10 11 12 13 1.41421
6 8 0 2 5 10 11 12 14 1.62019
6 8 0 2 5 10 11 13 14 1.62019
6 8 0 2 5 10 12 13 14 1.62019
6 8 0 2 5 11 12 13 14 1.41421
6 8 0 2 7 9 10 11 12 1
6 8 0 2 7 9 10 11 13 1
6 8 0 2 7 9 10 11 14 1.41421
6 8 0 2 7 9 10 12 13 1
6 8 0 2 7 9 10 12 14 1
6 8 0 2 7 9 10 13 14 1
6 8 0 2 7 9 11 12 13 1.62019
6 8 0 2 7 9 11 12 14 1.41421
6 8 0 2 7 9 11 13 14 1.41421
6 8 0 2 7 9 12 13 14 1.41421
6 8 0 2 7 10 11 12 13 1
6 8 0 2 7 10 11 12 14 1
6 8 0 2 7 10 11 13 14 1
6 8 0 2 7 10 12 13 14 1
6 8 0 2 7 11 12 13 14 1.41421
6 8 0 2 9 10 11 12 13 1.85164
6 8 0 2 9 10 11 12 14 1.93309
6 8 0 2 9 10 11 13 14 1.93309
6 8 0 2 9 10 12 13 14 1.93309
6 8 0 2 9 11 12 13 14 1.90693
6 8 0 2 10 11 12 13 14 1.85164
6 8 0 3 4 5 7 9 10 1.73205
6 8 0 3 4 5 7 9 11 1.73205
6 8 0 3 4 5 7 9 12 1.41421
6 8 0 3 4 5 7 9 13 1.41421
6 8 0 3 4 5 7 9 14 1.73205
6 8 0 3 4 5 7 10 11 1.73205
6 8 0 3 4 5 7 10 12 1.41421
6 8 0 3 4 5 7 10 13 1.41421
6 8 0 3 4 5 7 10 14 1.73205
6 8 0 3 4 5 7 11 12 1.41421
6 8 0 3 4 5 7 11 13 1.41421
6 8 0 3 4 5 7 11 14 1.73205
6 8 0 3 4 5 7 12 13 1
6 8 0 3 4 5 7 12 14 1.41421
6 8 0 3 4 5 7 13 14 1.41421
6 8 0 3 4 5 9 10 11 2
6 8 0 3 4 5 9 10 12 1.73205
6 8 0 3 4 5 9 10 13 1.73205
6 8 0 3 4 5 9 10 14 2
6 8 0 3 4 5 9 11 12 1.73205
6 8 0 3 4 5 9 11 13 1.73205
6 8 0 3 4 5 9 11 14 2
6 8 0 3 4 5 9 12 13 1.41421
6 8 0 3 4 5 9 12 14 1.73205
6 8 0 3 4 5 9 13 14 1.73205
6 8 0 3 4 5 10 11 12 1.73205
6 8 0 3 4 5 10 11 13 1.73205
6 8 0 3 4 5 10 11 14 2
6 8 0 3 4 5 10 12 13 1.41421
6 8 0 3 4 5 10 12 14 1.73205
6 8 0 3 4 5 10 13 14 1.73205
6 8 0 3 4 5 11 12 13 1.41421
6 8 0 3 4 5 11 12 14 1.73205
6 8 0 3 4 5 11 13 14 1.73205
6 8 0 3 4 5 12 13 14 1.41421
6 8 0 3 4 7 9 10 11 1.85164
6 8 0 3 4 7 9 10 12 1.62019
6 8 0 3 4 7 9 10 13 1.62019
6 8 0 3 4 7 9 10 14 1.85164
6 8 0 3 4 7 9 11 12 1.62019
6 8 0 3 4 7 9 11 13 1.62019
6 8 0 3 4 7 9 11 14 1.85164
6 8 0 3 4 7 9 12 13 1.41421
6 8 0 3 4 7 9 12 14 1.62019
6 8 0 3 4 7 9 13 14 1.62019
6 8 0 3 4 7 10 11 12 1.62019
6 8 0 3 4 7 10 11 13 1.62019
6 8 0 3 4 7 10 11 14 1.85164
6 8 0 3 4 7 10 12 13 1.41421
6 8 0 3 4 7 10 12 14 1.62019
6 8 0 3 4 7 10 13 14 1.62019
6 8 0 3 4 7 11 12 13 1.41421
6 8 0 3 4 7 11 12 14 1.62019
6 8 0 3 4 7 11 13 14 1.62019
6 8 0 3 4 7 12 13 14 1.41421
6 8 0 3 4 9 10 11 12 2.13664
6 8 0 3 4 9 10 11 13 2.13664
6 8 0 3 4 9 10 11 14 2.28709
6 8 0 3 4 9 10 12 13 2
6 8 0 3 4 9 10 12 14 2.13664
6 8 0 3 4 9 10 13 14 2.13664
6 8 0 3 4 9 11 12 13 2
6 8 0 3 4 9 11 12 14 2.13664
6 8 0 3 4 9 11 13 14 2.13664
6 8 0 3 4 9 12 13 14 2
6 8 0 3 4 10 11 12 13 2
6 8 0 3 4 10 11 12 14 2.13664
6 8 0 3 4 10 11 13 14 2.13664
6 8 0 3 4 10 12 13 14 2
6 8 0 3 4 11 12 13 14 2
6 8 0 3 5 7 9 10 11 1.73205
6 8 0 3 5 7 9 10 12 1.41421
6 8 0 3 5 7 9 10 13 1.41421
6 8 0 3 5 7 9 10 14 1.73205
6 8 0 3 5 7 9 11 12 1.41421
6 8 0 3 5 7 9 11 13 1.41421
6 8 0 3 5 7 9 11 14 1.73205
6 8 0 3 5 7 9 12 13 1.41421
6 8 0 3 5 7 9 12 14 1.41421
6 8 0 3 5 7 9 13 14 1.41421
6 8 0 3 5 7 10 11 12 1.41421
6 8 0 3 5 7 10 11 13 1.41421
6 8 0 3 5 7 10 11 14 1.73205
6 8 0 3 5 7 10 12 13 1
6 8 0 3 5 7 10 12 14 1.41421
6 8 0 3 5 7 10 13 14 1.41421
6 8 0 3 5 7 11 12 13 1.41421
6 8 0 3 5 7 11 12 14 1.41421
6 8 0 3 5 7 11 13 14 1.41421
6 8 0 3 5 7 12 13 14 1
6 8 0 3 5 9 10 11 12 1.73205
6 8 0 3 5 9 10 11 13 1.73205
6 8 0 3 5 9 10 11 14 2
6 8 0 3 5 9 10 12 13 1.41421
6 8 0 3 5 9 10 12 14 1.73205
6 8 0 3 5 9 10 13 14 1.73205
6 8 0 3 5 9 11 12 13 1.41421
6 8 0 3 5 9 11 12 14 1.73205
6 8 0 3 5 9 11 13 14 1.73205
6 8 0 3 5 9 12 13 14 1.41421
6 8 0 3 5 10 11 12 13 1.41421
6 8 0 3 5 10 11 12 14 1.73205
6 8 0 3 5 10 11 13 14 1.73205
6 8 0 3 5 10 12 13 14 1.41421
6 8 0 3 5 11 12 13 14 1.41421
6 8 0 3 7 9 10 11 12 1.73205
6 8 0 3 7 9 10 11 13 1.73205
6 8 0 3 7 9 10 11 14 1.90693
6 8 0 3 7 9 10 12 13 1.62019
6 8 0 3 7 9 10 12 14 1.73205
6 8 0 3 7 9 10 13 14 1.73205
6 8 0 3 7 9 11 12 13 1.81265
6 8 0 3 7 9 11 12 14 1.81265
6 8 0 3 7 9 11 13 14 1.81265
6 8 0 3 7 9 12 13 14 1.73205
6 8 0 3 7 10 11 12 13 1.62019
6 8 0 3 7 10 11 12 14 1.73205
6 8 0 3 7 10 11 13 14 1.73205
6 8 0 3 7 10 12 13 14 1.62019
6 8 0 3 7 11 12 13 14 1.73205
6 8 0 3 9 10 11 12 13 2.13664
6 8 0 3 9 10 11 12 14 2.23607
6 8 0 3 9 10 11 13 14 2.23607
6 8 0 3 9 10 12 13 14 2.13664
6 8 0 3 9 11 12 13 14 2.16025
6 8 0 3 10 11 12 13 14 2.13664
6 8 0 4 5 7 9 10 11 1.85164
6 8 0 4 5 7 9 10 12 1.73205
6 8 0 4 5 7 9 10 13 1.73205
6 8 0 4 5 7 9 10 14 1.90693
6 8 0 4 5 7 9 11 12 1.62019
6 8 0 4 5 7 9 11 13 1.62019
6 8 0 4 5 7 9 11 14 1.85164
6 8 0 4 5 7 9 12 13 1.62019
6 8 0 4 5 7 9 12 14 1.73205
6 8 0 4 5 7 9 13 14 1.73205
6 8 0 4 5 7 10 11 12 1.62019
6 8 0 4 5 7 10 11 13 1.62019
6 8 0 4 5 7 10 11 14 1.85164
6 8 0 4 5 7 10 12 13 1.62019
6 8 0 4 5 7 10 12 14 1.73205
6 8 0 4 5 7 10 13 14 1.73205
6 8 0 4 5 7 11 12 13 1.41421
6 8 0 4 5 7 11 12 14 1.62019
6 8 0 4 5 7 11 13 14 1.62019
6 8 0 4 5 7 12 13 14 1.62019
6 8 0 4 5 9 10 11 12 2.13664
6 8 0 4 5 9 10 11 13 2.13664
6 8 0 4 5 9 10 11 14 2.28709
6 8 0 4 5 9 10 12 13 2.13664
6 8 0 4 5 9 10 12 14 2.23607
6 8 0 4 5 9 10 13 14 2.23607
6 8 0 4 5 9 11 12 13 2
6 8 0 4 5 9 11 12 14 2.13664
6 8 0 4 5 9 11 13 14 2.13664
6 8 0 4 5 9 12 13 14 2.13664
6 8 0 4 5 10 11 12 13 2
6 8 0 4 5 10 11 12 14 2.13664
6 8 0 4 5 10 11 13 14 2.13664
6 8 0 4 5 10 12 13 14 2.13664
6 8 0 4 5 11 12 13 14 2
6 8 0 4 7 9 10 11 12 1.85164
6 8 0 4 7 9 10 11 13 1.85164
6 8 0 4 7 9 10 11 14 2.00294
6 8 0 4 7 9 10 12 13 1.85164
6 8 0 4 7 9 10 12 14 1.93309
6 8 0 4 7 9 10 13 14 1.93309
6 8 0 4 7 9 11 12 13 1.73205
6 8 0 4 7 9 11 12 14 1.85164
6 8 0 4 7 9 11 13 14 1.85164
6 8 0 4 7 9 12 13 14 1.85164
6 8 0 4 7 10 11 12 13 1.73205
6 8 0 4 7 10 11 12 14 1.85164
6 8 0 4 7 10 11 13 14 1.85164
6 8 0 4 7 10 12 13 14 1.85164
6 8 0 4 7 11 12 13 14 1.73205
6 8 0 4 9 10 11 12 13 2.44949
6 8 0 4 9 10 11 12 14 2.52543
6 8 0 4 9 10 11 13 14 2.52543
6 8 0 4 9 10 12 13 14 2.52543
6 8 0 4 9 11 12 13 14 2.44949
6 8 0 4 10 11 12 13 14 2.44949
6 8 0 5 7 9 10 11 12 1.62019
6 8 0 5 7 9 10 11 13 1.62019
6 8 0 5 7 9 10 11 14 1.85164
6 8 0 5 7 9 10 12 13 1.62019
6 8 0 5 7 9 10 12 14 1.73205
6 8 0 5 7 9 10 13 14 1.73205
6 8 0 5 7 9 11 12 13 1.41421
6 8 0 5 7 9 11 12 14 1.62019
6 8 0 5 7 9 11 13 14 1.62019
6 8 0 5 7 9 12 13 14 1.62019
6 8 0 5 7 10 11 12 13 1.41421
6 8 0 5 7 10 11 12 14 1.62019
6 8 0 5 7 10 11 13 14 1.62019
6 8 0 5 7 10 12 13 14 1.62019
6 8 0 5 7 11 12 13 14 1.41421
6 8 0 5 9 10 11 12 13 2
6 8 0 5 9 10 11 12 14 2.13664
6 8 0 5 9 10 11 13 14 2.13664
6 8 0 5 9 10 12 13 14 2.13664
6 8 0 5 9 11 12 13 14 2
6 8 0 5 10 11 12 13 14 2
6 8 0 7 9 10 11 12 13 1.85164
6 8 0 7 9 10 11 12 14 1.93309
6 8 0 7 9 10 11 13 14 1.93309
6 8 0 7 9 10 12 13 14 1.93309
6 8 0 7 9 11 12 13 14 1.90693
6 8 0 7 10 11 12 13 14 1.85164
6 8 0 9 10 11 12 13 14 2.52543
6 8 1 2 3 4 5 7 9 1
6 8 1 2 3 4 5 7 10 1
6 8 1 2 3 4 5 7 11 1
6 8 1 2 3 4 5 7 12 1
6 8 1 2 3 4 5 7 13 1
6 8 1 2 3 4 5 7 14 1
6 8 1 2 3 4 5 9 10 1
6 8 1 2 3 4 5 9 11 1
6 8 1 2 3 4 5 9 12 1
6 8 1 2 3 4 5 9 13 1
6 8 1 2 3 4 5 9 14 1
6 8 1 2 3 4 5 10 11 1
6 8 1 2 3 4 5 10 12 1
6 8 1 2 3 4 5 10 13 0
6 8 1 2 3 4 5 10 14 1
6 8 1 2 3 4 5 11 12 1
6 8 1 2 3 4 5 11 13 1
6 8 1 2 3 4 5 11 14 1
6 8 1 2 3 4 5 12 13 1
6 8 1 2 3 4 5 12 14 1
6 8 1 2 3 4 5 13 14 0
6 8 1 2 3 4 7 9 10 1
6 8 1 2 3 4 7 9 11 1
6 8 1 2 3 4 7 9 12 1
6 8 1 2 3 4 7 9 13 1
6 8 1 2 3 4 7 9 14 1
6 8 1 2 3 4 7 10 11 1
6 8 1 2 3 4 7 10 12 1
6 8 1 2 3 4 7 10 13 0
6 8 1 2 3 4 7 10 14 1
6 8 1 2 3 4 7 11 12 1
6 8 1 2 3 4 7 11 13 1
6 8 1 2 3 4 7 11 14 1
6 8 1 2 3 4 7 12 13 1
6 8 1 2 3 4 7 12 14 1
6 8 1 2 3 4 7 13 14 0
6 8 1 2 3 4 9 10 11 1
6 8 1 2 3 4 9 10 12 1
6 8 1 2 3 4 9 10 13 1
6 8 1 2 3 4 9 10 14 1
6 8 1 2 3 4 9 11 12 1
6 8 1 2 3 4 9 11 13 1
6 8 1 2 3 4 9 11 14 1
6 8 1 2 3 4 9 12 13 1
6 8 1 2 3 4 9 12 14 1
6 8 1 2 3 4 9 13 14 1
6 8 1 2 3 4 10 11 12 1
6 8 1 2 3 4 10 11 13 1
6 8 1 2 3 4 10 11 14 1
6 8 1 2 3 4 10 12 13 1
6 8 1 2 3 4 10 12 14 1
6 8 1 2 3 4 10 13 14 1
6 8 1 2 3 4 11 12 13 1
6 8 1 2 3 4 11 12 14 1
6 8 1 2 3 4 11 13 14 1
6 8 1 2 3 4 12 13 14 1
6 8 1 2 3 5 7 9 10 1
6 8 1 2 3 5 7 9 11 1.41421
6 8 1 2 3 5 7 9 12 1.41421
6 8 1 2 3 5 7 9 13 1.41421
6 8 1 2 3 5 7 9 14 1
6 8 1 2 3 5 7 10 11 1
6 8 1 2 3 5 7 10 12 1
6 8 1 2 3 5 7 10 13 0
6 8 1 2 3 5 7 10 14 1
6 8 1 2 3 5 7 11 12 1.41421
6 8 1 2 3 5 7 11 13 1.41421
6 8 1 2 3 5 7 11 14 1
6 8 1 2 3 5 7 12 13 1.41421
6 8 1 2 3 5 7 12 14 1
6 8 1 2 3 5 7 13 14 1
6 8 1 2 3 5 9 10 11 1
6 8 1 2 3 5 9 10 12 1
6 8 1 2 3 5 9 10 13 0
6 8 1 2 3 5 9 10 14 1
6 8 1 2 3 5 9 11 12 1.41421
6 8 1 2 3 5 9 11 13 1.41421
6 8 1 2 3 5 9 11 14 1
6 8 1 2 3 5 9 12 13 1.41421
6 8 1 2 3 5 9 12 14 1
6 8 1 2 3 5 9 13 14 1
6 8 1 2 3 5 10 11 12 1
6 8 1 2 3 5 10 11 13 0
6 8 1 2 3 5 10 11 14 1
6 8 1 2 3 5 10 12 13 0
6 8 1 2 3 5 10 12 14 1
6 8 1 2 3 5 10 13 14 0
6 8 1 2 3 5 11 12 13 1.41421
6 8 1 2 3 5 11 12 14 1
6 8 1 2 3 5 11 13 14 1
6 8 1 2 3 5 12 13 14 1
6 8 1 2 3 7 9 10 11 1
6 8 1 2 3 7 9 10 12 1
6 8 1 2 3 7 9 10 13 1
6 8 1 2 3 7 9 10 14 1
6 8 1 2 3 7 9 11 12 1.62019
6 8 1 2 3 7 9 11 13 1.62019
6 8 1 2 3 7 9 11 14 1.41421
6 8 1 2 3 7 9 12 13 1.62019
6 8 1 2 3 7 9 12 14 1.41421
6 8 1 2 3 7 9 13 14 1.41421
6 8 1 2 3 7 10 11 12 1
6 8 1 2 3 7 10 11 13 1
6 8 1 2 3 7 10 11 14 1
6 8 1 2 3 7 10 12 13 1
6 8 1 2 3 7 10 12 14 1
6 8 1 2 3 7 10 13 14 1
6 8 1 2 3 7 11 12 13 1.62019
6 8 1 2 3 7 11 12 14 1.41421
6 8 1 2 3 7 11 13 14 1.41421
6 8 1 2 3 7 12 13 14 1.41421
6 8 1 2 3 9 10 11 12 1.41421
6 8 1 2 3 9 10 11 13 1.41421
6 8 1 2 3 9 10 11 14 1.41421
6 8 1 2 3 9 10 12 13 1.41421
6 8 1 2 3 9 10 12 14 1.41421
6 8 1 2 3 9 10 13 14 1.41421
6 8 1 2 3 9 11 12 13 1.73205
6 8 1 2 3 9 11 12 14 1.62019
6 8 1 2 3 9 11 13 14 1.62019
6 8 1 2 3 9 12 13 14 1.62019
6 8 1 2 3 10 11 12 13 1.41421
6 8 1 2 3 10 11 12 14 1.41421
6 8 1 2 3 10 11 13 14 1.41421
6 8 1 2 3 10 12 13 14 1.41421
6 8 1 2 3 11 12 13 14 1.62019
6 8 1 2 4 5 7 9 10 1
6 8 1 2 4 5 7 9 11 1
6 8 1 2 4 5 7 9 12 1
6 8 1 2 4 5 7 9 13 1
6 8 1 2 4 5 7 9 14 1
6 8 1 2 4 5 7 10 11 1
6 8 1 2 4 5 7 10 12 1
6 8 1 2 4 5 7 10 13 1
6 8 1 2 4 5 7 10 14 1
6 8 1 2 4 5 7 11 12 1
6 8 1 2 4 5 7 11 13 1
6 8 1 2 4 5 7 11 14 1
6 8 1 2 4 5 7 12 13 1
6 8 1 2 4 5 7 12 14 1
6 8 1 2 4 5 7 13 14 1
6 8 1 2 4 5 9 10 11 1
6 8 1 2 4 5 9 10 12 1.41421
6 8 1 2 4 5 9 10 13 1.41421
6 8 1 2 4 5 9 10 14 1.41421
6 8 1 2 4 5 9 11 12 1
6 8 1 2 4 5 9 11 13 1
6 8 1 2 4 5 9 11 14 1
6 8 1 2 4 5 9 12 13 1.41421
6 8 1 2 4 5 9 12 14 1.41421
6 8 1 2 4 5 9 13 14 1.41421
6 8 1 2 4 5 10 11 12 1
6 8 1 2 4 5 10 11 13 1
6 8 1 2 4 5 10 11 14 1
6 8 1 2 4 5 10 12 13 1.41421
6 8 1 2 4 5 10 12 14 1.41421
6 8 1 2 4 5 10 13 14 1.41421
6 8 1 2 4 5 11 12 13 1
6 8 1 2 4 5 11 12 14 1
6 8 1 2 4 5 11 13 14 1
6 8 1 2 4 5 12 13 14 1.41421
6 8 1 2 4 7 9 10 11 1
6 8 1 2 4 7 9 10 12 1
6 8 1 2 4 7 9 10 13 1
6 8 1 2 4 7 9 10 14 1
6 8 1 2 4 7 9 11 12 1
6 8 1 2 4 7 9 11 13 1
6 8 1 2 4 7 9 11 14 1
6 8 1 2 4 7 9 12 13 1
6 8 1 2 4 7 9 12 14 1
6 8 1 2 4 7 9 13 14 1
6 8 1 2 4 7 10 11 12 1
6 8 1 2 4 7 10 11 13 0
6 8 1 2 4 7 10 11 14 1
6 8 1 2 4 7 10 12 13 1
6 8 1 2 4 7 10 12 14 1
6 8 1 2 4 7 10 13 14 1
6 8 1 2 4 7 11 12 13 1
6 8 1 2 4 7 11 12 14 1
6 8 1 2 4 7 11 13 14 0
6 8 1 2 4 7 12 13 14 1
6 8 1 2 4 9 10 11 12 1.41421
6 8 1 2 4 9 10 11 13 1.41421
6 8 1 2 4 9 10 11 14 1.41421
6 8 1 2 4 9 10 12 13 1.62019
6 8 1 2 4 9 10 12 14 1.62019
6 8 1 2 4 9 10 13 14 1.62019
6 8 1 2 4 9 11 12 13 1.41421
6 8 1 2 4 9 11 12 14 1.41421
6 8 1 2 4 9 11 13 14 1.41421
6 8 1 2 4 9 12 13 14 1.62019
6 8 1 2 4 10 11 12 13 1.41421
6 8 1 2 4 10 11 12 14 1.41421
6 8 1 2 4 10 11 13 14 1.41421
6 8 1 2 4 10 12 13 14 1.62019
6 8 1 2 4 11 12 13 14 1.41421
6 8 1 2 5 7 9 10 11 1
6 8 1 2 5 7 9 10 12 1
6 8 1 2 5 7 9 10 13 1
6 8 1 2 5 7 9 10 14 1
6 8 1 2 5 7 9 11 12 1.41421
6 8 1 2 5 7 9 11 13 1.41421
6 8 1 2 5 7 9 11 14 1
6 8 1 2 5 7 9 12 13 1.41421
6 8 1 2 5 7 9 12 14 1
6 8 1 2 5 7 9 13 14 1
6 8 1 2 5 7 10 11 12 1
6 8 1 2 5 7 10 11 13 0
6 8 1 2 5 7 10 11 14 1
6 8 1 2 5 7 10 12 13 1
6 8 1 2 5 7 10 12 14 1
6 8 1 2 5 7 10 13 14 1
6 8 1 2 5 7 11 12 13 1.41421
6 8 1 2 5 7 11 12 14 1
6 8 1 2 5 7 11 13 14 1
6 8 1 2 5 7 12 13 14 1
6 8 1 2 5 9 10 11 12 1
6 8 1 2 5 9 10 11 13 1
6 8 1 2 5 9 10 11 14 1
6 8 1 2 5 9 10 12 13 1.41421
6 8 1 2 5 9 10 12 14 1.41421
6 8 1 2 5 9 10 13 14 1.41421
6 8 1 2 5 9 11 12 13 1.41421
6 8 1 2 5 9 11 12 14 1
6 8 1 2 5 9 11 13 14 1
6 8 1 2 5 9 12 13 14 1.41421
6 8 1 2 5 10 11 12 13 1
6 8 1 2 5 10 11 12 14 1
6 8 1 2 5 10 11 13 14 1
6 8 1 2 5 10 12 13 14 1.41421
6 8 1 2 5 11 12 13 14 1
6 8 1 2 7 9 10 11 12 1
6 8 1 2 7 9 10 11 13 1
6 8 1 2 7 9 10 11 14 1
6 8 1 2 7 9 10 12 13 1
6 8 1 2 7 9 10 12 14 1
6 8 1 2 7 9 10 13 14 1
6 8 1 2 7 9 11 12 13 1.62019
6 8 1 2 7 9 11 12 14 1.41421
6 8 1 2 7 9 11 13 14 1.41421
6 8 1 2 7 9 12 13 14 1.41421
6 8 1 2 7 10 11 12 13 1
6 8 1 2 7 10 11 12 14 1
6 8 1 2 7 10 11 13 14 1
6 8 1 2 7 10 12 13 14 1
6 8 1 2 7 11 12 13 14 1.41421
6 8 1 2 9 10 11 12 13 1.62019
6 8 1 2 9 10 11 12 14 1.62019
6 8 1 2 9 10 11 13 14 1.62019
6 8 1 2 9 10 12 13 14 1.73205
6 8 1 2 9 11 12 13 14 1.73205
6 8 1 2 10 11 12 13 14 1.62019
6 8 1 3 4 5 7 9 10 1
6 8 1 3 4 5 7 9 11 1
6 8 1 3 4 5 7 9 12 1
6 8 1 3 4 5 7 9 13 1
6 8 1 3 4 5 7 9 14 1
6 8 1 3 4 5 7 10 11 1
6 8 1 3 4 5 7 10 12 1
6 8 1 3 4 5 7 10 13 0
6 8 1 3 4 5 7 10 14 1
6 8 1 3 4 5 7 11 12 1
6 8 1 3 4 5 7 11 13 1
6 8 1 3 4 5 7 11 14 1
6 8 1 3 4 5 7 12 13 1
6 8 1 3 4 5 7 12 14 1
6 8 1 3 4 5 7 13 14 0
6 8 1 3 4 5 9 10 11 1
6 8 1 3 4 5 9 10 12 1
6 8 1 3 4 5 9 10 13 0
6 8 1 3 4 5 9 10 14 1
6 8 1 3 4 5 9 11 12 1
6 8 1 3 4 5 9 11 13 1
6 8 1 3 4 5 9 11 14 1
6 8 1 3 4 5 9 12 13 1
6 8 1 3 4 5 9 12 14 1
6 8 1 3 4 5 9 13 14 0
6 8 1 3 4 5 10 11 12 1
6 8 1 3 4 5 10 11 13 0
6 8 1 3 4 5 10 11 14 1
6 8 1 3 4 5 10 12 13 0
6 8 1 3 4 5 10 12 14 1
6 8 1 3 4 5 10 13 14 0
6 8 1 3 4 5 11 12 13 1
6 8 1 3 4 5 11 12 14 1
6 8 1 3 4 5 11 13 14 0
6 8 1 3 4 5 12 13 14 0
6 8 1 3 4 7 9 10 11 1
6 8 1 3 4 7 9 10 12 1
6 8 1 3 4 7 9 10 13 1
6 8 1 3 4 7 9 10 14 1
6 8 1 3 4 7 9 11 12 1
6 8 1 3 4 7 9 11 13 1
6 8 1 3 4 7 9 11 14 1
6 8 1 3 4 7 9 12 13 1
6 8 1 3 4 7 9 12 14 1
6 8 1 3 4 7 9 13 14 1
6 8 1 3 4 7 10 11 12 1
6 8 1 3 4 7 10 11 13 1
6 8 1 3 4 7 10 11 14 1
6 8 1 3 4 7 10 12 13 1
6 8 1 3 4 7 10 12 14 1
6 8 1 3 4 7 10 13 14 1
6 8 1 3 4 7 11 12 13 1
6 8 1 3 4 7 11 12 14 1
6 8 1 3 4 7 11 13 14 1
6 8 1 3 4 7 12 13 14 1
6 8 1 3 4 9 10 11 12 1.41421
6 8 1 3 4 9 10 11 13 1.41421
6 8 1 3 4 9 10 11 14 1.41421
6 8 1 3 4 9 10 12 13 1.41421
6 8 1 3 4 9 10 12 14 1.41421
6 8 1 3 4 9 10 13 14 1.41421
6 8 1 3 4 9 11 12 13 1.41421
6 8 1 3 4 9 11 12 14 1.41421
6 8 1 3 4 9 11 13 14 1.41421
6 8 1 3 4 9 12 13 14 1.41421
6 8 1 3 4 10 11 12 13 1.41421
6 8 1 3 4 10 11 12 14 1.41421
6 8 1 3 4 10 11 13 14 1.41421
6 8 1 3 4 10 12 13 14 1.41421
6 8 1 3 4 11 12 13 14 1.41421
6 8 1 3 5 7 9 10 11 1
6 8 1 3 5 7 9 10 12 1
6 8 1 3 5 7 9 10 13 0
6 8 1 3 5 7 9 10 14 1
6 8 1 3 5 7 9 11 12 1.41421
6 8 1 3 5 7 9 11 13 1.41421
6 8 1 3 5 7 9 11 14 1
6 8 1 3 5 7 9 12 13 1.41421
6 8 1 3 5 7 9 12 14 1
6 8 1 3 5 7 9 13 14 1
6 8 1 3 5 7 10 11 12 1
6 8 1 3 5 7 10 11 13 0
6 8 1 3 5 7 10 11 14 1
6 8 1 3 5 7 10 12 13 0
6 8 1 3 5 7 10 12 14 1
6 8 1 3 5 7 10 13 14 0
6 8 1 3 5 7 11 12 13 1.41421
6 8 1 3 5 7 11 12 14 1
6 8 1 3 5 7 11 13 14 1
6 8 1 3 5 7 12 13 14 1
6 8 1 3 5 9 10 11 12 1
6 8 1 3 5 9 10 11 13 0
6 8 1 3 5 9 10 11 14 1
6 8 1 3 5 9 10 12 13 0
6 8 1 3 5 9 10 12 14 1
6 8 1 3 5 9 10 13 14 0
6 8 1 3 5 9 11 12 13 1.41421
6 8 1 3 5 9 11 12 14 1
6 8 1 3 5 9 11 13 14 1
6 8 1 3 5 9 12 13 14 1
6 8 1 3 5 10 11 12 13 0
6 8 1 3 5 10 11 12 14 1
6 8 1 3 5 10 11 13 14 0
6 8 1 3 5 10 12 13 14 0
6 8 1 3 5 11 12 13 14 1
6 8 1 3 7 9 10 11 12 1.41421
6 8 1 3 7 9 10 11 13 1.41421
6 8 1 3 7 9 10 11 14 1.41421
6 8 1 3 7 9 10 12 13 1.41421
6 8 1 3 7 9 10 12 14 1.41421
6 8 1 3 7 9 10 13 14 1.41421
6 8 1 3 7 9 11 12 13 1.73205
6 8 1 3 7 9 11 12 14 1.62019
6 8 1 3 7 9 11 13 14 1.62019
6 8 1 3 7 9 12 13 14 1.62019
6 8 1 3 7 10 11 12 13 1.41421
6 8 1 3 7 10 11 12 14 1.41421
6 8 1 3 7 10 11 13 14 1.41421
6 8 1 3 7 10 12 13 14 1.41421
6 8 1 3 7 11 12 13 14 1.62019
6 8 1 3 9 10 11 12 13 1.73205
6 8 1 3 9 10 11 12 14 1.73205
6 8 1 3 9 10 11 13 14 1.73205
6 8 1 3 9 10 12 13 14 1.73205
6 8 1 3 9 11 12 13 14 1.85164
6 8 1 3 10 11 12 13 14 1.73205
6 8 1 4 5 7 9 10 11 1
6 8 1 4 5 7 9 10 12 1.41421
6 8 1 4 5 7 9 10 13 1.41421
6 8 1 4 5 7 9 10 14 1.41421
6 8 1 4 5 7 9 11 12 1
6 8 1 4 5 7 9 11 13 1
6 8 1 4 5 7 9 11 14 1
6 8 1 4 5 7 9 12 13 1.41421
6 8 1 4 5 7 9 12 14 1.41421
6 8 1 4 5 7 9 13 14 1.41421
6 8 1 4 5 7 10 11 12 1
6 8 1 4 5 7 10 11 13 1
6 8 1 4 5 7 10 11 14 1
6 8 1 4 5 7 10 12 13 1.41421
6 8 1 4 5 7 10 12 14 1.41421
6 8 1 4 5 7 10 13 14 1.41421
6 8 1 4 5 7 11 12 13 1
6 8 1 4 5 7 11 12 14 1
6 8 1 4 5 7 11 13 14 1
6 8 1 4 5 7 12 13 14 1.41421
6 8 1 4 5 9 10 11 12 1.41421
6 8 1 4 5 9 10 11 13 1.41421
6 8 1 4 5 9 10 11 14 1.41421
6 8 1 4 5 9 10 12 13 1.73205
6 8 1 4 5 9 10 12 14 1.73205
6 8 1 4 5 9 10 13 14 1.73205
6 8 1 4 5 9 11 12 13 1.41421
6 8 1 4 5 9 11 12 14 1.41421
6 8 1 4 5 9 11 13 14 1.41421
6 8 1 4 5 9 12 13 14 1.73205
6 8 1 4 5 10 11 12 13 1.41421
6 8 1 4 5 10 11 12 14 1.41421
6 8 1 4 5 10 11 13 14 1.41421
6 8 1 4 5 10 12 13 14 1.73205
6 8 1 4 5 11 12 13 14 1.41421
6 8 1 4 7 9 10 11 12 1.41421
6 8 1 4 7 9 10 11 13 1.41421
6 8 1 4 7 9 10 11 14 1.41421
6 8 1 4 7 9 10 12 13 1.62019
6 8 1 4 7 9 10 12 14 1.62019
6 8 1 4 7 9 10 13 14 1.62019
6 8 1 4 7 9 11 12 13 1.41421
6 8 1 4 7 9 11 12 14 1.41421
6 8 1 4 7 9 11 13 14 1.41421
6 8 1 4 7 9 12 13 14 1.62019
6 8 1 4 7 10 11 12 13 1.41421
6 8 1 4 7 10 11 12 14 1.41421
6 8 1 4 7 10 11 13 14 1.41421
6 8 1 4 7 10 12 13 14 1.62019
6 8 1 4 7 11 12 13 14 1.41421
6 8 1 4 9 10 11 12 13 2
6 8 1 4 9 10 11 12 14 2
6 8 1 4 9 10 11 13 14 2
6 8 1 4 9 10 12 13 14 2.13664
6 8 1 4 9 11 12 13 14 2
6 8 1 4 10 11 12 13 14 2
6 8 1 5 7 9 10 11 12 1
6 8 1 5 7 9 10 11 13 1
6 8 1 5 7 9 10 11 14 1
6 8 1 5 7 9 10 12 13 1.41421
6 8 1 5 7 9 10 12 14 1.41421
6 8 1 5 7 9 10 13 14 1.41421
6 8 1 5 7 9 11 12 13 1.41421
6 8 1 5 7 9 11 12 14 1
6 8 1 5 7 9 11 13 14 1
6 8 1 5 7 9 12 13 14 1.41421
6 8 1 5 7 10 11 12 13 1
6 8 1 5 7 10 11 12 14 1
6 8 1 5 7 10 11 13 14 1
6 8 1 5 7 10 12 13 14 1.41421
6 8 1 5 7 11 12 13 14 1
6 8 1 5 9 10 11 12 13 1.41421
6 8 1 5 9 10 11 12 14 1.41421
6 8 1 5 9 10 11 13 14 1.41421
6 8 1 5 9 10 12 13 14 1.73205
6 8 1 5 9 11 12 13 14 1.41421
6 8 1 5 10 11 12 13 14 1.41421
6 8 1 7 9 10 11 12 13 1.62019
6 8 1 7 9 10 11 12 14 1.62019
6 8 1 7 9 10 11 13 14 1.62019
6 8 1 7 9 10 12 13 14 1.73205
6 8 1 7 9 11 12 13 14 1.73205
6 8 1 7 10 11 12 13 14 1.62019
6 8 1 9 10 11 12 13 14 2.13664
6 8 2 3 4 5 7 9 10 1.62019
6 8 2 3 4 5 7 9 11 1.62019
6 8 2 3 4 5 7 9 12 1.41421
6 8 2 3 4 5 7 9 13 1
6 8 2 3 4 5 7 9 14 1.62019
6 8 2 3 4 5 7 10 11 1.62019
6 8 2 3 4 5 7 10 12 1.41421
6 8 2 3 4 5 7 10 13 1
6 8 2 3 4 5 7 10 14 1.62019
6 8 2 3 4 5 7 11 12 1.41421
6 8 2 3 4 5 7 11 13 1
6 8 2 3 4 5 7 11 14 1.62019
6 8 2 3 4 5 7 12 13 1
6 8 2 3 4 5 7 12 14 1.41421
6 8 2 3 4 5 7 13 14 1
6 8 2 3 4 5 9 10 11 1.85164
6 8 2 3 4 5 9 10 12 1.62019
6 8 2 3 4 5 9 10 13 1.41421
6 8 2 3 4 5 9 10 14 1.85164
6 8 2 3 4 5 9 11 12 1.62019
6 8 2 3 4 5 9 11 13 1.41421
6 8 2 3 4 5 9 11 14 1.85164
6 8 2 3 4 5 9 12 13 1
6 8 2 3 4 5 9 12 14 1.62019
6 8 2 3 4 5 9 13 14 1.41421
6 8 2 3 4 5 10 11 12 1.62019
6 8 2 3 4 5 10 11 13 1.41421
6 8 2 3 4 5 10 11 14 1.85164
6 8 2 3 4 5 10 12 13 1
6 8 2 3 4 5 10 12 14 1.62019
6 8 2 3 4 5 10 13 14 1.41421
6 8 2 3 4 5 11 12 13 1
6 8 2 3 4 5 11 12 14 1.62019
6 8 2 3 4 5 11 13 14 1.41421
6 8 2 3 4 5 12 13 14 1
6 8 2 3 4 7 9 10 11 1.62019
6 8 2 3 4 7 9 10 12 1.41421
6 8 2 3 4 7 9 10 13 1
6 8 2 3 4 7 9 10 14 1.62019
6 8 2 3 4 7 9 11 12 1.41421
6 8 2 3 4 7 9 11 13 1
6 8 2 3 4 7 9 11 14 1.62019
6 8 2 3 4 7 9 12 13 1
6 8 2 3 4 7 9 12 14 1.41421
6 8 2 3 4 7 9 13 14 1
6 8 2 3 4 7 10 11 12 1.41421
6 8 2 3 4 7 10 11 13 1
6 8 2 3 4 7 10 11 14 1.62019
6 8 2 3 4 7 10 12 13 0
6 8 2 3 4 7 10 12 14 1.41421
6 8 2 3 4 7 10 13 14 1
6 8 2 3 4 7 11 12 13 1
6 8 2 3 4 7 11 12 14 1.41421
6 8 2 3 4 7 11 13 14 1
6 8 2 3 4 7 12 13 14 0
6 8 2 3 4 9 10 11 12 1.73205
6 8 2 3 4 9 10 11 13 1.62019
6 8 2 3 4 9 10 11 14 1.93309
6 8 2 3 4 9 10 12 13 1.41421
6 8 2 3 4 9 10 12 14 1.73205
6 8 2 3 4 9 10 13 14 1.62019
6 8 2 3 4 9 11 12 13 1.41421
6 8 2 3 4 9 11 12 14 1.73205
6 8 2 3 4 9 11 13 14 1.62019
6 8 2 3 4 9 12 13 14 1.41421
6 8 2 3 4 10 11 12 13 1.41421
6 8 2 3 4 10 11 12 14 1.73205
6 8 2 3 4 10 11 13 14 1.62019
6 8 2 3 4 10 12 13 14 1.41421
6 8 2 3 4 11 12 13 14 1.41421
6 8 2 3 5 7 9 10 11 1.62019
6 8 2 3 5 7 9 10 12 1.41421
6 8 2 3 5 7 9 10 13 1
6 8 2 3 5 7 9 10 14 1.62019
6 8 2 3 5 7 9 11 12 1.41421
6 8 2 3 5 7 9 11 13 1.41421
6 8 2 3 5 7 9 11 14 1.62019
6 8 2 3 5 7 9 12 13 1.41421
6 8 2 3 5 7 9 12 14 1.41421
6 8 2 3 5 7 9 13 14 1
6 8 2 3 5 7 10 11 12 1.41421
6 8 2 3 5 7 10 11 13 1
6 8 2 3 5 7 10 11 14 1.62019
6 8 2 3 5 7 10 12 13 0
6 8 2 3 5 7 10 12 14 1.41421
6 8 2 3 5 7 10 13 14 1
6 8 2 3 5 7 11 12 13 1.41421
6 8 2 3 5 7 11 12 14 1.41421
6 8 2 3 5 7 11 13 14 1
6 8 2 3 5 7 12 13 14 1
6 8 2 3 5 9 10 11 12 1.62019
6 8 2 3 5 9 10 11 13 1.41421
6 8 2 3 5 9 10 11 14 1.85164
6 8 2 3 5 9 10 12 13 1
6 8 2 3 5 9 10 12 14 1.62019
6 8 2 3 5 9 10 13 14 1.41421
6 8 2 3 5 9 11 12 13 1.41421
6 8 2 3 5 9 11 12 14 1.62019
6 8 2 3 5 9 11 13 14 1.41421
6 8 2 3 5 9 12 13 14 1
6 8 2 3 5 10 11 12 13 1
6 8 2 3 5 10 11 12 14 1.62019
6 8 2 3 5 10 11 13 14 1.41421
6 8 2 3 5 10 12 13 14 1
6 8 2 3 5 11 12 13 14 1
6 8 2 3 7 9 10 11 12 1.41421
6 8 2 3 7 9 10 11 13 1
6 8 2 3 7 9 10 11 14 1.62019
6 8 2 3 7 9 10 12 13 1
6 8 2 3 7 9 10 12 14 1.41421
6 8 2 3 7 9 10 13 14 1
6 8 2 3 7 9 11 12 13 1.62019
6 8 2 3 7 9 11 12 14 1.41421
6 8 2 3 7 9 11 13 14 1.41421
6 8 2 3 7 9 12 13 14 1.41421
6 8 2 3 7 10 11 12 13 1
6 8 2 3 7 10 11 12 14 1.41421
6 8 2 3 7 10 11 13 14 1
6 8 2 3 7 10 12 13 14 1
6 8 2 3 7 11 12 13 14 1.41421
6 8 2 3 9 10 11 12 13 1.62019
6 8 2 3 9 10 11 12 14 1.81265
6 8 2 3 9 10 11 13 14 1.73205
6 8 2 3 9 10 12 13 14 1.62019
6 8 2 3 9 11 12 13 14 1.73205
6 8 2 3 10 11 12 13 14 1.62019
6 8 2 4 5 7 9 10 11 1.62019
6 8 2 4 5 7 9 10 12 1.41421
6 8 2 4 5 7 9 10 13 1
6 8 2 4 5 7 9 10 14 1.62019
6 8 2 4 5 7 9 11 12 1.41421
6 8 2 4 5 7 9 11 13 1
6 8 2 4 5 7 9 11 14 1.62019
6 8 2 4 5 7 9 12 13 1
6 8 2 4 5 7 9 12 14 1.41421
6 8 2 4 5 7 9 13 14 1
6 8 2 4 5 7 10 11 12 1.41421
6 8 2 4 5 7 10 11 13 1
6 8 2 4 5 7 10 11 14 1.62019
6 8 2 4 5 7 10 12 13 1
6 8 2 4 5 7 10 12 14 1.41421
6 8 2 4 5 7 10 13 14 1
6 8 2 4 5 7 11 12 13 1
6 8 2 4 5 7 11 12 14 1.41421
6 8 2 4 5 7 11 13 14 1
6 8 2 4 5 7 12 13 14 1
6 8 2 4 5 9 10 11 12 1.73205
6 8 2 4 5 9 10 11 13 1.62019
6 8 2 4 5 9 10 11 14 1.93309
6 8 2 4 5 9 10 12 13 1.62019
6 8 2 4 5 9 10 12 14 1.81265
6 8 2 4 5 9 10 13 14 1.73205
6 8 2 4 5 9 11 12 13 1.41421
6 8 2 4 5 9 11 12 14 1.73205
6 8 2 4 5 9 11 13 14 1.62019
6 8 2 4 5 9 12 13 14 1.62019
6 8 2 4 5 10 11 12 13 1.41421
6 8 2 4 5 10 11 12 14 1.73205
6 8 2 4 5 10 11 13 14 1.62019
6 8 2 4 5 10 12 13 14 1.62019
6 8 2 4 5 11 12 13 14 1.41421
6 8 2 4 7 9 10 11 12 1.41421
6 8 2 4 7 9 10 11 13 1
6 8 2 4 7 9 10 11 14 1.62019
6 8 2 4 7 9 10 12 13 1
6 8 2 4 7 9 10 12 14 1.41421
6 8 2 4 7 9 10 13 14 1
6 8 2 4 7 9 11 12 13 1
6 8 2 4 7 9 11 12 14 1.41421
6 8 2 4 7 9 11 13 14 1
6 8 2 4 7 9 12 13 14 1
6 8 2 4 7 10 11 12 13 0
6 8 2 4 7 10 11 12 14 1.41421
6 8 2 4 7 10 11 13 14 1
6 8 2 4 7 10 12 13 14 1
6 8 2 4 7 11 12 13 14 0
6 8 2 4 9 10 11 12 13 1.73205
6 8 2 4 9 10 11 12 14 1.90693
6 8 2 4 9 10 11 13 14 1.85164
6 8 2 4 9 10 12 13 14 1.85164
6 8 2 4 9 11 12 13 14 1.73205
6 8 2 4 10 11 12 13 14 1.73205
6 8 2 5 7 9 10 11 12 1.41421
6 8 2 5 7 9 10 11 13 1
6 8 2 5 7 9 10 11 14 1.62019
6 8 2 5 7 9 10 12 13 1
6 8 2 5 7 9 10 12 14 1.41421
6 8 2 5 7 9 10 13 14 1
6 8 2 5 7 9 11 12 13 1.41421
6 8 2 5 7 9 11 12 14 1.41421
6 8 2 5 7 9 11 13 14 1
6 8 2 5 7 9 12 13 14 1
6 8 2 5 7 10 11 12 13 0
6 8 2 5 7 10 11 12 14 1.41421
6 8 2 5 7 10 11 13 14 1
6 8 2 5 7 10 12 13 14 1
6 8 2 5 7 11 12 13 14 1
6 8 2 5 9 10 11 12 13 1.41421
6 8 2 5 9 10 11 12 14 1.73205
6 8 2 5 9 10 11 13 14 1.62019
6 8 2 5 9 10 12 13 14 1.62019
6 8 2 5 9 11 12 13 14 1.41421
6 8 2 5 10 11 12 13 14 1.41421
6 8 2 7 9 10 11 12 13 1
6 8 2 7 9 10 11 12 14 1.41421
6 8 2 7 9 10 11 13 14 1
6 8 2 7 9 10 12 13 14 1
6 8 2 7 9 11 12 13 14 1.41421
6 8 2 7 10 11 12 13 14 1
6 8 2 9 10 11 12 13 14 1.85164
6 8 3 4 5 7 9 10 11 1.85164
6 8 3 4 5 7 9 10 12 1.62019
6 8 3 4 5 7 9 10 13 1.41421
6 8 3 4 5 7 9 10 14 1.85164
6 8 3 4 5 7 9 11 12 1.62019
6 8 3 4 5 7 9 11 13 1.41421
6 8 3 4 5 7 9 11 14 1.85164
6 8 3 4 5 7 9 12 13 1
6 8 3 4 5 7 9 12 14 1.62019
6 8 3 4 5 7 9 13 14 1.41421
6 8 3 4 5 7 10 11 12 1.62019
6 8 3 4 5 7 10 11 13 1.41421
6 8 3 4 5 7 10 11 14 1.85164
6 8 3 4 5 7 10 12 13 1
6 8 3 4 5 7 10 12 14 1.62019
6 8 3 4 5 7 10 13 14 1.41421
6 8 3 4 5 7 11 12 13 1
6 8 3 4 5 7 11 12 14 1.62019
6 8 3 4 5 7 11 13 14 1.41421
6 8 3 4 5 7 12 13 14 1
6 8 3 4 5 9 10 11 12 1.85164
6 8 3 4 5 9 10 11 13 1.73205
6 8 3 4 5 9 10 11 14 2.07802
6 8 3 4 5 9 10 12 13 1.41421
6 8 3 4 5 9 10 12 14 1.85164
6 8 3 4 5 9 10 13 14 1.73205
6 8 3 4 5 9 11 12 13 1.41421
6 8 3 4 5 9 11 12 14 1.85164
6 8 3 4 5 9 11 13 14 1.73205
6 8 3 4 5 9 12 13 14 1.41421
6 8 3 4 5 10 11 12 13 1.41421
6 8 3 4 5 10 11 12 14 1.85164
6 8 3 4 5 10 11 13 14 1.73205
6 8 3 4 5 10 12 13 14 1.41421
6 8 3 4 5 11 12 13 14 1.41421
6 8 3 4 7 9 10 11 12 1.73205
6 8 3 4 7 9 10 11 13 1.62019
6 8 3 4 7 9 10 11 14 1.93309
6 8 3 4 7 9 10 12 13 1.41421
6 8 3 4 7 9 10 12 14 1.73205
6 8 3 4 7 9 10 13 14 1.62019
6 8 3 4 7 9 11 12 13 1.41421
6 8 3 4 7 9 11 12 14 1.73205
6 8 3 4 7 9 11 13 14 1.62019
6 8 3 4 7 9 12 13 14 1.41421
6 8 3 4 7 10 11 12 13 1.41421
6 8 3 4 7 10 11 12 14 1.73205
6 8 3 4 7 10 11 13 14 1.62019
6 8 3 4 7 10 12 13 14 1.41421
6 8 3 4 7 11 12 13 14 1.41421
6 8 3 4 9 10 11 12 13 2
6 8 3 4 9 10 11 12 14 2.16025
6 8 3 4 9 10 11 13 14 2.13664
6 8 3 4 9 10 12 13 14 2
6 8 3 4 9 11 12 13 14 2
6 8 3 4 10 11 12 13 14 2
6 8 3 5 7 9 10 11 12 1.62019
6 8 3 5 7 9 10 11 13 1.41421
6 8 3 5 7 9 10 11 14 1.85164
6 8 3 5 7 9 10 12 13 1
6 8 3 5 7 9 10 12 14 1.62019
6 8 3 5 7 9 10 13 14 1.41421
6 8 3 5 7 9 11 12 13 1.41421
6 8 3 5 7 9 11 12 14 1.62019
6 8 3 5 7 9 11 13 14 1.41421
6 8 3 5 7 9 12 13 14 1
6 8 3 5 7 10 11 12 13 1
6 8 3 5 7 10 11 12 14 1.62019
6 8 3 5 7 10 11 13 14 1.41421
6 8 3 5 7 10 12 13 14 1
6 8 3 5 7 11 12 13 14 1
6 8 3 5 9 10 11 12 13 1.41421
6 8 3 5 9 10 11 12 14 1.85164
6 8 3 5 9 10 11 13 14 1.73205
6 8 3 5 9 10 12 13 14 1.41421
6 8 3 5 9 11 12 13 14 1.41421
6 8 3 5 10 11 12 13 14 1.41421
6 8 3 7 9 10 11 12 13 1.62019
6 8 3 7 9 10 11 12 14 1.81265
6 8 3 7 9 10 11 13 14 1.73205
6 8 3 7 9 10 12 13 14 1.62019
6 8 3 7 9 11 12 13 14 1.73205
6 8 3 7 10 11 12 13 14 1.62019
6 8 3 9 10 11 12 13 14 2.13664
6 8 4 5 7 9 10 11 12 1.73205
6 8 4 5 7 9 10 11 13 1.62019
6 8 4 5 7 9 10 11 14 1.93309
6 8 4 5 7 9 10 12 13 1.62019
6 8 4 5 7 9 10 12 14 1.81265
6 8 4 5 7 9 10 13 14 1.73205
6 8 4 5 7 9 11 12 13 1.41421
6 8 4 5 7 9 11 12 14 1.73205
6 8 4 5 7 9 11 13 14 1.62019
6 8 4 5 7 9 12 13 14 1.62019
6 8 4 5 7 10 11 12 13 1.41421
6 8 4 5 7 10 11 12 14 1.73205
6 8 4 5 7 10 11 13 14 1.62019
6 8 4 5 7 10 12 13 14 1.62019
6 8 4 5 7 11 12 13 14 1.41421
6 8 4 5 9 10 11 12 13 2
6 8 4 5 9 10 11 12 14 2.16025
6 8 4 5 9 10 11 13 14 2.13664
6 8 4 5 9 10 12 13 14 2.13664
6 8 4 5 9 11 12 13 14 2
6 8 4 5 10 11 12 13 14 2
6 8 4 7 9 10 11 12 13 1.73205
6 8 4 7 9 10 11 12 14 1.90693
6 8 4 7 9 10 11 13 14 1.85164
6 8 4 7 9 10 12 13 14 1.85164
6 8 4 7 9 11 12 13 14 1.73205
6 8 4 7 10 11 12 13 14 1.73205
6 8 4 9 10 11 12 13 14 2.44949
6 8 5 7 9 10 11 12 13 1.41421
6 8 5 7 9 10 11 12 14 1.73205
6 8 5 7 9 10 11 13 14 1.62019
6 8 5 7 9 10 12 13 14 1.62019
6 8 5 7 9 11 12 13 14 1.41421
6 8 5 7 10 11 12 13 14 1.41421
6 8 5 9 10 11 12 13 14 2
6 8 7 9 10 11 12 13 14 1.85164
