0 1 2.44949
0 2 2.38921
0 3 2.60641
0 4 2.78806
0 5 2.58429
0 6 2.85579
0 7 2.38921
0 8 2.74563
0 9 2.86059
0 10 2.8057
0 11 2.82373
0 12 2.80244
0 13 2.80244
0 14 2.84952
1 2 1.97531
1 3 2
1 4 2.19089
1 5 1.90693
1 6 2.44949
1 7 1.97531
1 8 2.38048
1 9 2.44949
1 10 2.28446
1 11 2.23607
1 12 2.44949
1 13 2.44949
1 14 2.38048
2 3 2.326
2 4 2.32857
2 5 2.27429
2 6 2.44949
2 7 2.08167
2 8 2.19848
2 9 2.42015
2 10 2.29374
2 11 2.38791
2 12 2.39046
2 13 2.29827
2 14 2.382
3 4 2.53859
3 5 2.37
3 6 2.63095
3 7 2.326
3 8 2.42507
3 9 2.63095
3 10 2.52678
3 11 2.63095
3 12 2.51916
3 13 2.50333
3 14 2.60951
4 5 2.58407
4 6 2.78002
4 7 2.32857
4 8 2.69472
4 9 2.79674
4 10 2.78303
4 11 2.74169
4 12 2.70185
4 13 2.69915
4 14 2.79434
5 6 2.57032
5 7 2.27429
5 8 2.42507
5 9 2.64575
5 10 2.54674
5 11 2.56038
5 12 2.45967
5 13 2.50713
5 14 2.58407
6 7 2.44949
6 8 2.74453
6 9 2.86781
6 10 2.81268
6 11 2.82672
6 12 2.78924
6 13 2.77833
6 14 2.85596
7 8 2.19848
7 9 2.42015
7 10 2.29374
7 11 2.38791
7 12 2.39046
7 13 2.29827
7 14 2.382
8 9 2.75262
8 10 2.74453
8 11 2.69472
8 12 2.68624
8 13 2.68495
8 14 2.75262
9 10 2.81869
9 11 2.82672
9 12 2.79517
9 13 2.78459
9 14 2.86105
10 11 2.77498
10 12 2.74453
10 13 2.7314
10 14 2.8178
11 12 2.73861
11 13 2.74064
11 14 2.81356
12 13 2.74247
12 14 2.78303
13 14 2.78164
