11 14 0 1 2.19089
11 14 0 2 2.31349
11 14 0 3 2.58404
11 14 0 4 2.72385
11 14 0 5 2.49313
11 14 0 6 2.80938
11 14 0 7 2.31349
11 14 0 8 2.67435
11 14 0 9 2.80938
11 14 0 10 2.75936
11 14 0 12 2.72279
11 14 0 13 2.72279
11 14 1 2 1.81265
11 14 1 3 1.90693
11 14 1 4 2
11 14 1 5 1.41421
11 14 1 6 2.19089
11 14 1 7 1.81265
11 14 1 8 2.16025
11 14 1 9 2.19089
11 14 1 10 2.13664
11 14 1 12 2.19089
11 14 1 13 2.19089
11 14 2 3 2.27837
11 14 2 4 2.26779
11 14 2 5 2.23607
11 14 2 6 2.34937
11 14 2 7 2
11 14 2 8 2.16025
11 14 2 9 2.34937
11 14 2 10 2.2514
11 14 2 12 2.23607
11 14 2 13 2.19745
11 14 3 4 2.50805
11 14 3 5 2.35584
11 14 3 6 2.60951
11 14 3 7 2.27837
11 14 3 8 2.40662
11 14 3 9 2.60951
11 14 3 10 2.52678
11 14 3 12 2.5
11 14 3 13 2.46311
11 14 4 5 2.50805
11 14 4 6 2.74037
11 14 4 7 2.26779
11 14 4 8 2.62216
11 14 4 9 2.74037
11 14 4 10 2.72385
11 14 4 12 2.61652
11 14 4 13 2.62216
11 14 5 6 2.53859
11 14 5 7 2.23607
11 14 5 8 2.32266
11 14 5 9 2.53859
11 14 5 10 2.48193
11 14 5 12 2.36827
11 14 5 13 2.33699
11 14 6 7 2.34937
11 14 6 8 2.69077
11 14 6 9 2.81356
11 14 6 10 2.77498
11 14 6 12 2.71649
11 14 6 13 2.72279
11 14 7 8 2.16025
11 14 7 9 2.34937
11 14 7 10 2.2514
11 14 7 12 2.23607
11 14 7 13 2.19745
11 14 8 9 2.69077
11 14 8 10 2.68164
11 14 8 12 2.61861
11 14 8 13 2.60419
11 14 9 10 2.77498
11 14 9 12 2.71649
11 14 9 13 2.72279
11 14 10 12 2.68164
11 14 10 13 2.66231
11 14 12 13 2.65875
