2 10 0 1 3 4 5 1.41421
2 10 0 1 3 4 6 1
2 10 0 1 3 4 7 1.41421
2 10 0 1 3 4 8 1.41421
2 10 0 1 3 4 9 1
2 10 0 1 3 4 11 1
2 10 0 1 3 4 12 1.41421
2 10 0 1 3 4 13 1.41421
2 10 0 1 3 4 14 1.41421
2 10 0 1 3 5 6 0
2 10 0 1 3 5 7 1.41421
2 10 0 1 3 5 8 1.41421
2 10 0 1 3 5 9 1
2 10 0 1 3 5 11 1
2 10 0 1 3 5 12 1.41421
2 10 0 1 3 5 13 1.41421
2 10 0 1 3 5 14 1.41421
2 10 0 1 3 6 7 1
2 10 0 1 3 6 8 1.41421
2 10 0 1 3 6 9 1.41421
2 10 0 1 3 6 11 1.41421
2 10 0 1 3 6 12 1.41421
2 10 0 1 3 6 13 1.41421
2 10 0 1 3 6 14 1.41421
2 10 0 1 3 7 8 1.41421
2 10 0 1 3 7 9 1
2 10 0 1 3 7 11 1
2 10 0 1 3 7 12 1.41421
2 10 0 1 3 7 13 1.41421
2 10 0 1 3 7 14 1.41421
2 10 0 1 3 8 9 1.41421
2 10 0 1 3 8 11 1.41421
2 10 0 1 3 8 12 1.41421
2 10 0 1 3 8 13 1.41421
2 10 0 1 3 8 14 1.41421
2 10 0 1 3 9 11 1.41421
2 10 0 1 3 9 12 1.41421
2 10 0 1 3 9 13 1.41421
2 10 0 1 3 9 14 1.41421
2 10 0 1 3 11 12 1.41421
2 10 0 1 3 11 13 1.41421
2 10 0 1 3 11 14 1.41421
2 10 0 1 3 12 13 1.41421
2 10 0 1 3 12 14 1.41421
2 10 0 1 3 13 14 1.41421
2 10 0 1 4 5 6 1.41421
2 10 0 1 4 5 7 1.62019
2 10 0 1 4 5 8 1.73205
2 10 0 1 4 5 9 1.62019
2 10 0 1 4 5 11 1
2 10 0 1 4 5 12 1.73205
2 10 0 1 4 5 13 1.73205
2 10 0 1 4 5 14 1.73205
2 10 0 1 4 6 7 1
2 10 0 1 4 6 8 1.62019
2 10 0 1 4 6 9 1.62019
2 10 0 1 4 6 11 1.41421
2 10 0 1 4 6 12 1.62019
2 10 0 1 4 6 13 1.62019
2 10 0 1 4 6 14 1.62019
2 10 0 1 4 7 8 1.62019
2 10 0 1 4 7 9 1.41421
2 10 0 1 4 7 11 1
2 10 0 1 4 7 12 1.62019
2 10 0 1 4 7 13 1.62019
2 10 0 1 4 7 14 1.62019
2 10 0 1 4 8 9 1.73205
2 10 0 1 4 8 11 1.41421
2 10 0 1 4 8 12 1.81265
2 10 0 1 4 8 13 1.81265
2 10 0 1 4 8 14 1.81265
2 10 0 1 4 9 11 1.41421
2 10 0 1 4 9 12 1.73205
2 10 0 1 4 9 13 1.73205
2 10 0 1 4 9 14 1.73205
2 10 0 1 4 11 12 1.41421
2 10 0 1 4 11 13 1.41421
2 10 0 1 4 11 14 1.41421
2 10 0 1 4 12 13 1.81265
2 10 0 1 4 12 14 1.81265
2 10 0 1 4 13 14 1.81265
2 10 0 1 5 6 7 1
2 10 0 1 5 6 8 1.41421
2 10 0 1 5 6 9 1.41421
2 10 0 1 5 6 11 1
2 10 0 1 5 6 12 1.41421
2 10 0 1 5 6 13 1.41421
2 10 0 1 5 6 14 1.41421
2 10 0 1 5 7 8 1.62019
2 10 0 1 5 7 9 1.41421
2 10 0 1 5 7 11 1
2 10 0 1 5 7 12 1.62019
2 10 0 1 5 7 13 1.62019
2 10 0 1 5 7 14 1.62019
2 10 0 1 5 8 9 1.62019
2 10 0 1 5 8 11 1
2 10 0 1 5 8 12 1.73205
2 10 0 1 5 8 13 1.73205
2 10 0 1 5 8 14 1.73205
2 10 0 1 5 9 11 1
2 10 0 1 5 9 12 1.62019
2 10 0 1 5 9 13 1.62019
2 10 0 1 5 9 14 1.62019
2 10 0 1 5 11 12 1
2 10 0 1 5 11 13 1
2 10 0 1 5 11 14 1
2 10 0 1 5 12 13 1.73205
2 10 0 1 5 12 14 1.73205
2 10 0 1 5 13 14 1.73205
2 10 0 1 6 7 8 1
2 10 0 1 6 7 9 1
2 10 0 1 6 7 11 1
2 10 0 1 6 7 12 1
2 10 0 1 6 7 13 1
2 10 0 1 6 7 14 1
2 10 0 1 6 8 9 1.73205
2 10 0 1 6 8 11 1.62019
2 10 0 1 6 8 12 1.73205
2 10 0 1 6 8 13 1.73205
2 10 0 1 6 8 14 1.73205
2 10 0 1 6 9 11 1.62019
2 10 0 1 6 9 12 1.73205
2 10 0 1 6 9 13 1.73205
2 10 0 1 6 9 14 1.73205
2 10 0 1 6 11 12 1.62019
2 10 0 1 6 11 13 1.62019
2 10 0 1 6 11 14 1.62019
2 10 0 1 6 12 13 1.73205
2 10 0 1 6 12 14 1.73205
2 10 0 1 6 13 14 1.73205
2 10 0 1 7 8 9 1.41421
2 10 0 1 7 8 11 1
2 10 0 1 7 8 12 1.62019
2 10 0 1 7 8 13 1.62019
2 10 0 1 7 8 14 1.62019
2 10 0 1 7 9 11 1
2 10 0 1 7 9 12 1.41421
2 10 0 1 7 9 13 1.41421
2 10 0 1 7 9 14 1.41421
2 10 0 1 7 11 12 1
2 10 0 1 7 11 13 1
2 10 0 1 7 11 14 1
2 10 0 1 7 12 13 1.62019
2 10 0 1 7 12 14 1.62019
2 10 0 1 7 13 14 1.62019
2 10 0 1 8 9 11 1.62019
2 10 0 1 8 9 12 1.81265
2 10 0 1 8 9 13 1.81265
2 10 0 1 8 9 14 1.81265
2 10 0 1 8 11 12 1.62019
2 10 0 1 8 11 13 1.62019
2 10 0 1 8 11 14 1.62019
2 10 0 1 8 12 13 2
2 10 0 1 8 12 14 2
2 10 0 1 8 13 14 2
2 10 0 1 9 11 12 1.62019
2 10 0 1 9 11 13 1.62019
2 10 0 1 9 11 14 1.62019
2 10 0 1 9 12 13 1.81265
2 10 0 1 9 12 14 1.81265
2 10 0 1 9 13 14 1.81265
2 10 0 1 11 12 13 1.62019
2 10 0 1 11 12 14 1.62019
2 10 0 1 11 13 14 1.62019
2 10 0 1 12 13 14 2
2 10 0 3 4 5 6 2
2 10 0 3 4 5 7 1.73205
2 10 0 3 4 5 8 1.73205
2 10 0 3 4 5 9 2
2 10 0 3 4 5 11 2
2 10 0 3 4 5 12 1.73205
2 10 0 3 4 5 13 1.73205
2 10 0 3 4 5 14 2
2 10 0 3 4 6 7 1.73205
2 10 0 3 4 6 8 1.85164
2 10 0 3 4 6 9 2.07802
2 10 0 3 4 6 11 2.07802
2 10 0 3 4 6 12 1.85164
2 10 0 3 4 6 13 1.85164
2 10 0 3 4 6 14 2.07802
2 10 0 3 4 7 8 1.41421
2 10 0 3 4 7 9 1.73205
2 10 0 3 4 7 11 1.73205
2 10 0 3 4 7 12 1.41421
2 10 0 3 4 7 13 1.41421
2 10 0 3 4 7 14 1.73205
2 10 0 3 4 8 9 1.85164
2 10 0 3 4 8 11 1.85164
2 10 0 3 4 8 12 1.62019
2 10 0 3 4 8 13 1.62019
2 10 0 3 4 8 14 1.85164
2 10 0 3 4 9 11 2.07802
2 10 0 3 4 9 12 1.85164
2 10 0 3 4 9 13 1.85164
2 10 0 3 4 9 14 2.07802
2 10 0 3 4 11 12 1.85164
2 10 0 3 4 11 13 1.85164
2 10 0 3 4 11 14 2.07802
2 10 0 3 4 12 13 1.62019
2 10 0 3 4 12 14 1.85164
2 10 0 3 4 13 14 1.85164
2 10 0 3 5 6 7 1.73205
2 10 0 3 5 6 8 1.73205
2 10 0 3 5 6 9 2
2 10 0 3 5 6 11 2
2 10 0 3 5 6 12 1.73205
2 10 0 3 5 6 13 1.73205
2 10 0 3 5 6 14 2
2 10 0 3 5 7 8 1.41421
2 10 0 3 5 7 9 1.73205
2 10 0 3 5 7 11 1.73205
2 10 0 3 5 7 12 1.41421
2 10 0 3 5 7 13 1.41421
2 10 0 3 5 7 14 1.73205
2 10 0 3 5 8 9 1.73205
2 10 0 3 5 8 11 1.73205
2 10 0 3 5 8 12 1.41421
2 10 0 3 5 8 13 1.41421
2 10 0 3 5 8 14 1.73205
2 10 0 3 5 9 11 2
2 10 0 3 5 9 12 1.73205
2 10 0 3 5 9 13 1.73205
2 10 0 3 5 9 14 2
2 10 0 3 5 11 12 1.73205
2 10 0 3 5 11 13 1.73205
2 10 0 3 5 11 14 2
2 10 0 3 5 12 13 1.41421
2 10 0 3 5 12 14 1.73205
2 10 0 3 5 13 14 1.73205
2 10 0 3 6 7 8 1.41421
2 10 0 3 6 7 9 1.73205
2 10 0 3 6 7 11 1.73205
2 10 0 3 6 7 12 1.41421
2 10 0 3 6 7 13 1.41421
2 10 0 3 6 7 14 1.73205
2 10 0 3 6 8 9 1.90693
2 10 0 3 6 8 11 1.90693
2 10 0 3 6 8 12 1.73205
2 10 0 3 6 8 13 1.73205
2 10 0 3 6 8 14 1.90693
2 10 0 3 6 9 11 2.10357
2 10 0 3 6 9 12 1.90693
2 10 0 3 6 9 13 1.90693
2 10 0 3 6 9 14 2.10357
2 10 0 3 6 11 12 1.90693
2 10 0 3 6 11 13 1.90693
2 10 0 3 6 11 14 2.10357
2 10 0 3 6 12 13 1.73205
2 10 0 3 6 12 14 1.90693
2 10 0 3 6 13 14 1.90693
2 10 0 3 7 8 9 1.41421
2 10 0 3 7 8 11 1.41421
2 10 0 3 7 8 12 1.41421
2 10 0 3 7 8 13 1.41421
2 10 0 3 7 8 14 1.41421
2 10 0 3 7 9 11 1.73205
2 10 0 3 7 9 12 1.41421
2 10 0 3 7 9 13 1.41421
2 10 0 3 7 9 14 1.73205
2 10 0 3 7 11 12 1.41421
2 10 0 3 7 11 13 1.41421
2 10 0 3 7 11 14 1.73205
2 10 0 3 7 12 13 1.41421
2 10 0 3 7 12 14 1.41421
2 10 0 3 7 13 14 1.41421
2 10 0 3 8 9 11 1.90693
2 10 0 3 8 9 12 1.73205
2 10 0 3 8 9 13 1.73205
2 10 0 3 8 9 14 1.90693
2 10 0 3 8 11 12 1.73205
2 10 0 3 8 11 13 1.73205
2 10 0 3 8 11 14 1.90693
2 10 0 3 8 12 13 1.62019
2 10 0 3 8 12 14 1.73205
2 10 0 3 8 13 14 1.73205
2 10 0 3 9 11 12 1.90693
2 10 0 3 9 11 13 1.90693
2 10 0 3 9 11 14 2.10357
2 10 0 3 9 12 13 1.73205
2 10 0 3 9 12 14 1.90693
2 10 0 3 9 13 14 1.90693
2 10 0 3 11 12 13 1.73205
2 10 0 3 11 12 14 1.90693
2 10 0 3 11 13 14 1.90693
2 10 0 3 12 13 14 1.73205
2 10 0 4 5 6 7 1.73205
2 10 0 4 5 6 8 1.90693
2 10 0 4 5 6 9 2.10357
2 10 0 4 5 6 11 2.07802
2 10 0 4 5 6 12 1.90693
2 10 0 4 5 6 13 1.90693
2 10 0 4 5 6 14 2.10357
2 10 0 4 5 7 8 1.62019
2 10 0 4 5 7 9 1.73205
2 10 0 4 5 7 11 1.73205
2 10 0 4 5 7 12 1.62019
2 10 0 4 5 7 13 1.62019
2 10 0 4 5 7 14 1.73205
2 10 0 4 5 8 9 1.93309
2 10 0 4 5 8 11 1.85164
2 10 0 4 5 8 12 2
2 10 0 4 5 8 13 2
2 10 0 4 5 8 14 1.96214
2 10 0 4 5 9 11 2.07802
2 10 0 4 5 9 12 1.93309
2 10 0 4 5 9 13 1.93309
2 10 0 4 5 9 14 2.12132
2 10 0 4 5 11 12 1.85164
2 10 0 4 5 11 13 1.85164
2 10 0 4 5 11 14 2.07802
2 10 0 4 5 12 13 2
2 10 0 4 5 12 14 1.96214
2 10 0 4 5 13 14 1.96214
2 10 0 4 6 7 8 1.41421
2 10 0 4 6 7 9 1.73205
2 10 0 4 6 7 11 1.73205
2 10 0 4 6 7 12 1.41421
2 10 0 4 6 7 13 1.41421
2 10 0 4 6 7 14 1.73205
2 10 0 4 6 8 9 2.04939
2 10 0 4 6 8 11 2.00294
2 10 0 4 6 8 12 1.93309
2 10 0 4 6 8 13 1.93309
2 10 0 4 6 8 14 2.04939
2 10 0 4 6 9 11 2.17945
2 10 0 4 6 9 12 2.04939
2 10 0 4 6 9 13 2.04939
2 10 0 4 6 9 14 2.21037
2 10 0 4 6 11 12 2.00294
2 10 0 4 6 11 13 2.00294
2 10 0 4 6 11 14 2.17945
2 10 0 4 6 12 13 1.93309
2 10 0 4 6 12 14 2.04939
2 10 0 4 6 13 14 2.04939
2 10 0 4 7 8 9 1.41421
2 10 0 4 7 8 11 1.41421
2 10 0 4 7 8 12 1.62019
2 10 0 4 7 8 13 1.62019
2 10 0 4 7 8 14 1.62019
2 10 0 4 7 9 11 1.73205
2 10 0 4 7 9 12 1.41421
2 10 0 4 7 9 13 1.41421
2 10 0 4 7 9 14 1.73205
2 10 0 4 7 11 12 1.41421
2 10 0 4 7 11 13 1.41421
2 10 0 4 7 11 14 1.73205
2 10 0 4 7 12 13 1.62019
2 10 0 4 7 12 14 1.62019
2 10 0 4 7 13 14 1.62019
2 10 0 4 8 9 11 2.00294
2 10 0 4 8 9 12 2
2 10 0 4 8 9 13 2
2 10 0 4 8 9 14 2.08167
2 10 0 4 8 11 12 1.85164
2 10 0 4 8 11 13 1.85164
2 10 0 4 8 11 14 2.00294
2 10 0 4 8 12 13 1.93309
2 10 0 4 8 12 14 2
2 10 0 4 8 13 14 2
2 10 0 4 9 11 12 2.00294
2 10 0 4 9 11 13 2.00294
2 10 0 4 9 11 14 2.17945
2 10 0 4 9 12 13 2
2 10 0 4 9 12 14 2.08167
2 10 0 4 9 13 14 2.08167
2 10 0 4 11 12 13 1.85164
2 10 0 4 11 12 14 2.00294
2 10 0 4 11 13 14 2.00294
2 10 0 4 12 13 14 2
2 10 0 5 6 7 8 1.41421
2 10 0 5 6 7 9 1.73205
2 10 0 5 6 7 11 1.73205
2 10 0 5 6 7 12 1.41421
2 10 0 5 6 7 13 1.41421
2 10 0 5 6 7 14 1.73205
2 10 0 5 6 8 9 1.90693
2 10 0 5 6 8 11 1.85164
2 10 0 5 6 8 12 1.73205
2 10 0 5 6 8 13 1.73205
2 10 0 5 6 8 14 1.90693
2 10 0 5 6 9 11 2.07802
2 10 0 5 6 9 12 1.90693
2 10 0 5 6 9 13 1.90693
2 10 0 5 6 9 14 2.10357
2 10 0 5 6 11 12 1.85164
2 10 0 5 6 11 13 1.85164
2 10 0 5 6 11 14 2.07802
2 10 0 5 6 12 13 1.73205
2 10 0 5 6 12 14 1.90693
2 10 0 5 6 13 14 1.90693
2 10 0 5 7 8 9 1.41421
2 10 0 5 7 8 11 1.41421
2 10 0 5 7 8 12 1.62019
2 10 0 5 7 8 13 1.62019
2 10 0 5 7 8 14 1.62019
2 10 0 5 7 9 11 1.73205
2 10 0 5 7 9 12 1.41421
2 10 0 5 7 9 13 1.41421
2 10 0 5 7 9 14 1.73205
2 10 0 5 7 11 12 1.41421
2 10 0 5 7 11 13 1.41421
2 10 0 5 7 11 14 1.73205
2 10 0 5 7 12 13 1.62019
2 10 0 5 7 12 14 1.62019
2 10 0 5 7 13 14 1.62019
2 10 0 5 8 9 11 1.85164
2 10 0 5 8 9 12 1.81265
2 10 0 5 8 9 13 1.81265
2 10 0 5 8 9 14 1.93309
2 10 0 5 8 11 12 1.62019
2 10 0 5 8 11 13 1.62019
2 10 0 5 8 11 14 1.85164
2 10 0 5 8 12 13 1.81265
2 10 0 5 8 12 14 2
2 10 0 5 8 13 14 2
2 10 0 5 9 11 12 1.85164
2 10 0 5 9 11 13 1.85164
2 10 0 5 9 11 14 2.07802
2 10 0 5 9 12 13 1.81265
2 10 0 5 9 12 14 1.93309
2 10 0 5 9 13 14 1.93309
2 10 0 5 11 12 13 1.62019
2 10 0 5 11 12 14 1.85164
2 10 0 5 11 13 14 1.85164
2 10 0 5 12 13 14 2
2 10 0 6 7 8 9 1.41421
2 10 0 6 7 8 11 1.41421
2 10 0 6 7 8 12 1
2 10 0 6 7 8 13 1
2 10 0 6 7 8 14 1.41421
2 10 0 6 7 9 11 1.73205
2 10 0 6 7 9 12 1.41421
2 10 0 6 7 9 13 1.41421
2 10 0 6 7 9 14 1.73205
2 10 0 6 7 11 12 1.41421
2 10 0 6 7 11 13 1.41421
2 10 0 6 7 11 14 1.73205
2 10 0 6 7 12 13 1
2 10 0 6 7 12 14 1.41421
2 10 0 6 7 13 14 1.41421
2 10 0 6 8 9 11 2.04939
2 10 0 6 8 9 12 2
2 10 0 6 8 9 13 2
2 10 0 6 8 9 14 2.10223
2 10 0 6 8 11 12 1.93309
2 10 0 6 8 11 13 1.93309
2 10 0 6 8 11 14 2.04939
2 10 0 6 8 12 13 1.93309
2 10 0 6 8 12 14 2
2 10 0 6 8 13 14 2
2 10 0 6 9 11 12 2.04939
2 10 0 6 9 11 13 2.04939
2 10 0 6 9 11 14 2.21037
2 10 0 6 9 12 13 2
2 10 0 6 9 12 14 2.10223
2 10 0 6 9 13 14 2.10223
2 10 0 6 11 12 13 1.93309
2 10 0 6 11 12 14 2.04939
2 10 0 6 11 13 14 2.04939
2 10 0 6 12 13 14 2
2 10 0 7 8 9 11 1.41421
2 10 0 7 8 9 12 1.41421
2 10 0 7 8 9 13 1.41421
2 10 0 7 8 9 14 1.41421
2 10 0 7 8 11 12 1
2 10 0 7 8 11 13 1
2 10 0 7 8 11 14 1.41421
2 10 0 7 8 12 13 1.62019
2 10 0 7 8 12 14 1.62019
2 10 0 7 8 13 14 1.62019
2 10 0 7 9 11 12 1.41421
2 10 0 7 9 11 13 1.41421
2 10 0 7 9 11 14 1.73205
2 10 0 7 9 12 13 1.41421
2 10 0 7 9 12 14 1.41421
2 10 0 7 9 13 14 1.41421
2 10 0 7 11 12 13 1
2 10 0 7 11 12 14 1.41421
2 10 0 7 11 13 14 1.41421
2 10 0 7 12 13 14 1.62019
2 10 0 8 9 11 12 1.93309
2 10 0 8 9 11 13 1.93309
2 10 0 8 9 11 14 2.04939
2 10 0 8 9 12 13 2
2 10 0 8 9 12 14 2.0381
2 10 0 8 9 13 14 2.0381
2 10 0 8 11 12 13 1.85164
2 10 0 8 11 12 14 1.93309
2 10 0 8 11 13 14 1.93309
2 10 0 8 12 13 14 2
2 10 0 9 11 12 13 1.93309
2 10 0 9 11 12 14 2.04939
2 10 0 9 11 13 14 2.04939
2 10 0 9 12 13 14 2.0381
2 10 0 11 12 13 14 1.93309
2 10 1 3 4 5 6 1
2 10 1 3 4 5 7 1.41421
2 10 1 3 4 5 8 1.41421
2 10 1 3 4 5 9 1
2 10 1 3 4 5 11 1
2 10 1 3 4 5 12 1.41421
2 10 1 3 4 5 13 1.41421
2 10 1 3 4 5 14 1.41421
2 10 1 3 4 6 7 1
2 10 1 3 4 6 8 1
2 10 1 3 4 6 9 1
2 10 1 3 4 6 11 1
2 10 1 3 4 6 12 1
2 10 1 3 4 6 13 1
2 10 1 3 4 6 14 1
2 10 1 3 4 7 8 1.41421
2 10 1 3 4 7 9 1
2 10 1 3 4 7 11 1
2 10 1 3 4 7 12 1.41421
2 10 1 3 4 7 13 1.41421
2 10 1 3 4 7 14 1.41421
2 10 1 3 4 8 9 1
2 10 1 3 4 8 11 1
2 10 1 3 4 8 12 1.41421
2 10 1 3 4 8 13 1.41421
2 10 1 3 4 8 14 1.41421
2 10 1 3 4 9 11 1
2 10 1 3 4 9 12 1
2 10 1 3 4 9 13 1
2 10 1 3 4 9 14 1
2 10 1 3 4 11 12 1
2 10 1 3 4 11 13 1
2 10 1 3 4 11 14 1
2 10 1 3 4 12 13 1.41421
2 10 1 3 4 12 14 1.41421
2 10 1 3 4 13 14 1.41421
2 10 1 3 5 6 7 1
2 10 1 3 5 6 8 1
2 10 1 3 5 6 9 1
2 10 1 3 5 6 11 1
2 10 1 3 5 6 12 1
2 10 1 3 5 6 13 0
2 10 1 3 5 6 14 1
2 10 1 3 5 7 8 1.41421
2 10 1 3 5 7 9 1
2 10 1 3 5 7 11 1
2 10 1 3 5 7 12 1.41421
2 10 1 3 5 7 13 1.41421
2 10 1 3 5 7 14 1.41421
2 10 1 3 5 8 9 1
2 10 1 3 5 8 11 1
2 10 1 3 5 8 12 1.41421
2 10 1 3 5 8 13 1.41421
2 10 1 3 5 8 14 1.41421
2 10 1 3 5 9 11 1
2 10 1 3 5 9 12 1
2 10 1 3 5 9 13 1
2 10 1 3 5 9 14 1
2 10 1 3 5 11 12 1
2 10 1 3 5 11 13 1
2 10 1 3 5 11 14 1
2 10 1 3 5 12 13 1.41421
2 10 1 3 5 12 14 1.41421
2 10 1 3 5 13 14 1.41421
2 10 1 3 6 7 8 1
2 10 1 3 6 7 9 1
2 10 1 3 6 7 11 1
2 10 1 3 6 7 12 1
2 10 1 3 6 7 13 1
2 10 1 3 6 7 14 1
2 10 1 3 6 8 9 1.41421
2 10 1 3 6 8 11 1.41421
2 10 1 3 6 8 12 1.41421
2 10 1 3 6 8 13 1.41421
2 10 1 3 6 8 14 1.41421
2 10 1 3 6 9 11 1.41421
2 10 1 3 6 9 12 1.41421
2 10 1 3 6 9 13 1.41421
2 10 1 3 6 9 14 1.41421
2 10 1 3 6 11 12 1.41421
2 10 1 3 6 11 13 1.41421
2 10 1 3 6 11 14 1.41421
2 10 1 3 6 12 13 1.41421
2 10 1 3 6 12 14 1.41421
2 10 1 3 6 13 14 1.41421
2 10 1 3 7 8 9 1
2 10 1 3 7 8 11 1
2 10 1 3 7 8 12 1.41421
2 10 1 3 7 8 13 1.41421
2 10 1 3 7 8 14 1.41421
2 10 1 3 7 9 11 1
2 10 1 3 7 9 12 1
2 10 1 3 7 9 13 1
2 10 1 3 7 9 14 1
2 10 1 3 7 11 12 1
2 10 1 3 7 11 13 1
2 10 1 3 7 11 14 1
2 10 1 3 7 12 13 1.41421
2 10 1 3 7 12 14 1.41421
2 10 1 3 7 13 14 1.41421
2 10 1 3 8 9 11 1.41421
2 10 1 3 8 9 12 1.41421
2 10 1 3 8 9 13 1.41421
2 10 1 3 8 9 14 1.41421
2 10 1 3 8 11 12 1.41421
2 10 1 3 8 11 13 1.41421
2 10 1 3 8 11 14 1.41421
2 10 1 3 8 12 13 1.41421
2 10 1 3 8 12 14 1.41421
2 10 1 3 8 13 14 1.41421
2 10 1 3 9 11 12 1.41421
2 10 1 3 9 11 13 1.41421
2 10 1 3 9 11 14 1.41421
2 10 1 3 9 12 13 1.41421
2 10 1 3 9 12 14 1.41421
2 10 1 3 9 13 14 1.41421
2 10 1 3 11 12 13 1.41421
2 10 1 3 11 12 14 1.41421
2 10 1 3 11 13 14 1.41421
2 10 1 3 12 13 14 1.41421
2 10 1 4 5 6 7 1
2 10 1 4 5 6 8 1.41421
2 10 1 4 5 6 9 1.41421
2 10 1 4 5 6 11 1
2 10 1 4 5 6 12 1.41421
2 10 1 4 5 6 13 1.41421
2 10 1 4 5 6 14 1.41421
2 10 1 4 5 7 8 1.62019
2 10 1 4 5 7 9 1.41421
2 10 1 4 5 7 11 1
2 10 1 4 5 7 12 1.62019
2 10 1 4 5 7 13 1.62019
2 10 1 4 5 7 14 1.62019
2 10 1 4 5 8 9 1.62019
2 10 1 4 5 8 11 1
2 10 1 4 5 8 12 1.73205
2 10 1 4 5 8 13 1.73205
2 10 1 4 5 8 14 1.73205
2 10 1 4 5 9 11 1
2 10 1 4 5 9 12 1.62019
2 10 1 4 5 9 13 1.62019
2 10 1 4 5 9 14 1.62019
2 10 1 4 5 11 12 1
2 10 1 4 5 11 13 1
2 10 1 4 5 11 14 1
2 10 1 4 5 12 13 1.73205
2 10 1 4 5 12 14 1.73205
2 10 1 4 5 13 14 1.73205
2 10 1 4 6 7 8 1
2 10 1 4 6 7 9 1
2 10 1 4 6 7 11 1
2 10 1 4 6 7 12 1
2 10 1 4 6 7 13 1
2 10 1 4 6 7 14 1
2 10 1 4 6 8 9 1.62019
2 10 1 4 6 8 11 1.41421
2 10 1 4 6 8 12 1.62019
2 10 1 4 6 8 13 1.62019
2 10 1 4 6 8 14 1.62019
2 10 1 4 6 9 11 1.41421
2 10 1 4 6 9 12 1.62019
2 10 1 4 6 9 13 1.62019
2 10 1 4 6 9 14 1.62019
2 10 1 4 6 11 12 1.41421
2 10 1 4 6 11 13 1.41421
2 10 1 4 6 11 14 1.41421
2 10 1 4 6 12 13 1.62019
2 10 1 4 6 12 14 1.62019
2 10 1 4 6 13 14 1.62019
2 10 1 4 7 8 9 1.41421
2 10 1 4 7 8 11 1
2 10 1 4 7 8 12 1.62019
2 10 1 4 7 8 13 1.62019
2 10 1 4 7 8 14 1.62019
2 10 1 4 7 9 11 1
2 10 1 4 7 9 12 1.41421
2 10 1 4 7 9 13 1.41421
2 10 1 4 7 9 14 1.41421
2 10 1 4 7 11 12 1
2 10 1 4 7 11 13 1
2 10 1 4 7 11 14 1
2 10 1 4 7 12 13 1.62019
2 10 1 4 7 12 14 1.62019
2 10 1 4 7 13 14 1.62019
2 10 1 4 8 9 11 1.41421
2 10 1 4 8 9 12 1.73205
2 10 1 4 8 9 13 1.73205
2 10 1 4 8 9 14 1.73205
2 10 1 4 8 11 12 1.41421
2 10 1 4 8 11 13 1.41421
2 10 1 4 8 11 14 1.41421
2 10 1 4 8 12 13 1.81265
2 10 1 4 8 12 14 1.81265
2 10 1 4 8 13 14 1.81265
2 10 1 4 9 11 12 1.41421
2 10 1 4 9 11 13 1.41421
2 10 1 4 9 11 14 1.41421
2 10 1 4 9 12 13 1.73205
2 10 1 4 9 12 14 1.73205
2 10 1 4 9 13 14 1.73205
2 10 1 4 11 12 13 1.41421
2 10 1 4 11 12 14 1.41421
2 10 1 4 11 13 14 1.41421
2 10 1 4 12 13 14 1.81265
2 10 1 5 6 7 8 1
2 10 1 5 6 7 9 1
2 10 1 5 6 7 11 1
2 10 1 5 6 7 12 1
2 10 1 5 6 7 13 1
2 10 1 5 6 7 14 1
2 10 1 5 6 8 9 1.41421
2 10 1 5 6 8 11 1
2 10 1 5 6 8 12 1.41421
2 10 1 5 6 8 13 1.41421
2 10 1 5 6 8 14 1.41421
2 10 1 5 6 9 11 1
2 10 1 5 6 9 12 1.41421
2 10 1 5 6 9 13 1.41421
2 10 1 5 6 9 14 1.41421
2 10 1 5 6 11 12 1
2 10 1 5 6 11 13 1
2 10 1 5 6 11 14 1
2 10 1 5 6 12 13 1.41421
2 10 1 5 6 12 14 1.41421
2 10 1 5 6 13 14 1.41421
2 10 1 5 7 8 9 1.41421
2 10 1 5 7 8 11 1
2 10 1 5 7 8 12 1.62019
2 10 1 5 7 8 13 1.62019
2 10 1 5 7 8 14 1.62019
2 10 1 5 7 9 11 1
2 10 1 5 7 9 12 1.41421
2 10 1 5 7 9 13 1.41421
2 10 1 5 7 9 14 1.41421
2 10 1 5 7 11 12 1
2 10 1 5 7 11 13 1
2 10 1 5 7 11 14 1
2 10 1 5 7 12 13 1.62019
2 10 1 5 7 12 14 1.62019
2 10 1 5 7 13 14 1.62019
2 10 1 5 8 9 11 1
2 10 1 5 8 9 12 1.62019
2 10 1 5 8 9 13 1.62019
2 10 1 5 8 9 14 1.62019
2 10 1 5 8 11 12 1
2 10 1 5 8 11 13 1
2 10 1 5 8 11 14 1
2 10 1 5 8 12 13 1.73205
2 10 1 5 8 12 14 1.73205
2 10 1 5 8 13 14 1.73205
2 10 1 5 9 11 12 1
2 10 1 5 9 11 13 1
2 10 1 5 9 11 14 1
2 10 1 5 9 12 13 1.62019
2 10 1 5 9 12 14 1.62019
2 10 1 5 9 13 14 1.62019
2 10 1 5 11 12 13 1
2 10 1 5 11 12 14 1
2 10 1 5 11 13 14 1
2 10 1 5 12 13 14 1.73205
2 10 1 6 7 8 9 1
2 10 1 6 7 8 11 1
2 10 1 6 7 8 12 1
2 10 1 6 7 8 13 1
2 10 1 6 7 8 14 1
2 10 1 6 7 9 11 1
2 10 1 6 7 9 12 1
2 10 1 6 7 9 13 1
2 10 1 6 7 9 14 1
2 10 1 6 7 11 12 1
2 10 1 6 7 11 13 1
2 10 1 6 7 11 14 1
2 10 1 6 7 12 13 1
2 10 1 6 7 12 14 1
2 10 1 6 7 13 14 1
2 10 1 6 8 9 11 1.62019
2 10 1 6 8 9 12 1.73205
2 10 1 6 8 9 13 1.73205
2 10 1 6 8 9 14 1.73205
2 10 1 6 8 11 12 1.62019
2 10 1 6 8 11 13 1.62019
2 10 1 6 8 11 14 1.62019
2 10 1 6 8 12 13 1.73205
2 10 1 6 8 12 14 1.73205
2 10 1 6 8 13 14 1.73205
2 10 1 6 9 11 12 1.62019
2 10 1 6 9 11 13 1.62019
2 10 1 6 9 11 14 1.62019
2 10 1 6 9 12 13 1.73205
2 10 1 6 9 12 14 1.73205
2 10 1 6 9 13 14 1.73205
2 10 1 6 11 12 13 1.62019
2 10 1 6 11 12 14 1.62019
2 10 1 6 11 13 14 1.62019
2 10 1 6 12 13 14 1.73205
2 10 1 7 8 9 11 1
2 10 1 7 8 9 12 1.41421
2 10 1 7 8 9 13 1.41421
2 10 1 7 8 9 14 1.41421
2 10 1 7 8 11 12 1
2 10 1 7 8 11 13 1
2 10 1 7 8 11 14 1
2 10 1 7 8 12 13 1.62019
2 10 1 7 8 12 14 1.62019
2 10 1 7 8 13 14 1.62019
2 10 1 7 9 11 12 1
2 10 1 7 9 11 13 1
2 10 1 7 9 11 14 1
2 10 1 7 9 12 13 1.41421
2 10 1 7 9 12 14 1.41421
2 10 1 7 9 13 14 1.41421
2 10 1 7 11 12 13 1
2 10 1 7 11 12 14 1
2 10 1 7 11 13 14 1
2 10 1 7 12 13 14 1.62019
2 10 1 8 9 11 12 1.62019
2 10 1 8 9 11 13 1.62019
2 10 1 8 9 11 14 1.62019
2 10 1 8 9 12 13 1.81265
2 10 1 8 9 12 14 1.81265
2 10 1 8 9 13 14 1.81265
2 10 1 8 11 12 13 1.62019
2 10 1 8 11 12 14 1.62019
2 10 1 8 11 13 14 1.62019
2 10 1 8 12 13 14 2
2 10 1 9 11 12 13 1.62019
2 10 1 9 11 12 14 1.62019
2 10 1 9 11 13 14 1.62019
2 10 1 9 12 13 14 1.81265
2 10 1 11 12 13 14 1.62019
2 10 3 4 5 6 7 1.85164
2 10 3 4 5 6 8 1.85164
2 10 3 4 5 6 9 2.07802
2 10 3 4 5 6 11 2.07802
2 10 3 4 5 6 12 1.85164
2 10 3 4 5 6 13 1.73205
2 10 3 4 5 6 14 2.07802
2 10 3 4 5 7 8 1.62019
2 10 3 4 5 7 9 1.85164
2 10 3 4 5 7 11 1.85164
2 10 3 4 5 7 12 1.62019
2 10 3 4 5 7 13 1.41421
2 10 3 4 5 7 14 1.85164
2 10 3 4 5 8 9 1.85164
2 10 3 4 5 8 11 1.85164
2 10 3 4 5 8 12 1.62019
2 10 3 4 5 8 13 1.41421
2 10 3 4 5 8 14 1.85164
2 10 3 4 5 9 11 2.07802
2 10 3 4 5 9 12 1.85164
2 10 3 4 5 9 13 1.73205
2 10 3 4 5 9 14 2.07802
2 10 3 4 5 11 12 1.85164
2 10 3 4 5 11 13 1.73205
2 10 3 4 5 11 14 2.07802
2 10 3 4 5 12 13 1.41421
2 10 3 4 5 12 14 1.85164
2 10 3 4 5 13 14 1.73205
2 10 3 4 6 7 8 1.62019
2 10 3 4 6 7 9 1.85164
2 10 3 4 6 7 11 1.85164
2 10 3 4 6 7 12 1.62019
2 10 3 4 6 7 13 1.41421
2 10 3 4 6 7 14 1.85164
2 10 3 4 6 8 9 1.93309
2 10 3 4 6 8 11 1.93309
2 10 3 4 6 8 12 1.73205
2 10 3 4 6 8 13 1.62019
2 10 3 4 6 8 14 1.93309
2 10 3 4 6 9 11 2.13809
2 10 3 4 6 9 12 1.93309
2 10 3 4 6 9 13 1.85164
2 10 3 4 6 9 14 2.13809
2 10 3 4 6 11 12 1.93309
2 10 3 4 6 11 13 1.85164
2 10 3 4 6 11 14 2.13809
2 10 3 4 6 12 13 1.62019
2 10 3 4 6 12 14 1.93309
2 10 3 4 6 13 14 1.85164
2 10 3 4 7 8 9 1.62019
2 10 3 4 7 8 11 1.62019
2 10 3 4 7 8 12 1.41421
2 10 3 4 7 8 13 1.41421
2 10 3 4 7 8 14 1.62019
2 10 3 4 7 9 11 1.85164
2 10 3 4 7 9 12 1.62019
2 10 3 4 7 9 13 1.41421
2 10 3 4 7 9 14 1.85164
2 10 3 4 7 11 12 1.62019
2 10 3 4 7 11 13 1.41421
2 10 3 4 7 11 14 1.85164
2 10 3 4 7 12 13 1.41421
2 10 3 4 7 12 14 1.62019
2 10 3 4 7 13 14 1.41421
2 10 3 4 8 9 11 1.93309
2 10 3 4 8 9 12 1.73205
2 10 3 4 8 9 13 1.62019
2 10 3 4 8 9 14 1.93309
2 10 3 4 8 11 12 1.73205
2 10 3 4 8 11 13 1.62019
2 10 3 4 8 11 14 1.93309
2 10 3 4 8 12 13 1.41421
2 10 3 4 8 12 14 1.73205
2 10 3 4 8 13 14 1.62019
2 10 3 4 9 11 12 1.93309
2 10 3 4 9 11 13 1.85164
2 10 3 4 9 11 14 2.13809
2 10 3 4 9 12 13 1.62019
2 10 3 4 9 12 14 1.93309
2 10 3 4 9 13 14 1.85164
2 10 3 4 11 12 13 1.62019
2 10 3 4 11 12 14 1.93309
2 10 3 4 11 13 14 1.85164
2 10 3 4 12 13 14 1.62019
2 10 3 5 6 7 8 1.62019
2 10 3 5 6 7 9 1.85164
2 10 3 5 6 7 11 1.85164
2 10 3 5 6 7 12 1.62019
2 10 3 5 6 7 13 1.41421
2 10 3 5 6 7 14 1.85164
2 10 3 5 6 8 9 1.85164
2 10 3 5 6 8 11 1.85164
2 10 3 5 6 8 12 1.62019
2 10 3 5 6 8 13 1.41421
2 10 3 5 6 8 14 1.85164
2 10 3 5 6 9 11 2.07802
2 10 3 5 6 9 12 1.85164
2 10 3 5 6 9 13 1.73205
2 10 3 5 6 9 14 2.07802
2 10 3 5 6 11 12 1.85164
2 10 3 5 6 11 13 1.73205
2 10 3 5 6 11 14 2.07802
2 10 3 5 6 12 13 1.41421
2 10 3 5 6 12 14 1.85164
2 10 3 5 6 13 14 1.73205
2 10 3 5 7 8 9 1.62019
2 10 3 5 7 8 11 1.62019
2 10 3 5 7 8 12 1.41421
2 10 3 5 7 8 13 1.41421
2 10 3 5 7 8 14 1.62019
2 10 3 5 7 9 11 1.85164
2 10 3 5 7 9 12 1.62019
2 10 3 5 7 9 13 1.41421
2 10 3 5 7 9 14 1.85164
2 10 3 5 7 11 12 1.62019
2 10 3 5 7 11 13 1.41421
2 10 3 5 7 11 14 1.85164
2 10 3 5 7 12 13 1.41421
2 10 3 5 7 12 14 1.62019
2 10 3 5 7 13 14 1.41421
2 10 3 5 8 9 11 1.85164
2 10 3 5 8 9 12 1.62019
2 10 3 5 8 9 13 1.41421
2 10 3 5 8 9 14 1.85164
2 10 3 5 8 11 12 1.62019
2 10 3 5 8 11 13 1.41421
2 10 3 5 8 11 14 1.85164
2 10 3 5 8 12 13 1.41421
2 10 3 5 8 12 14 1.62019
2 10 3 5 8 13 14 1.41421
2 10 3 5 9 11 12 1.85164
2 10 3 5 9 11 13 1.73205
2 10 3 5 9 11 14 2.07802
2 10 3 5 9 12 13 1.41421
2 10 3 5 9 12 14 1.85164
2 10 3 5 9 13 14 1.73205
2 10 3 5 11 12 13 1.41421
2 10 3 5 11 12 14 1.85164
2 10 3 5 11 13 14 1.73205
2 10 3 5 12 13 14 1.41421
2 10 3 6 7 8 9 1.62019
2 10 3 6 7 8 11 1.62019
2 10 3 6 7 8 12 1.41421
2 10 3 6 7 8 13 1
2 10 3 6 7 8 14 1.62019
2 10 3 6 7 9 11 1.85164
2 10 3 6 7 9 12 1.62019
2 10 3 6 7 9 13 1.41421
2 10 3 6 7 9 14 1.85164
2 10 3 6 7 11 12 1.62019
2 10 3 6 7 11 13 1.41421
2 10 3 6 7 11 14 1.85164
2 10 3 6 7 12 13 1
2 10 3 6 7 12 14 1.62019
2 10 3 6 7 13 14 1.41421
2 10 3 6 8 9 11 2
2 10 3 6 8 9 12 1.81265
2 10 3 6 8 9 13 1.73205
2 10 3 6 8 9 14 2
2 10 3 6 8 11 12 1.81265
2 10 3 6 8 11 13 1.73205
2 10 3 6 8 11 14 2
2 10 3 6 8 12 13 1.62019
2 10 3 6 8 12 14 1.81265
2 10 3 6 8 13 14 1.73205
2 10 3 6 9 11 12 2
2 10 3 6 9 11 13 1.90693
2 10 3 6 9 11 14 2.16556
2 10 3 6 9 12 13 1.73205
2 10 3 6 9 12 14 2
2 10 3 6 9 13 14 1.90693
2 10 3 6 11 12 13 1.73205
2 10 3 6 11 12 14 2
2 10 3 6 11 13 14 1.90693
2 10 3 6 12 13 14 1.73205
2 10 3 7 8 9 11 1.62019
2 10 3 7 8 9 12 1.41421
2 10 3 7 8 9 13 1
2 10 3 7 8 9 14 1.62019
2 10 3 7 8 11 12 1.41421
2 10 3 7 8 11 13 1
2 10 3 7 8 11 14 1.62019
2 10 3 7 8 12 13 1.41421
2 10 3 7 8 12 14 1.41421
2 10 3 7 8 13 14 1.41421
2 10 3 7 9 11 12 1.62019
2 10 3 7 9 11 13 1.41421
2 10 3 7 9 11 14 1.85164
2 10 3 7 9 12 13 1
2 10 3 7 9 12 14 1.62019
2 10 3 7 9 13 14 1.41421
2 10 3 7 11 12 13 1
2 10 3 7 11 12 14 1.62019
2 10 3 7 11 13 14 1.41421
2 10 3 7 12 13 14 1.41421
2 10 3 8 9 11 12 1.81265
2 10 3 8 9 11 13 1.73205
2 10 3 8 9 11 14 2
2 10 3 8 9 12 13 1.62019
2 10 3 8 9 12 14 1.81265
2 10 3 8 9 13 14 1.73205
2 10 3 8 11 12 13 1.62019
2 10 3 8 11 12 14 1.81265
2 10 3 8 11 13 14 1.73205
2 10 3 8 12 13 14 1.62019
2 10 3 9 11 12 13 1.73205
2 10 3 9 11 12 14 2
2 10 3 9 11 13 14 1.90693
2 10 3 9 12 13 14 1.73205
2 10 3 11 12 13 14 1.73205
2 10 4 5 6 7 8 1.62019
2 10 4 5 6 7 9 1.85164
2 10 4 5 6 7 11 1.85164
2 10 4 5 6 7 12 1.62019
2 10 4 5 6 7 13 1.41421
2 10 4 5 6 7 14 1.85164
2 10 4 5 6 8 9 2
2 10 4 5 6 8 11 1.93309
2 10 4 5 6 8 12 1.81265
2 10 4 5 6 8 13 1.73205
2 10 4 5 6 8 14 2
2 10 4 5 6 9 11 2.13809
2 10 4 5 6 9 12 2
2 10 4 5 6 9 13 1.90693
2 10 4 5 6 9 14 2.16556
2 10 4 5 6 11 12 1.93309
2 10 4 5 6 11 13 1.85164
2 10 4 5 6 11 14 2.13809
2 10 4 5 6 12 13 1.73205
2 10 4 5 6 12 14 2
2 10 4 5 6 13 14 1.90693
2 10 4 5 7 8 9 1.62019
2 10 4 5 7 8 11 1.62019
2 10 4 5 7 8 12 1.62019
2 10 4 5 7 8 13 1.62019
2 10 4 5 7 8 14 1.62019
2 10 4 5 7 9 11 1.85164
2 10 4 5 7 9 12 1.62019
2 10 4 5 7 9 13 1.41421
2 10 4 5 7 9 14 1.85164
2 10 4 5 7 11 12 1.62019
2 10 4 5 7 11 13 1.41421
2 10 4 5 7 11 14 1.85164
2 10 4 5 7 12 13 1.62019
2 10 4 5 7 12 14 1.62019
2 10 4 5 7 13 14 1.62019
2 10 4 5 8 9 11 1.93309
2 10 4 5 8 9 12 2
2 10 4 5 8 9 13 1.81265
2 10 4 5 8 9 14 2
2 10 4 5 8 11 12 1.73205
2 10 4 5 8 11 13 1.62019
2 10 4 5 8 11 14 1.93309
2 10 4 5 8 12 13 1.81265
2 10 4 5 8 12 14 2
2 10 4 5 8 13 14 2
2 10 4 5 9 11 12 1.93309
2 10 4 5 9 11 13 1.85164
2 10 4 5 9 11 14 2.13809
2 10 4 5 9 12 13 1.81265
2 10 4 5 9 12 14 2
2 10 4 5 9 13 14 1.93309
2 10 4 5 11 12 13 1.62019
2 10 4 5 11 12 14 1.93309
2 10 4 5 11 13 14 1.85164
2 10 4 5 12 13 14 2
2 10 4 6 7 8 9 1.62019
2 10 4 6 7 8 11 1.62019
2 10 4 6 7 8 12 1.41421
2 10 4 6 7 8 13 1
2 10 4 6 7 8 14 1.62019
2 10 4 6 7 9 11 1.85164
2 10 4 6 7 9 12 1.62019
2 10 4 6 7 9 13 1.41421
2 10 4 6 7 9 14 1.85164
2 10 4 6 7 11 12 1.62019
2 10 4 6 7 11 13 1.41421
2 10 4 6 7 11 14 1.85164
2 10 4 6 7 12 13 1
2 10 4 6 7 12 14 1.62019
2 10 4 6 7 13 14 1.41421
2 10 4 6 8 9 11 2.04939
2 10 4 6 8 9 12 2
2 10 4 6 8 9 13 1.93309
2 10 4 6 8 9 14 2.09938
2 10 4 6 8 11 12 1.90693
2 10 4 6 8 11 13 1.85164
2 10 4 6 8 11 14 2.04939
2 10 4 6 8 12 13 1.85164
2 10 4 6 8 12 14 2
2 10 4 6 8 13 14 1.93309
2 10 4 6 9 11 12 2.04939
2 10 4 6 9 11 13 2.00294
2 10 4 6 9 11 14 2.22354
2 10 4 6 9 12 13 1.93309
2 10 4 6 9 12 14 2.09938
2 10 4 6 9 13 14 2.04939
2 10 4 6 11 12 13 1.85164
2 10 4 6 11 12 14 2.04939
2 10 4 6 11 13 14 2.00294
2 10 4 6 12 13 14 1.93309
2 10 4 7 8 9 11 1.62019
2 10 4 7 8 9 12 1.41421
2 10 4 7 8 9 13 1.41421
2 10 4 7 8 9 14 1.62019
2 10 4 7 8 11 12 1.41421
2 10 4 7 8 11 13 1
2 10 4 7 8 11 14 1.62019
2 10 4 7 8 12 13 1.62019
2 10 4 7 8 12 14 1.62019
2 10 4 7 8 13 14 1.62019
2 10 4 7 9 11 12 1.62019
2 10 4 7 9 11 13 1.41421
2 10 4 7 9 11 14 1.85164
2 10 4 7 9 12 13 1.41421
2 10 4 7 9 12 14 1.62019
2 10 4 7 9 13 14 1.41421
2 10 4 7 11 12 13 1
2 10 4 7 11 12 14 1.62019
2 10 4 7 11 13 14 1.41421
2 10 4 7 12 13 14 1.62019
2 10 4 8 9 11 12 1.90693
2 10 4 8 9 11 13 1.85164
2 10 4 8 9 11 14 2.04939
2 10 4 8 9 12 13 1.90693
2 10 4 8 9 12 14 2.01187
2 10 4 8 9 13 14 2
2 10 4 8 11 12 13 1.73205
2 10 4 8 11 12 14 1.90693
2 10 4 8 11 13 14 1.85164
2 10 4 8 12 13 14 1.93309
2 10 4 9 11 12 13 1.85164
2 10 4 9 11 12 14 2.04939
2 10 4 9 11 13 14 2.00294
2 10 4 9 12 13 14 2
2 10 4 11 12 13 14 1.85164
2 10 5 6 7 8 9 1.62019
2 10 5 6 7 8 11 1.62019
2 10 5 6 7 8 12 1.41421
2 10 5 6 7 8 13 1
2 10 5 6 7 8 14 1.62019
2 10 5 6 7 9 11 1.85164
2 10 5 6 7 9 12 1.62019
2 10 5 6 7 9 13 1.41421
2 10 5 6 7 9 14 1.85164
2 10 5 6 7 11 12 1.62019
2 10 5 6 7 11 13 1.41421
2 10 5 6 7 11 14 1.85164
2 10 5 6 7 12 13 1
2 10 5 6 7 12 14 1.62019
2 10 5 6 7 13 14 1.41421
2 10 5 6 8 9 11 1.93309
2 10 5 6 8 9 12 1.81265
2 10 5 6 8 9 13 1.73205
2 10 5 6 8 9 14 2
2 10 5 6 8 11 12 1.73205
2 10 5 6 8 11 13 1.62019
2 10 5 6 8 11 14 1.93309
2 10 5 6 8 12 13 1.62019
2 10 5 6 8 12 14 1.81265
2 10 5 6 8 13 14 1.73205
2 10 5 6 9 11 12 1.93309
2 10 5 6 9 11 13 1.85164
2 10 5 6 9 11 14 2.13809
2 10 5 6 9 12 13 1.73205
2 10 5 6 9 12 14 2
2 10 5 6 9 13 14 1.90693
2 10 5 6 11 12 13 1.62019
2 10 5 6 11 12 14 1.93309
2 10 5 6 11 13 14 1.85164
2 10 5 6 12 13 14 1.73205
2 10 5 7 8 9 11 1.62019
2 10 5 7 8 9 12 1.41421
2 10 5 7 8 9 13 1.41421
2 10 5 7 8 9 14 1.62019
2 10 5 7 8 11 12 1.41421
2 10 5 7 8 11 13 1
2 10 5 7 8 11 14 1.62019
2 10 5 7 8 12 13 1.62019
2 10 5 7 8 12 14 1.62019
2 10 5 7 8 13 14 1.62019
2 10 5 7 9 11 12 1.62019
2 10 5 7 9 11 13 1.41421
2 10 5 7 9 11 14 1.85164
2 10 5 7 9 12 13 1.41421
2 10 5 7 9 12 14 1.62019
2 10 5 7 9 13 14 1.41421
2 10 5 7 11 12 13 1
2 10 5 7 11 12 14 1.62019
2 10 5 7 11 13 14 1.41421
2 10 5 7 12 13 14 1.62019
2 10 5 8 9 11 12 1.73205
2 10 5 8 9 11 13 1.62019
2 10 5 8 9 11 14 1.93309
2 10 5 8 9 12 13 1.73205
2 10 5 8 9 12 14 2
2 10 5 8 9 13 14 1.81265
2 10 5 8 11 12 13 1.41421
2 10 5 8 11 12 14 1.73205
2 10 5 8 11 13 14 1.62019
2 10 5 8 12 13 14 1.81265
2 10 5 9 11 12 13 1.62019
2 10 5 9 11 12 14 1.93309
2 10 5 9 11 13 14 1.85164
2 10 5 9 12 13 14 1.81265
2 10 5 11 12 13 14 1.62019
2 10 6 7 8 9 11 1.62019
2 10 6 7 8 9 12 1.41421
2 10 6 7 8 9 13 1
2 10 6 7 8 9 14 1.62019
2 10 6 7 8 11 12 1.41421
2 10 6 7 8 11 13 1
2 10 6 7 8 11 14 1.62019
2 10 6 7 8 12 13 1
2 10 6 7 8 12 14 1.41421
2 10 6 7 8 13 14 1
2 10 6 7 9 11 12 1.62019
2 10 6 7 9 11 13 1.41421
2 10 6 7 9 11 14 1.85164
2 10 6 7 9 12 13 1
2 10 6 7 9 12 14 1.62019
2 10 6 7 9 13 14 1.41421
2 10 6 7 11 12 13 1
2 10 6 7 11 12 14 1.62019
2 10 6 7 11 13 14 1.41421
2 10 6 7 12 13 14 1
2 10 6 8 9 11 12 2
2 10 6 8 9 11 13 1.93309
2 10 6 8 9 11 14 2.09938
2 10 6 8 9 12 13 1.93309
2 10 6 8 9 12 14 2.0381
2 10 6 8 9 13 14 2
2 10 6 8 11 12 13 1.85164
2 10 6 8 11 12 14 2
2 10 6 8 11 13 14 1.93309
2 10 6 8 12 13 14 1.93309
2 10 6 9 11 12 13 1.93309
2 10 6 9 11 12 14 2.09938
2 10 6 9 11 13 14 2.04939
2 10 6 9 12 13 14 2
2 10 6 11 12 13 14 1.93309
2 10 7 8 9 11 12 1.41421
2 10 7 8 9 11 13 1
2 10 7 8 9 11 14 1.62019
2 10 7 8 9 12 13 1.41421
2 10 7 8 9 12 14 1.41421
2 10 7 8 9 13 14 1.41421
2 10 7 8 11 12 13 1
2 10 7 8 11 12 14 1.41421
2 10 7 8 11 13 14 1
2 10 7 8 12 13 14 1.62019
2 10 7 9 11 12 13 1
2 10 7 9 11 12 14 1.62019
2 10 7 9 11 13 14 1.41421
2 10 7 9 12 13 14 1.41421
2 10 7 11 12 13 14 1
2 10 8 9 11 12 13 1.85164
2 10 8 9 11 12 14 2
2 10 8 9 11 13 14 1.93309
2 10 8 9 12 13 14 2
2 10 8 11 12 13 14 1.85164
2 10 9 11 12 13 14 1.93309
