5 10 0 1 2 3 4 6 7 8 9 0
5 10 0 1 2 3 4 6 7 8 11 0
5 10 0 1 2 3 4 6 7 8 12 0
5 10 0 1 2 3 4 6 7 8 13 0
5 10 0 1 2 3 4 6 7 8 14 0
5 10 0 1 2 3 4 6 7 9 11 0
5 10 0 1 2 3 4 6 7 9 12 0
5 10 0 1 2 3 4 6 7 9 13 0
5 10 0 1 2 3 4 6 7 9 14 0
5 10 0 1 2 3 4 6 7 11 12 0
5 10 0 1 2 3 4 6 7 11 13 0
5 10 0 1 2 3 4 6 7 11 14 0
5 10 0 1 2 3 4 6 7 12 13 0
5 10 0 1 2 3 4 6 7 12 14 0
5 10 0 1 2 3 4 6 7 13 14 0
5 10 0 1 2 3 4 6 8 9 11 0
5 10 0 1 2 3 4 6 8 9 12 0
5 10 0 1 2 3 4 6 8 9 13 0
5 10 0 1 2 3 4 6 8 9 14 0
5 10 0 1 2 3 4 6 8 11 12 0
5 10 0 1 2 3 4 6 8 11 13 0
5 10 0 1 2 3 4 6 8 11 14 0
5 10 0 1 2 3 4 6 8 12 13 0
5 10 0 1 2 3 4 6 8 12 14 0
5 10 0 1 2 3 4 6 8 13 14 0
5 10 0 1 2 3 4 6 9 11 12 0
5 10 0 1 2 3 4 6 9 11 13 0
5 10 0 1 2 3 4 6 9 11 14 0
5 10 0 1 2 3 4 6 9 12 13 0
5 10 0 1 2 3 4 6 9 12 14 0
5 10 0 1 2 3 4 6 9 13 14 0
5 10 0 1 2 3 4 6 11 12 13 0
5 10 0 1 2 3 4 6 11 12 14 0
5 10 0 1 2 3 4 6 11 13 14 0
5 10 0 1 2 3 4 6 12 13 14 0
5 10 0 1 2 3 4 7 8 9 11 0
5 10 0 1 2 3 4 7 8 9 12 1
5 10 0 1 2 3 4 7 8 9 13 1
5 10 0 1 2 3 4 7 8 9 14 1
5 10 0 1 2 3 4 7 8 11 12 1
5 10 0 1 2 3 4 7 8 11 13 1
5 10 0 1 2 3 4 7 8 11 14 1
5 10 0 1 2 3 4 7 8 12 13 1.41421
5 10 0 1 2 3 4 7 8 12 14 1.41421
5 10 0 1 2 3 4 7 8 13 14 1.41421
5 10 0 1 2 3 4 7 9 11 12 0
5 10 0 1 2 3 4 7 9 11 13 0
5 10 0 1 2 3 4 7 9 11 14 0
5 10 0 1 2 3 4 7 9 12 13 1
5 10 0 1 2 3 4 7 9 12 14 1
5 10 0 1 2 3 4 7 9 13 14 1
5 10 0 1 2 3 4 7 11 12 13 1
5 10 0 1 2 3 4 7 11 12 14 1
5 10 0 1 2 3 4 7 11 13 14 1
5 10 0 1 2 3 4 7 12 13 14 1.41421
5 10 0 1 2 3 4 8 9 11 12 0
5 10 0 1 2 3 4 8 9 11 13 0
5 10 0 1 2 3 4 8 9 11 14 0
5 10 0 1 2 3 4 8 9 12 13 1
5 10 0 1 2 3 4 8 9 12 14 1
5 10 0 1 2 3 4 8 9 13 14 1
5 10 0 1 2 3 4 8 11 12 13 1
5 10 0 1 2 3 4 8 11 12 14 1
5 10 0 1 2 3 4 8 11 13 14 1
5 10 0 1 2 3 4 8 12 13 14 1.41421
5 10 0 1 2 3 4 9 11 12 13 0
5 10 0 1 2 3 4 9 11 12 14 0
5 10 0 1 2 3 4 9 11 13 14 0
5 10 0 1 2 3 4 9 12 13 14 1
5 10 0 1 2 3 4 11 12 13 14 1
5 10 0 1 2 3 6 7 8 9 11 0
5 10 0 1 2 3 6 7 8 9 12 0
5 10 0 1 2 3 6 7 8 9 13 0
5 10 0 1 2 3 6 7 8 9 14 0
5 10 0 1 2 3 6 7 8 11 12 0
5 10 0 1 2 3 6 7 8 11 13 0
5 10 0 1 2 3 6 7 8 11 14 0
5 10 0 1 2 3 6 7 8 12 13 0
5 10 0 1 2 3 6 7 8 12 14 0
5 10 0 1 2 3 6 7 8 13 14 0
5 10 0 1 2 3 6 7 9 11 12 0
5 10 0 1 2 3 6 7 9 11 13 0
5 10 0 1 2 3 6 7 9 11 14 0
5 10 0 1 2 3 6 7 9 12 13 0
5 10 0 1 2 3 6 7 9 12 14 0
5 10 0 1 2 3 6 7 9 13 14 0
5 10 0 1 2 3 6 7 11 12 13 0
5 10 0 1 2 3 6 7 11 12 14 0
5 10 0 1 2 3 6 7 11 13 14 0
5 10 0 1 2 3 6 7 12 13 14 0
5 10 0 1 2 3 6 8 9 11 12 0
5 10 0 1 2 3 6 8 9 11 13 0
5 10 0 1 2 3 6 8 9 11 14 0
5 10 0 1 2 3 6 8 9 12 13 0
5 10 0 1 2 3 6 8 9 12 14 0
5 10 0 1 2 3 6 8 9 13 14 0
5 10 0 1 2 3 6 8 11 12 13 0
5 10 0 1 2 3 6 8 11 12 14 0
5 10 0 1 2 3 6 8 11 13 14 0
5 10 0 1 2 3 6 8 12 13 14 0
5 10 0 1 2 3 6 9 11 12 13 0
5 10 0 1 2 3 6 9 11 12 14 0
5 10 0 1 2 3 6 9 11 13 14 0
5 10 0 1 2 3 6 9 12 13 14 0
5 10 0 1 2 3 6 11 12 13 14 0
5 10 0 1 2 3 7 8 9 11 12 0
5 10 0 1 2 3 7 8 9 11 13 0
5 10 0 1 2 3 7 8 9 11 14 0
5 10 0 1 2 3 7 8 9 12 13 1
5 10 0 1 2 3 7 8 9 12 14 1
5 10 0 1 2 3 7 8 9 13 14 1
5 10 0 1 2 3 7 8 11 12 13 1
5 10 0 1 2 3 7 8 11 12 14 1
5 10 0 1 2 3 7 8 11 13 14 1
5 10 0 1 2 3 7 8 12 13 14 1.41421
5 10 0 1 2 3 7 9 11 12 13 0
5 10 0 1 2 3 7 9 11 12 14 0
5 10 0 1 2 3 7 9 11 13 14 0
5 10 0 1 2 3 7 9 12 13 14 1
5 10 0 1 2 3 7 11 12 13 14 1
5 10 0 1 2 3 8 9 11 12 13 0
5 10 0 1 2 3 8 9 11 12 14 0
5 10 0 1 2 3 8 9 11 13 14 0
5 10 0 1 2 3 8 9 12 13 14 1
5 10 0 1 2 3 8 11 12 13 14 1
5 10 0 1 2 3 9 11 12 13 14 0
5 10 0 1 2 4 6 7 8 9 11 0
5 10 0 1 2 4 6 7 8 9 12 1
5 10 0 1 2 4 6 7 8 9 13 1
5 10 0 1 2 4 6 7 8 9 14 1
5 10 0 1 2 4 6 7 8 11 12 0
5 10 0 1 2 4 6 7 8 11 13 0
5 10 0 1 2 4 6 7 8 11 14 0
5 10 0 1 2 4 6 7 8 12 13 1
5 10 0 1 2 4 6 7 8 12 14 1
5 10 0 1 2 4 6 7 8 13 14 1
5 10 0 1 2 4 6 7 9 11 12 0
5 10 0 1 2 4 6 7 9 11 13 0
5 10 0 1 2 4 6 7 9 11 14 0
5 10 0 1 2 4 6 7 9 12 13 1
5 10 0 1 2 4 6 7 9 12 14 1
5 10 0 1 2 4 6 7 9 13 14 1
5 10 0 1 2 4 6 7 11 12 13 0
5 10 0 1 2 4 6 7 11 12 14 0
5 10 0 1 2 4 6 7 11 13 14 0
5 10 0 1 2 4 6 7 12 13 14 1
5 10 0 1 2 4 6 8 9 11 12 1
5 10 0 1 2 4 6 8 9 11 13 1
5 10 0 1 2 4 6 8 9 11 14 1
5 10 0 1 2 4 6 8 9 12 13 1.41421
5 10 0 1 2 4 6 8 9 12 14 1.41421
5 10 0 1 2 4 6 8 9 13 14 1.41421
5 10 0 1 2 4 6 8 11 12 13 1
5 10 0 1 2 4 6 8 11 12 14 1
5 10 0 1 2 4 6 8 11 13 14 1
5 10 0 1 2 4 6 8 12 13 14 1.41421
5 10 0 1 2 4 6 9 11 12 13 1
5 10 0 1 2 4 6 9 11 12 14 1
5 10 0 1 2 4 6 9 11 13 14 1
5 10 0 1 2 4 6 9 12 13 14 1.41421
5 10 0 1 2 4 6 11 12 13 14 1
5 10 0 1 2 4 7 8 9 11 12 0
5 10 0 1 2 4 7 8 9 11 13 0
5 10 0 1 2 4 7 8 9 11 14 0
5 10 0 1 2 4 7 8 9 12 13 1.41421
5 10 0 1 2 4 7 8 9 12 14 1.41421
5 10 0 1 2 4 7 8 9 13 14 1.41421
5 10 0 1 2 4 7 8 11 12 13 1
5 10 0 1 2 4 7 8 11 12 14 1
5 10 0 1 2 4 7 8 11 13 14 1
5 10 0 1 2 4 7 8 12 13 14 1.62019
5 10 0 1 2 4 7 9 11 12 13 0
5 10 0 1 2 4 7 9 11 12 14 0
5 10 0 1 2 4 7 9 11 13 14 0
5 10 0 1 2 4 7 9 12 13 14 1.41421
5 10 0 1 2 4 7 11 12 13 14 1
5 10 0 1 2 4 8 9 11 12 13 1
5 10 0 1 2 4 8 9 11 12 14 1
5 10 0 1 2 4 8 9 11 13 14 1
5 10 0 1 2 4 8 9 12 13 14 1.62019
5 10 0 1 2 4 8 11 12 13 14 1
5 10 0 1 2 4 9 11 12 13 14 1
5 10 0 1 2 6 7 8 9 11 12 0
5 10 0 1 2 6 7 8 9 11 13 0
5 10 0 1 2 6 7 8 9 11 14 0
5 10 0 1 2 6 7 8 9 12 13 1
5 10 0 1 2 6 7 8 9 12 14 1
5 10 0 1 2 6 7 8 9 13 14 1
5 10 0 1 2 6 7 8 11 12 13 0
5 10 0 1 2 6 7 8 11 12 14 0
5 10 0 1 2 6 7 8 11 13 14 0
5 10 0 1 2 6 7 8 12 13 14 1
5 10 0 1 2 6 7 9 11 12 13 0
5 10 0 1 2 6 7 9 11 12 14 0
5 10 0 1 2 6 7 9 11 13 14 0
5 10 0 1 2 6 7 9 12 13 14 1
5 10 0 1 2 6 7 11 12 13 14 0
5 10 0 1 2 6 8 9 11 12 13 1
5 10 0 1 2 6 8 9 11 12 14 1
5 10 0 1 2 6 8 9 11 13 14 1
5 10 0 1 2 6 8 9 12 13 14 1.41421
5 10 0 1 2 6 8 11 12 13 14 1
5 10 0 1 2 6 9 11 12 13 14 1
5 10 0 1 2 7 8 9 11 12 13 0
5 10 0 1 2 7 8 9 11 12 14 0
5 10 0 1 2 7 8 9 11 13 14 0
5 10 0 1 2 7 8 9 12 13 14 1.41421
5 10 0 1 2 7 8 11 12 13 14 1
5 10 0 1 2 7 9 11 12 13 14 0
5 10 0 1 2 8 9 11 12 13 14 1
5 10 0 1 3 4 6 7 8 9 11 0
5 10 0 1 3 4 6 7 8 9 12 0
5 10 0 1 3 4 6 7 8 9 13 0
5 10 0 1 3 4 6 7 8 9 14 0
5 10 0 1 3 4 6 7 8 11 12 0
5 10 0 1 3 4 6 7 8 11 13 0
5 10 0 1 3 4 6 7 8 11 14 0
5 10 0 1 3 4 6 7 8 12 13 0
5 10 0 1 3 4 6 7 8 12 14 0
5 10 0 1 3 4 6 7 8 13 14 0
5 10 0 1 3 4 6 7 9 11 12 0
5 10 0 1 3 4 6 7 9 11 13 0
5 10 0 1 3 4 6 7 9 11 14 0
5 10 0 1 3 4 6 7 9 12 13 0
5 10 0 1 3 4 6 7 9 12 14 0
5 10 0 1 3 4 6 7 9 13 14 0
5 10 0 1 3 4 6 7 11 12 13 0
5 10 0 1 3 4 6 7 11 12 14 0
5 10 0 1 3 4 6 7 11 13 14 0
5 10 0 1 3 4 6 7 12 13 14 0
5 10 0 1 3 4 6 8 9 11 12 0
5 10 0 1 3 4 6 8 9 11 13 0
5 10 0 1 3 4 6 8 9 11 14 0
5 10 0 1 3 4 6 8 9 12 13 0
5 10 0 1 3 4 6 8 9 12 14 0
5 10 0 1 3 4 6 8 9 13 14 0
5 10 0 1 3 4 6 8 11 12 13 0
5 10 0 1 3 4 6 8 11 12 14 0
5 10 0 1 3 4 6 8 11 13 14 0
5 10 0 1 3 4 6 8 12 13 14 0
5 10 0 1 3 4 6 9 11 12 13 0
5 10 0 1 3 4 6 9 11 12 14 0
5 10 0 1 3 4 6 9 11 13 14 0
5 10 0 1 3 4 6 9 12 13 14 0
5 10 0 1 3 4 6 11 12 13 14 0
5 10 0 1 3 4 7 8 9 11 12 0
5 10 0 1 3 4 7 8 9 11 13 0
5 10 0 1 3 4 7 8 9 11 14 0
5 10 0 1 3 4 7 8 9 12 13 1
5 10 0 1 3 4 7 8 9 12 14 1
5 10 0 1 3 4 7 8 9 13 14 1
5 10 0 1 3 4 7 8 11 12 13 1
5 10 0 1 3 4 7 8 11 12 14 1
5 10 0 1 3 4 7 8 11 13 14 1
5 10 0 1 3 4 7 8 12 13 14 1.41421
5 10 0 1 3 4 7 9 11 12 13 0
5 10 0 1 3 4 7 9 11 12 14 0
5 10 0 1 3 4 7 9 11 13 14 0
5 10 0 1 3 4 7 9 12 13 14 1
5 10 0 1 3 4 7 11 12 13 14 1
5 10 0 1 3 4 8 9 11 12 13 0
5 10 0 1 3 4 8 9 11 12 14 0
5 10 0 1 3 4 8 9 11 13 14 0
5 10 0 1 3 4 8 9 12 13 14 1
5 10 0 1 3 4 8 11 12 13 14 1
5 10 0 1 3 4 9 11 12 13 14 0
5 10 0 1 3 6 7 8 9 11 12 0
5 10 0 1 3 6 7 8 9 11 13 0
5 10 0 1 3 6 7 8 9 11 14 0
5 10 0 1 3 6 7 8 9 12 13 0
5 10 0 1 3 6 7 8 9 12 14 0
5 10 0 1 3 6 7 8 9 13 14 0
5 10 0 1 3 6 7 8 11 12 13 0
5 10 0 1 3 6 7 8 11 12 14 0
5 10 0 1 3 6 7 8 11 13 14 0
5 10 0 1 3 6 7 8 12 13 14 0
5 10 0 1 3 6 7 9 11 12 13 0
5 10 0 1 3 6 7 9 11 12 14 0
5 10 0 1 3 6 7 9 11 13 14 0
5 10 0 1 3 6 7 9 12 13 14 0
5 10 0 1 3 6 7 11 12 13 14 0
5 10 0 1 3 6 8 9 11 12 13 0
5 10 0 1 3 6 8 9 11 12 14 0
5 10 0 1 3 6 8 9 11 13 14 0
5 10 0 1 3 6 8 9 12 13 14 0
5 10 0 1 3 6 8 11 12 13 14 0
5 10 0 1 3 6 9 11 12 13 14 0
5 10 0 1 3 7 8 9 11 12 13 0
5 10 0 1 3 7 8 9 11 12 14 0
5 10 0 1 3 7 8 9 11 13 14 0
5 10 0 1 3 7 8 9 12 13 14 1
5 10 0 1 3 7 8 11 12 13 14 1
5 10 0 1 3 7 9 11 12 13 14 0
5 10 0 1 3 8 9 11 12 13 14 0
5 10 0 1 4 6 7 8 9 11 12 1
5 10 0 1 4 6 7 8 9 11 13 1
5 10 0 1 4 6 7 8 9 11 14 1
5 10 0 1 4 6 7 8 9 12 13 1.41421
5 10 0 1 4 6 7 8 9 12 14 1.41421
5 10 0 1 4 6 7 8 9 13 14 1.41421
5 10 0 1 4 6 7 8 11 12 13 1
5 10 0 1 4 6 7 8 11 12 14 1
5 10 0 1 4 6 7 8 11 13 14 1
5 10 0 1 4 6 7 8 12 13 14 1.41421
5 10 0 1 4 6 7 9 11 12 13 1
5 10 0 1 4 6 7 9 11 12 14 1
5 10 0 1 4 6 7 9 11 13 14 1
5 10 0 1 4 6 7 9 12 13 14 1.41421
5 10 0 1 4 6 7 11 12 13 14 1
5 10 0 1 4 6 8 9 11 12 13 1.41421
5 10 0 1 4 6 8 9 11 12 14 1.41421
5 10 0 1 4 6 8 9 11 13 14 1.41421
5 10 0 1 4 6 8 9 12 13 14 1.73205
5 10 0 1 4 6 8 11 12 13 14 1.41421
5 10 0 1 4 6 9 11 12 13 14 1.41421
5 10 0 1 4 7 8 9 11 12 13 1
5 10 0 1 4 7 8 9 11 12 14 1
5 10 0 1 4 7 8 9 11 13 14 1
5 10 0 1 4 7 8 9 12 13 14 1.62019
5 10 0 1 4 7 8 11 12 13 14 1
5 10 0 1 4 7 9 11 12 13 14 1
5 10 0 1 4 8 9 11 12 13 14 1.41421
5 10 0 1 6 7 8 9 11 12 13 1
5 10 0 1 6 7 8 9 11 12 14 1
5 10 0 1 6 7 8 9 11 13 14 1
5 10 0 1 6 7 8 9 12 13 14 1.41421
5 10 0 1 6 7 8 11 12 13 14 1
5 10 0 1 6 7 9 11 12 13 14 1
5 10 0 1 6 8 9 11 12 13 14 1.41421
5 10 0 1 7 8 9 11 12 13 14 1
5 10 0 2 3 4 6 7 8 9 11 1.41421
5 10 0 2 3 4 6 7 8 9 12 1
5 10 0 2 3 4 6 7 8 9 13 1
5 10 0 2 3 4 6 7 8 9 14 1.41421
5 10 0 2 3 4 6 7 8 11 12 1
5 10 0 2 3 4 6 7 8 11 13 1
5 10 0 2 3 4 6 7 8 11 14 1.41421
5 10 0 2 3 4 6 7 8 12 13 0
5 10 0 2 3 4 6 7 8 12 14 1
5 10 0 2 3 4 6 7 8 13 14 1
5 10 0 2 3 4 6 7 9 11 12 1.41421
5 10 0 2 3 4 6 7 9 11 13 1.41421
5 10 0 2 3 4 6 7 9 11 14 1.73205
5 10 0 2 3 4 6 7 9 12 13 1
5 10 0 2 3 4 6 7 9 12 14 1.41421
5 10 0 2 3 4 6 7 9 13 14 1.41421
5 10 0 2 3 4 6 7 11 12 13 1
5 10 0 2 3 4 6 7 11 12 14 1.41421
5 10 0 2 3 4 6 7 11 13 14 1.41421
5 10 0 2 3 4 6 7 12 13 14 1
5 10 0 2 3 4 6 8 9 11 12 1.41421
5 10 0 2 3 4 6 8 9 11 13 1.41421
5 10 0 2 3 4 6 8 9 11 14 1.73205
5 10 0 2 3 4 6 8 9 12 13 1
5 10 0 2 3 4 6 8 9 12 14 1.41421
5 10 0 2 3 4 6 8 9 13 14 1.41421
5 10 0 2 3 4 6 8 11 12 13 1
5 10 0 2 3 4 6 8 11 12 14 1.41421
5 10 0 2 3 4 6 8 11 13 14 1.41421
5 10 0 2 3 4 6 8 12 13 14 1
5 10 0 2 3 4 6 9 11 12 13 1.41421
5 10 0 2 3 4 6 9 11 12 14 1.73205
5 10 0 2 3 4 6 9 11 13 14 1.73205
5 10 0 2 3 4 6 9 12 13 14 1.41421
5 10 0 2 3 4 6 11 12 13 14 1.41421
5 10 0 2 3 4 7 8 9 11 12 1
5 10 0 2 3 4 7 8 9 11 13 1
5 10 0 2 3 4 7 8 9 11 14 1.41421
5 10 0 2 3 4 7 8 9 12 13 1
5 10 0 2 3 4 7 8 9 12 14 1
5 10 0 2 3 4 7 8 9 13 14 1
5 10 0 2 3 4 7 8 11 12 13 1
5 10 0 2 3 4 7 8 11 12 14 1
5 10 0 2 3 4 7 8 11 13 14 1
5 10 0 2 3 4 7 8 12 13 14 1.41421
5 10 0 2 3 4 7 9 11 12 13 1
5 10 0 2 3 4 7 9 11 12 14 1.41421
5 10 0 2 3 4 7 9 11 13 14 1.41421
5 10 0 2 3 4 7 9 12 13 14 1
5 10 0 2 3 4 7 11 12 13 14 1
5 10 0 2 3 4 8 9 11 12 13 1
5 10 0 2 3 4 8 9 11 12 14 1.41421
5 10 0 2 3 4 8 9 11 13 14 1.41421
5 10 0 2 3 4 8 9 12 13 14 1
5 10 0 2 3 4 8 11 12 13 14 1
5 10 0 2 3 4 9 11 12 13 14 1.41421
5 10 0 2 3 6 7 8 9 11 12 1
5 10 0 2 3 6 7 8 9 11 13 1
5 10 0 2 3 6 7 8 9 11 14 1.41421
5 10 0 2 3 6 7 8 9 12 13 0
5 10 0 2 3 6 7 8 9 12 14 1
5 10 0 2 3 6 7 8 9 13 14 1
5 10 0 2 3 6 7 8 11 12 13 0
5 10 0 2 3 6 7 8 11 12 14 1
5 10 0 2 3 6 7 8 11 13 14 1
5 10 0 2 3 6 7 8 12 13 14 0
5 10 0 2 3 6 7 9 11 12 13 1
5 10 0 2 3 6 7 9 11 12 14 1.41421
5 10 0 2 3 6 7 9 11 13 14 1.41421
5 10 0 2 3 6 7 9 12 13 14 1
5 10 0 2 3 6 7 11 12 13 14 1
5 10 0 2 3 6 8 9 11 12 13 1
5 10 0 2 3 6 8 9 11 12 14 1.41421
5 10 0 2 3 6 8 9 11 13 14 1.41421
5 10 0 2 3 6 8 9 12 13 14 1
5 10 0 2 3 6 8 11 12 13 14 1
5 10 0 2 3 6 9 11 12 13 14 1.41421
5 10 0 2 3 7 8 9 11 12 13 0
5 10 0 2 3 7 8 9 11 12 14 1
5 10 0 2 3 7 8 9 11 13 14 1
5 10 0 2 3 7 8 9 12 13 14 1
5 10 0 2 3 7 8 11 12 13 14 1
5 10 0 2 3 7 9 11 12 13 14 1
5 10 0 2 3 8 9 11 12 13 14 1
5 10 0 2 4 6 7 8 9 11 12 1
5 10 0 2 4 6 7 8 9 11 13 1
5 10 0 2 4 6 7 8 9 11 14 1.41421
5 10 0 2 4 6 7 8 9 12 13 1
5 10 0 2 4 6 7 8 9 12 14 1
5 10 0 2 4 6 7 8 9 13 14 1
5 10 0 2 4 6 7 8 11 12 13 0
5 10 0 2 4 6 7 8 11 12 14 1
5 10 0 2 4 6 7 8 11 13 14 1
5 10 0 2 4 6 7 8 12 13 14 1
5 10 0 2 4 6 7 9 11 12 13 1
5 10 0 2 4 6 7 9 11 12 14 1.41421
5 10 0 2 4 6 7 9 11 13 14 1.41421
5 10 0 2 4 6 7 9 12 13 14 1
5 10 0 2 4 6 7 11 12 13 14 1
5 10 0 2 4 6 8 9 11 12 13 1.41421
5 10 0 2 4 6 8 9 11 12 14 1.62019
5 10 0 2 4 6 8 9 11 13 14 1.62019
5 10 0 2 4 6 8 9 12 13 14 1.62019
5 10 0 2 4 6 8 11 12 13 14 1.41421
5 10 0 2 4 6 9 11 12 13 14 1.62019
5 10 0 2 4 7 8 9 11 12 13 0
5 10 0 2 4 7 8 9 11 12 14 1
5 10 0 2 4 7 8 9 11 13 14 1
5 10 0 2 4 7 8 9 12 13 14 1.41421
5 10 0 2 4 7 8 11 12 13 14 1
5 10 0 2 4 7 9 11 12 13 14 1
5 10 0 2 4 8 9 11 12 13 14 1.41421
5 10 0 2 6 7 8 9 11 12 13 0
5 10 0 2 6 7 8 9 11 12 14 1
5 10 0 2 6 7 8 9 11 13 14 1
5 10 0 2 6 7 8 9 12 13 14 1
5 10 0 2 6 7 8 11 12 13 14 0
5 10 0 2 6 7 9 11 12 13 14 1
5 10 0 2 6 8 9 11 12 13 14 1.41421
5 10 0 2 7 8 9 11 12 13 14 0
5 10 0 3 4 6 7 8 9 11 12 1.41421
5 10 0 3 4 6 7 8 9 11 13 1.41421
5 10 0 3 4 6 7 8 9 11 14 1.73205
5 10 0 3 4 6 7 8 9 12 13 1
5 10 0 3 4 6 7 8 9 12 14 1.41421
5 10 0 3 4 6 7 8 9 13 14 1.41421
5 10 0 3 4 6 7 8 11 12 13 1
5 10 0 3 4 6 7 8 11 12 14 1.41421
5 10 0 3 4 6 7 8 11 13 14 1.41421
5 10 0 3 4 6 7 8 12 13 14 1
5 10 0 3 4 6 7 9 11 12 13 1.41421
5 10 0 3 4 6 7 9 11 12 14 1.73205
5 10 0 3 4 6 7 9 11 13 14 1.73205
5 10 0 3 4 6 7 9 12 13 14 1.41421
5 10 0 3 4 6 7 11 12 13 14 1.41421
5 10 0 3 4 6 8 9 11 12 13 1.41421
5 10 0 3 4 6 8 9 11 12 14 1.73205
5 10 0 3 4 6 8 9 11 13 14 1.73205
5 10 0 3 4 6 8 9 12 13 14 1.41421
5 10 0 3 4 6 8 11 12 13 14 1.41421
5 10 0 3 4 6 9 11 12 13 14 1.73205
5 10 0 3 4 7 8 9 11 12 13 1
5 10 0 3 4 7 8 9 11 12 14 1.41421
5 10 0 3 4 7 8 9 11 13 14 1.41421
5 10 0 3 4 7 8 9 12 13 14 1
5 10 0 3 4 7 8 11 12 13 14 1
5 10 0 3 4 7 9 11 12 13 14 1.41421
5 10 0 3 4 8 9 11 12 13 14 1.41421
5 10 0 3 6 7 8 9 11 12 13 1
5 10 0 3 6 7 8 9 11 12 14 1.41421
5 10 0 3 6 7 8 9 11 13 14 1.41421
5 10 0 3 6 7 8 9 12 13 14 1
5 10 0 3 6 7 8 11 12 13 14 1
5 10 0 3 6 7 9 11 12 13 14 1.41421
5 10 0 3 6 8 9 11 12 13 14 1.41421
5 10 0 3 7 8 9 11 12 13 14 1
5 10 0 4 6 7 8 9 11 12 13 1.41421
5 10 0 4 6 7 8 9 11 12 14 1.62019
5 10 0 4 6 7 8 9 11 13 14 1.62019
5 10 0 4 6 7 8 9 12 13 14 1.62019
5 10 0 4 6 7 8 11 12 13 14 1.41421
5 10 0 4 6 7 9 11 12 13 14 1.62019
5 10 0 4 6 8 9 11 12 13 14 2
5 10 0 4 7 8 9 11 12 13 14 1.41421
5 10 0 6 7 8 9 11 12 13 14 1.41421
5 10 1 2 3 4 6 7 8 9 11 1
5 10 1 2 3 4 6 7 8 9 12 1
5 10 1 2 3 4 6 7 8 9 13 0
5 10 1 2 3 4 6 7 8 9 14 1
5 10 1 2 3 4 6 7 8 11 12 1
5 10 1 2 3 4 6 7 8 11 13 0
5 10 1 2 3 4 6 7 8 11 14 1
5 10 1 2 3 4 6 7 8 12 13 0
5 10 1 2 3 4 6 7 8 12 14 1
5 10 1 2 3 4 6 7 8 13 14 0
5 10 1 2 3 4 6 7 9 11 12 1
5 10 1 2 3 4 6 7 9 11 13 0
5 10 1 2 3 4 6 7 9 11 14 1
5 10 1 2 3 4 6 7 9 12 13 0
5 10 1 2 3 4 6 7 9 12 14 1
5 10 1 2 3 4 6 7 9 13 14 0
5 10 1 2 3 4 6 7 11 12 13 0
5 10 1 2 3 4 6 7 11 12 14 1
5 10 1 2 3 4 6 7 11 13 14 0
5 10 1 2 3 4 6 7 12 13 14 0
5 10 1 2 3 4 6 8 9 11 12 1
5 10 1 2 3 4 6 8 9 11 13 0
5 10 1 2 3 4 6 8 9 11 14 1
5 10 1 2 3 4 6 8 9 12 13 0
5 10 1 2 3 4 6 8 9 12 14 1
5 10 1 2 3 4 6 8 9 13 14 0
5 10 1 2 3 4 6 8 11 12 13 0
5 10 1 2 3 4 6 8 11 12 14 1
5 10 1 2 3 4 6 8 11 13 14 0
5 10 1 2 3 4 6 8 12 13 14 0
5 10 1 2 3 4 6 9 11 12 13 0
5 10 1 2 3 4 6 9 11 12 14 1
5 10 1 2 3 4 6 9 11 13 14 0
5 10 1 2 3 4 6 9 12 13 14 0
5 10 1 2 3 4 6 11 12 13 14 0
5 10 1 2 3 4 7 8 9 11 12 1
5 10 1 2 3 4 7 8 9 11 13 0
5 10 1 2 3 4 7 8 9 11 14 1
5 10 1 2 3 4 7 8 9 12 13 1
5 10 1 2 3 4 7 8 9 12 14 1
5 10 1 2 3 4 7 8 9 13 14 1
5 10 1 2 3 4 7 8 11 12 13 1
5 10 1 2 3 4 7 8 11 12 14 1
5 10 1 2 3 4 7 8 11 13 14 1
5 10 1 2 3 4 7 8 12 13 14 1.41421
5 10 1 2 3 4 7 9 11 12 13 0
5 10 1 2 3 4 7 9 11 12 14 1
5 10 1 2 3 4 7 9 11 13 14 0
5 10 1 2 3 4 7 9 12 13 14 1
5 10 1 2 3 4 7 11 12 13 14 1
5 10 1 2 3 4 8 9 11 12 13 0
5 10 1 2 3 4 8 9 11 12 14 1
5 10 1 2 3 4 8 9 11 13 14 0
5 10 1 2 3 4 8 9 12 13 14 1
5 10 1 2 3 4 8 11 12 13 14 1
5 10 1 2 3 4 9 11 12 13 14 0
5 10 1 2 3 6 7 8 9 11 12 1
5 10 1 2 3 6 7 8 9 11 13 0
5 10 1 2 3 6 7 8 9 11 14 1
5 10 1 2 3 6 7 8 9 12 13 0
5 10 1 2 3 6 7 8 9 12 14 1
5 10 1 2 3 6 7 8 9 13 14 0
5 10 1 2 3 6 7 8 11 12 13 0
5 10 1 2 3 6 7 8 11 12 14 1
5 10 1 2 3 6 7 8 11 13 14 0
5 10 1 2 3 6 7 8 12 13 14 0
5 10 1 2 3 6 7 9 11 12 13 0
5 10 1 2 3 6 7 9 11 12 14 1
5 10 1 2 3 6 7 9 11 13 14 0
5 10 1 2 3 6 7 9 12 13 14 0
5 10 1 2 3 6 7 11 12 13 14 0
5 10 1 2 3 6 8 9 11 12 13 0
5 10 1 2 3 6 8 9 11 12 14 1
5 10 1 2 3 6 8 9 11 13 14 0
5 10 1 2 3 6 8 9 12 13 14 0
5 10 1 2 3 6 8 11 12 13 14 0
5 10 1 2 3 6 9 11 12 13 14 0
5 10 1 2 3 7 8 9 11 12 13 0
5 10 1 2 3 7 8 9 11 12 14 1
5 10 1 2 3 7 8 9 11 13 14 0
5 10 1 2 3 7 8 9 12 13 14 1
5 10 1 2 3 7 8 11 12 13 14 1
5 10 1 2 3 7 9 11 12 13 14 0
5 10 1 2 3 8 9 11 12 13 14 0
5 10 1 2 4 6 7 8 9 11 12 1
5 10 1 2 4 6 7 8 9 11 13 0
5 10 1 2 4 6 7 8 9 11 14 1
5 10 1 2 4 6 7 8 9 12 13 1
5 10 1 2 4 6 7 8 9 12 14 1
5 10 1 2 4 6 7 8 9 13 14 1
5 10 1 2 4 6 7 8 11 12 13 0
5 10 1 2 4 6 7 8 11 12 14 1
5 10 1 2 4 6 7 8 11 13 14 0
5 10 1 2 4 6 7 8 12 13 14 1
5 10 1 2 4 6 7 9 11 12 13 0
5 10 1 2 4 6 7 9 11 12 14 1
5 10 1 2 4 6 7 9 11 13 14 0
5 10 1 2 4 6 7 9 12 13 14 1
5 10 1 2 4 6 7 11 12 13 14 0
5 10 1 2 4 6 8 9 11 12 13 1
5 10 1 2 4 6 8 9 11 12 14 1
5 10 1 2 4 6 8 9 11 13 14 1
5 10 1 2 4 6 8 9 12 13 14 1.41421
5 10 1 2 4 6 8 11 12 13 14 1
5 10 1 2 4 6 9 11 12 13 14 1
5 10 1 2 4 7 8 9 11 12 13 0
5 10 1 2 4 7 8 9 11 12 14 1
5 10 1 2 4 7 8 9 11 13 14 0
5 10 1 2 4 7 8 9 12 13 14 1.41421
5 10 1 2 4 7 8 11 12 13 14 1
5 10 1 2 4 7 9 11 12 13 14 0
5 10 1 2 4 8 9 11 12 13 14 1
5 10 1 2 6 7 8 9 11 12 13 0
5 10 1 2 6 7 8 9 11 12 14 1
5 10 1 2 6 7 8 9 11 13 14 0
5 10 1 2 6 7 8 9 12 13 14 1
5 10 1 2 6 7 8 11 12 13 14 0
5 10 1 2 6 7 9 11 12 13 14 0
5 10 1 2 6 8 9 11 12 13 14 1
5 10 1 2 7 8 9 11 12 13 14 0
5 10 1 3 4 6 7 8 9 11 12 1
5 10 1 3 4 6 7 8 9 11 13 0
5 10 1 3 4 6 7 8 9 11 14 1
5 10 1 3 4 6 7 8 9 12 13 0
5 10 1 3 4 6 7 8 9 12 14 1
5 10 1 3 4 6 7 8 9 13 14 0
5 10 1 3 4 6 7 8 11 12 13 0
5 10 1 3 4 6 7 8 11 12 14 1
5 10 1 3 4 6 7 8 11 13 14 0
5 10 1 3 4 6 7 8 12 13 14 0
5 10 1 3 4 6 7 9 11 12 13 0
5 10 1 3 4 6 7 9 11 12 14 1
5 10 1 3 4 6 7 9 11 13 14 0
5 10 1 3 4 6 7 9 12 13 14 0
5 10 1 3 4 6 7 11 12 13 14 0
5 10 1 3 4 6 8 9 11 12 13 0
5 10 1 3 4 6 8 9 11 12 14 1
5 10 1 3 4 6 8 9 11 13 14 0
5 10 1 3 4 6 8 9 12 13 14 0
5 10 1 3 4 6 8 11 12 13 14 0
5 10 1 3 4 6 9 11 12 13 14 0
5 10 1 3 4 7 8 9 11 12 13 0
5 10 1 3 4 7 8 9 11 12 14 1
5 10 1 3 4 7 8 9 11 13 14 0
5 10 1 3 4 7 8 9 12 13 14 1
5 10 1 3 4 7 8 11 12 13 14 1
5 10 1 3 4 7 9 11 12 13 14 0
5 10 1 3 4 8 9 11 12 13 14 0
5 10 1 3 6 7 8 9 11 12 13 0
5 10 1 3 6 7 8 9 11 12 14 1
5 10 1 3 6 7 8 9 11 13 14 0
5 10 1 3 6 7 8 9 12 13 14 0
5 10 1 3 6 7 8 11 12 13 14 0
5 10 1 3 6 7 9 11 12 13 14 0
5 10 1 3 6 8 9 11 12 13 14 0
5 10 1 3 7 8 9 11 12 13 14 0
5 10 1 4 6 7 8 9 11 12 13 1
5 10 1 4 6 7 8 9 11 12 14 1
5 10 1 4 6 7 8 9 11 13 14 1
5 10 1 4 6 7 8 9 12 13 14 1.41421
5 10 1 4 6 7 8 11 12 13 14 1
5 10 1 4 6 7 9 11 12 13 14 1
5 10 1 4 6 8 9 11 12 13 14 1.41421
5 10 1 4 7 8 9 11 12 13 14 1
5 10 1 6 7 8 9 11 12 13 14 1
5 10 2 3 4 6 7 8 9 11 12 1.41421
5 10 2 3 4 6 7 8 9 11 13 1
5 10 2 3 4 6 7 8 9 11 14 1.62019
5 10 2 3 4 6 7 8 9 12 13 0
5 10 2 3 4 6 7 8 9 12 14 1.41421
5 10 2 3 4 6 7 8 9 13 14 1
5 10 2 3 4 6 7 8 11 12 13 0
5 10 2 3 4 6 7 8 11 12 14 1.41421
5 10 2 3 4 6 7 8 11 13 14 1
5 10 2 3 4 6 7 8 12 13 14 0
5 10 2 3 4 6 7 9 11 12 13 1
5 10 2 3 4 6 7 9 11 12 14 1.62019
5 10 2 3 4 6 7 9 11 13 14 1.41421
5 10 2 3 4 6 7 9 12 13 14 1
5 10 2 3 4 6 7 11 12 13 14 1
5 10 2 3 4 6 8 9 11 12 13 1
5 10 2 3 4 6 8 9 11 12 14 1.62019
5 10 2 3 4 6 8 9 11 13 14 1.41421
5 10 2 3 4 6 8 9 12 13 14 1
5 10 2 3 4 6 8 11 12 13 14 1
5 10 2 3 4 6 9 11 12 13 14 1.41421
5 10 2 3 4 7 8 9 11 12 13 0
5 10 2 3 4 7 8 9 11 12 14 1.41421
5 10 2 3 4 7 8 9 11 13 14 1
5 10 2 3 4 7 8 9 12 13 14 1
5 10 2 3 4 7 8 11 12 13 14 1
5 10 2 3 4 7 9 11 12 13 14 1
5 10 2 3 4 8 9 11 12 13 14 1
5 10 2 3 6 7 8 9 11 12 13 0
5 10 2 3 6 7 8 9 11 12 14 1.41421
5 10 2 3 6 7 8 9 11 13 14 1
5 10 2 3 6 7 8 9 12 13 14 0
5 10 2 3 6 7 8 11 12 13 14 0
5 10 2 3 6 7 9 11 12 13 14 1
5 10 2 3 6 8 9 11 12 13 14 1
5 10 2 3 7 8 9 11 12 13 14 0
5 10 2 4 6 7 8 9 11 12 13 0
5 10 2 4 6 7 8 9 11 12 14 1.41421
5 10 2 4 6 7 8 9 11 13 14 1
5 10 2 4 6 7 8 9 12 13 14 1
5 10 2 4 6 7 8 11 12 13 14 0
5 10 2 4 6 7 9 11 12 13 14 1
5 10 2 4 6 8 9 11 12 13 14 1.41421
5 10 2 4 7 8 9 11 12 13 14 0
5 10 2 6 7 8 9 11 12 13 14 0
5 10 3 4 6 7 8 9 11 12 13 1
5 10 3 4 6 7 8 9 11 12 14 1.62019
5 10 3 4 6 7 8 9 11 13 14 1.41421
5 10 3 4 6 7 8 9 12 13 14 1
5 10 3 4 6 7 8 11 12 13 14 1
5 10 3 4 6 7 9 11 12 13 14 1.41421
5 10 3 4 6 8 9 11 12 13 14 1.41421
5 10 3 4 7 8 9 11 12 13 14 1
5 10 3 6 7 8 9 11 12 13 14 1
5 10 4 6 7 8 9 11 12 13 14 1.41421
