2 8 0 1 2
2 8 0 3 1.96214
2 8 0 4 2.09069
2 8 0 5 1.96214
2 8 0 6 2.1391
2 8 0 7 1.62019
2 8 0 9 2.1557
2 8 0 10 2.1391
2 8 0 11 2.09069
2 8 0 12 2.16025
2 8 0 13 2.16025
2 8 0 14 2.1557
2 8 1 3 1.73205
2 8 1 4 1.81265
2 8 1 5 1.73205
2 8 1 6 2
2 8 1 7 1.62019
2 8 1 9 2
2 8 1 10 2
2 8 1 11 1.81265
2 8 1 12 2
2 8 1 13 2
2 8 1 14 2
2 8 3 4 1.93309
2 8 3 5 1.85164
2 8 3 6 2.02367
2 8 3 7 1.62019
2 8 3 9 2.02367
2 8 3 10 2
2 8 3 11 2.02367
2 8 3 12 2
2 8 3 13 2
2 8 3 14 2
2 8 4 5 2.02367
2 8 4 6 2.09938
2 8 4 7 1.62019
2 8 4 9 2.16025
2 8 4 10 2.14154
2 8 4 11 2.04939
2 8 4 12 2.04495
2 8 4 13 2
2 8 4 14 2.14154
2 8 5 6 2
2 8 5 7 1.62019
2 8 5 9 2
2 8 5 10 2.02367
2 8 5 11 1.93309
2 8 5 12 2
2 8 5 13 2
2 8 5 14 2.02367
2 8 6 7 1.62019
2 8 6 9 2.1693
2 8 6 10 2.13809
2 8 6 11 2.14154
2 8 6 12 2.08167
2 8 6 13 2.08167
2 8 6 14 2.15322
2 8 7 9 1.62019
2 8 7 10 1.62019
2 8 7 11 1.62019
2 8 7 12 1.62019
2 8 7 13 1.62019
2 8 7 14 1.62019
2 8 9 10 2.15322
2 8 9 11 2.14154
2 8 9 12 2.10442
2 8 9 13 2.08167
2 8 9 14 2.1643
2 8 10 11 2.09938
2 8 10 12 2.08167
2 8 10 13 2.08167
2 8 10 14 2.1693
2 8 11 12 2.04495
2 8 11 13 2
2 8 11 14 2.16025
2 8 12 13 2.04742
2 8 12 14 2.10442
2 8 13 14 2.08167
