2 8 0 1 3 1.73205
2 8 0 1 4 1.81265
2 8 0 1 5 1.73205
2 8 0 1 6 2
2 8 0 1 7 1.62019
2 8 0 1 9 2
2 8 0 1 10 2
2 8 0 1 11 1.81265
2 8 0 1 12 2
2 8 0 1 13 2
2 8 0 1 14 2
2 8 0 3 4 1.85164
2 8 0 3 5 1.73205
2 8 0 3 6 1.96214
2 8 0 3 7 1.62019
2 8 0 3 9 1.96214
2 8 0 3 10 1.90693
2 8 0 3 11 1.96214
2 8 0 3 12 2
2 8 0 3 13 2
2 8 0 3 14 1.93309
2 8 0 4 5 1.96214
2 8 0 4 6 2.04939
2 8 0 4 7 1.62019
2 8 0 4 9 2.08167
2 8 0 4 10 2.09069
2 8 0 4 11 2.00294
2 8 0 4 12 2
2 8 0 4 13 2
2 8 0 4 14 2.09069
2 8 0 5 6 1.90693
2 8 0 5 7 1.62019
2 8 0 5 9 1.93309
2 8 0 5 10 1.96214
2 8 0 5 11 1.85164
2 8 0 5 12 2
2 8 0 5 13 2
2 8 0 5 14 1.96214
2 8 0 6 7 1.62019
2 8 0 6 9 2.1391
2 8 0 6 10 2.10223
2 8 0 6 11 2.09069
2 8 0 6 12 2.08167
2 8 0 6 13 2.08167
2 8 0 6 14 2.12132
2 8 0 7 9 1.62019
2 8 0 7 10 1.62019
2 8 0 7 11 1.62019
2 8 0 7 12 1.62019
2 8 0 7 13 1.62019
2 8 0 7 14 1.62019
2 8 0 9 10 2.12132
2 8 0 9 11 2.09069
2 8 0 9 12 2.08167
2 8 0 9 13 2.08167
2 8 0 9 14 2.1391
2 8 0 10 11 2.04939
2 8 0 10 12 2.08167
2 8 0 10 13 2.08167
2 8 0 10 14 2.1391
2 8 0 11 12 2
2 8 0 11 13 2
2 8 0 11 14 2.08167
2 8 0 12 13 2.04742
2 8 0 12 14 2.08167
2 8 0 13 14 2.08167
2 8 1 3 4 1.41421
2 8 1 3 5 1.41421
2 8 1 3 6 1.73205
2 8 1 3 7 1.62019
2 8 1 3 9 1.73205
2 8 1 3 10 1.41421
2 8 1 3 11 1.73205
2 8 1 3 12 1.73205
2 8 1 3 13 1.73205
2 8 1 3 14 1.62019
2 8 1 4 5 1.73205
2 8 1 4 6 1.62019
2 8 1 4 7 1.62019
2 8 1 4 9 1.73205
2 8 1 4 10 1.81265
2 8 1 4 11 1.41421
2 8 1 4 12 1.81265
2 8 1 4 13 1.81265
2 8 1 4 14 1.81265
2 8 1 5 6 1.41421
2 8 1 5 7 1.62019
2 8 1 5 9 1.62019
2 8 1 5 10 1.73205
2 8 1 5 11 1.41421
2 8 1 5 12 1.73205
2 8 1 5 13 1.73205
2 8 1 5 14 1.73205
2 8 1 6 7 1.62019
2 8 1 6 9 2
2 8 1 6 10 1.73205
2 8 1 6 11 1.81265
2 8 1 6 12 2
2 8 1 6 13 2
2 8 1 6 14 1.81265
2 8 1 7 9 1.62019
2 8 1 7 10 1.62019
2 8 1 7 11 1.62019
2 8 1 7 12 1.62019
2 8 1 7 13 1.62019
2 8 1 7 14 1.62019
2 8 1 9 10 1.81265
2 8 1 9 11 1.81265
2 8 1 9 12 2
2 8 1 9 13 2
2 8 1 9 14 2
2 8 1 10 11 1.62019
2 8 1 10 12 2
2 8 1 10 13 2
2 8 1 10 14 2
2 8 1 11 12 1.81265
2 8 1 11 13 1.81265
2 8 1 11 14 1.73205
2 8 1 12 13 2
2 8 1 12 14 2
2 8 1 13 14 2
2 8 3 4 5 1.85164
2 8 3 4 6 1.93309
2 8 3 4 7 1.62019
2 8 3 4 9 1.93309
2 8 3 4 10 1.93309
2 8 3 4 11 1.93309
2 8 3 4 12 1.73205
2 8 3 4 13 1.62019
2 8 3 4 14 1.93309
2 8 3 5 6 1.85164
2 8 3 5 7 1.62019
2 8 3 5 9 1.85164
2 8 3 5 10 1.85164
2 8 3 5 11 1.85164
2 8 3 5 12 1.62019
2 8 3 5 13 1.41421
2 8 3 5 14 1.85164
2 8 3 6 7 1.62019
2 8 3 6 9 2.02367
2 8 3 6 10 2
2 8 3 6 11 2.02367
2 8 3 6 12 2
2 8 3 6 13 2
2 8 3 6 14 2
2 8 3 7 9 1.62019
2 8 3 7 10 1.62019
2 8 3 7 11 1.62019
2 8 3 7 12 1.62019
2 8 3 7 13 1.62019
2 8 3 7 14 1.62019
2 8 3 9 10 2
2 8 3 9 11 2.02367
2 8 3 9 12 2
2 8 3 9 13 2
2 8 3 9 14 2
2 8 3 10 11 2
2 8 3 10 12 1.81265
2 8 3 10 13 1.73205
2 8 3 10 14 2
2 8 3 11 12 2
2 8 3 11 13 2
2 8 3 11 14 2
2 8 3 12 13 1.81265
2 8 3 12 14 2
2 8 3 13 14 1.81265
2 8 4 5 6 2
2 8 4 5 7 1.62019
2 8 4 5 9 2
2 8 4 5 10 2.02367
2 8 4 5 11 1.93309
2 8 4 5 12 2
2 8 4 5 13 2
2 8 4 5 14 2.02367
2 8 4 6 7 1.62019
2 8 4 6 9 2.09938
2 8 4 6 10 2.09938
2 8 4 6 11 2.04939
2 8 4 6 12 2
2 8 4 6 13 1.93309
2 8 4 6 14 2.09938
2 8 4 7 9 1.62019
2 8 4 7 10 1.62019
2 8 4 7 11 1.62019
2 8 4 7 12 1.62019
2 8 4 7 13 1.62019
2 8 4 7 14 1.62019
2 8 4 9 10 2.16025
2 8 4 9 11 2.04939
2 8 4 9 12 2.01187
2 8 4 9 13 2
2 8 4 9 14 2.16025
2 8 4 10 11 2.04939
2 8 4 10 12 2.04495
2 8 4 10 13 2
2 8 4 10 14 2.14154
2 8 4 11 12 1.90693
2 8 4 11 13 1.85164
2 8 4 11 14 2.04939
2 8 4 12 13 1.93309
2 8 4 12 14 2.04495
2 8 4 13 14 2
2 8 5 6 7 1.62019
2 8 5 6 9 2
2 8 5 6 10 2
2 8 5 6 11 1.93309
2 8 5 6 12 1.81265
2 8 5 6 13 1.73205
2 8 5 6 14 2
2 8 5 7 9 1.62019
2 8 5 7 10 1.62019
2 8 5 7 11 1.62019
2 8 5 7 12 1.62019
2 8 5 7 13 1.62019
2 8 5 7 14 1.62019
2 8 5 9 10 2
2 8 5 9 11 1.93309
2 8 5 9 12 2
2 8 5 9 13 1.81265
2 8 5 9 14 2
2 8 5 10 11 1.93309
2 8 5 10 12 2
2 8 5 10 13 2
2 8 5 10 14 2.02367
2 8 5 11 12 1.73205
2 8 5 11 13 1.62019
2 8 5 11 14 1.93309
2 8 5 12 13 1.81265
2 8 5 12 14 2
2 8 5 13 14 2
2 8 6 7 9 1.62019
2 8 6 7 10 1.62019
2 8 6 7 11 1.62019
2 8 6 7 12 1.62019
2 8 6 7 13 1.62019
2 8 6 7 14 1.62019
2 8 6 9 10 2.13809
2 8 6 9 11 2.14154
2 8 6 9 12 2.08167
2 8 6 9 13 2.08167
2 8 6 9 14 2.15322
2 8 6 10 11 2.09938
2 8 6 10 12 2.0381
2 8 6 10 13 2
2 8 6 10 14 2.13809
2 8 6 11 12 2.04495
2 8 6 11 13 2
2 8 6 11 14 2.16025
2 8 6 12 13 2
2 8 6 12 14 2.05751
2 8 6 13 14 2.0381
2 8 7 9 10 1.62019
2 8 7 9 11 1.62019
2 8 7 9 12 1.62019
2 8 7 9 13 1.62019
2 8 7 9 14 1.62019
2 8 7 10 11 1.62019
2 8 7 10 12 1.62019
2 8 7 10 13 1.62019
2 8 7 10 14 1.62019
2 8 7 11 12 1.62019
2 8 7 11 13 1.62019
2 8 7 11 14 1.62019
2 8 7 12 13 1.62019
2 8 7 12 14 1.62019
2 8 7 13 14 1.62019
2 8 9 10 11 2.09938
2 8 9 10 12 2.05751
2 8 9 10 13 2.0381
2 8 9 10 14 2.15322
2 8 9 11 12 2.04495
2 8 9 11 13 2
2 8 9 11 14 2.16025
2 8 9 12 13 2.04495
2 8 9 12 14 2.07802
2 8 9 13 14 2.05751
2 8 10 11 12 2
2 8 10 11 13 1.93309
2 8 10 11 14 2.09938
2 8 10 12 13 2
2 8 10 12 14 2.08167
2 8 10 13 14 2.08167
2 8 11 12 13 1.93309
2 8 11 12 14 2.01187
2 8 11 13 14 2
2 8 12 13 14 2.04495
