3 10 0 1 1.73205
3 10 0 2 2.10357
3 10 0 4 2.44831
3 10 0 5 2.23607
3 10 0 6 2.49516
3 10 0 7 2.10357
3 10 0 8 2.35488
3 10 0 9 2.49516
3 10 0 11 2.49516
3 10 0 12 2.35488
3 10 0 13 2.35488
3 10 0 14 2.49516
3 10 1 2 1.41421
3 10 1 4 1.41421
3 10 1 5 1.41421
3 10 1 6 1.73205
3 10 1 7 1.41421
3 10 1 8 1.73205
3 10 1 9 1.73205
3 10 1 11 1.73205
3 10 1 12 1.73205
3 10 1 13 1.73205
3 10 1 14 1.73205
3 10 2 4 2.13809
3 10 2 5 2.07802
3 10 2 6 2.16556
3 10 2 7 1.85164
3 10 2 8 2
3 10 2 9 2.16556
3 10 2 11 2.16556
3 10 2 12 2
3 10 2 13 1.90693
3 10 2 14 2.16556
3 10 4 5 2.29129
3 10 4 6 2.48193
3 10 4 7 2.13809
3 10 4 8 2.32266
3 10 4 9 2.48193
3 10 4 11 2.48193
3 10 4 12 2.32266
3 10 4 13 2.28709
3 10 4 14 2.48193
3 10 5 6 2.29129
3 10 5 7 2.07802
3 10 5 8 2.07802
3 10 5 9 2.29129
3 10 5 11 2.29129
3 10 5 12 2.07802
3 10 5 13 2
3 10 5 14 2.29129
3 10 6 7 2.16556
3 10 6 8 2.39046
3 10 6 9 2.52678
3 10 6 11 2.52678
3 10 6 12 2.39046
3 10 6 13 2.35488
3 10 6 14 2.52678
3 10 7 8 2
3 10 7 9 2.16556
3 10 7 11 2.16556
3 10 7 12 2
3 10 7 13 1.90693
3 10 7 14 2.16556
3 10 8 9 2.39046
3 10 8 11 2.39046
3 10 8 12 2.26385
3 10 8 13 2.23607
3 10 8 14 2.39046
3 10 9 11 2.52678
3 10 9 12 2.39046
3 10 9 13 2.35488
3 10 9 14 2.52678
3 10 11 12 2.39046
3 10 11 13 2.35488
3 10 11 14 2.52678
3 10 12 13 2.23607
3 10 12 14 2.39046
3 10 13 14 2.35488
