3 10 0 1 2 1.41421
3 10 0 1 4 1.41421
3 10 0 1 5 1.41421
3 10 0 1 6 1.73205
3 10 0 1 7 1.41421
3 10 0 1 8 1.73205
3 10 0 1 9 1.73205
3 10 0 1 11 1.73205
3 10 0 1 12 1.73205
3 10 0 1 13 1.73205
3 10 0 1 14 1.73205
3 10 0 2 4 2.07802
3 10 0 2 5 2
3 10 0 2 6 2.10357
3 10 0 2 7 1.73205
3 10 0 2 8 1.90693
3 10 0 2 9 2.10357
3 10 0 2 11 2.10357
3 10 0 2 12 1.90693
3 10 0 2 13 1.90693
3 10 0 2 14 2.10357
3 10 0 4 5 2.23607
3 10 0 4 6 2.44831
3 10 0 4 7 2.07802
3 10 0 4 8 2.28709
3 10 0 4 9 2.44831
3 10 0 4 11 2.44831
3 10 0 4 12 2.28709
3 10 0 4 13 2.28709
3 10 0 4 14 2.44831
3 10 0 5 6 2.23607
3 10 0 5 7 2
3 10 0 5 8 2
3 10 0 5 9 2.23607
3 10 0 5 11 2.23607
3 10 0 5 12 2
3 10 0 5 13 2
3 10 0 5 14 2.23607
3 10 0 6 7 2.10357
3 10 0 6 8 2.35488
3 10 0 6 9 2.49516
3 10 0 6 11 2.49516
3 10 0 6 12 2.35488
3 10 0 6 13 2.35488
3 10 0 6 14 2.49516
3 10 0 7 8 1.90693
3 10 0 7 9 2.10357
3 10 0 7 11 2.10357
3 10 0 7 12 1.90693
3 10 0 7 13 1.90693
3 10 0 7 14 2.10357
3 10 0 8 9 2.35488
3 10 0 8 11 2.35488
3 10 0 8 12 2.23607
3 10 0 8 13 2.23607
3 10 0 8 14 2.35488
3 10 0 9 11 2.49516
3 10 0 9 12 2.35488
3 10 0 9 13 2.35488
3 10 0 9 14 2.49516
3 10 0 11 12 2.35488
3 10 0 11 13 2.35488
3 10 0 11 14 2.49516
3 10 0 12 13 2.23607
3 10 0 12 14 2.35488
3 10 0 13 14 2.35488
3 10 1 2 4 1.41421
3 10 1 2 5 1.41421
3 10 1 2 6 1.41421
3 10 1 2 7 1.41421
3 10 1 2 8 1.41421
3 10 1 2 9 1.41421
3 10 1 2 11 1.41421
3 10 1 2 12 1.41421
3 10 1 2 13 1.41421
3 10 1 2 14 1.41421
3 10 1 4 5 1.41421
3 10 1 4 6 1.41421
3 10 1 4 7 1.41421
3 10 1 4 8 1.41421
3 10 1 4 9 1.41421
3 10 1 4 11 1.41421
3 10 1 4 12 1.41421
3 10 1 4 13 1.41421
3 10 1 4 14 1.41421
3 10 1 5 6 1
3 10 1 5 7 1.41421
3 10 1 5 8 1.41421
3 10 1 5 9 1
3 10 1 5 11 1
3 10 1 5 12 1.41421
3 10 1 5 13 1.41421
3 10 1 5 14 1.41421
3 10 1 6 7 1.41421
3 10 1 6 8 1.73205
3 10 1 6 9 1.73205
3 10 1 6 11 1.73205
3 10 1 6 12 1.73205
3 10 1 6 13 1.73205
3 10 1 6 14 1.73205
3 10 1 7 8 1.41421
3 10 1 7 9 1.41421
3 10 1 7 11 1.41421
3 10 1 7 12 1.41421
3 10 1 7 13 1.41421
3 10 1 7 14 1.41421
3 10 1 8 9 1.73205
3 10 1 8 11 1.73205
3 10 1 8 12 1.73205
3 10 1 8 13 1.73205
3 10 1 8 14 1.73205
3 10 1 9 11 1.73205
3 10 1 9 12 1.73205
3 10 1 9 13 1.73205
3 10 1 9 14 1.73205
3 10 1 11 12 1.73205
3 10 1 11 13 1.73205
3 10 1 11 14 1.73205
3 10 1 12 13 1.73205
3 10 1 12 14 1.73205
3 10 1 13 14 1.73205
3 10 2 4 5 2.07802
3 10 2 4 6 2.13809
3 10 2 4 7 1.85164
3 10 2 4 8 1.93309
3 10 2 4 9 2.13809
3 10 2 4 11 2.13809
3 10 2 4 12 1.93309
3 10 2 4 13 1.85164
3 10 2 4 14 2.13809
3 10 2 5 6 2.07802
3 10 2 5 7 1.85164
3 10 2 5 8 1.85164
3 10 2 5 9 2.07802
3 10 2 5 11 2.07802
3 10 2 5 12 1.85164
3 10 2 5 13 1.73205
3 10 2 5 14 2.07802
3 10 2 6 7 1.85164
3 10 2 6 8 2
3 10 2 6 9 2.16556
3 10 2 6 11 2.16556
3 10 2 6 12 2
3 10 2 6 13 1.90693
3 10 2 6 14 2.16556
3 10 2 7 8 1.62019
3 10 2 7 9 1.85164
3 10 2 7 11 1.85164
3 10 2 7 12 1.62019
3 10 2 7 13 1.41421
3 10 2 7 14 1.85164
3 10 2 8 9 2
3 10 2 8 11 2
3 10 2 8 12 1.81265
3 10 2 8 13 1.73205
3 10 2 8 14 2
3 10 2 9 11 2.16556
3 10 2 9 12 2
3 10 2 9 13 1.90693
3 10 2 9 14 2.16556
3 10 2 11 12 2
3 10 2 11 13 1.90693
3 10 2 11 14 2.16556
3 10 2 12 13 1.73205
3 10 2 12 14 2
3 10 2 13 14 1.90693
3 10 4 5 6 2.29129
3 10 4 5 7 2.07802
3 10 4 5 8 2.07802
3 10 4 5 9 2.29129
3 10 4 5 11 2.29129
3 10 4 5 12 2.07802
3 10 4 5 13 2
3 10 4 5 14 2.29129
3 10 4 6 7 2.13809
3 10 4 6 8 2.32266
3 10 4 6 9 2.48193
3 10 4 6 11 2.48193
3 10 4 6 12 2.32266
3 10 4 6 13 2.28709
3 10 4 6 14 2.48193
3 10 4 7 8 1.93309
3 10 4 7 9 2.13809
3 10 4 7 11 2.13809
3 10 4 7 12 1.93309
3 10 4 7 13 1.85164
3 10 4 7 14 2.13809
3 10 4 8 9 2.32266
3 10 4 8 11 2.32266
3 10 4 8 12 2.16025
3 10 4 8 13 2.13664
3 10 4 8 14 2.32266
3 10 4 9 11 2.48193
3 10 4 9 12 2.32266
3 10 4 9 13 2.28709
3 10 4 9 14 2.48193
3 10 4 11 12 2.32266
3 10 4 11 13 2.28709
3 10 4 11 14 2.48193
3 10 4 12 13 2.13664
3 10 4 12 14 2.32266
3 10 4 13 14 2.28709
3 10 5 6 7 2.07802
3 10 5 6 8 2.07802
3 10 5 6 9 2.29129
3 10 5 6 11 2.29129
3 10 5 6 12 2.07802
3 10 5 6 13 2
3 10 5 6 14 2.29129
3 10 5 7 8 1.85164
3 10 5 7 9 2.07802
3 10 5 7 11 2.07802
3 10 5 7 12 1.85164
3 10 5 7 13 1.73205
3 10 5 7 14 2.07802
3 10 5 8 9 2.07802
3 10 5 8 11 2.07802
3 10 5 8 12 1.85164
3 10 5 8 13 1.73205
3 10 5 8 14 2.07802
3 10 5 9 11 2.29129
3 10 5 9 12 2.07802
3 10 5 9 13 2
3 10 5 9 14 2.29129
3 10 5 11 12 2.07802
3 10 5 11 13 2
3 10 5 11 14 2.29129
3 10 5 12 13 1.73205
3 10 5 12 14 2.07802
3 10 5 13 14 2
3 10 6 7 8 2
3 10 6 7 9 2.16556
3 10 6 7 11 2.16556
3 10 6 7 12 2
3 10 6 7 13 1.90693
3 10 6 7 14 2.16556
3 10 6 8 9 2.39046
3 10 6 8 11 2.39046
3 10 6 8 12 2.26385
3 10 6 8 13 2.23607
3 10 6 8 14 2.39046
3 10 6 9 11 2.52678
3 10 6 9 12 2.39046
3 10 6 9 13 2.35488
3 10 6 9 14 2.52678
3 10 6 11 12 2.39046
3 10 6 11 13 2.35488
3 10 6 11 14 2.52678
3 10 6 12 13 2.23607
3 10 6 12 14 2.39046
3 10 6 13 14 2.35488
3 10 7 8 9 2
3 10 7 8 11 2
3 10 7 8 12 1.81265
3 10 7 8 13 1.73205
3 10 7 8 14 2
3 10 7 9 11 2.16556
3 10 7 9 12 2
3 10 7 9 13 1.90693
3 10 7 9 14 2.16556
3 10 7 11 12 2
3 10 7 11 13 1.90693
3 10 7 11 14 2.16556
3 10 7 12 13 1.73205
3 10 7 12 14 2
3 10 7 13 14 1.90693
3 10 8 9 11 2.39046
3 10 8 9 12 2.26385
3 10 8 9 13 2.23607
3 10 8 9 14 2.39046
3 10 8 11 12 2.26385
3 10 8 11 13 2.23607
3 10 8 11 14 2.39046
3 10 8 12 13 2.13664
3 10 8 12 14 2.26385
3 10 8 13 14 2.23607
3 10 9 11 12 2.39046
3 10 9 11 13 2.35488
3 10 9 11 14 2.52678
3 10 9 12 13 2.23607
3 10 9 12 14 2.39046
3 10 9 13 14 2.35488
3 10 11 12 13 2.23607
3 10 11 12 14 2.39046
3 10 11 13 14 2.35488
3 10 12 13 14 2.23607
