2 10 0 1 3 4 5 6 7 8 9 11 12 0
2 10 0 1 3 4 5 6 7 8 9 11 13 0
2 10 0 1 3 4 5 6 7 8 9 11 14 0
2 10 0 1 3 4 5 6 7 8 9 12 13 0
2 10 0 1 3 4 5 6 7 8 9 12 14 0
2 10 0 1 3 4 5 6 7 8 9 13 14 0
2 10 0 1 3 4 5 6 7 8 11 12 13 0
2 10 0 1 3 4 5 6 7 8 11 12 14 0
2 10 0 1 3 4 5 6 7 8 11 13 14 0
2 10 0 1 3 4 5 6 7 8 12 13 14 0
2 10 0 1 3 4 5 6 7 9 11 12 13 0
2 10 0 1 3 4 5 6 7 9 11 12 14 0
2 10 0 1 3 4 5 6 7 9 11 13 14 0
2 10 0 1 3 4 5 6 7 9 12 13 14 0
2 10 0 1 3 4 5 6 7 11 12 13 14 0
2 10 0 1 3 4 5 6 8 9 11 12 13 0
2 10 0 1 3 4 5 6 8 9 11 12 14 0
2 10 0 1 3 4 5 6 8 9 11 13 14 0
2 10 0 1 3 4 5 6 8 9 12 13 14 0
2 10 0 1 3 4 5 6 8 11 12 13 14 0
2 10 0 1 3 4 5 6 9 11 12 13 14 0
2 10 0 1 3 4 5 7 8 9 11 12 13 0
2 10 0 1 3 4 5 7 8 9 11 12 14 0
2 10 0 1 3 4 5 7 8 9 11 13 14 0
2 10 0 1 3 4 5 7 8 9 12 13 14 1
2 10 0 1 3 4 5 7 8 11 12 13 14 1
2 10 0 1 3 4 5 7 9 11 12 13 14 0
2 10 0 1 3 4 5 8 9 11 12 13 14 0
2 10 0 1 3 4 6 7 8 9 11 12 13 0
2 10 0 1 3 4 6 7 8 9 11 12 14 0
2 10 0 1 3 4 6 7 8 9 11 13 14 0
2 10 0 1 3 4 6 7 8 9 12 13 14 0
2 10 0 1 3 4 6 7 8 11 12 13 14 0
2 10 0 1 3 4 6 7 9 11 12 13 14 0
2 10 0 1 3 4 6 8 9 11 12 13 14 1
2 10 0 1 3 4 7 8 9 11 12 13 14 0
2 10 0 1 3 5 6 7 8 9 11 12 13 0
2 10 0 1 3 5 6 7 8 9 11 12 14 0
2 10 0 1 3 5 6 7 8 9 11 13 14 0
2 10 0 1 3 5 6 7 8 9 12 13 14 0
2 10 0 1 3 5 6 7 8 11 12 13 14 0
2 10 0 1 3 5 6 7 9 11 12 13 14 0
2 10 0 1 3 5 6 8 9 11 12 13 14 0
2 10 0 1 3 5 7 8 9 11 12 13 14 0
2 10 0 1 3 6 7 8 9 11 12 13 14 1
2 10 0 1 4 5 6 7 8 9 11 12 13 0
2 10 0 1 4 5 6 7 8 9 11 12 14 0
2 10 0 1 4 5 6 7 8 9 11 13 14 0
2 10 0 1 4 5 6 7 8 9 12 13 14 1
2 10 0 1 4 5 6 7 8 11 12 13 14 0
2 10 0 1 4 5 6 7 9 11 12 13 14 0
2 10 0 1 4 5 6 8 9 11 12 13 14 1
2 10 0 1 4 5 7 8 9 11 12 13 14 0
2 10 0 1 4 6 7 8 9 11 12 13 14 0
2 10 0 1 5 6 7 8 9 11 12 13 14 0
2 10 0 3 4 5 6 7 8 9 11 12 13 0
2 10 0 3 4 5 6 7 8 9 11 12 14 1
2 10 0 3 4 5 6 7 8 9 11 13 14 1
2 10 0 3 4 5 6 7 8 9 12 13 14 0
2 10 0 3 4 5 6 7 8 11 12 13 14 0
2 10 0 3 4 5 6 7 9 11 12 13 14 1
2 10 0 3 4 5 6 8 9 11 12 13 14 1
2 10 0 3 4 5 7 8 9 11 12 13 14 0
2 10 0 3 4 6 7 8 9 11 12 13 14 0
2 10 0 3 5 6 7 8 9 11 12 13 14 0
2 10 0 4 5 6 7 8 9 11 12 13 14 0
2 10 1 3 4 5 6 7 8 9 11 12 13 0
2 10 1 3 4 5 6 7 8 9 11 12 14 1
2 10 1 3 4 5 6 7 8 9 11 13 14 0
2 10 1 3 4 5 6 7 8 9 12 13 14 0
2 10 1 3 4 5 6 7 8 11 12 13 14 0
2 10 1 3 4 5 6 7 9 11 12 13 14 0
2 10 1 3 4 5 6 8 9 11 12 13 14 0
2 10 1 3 4 5 7 8 9 11 12 13 14 0
2 10 1 3 4 6 7 8 9 11 12 13 14 0
2 10 1 3 5 6 7 8 9 11 12 13 14 0
2 10 1 4 5 6 7 8 9 11 12 13 14 0
2 10 3 4 5 6 7 8 9 11 12 13 14 0
