5 12 0 1 1.90693
5 12 0 2 2.08484
5 12 0 3 2.15297
5 12 0 4 2.43521
5 12 0 6 2.42997
5 12 0 7 2.08484
5 12 0 8 2.28446
5 12 0 9 2.50713
5 12 0 10 2.389
5 12 0 11 2.39046
5 12 0 13 2.44949
5 12 0 14 2.43521
5 12 1 2 1.73205
5 12 1 3 1.73205
5 12 1 4 1.90693
5 12 1 6 1.73205
5 12 1 7 1.73205
5 12 1 8 1.90693
5 12 1 9 1.85164
5 12 1 10 1.90693
5 12 1 11 1.73205
5 12 1 13 1.90693
5 12 1 14 1.90693
5 12 2 3 2.04939
5 12 2 4 2.08683
5 12 2 6 2.12916
5 12 2 7 1.93309
5 12 2 8 2
5 12 2 9 2.12303
5 12 2 10 2.02367
5 12 2 11 2.081
5 12 2 13 1.97531
5 12 2 14 2.08683
5 12 3 4 2.16556
5 12 3 6 2.19034
5 12 3 7 2.04939
5 12 3 8 1.85164
5 12 3 9 2.19034
5 12 3 10 2.07802
5 12 3 11 2.19034
5 12 3 13 2
5 12 3 14 2.16556
5 12 4 6 2.42487
5 12 4 7 2.08683
5 12 4 8 2.3094
5 12 4 9 2.44114
5 12 4 10 2.42507
5 12 4 11 2.36827
5 12 4 13 2.38048
5 12 4 14 2.44949
5 12 6 7 2.12916
5 12 6 8 2.26385
5 12 6 9 2.44949
5 12 6 10 2.39046
5 12 6 11 2.39792
5 12 6 13 2.44949
5 12 6 14 2.42487
5 12 7 8 2
5 12 7 9 2.12303
5 12 7 10 2.02367
5 12 7 11 2.081
5 12 7 13 1.97531
5 12 7 14 2.08683
5 12 8 9 2.3094
5 12 8 10 2.3094
5 12 8 11 2.16025
5 12 8 13 2.19089
5 12 8 14 2.3094
5 12 9 10 2.40662
5 12 9 11 2.39792
5 12 9 13 2.44949
5 12 9 14 2.44114
5 12 10 11 2.32266
5 12 10 13 2.28446
5 12 10 14 2.42507
5 12 11 13 2.23607
5 12 11 14 2.36827
5 12 13 14 2.38048
