6 14 0 1 2.28446
6 14 0 2 2.34521
6 14 0 3 2.58404
6 14 0 4 2.77498
6 14 0 5 2.57391
6 14 0 7 2.34521
6 14 0 8 2.72172
6 14 0 9 2.84346
6 14 0 10 2.79903
6 14 0 11 2.80938
6 14 0 12 2.76353
6 14 0 13 2.76353
6 14 1 2 2
6 14 1 3 1.90693
6 14 1 4 2.13664
6 14 1 5 1.73205
6 14 1 7 2
6 14 1 8 2.26385
6 14 1 9 2.28446
6 14 1 10 2.23607
6 14 1 11 2.19089
6 14 1 12 2.28446
6 14 1 13 2.28446
6 14 2 3 2.27837
6 14 2 4 2.29256
6 14 2 5 2.22985
6 14 2 7 2
6 14 2 8 2.15322
6 14 2 9 2.36834
6 14 2 10 2.26855
6 14 2 11 2.34937
6 14 2 12 2.24846
6 14 2 13 2.23607
6 14 3 4 2.50805
6 14 3 5 2.35584
6 14 3 7 2.27837
6 14 3 8 2.40662
6 14 3 9 2.60951
6 14 3 10 2.52678
6 14 3 11 2.60951
6 14 3 12 2.5
6 14 3 13 2.46311
6 14 4 5 2.56038
6 14 4 7 2.29256
6 14 4 8 2.68164
6 14 4 9 2.77991
6 14 4 10 2.77498
6 14 4 11 2.74037
6 14 4 12 2.64575
6 14 4 13 2.68164
6 14 5 7 2.22985
6 14 5 8 2.39046
6 14 5 9 2.55604
6 14 5 10 2.52678
6 14 5 11 2.53859
6 14 5 12 2.42487
6 14 5 13 2.40426
6 14 7 8 2.15322
6 14 7 9 2.36834
6 14 7 10 2.26855
6 14 7 11 2.34937
6 14 7 12 2.24846
6 14 7 13 2.23607
6 14 8 9 2.73139
6 14 8 10 2.72185
6 14 8 11 2.69077
6 14 8 12 2.67842
6 14 8 13 2.66288
6 14 9 10 2.81268
6 14 9 11 2.81356
6 14 9 12 2.77498
6 14 9 13 2.76353
6 14 10 11 2.77498
6 14 10 12 2.72185
6 14 10 13 2.71163
6 14 11 12 2.71649
6 14 11 13 2.72279
6 14 12 13 2.70157
