0 10 1 2 3 4 5 6 7 8 9 11 12 0
0 10 1 2 3 4 5 6 7 8 9 11 13 0
0 10 1 2 3 4 5 6 7 8 9 11 14 0
0 10 1 2 3 4 5 6 7 8 9 12 13 0
0 10 1 2 3 4 5 6 7 8 9 12 14 0
0 10 1 2 3 4 5 6 7 8 9 13 14 0
0 10 1 2 3 4 5 6 7 8 11 12 13 0
0 10 1 2 3 4 5 6 7 8 11 12 14 0
0 10 1 2 3 4 5 6 7 8 11 13 14 0
0 10 1 2 3 4 5 6 7 8 12 13 14 0
0 10 1 2 3 4 5 6 7 9 11 12 13 0
0 10 1 2 3 4 5 6 7 9 11 12 14 0
0 10 1 2 3 4 5 6 7 9 11 13 14 0
0 10 1 2 3 4 5 6 7 9 12 13 14 0
0 10 1 2 3 4 5 6 7 11 12 13 14 0
0 10 1 2 3 4 5 6 8 9 11 12 13 0
0 10 1 2 3 4 5 6 8 9 11 12 14 0
0 10 1 2 3 4 5 6 8 9 11 13 14 0
0 10 1 2 3 4 5 6 8 9 12 13 14 0
0 10 1 2 3 4 5 6 8 11 12 13 14 0
0 10 1 2 3 4 5 6 9 11 12 13 14 0
0 10 1 2 3 4 5 7 8 9 11 12 13 0
0 10 1 2 3 4 5 7 8 9 11 12 14 0
0 10 1 2 3 4 5 7 8 9 11 13 14 0
0 10 1 2 3 4 5 7 8 9 12 13 14 1
0 10 1 2 3 4 5 7 8 11 12 13 14 1
0 10 1 2 3 4 5 7 9 11 12 13 14 0
0 10 1 2 3 4 5 8 9 11 12 13 14 0
0 10 1 2 3 4 6 7 8 9 11 12 13 0
0 10 1 2 3 4 6 7 8 9 11 12 14 0
0 10 1 2 3 4 6 7 8 9 11 13 14 0
0 10 1 2 3 4 6 7 8 9 12 13 14 0
0 10 1 2 3 4 6 7 8 11 12 13 14 0
0 10 1 2 3 4 6 7 9 11 12 13 14 0
0 10 1 2 3 4 6 8 9 11 12 13 14 1
0 10 1 2 3 4 7 8 9 11 12 13 14 0
0 10 1 2 3 5 6 7 8 9 11 12 13 0
0 10 1 2 3 5 6 7 8 9 11 12 14 0
0 10 1 2 3 5 6 7 8 9 11 13 14 0
0 10 1 2 3 5 6 7 8 9 12 13 14 0
0 10 1 2 3 5 6 7 8 11 12 13 14 0
0 10 1 2 3 5 6 7 9 11 12 13 14 0
0 10 1 2 3 5 6 8 9 11 12 13 14 0
0 10 1 2 3 5 7 8 9 11 12 13 14 0
0 10 1 2 3 6 7 8 9 11 12 13 14 1
0 10 1 2 4 5 6 7 8 9 11 12 13 0
0 10 1 2 4 5 6 7 8 9 11 12 14 0
0 10 1 2 4 5 6 7 8 9 11 13 14 0
0 10 1 2 4 5 6 7 8 9 12 13 14 1
0 10 1 2 4 5 6 7 8 11 12 13 14 0
0 10 1 2 4 5 6 7 9 11 12 13 14 0
0 10 1 2 4 5 6 8 9 11 12 13 14 1
0 10 1 2 4 5 7 8 9 11 12 13 14 0
0 10 1 2 4 6 7 8 9 11 12 13 14 0
0 10 1 2 5 6 7 8 9 11 12 13 14 0
0 10 1 3 4 5 6 7 8 9 11 12 13 0
0 10 1 3 4 5 6 7 8 9 11 12 14 0
0 10 1 3 4 5 6 7 8 9 11 13 14 0
0 10 1 3 4 5 6 7 8 9 12 13 14 0
0 10 1 3 4 5 6 7 8 11 12 13 14 0
0 10 1 3 4 5 6 7 9 11 12 13 14 0
0 10 1 3 4 5 6 8 9 11 12 13 14 0
0 10 1 3 4 5 7 8 9 11 12 13 14 0
0 10 1 3 4 6 7 8 9 11 12 13 14 1
0 10 1 3 5 6 7 8 9 11 12 13 14 0
0 10 1 4 5 6 7 8 9 11 12 13 14 1
0 10 2 3 4 5 6 7 8 9 11 12 13 0
0 10 2 3 4 5 6 7 8 9 11 12 14 1
0 10 2 3 4 5 6 7 8 9 11 13 14 1
0 10 2 3 4 5 6 7 8 9 12 13 14 0
0 10 2 3 4 5 6 7 8 11 12 13 14 0
0 10 2 3 4 5 6 7 9 11 12 13 14 1
0 10 2 3 4 5 6 8 9 11 12 13 14 1
0 10 2 3 4 5 7 8 9 11 12 13 14 0
0 10 2 3 4 6 7 8 9 11 12 13 14 0
0 10 2 3 5 6 7 8 9 11 12 13 14 0
0 10 2 4 5 6 7 8 9 11 12 13 14 0
0 10 3 4 5 6 7 8 9 11 12 13 14 1
