3 12 0 1 2
3 12 0 2 2.16025
3 12 0 4 2.33699
3 12 0 5 2.15297
3 12 0 6 2.50333
3 12 0 7 2.16025
3 12 0 8 2.28446
3 12 0 9 2.50333
3 12 0 10 2.35488
3 12 0 11 2.50333
3 12 0 13 2.44949
3 12 0 14 2.46311
3 12 1 2 1.90693
3 12 1 4 1.41421
3 12 1 5 1.73205
3 12 1 6 2
3 12 1 7 1.90693
3 12 1 8 1.90693
3 12 1 9 2
3 12 1 10 1.73205
3 12 1 11 2
3 12 1 13 2
3 12 1 14 1.90693
3 12 2 4 2.0381
3 12 2 5 2.04939
3 12 2 6 2.20605
3 12 2 7 2
3 12 2 8 2
3 12 2 9 2.20605
3 12 2 10 2
3 12 2 11 2.20605
3 12 2 13 2.10639
3 12 2 14 2.16025
3 12 4 5 2.16556
3 12 4 6 2.36827
3 12 4 7 2.0381
3 12 4 8 2.16025
3 12 4 9 2.36827
3 12 4 10 2.32266
3 12 4 11 2.36827
3 12 4 13 2.19089
3 12 4 14 2.34521
3 12 5 6 2.19034
3 12 5 7 2.04939
3 12 5 8 1.85164
3 12 5 9 2.19034
3 12 5 10 2.07802
3 12 5 11 2.19034
3 12 5 13 2
3 12 5 14 2.16556
3 12 6 7 2.20605
3 12 6 8 2.3094
3 12 6 9 2.51916
3 12 6 10 2.39046
3 12 6 11 2.51916
3 12 6 13 2.44949
3 12 6 14 2.5
3 12 7 8 2
3 12 7 9 2.20605
3 12 7 10 2
3 12 7 11 2.20605
3 12 7 13 2.10639
3 12 7 14 2.16025
3 12 8 9 2.3094
3 12 8 10 2.26385
3 12 8 11 2.3094
3 12 8 13 2.19089
3 12 8 14 2.3094
3 12 9 10 2.39046
3 12 9 11 2.51916
3 12 9 13 2.44949
3 12 9 14 2.5
3 12 10 11 2.39046
3 12 10 13 2.23607
3 12 10 14 2.39046
3 12 11 13 2.44949
3 12 11 14 2.5
3 12 13 14 2.38048
