0 12 1 2 3 1.90693
0 12 1 2 4 1.81265
0 12 1 2 5 1.73205
0 12 1 2 6 1.96214
0 12 1 2 7 1.85164
0 12 1 2 8 2
0 12 1 2 9 1.96769
0 12 1 2 10 2
0 12 1 2 11 1.93309
0 12 1 2 13 1.97531
0 12 1 2 14 2
0 12 1 3 4 1.41421
0 12 1 3 5 1.73205
0 12 1 3 6 2
0 12 1 3 7 1.90693
0 12 1 3 8 1.90693
0 12 1 3 9 2
0 12 1 3 10 1.73205
0 12 1 3 11 2
0 12 1 3 13 2
0 12 1 3 14 1.90693
0 12 1 4 5 1.90693
0 12 1 4 6 2.13664
0 12 1 4 7 1.81265
0 12 1 4 8 2.19089
0 12 1 4 9 2.16025
0 12 1 4 10 2.19089
0 12 1 4 11 2
0 12 1 4 13 2.19089
0 12 1 4 14 2.19089
0 12 1 5 6 1.73205
0 12 1 5 7 1.73205
0 12 1 5 8 1.90693
0 12 1 5 9 1.85164
0 12 1 5 10 1.90693
0 12 1 5 11 1.73205
0 12 1 5 13 1.90693
0 12 1 5 14 1.90693
0 12 1 6 7 1.96214
0 12 1 6 8 2.28446
0 12 1 6 9 2.44949
0 12 1 6 10 2.23607
0 12 1 6 11 2.23607
0 12 1 6 13 2.44949
0 12 1 6 14 2.28446
0 12 1 7 8 2
0 12 1 7 9 1.96769
0 12 1 7 10 2
0 12 1 7 11 1.93309
0 12 1 7 13 1.97531
0 12 1 7 14 2
0 12 1 8 9 2.3094
0 12 1 8 10 2.28446
0 12 1 8 11 2.19089
0 12 1 8 13 2.38048
0 12 1 8 14 2.3094
0 12 1 9 10 2.26385
0 12 1 9 11 2.23607
0 12 1 9 13 2.44949
0 12 1 9 14 2.3094
0 12 1 10 11 2.13664
0 12 1 10 13 2.28446
0 12 1 10 14 2.28446
0 12 1 11 13 2.23607
0 12 1 11 14 2.19089
0 12 1 13 14 2.38048
0 12 2 3 4 2
0 12 2 3 5 2
0 12 2 3 6 2.16025
0 12 2 3 7 2
0 12 2 3 8 2
0 12 2 3 9 2.16025
0 12 2 3 10 1.90693
0 12 2 3 11 2.16025
0 12 2 3 13 2.10639
0 12 2 3 14 2.10639
0 12 2 4 5 2.05603
0 12 2 4 6 2.16025
0 12 2 4 7 1.73205
0 12 2 4 8 2
0 12 2 4 9 2.13535
0 12 2 4 10 2.09069
0 12 2 4 11 2.08167
0 12 2 4 13 2.04742
0 12 2 4 14 2.14154
0 12 2 5 6 2.08738
0 12 2 5 7 1.90693
0 12 2 5 8 2
0 12 2 5 9 2.08296
0 12 2 5 10 1.96214
0 12 2 5 11 2.04939
0 12 2 5 13 1.97531
0 12 2 5 14 2.05603
0 12 2 6 7 2
0 12 2 6 8 2.08167
0 12 2 6 9 2.27798
0 12 2 6 10 2.10223
0 12 2 6 11 2.2563
0 12 2 6 13 2.19644
0 12 2 6 14 2.23607
0 12 2 7 8 1.62019
0 12 2 7 9 2
0 12 2 7 10 1.62019
0 12 2 7 11 2
0 12 2 7 13 1.93309
0 12 2 7 14 1.81265
0 12 2 8 9 2.08167
0 12 2 8 10 2.08167
0 12 2 8 11 2
0 12 2 8 13 2.04742
0 12 2 8 14 2.08167
0 12 2 9 10 2.12132
0 12 2 9 11 2.2563
0 12 2 9 13 2.1965
0 12 2 9 14 2.23607
0 12 2 10 11 2.04939
0 12 2 10 13 2.08167
0 12 2 10 14 2.1391
0 12 2 11 13 2.173
0 12 2 11 14 2.19745
0 12 2 13 14 2.23607
0 12 3 4 5 2.10357
0 12 3 4 6 2.33699
0 12 3 4 7 2
0 12 3 4 8 2.13664
0 12 3 4 9 2.33699
0 12 3 4 10 2.28709
0 12 3 4 11 2.33699
0 12 3 4 13 2.19089
0 12 3 4 14 2.32266
0 12 3 5 6 2.15297
0 12 3 5 7 2
0 12 3 5 8 1.73205
0 12 3 5 9 2.15297
0 12 3 5 10 2
0 12 3 5 11 2.15297
0 12 3 5 13 2
0 12 3 5 14 2.10357
0 12 3 6 7 2.16025
0 12 3 6 8 2.28446
0 12 3 6 9 2.50333
0 12 3 6 10 2.35488
0 12 3 6 11 2.50333
0 12 3 6 13 2.44949
0 12 3 6 14 2.46311
0 12 3 7 8 2
0 12 3 7 9 2.16025
0 12 3 7 10 1.90693
0 12 3 7 11 2.16025
0 12 3 7 13 2.10639
0 12 3 7 14 2.10639
0 12 3 8 9 2.28446
0 12 3 8 10 2.23607
0 12 3 8 11 2.28446
0 12 3 8 13 2.19089
0 12 3 8 14 2.26385
0 12 3 9 10 2.35488
0 12 3 9 11 2.50333
0 12 3 9 13 2.44949
0 12 3 9 14 2.46311
0 12 3 10 11 2.35488
0 12 3 10 13 2.23607
0 12 3 10 14 2.35488
0 12 3 11 13 2.44949
0 12 3 11 14 2.46311
0 12 3 13 14 2.38048
0 12 4 5 6 2.40426
0 12 4 5 7 2.05603
0 12 4 5 8 2.28446
0 12 4 5 9 2.41291
0 12 4 5 10 2.389
0 12 4 5 11 2.33699
0 12 4 5 13 2.38048
0 12 4 5 14 2.42507
0 12 4 6 7 2.16025
0 12 4 6 8 2.58844
0 12 4 6 9 2.67896
0 12 4 6 10 2.66231
0 12 4 6 11 2.62202
0 12 4 6 13 2.64575
0 12 4 6 14 2.68164
0 12 4 7 8 2
0 12 4 7 9 2.13535
0 12 4 7 10 2.09069
0 12 4 7 11 2.08167
0 12 4 7 13 2.04742
0 12 4 7 14 2.14154
0 12 4 8 9 2.60419
0 12 4 8 10 2.64575
0 12 4 8 11 2.52543
0 12 4 8 13 2.53899
0 12 4 8 14 2.64575
0 12 4 9 10 2.67435
0 12 4 9 11 2.62202
0 12 4 9 13 2.62912
0 12 4 9 14 2.69077
0 12 4 10 11 2.61406
0 12 4 10 13 2.64575
0 12 4 10 14 2.68408
0 12 4 11 13 2.53899
0 12 4 11 14 2.62216
0 12 4 13 14 2.62912
0 12 5 6 7 2.08738
0 12 5 6 8 2.23607
0 12 5 6 9 2.42997
0 12 5 6 10 2.35488
0 12 5 6 11 2.39046
0 12 5 6 13 2.44949
0 12 5 6 14 2.40426
0 12 5 7 8 2
0 12 5 7 9 2.08296
0 12 5 7 10 1.96214
0 12 5 7 11 2.04939
0 12 5 7 13 1.97531
0 12 5 7 14 2.05603
0 12 5 8 9 2.26385
0 12 5 8 10 2.28446
0 12 5 8 11 2.13664
0 12 5 8 13 2.19089
0 12 5 8 14 2.28446
0 12 5 9 10 2.37697
0 12 5 9 11 2.39046
0 12 5 9 13 2.44949
0 12 5 9 14 2.41291
0 12 5 10 11 2.28709
0 12 5 10 13 2.28446
0 12 5 10 14 2.389
0 12 5 11 13 2.23607
0 12 5 11 14 2.33699
0 12 5 13 14 2.38048
0 12 6 7 8 2.08167
0 12 6 7 9 2.27798
0 12 6 7 10 2.10223
0 12 6 7 11 2.2563
0 12 6 7 13 2.19644
0 12 6 7 14 2.23607
0 12 6 8 9 2.65417
0 12 6 8 10 2.64575
0 12 6 8 11 2.64575
0 12 6 8 13 2.64575
0 12 6 8 14 2.66288
0 12 6 9 10 2.71163
0 12 6 9 11 2.74064
0 12 6 9 13 2.71341
0 12 6 9 14 2.76353
0 12 6 10 11 2.66231
0 12 6 10 13 2.64575
0 12 6 10 14 2.71163
0 12 6 11 13 2.68949
0 12 6 11 14 2.72279
0 12 6 13 14 2.70157
0 12 7 8 9 2.08167
0 12 7 8 10 2.08167
0 12 7 8 11 2
0 12 7 8 13 2.04742
0 12 7 8 14 2.08167
0 12 7 9 10 2.12132
0 12 7 9 11 2.2563
0 12 7 9 13 2.1965
0 12 7 9 14 2.23607
0 12 7 10 11 2.04939
0 12 7 10 13 2.08167
0 12 7 10 14 2.1391
0 12 7 11 13 2.173
0 12 7 11 14 2.19745
0 12 7 13 14 2.23607
0 12 8 9 10 2.66288
0 12 8 9 11 2.64575
0 12 8 9 13 2.62912
0 12 8 9 14 2.67842
0 12 8 10 11 2.58844
0 12 8 10 13 2.64575
0 12 8 10 14 2.65417
0 12 8 11 13 2.53899
0 12 8 11 14 2.60419
0 12 8 13 14 2.62912
0 12 9 10 11 2.66231
0 12 9 10 13 2.66288
0 12 9 10 14 2.72172
0 12 9 11 13 2.68949
0 12 9 11 14 2.72279
0 12 9 13 14 2.70663
0 12 10 11 13 2.58844
0 12 10 11 14 2.66231
0 12 10 13 14 2.65417
0 12 11 13 14 2.65875
