4 5 0 1 2 3 6 7 8 9 10 11 12 0
4 5 0 1 2 3 6 7 8 9 10 11 13 0
4 5 0 1 2 3 6 7 8 9 10 11 14 0
4 5 0 1 2 3 6 7 8 9 10 12 13 0
4 5 0 1 2 3 6 7 8 9 10 12 14 0
4 5 0 1 2 3 6 7 8 9 10 13 14 0
4 5 0 1 2 3 6 7 8 9 11 12 13 1
4 5 0 1 2 3 6 7 8 9 11 12 14 0
4 5 0 1 2 3 6 7 8 9 11 13 14 0
4 5 0 1 2 3 6 7 8 9 12 13 14 0
4 5 0 1 2 3 6 7 8 10 11 12 13 0
4 5 0 1 2 3 6 7 8 10 11 12 14 0
4 5 0 1 2 3 6 7 8 10 11 13 14 0
4 5 0 1 2 3 6 7 8 10 12 13 14 0
4 5 0 1 2 3 6 7 8 11 12 13 14 0
4 5 0 1 2 3 6 7 9 10 11 12 13 0
4 5 0 1 2 3 6 7 9 10 11 12 14 0
4 5 0 1 2 3 6 7 9 10 11 13 14 0
4 5 0 1 2 3 6 7 9 10 12 13 14 0
4 5 0 1 2 3 6 7 9 11 12 13 14 1
4 5 0 1 2 3 6 7 10 11 12 13 14 0
4 5 0 1 2 3 6 8 9 10 11 12 13 0
4 5 0 1 2 3 6 8 9 10 11 12 14 0
4 5 0 1 2 3 6 8 9 10 11 13 14 0
4 5 0 1 2 3 6 8 9 10 12 13 14 0
4 5 0 1 2 3 6 8 9 11 12 13 14 0
4 5 0 1 2 3 6 8 10 11 12 13 14 0
4 5 0 1 2 3 6 9 10 11 12 13 14 0
4 5 0 1 2 3 7 8 9 10 11 12 13 0
4 5 0 1 2 3 7 8 9 10 11 12 14 0
4 5 0 1 2 3 7 8 9 10 11 13 14 0
4 5 0 1 2 3 7 8 9 10 12 13 14 1
4 5 0 1 2 3 7 8 9 11 12 13 14 0
4 5 0 1 2 3 7 8 10 11 12 13 14 1
4 5 0 1 2 3 7 9 10 11 12 13 14 0
4 5 0 1 2 3 8 9 10 11 12 13 14 0
4 5 0 1 2 6 7 8 9 10 11 12 13 0
4 5 0 1 2 6 7 8 9 10 11 12 14 0
4 5 0 1 2 6 7 8 9 10 11 13 14 0
4 5 0 1 2 6 7 8 9 10 12 13 14 1
4 5 0 1 2 6 7 8 9 11 12 13 14 0
4 5 0 1 2 6 7 8 10 11 12 13 14 0
4 5 0 1 2 6 7 9 10 11 12 13 14 0
4 5 0 1 2 6 8 9 10 11 12 13 14 1
4 5 0 1 2 7 8 9 10 11 12 13 14 0
4 5 0 1 3 6 7 8 9 10 11 12 13 0
4 5 0 1 3 6 7 8 9 10 11 12 14 0
4 5 0 1 3 6 7 8 9 10 11 13 14 0
4 5 0 1 3 6 7 8 9 10 12 13 14 0
4 5 0 1 3 6 7 8 9 11 12 13 14 0
4 5 0 1 3 6 7 8 10 11 12 13 14 0
4 5 0 1 3 6 7 9 10 11 12 13 14 0
4 5 0 1 3 6 8 9 10 11 12 13 14 0
4 5 0 1 3 7 8 9 10 11 12 13 14 0
4 5 0 1 6 7 8 9 10 11 12 13 14 1
4 5 0 2 3 6 7 8 9 10 11 12 13 0
4 5 0 2 3 6 7 8 9 10 11 12 14 1
4 5 0 2 3 6 7 8 9 10 11 13 14 1
4 5 0 2 3 6 7 8 9 10 12 13 14 0
4 5 0 2 3 6 7 8 9 11 12 13 14 0
4 5 0 2 3 6 7 8 10 11 12 13 14 0
4 5 0 2 3 6 7 9 10 11 12 13 14 1
4 5 0 2 3 6 8 9 10 11 12 13 14 1
4 5 0 2 3 7 8 9 10 11 12 13 14 0
4 5 0 2 6 7 8 9 10 11 12 13 14 0
4 5 0 3 6 7 8 9 10 11 12 13 14 1
4 5 1 2 3 6 7 8 9 10 11 12 13 0
4 5 1 2 3 6 7 8 9 10 11 12 14 1
4 5 1 2 3 6 7 8 9 10 11 13 14 0
4 5 1 2 3 6 7 8 9 10 12 13 14 0
4 5 1 2 3 6 7 8 9 11 12 13 14 0
4 5 1 2 3 6 7 8 10 11 12 13 14 0
4 5 1 2 3 6 7 9 10 11 12 13 14 0
4 5 1 2 3 6 8 9 10 11 12 13 14 0
4 5 1 2 3 7 8 9 10 11 12 13 14 0
4 5 1 2 6 7 8 9 10 11 12 13 14 0
4 5 1 3 6 7 8 9 10 11 12 13 14 0
4 5 2 3 6 7 8 9 10 11 12 13 14 0
