4 5 0 1 1.90693
4 5 0 2 2.22159
4 5 0 3 2.29907
4 5 0 6 2.57391
4 5 0 7 2.22159
4 5 0 8 2.389
4 5 0 9 2.54598
4 5 0 10 2.51534
4 5 0 11 2.49313
4 5 0 12 2.43521
4 5 0 13 2.43521
4 5 0 14 2.54674
4 5 1 2 1.73205
4 5 1 3 1.41421
4 5 1 6 1.73205
4 5 1 7 1.73205
4 5 1 8 1.90693
4 5 1 9 1.85164
4 5 1 10 1.90693
4 5 1 11 1.41421
4 5 1 12 1.90693
4 5 1 13 1.90693
4 5 1 14 1.90693
4 5 2 3 2.16556
4 5 2 6 2.22985
4 5 2 7 2
4 5 2 8 2.02367
4 5 2 9 2.29907
4 5 2 10 2.19848
4 5 2 11 2.23607
4 5 2 12 2.08683
4 5 2 13 2.05603
4 5 2 14 2.23607
4 5 3 6 2.35584
4 5 3 7 2.16556
4 5 3 8 2.07802
4 5 3 9 2.35584
4 5 3 10 2.29129
4 5 3 11 2.35584
4 5 3 12 2.16556
4 5 3 13 2.10357
4 5 3 14 2.33699
4 5 6 7 2.22985
4 5 6 8 2.39046
4 5 6 9 2.55604
4 5 6 10 2.52678
4 5 6 11 2.53859
4 5 6 12 2.42487
4 5 6 13 2.40426
4 5 6 14 2.56038
4 5 7 8 2.02367
4 5 7 9 2.29907
4 5 7 10 2.19848
4 5 7 11 2.23607
4 5 7 12 2.08683
4 5 7 13 2.05603
4 5 7 14 2.23607
4 5 8 9 2.40662
4 5 8 10 2.42507
4 5 8 11 2.32266
4 5 8 12 2.3094
4 5 8 13 2.28446
4 5 8 14 2.42507
4 5 9 10 2.54058
4 5 9 11 2.53859
4 5 9 12 2.44114
4 5 9 13 2.41291
4 5 9 14 2.57032
4 5 10 11 2.48193
4 5 10 12 2.42507
4 5 10 13 2.389
4 5 10 14 2.54674
4 5 11 12 2.36827
4 5 11 13 2.33699
4 5 11 14 2.50805
4 5 12 13 2.38048
4 5 12 14 2.44949
4 5 13 14 2.42507
