4 5 0 1 2 1.73205
4 5 0 1 3 1.41421
4 5 0 1 6 1.73205
4 5 0 1 7 1.73205
4 5 0 1 8 1.90693
4 5 0 1 9 1.85164
4 5 0 1 10 1.90693
4 5 0 1 11 1.41421
4 5 0 1 12 1.90693
4 5 0 1 13 1.90693
4 5 0 1 14 1.90693
4 5 0 2 3 2.10357
4 5 0 2 6 2.23607
4 5 0 2 7 1.90693
4 5 0 2 8 1.96214
4 5 0 2 9 2.19449
4 5 0 2 10 2.12993
4 5 0 2 11 2.16556
4 5 0 2 12 2.05603
4 5 0 2 13 2.05603
4 5 0 2 14 2.19848
4 5 0 3 6 2.29907
4 5 0 3 7 2.10357
4 5 0 3 8 2
4 5 0 3 9 2.29907
4 5 0 3 10 2.23607
4 5 0 3 11 2.29907
4 5 0 3 12 2.10357
4 5 0 3 13 2.10357
4 5 0 3 14 2.29129
4 5 0 6 7 2.23607
4 5 0 6 8 2.35488
4 5 0 6 9 2.57391
4 5 0 6 10 2.49516
4 5 0 6 11 2.49313
4 5 0 6 12 2.40426
4 5 0 6 13 2.40426
4 5 0 6 14 2.52678
4 5 0 7 8 1.96214
4 5 0 7 9 2.19449
4 5 0 7 10 2.12993
4 5 0 7 11 2.16556
4 5 0 7 12 2.05603
4 5 0 7 13 2.05603
4 5 0 7 14 2.19848
4 5 0 8 9 2.37697
4 5 0 8 10 2.389
4 5 0 8 11 2.28709
4 5 0 8 12 2.28446
4 5 0 8 13 2.28446
4 5 0 8 14 2.389
4 5 0 9 10 2.50881
4 5 0 9 11 2.49313
4 5 0 9 12 2.41291
4 5 0 9 13 2.41291
4 5 0 9 14 2.54058
4 5 0 10 11 2.44831
4 5 0 10 12 2.389
4 5 0 10 13 2.389
4 5 0 10 14 2.51534
4 5 0 11 12 2.33699
4 5 0 11 13 2.33699
4 5 0 11 14 2.48193
4 5 0 12 13 2.38048
4 5 0 12 14 2.42507
4 5 0 13 14 2.42507
4 5 1 2 3 1.41421
4 5 1 2 6 1.41421
4 5 1 2 7 1.62019
4 5 1 2 8 1.73205
4 5 1 2 9 1.62019
4 5 1 2 10 1.73205
4 5 1 2 11 1.41421
4 5 1 2 12 1.73205
4 5 1 2 13 1.73205
4 5 1 2 14 1.73205
4 5 1 3 6 1.41421
4 5 1 3 7 1.41421
4 5 1 3 8 1.41421
4 5 1 3 9 1.41421
4 5 1 3 10 1.41421
4 5 1 3 11 1.41421
4 5 1 3 12 1.41421
4 5 1 3 13 1.41421
4 5 1 3 14 1.41421
4 5 1 6 7 1.41421
4 5 1 6 8 1.73205
4 5 1 6 9 1.73205
4 5 1 6 10 1.73205
4 5 1 6 11 1.41421
4 5 1 6 12 1.73205
4 5 1 6 13 1.73205
4 5 1 6 14 1.73205
4 5 1 7 8 1.73205
4 5 1 7 9 1.62019
4 5 1 7 10 1.73205
4 5 1 7 11 1.41421
4 5 1 7 12 1.73205
4 5 1 7 13 1.73205
4 5 1 7 14 1.73205
4 5 1 8 9 1.85164
4 5 1 8 10 1.90693
4 5 1 8 11 1.41421
4 5 1 8 12 1.90693
4 5 1 8 13 1.90693
4 5 1 8 14 1.90693
4 5 1 9 10 1.85164
4 5 1 9 11 1.41421
4 5 1 9 12 1.85164
4 5 1 9 13 1.85164
4 5 1 9 14 1.85164
4 5 1 10 11 1.41421
4 5 1 10 12 1.90693
4 5 1 10 13 1.90693
4 5 1 10 14 1.90693
4 5 1 11 12 1.41421
4 5 1 11 13 1.41421
4 5 1 11 14 1.41421
4 5 1 12 13 1.90693
4 5 1 12 14 1.90693
4 5 1 13 14 1.90693
4 5 2 3 6 2.16556
4 5 2 3 7 2
4 5 2 3 8 1.85164
4 5 2 3 9 2.16556
4 5 2 3 10 2.07802
4 5 2 3 11 2.16556
4 5 2 3 12 2
4 5 2 3 13 1.90693
4 5 2 3 14 2.13809
4 5 2 6 7 2
4 5 2 6 8 2
4 5 2 6 9 2.22985
4 5 2 6 10 2.16556
4 5 2 6 11 2.23607
4 5 2 6 12 2.05751
4 5 2 6 13 2.01187
4 5 2 6 14 2.23607
4 5 2 7 8 1.62019
4 5 2 7 9 2
4 5 2 7 10 1.85164
4 5 2 7 11 2
4 5 2 7 12 1.81265
4 5 2 7 13 1.73205
4 5 2 7 14 1.93309
4 5 2 8 9 2
4 5 2 8 10 2.02367
4 5 2 8 11 1.93309
4 5 2 8 12 2
4 5 2 8 13 2
4 5 2 8 14 2.02367
4 5 2 9 10 2.17626
4 5 2 9 11 2.23607
4 5 2 9 12 2.08167
4 5 2 9 13 2.04495
4 5 2 9 14 2.22985
4 5 2 10 11 2.13809
4 5 2 10 12 2.02367
4 5 2 10 13 1.96214
4 5 2 10 14 2.19848
4 5 2 11 12 2.0381
4 5 2 11 13 2
4 5 2 11 14 2.18955
4 5 2 12 13 2
4 5 2 12 14 2.08167
4 5 2 13 14 2.02367
4 5 3 6 7 2.16556
4 5 3 6 8 2.07802
4 5 3 6 9 2.35584
4 5 3 6 10 2.29129
4 5 3 6 11 2.35584
4 5 3 6 12 2.16556
4 5 3 6 13 2.10357
4 5 3 6 14 2.33699
4 5 3 7 8 1.85164
4 5 3 7 9 2.16556
4 5 3 7 10 2.07802
4 5 3 7 11 2.16556
4 5 3 7 12 2
4 5 3 7 13 1.90693
4 5 3 7 14 2.13809
4 5 3 8 9 2.07802
4 5 3 8 10 2.07802
4 5 3 8 11 2.07802
4 5 3 8 12 1.85164
4 5 3 8 13 1.73205
4 5 3 8 14 2.07802
4 5 3 9 10 2.29129
4 5 3 9 11 2.35584
4 5 3 9 12 2.16556
4 5 3 9 13 2.10357
4 5 3 9 14 2.33699
4 5 3 10 11 2.29129
4 5 3 10 12 2.07802
4 5 3 10 13 2
4 5 3 10 14 2.29129
4 5 3 11 12 2.16556
4 5 3 11 13 2.10357
4 5 3 11 14 2.33699
4 5 3 12 13 1.90693
4 5 3 12 14 2.13809
4 5 3 13 14 2.07802
4 5 6 7 8 2
4 5 6 7 9 2.22985
4 5 6 7 10 2.16556
4 5 6 7 11 2.23607
4 5 6 7 12 2.05751
4 5 6 7 13 2.01187
4 5 6 7 14 2.23607
4 5 6 8 9 2.39046
4 5 6 8 10 2.39046
4 5 6 8 11 2.32266
4 5 6 8 12 2.26385
4 5 6 8 13 2.23607
4 5 6 8 14 2.39046
4 5 6 9 10 2.52678
4 5 6 9 11 2.53859
4 5 6 9 12 2.42487
4 5 6 9 13 2.40426
4 5 6 9 14 2.56038
4 5 6 10 11 2.48193
4 5 6 10 12 2.39046
4 5 6 10 13 2.35488
4 5 6 10 14 2.52678
4 5 6 11 12 2.36827
4 5 6 11 13 2.33699
4 5 6 11 14 2.50805
4 5 6 12 13 2.28446
4 5 6 12 14 2.41424
4 5 6 13 14 2.39046
4 5 7 8 9 2
4 5 7 8 10 2.02367
4 5 7 8 11 1.93309
4 5 7 8 12 2
4 5 7 8 13 2
4 5 7 8 14 2.02367
4 5 7 9 10 2.17626
4 5 7 9 11 2.23607
4 5 7 9 12 2.08167
4 5 7 9 13 2.04495
4 5 7 9 14 2.22985
4 5 7 10 11 2.13809
4 5 7 10 12 2.02367
4 5 7 10 13 1.96214
4 5 7 10 14 2.19848
4 5 7 11 12 2.0381
4 5 7 11 13 2
4 5 7 11 14 2.18955
4 5 7 12 13 2
4 5 7 12 14 2.08167
4 5 7 13 14 2.02367
4 5 8 9 10 2.40662
4 5 8 9 11 2.32266
4 5 8 9 12 2.3094
4 5 8 9 13 2.26385
4 5 8 9 14 2.40662
4 5 8 10 11 2.32266
4 5 8 10 12 2.3094
4 5 8 10 13 2.28446
4 5 8 10 14 2.42507
4 5 8 11 12 2.16025
4 5 8 11 13 2.13664
4 5 8 11 14 2.32266
4 5 8 12 13 2.19089
4 5 8 12 14 2.3094
4 5 8 13 14 2.28446
4 5 9 10 11 2.48193
4 5 9 10 12 2.40662
4 5 9 10 13 2.37697
4 5 9 10 14 2.54058
4 5 9 11 12 2.36827
4 5 9 11 13 2.33699
4 5 9 11 14 2.50805
4 5 9 12 13 2.3094
4 5 9 12 14 2.44949
4 5 9 13 14 2.40662
4 5 10 11 12 2.32266
4 5 10 11 13 2.28709
4 5 10 11 14 2.48193
4 5 10 12 13 2.28446
4 5 10 12 14 2.42507
4 5 10 13 14 2.389
4 5 11 12 13 2.19089
4 5 11 12 14 2.34521
4 5 11 13 14 2.32266
4 5 12 13 14 2.3094
