6 10 0 1 2 3 1.41421
6 10 0 1 2 4 1.62019
6 10 0 1 2 5 1.41421
6 10 0 1 2 7 1
6 10 0 1 2 8 1.73205
6 10 0 1 2 9 1.73205
6 10 0 1 2 11 1.62019
6 10 0 1 2 12 1.73205
6 10 0 1 2 13 1.73205
6 10 0 1 2 14 1.73205
6 10 0 1 3 4 1.41421
6 10 0 1 3 5 0
6 10 0 1 3 7 1.41421
6 10 0 1 3 8 1.73205
6 10 0 1 3 9 1.73205
6 10 0 1 3 11 1.73205
6 10 0 1 3 12 1.73205
6 10 0 1 3 13 1.73205
6 10 0 1 3 14 1.73205
6 10 0 1 4 5 1.73205
6 10 0 1 4 7 1.62019
6 10 0 1 4 8 2.13664
6 10 0 1 4 9 2.13664
6 10 0 1 4 11 2
6 10 0 1 4 12 2.13664
6 10 0 1 4 13 2.13664
6 10 0 1 4 14 2.13664
6 10 0 1 5 7 1.41421
6 10 0 1 5 8 1.73205
6 10 0 1 5 9 1.73205
6 10 0 1 5 11 1.41421
6 10 0 1 5 12 1.73205
6 10 0 1 5 13 1.73205
6 10 0 1 5 14 1.73205
6 10 0 1 7 8 1.73205
6 10 0 1 7 9 1.73205
6 10 0 1 7 11 1.62019
6 10 0 1 7 12 1.73205
6 10 0 1 7 13 1.73205
6 10 0 1 7 14 1.73205
6 10 0 1 8 9 2.23607
6 10 0 1 8 11 2.13664
6 10 0 1 8 12 2.23607
6 10 0 1 8 13 2.23607
6 10 0 1 8 14 2.23607
6 10 0 1 9 11 2.13664
6 10 0 1 9 12 2.23607
6 10 0 1 9 13 2.23607
6 10 0 1 9 14 2.23607
6 10 0 1 11 12 2.13664
6 10 0 1 11 13 2.13664
6 10 0 1 11 14 2.13664
6 10 0 1 12 13 2.23607
6 10 0 1 12 14 2.23607
6 10 0 1 13 14 2.23607
6 10 0 2 3 4 2.07802
6 10 0 2 3 5 2
6 10 0 2 3 7 1.73205
6 10 0 2 3 8 1.90693
6 10 0 2 3 9 2.10357
6 10 0 2 3 11 2.10357
6 10 0 2 3 12 1.90693
6 10 0 2 3 13 1.90693
6 10 0 2 3 14 2.10357
6 10 0 2 4 5 2.10357
6 10 0 2 4 7 1.73205
6 10 0 2 4 8 2.04939
6 10 0 2 4 9 2.21037
6 10 0 2 4 11 2.17945
6 10 0 2 4 12 2.04939
6 10 0 2 4 13 2.04939
6 10 0 2 4 14 2.21037
6 10 0 2 5 7 1.73205
6 10 0 2 5 8 1.90693
6 10 0 2 5 9 2.10357
6 10 0 2 5 11 2.07802
6 10 0 2 5 12 1.90693
6 10 0 2 5 13 1.90693
6 10 0 2 5 14 2.10357
6 10 0 2 7 8 1.41421
6 10 0 2 7 9 1.73205
6 10 0 2 7 11 1.73205
6 10 0 2 7 12 1.41421
6 10 0 2 7 13 1.41421
6 10 0 2 7 14 1.73205
6 10 0 2 8 9 2.10223
6 10 0 2 8 11 2.04939
6 10 0 2 8 12 2
6 10 0 2 8 13 2
6 10 0 2 8 14 2.10223
6 10 0 2 9 11 2.21037
6 10 0 2 9 12 2.10223
6 10 0 2 9 13 2.10223
6 10 0 2 9 14 2.23607
6 10 0 2 11 12 2.04939
6 10 0 2 11 13 2.04939
6 10 0 2 11 14 2.21037
6 10 0 2 12 13 2
6 10 0 2 12 14 2.10223
6 10 0 2 13 14 2.10223
6 10 0 3 4 5 2.23607
6 10 0 3 4 7 2.07802
6 10 0 3 4 8 2.28709
6 10 0 3 4 9 2.44831
6 10 0 3 4 11 2.44831
6 10 0 3 4 12 2.28709
6 10 0 3 4 13 2.28709
6 10 0 3 4 14 2.44831
6 10 0 3 5 7 2
6 10 0 3 5 8 2
6 10 0 3 5 9 2.23607
6 10 0 3 5 11 2.23607
6 10 0 3 5 12 2
6 10 0 3 5 13 2
6 10 0 3 5 14 2.23607
6 10 0 3 7 8 1.90693
6 10 0 3 7 9 2.10357
6 10 0 3 7 11 2.10357
6 10 0 3 7 12 1.90693
6 10 0 3 7 13 1.90693
6 10 0 3 7 14 2.10357
6 10 0 3 8 9 2.35488
6 10 0 3 8 11 2.35488
6 10 0 3 8 12 2.23607
6 10 0 3 8 13 2.23607
6 10 0 3 8 14 2.35488
6 10 0 3 9 11 2.49516
6 10 0 3 9 12 2.35488
6 10 0 3 9 13 2.35488
6 10 0 3 9 14 2.49516
6 10 0 3 11 12 2.35488
6 10 0 3 11 13 2.35488
6 10 0 3 11 14 2.49516
6 10 0 3 12 13 2.23607
6 10 0 3 12 14 2.35488
6 10 0 3 13 14 2.35488
6 10 0 4 5 7 2.10357
6 10 0 4 5 8 2.35488
6 10 0 4 5 9 2.49516
6 10 0 4 5 11 2.44831
6 10 0 4 5 12 2.35488
6 10 0 4 5 13 2.35488
6 10 0 4 5 14 2.49516
6 10 0 4 7 8 2.04939
6 10 0 4 7 9 2.21037
6 10 0 4 7 11 2.17945
6 10 0 4 7 12 2.04939
6 10 0 4 7 13 2.04939
6 10 0 4 7 14 2.21037
6 10 0 4 8 9 2.66231
6 10 0 4 8 11 2.61406
6 10 0 4 8 12 2.58844
6 10 0 4 8 13 2.58844
6 10 0 4 8 14 2.66231
6 10 0 4 9 11 2.71343
6 10 0 4 9 12 2.66231
6 10 0 4 9 13 2.66231
6 10 0 4 9 14 2.75936
6 10 0 4 11 12 2.61406
6 10 0 4 11 13 2.61406
6 10 0 4 11 14 2.71343
6 10 0 4 12 13 2.58844
6 10 0 4 12 14 2.66231
6 10 0 4 13 14 2.66231
6 10 0 5 7 8 1.90693
6 10 0 5 7 9 2.10357
6 10 0 5 7 11 2.07802
6 10 0 5 7 12 1.90693
6 10 0 5 7 13 1.90693
6 10 0 5 7 14 2.10357
6 10 0 5 8 9 2.35488
6 10 0 5 8 11 2.28709
6 10 0 5 8 12 2.23607
6 10 0 5 8 13 2.23607
6 10 0 5 8 14 2.35488
6 10 0 5 9 11 2.44831
6 10 0 5 9 12 2.35488
6 10 0 5 9 13 2.35488
6 10 0 5 9 14 2.49516
6 10 0 5 11 12 2.28709
6 10 0 5 11 13 2.28709
6 10 0 5 11 14 2.44831
6 10 0 5 12 13 2.23607
6 10 0 5 12 14 2.35488
6 10 0 5 13 14 2.35488
6 10 0 7 8 9 2.10223
6 10 0 7 8 11 2.04939
6 10 0 7 8 12 2
6 10 0 7 8 13 2
6 10 0 7 8 14 2.10223
6 10 0 7 9 11 2.21037
6 10 0 7 9 12 2.10223
6 10 0 7 9 13 2.10223
6 10 0 7 9 14 2.23607
6 10 0 7 11 12 2.04939
6 10 0 7 11 13 2.04939
6 10 0 7 11 14 2.21037
6 10 0 7 12 13 2
6 10 0 7 12 14 2.10223
6 10 0 7 13 14 2.10223
6 10 0 8 9 11 2.66231
6 10 0 8 9 12 2.64575
6 10 0 8 9 13 2.64575
6 10 0 8 9 14 2.71163
6 10 0 8 11 12 2.58844
6 10 0 8 11 13 2.58844
6 10 0 8 11 14 2.66231
6 10 0 8 12 13 2.58844
6 10 0 8 12 14 2.64575
6 10 0 8 13 14 2.64575
6 10 0 9 11 12 2.66231
6 10 0 9 11 13 2.66231
6 10 0 9 11 14 2.75936
6 10 0 9 12 13 2.64575
6 10 0 9 12 14 2.71163
6 10 0 9 13 14 2.71163
6 10 0 11 12 13 2.58844
6 10 0 11 12 14 2.66231
6 10 0 11 13 14 2.66231
6 10 0 12 13 14 2.64575
6 10 1 2 3 4 1
6 10 1 2 3 5 1
6 10 1 2 3 7 1
6 10 1 2 3 8 1.41421
6 10 1 2 3 9 1.41421
6 10 1 2 3 11 1.41421
6 10 1 2 3 12 1.41421
6 10 1 2 3 13 1.41421
6 10 1 2 3 14 1.41421
6 10 1 2 4 5 1.41421
6 10 1 2 4 7 1
6 10 1 2 4 8 1.62019
6 10 1 2 4 9 1.62019
6 10 1 2 4 11 1.41421
6 10 1 2 4 12 1.62019
6 10 1 2 4 13 1.62019
6 10 1 2 4 14 1.62019
6 10 1 2 5 7 1
6 10 1 2 5 8 1.41421
6 10 1 2 5 9 1.41421
6 10 1 2 5 11 1
6 10 1 2 5 12 1.41421
6 10 1 2 5 13 1.41421
6 10 1 2 5 14 1.41421
6 10 1 2 7 8 1
6 10 1 2 7 9 1
6 10 1 2 7 11 1
6 10 1 2 7 12 1
6 10 1 2 7 13 1
6 10 1 2 7 14 1
6 10 1 2 8 9 1.73205
6 10 1 2 8 11 1.62019
6 10 1 2 8 12 1.73205
6 10 1 2 8 13 1.73205
6 10 1 2 8 14 1.73205
6 10 1 2 9 11 1.62019
6 10 1 2 9 12 1.73205
6 10 1 2 9 13 1.73205
6 10 1 2 9 14 1.73205
6 10 1 2 11 12 1.62019
6 10 1 2 11 13 1.62019
6 10 1 2 11 14 1.62019
6 10 1 2 12 13 1.73205
6 10 1 2 12 14 1.73205
6 10 1 2 13 14 1.73205
6 10 1 3 4 5 1
6 10 1 3 4 7 1
6 10 1 3 4 8 1.41421
6 10 1 3 4 9 1.41421
6 10 1 3 4 11 1.41421
6 10 1 3 4 12 1.41421
6 10 1 3 4 13 1.41421
6 10 1 3 4 14 1.41421
6 10 1 3 5 7 1
6 10 1 3 5 8 1
6 10 1 3 5 9 1
6 10 1 3 5 11 1
6 10 1 3 5 12 1
6 10 1 3 5 13 0
6 10 1 3 5 14 1
6 10 1 3 7 8 1.41421
6 10 1 3 7 9 1.41421
6 10 1 3 7 11 1.41421
6 10 1 3 7 12 1.41421
6 10 1 3 7 13 1.41421
6 10 1 3 7 14 1.41421
6 10 1 3 8 9 1.73205
6 10 1 3 8 11 1.73205
6 10 1 3 8 12 1.73205
6 10 1 3 8 13 1.73205
6 10 1 3 8 14 1.73205
6 10 1 3 9 11 1.73205
6 10 1 3 9 12 1.73205
6 10 1 3 9 13 1.73205
6 10 1 3 9 14 1.73205
6 10 1 3 11 12 1.73205
6 10 1 3 11 13 1.73205
6 10 1 3 11 14 1.73205
6 10 1 3 12 13 1.73205
6 10 1 3 12 14 1.73205
6 10 1 3 13 14 1.73205
6 10 1 4 5 7 1.41421
6 10 1 4 5 8 1.73205
6 10 1 4 5 9 1.73205
6 10 1 4 5 11 1.41421
6 10 1 4 5 12 1.73205
6 10 1 4 5 13 1.73205
6 10 1 4 5 14 1.73205
6 10 1 4 7 8 1.62019
6 10 1 4 7 9 1.62019
6 10 1 4 7 11 1.41421
6 10 1 4 7 12 1.62019
6 10 1 4 7 13 1.62019
6 10 1 4 7 14 1.62019
6 10 1 4 8 9 2.13664
6 10 1 4 8 11 2
6 10 1 4 8 12 2.13664
6 10 1 4 8 13 2.13664
6 10 1 4 8 14 2.13664
6 10 1 4 9 11 2
6 10 1 4 9 12 2.13664
6 10 1 4 9 13 2.13664
6 10 1 4 9 14 2.13664
6 10 1 4 11 12 2
6 10 1 4 11 13 2
6 10 1 4 11 14 2
6 10 1 4 12 13 2.13664
6 10 1 4 12 14 2.13664
6 10 1 4 13 14 2.13664
6 10 1 5 7 8 1.41421
6 10 1 5 7 9 1.41421
6 10 1 5 7 11 1
6 10 1 5 7 12 1.41421
6 10 1 5 7 13 1.41421
6 10 1 5 7 14 1.41421
6 10 1 5 8 9 1.73205
6 10 1 5 8 11 1.41421
6 10 1 5 8 12 1.73205
6 10 1 5 8 13 1.73205
6 10 1 5 8 14 1.73205
6 10 1 5 9 11 1.41421
6 10 1 5 9 12 1.73205
6 10 1 5 9 13 1.73205
6 10 1 5 9 14 1.73205
6 10 1 5 11 12 1.41421
6 10 1 5 11 13 1.41421
6 10 1 5 11 14 1.41421
6 10 1 5 12 13 1.73205
6 10 1 5 12 14 1.73205
6 10 1 5 13 14 1.73205
6 10 1 7 8 9 1.73205
6 10 1 7 8 11 1.62019
6 10 1 7 8 12 1.73205
6 10 1 7 8 13 1.73205
6 10 1 7 8 14 1.73205
6 10 1 7 9 11 1.62019
6 10 1 7 9 12 1.73205
6 10 1 7 9 13 1.73205
6 10 1 7 9 14 1.73205
6 10 1 7 11 12 1.62019
6 10 1 7 11 13 1.62019
6 10 1 7 11 14 1.62019
6 10 1 7 12 13 1.73205
6 10 1 7 12 14 1.73205
6 10 1 7 13 14 1.73205
6 10 1 8 9 11 2.13664
6 10 1 8 9 12 2.23607
6 10 1 8 9 13 2.23607
6 10 1 8 9 14 2.23607
6 10 1 8 11 12 2.13664
6 10 1 8 11 13 2.13664
6 10 1 8 11 14 2.13664
6 10 1 8 12 13 2.23607
6 10 1 8 12 14 2.23607
6 10 1 8 13 14 2.23607
6 10 1 9 11 12 2.13664
6 10 1 9 11 13 2.13664
6 10 1 9 11 14 2.13664
6 10 1 9 12 13 2.23607
6 10 1 9 12 14 2.23607
6 10 1 9 13 14 2.23607
6 10 1 11 12 13 2.13664
6 10 1 11 12 14 2.13664
6 10 1 11 13 14 2.13664
6 10 1 12 13 14 2.23607
6 10 2 3 4 5 2.07802
6 10 2 3 4 7 1.85164
6 10 2 3 4 8 1.93309
6 10 2 3 4 9 2.13809
6 10 2 3 4 11 2.13809
6 10 2 3 4 12 1.93309
6 10 2 3 4 13 1.85164
6 10 2 3 4 14 2.13809
6 10 2 3 5 7 1.85164
6 10 2 3 5 8 1.85164
6 10 2 3 5 9 2.07802
6 10 2 3 5 11 2.07802
6 10 2 3 5 12 1.85164
6 10 2 3 5 13 1.73205
6 10 2 3 5 14 2.07802
6 10 2 3 7 8 1.62019
6 10 2 3 7 9 1.85164
6 10 2 3 7 11 1.85164
6 10 2 3 7 12 1.62019
6 10 2 3 7 13 1.41421
6 10 2 3 7 14 1.85164
6 10 2 3 8 9 2
6 10 2 3 8 11 2
6 10 2 3 8 12 1.81265
6 10 2 3 8 13 1.73205
6 10 2 3 8 14 2
6 10 2 3 9 11 2.16556
6 10 2 3 9 12 2
6 10 2 3 9 13 1.90693
6 10 2 3 9 14 2.16556
6 10 2 3 11 12 2
6 10 2 3 11 13 1.90693
6 10 2 3 11 14 2.16556
6 10 2 3 12 13 1.73205
6 10 2 3 12 14 2
6 10 2 3 13 14 1.90693
6 10 2 4 5 7 1.85164
6 10 2 4 5 8 2
6 10 2 4 5 9 2.16556
6 10 2 4 5 11 2.13809
6 10 2 4 5 12 2
6 10 2 4 5 13 1.90693
6 10 2 4 5 14 2.16556
6 10 2 4 7 8 1.62019
6 10 2 4 7 9 1.85164
6 10 2 4 7 11 1.85164
6 10 2 4 7 12 1.62019
6 10 2 4 7 13 1.41421
6 10 2 4 7 14 1.85164
6 10 2 4 8 9 2.09938
6 10 2 4 8 11 2.04939
6 10 2 4 8 12 2
6 10 2 4 8 13 1.93309
6 10 2 4 8 14 2.09938
6 10 2 4 9 11 2.22354
6 10 2 4 9 12 2.09938
6 10 2 4 9 13 2.04939
6 10 2 4 9 14 2.2514
6 10 2 4 11 12 2.04939
6 10 2 4 11 13 2.00294
6 10 2 4 11 14 2.22354
6 10 2 4 12 13 1.93309
6 10 2 4 12 14 2.09938
6 10 2 4 13 14 2.04939
6 10 2 5 7 8 1.62019
6 10 2 5 7 9 1.85164
6 10 2 5 7 11 1.85164
6 10 2 5 7 12 1.62019
6 10 2 5 7 13 1.41421
6 10 2 5 7 14 1.85164
6 10 2 5 8 9 2
6 10 2 5 8 11 1.93309
6 10 2 5 8 12 1.81265
6 10 2 5 8 13 1.73205
6 10 2 5 8 14 2
6 10 2 5 9 11 2.13809
6 10 2 5 9 12 2
6 10 2 5 9 13 1.90693
6 10 2 5 9 14 2.16556
6 10 2 5 11 12 1.93309
6 10 2 5 11 13 1.85164
6 10 2 5 11 14 2.13809
6 10 2 5 12 13 1.73205
6 10 2 5 12 14 2
6 10 2 5 13 14 1.90693
6 10 2 7 8 9 1.62019
6 10 2 7 8 11 1.62019
6 10 2 7 8 12 1.41421
6 10 2 7 8 13 1
6 10 2 7 8 14 1.62019
6 10 2 7 9 11 1.85164
6 10 2 7 9 12 1.62019
6 10 2 7 9 13 1.41421
6 10 2 7 9 14 1.85164
6 10 2 7 11 12 1.62019
6 10 2 7 11 13 1.41421
6 10 2 7 11 14 1.85164
6 10 2 7 12 13 1
6 10 2 7 12 14 1.62019
6 10 2 7 13 14 1.41421
6 10 2 8 9 11 2.09938
6 10 2 8 9 12 2.0381
6 10 2 8 9 13 2
6 10 2 8 9 14 2.13809
6 10 2 8 11 12 2
6 10 2 8 11 13 1.93309
6 10 2 8 11 14 2.09938
6 10 2 8 12 13 1.93309
6 10 2 8 12 14 2.0381
6 10 2 8 13 14 2
6 10 2 9 11 12 2.09938
6 10 2 9 11 13 2.04939
6 10 2 9 11 14 2.2514
6 10 2 9 12 13 2
6 10 2 9 12 14 2.13809
6 10 2 9 13 14 2.10223
6 10 2 11 12 13 1.93309
6 10 2 11 12 14 2.09938
6 10 2 11 13 14 2.04939
6 10 2 12 13 14 2
6 10 3 4 5 7 2.07802
6 10 3 4 5 8 2.07802
6 10 3 4 5 9 2.29129
6 10 3 4 5 11 2.29129
6 10 3 4 5 12 2.07802
6 10 3 4 5 13 2
6 10 3 4 5 14 2.29129
6 10 3 4 7 8 1.93309
6 10 3 4 7 9 2.13809
6 10 3 4 7 11 2.13809
6 10 3 4 7 12 1.93309
6 10 3 4 7 13 1.85164
6 10 3 4 7 14 2.13809
6 10 3 4 8 9 2.32266
6 10 3 4 8 11 2.32266
6 10 3 4 8 12 2.16025
6 10 3 4 8 13 2.13664
6 10 3 4 8 14 2.32266
6 10 3 4 9 11 2.48193
6 10 3 4 9 12 2.32266
6 10 3 4 9 13 2.28709
6 10 3 4 9 14 2.48193
6 10 3 4 11 12 2.32266
6 10 3 4 11 13 2.28709
6 10 3 4 11 14 2.48193
6 10 3 4 12 13 2.13664
6 10 3 4 12 14 2.32266
6 10 3 4 13 14 2.28709
6 10 3 5 7 8 1.85164
6 10 3 5 7 9 2.07802
6 10 3 5 7 11 2.07802
6 10 3 5 7 12 1.85164
6 10 3 5 7 13 1.73205
6 10 3 5 7 14 2.07802
6 10 3 5 8 9 2.07802
6 10 3 5 8 11 2.07802
6 10 3 5 8 12 1.85164
6 10 3 5 8 13 1.73205
6 10 3 5 8 14 2.07802
6 10 3 5 9 11 2.29129
6 10 3 5 9 12 2.07802
6 10 3 5 9 13 2
6 10 3 5 9 14 2.29129
6 10 3 5 11 12 2.07802
6 10 3 5 11 13 2
6 10 3 5 11 14 2.29129
6 10 3 5 12 13 1.73205
6 10 3 5 12 14 2.07802
6 10 3 5 13 14 2
6 10 3 7 8 9 2
6 10 3 7 8 11 2
6 10 3 7 8 12 1.81265
6 10 3 7 8 13 1.73205
6 10 3 7 8 14 2
6 10 3 7 9 11 2.16556
6 10 3 7 9 12 2
6 10 3 7 9 13 1.90693
6 10 3 7 9 14 2.16556
6 10 3 7 11 12 2
6 10 3 7 11 13 1.90693
6 10 3 7 11 14 2.16556
6 10 3 7 12 13 1.73205
6 10 3 7 12 14 2
6 10 3 7 13 14 1.90693
6 10 3 8 9 11 2.39046
6 10 3 8 9 12 2.26385
6 10 3 8 9 13 2.23607
6 10 3 8 9 14 2.39046
6 10 3 8 11 12 2.26385
6 10 3 8 11 13 2.23607
6 10 3 8 11 14 2.39046
6 10 3 8 12 13 2.13664
6 10 3 8 12 14 2.26385
6 10 3 8 13 14 2.23607
6 10 3 9 11 12 2.39046
6 10 3 9 11 13 2.35488
6 10 3 9 11 14 2.52678
6 10 3 9 12 13 2.23607
6 10 3 9 12 14 2.39046
6 10 3 9 13 14 2.35488
6 10 3 11 12 13 2.23607
6 10 3 11 12 14 2.39046
6 10 3 11 13 14 2.35488
6 10 3 12 13 14 2.23607
6 10 4 5 7 8 2
6 10 4 5 7 9 2.16556
6 10 4 5 7 11 2.13809
6 10 4 5 7 12 2
6 10 4 5 7 13 1.90693
6 10 4 5 7 14 2.16556
6 10 4 5 8 9 2.39046
6 10 4 5 8 11 2.32266
6 10 4 5 8 12 2.26385
6 10 4 5 8 13 2.23607
6 10 4 5 8 14 2.39046
6 10 4 5 9 11 2.48193
6 10 4 5 9 12 2.39046
6 10 4 5 9 13 2.35488
6 10 4 5 9 14 2.52678
6 10 4 5 11 12 2.32266
6 10 4 5 11 13 2.28709
6 10 4 5 11 14 2.48193
6 10 4 5 12 13 2.23607
6 10 4 5 12 14 2.39046
6 10 4 5 13 14 2.35488
6 10 4 7 8 9 2.09938
6 10 4 7 8 11 2.04939
6 10 4 7 8 12 2
6 10 4 7 8 13 1.93309
6 10 4 7 8 14 2.09938
6 10 4 7 9 11 2.22354
6 10 4 7 9 12 2.09938
6 10 4 7 9 13 2.04939
6 10 4 7 9 14 2.2514
6 10 4 7 11 12 2.04939
6 10 4 7 11 13 2.00294
6 10 4 7 11 14 2.22354
6 10 4 7 12 13 1.93309
6 10 4 7 12 14 2.09938
6 10 4 7 13 14 2.04939
6 10 4 8 9 11 2.62216
6 10 4 8 9 12 2.60419
6 10 4 8 9 13 2.58844
6 10 4 8 9 14 2.68164
6 10 4 8 11 12 2.53722
6 10 4 8 11 13 2.52543
6 10 4 8 11 14 2.62216
6 10 4 8 12 13 2.52543
6 10 4 8 12 14 2.60419
6 10 4 8 13 14 2.58844
6 10 4 9 11 12 2.62216
6 10 4 9 11 13 2.61406
6 10 4 9 11 14 2.72385
6 10 4 9 12 13 2.58844
6 10 4 9 12 14 2.68164
6 10 4 9 13 14 2.66231
6 10 4 11 12 13 2.52543
6 10 4 11 12 14 2.62216
6 10 4 11 13 14 2.61406
6 10 4 12 13 14 2.58844
6 10 5 7 8 9 2
6 10 5 7 8 11 1.93309
6 10 5 7 8 12 1.81265
6 10 5 7 8 13 1.73205
6 10 5 7 8 14 2
6 10 5 7 9 11 2.13809
6 10 5 7 9 12 2
6 10 5 7 9 13 1.90693
6 10 5 7 9 14 2.16556
6 10 5 7 11 12 1.93309
6 10 5 7 11 13 1.85164
6 10 5 7 11 14 2.13809
6 10 5 7 12 13 1.73205
6 10 5 7 12 14 2
6 10 5 7 13 14 1.90693
6 10 5 8 9 11 2.32266
6 10 5 8 9 12 2.26385
6 10 5 8 9 13 2.23607
6 10 5 8 9 14 2.39046
6 10 5 8 11 12 2.16025
6 10 5 8 11 13 2.13664
6 10 5 8 11 14 2.32266
6 10 5 8 12 13 2.13664
6 10 5 8 12 14 2.26385
6 10 5 8 13 14 2.23607
6 10 5 9 11 12 2.32266
6 10 5 9 11 13 2.28709
6 10 5 9 11 14 2.48193
6 10 5 9 12 13 2.23607
6 10 5 9 12 14 2.39046
6 10 5 9 13 14 2.35488
6 10 5 11 12 13 2.13664
6 10 5 11 12 14 2.32266
6 10 5 11 13 14 2.28709
6 10 5 12 13 14 2.23607
6 10 7 8 9 11 2.09938
6 10 7 8 9 12 2.0381
6 10 7 8 9 13 2
6 10 7 8 9 14 2.13809
6 10 7 8 11 12 2
6 10 7 8 11 13 1.93309
6 10 7 8 11 14 2.09938
6 10 7 8 12 13 1.93309
6 10 7 8 12 14 2.0381
6 10 7 8 13 14 2
6 10 7 9 11 12 2.09938
6 10 7 9 11 13 2.04939
6 10 7 9 11 14 2.2514
6 10 7 9 12 13 2
6 10 7 9 12 14 2.13809
6 10 7 9 13 14 2.10223
6 10 7 11 12 13 1.93309
6 10 7 11 12 14 2.09938
6 10 7 11 13 14 2.04939
6 10 7 12 13 14 2
6 10 8 9 11 12 2.60419
6 10 8 9 11 13 2.58844
6 10 8 9 11 14 2.68164
6 10 8 9 12 13 2.58844
6 10 8 9 12 14 2.66288
6 10 8 9 13 14 2.64575
6 10 8 11 12 13 2.52543
6 10 8 11 12 14 2.60419
6 10 8 11 13 14 2.58844
6 10 8 12 13 14 2.58844
6 10 9 11 12 13 2.58844
6 10 9 11 12 14 2.68164
6 10 9 11 13 14 2.66231
6 10 9 12 13 14 2.64575
6 10 11 12 13 14 2.58844
