6 10 0 1 2 3 4 5 0
6 10 0 1 2 3 4 7 0
6 10 0 1 2 3 4 8 1
6 10 0 1 2 3 4 9 1
6 10 0 1 2 3 4 11 1
6 10 0 1 2 3 4 12 1
6 10 0 1 2 3 4 13 1
6 10 0 1 2 3 4 14 1
6 10 0 1 2 3 5 7 0
6 10 0 1 2 3 5 8 0
6 10 0 1 2 3 5 9 0
6 10 0 1 2 3 5 11 0
6 10 0 1 2 3 5 12 0
6 10 0 1 2 3 5 13 0
6 10 0 1 2 3 5 14 0
6 10 0 1 2 3 7 8 1
6 10 0 1 2 3 7 9 1
6 10 0 1 2 3 7 11 1
6 10 0 1 2 3 7 12 1
6 10 0 1 2 3 7 13 1
6 10 0 1 2 3 7 14 1
6 10 0 1 2 3 8 9 1.41421
6 10 0 1 2 3 8 11 1.41421
6 10 0 1 2 3 8 12 1.41421
6 10 0 1 2 3 8 13 1.41421
6 10 0 1 2 3 8 14 1.41421
6 10 0 1 2 3 9 11 1.41421
6 10 0 1 2 3 9 12 1.41421
6 10 0 1 2 3 9 13 1.41421
6 10 0 1 2 3 9 14 1.41421
6 10 0 1 2 3 11 12 1.41421
6 10 0 1 2 3 11 13 1.41421
6 10 0 1 2 3 11 14 1.41421
6 10 0 1 2 3 12 13 1.41421
6 10 0 1 2 3 12 14 1.41421
6 10 0 1 2 3 13 14 1.41421
6 10 0 1 2 4 5 7 1
6 10 0 1 2 4 5 8 1.41421
6 10 0 1 2 4 5 9 1.41421
6 10 0 1 2 4 5 11 1
6 10 0 1 2 4 5 12 1.41421
6 10 0 1 2 4 5 13 1.41421
6 10 0 1 2 4 5 14 1.41421
6 10 0 1 2 4 7 8 1
6 10 0 1 2 4 7 9 1
6 10 0 1 2 4 7 11 0
6 10 0 1 2 4 7 12 1
6 10 0 1 2 4 7 13 1
6 10 0 1 2 4 7 14 1
6 10 0 1 2 4 8 9 1.62019
6 10 0 1 2 4 8 11 1.41421
6 10 0 1 2 4 8 12 1.62019
6 10 0 1 2 4 8 13 1.62019
6 10 0 1 2 4 8 14 1.62019
6 10 0 1 2 4 9 11 1.41421
6 10 0 1 2 4 9 12 1.62019
6 10 0 1 2 4 9 13 1.62019
6 10 0 1 2 4 9 14 1.62019
6 10 0 1 2 4 11 12 1.41421
6 10 0 1 2 4 11 13 1.41421
6 10 0 1 2 4 11 14 1.41421
6 10 0 1 2 4 12 13 1.62019
6 10 0 1 2 4 12 14 1.62019
6 10 0 1 2 4 13 14 1.62019
6 10 0 1 2 5 7 8 1
6 10 0 1 2 5 7 9 1
6 10 0 1 2 5 7 11 0
6 10 0 1 2 5 7 12 1
6 10 0 1 2 5 7 13 1
6 10 0 1 2 5 7 14 1
6 10 0 1 2 5 8 9 1.41421
6 10 0 1 2 5 8 11 1
6 10 0 1 2 5 8 12 1.41421
6 10 0 1 2 5 8 13 1.41421
6 10 0 1 2 5 8 14 1.41421
6 10 0 1 2 5 9 11 1
6 10 0 1 2 5 9 12 1.41421
6 10 0 1 2 5 9 13 1.41421
6 10 0 1 2 5 9 14 1.41421
6 10 0 1 2 5 11 12 1
6 10 0 1 2 5 11 13 1
6 10 0 1 2 5 11 14 1
6 10 0 1 2 5 12 13 1.41421
6 10 0 1 2 5 12 14 1.41421
6 10 0 1 2 5 13 14 1.41421
6 10 0 1 2 7 8 9 1
6 10 0 1 2 7 8 11 1
6 10 0 1 2 7 8 12 1
6 10 0 1 2 7 8 13 1
6 10 0 1 2 7 8 14 1
6 10 0 1 2 7 9 11 1
6 10 0 1 2 7 9 12 1
6 10 0 1 2 7 9 13 1
6 10 0 1 2 7 9 14 1
6 10 0 1 2 7 11 12 1
6 10 0 1 2 7 11 13 1
6 10 0 1 2 7 11 14 1
6 10 0 1 2 7 12 13 1
6 10 0 1 2 7 12 14 1
6 10 0 1 2 7 13 14 1
6 10 0 1 2 8 9 11 1.62019
6 10 0 1 2 8 9 12 1.73205
6 10 0 1 2 8 9 13 1.73205
6 10 0 1 2 8 9 14 1.73205
6 10 0 1 2 8 11 12 1.62019
6 10 0 1 2 8 11 13 1.62019
6 10 0 1 2 8 11 14 1.62019
6 10 0 1 2 8 12 13 1.73205
6 10 0 1 2 8 12 14 1.73205
6 10 0 1 2 8 13 14 1.73205
6 10 0 1 2 9 11 12 1.62019
6 10 0 1 2 9 11 13 1.62019
6 10 0 1 2 9 11 14 1.62019
6 10 0 1 2 9 12 13 1.73205
6 10 0 1 2 9 12 14 1.73205
6 10 0 1 2 9 13 14 1.73205
6 10 0 1 2 11 12 13 1.62019
6 10 0 1 2 11 12 14 1.62019
6 10 0 1 2 11 13 14 1.62019
6 10 0 1 2 12 13 14 1.73205
6 10 0 1 3 4 5 7 0
6 10 0 1 3 4 5 8 0
6 10 0 1 3 4 5 9 0
6 10 0 1 3 4 5 11 0
6 10 0 1 3 4 5 12 0
6 10 0 1 3 4 5 13 0
6 10 0 1 3 4 5 14 0
6 10 0 1 3 4 7 8 1
6 10 0 1 3 4 7 9 1
6 10 0 1 3 4 7 11 1
6 10 0 1 3 4 7 12 1
6 10 0 1 3 4 7 13 1
6 10 0 1 3 4 7 14 1
6 10 0 1 3 4 8 9 1.41421
6 10 0 1 3 4 8 11 1.41421
6 10 0 1 3 4 8 12 1.41421
6 10 0 1 3 4 8 13 1.41421
6 10 0 1 3 4 8 14 1.41421
6 10 0 1 3 4 9 11 1.41421
6 10 0 1 3 4 9 12 1.41421
6 10 0 1 3 4 9 13 1.41421
6 10 0 1 3 4 9 14 1.41421
6 10 0 1 3 4 11 12 1.41421
6 10 0 1 3 4 11 13 1.41421
6 10 0 1 3 4 11 14 1.41421
6 10 0 1 3 4 12 13 1.41421
6 10 0 1 3 4 12 14 1.41421
6 10 0 1 3 4 13 14 1.41421
6 10 0 1 3 5 7 8 0
6 10 0 1 3 5 7 9 0
6 10 0 1 3 5 7 11 0
6 10 0 1 3 5 7 12 0
6 10 0 1 3 5 7 13 0
6 10 0 1 3 5 7 14 0
6 10 0 1 3 5 8 9 0
6 10 0 1 3 5 8 11 0
6 10 0 1 3 5 8 12 0
6 10 0 1 3 5 8 13 0
6 10 0 1 3 5 8 14 0
6 10 0 1 3 5 9 11 0
6 10 0 1 3 5 9 12 0
6 10 0 1 3 5 9 13 0
6 10 0 1 3 5 9 14 0
6 10 0 1 3 5 11 12 0
6 10 0 1 3 5 11 13 0
6 10 0 1 3 5 11 14 0
6 10 0 1 3 5 12 13 0
6 10 0 1 3 5 12 14 0
6 10 0 1 3 5 13 14 0
6 10 0 1 3 7 8 9 1.41421
6 10 0 1 3 7 8 11 1.41421
6 10 0 1 3 7 8 12 1.41421
6 10 0 1 3 7 8 13 1.41421
6 10 0 1 3 7 8 14 1.41421
6 10 0 1 3 7 9 11 1.41421
6 10 0 1 3 7 9 12 1.41421
6 10 0 1 3 7 9 13 1.41421
6 10 0 1 3 7 9 14 1.41421
6 10 0 1 3 7 11 12 1.41421
6 10 0 1 3 7 11 13 1.41421
6 10 0 1 3 7 11 14 1.41421
6 10 0 1 3 7 12 13 1.41421
6 10 0 1 3 7 12 14 1.41421
6 10 0 1 3 7 13 14 1.41421
6 10 0 1 3 8 9 11 1.73205
6 10 0 1 3 8 9 12 1.73205
6 10 0 1 3 8 9 13 1.73205
6 10 0 1 3 8 9 14 1.73205
6 10 0 1 3 8 11 12 1.73205
6 10 0 1 3 8 11 13 1.73205
6 10 0 1 3 8 11 14 1.73205
6 10 0 1 3 8 12 13 1.73205
6 10 0 1 3 8 12 14 1.73205
6 10 0 1 3 8 13 14 1.73205
6 10 0 1 3 9 11 12 1.73205
6 10 0 1 3 9 11 13 1.73205
6 10 0 1 3 9 11 14 1.73205
6 10 0 1 3 9 12 13 1.73205
6 10 0 1 3 9 12 14 1.73205
6 10 0 1 3 9 13 14 1.73205
6 10 0 1 3 11 12 13 1.73205
6 10 0 1 3 11 12 14 1.73205
6 10 0 1 3 11 13 14 1.73205
6 10 0 1 3 12 13 14 1.73205
6 10 0 1 4 5 7 8 1.41421
6 10 0 1 4 5 7 9 1.41421
6 10 0 1 4 5 7 11 1
6 10 0 1 4 5 7 12 1.41421
6 10 0 1 4 5 7 13 1.41421
6 10 0 1 4 5 7 14 1.41421
6 10 0 1 4 5 8 9 1.73205
6 10 0 1 4 5 8 11 1.41421
6 10 0 1 4 5 8 12 1.73205
6 10 0 1 4 5 8 13 1.73205
6 10 0 1 4 5 8 14 1.73205
6 10 0 1 4 5 9 11 1.41421
6 10 0 1 4 5 9 12 1.73205
6 10 0 1 4 5 9 13 1.73205
6 10 0 1 4 5 9 14 1.73205
6 10 0 1 4 5 11 12 1.41421
6 10 0 1 4 5 11 13 1.41421
6 10 0 1 4 5 11 14 1.41421
6 10 0 1 4 5 12 13 1.73205
6 10 0 1 4 5 12 14 1.73205
6 10 0 1 4 5 13 14 1.73205
6 10 0 1 4 7 8 9 1.62019
6 10 0 1 4 7 8 11 1.41421
6 10 0 1 4 7 8 12 1.62019
6 10 0 1 4 7 8 13 1.62019
6 10 0 1 4 7 8 14 1.62019
6 10 0 1 4 7 9 11 1.41421
6 10 0 1 4 7 9 12 1.62019
6 10 0 1 4 7 9 13 1.62019
6 10 0 1 4 7 9 14 1.62019
6 10 0 1 4 7 11 12 1.41421
6 10 0 1 4 7 11 13 1.41421
6 10 0 1 4 7 11 14 1.41421
6 10 0 1 4 7 12 13 1.62019
6 10 0 1 4 7 12 14 1.62019
6 10 0 1 4 7 13 14 1.62019
6 10 0 1 4 8 9 11 2
6 10 0 1 4 8 9 12 2.13664
6 10 0 1 4 8 9 13 2.13664
6 10 0 1 4 8 9 14 2.13664
6 10 0 1 4 8 11 12 2
6 10 0 1 4 8 11 13 2
6 10 0 1 4 8 11 14 2
6 10 0 1 4 8 12 13 2.13664
6 10 0 1 4 8 12 14 2.13664
6 10 0 1 4 8 13 14 2.13664
6 10 0 1 4 9 11 12 2
6 10 0 1 4 9 11 13 2
6 10 0 1 4 9 11 14 2
6 10 0 1 4 9 12 13 2.13664
6 10 0 1 4 9 12 14 2.13664
6 10 0 1 4 9 13 14 2.13664
6 10 0 1 4 11 12 13 2
6 10 0 1 4 11 12 14 2
6 10 0 1 4 11 13 14 2
6 10 0 1 4 12 13 14 2.13664
6 10 0 1 5 7 8 9 1.41421
6 10 0 1 5 7 8 11 1
6 10 0 1 5 7 8 12 1.41421
6 10 0 1 5 7 8 13 1.41421
6 10 0 1 5 7 8 14 1.41421
6 10 0 1 5 7 9 11 1
6 10 0 1 5 7 9 12 1.41421
6 10 0 1 5 7 9 13 1.41421
6 10 0 1 5 7 9 14 1.41421
6 10 0 1 5 7 11 12 1
6 10 0 1 5 7 11 13 1
6 10 0 1 5 7 11 14 1
6 10 0 1 5 7 12 13 1.41421
6 10 0 1 5 7 12 14 1.41421
6 10 0 1 5 7 13 14 1.41421
6 10 0 1 5 8 9 11 1.41421
6 10 0 1 5 8 9 12 1.73205
6 10 0 1 5 8 9 13 1.73205
6 10 0 1 5 8 9 14 1.73205
6 10 0 1 5 8 11 12 1.41421
6 10 0 1 5 8 11 13 1.41421
6 10 0 1 5 8 11 14 1.41421
6 10 0 1 5 8 12 13 1.73205
6 10 0 1 5 8 12 14 1.73205
6 10 0 1 5 8 13 14 1.73205
6 10 0 1 5 9 11 12 1.41421
6 10 0 1 5 9 11 13 1.41421
6 10 0 1 5 9 11 14 1.41421
6 10 0 1 5 9 12 13 1.73205
6 10 0 1 5 9 12 14 1.73205
6 10 0 1 5 9 13 14 1.73205
6 10 0 1 5 11 12 13 1.41421
6 10 0 1 5 11 12 14 1.41421
6 10 0 1 5 11 13 14 1.41421
6 10 0 1 5 12 13 14 1.73205
6 10 0 1 7 8 9 11 1.62019
6 10 0 1 7 8 9 12 1.73205
6 10 0 1 7 8 9 13 1.73205
6 10 0 1 7 8 9 14 1.73205
6 10 0 1 7 8 11 12 1.62019
6 10 0 1 7 8 11 13 1.62019
6 10 0 1 7 8 11 14 1.62019
6 10 0 1 7 8 12 13 1.73205
6 10 0 1 7 8 12 14 1.73205
6 10 0 1 7 8 13 14 1.73205
6 10 0 1 7 9 11 12 1.62019
6 10 0 1 7 9 11 13 1.62019
6 10 0 1 7 9 11 14 1.62019
6 10 0 1 7 9 12 13 1.73205
6 10 0 1 7 9 12 14 1.73205
6 10 0 1 7 9 13 14 1.73205
6 10 0 1 7 11 12 13 1.62019
6 10 0 1 7 11 12 14 1.62019
6 10 0 1 7 11 13 14 1.62019
6 10 0 1 7 12 13 14 1.73205
6 10 0 1 8 9 11 12 2.13664
6 10 0 1 8 9 11 13 2.13664
6 10 0 1 8 9 11 14 2.13664
6 10 0 1 8 9 12 13 2.23607
6 10 0 1 8 9 12 14 2.23607
6 10 0 1 8 9 13 14 2.23607
6 10 0 1 8 11 12 13 2.13664
6 10 0 1 8 11 12 14 2.13664
6 10 0 1 8 11 13 14 2.13664
6 10 0 1 8 12 13 14 2.23607
6 10 0 1 9 11 12 13 2.13664
6 10 0 1 9 11 12 14 2.13664
6 10 0 1 9 11 13 14 2.13664
6 10 0 1 9 12 13 14 2.23607
6 10 0 1 11 12 13 14 2.13664
6 10 0 2 3 4 5 7 1.73205
6 10 0 2 3 4 5 8 1.73205
6 10 0 2 3 4 5 9 2
6 10 0 2 3 4 5 11 2
6 10 0 2 3 4 5 12 1.73205
6 10 0 2 3 4 5 13 1.73205
6 10 0 2 3 4 5 14 2
6 10 0 2 3 4 7 8 1.41421
6 10 0 2 3 4 7 9 1.73205
6 10 0 2 3 4 7 11 1.73205
6 10 0 2 3 4 7 12 1.41421
6 10 0 2 3 4 7 13 1.41421
6 10 0 2 3 4 7 14 1.73205
6 10 0 2 3 4 8 9 1.85164
6 10 0 2 3 4 8 11 1.85164
6 10 0 2 3 4 8 12 1.62019
6 10 0 2 3 4 8 13 1.62019
6 10 0 2 3 4 8 14 1.85164
6 10 0 2 3 4 9 11 2.07802
6 10 0 2 3 4 9 12 1.85164
6 10 0 2 3 4 9 13 1.85164
6 10 0 2 3 4 9 14 2.07802
6 10 0 2 3 4 11 12 1.85164
6 10 0 2 3 4 11 13 1.85164
6 10 0 2 3 4 11 14 2.07802
6 10 0 2 3 4 12 13 1.62019
6 10 0 2 3 4 12 14 1.85164
6 10 0 2 3 4 13 14 1.85164
6 10 0 2 3 5 7 8 1.41421
6 10 0 2 3 5 7 9 1.73205
6 10 0 2 3 5 7 11 1.73205
6 10 0 2 3 5 7 12 1.41421
6 10 0 2 3 5 7 13 1.41421
6 10 0 2 3 5 7 14 1.73205
6 10 0 2 3 5 8 9 1.73205
6 10 0 2 3 5 8 11 1.73205
6 10 0 2 3 5 8 12 1.41421
6 10 0 2 3 5 8 13 1.41421
6 10 0 2 3 5 8 14 1.73205
6 10 0 2 3 5 9 11 2
6 10 0 2 3 5 9 12 1.73205
6 10 0 2 3 5 9 13 1.73205
6 10 0 2 3 5 9 14 2
6 10 0 2 3 5 11 12 1.73205
6 10 0 2 3 5 11 13 1.73205
6 10 0 2 3 5 11 14 2
6 10 0 2 3 5 12 13 1.41421
6 10 0 2 3 5 12 14 1.73205
6 10 0 2 3 5 13 14 1.73205
6 10 0 2 3 7 8 9 1.41421
6 10 0 2 3 7 8 11 1.41421
6 10 0 2 3 7 8 12 1
6 10 0 2 3 7 8 13 1
6 10 0 2 3 7 8 14 1.41421
6 10 0 2 3 7 9 11 1.73205
6 10 0 2 3 7 9 12 1.41421
6 10 0 2 3 7 9 13 1.41421
6 10 0 2 3 7 9 14 1.73205
6 10 0 2 3 7 11 12 1.41421
6 10 0 2 3 7 11 13 1.41421
6 10 0 2 3 7 11 14 1.73205
6 10 0 2 3 7 12 13 1
6 10 0 2 3 7 12 14 1.41421
6 10 0 2 3 7 13 14 1.41421
6 10 0 2 3 8 9 11 1.90693
6 10 0 2 3 8 9 12 1.73205
6 10 0 2 3 8 9 13 1.73205
6 10 0 2 3 8 9 14 1.90693
6 10 0 2 3 8 11 12 1.73205
6 10 0 2 3 8 11 13 1.73205
6 10 0 2 3 8 11 14 1.90693
6 10 0 2 3 8 12 13 1.62019
6 10 0 2 3 8 12 14 1.73205
6 10 0 2 3 8 13 14 1.73205
6 10 0 2 3 9 11 12 1.90693
6 10 0 2 3 9 11 13 1.90693
6 10 0 2 3 9 11 14 2.10357
6 10 0 2 3 9 12 13 1.73205
6 10 0 2 3 9 12 14 1.90693
6 10 0 2 3 9 13 14 1.90693
6 10 0 2 3 11 12 13 1.73205
6 10 0 2 3 11 12 14 1.90693
6 10 0 2 3 11 13 14 1.90693
6 10 0 2 3 12 13 14 1.73205
6 10 0 2 4 5 7 8 1.41421
6 10 0 2 4 5 7 9 1.73205
6 10 0 2 4 5 7 11 1.73205
6 10 0 2 4 5 7 12 1.41421
6 10 0 2 4 5 7 13 1.41421
6 10 0 2 4 5 7 14 1.73205
6 10 0 2 4 5 8 9 1.90693
6 10 0 2 4 5 8 11 1.85164
6 10 0 2 4 5 8 12 1.73205
6 10 0 2 4 5 8 13 1.73205
6 10 0 2 4 5 8 14 1.90693
6 10 0 2 4 5 9 11 2.07802
6 10 0 2 4 5 9 12 1.90693
6 10 0 2 4 5 9 13 1.90693
6 10 0 2 4 5 9 14 2.10357
6 10 0 2 4 5 11 12 1.85164
6 10 0 2 4 5 11 13 1.85164
6 10 0 2 4 5 11 14 2.07802
6 10 0 2 4 5 12 13 1.73205
6 10 0 2 4 5 12 14 1.90693
6 10 0 2 4 5 13 14 1.90693
6 10 0 2 4 7 8 9 1.41421
6 10 0 2 4 7 8 11 1.41421
6 10 0 2 4 7 8 12 1
6 10 0 2 4 7 8 13 1
6 10 0 2 4 7 8 14 1.41421
6 10 0 2 4 7 9 11 1.73205
6 10 0 2 4 7 9 12 1.41421
6 10 0 2 4 7 9 13 1.41421
6 10 0 2 4 7 9 14 1.73205
6 10 0 2 4 7 11 12 1.41421
6 10 0 2 4 7 11 13 1.41421
6 10 0 2 4 7 11 14 1.73205
6 10 0 2 4 7 12 13 1
6 10 0 2 4 7 12 14 1.41421
6 10 0 2 4 7 13 14 1.41421
6 10 0 2 4 8 9 11 2.00294
6 10 0 2 4 8 9 12 1.93309
6 10 0 2 4 8 9 13 1.93309
6 10 0 2 4 8 9 14 2.04939
6 10 0 2 4 8 11 12 1.85164
6 10 0 2 4 8 11 13 1.85164
6 10 0 2 4 8 11 14 2.00294
6 10 0 2 4 8 12 13 1.85164
6 10 0 2 4 8 12 14 1.93309
6 10 0 2 4 8 13 14 1.93309
6 10 0 2 4 9 11 12 2.00294
6 10 0 2 4 9 11 13 2.00294
6 10 0 2 4 9 11 14 2.17945
6 10 0 2 4 9 12 13 1.93309
6 10 0 2 4 9 12 14 2.04939
6 10 0 2 4 9 13 14 2.04939
6 10 0 2 4 11 12 13 1.85164
6 10 0 2 4 11 12 14 2.00294
6 10 0 2 4 11 13 14 2.00294
6 10 0 2 4 12 13 14 1.93309
6 10 0 2 5 7 8 9 1.41421
6 10 0 2 5 7 8 11 1.41421
6 10 0 2 5 7 8 12 1
6 10 0 2 5 7 8 13 1
6 10 0 2 5 7 8 14 1.41421
6 10 0 2 5 7 9 11 1.73205
6 10 0 2 5 7 9 12 1.41421
6 10 0 2 5 7 9 13 1.41421
6 10 0 2 5 7 9 14 1.73205
6 10 0 2 5 7 11 12 1.41421
6 10 0 2 5 7 11 13 1.41421
6 10 0 2 5 7 11 14 1.73205
6 10 0 2 5 7 12 13 1
6 10 0 2 5 7 12 14 1.41421
6 10 0 2 5 7 13 14 1.41421
6 10 0 2 5 8 9 11 1.85164
6 10 0 2 5 8 9 12 1.73205
6 10 0 2 5 8 9 13 1.73205
6 10 0 2 5 8 9 14 1.90693
6 10 0 2 5 8 11 12 1.62019
6 10 0 2 5 8 11 13 1.62019
6 10 0 2 5 8 11 14 1.85164
6 10 0 2 5 8 12 13 1.62019
6 10 0 2 5 8 12 14 1.73205
6 10 0 2 5 8 13 14 1.73205
6 10 0 2 5 9 11 12 1.85164
6 10 0 2 5 9 11 13 1.85164
6 10 0 2 5 9 11 14 2.07802
6 10 0 2 5 9 12 13 1.73205
6 10 0 2 5 9 12 14 1.90693
6 10 0 2 5 9 13 14 1.90693
6 10 0 2 5 11 12 13 1.62019
6 10 0 2 5 11 12 14 1.85164
6 10 0 2 5 11 13 14 1.85164
6 10 0 2 5 12 13 14 1.73205
6 10 0 2 7 8 9 11 1.41421
6 10 0 2 7 8 9 12 1
6 10 0 2 7 8 9 13 1
6 10 0 2 7 8 9 14 1.41421
6 10 0 2 7 8 11 12 1
6 10 0 2 7 8 11 13 1
6 10 0 2 7 8 11 14 1.41421
6 10 0 2 7 8 12 13 1
6 10 0 2 7 8 12 14 1
6 10 0 2 7 8 13 14 1
6 10 0 2 7 9 11 12 1.41421
6 10 0 2 7 9 11 13 1.41421
6 10 0 2 7 9 11 14 1.73205
6 10 0 2 7 9 12 13 1
6 10 0 2 7 9 12 14 1.41421
6 10 0 2 7 9 13 14 1.41421
6 10 0 2 7 11 12 13 1
6 10 0 2 7 11 12 14 1.41421
6 10 0 2 7 11 13 14 1.41421
6 10 0 2 7 12 13 14 1
6 10 0 2 8 9 11 12 1.93309
6 10 0 2 8 9 11 13 1.93309
6 10 0 2 8 9 11 14 2.04939
6 10 0 2 8 9 12 13 1.93309
6 10 0 2 8 9 12 14 2
6 10 0 2 8 9 13 14 2
6 10 0 2 8 11 12 13 1.85164
6 10 0 2 8 11 12 14 1.93309
6 10 0 2 8 11 13 14 1.93309
6 10 0 2 8 12 13 14 1.93309
6 10 0 2 9 11 12 13 1.93309
6 10 0 2 9 11 12 14 2.04939
6 10 0 2 9 11 13 14 2.04939
6 10 0 2 9 12 13 14 2
6 10 0 2 11 12 13 14 1.93309
6 10 0 3 4 5 7 8 1.73205
6 10 0 3 4 5 7 9 2
6 10 0 3 4 5 7 11 2
6 10 0 3 4 5 7 12 1.73205
6 10 0 3 4 5 7 13 1.73205
6 10 0 3 4 5 7 14 2
6 10 0 3 4 5 8 9 2
6 10 0 3 4 5 8 11 2
6 10 0 3 4 5 8 12 1.73205
6 10 0 3 4 5 8 13 1.73205
6 10 0 3 4 5 8 14 2
6 10 0 3 4 5 9 11 2.23607
6 10 0 3 4 5 9 12 2
6 10 0 3 4 5 9 13 2
6 10 0 3 4 5 9 14 2.23607
6 10 0 3 4 5 11 12 2
6 10 0 3 4 5 11 13 2
6 10 0 3 4 5 11 14 2.23607
6 10 0 3 4 5 12 13 1.73205
6 10 0 3 4 5 12 14 2
6 10 0 3 4 5 13 14 2
6 10 0 3 4 7 8 9 1.85164
6 10 0 3 4 7 8 11 1.85164
6 10 0 3 4 7 8 12 1.62019
6 10 0 3 4 7 8 13 1.62019
6 10 0 3 4 7 8 14 1.85164
6 10 0 3 4 7 9 11 2.07802
6 10 0 3 4 7 9 12 1.85164
6 10 0 3 4 7 9 13 1.85164
6 10 0 3 4 7 9 14 2.07802
6 10 0 3 4 7 11 12 1.85164
6 10 0 3 4 7 11 13 1.85164
6 10 0 3 4 7 11 14 2.07802
6 10 0 3 4 7 12 13 1.62019
6 10 0 3 4 7 12 14 1.85164
6 10 0 3 4 7 13 14 1.85164
6 10 0 3 4 8 9 11 2.28709
6 10 0 3 4 8 9 12 2.13664
6 10 0 3 4 8 9 13 2.13664
6 10 0 3 4 8 9 14 2.28709
6 10 0 3 4 8 11 12 2.13664
6 10 0 3 4 8 11 13 2.13664
6 10 0 3 4 8 11 14 2.28709
6 10 0 3 4 8 12 13 2
6 10 0 3 4 8 12 14 2.13664
6 10 0 3 4 8 13 14 2.13664
6 10 0 3 4 9 11 12 2.28709
6 10 0 3 4 9 11 13 2.28709
6 10 0 3 4 9 11 14 2.44831
6 10 0 3 4 9 12 13 2.13664
6 10 0 3 4 9 12 14 2.28709
6 10 0 3 4 9 13 14 2.28709
6 10 0 3 4 11 12 13 2.13664
6 10 0 3 4 11 12 14 2.28709
6 10 0 3 4 11 13 14 2.28709
6 10 0 3 4 12 13 14 2.13664
6 10 0 3 5 7 8 9 1.73205
6 10 0 3 5 7 8 11 1.73205
6 10 0 3 5 7 8 12 1.41421
6 10 0 3 5 7 8 13 1.41421
6 10 0 3 5 7 8 14 1.73205
6 10 0 3 5 7 9 11 2
6 10 0 3 5 7 9 12 1.73205
6 10 0 3 5 7 9 13 1.73205
6 10 0 3 5 7 9 14 2
6 10 0 3 5 7 11 12 1.73205
6 10 0 3 5 7 11 13 1.73205
6 10 0 3 5 7 11 14 2
6 10 0 3 5 7 12 13 1.41421
6 10 0 3 5 7 12 14 1.73205
6 10 0 3 5 7 13 14 1.73205
6 10 0 3 5 8 9 11 2
6 10 0 3 5 8 9 12 1.73205
6 10 0 3 5 8 9 13 1.73205
6 10 0 3 5 8 9 14 2
6 10 0 3 5 8 11 12 1.73205
6 10 0 3 5 8 11 13 1.73205
6 10 0 3 5 8 11 14 2
6 10 0 3 5 8 12 13 1.41421
6 10 0 3 5 8 12 14 1.73205
6 10 0 3 5 8 13 14 1.73205
6 10 0 3 5 9 11 12 2
6 10 0 3 5 9 11 13 2
6 10 0 3 5 9 11 14 2.23607
6 10 0 3 5 9 12 13 1.73205
6 10 0 3 5 9 12 14 2
6 10 0 3 5 9 13 14 2
6 10 0 3 5 11 12 13 1.73205
6 10 0 3 5 11 12 14 2
6 10 0 3 5 11 13 14 2
6 10 0 3 5 12 13 14 1.73205
6 10 0 3 7 8 9 11 1.90693
6 10 0 3 7 8 9 12 1.73205
6 10 0 3 7 8 9 13 1.73205
6 10 0 3 7 8 9 14 1.90693
6 10 0 3 7 8 11 12 1.73205
6 10 0 3 7 8 11 13 1.73205
6 10 0 3 7 8 11 14 1.90693
6 10 0 3 7 8 12 13 1.62019
6 10 0 3 7 8 12 14 1.73205
6 10 0 3 7 8 13 14 1.73205
6 10 0 3 7 9 11 12 1.90693
6 10 0 3 7 9 11 13 1.90693
6 10 0 3 7 9 11 14 2.10357
6 10 0 3 7 9 12 13 1.73205
6 10 0 3 7 9 12 14 1.90693
6 10 0 3 7 9 13 14 1.90693
6 10 0 3 7 11 12 13 1.73205
6 10 0 3 7 11 12 14 1.90693
6 10 0 3 7 11 13 14 1.90693
6 10 0 3 7 12 13 14 1.73205
6 10 0 3 8 9 11 12 2.23607
6 10 0 3 8 9 11 13 2.23607
6 10 0 3 8 9 11 14 2.35488
6 10 0 3 8 9 12 13 2.13664
6 10 0 3 8 9 12 14 2.23607
6 10 0 3 8 9 13 14 2.23607
6 10 0 3 8 11 12 13 2.13664
6 10 0 3 8 11 12 14 2.23607
6 10 0 3 8 11 13 14 2.23607
6 10 0 3 8 12 13 14 2.13664
6 10 0 3 9 11 12 13 2.23607
6 10 0 3 9 11 12 14 2.35488
6 10 0 3 9 11 13 14 2.35488
6 10 0 3 9 12 13 14 2.23607
6 10 0 3 11 12 13 14 2.23607
6 10 0 4 5 7 8 9 1.90693
6 10 0 4 5 7 8 11 1.85164
6 10 0 4 5 7 8 12 1.73205
6 10 0 4 5 7 8 13 1.73205
6 10 0 4 5 7 8 14 1.90693
6 10 0 4 5 7 9 11 2.07802
6 10 0 4 5 7 9 12 1.90693
6 10 0 4 5 7 9 13 1.90693
6 10 0 4 5 7 9 14 2.10357
6 10 0 4 5 7 11 12 1.85164
6 10 0 4 5 7 11 13 1.85164
6 10 0 4 5 7 11 14 2.07802
6 10 0 4 5 7 12 13 1.73205
6 10 0 4 5 7 12 14 1.90693
6 10 0 4 5 7 13 14 1.90693
6 10 0 4 5 8 9 11 2.28709
6 10 0 4 5 8 9 12 2.23607
6 10 0 4 5 8 9 13 2.23607
6 10 0 4 5 8 9 14 2.35488
6 10 0 4 5 8 11 12 2.13664
6 10 0 4 5 8 11 13 2.13664
6 10 0 4 5 8 11 14 2.28709
6 10 0 4 5 8 12 13 2.13664
6 10 0 4 5 8 12 14 2.23607
6 10 0 4 5 8 13 14 2.23607
6 10 0 4 5 9 11 12 2.28709
6 10 0 4 5 9 11 13 2.28709
6 10 0 4 5 9 11 14 2.44831
6 10 0 4 5 9 12 13 2.23607
6 10 0 4 5 9 12 14 2.35488
6 10 0 4 5 9 13 14 2.35488
6 10 0 4 5 11 12 13 2.13664
6 10 0 4 5 11 12 14 2.28709
6 10 0 4 5 11 13 14 2.28709
6 10 0 4 5 12 13 14 2.23607
6 10 0 4 7 8 9 11 2.00294
6 10 0 4 7 8 9 12 1.93309
6 10 0 4 7 8 9 13 1.93309
6 10 0 4 7 8 9 14 2.04939
6 10 0 4 7 8 11 12 1.85164
6 10 0 4 7 8 11 13 1.85164
6 10 0 4 7 8 11 14 2.00294
6 10 0 4 7 8 12 13 1.85164
6 10 0 4 7 8 12 14 1.93309
6 10 0 4 7 8 13 14 1.93309
6 10 0 4 7 9 11 12 2.00294
6 10 0 4 7 9 11 13 2.00294
6 10 0 4 7 9 11 14 2.17945
6 10 0 4 7 9 12 13 1.93309
6 10 0 4 7 9 12 14 2.04939
6 10 0 4 7 9 13 14 2.04939
6 10 0 4 7 11 12 13 1.85164
6 10 0 4 7 11 12 14 2.00294
6 10 0 4 7 11 13 14 2.00294
6 10 0 4 7 12 13 14 1.93309
6 10 0 4 8 9 11 12 2.52543
6 10 0 4 8 9 11 13 2.52543
6 10 0 4 8 9 11 14 2.61406
6 10 0 4 8 9 12 13 2.52543
6 10 0 4 8 9 12 14 2.58844
6 10 0 4 8 9 13 14 2.58844
6 10 0 4 8 11 12 13 2.44949
6 10 0 4 8 11 12 14 2.52543
6 10 0 4 8 11 13 14 2.52543
6 10 0 4 8 12 13 14 2.52543
6 10 0 4 9 11 12 13 2.52543
6 10 0 4 9 11 12 14 2.61406
6 10 0 4 9 11 13 14 2.61406
6 10 0 4 9 12 13 14 2.58844
6 10 0 4 11 12 13 14 2.52543
6 10 0 5 7 8 9 11 1.85164
6 10 0 5 7 8 9 12 1.73205
6 10 0 5 7 8 9 13 1.73205
6 10 0 5 7 8 9 14 1.90693
6 10 0 5 7 8 11 12 1.62019
6 10 0 5 7 8 11 13 1.62019
6 10 0 5 7 8 11 14 1.85164
6 10 0 5 7 8 12 13 1.62019
6 10 0 5 7 8 12 14 1.73205
6 10 0 5 7 8 13 14 1.73205
6 10 0 5 7 9 11 12 1.85164
6 10 0 5 7 9 11 13 1.85164
6 10 0 5 7 9 11 14 2.07802
6 10 0 5 7 9 12 13 1.73205
6 10 0 5 7 9 12 14 1.90693
6 10 0 5 7 9 13 14 1.90693
6 10 0 5 7 11 12 13 1.62019
6 10 0 5 7 11 12 14 1.85164
6 10 0 5 7 11 13 14 1.85164
6 10 0 5 7 12 13 14 1.73205
6 10 0 5 8 9 11 12 2.13664
6 10 0 5 8 9 11 13 2.13664
6 10 0 5 8 9 11 14 2.28709
6 10 0 5 8 9 12 13 2.13664
6 10 0 5 8 9 12 14 2.23607
6 10 0 5 8 9 13 14 2.23607
6 10 0 5 8 11 12 13 2
6 10 0 5 8 11 12 14 2.13664
6 10 0 5 8 11 13 14 2.13664
6 10 0 5 8 12 13 14 2.13664
6 10 0 5 9 11 12 13 2.13664
6 10 0 5 9 11 12 14 2.28709
6 10 0 5 9 11 13 14 2.28709
6 10 0 5 9 12 13 14 2.23607
6 10 0 5 11 12 13 14 2.13664
6 10 0 7 8 9 11 12 1.93309
6 10 0 7 8 9 11 13 1.93309
6 10 0 7 8 9 11 14 2.04939
6 10 0 7 8 9 12 13 1.93309
6 10 0 7 8 9 12 14 2
6 10 0 7 8 9 13 14 2
6 10 0 7 8 11 12 13 1.85164
6 10 0 7 8 11 12 14 1.93309
6 10 0 7 8 11 13 14 1.93309
6 10 0 7 8 12 13 14 1.93309
6 10 0 7 9 11 12 13 1.93309
6 10 0 7 9 11 12 14 2.04939
6 10 0 7 9 11 13 14 2.04939
6 10 0 7 9 12 13 14 2
6 10 0 7 11 12 13 14 1.93309
6 10 0 8 9 11 12 13 2.52543
6 10 0 8 9 11 12 14 2.58844
6 10 0 8 9 11 13 14 2.58844
6 10 0 8 9 12 13 14 2.58844
6 10 0 8 11 12 13 14 2.52543
6 10 0 9 11 12 13 14 2.58844
6 10 1 2 3 4 5 7 1
6 10 1 2 3 4 5 8 1
6 10 1 2 3 4 5 9 1
6 10 1 2 3 4 5 11 1
6 10 1 2 3 4 5 12 1
6 10 1 2 3 4 5 13 0
6 10 1 2 3 4 5 14 1
6 10 1 2 3 4 7 8 1
6 10 1 2 3 4 7 9 1
6 10 1 2 3 4 7 11 1
6 10 1 2 3 4 7 12 1
6 10 1 2 3 4 7 13 0
6 10 1 2 3 4 7 14 1
6 10 1 2 3 4 8 9 1
6 10 1 2 3 4 8 11 1
6 10 1 2 3 4 8 12 1
6 10 1 2 3 4 8 13 1
6 10 1 2 3 4 8 14 1
6 10 1 2 3 4 9 11 1
6 10 1 2 3 4 9 12 1
6 10 1 2 3 4 9 13 1
6 10 1 2 3 4 9 14 1
6 10 1 2 3 4 11 12 1
6 10 1 2 3 4 11 13 1
6 10 1 2 3 4 11 14 1
6 10 1 2 3 4 12 13 1
6 10 1 2 3 4 12 14 1
6 10 1 2 3 4 13 14 1
6 10 1 2 3 5 7 8 1
6 10 1 2 3 5 7 9 1
6 10 1 2 3 5 7 11 1
6 10 1 2 3 5 7 12 1
6 10 1 2 3 5 7 13 0
6 10 1 2 3 5 7 14 1
6 10 1 2 3 5 8 9 1
6 10 1 2 3 5 8 11 1
6 10 1 2 3 5 8 12 1
6 10 1 2 3 5 8 13 0
6 10 1 2 3 5 8 14 1
6 10 1 2 3 5 9 11 1
6 10 1 2 3 5 9 12 1
6 10 1 2 3 5 9 13 0
6 10 1 2 3 5 9 14 1
6 10 1 2 3 5 11 12 1
6 10 1 2 3 5 11 13 0
6 10 1 2 3 5 11 14 1
6 10 1 2 3 5 12 13 0
6 10 1 2 3 5 12 14 1
6 10 1 2 3 5 13 14 0
6 10 1 2 3 7 8 9 1
6 10 1 2 3 7 8 11 1
6 10 1 2 3 7 8 12 1
6 10 1 2 3 7 8 13 1
6 10 1 2 3 7 8 14 1
6 10 1 2 3 7 9 11 1
6 10 1 2 3 7 9 12 1
6 10 1 2 3 7 9 13 1
6 10 1 2 3 7 9 14 1
6 10 1 2 3 7 11 12 1
6 10 1 2 3 7 11 13 1
6 10 1 2 3 7 11 14 1
6 10 1 2 3 7 12 13 1
6 10 1 2 3 7 12 14 1
6 10 1 2 3 7 13 14 1
6 10 1 2 3 8 9 11 1.41421
6 10 1 2 3 8 9 12 1.41421
6 10 1 2 3 8 9 13 1.41421
6 10 1 2 3 8 9 14 1.41421
6 10 1 2 3 8 11 12 1.41421
6 10 1 2 3 8 11 13 1.41421
6 10 1 2 3 8 11 14 1.41421
6 10 1 2 3 8 12 13 1.41421
6 10 1 2 3 8 12 14 1.41421
6 10 1 2 3 8 13 14 1.41421
6 10 1 2 3 9 11 12 1.41421
6 10 1 2 3 9 11 13 1.41421
6 10 1 2 3 9 11 14 1.41421
6 10 1 2 3 9 12 13 1.41421
6 10 1 2 3 9 12 14 1.41421
6 10 1 2 3 9 13 14 1.41421
6 10 1 2 3 11 12 13 1.41421
6 10 1 2 3 11 12 14 1.41421
6 10 1 2 3 11 13 14 1.41421
6 10 1 2 3 12 13 14 1.41421
6 10 1 2 4 5 7 8 1
6 10 1 2 4 5 7 9 1
6 10 1 2 4 5 7 11 1
6 10 1 2 4 5 7 12 1
6 10 1 2 4 5 7 13 1
6 10 1 2 4 5 7 14 1
6 10 1 2 4 5 8 9 1.41421
6 10 1 2 4 5 8 11 1
6 10 1 2 4 5 8 12 1.41421
6 10 1 2 4 5 8 13 1.41421
6 10 1 2 4 5 8 14 1.41421
6 10 1 2 4 5 9 11 1
6 10 1 2 4 5 9 12 1.41421
6 10 1 2 4 5 9 13 1.41421
6 10 1 2 4 5 9 14 1.41421
6 10 1 2 4 5 11 12 1
6 10 1 2 4 5 11 13 1
6 10 1 2 4 5 11 14 1
6 10 1 2 4 5 12 13 1.41421
6 10 1 2 4 5 12 14 1.41421
6 10 1 2 4 5 13 14 1.41421
6 10 1 2 4 7 8 9 1
6 10 1 2 4 7 8 11 1
6 10 1 2 4 7 8 12 1
6 10 1 2 4 7 8 13 1
6 10 1 2 4 7 8 14 1
6 10 1 2 4 7 9 11 1
6 10 1 2 4 7 9 12 1
6 10 1 2 4 7 9 13 1
6 10 1 2 4 7 9 14 1
6 10 1 2 4 7 11 12 1
6 10 1 2 4 7 11 13 0
6 10 1 2 4 7 11 14 1
6 10 1 2 4 7 12 13 1
6 10 1 2 4 7 12 14 1
6 10 1 2 4 7 13 14 1
6 10 1 2 4 8 9 11 1.41421
6 10 1 2 4 8 9 12 1.62019
6 10 1 2 4 8 9 13 1.62019
6 10 1 2 4 8 9 14 1.62019
6 10 1 2 4 8 11 12 1.41421
6 10 1 2 4 8 11 13 1.41421
6 10 1 2 4 8 11 14 1.41421
6 10 1 2 4 8 12 13 1.62019
6 10 1 2 4 8 12 14 1.62019
6 10 1 2 4 8 13 14 1.62019
6 10 1 2 4 9 11 12 1.41421
6 10 1 2 4 9 11 13 1.41421
6 10 1 2 4 9 11 14 1.41421
6 10 1 2 4 9 12 13 1.62019
6 10 1 2 4 9 12 14 1.62019
6 10 1 2 4 9 13 14 1.62019
6 10 1 2 4 11 12 13 1.41421
6 10 1 2 4 11 12 14 1.41421
6 10 1 2 4 11 13 14 1.41421
6 10 1 2 4 12 13 14 1.62019
6 10 1 2 5 7 8 9 1
6 10 1 2 5 7 8 11 1
6 10 1 2 5 7 8 12 1
6 10 1 2 5 7 8 13 1
6 10 1 2 5 7 8 14 1
6 10 1 2 5 7 9 11 1
6 10 1 2 5 7 9 12 1
6 10 1 2 5 7 9 13 1
6 10 1 2 5 7 9 14 1
6 10 1 2 5 7 11 12 1
6 10 1 2 5 7 11 13 0
6 10 1 2 5 7 11 14 1
6 10 1 2 5 7 12 13 1
6 10 1 2 5 7 12 14 1
6 10 1 2 5 7 13 14 1
6 10 1 2 5 8 9 11 1
6 10 1 2 5 8 9 12 1.41421
6 10 1 2 5 8 9 13 1.41421
6 10 1 2 5 8 9 14 1.41421
6 10 1 2 5 8 11 12 1
6 10 1 2 5 8 11 13 1
6 10 1 2 5 8 11 14 1
6 10 1 2 5 8 12 13 1.41421
6 10 1 2 5 8 12 14 1.41421
6 10 1 2 5 8 13 14 1.41421
6 10 1 2 5 9 11 12 1
6 10 1 2 5 9 11 13 1
6 10 1 2 5 9 11 14 1
6 10 1 2 5 9 12 13 1.41421
6 10 1 2 5 9 12 14 1.41421
6 10 1 2 5 9 13 14 1.41421
6 10 1 2 5 11 12 13 1
6 10 1 2 5 11 12 14 1
6 10 1 2 5 11 13 14 1
6 10 1 2 5 12 13 14 1.41421
6 10 1 2 7 8 9 11 1
6 10 1 2 7 8 9 12 1
6 10 1 2 7 8 9 13 1
6 10 1 2 7 8 9 14 1
6 10 1 2 7 8 11 12 1
6 10 1 2 7 8 11 13 1
6 10 1 2 7 8 11 14 1
6 10 1 2 7 8 12 13 1
6 10 1 2 7 8 12 14 1
6 10 1 2 7 8 13 14 1
6 10 1 2 7 9 11 12 1
6 10 1 2 7 9 11 13 1
6 10 1 2 7 9 11 14 1
6 10 1 2 7 9 12 13 1
6 10 1 2 7 9 12 14 1
6 10 1 2 7 9 13 14 1
6 10 1 2 7 11 12 13 1
6 10 1 2 7 11 12 14 1
6 10 1 2 7 11 13 14 1
6 10 1 2 7 12 13 14 1
6 10 1 2 8 9 11 12 1.62019
6 10 1 2 8 9 11 13 1.62019
6 10 1 2 8 9 11 14 1.62019
6 10 1 2 8 9 12 13 1.73205
6 10 1 2 8 9 12 14 1.73205
6 10 1 2 8 9 13 14 1.73205
6 10 1 2 8 11 12 13 1.62019
6 10 1 2 8 11 12 14 1.62019
6 10 1 2 8 11 13 14 1.62019
6 10 1 2 8 12 13 14 1.73205
6 10 1 2 9 11 12 13 1.62019
6 10 1 2 9 11 12 14 1.62019
6 10 1 2 9 11 13 14 1.62019
6 10 1 2 9 12 13 14 1.73205
6 10 1 2 11 12 13 14 1.62019
6 10 1 3 4 5 7 8 1
6 10 1 3 4 5 7 9 1
6 10 1 3 4 5 7 11 1
6 10 1 3 4 5 7 12 1
6 10 1 3 4 5 7 13 0
6 10 1 3 4 5 7 14 1
6 10 1 3 4 5 8 9 1
6 10 1 3 4 5 8 11 1
6 10 1 3 4 5 8 12 1
6 10 1 3 4 5 8 13 0
6 10 1 3 4 5 8 14 1
6 10 1 3 4 5 9 11 1
6 10 1 3 4 5 9 12 1
6 10 1 3 4 5 9 13 0
6 10 1 3 4 5 9 14 1
6 10 1 3 4 5 11 12 1
6 10 1 3 4 5 11 13 0
6 10 1 3 4 5 11 14 1
6 10 1 3 4 5 12 13 0
6 10 1 3 4 5 12 14 1
6 10 1 3 4 5 13 14 0
6 10 1 3 4 7 8 9 1
6 10 1 3 4 7 8 11 1
6 10 1 3 4 7 8 12 1
6 10 1 3 4 7 8 13 1
6 10 1 3 4 7 8 14 1
6 10 1 3 4 7 9 11 1
6 10 1 3 4 7 9 12 1
6 10 1 3 4 7 9 13 1
6 10 1 3 4 7 9 14 1
6 10 1 3 4 7 11 12 1
6 10 1 3 4 7 11 13 1
6 10 1 3 4 7 11 14 1
6 10 1 3 4 7 12 13 1
6 10 1 3 4 7 12 14 1
6 10 1 3 4 7 13 14 1
6 10 1 3 4 8 9 11 1.41421
6 10 1 3 4 8 9 12 1.41421
6 10 1 3 4 8 9 13 1.41421
6 10 1 3 4 8 9 14 1.41421
6 10 1 3 4 8 11 12 1.41421
6 10 1 3 4 8 11 13 1.41421
6 10 1 3 4 8 11 14 1.41421
6 10 1 3 4 8 12 13 1.41421
6 10 1 3 4 8 12 14 1.41421
6 10 1 3 4 8 13 14 1.41421
6 10 1 3 4 9 11 12 1.41421
6 10 1 3 4 9 11 13 1.41421
6 10 1 3 4 9 11 14 1.41421
6 10 1 3 4 9 12 13 1.41421
6 10 1 3 4 9 12 14 1.41421
6 10 1 3 4 9 13 14 1.41421
6 10 1 3 4 11 12 13 1.41421
6 10 1 3 4 11 12 14 1.41421
6 10 1 3 4 11 13 14 1.41421
6 10 1 3 4 12 13 14 1.41421
6 10 1 3 5 7 8 9 1
6 10 1 3 5 7 8 11 1
6 10 1 3 5 7 8 12 1
6 10 1 3 5 7 8 13 0
6 10 1 3 5 7 8 14 1
6 10 1 3 5 7 9 11 1
6 10 1 3 5 7 9 12 1
6 10 1 3 5 7 9 13 0
6 10 1 3 5 7 9 14 1
6 10 1 3 5 7 11 12 1
6 10 1 3 5 7 11 13 0
6 10 1 3 5 7 11 14 1
6 10 1 3 5 7 12 13 0
6 10 1 3 5 7 12 14 1
6 10 1 3 5 7 13 14 0
6 10 1 3 5 8 9 11 1
6 10 1 3 5 8 9 12 1
6 10 1 3 5 8 9 13 0
6 10 1 3 5 8 9 14 1
6 10 1 3 5 8 11 12 1
6 10 1 3 5 8 11 13 0
6 10 1 3 5 8 11 14 1
6 10 1 3 5 8 12 13 0
6 10 1 3 5 8 12 14 1
6 10 1 3 5 8 13 14 0
6 10 1 3 5 9 11 12 1
6 10 1 3 5 9 11 13 0
6 10 1 3 5 9 11 14 1
6 10 1 3 5 9 12 13 0
6 10 1 3 5 9 12 14 1
6 10 1 3 5 9 13 14 0
6 10 1 3 5 11 12 13 0
6 10 1 3 5 11 12 14 1
6 10 1 3 5 11 13 14 0
6 10 1 3 5 12 13 14 0
6 10 1 3 7 8 9 11 1.41421
6 10 1 3 7 8 9 12 1.41421
6 10 1 3 7 8 9 13 1.41421
6 10 1 3 7 8 9 14 1.41421
6 10 1 3 7 8 11 12 1.41421
6 10 1 3 7 8 11 13 1.41421
6 10 1 3 7 8 11 14 1.41421
6 10 1 3 7 8 12 13 1.41421
6 10 1 3 7 8 12 14 1.41421
6 10 1 3 7 8 13 14 1.41421
6 10 1 3 7 9 11 12 1.41421
6 10 1 3 7 9 11 13 1.41421
6 10 1 3 7 9 11 14 1.41421
6 10 1 3 7 9 12 13 1.41421
6 10 1 3 7 9 12 14 1.41421
6 10 1 3 7 9 13 14 1.41421
6 10 1 3 7 11 12 13 1.41421
6 10 1 3 7 11 12 14 1.41421
6 10 1 3 7 11 13 14 1.41421
6 10 1 3 7 12 13 14 1.41421
6 10 1 3 8 9 11 12 1.73205
6 10 1 3 8 9 11 13 1.73205
6 10 1 3 8 9 11 14 1.73205
6 10 1 3 8 9 12 13 1.73205
6 10 1 3 8 9 12 14 1.73205
6 10 1 3 8 9 13 14 1.73205
6 10 1 3 8 11 12 13 1.73205
6 10 1 3 8 11 12 14 1.73205
6 10 1 3 8 11 13 14 1.73205
6 10 1 3 8 12 13 14 1.73205
6 10 1 3 9 11 12 13 1.73205
6 10 1 3 9 11 12 14 1.73205
6 10 1 3 9 11 13 14 1.73205
6 10 1 3 9 12 13 14 1.73205
6 10 1 3 11 12 13 14 1.73205
6 10 1 4 5 7 8 9 1.41421
6 10 1 4 5 7 8 11 1
6 10 1 4 5 7 8 12 1.41421
6 10 1 4 5 7 8 13 1.41421
6 10 1 4 5 7 8 14 1.41421
6 10 1 4 5 7 9 11 1
6 10 1 4 5 7 9 12 1.41421
6 10 1 4 5 7 9 13 1.41421
6 10 1 4 5 7 9 14 1.41421
6 10 1 4 5 7 11 12 1
6 10 1 4 5 7 11 13 1
6 10 1 4 5 7 11 14 1
6 10 1 4 5 7 12 13 1.41421
6 10 1 4 5 7 12 14 1.41421
6 10 1 4 5 7 13 14 1.41421
6 10 1 4 5 8 9 11 1.41421
6 10 1 4 5 8 9 12 1.73205
6 10 1 4 5 8 9 13 1.73205
6 10 1 4 5 8 9 14 1.73205
6 10 1 4 5 8 11 12 1.41421
6 10 1 4 5 8 11 13 1.41421
6 10 1 4 5 8 11 14 1.41421
6 10 1 4 5 8 12 13 1.73205
6 10 1 4 5 8 12 14 1.73205
6 10 1 4 5 8 13 14 1.73205
6 10 1 4 5 9 11 12 1.41421
6 10 1 4 5 9 11 13 1.41421
6 10 1 4 5 9 11 14 1.41421
6 10 1 4 5 9 12 13 1.73205
6 10 1 4 5 9 12 14 1.73205
6 10 1 4 5 9 13 14 1.73205
6 10 1 4 5 11 12 13 1.41421
6 10 1 4 5 11 12 14 1.41421
6 10 1 4 5 11 13 14 1.41421
6 10 1 4 5 12 13 14 1.73205
6 10 1 4 7 8 9 11 1.41421
6 10 1 4 7 8 9 12 1.62019
6 10 1 4 7 8 9 13 1.62019
6 10 1 4 7 8 9 14 1.62019
6 10 1 4 7 8 11 12 1.41421
6 10 1 4 7 8 11 13 1.41421
6 10 1 4 7 8 11 14 1.41421
6 10 1 4 7 8 12 13 1.62019
6 10 1 4 7 8 12 14 1.62019
6 10 1 4 7 8 13 14 1.62019
6 10 1 4 7 9 11 12 1.41421
6 10 1 4 7 9 11 13 1.41421
6 10 1 4 7 9 11 14 1.41421
6 10 1 4 7 9 12 13 1.62019
6 10 1 4 7 9 12 14 1.62019
6 10 1 4 7 9 13 14 1.62019
6 10 1 4 7 11 12 13 1.41421
6 10 1 4 7 11 12 14 1.41421
6 10 1 4 7 11 13 14 1.41421
6 10 1 4 7 12 13 14 1.62019
6 10 1 4 8 9 11 12 2
6 10 1 4 8 9 11 13 2
6 10 1 4 8 9 11 14 2
6 10 1 4 8 9 12 13 2.13664
6 10 1 4 8 9 12 14 2.13664
6 10 1 4 8 9 13 14 2.13664
6 10 1 4 8 11 12 13 2
6 10 1 4 8 11 12 14 2
6 10 1 4 8 11 13 14 2
6 10 1 4 8 12 13 14 2.13664
6 10 1 4 9 11 12 13 2
6 10 1 4 9 11 12 14 2
6 10 1 4 9 11 13 14 2
6 10 1 4 9 12 13 14 2.13664
6 10 1 4 11 12 13 14 2
6 10 1 5 7 8 9 11 1
6 10 1 5 7 8 9 12 1.41421
6 10 1 5 7 8 9 13 1.41421
6 10 1 5 7 8 9 14 1.41421
6 10 1 5 7 8 11 12 1
6 10 1 5 7 8 11 13 1
6 10 1 5 7 8 11 14 1
6 10 1 5 7 8 12 13 1.41421
6 10 1 5 7 8 12 14 1.41421
6 10 1 5 7 8 13 14 1.41421
6 10 1 5 7 9 11 12 1
6 10 1 5 7 9 11 13 1
6 10 1 5 7 9 11 14 1
6 10 1 5 7 9 12 13 1.41421
6 10 1 5 7 9 12 14 1.41421
6 10 1 5 7 9 13 14 1.41421
6 10 1 5 7 11 12 13 1
6 10 1 5 7 11 12 14 1
6 10 1 5 7 11 13 14 1
6 10 1 5 7 12 13 14 1.41421
6 10 1 5 8 9 11 12 1.41421
6 10 1 5 8 9 11 13 1.41421
6 10 1 5 8 9 11 14 1.41421
6 10 1 5 8 9 12 13 1.73205
6 10 1 5 8 9 12 14 1.73205
6 10 1 5 8 9 13 14 1.73205
6 10 1 5 8 11 12 13 1.41421
6 10 1 5 8 11 12 14 1.41421
6 10 1 5 8 11 13 14 1.41421
6 10 1 5 8 12 13 14 1.73205
6 10 1 5 9 11 12 13 1.41421
6 10 1 5 9 11 12 14 1.41421
6 10 1 5 9 11 13 14 1.41421
6 10 1 5 9 12 13 14 1.73205
6 10 1 5 11 12 13 14 1.41421
6 10 1 7 8 9 11 12 1.62019
6 10 1 7 8 9 11 13 1.62019
6 10 1 7 8 9 11 14 1.62019
6 10 1 7 8 9 12 13 1.73205
6 10 1 7 8 9 12 14 1.73205
6 10 1 7 8 9 13 14 1.73205
6 10 1 7 8 11 12 13 1.62019
6 10 1 7 8 11 12 14 1.62019
6 10 1 7 8 11 13 14 1.62019
6 10 1 7 8 12 13 14 1.73205
6 10 1 7 9 11 12 13 1.62019
6 10 1 7 9 11 12 14 1.62019
6 10 1 7 9 11 13 14 1.62019
6 10 1 7 9 12 13 14 1.73205
6 10 1 7 11 12 13 14 1.62019
6 10 1 8 9 11 12 13 2.13664
6 10 1 8 9 11 12 14 2.13664
6 10 1 8 9 11 13 14 2.13664
6 10 1 8 9 12 13 14 2.23607
6 10 1 8 11 12 13 14 2.13664
6 10 1 9 11 12 13 14 2.13664
6 10 2 3 4 5 7 8 1.62019
6 10 2 3 4 5 7 9 1.85164
6 10 2 3 4 5 7 11 1.85164
6 10 2 3 4 5 7 12 1.62019
6 10 2 3 4 5 7 13 1.41421
6 10 2 3 4 5 7 14 1.85164
6 10 2 3 4 5 8 9 1.85164
6 10 2 3 4 5 8 11 1.85164
6 10 2 3 4 5 8 12 1.62019
6 10 2 3 4 5 8 13 1.41421
6 10 2 3 4 5 8 14 1.85164
6 10 2 3 4 5 9 11 2.07802
6 10 2 3 4 5 9 12 1.85164
6 10 2 3 4 5 9 13 1.73205
6 10 2 3 4 5 9 14 2.07802
6 10 2 3 4 5 11 12 1.85164
6 10 2 3 4 5 11 13 1.73205
6 10 2 3 4 5 11 14 2.07802
6 10 2 3 4 5 12 13 1.41421
6 10 2 3 4 5 12 14 1.85164
6 10 2 3 4 5 13 14 1.73205
6 10 2 3 4 7 8 9 1.62019
6 10 2 3 4 7 8 11 1.62019
6 10 2 3 4 7 8 12 1.41421
6 10 2 3 4 7 8 13 1
6 10 2 3 4 7 8 14 1.62019
6 10 2 3 4 7 9 11 1.85164
6 10 2 3 4 7 9 12 1.62019
6 10 2 3 4 7 9 13 1.41421
6 10 2 3 4 7 9 14 1.85164
6 10 2 3 4 7 11 12 1.62019
6 10 2 3 4 7 11 13 1.41421
6 10 2 3 4 7 11 14 1.85164
6 10 2 3 4 7 12 13 1
6 10 2 3 4 7 12 14 1.62019
6 10 2 3 4 7 13 14 1.41421
6 10 2 3 4 8 9 11 1.93309
6 10 2 3 4 8 9 12 1.73205
6 10 2 3 4 8 9 13 1.62019
6 10 2 3 4 8 9 14 1.93309
6 10 2 3 4 8 11 12 1.73205
6 10 2 3 4 8 11 13 1.62019
6 10 2 3 4 8 11 14 1.93309
6 10 2 3 4 8 12 13 1.41421
6 10 2 3 4 8 12 14 1.73205
6 10 2 3 4 8 13 14 1.62019
6 10 2 3 4 9 11 12 1.93309
6 10 2 3 4 9 11 13 1.85164
6 10 2 3 4 9 11 14 2.13809
6 10 2 3 4 9 12 13 1.62019
6 10 2 3 4 9 12 14 1.93309
6 10 2 3 4 9 13 14 1.85164
6 10 2 3 4 11 12 13 1.62019
6 10 2 3 4 11 12 14 1.93309
6 10 2 3 4 11 13 14 1.85164
6 10 2 3 4 12 13 14 1.62019
6 10 2 3 5 7 8 9 1.62019
6 10 2 3 5 7 8 11 1.62019
6 10 2 3 5 7 8 12 1.41421
6 10 2 3 5 7 8 13 1
6 10 2 3 5 7 8 14 1.62019
6 10 2 3 5 7 9 11 1.85164
6 10 2 3 5 7 9 12 1.62019
6 10 2 3 5 7 9 13 1.41421
6 10 2 3 5 7 9 14 1.85164
6 10 2 3 5 7 11 12 1.62019
6 10 2 3 5 7 11 13 1.41421
6 10 2 3 5 7 11 14 1.85164
6 10 2 3 5 7 12 13 1
6 10 2 3 5 7 12 14 1.62019
6 10 2 3 5 7 13 14 1.41421
6 10 2 3 5 8 9 11 1.85164
6 10 2 3 5 8 9 12 1.62019
6 10 2 3 5 8 9 13 1.41421
6 10 2 3 5 8 9 14 1.85164
6 10 2 3 5 8 11 12 1.62019
6 10 2 3 5 8 11 13 1.41421
6 10 2 3 5 8 11 14 1.85164
6 10 2 3 5 8 12 13 1
6 10 2 3 5 8 12 14 1.62019
6 10 2 3 5 8 13 14 1.41421
6 10 2 3 5 9 11 12 1.85164
6 10 2 3 5 9 11 13 1.73205
6 10 2 3 5 9 11 14 2.07802
6 10 2 3 5 9 12 13 1.41421
6 10 2 3 5 9 12 14 1.85164
6 10 2 3 5 9 13 14 1.73205
6 10 2 3 5 11 12 13 1.41421
6 10 2 3 5 11 12 14 1.85164
6 10 2 3 5 11 13 14 1.73205
6 10 2 3 5 12 13 14 1.41421
6 10 2 3 7 8 9 11 1.62019
6 10 2 3 7 8 9 12 1.41421
6 10 2 3 7 8 9 13 1
6 10 2 3 7 8 9 14 1.62019
6 10 2 3 7 8 11 12 1.41421
6 10 2 3 7 8 11 13 1
6 10 2 3 7 8 11 14 1.62019
6 10 2 3 7 8 12 13 1
6 10 2 3 7 8 12 14 1.41421
6 10 2 3 7 8 13 14 1
6 10 2 3 7 9 11 12 1.62019
6 10 2 3 7 9 11 13 1.41421
6 10 2 3 7 9 11 14 1.85164
6 10 2 3 7 9 12 13 1
6 10 2 3 7 9 12 14 1.62019
6 10 2 3 7 9 13 14 1.41421
6 10 2 3 7 11 12 13 1
6 10 2 3 7 11 12 14 1.62019
6 10 2 3 7 11 13 14 1.41421
6 10 2 3 7 12 13 14 1
6 10 2 3 8 9 11 12 1.81265
6 10 2 3 8 9 11 13 1.73205
6 10 2 3 8 9 11 14 2
6 10 2 3 8 9 12 13 1.62019
6 10 2 3 8 9 12 14 1.81265
6 10 2 3 8 9 13 14 1.73205
6 10 2 3 8 11 12 13 1.62019
6 10 2 3 8 11 12 14 1.81265
6 10 2 3 8 11 13 14 1.73205
6 10 2 3 8 12 13 14 1.62019
6 10 2 3 9 11 12 13 1.73205
6 10 2 3 9 11 12 14 2
6 10 2 3 9 11 13 14 1.90693
6 10 2 3 9 12 13 14 1.73205
6 10 2 3 11 12 13 14 1.73205
6 10 2 4 5 7 8 9 1.62019
6 10 2 4 5 7 8 11 1.62019
6 10 2 4 5 7 8 12 1.41421
6 10 2 4 5 7 8 13 1
6 10 2 4 5 7 8 14 1.62019
6 10 2 4 5 7 9 11 1.85164
6 10 2 4 5 7 9 12 1.62019
6 10 2 4 5 7 9 13 1.41421
6 10 2 4 5 7 9 14 1.85164
6 10 2 4 5 7 11 12 1.62019
6 10 2 4 5 7 11 13 1.41421
6 10 2 4 5 7 11 14 1.85164
6 10 2 4 5 7 12 13 1
6 10 2 4 5 7 12 14 1.62019
6 10 2 4 5 7 13 14 1.41421
6 10 2 4 5 8 9 11 1.93309
6 10 2 4 5 8 9 12 1.81265
6 10 2 4 5 8 9 13 1.73205
6 10 2 4 5 8 9 14 2
6 10 2 4 5 8 11 12 1.73205
6 10 2 4 5 8 11 13 1.62019
6 10 2 4 5 8 11 14 1.93309
6 10 2 4 5 8 12 13 1.62019
6 10 2 4 5 8 12 14 1.81265
6 10 2 4 5 8 13 14 1.73205
6 10 2 4 5 9 11 12 1.93309
6 10 2 4 5 9 11 13 1.85164
6 10 2 4 5 9 11 14 2.13809
6 10 2 4 5 9 12 13 1.73205
6 10 2 4 5 9 12 14 2
6 10 2 4 5 9 13 14 1.90693
6 10 2 4 5 11 12 13 1.62019
6 10 2 4 5 11 12 14 1.93309
6 10 2 4 5 11 13 14 1.85164
6 10 2 4 5 12 13 14 1.73205
6 10 2 4 7 8 9 11 1.62019
6 10 2 4 7 8 9 12 1.41421
6 10 2 4 7 8 9 13 1
6 10 2 4 7 8 9 14 1.62019
6 10 2 4 7 8 11 12 1.41421
6 10 2 4 7 8 11 13 1
6 10 2 4 7 8 11 14 1.62019
6 10 2 4 7 8 12 13 1
6 10 2 4 7 8 12 14 1.41421
6 10 2 4 7 8 13 14 1
6 10 2 4 7 9 11 12 1.62019
6 10 2 4 7 9 11 13 1.41421
6 10 2 4 7 9 11 14 1.85164
6 10 2 4 7 9 12 13 1
6 10 2 4 7 9 12 14 1.62019
6 10 2 4 7 9 13 14 1.41421
6 10 2 4 7 11 12 13 1
6 10 2 4 7 11 12 14 1.62019
6 10 2 4 7 11 13 14 1.41421
6 10 2 4 7 12 13 14 1
6 10 2 4 8 9 11 12 1.90693
6 10 2 4 8 9 11 13 1.85164
6 10 2 4 8 9 11 14 2.04939
6 10 2 4 8 9 12 13 1.85164
6 10 2 4 8 9 12 14 2
6 10 2 4 8 9 13 14 1.93309
6 10 2 4 8 11 12 13 1.73205
6 10 2 4 8 11 12 14 1.90693
6 10 2 4 8 11 13 14 1.85164
6 10 2 4 8 12 13 14 1.85164
6 10 2 4 9 11 12 13 1.85164
6 10 2 4 9 11 12 14 2.04939
6 10 2 4 9 11 13 14 2.00294
6 10 2 4 9 12 13 14 1.93309
6 10 2 4 11 12 13 14 1.85164
6 10 2 5 7 8 9 11 1.62019
6 10 2 5 7 8 9 12 1.41421
6 10 2 5 7 8 9 13 1
6 10 2 5 7 8 9 14 1.62019
6 10 2 5 7 8 11 12 1.41421
6 10 2 5 7 8 11 13 1
6 10 2 5 7 8 11 14 1.62019
6 10 2 5 7 8 12 13 1
6 10 2 5 7 8 12 14 1.41421
6 10 2 5 7 8 13 14 1
6 10 2 5 7 9 11 12 1.62019
6 10 2 5 7 9 11 13 1.41421
6 10 2 5 7 9 11 14 1.85164
6 10 2 5 7 9 12 13 1
6 10 2 5 7 9 12 14 1.62019
6 10 2 5 7 9 13 14 1.41421
6 10 2 5 7 11 12 13 1
6 10 2 5 7 11 12 14 1.62019
6 10 2 5 7 11 13 14 1.41421
6 10 2 5 7 12 13 14 1
6 10 2 5 8 9 11 12 1.73205
6 10 2 5 8 9 11 13 1.62019
6 10 2 5 8 9 11 14 1.93309
6 10 2 5 8 9 12 13 1.62019
6 10 2 5 8 9 12 14 1.81265
6 10 2 5 8 9 13 14 1.73205
6 10 2 5 8 11 12 13 1.41421
6 10 2 5 8 11 12 14 1.73205
6 10 2 5 8 11 13 14 1.62019
6 10 2 5 8 12 13 14 1.62019
6 10 2 5 9 11 12 13 1.62019
6 10 2 5 9 11 12 14 1.93309
6 10 2 5 9 11 13 14 1.85164
6 10 2 5 9 12 13 14 1.73205
6 10 2 5 11 12 13 14 1.62019
6 10 2 7 8 9 11 12 1.41421
6 10 2 7 8 9 11 13 1
6 10 2 7 8 9 11 14 1.62019
6 10 2 7 8 9 12 13 1
6 10 2 7 8 9 12 14 1.41421
6 10 2 7 8 9 13 14 1
6 10 2 7 8 11 12 13 1
6 10 2 7 8 11 12 14 1.41421
6 10 2 7 8 11 13 14 1
6 10 2 7 8 12 13 14 1
6 10 2 7 9 11 12 13 1
6 10 2 7 9 11 12 14 1.62019
6 10 2 7 9 11 13 14 1.41421
6 10 2 7 9 12 13 14 1
6 10 2 7 11 12 13 14 1
6 10 2 8 9 11 12 13 1.85164
6 10 2 8 9 11 12 14 2
6 10 2 8 9 11 13 14 1.93309
6 10 2 8 9 12 13 14 1.93309
6 10 2 8 11 12 13 14 1.85164
6 10 2 9 11 12 13 14 1.93309
6 10 3 4 5 7 8 9 1.85164
6 10 3 4 5 7 8 11 1.85164
6 10 3 4 5 7 8 12 1.62019
6 10 3 4 5 7 8 13 1.41421
6 10 3 4 5 7 8 14 1.85164
6 10 3 4 5 7 9 11 2.07802
6 10 3 4 5 7 9 12 1.85164
6 10 3 4 5 7 9 13 1.73205
6 10 3 4 5 7 9 14 2.07802
6 10 3 4 5 7 11 12 1.85164
6 10 3 4 5 7 11 13 1.73205
6 10 3 4 5 7 11 14 2.07802
6 10 3 4 5 7 12 13 1.41421
6 10 3 4 5 7 12 14 1.85164
6 10 3 4 5 7 13 14 1.73205
6 10 3 4 5 8 9 11 2.07802
6 10 3 4 5 8 9 12 1.85164
6 10 3 4 5 8 9 13 1.73205
6 10 3 4 5 8 9 14 2.07802
6 10 3 4 5 8 11 12 1.85164
6 10 3 4 5 8 11 13 1.73205
6 10 3 4 5 8 11 14 2.07802
6 10 3 4 5 8 12 13 1.41421
6 10 3 4 5 8 12 14 1.85164
6 10 3 4 5 8 13 14 1.73205
6 10 3 4 5 9 11 12 2.07802
6 10 3 4 5 9 11 13 2
6 10 3 4 5 9 11 14 2.29129
6 10 3 4 5 9 12 13 1.73205
6 10 3 4 5 9 12 14 2.07802
6 10 3 4 5 9 13 14 2
6 10 3 4 5 11 12 13 1.73205
6 10 3 4 5 11 12 14 2.07802
6 10 3 4 5 11 13 14 2
6 10 3 4 5 12 13 14 1.73205
6 10 3 4 7 8 9 11 1.93309
6 10 3 4 7 8 9 12 1.73205
6 10 3 4 7 8 9 13 1.62019
6 10 3 4 7 8 9 14 1.93309
6 10 3 4 7 8 11 12 1.73205
6 10 3 4 7 8 11 13 1.62019
6 10 3 4 7 8 11 14 1.93309
6 10 3 4 7 8 12 13 1.41421
6 10 3 4 7 8 12 14 1.73205
6 10 3 4 7 8 13 14 1.62019
6 10 3 4 7 9 11 12 1.93309
6 10 3 4 7 9 11 13 1.85164
6 10 3 4 7 9 11 14 2.13809
6 10 3 4 7 9 12 13 1.62019
6 10 3 4 7 9 12 14 1.93309
6 10 3 4 7 9 13 14 1.85164
6 10 3 4 7 11 12 13 1.62019
6 10 3 4 7 11 12 14 1.93309
6 10 3 4 7 11 13 14 1.85164
6 10 3 4 7 12 13 14 1.62019
6 10 3 4 8 9 11 12 2.16025
6 10 3 4 8 9 11 13 2.13664
6 10 3 4 8 9 11 14 2.32266
6 10 3 4 8 9 12 13 2
6 10 3 4 8 9 12 14 2.16025
6 10 3 4 8 9 13 14 2.13664
6 10 3 4 8 11 12 13 2
6 10 3 4 8 11 12 14 2.16025
6 10 3 4 8 11 13 14 2.13664
6 10 3 4 8 12 13 14 2
6 10 3 4 9 11 12 13 2.13664
6 10 3 4 9 11 12 14 2.32266
6 10 3 4 9 11 13 14 2.28709
6 10 3 4 9 12 13 14 2.13664
6 10 3 4 11 12 13 14 2.13664
6 10 3 5 7 8 9 11 1.85164
6 10 3 5 7 8 9 12 1.62019
6 10 3 5 7 8 9 13 1.41421
6 10 3 5 7 8 9 14 1.85164
6 10 3 5 7 8 11 12 1.62019
6 10 3 5 7 8 11 13 1.41421
6 10 3 5 7 8 11 14 1.85164
6 10 3 5 7 8 12 13 1
6 10 3 5 7 8 12 14 1.62019
6 10 3 5 7 8 13 14 1.41421
6 10 3 5 7 9 11 12 1.85164
6 10 3 5 7 9 11 13 1.73205
6 10 3 5 7 9 11 14 2.07802
6 10 3 5 7 9 12 13 1.41421
6 10 3 5 7 9 12 14 1.85164
6 10 3 5 7 9 13 14 1.73205
6 10 3 5 7 11 12 13 1.41421
6 10 3 5 7 11 12 14 1.85164
6 10 3 5 7 11 13 14 1.73205
6 10 3 5 7 12 13 14 1.41421
6 10 3 5 8 9 11 12 1.85164
6 10 3 5 8 9 11 13 1.73205
6 10 3 5 8 9 11 14 2.07802
6 10 3 5 8 9 12 13 1.41421
6 10 3 5 8 9 12 14 1.85164
6 10 3 5 8 9 13 14 1.73205
6 10 3 5 8 11 12 13 1.41421
6 10 3 5 8 11 12 14 1.85164
6 10 3 5 8 11 13 14 1.73205
6 10 3 5 8 12 13 14 1.41421
6 10 3 5 9 11 12 13 1.73205
6 10 3 5 9 11 12 14 2.07802
6 10 3 5 9 11 13 14 2
6 10 3 5 9 12 13 14 1.73205
6 10 3 5 11 12 13 14 1.73205
6 10 3 7 8 9 11 12 1.81265
6 10 3 7 8 9 11 13 1.73205
6 10 3 7 8 9 11 14 2
6 10 3 7 8 9 12 13 1.62019
6 10 3 7 8 9 12 14 1.81265
6 10 3 7 8 9 13 14 1.73205
6 10 3 7 8 11 12 13 1.62019
6 10 3 7 8 11 12 14 1.81265
6 10 3 7 8 11 13 14 1.73205
6 10 3 7 8 12 13 14 1.62019
6 10 3 7 9 11 12 13 1.73205
6 10 3 7 9 11 12 14 2
6 10 3 7 9 11 13 14 1.90693
6 10 3 7 9 12 13 14 1.73205
6 10 3 7 11 12 13 14 1.73205
6 10 3 8 9 11 12 13 2.13664
6 10 3 8 9 11 12 14 2.26385
6 10 3 8 9 11 13 14 2.23607
6 10 3 8 9 12 13 14 2.13664
6 10 3 8 11 12 13 14 2.13664
6 10 3 9 11 12 13 14 2.23607
6 10 4 5 7 8 9 11 1.93309
6 10 4 5 7 8 9 12 1.81265
6 10 4 5 7 8 9 13 1.73205
6 10 4 5 7 8 9 14 2
6 10 4 5 7 8 11 12 1.73205
6 10 4 5 7 8 11 13 1.62019
6 10 4 5 7 8 11 14 1.93309
6 10 4 5 7 8 12 13 1.62019
6 10 4 5 7 8 12 14 1.81265
6 10 4 5 7 8 13 14 1.73205
6 10 4 5 7 9 11 12 1.93309
6 10 4 5 7 9 11 13 1.85164
6 10 4 5 7 9 11 14 2.13809
6 10 4 5 7 9 12 13 1.73205
6 10 4 5 7 9 12 14 2
6 10 4 5 7 9 13 14 1.90693
6 10 4 5 7 11 12 13 1.62019
6 10 4 5 7 11 12 14 1.93309
6 10 4 5 7 11 13 14 1.85164
6 10 4 5 7 12 13 14 1.73205
6 10 4 5 8 9 11 12 2.16025
6 10 4 5 8 9 11 13 2.13664
6 10 4 5 8 9 11 14 2.32266
6 10 4 5 8 9 12 13 2.13664
6 10 4 5 8 9 12 14 2.26385
6 10 4 5 8 9 13 14 2.23607
6 10 4 5 8 11 12 13 2
6 10 4 5 8 11 12 14 2.16025
6 10 4 5 8 11 13 14 2.13664
6 10 4 5 8 12 13 14 2.13664
6 10 4 5 9 11 12 13 2.13664
6 10 4 5 9 11 12 14 2.32266
6 10 4 5 9 11 13 14 2.28709
6 10 4 5 9 12 13 14 2.23607
6 10 4 5 11 12 13 14 2.13664
6 10 4 7 8 9 11 12 1.90693
6 10 4 7 8 9 11 13 1.85164
6 10 4 7 8 9 11 14 2.04939
6 10 4 7 8 9 12 13 1.85164
6 10 4 7 8 9 12 14 2
6 10 4 7 8 9 13 14 1.93309
6 10 4 7 8 11 12 13 1.73205
6 10 4 7 8 11 12 14 1.90693
6 10 4 7 8 11 13 14 1.85164
6 10 4 7 8 12 13 14 1.85164
6 10 4 7 9 11 12 13 1.85164
6 10 4 7 9 11 12 14 2.04939
6 10 4 7 9 11 13 14 2.00294
6 10 4 7 9 12 13 14 1.93309
6 10 4 7 11 12 13 14 1.85164
6 10 4 8 9 11 12 13 2.44949
6 10 4 8 9 11 12 14 2.53722
6 10 4 8 9 11 13 14 2.52543
6 10 4 8 9 12 13 14 2.52543
6 10 4 8 11 12 13 14 2.44949
6 10 4 9 11 12 13 14 2.52543
6 10 5 7 8 9 11 12 1.73205
6 10 5 7 8 9 11 13 1.62019
6 10 5 7 8 9 11 14 1.93309
6 10 5 7 8 9 12 13 1.62019
6 10 5 7 8 9 12 14 1.81265
6 10 5 7 8 9 13 14 1.73205
6 10 5 7 8 11 12 13 1.41421
6 10 5 7 8 11 12 14 1.73205
6 10 5 7 8 11 13 14 1.62019
6 10 5 7 8 12 13 14 1.62019
6 10 5 7 9 11 12 13 1.62019
6 10 5 7 9 11 12 14 1.93309
6 10 5 7 9 11 13 14 1.85164
6 10 5 7 9 12 13 14 1.73205
6 10 5 7 11 12 13 14 1.62019
6 10 5 8 9 11 12 13 2
6 10 5 8 9 11 12 14 2.16025
6 10 5 8 9 11 13 14 2.13664
6 10 5 8 9 12 13 14 2.13664
6 10 5 8 11 12 13 14 2
6 10 5 9 11 12 13 14 2.13664
6 10 7 8 9 11 12 13 1.85164
6 10 7 8 9 11 12 14 2
6 10 7 8 9 11 13 14 1.93309
6 10 7 8 9 12 13 14 1.93309
6 10 7 8 11 12 13 14 1.85164
6 10 7 9 11 12 13 14 1.93309
6 10 8 9 11 12 13 14 2.52543
