2 14 0 1 3 4 5 1.41421
2 14 0 1 3 4 6 1
2 14 0 1 3 4 7 1.41421
2 14 0 1 3 4 8 1.41421
2 14 0 1 3 4 9 1
2 14 0 1 3 4 10 1.41421
2 14 0 1 3 4 11 1
2 14 0 1 3 4 12 1.41421
2 14 0 1 3 4 13 1.41421
2 14 0 1 3 5 6 1.41421
2 14 0 1 3 5 7 1.41421
2 14 0 1 3 5 8 1.41421
2 14 0 1 3 5 9 1.41421
2 14 0 1 3 5 10 1.41421
2 14 0 1 3 5 11 1.41421
2 14 0 1 3 5 12 1.41421
2 14 0 1 3 5 13 1.41421
2 14 0 1 3 6 7 1.62019
2 14 0 1 3 6 8 1.62019
2 14 0 1 3 6 9 1.73205
2 14 0 1 3 6 10 1.41421
2 14 0 1 3 6 11 1.73205
2 14 0 1 3 6 12 1.73205
2 14 0 1 3 6 13 1.73205
2 14 0 1 3 7 8 1.41421
2 14 0 1 3 7 9 1.62019
2 14 0 1 3 7 10 1.41421
2 14 0 1 3 7 11 1.62019
2 14 0 1 3 7 12 1.62019
2 14 0 1 3 7 13 1.62019
2 14 0 1 3 8 9 1.62019
2 14 0 1 3 8 10 1.41421
2 14 0 1 3 8 11 1.62019
2 14 0 1 3 8 12 1.62019
2 14 0 1 3 8 13 1.62019
2 14 0 1 3 9 10 1.41421
2 14 0 1 3 9 11 1.73205
2 14 0 1 3 9 12 1.73205
2 14 0 1 3 9 13 1.73205
2 14 0 1 3 10 11 1.41421
2 14 0 1 3 10 12 1.41421
2 14 0 1 3 10 13 1.41421
2 14 0 1 3 11 12 1.73205
2 14 0 1 3 11 13 1.73205
2 14 0 1 3 12 13 1.73205
2 14 0 1 4 5 6 1.41421
2 14 0 1 4 5 7 1.62019
2 14 0 1 4 5 8 1.73205
2 14 0 1 4 5 9 1.62019
2 14 0 1 4 5 10 1.73205
2 14 0 1 4 5 11 1
2 14 0 1 4 5 12 1.73205
2 14 0 1 4 5 13 1.73205
2 14 0 1 4 6 7 1
2 14 0 1 4 6 8 1.62019
2 14 0 1 4 6 9 1.62019
2 14 0 1 4 6 10 1.62019
2 14 0 1 4 6 11 1.41421
2 14 0 1 4 6 12 1.62019
2 14 0 1 4 6 13 1.62019
2 14 0 1 4 7 8 1.62019
2 14 0 1 4 7 9 1.41421
2 14 0 1 4 7 10 1.62019
2 14 0 1 4 7 11 1
2 14 0 1 4 7 12 1.62019
2 14 0 1 4 7 13 1.62019
2 14 0 1 4 8 9 1.73205
2 14 0 1 4 8 10 1.81265
2 14 0 1 4 8 11 1.41421
2 14 0 1 4 8 12 1.81265
2 14 0 1 4 8 13 1.81265
2 14 0 1 4 9 10 1.73205
2 14 0 1 4 9 11 1.41421
2 14 0 1 4 9 12 1.73205
2 14 0 1 4 9 13 1.73205
2 14 0 1 4 10 11 1.41421
2 14 0 1 4 10 12 1.81265
2 14 0 1 4 10 13 1.81265
2 14 0 1 4 11 12 1.41421
2 14 0 1 4 11 13 1.41421
2 14 0 1 4 12 13 1.81265
2 14 0 1 5 6 7 1.41421
2 14 0 1 5 6 8 1.41421
2 14 0 1 5 6 9 1.41421
2 14 0 1 5 6 10 1.41421
2 14 0 1 5 6 11 1.41421
2 14 0 1 5 6 12 1.41421
2 14 0 1 5 6 13 1.41421
2 14 0 1 5 7 8 1.62019
2 14 0 1 5 7 9 1.41421
2 14 0 1 5 7 10 1.62019
2 14 0 1 5 7 11 1.41421
2 14 0 1 5 7 12 1.62019
2 14 0 1 5 7 13 1.62019
2 14 0 1 5 8 9 1.62019
2 14 0 1 5 8 10 1.73205
2 14 0 1 5 8 11 1
2 14 0 1 5 8 12 1.73205
2 14 0 1 5 8 13 1.73205
2 14 0 1 5 9 10 1.62019
2 14 0 1 5 9 11 1.41421
2 14 0 1 5 9 12 1.62019
2 14 0 1 5 9 13 1.62019
2 14 0 1 5 10 11 1
2 14 0 1 5 10 12 1.73205
2 14 0 1 5 10 13 1.73205
2 14 0 1 5 11 12 1.41421
2 14 0 1 5 11 13 1.41421
2 14 0 1 5 12 13 1.73205
2 14 0 1 6 7 8 1.41421
2 14 0 1 6 7 9 1.62019
2 14 0 1 6 7 10 1
2 14 0 1 6 7 11 1.62019
2 14 0 1 6 7 12 1.62019
2 14 0 1 6 7 13 1.62019
2 14 0 1 6 8 9 1.81265
2 14 0 1 6 8 10 1.73205
2 14 0 1 6 8 11 1.73205
2 14 0 1 6 8 12 1.81265
2 14 0 1 6 8 13 1.81265
2 14 0 1 6 9 10 1.73205
2 14 0 1 6 9 11 1.81265
2 14 0 1 6 9 12 2
2 14 0 1 6 9 13 2
2 14 0 1 6 10 11 1.62019
2 14 0 1 6 10 12 1.73205
2 14 0 1 6 10 13 1.73205
2 14 0 1 6 11 12 1.81265
2 14 0 1 6 11 13 1.81265
2 14 0 1 6 12 13 2
2 14 0 1 7 8 9 1.41421
2 14 0 1 7 8 10 1.62019
2 14 0 1 7 8 11 1.41421
2 14 0 1 7 8 12 1.62019
2 14 0 1 7 8 13 1.62019
2 14 0 1 7 9 10 1.41421
2 14 0 1 7 9 11 1.62019
2 14 0 1 7 9 12 1.62019
2 14 0 1 7 9 13 1.62019
2 14 0 1 7 10 11 1
2 14 0 1 7 10 12 1.62019
2 14 0 1 7 10 13 1.62019
2 14 0 1 7 11 12 1.62019
2 14 0 1 7 11 13 1.62019
2 14 0 1 7 12 13 1.62019
2 14 0 1 8 9 10 1.81265
2 14 0 1 8 9 11 1.73205
2 14 0 1 8 9 12 2
2 14 0 1 8 9 13 2
2 14 0 1 8 10 11 1.62019
2 14 0 1 8 10 12 2
2 14 0 1 8 10 13 2
2 14 0 1 8 11 12 1.73205
2 14 0 1 8 11 13 1.73205
2 14 0 1 8 12 13 2
2 14 0 1 9 10 11 1.62019
2 14 0 1 9 10 12 1.81265
2 14 0 1 9 10 13 1.81265
2 14 0 1 9 11 12 1.81265
2 14 0 1 9 11 13 1.81265
2 14 0 1 9 12 13 2
2 14 0 1 10 11 12 1.62019
2 14 0 1 10 11 13 1.62019
2 14 0 1 10 12 13 2
2 14 0 1 11 12 13 1.81265
2 14 0 3 4 5 6 2.07802
2 14 0 3 4 5 7 1.85164
2 14 0 3 4 5 8 1.73205
2 14 0 3 4 5 9 2.07802
2 14 0 3 4 5 10 2
2 14 0 3 4 5 11 2.07802
2 14 0 3 4 5 12 1.85164
2 14 0 3 4 5 13 1.85164
2 14 0 3 4 6 7 1.85164
2 14 0 3 4 6 8 1.85164
2 14 0 3 4 6 9 2.13809
2 14 0 3 4 6 10 2.07802
2 14 0 3 4 6 11 2.13809
2 14 0 3 4 6 12 1.93309
2 14 0 3 4 6 13 1.93309
2 14 0 3 4 7 8 1.41421
2 14 0 3 4 7 9 1.85164
2 14 0 3 4 7 10 1.73205
2 14 0 3 4 7 11 1.85164
2 14 0 3 4 7 12 1.62019
2 14 0 3 4 7 13 1.62019
2 14 0 3 4 8 9 1.85164
2 14 0 3 4 8 10 1.85164
2 14 0 3 4 8 11 1.85164
2 14 0 3 4 8 12 1.62019
2 14 0 3 4 8 13 1.62019
2 14 0 3 4 9 10 2.07802
2 14 0 3 4 9 11 2.13809
2 14 0 3 4 9 12 1.93309
2 14 0 3 4 9 13 1.93309
2 14 0 3 4 10 11 2.07802
2 14 0 3 4 10 12 1.85164
2 14 0 3 4 10 13 1.85164
2 14 0 3 4 11 12 1.93309
2 14 0 3 4 11 13 1.93309
2 14 0 3 4 12 13 1.73205
2 14 0 3 5 6 7 1.90693
2 14 0 3 5 6 8 1.73205
2 14 0 3 5 6 9 2.10357
2 14 0 3 5 6 10 2
2 14 0 3 5 6 11 2.10357
2 14 0 3 5 6 12 1.90693
2 14 0 3 5 6 13 1.90693
2 14 0 3 5 7 8 1.41421
2 14 0 3 5 7 9 1.90693
2 14 0 3 5 7 10 1.73205
2 14 0 3 5 7 11 1.90693
2 14 0 3 5 7 12 1.73205
2 14 0 3 5 7 13 1.73205
2 14 0 3 5 8 9 1.73205
2 14 0 3 5 8 10 1.73205
2 14 0 3 5 8 11 1.73205
2 14 0 3 5 8 12 1.41421
2 14 0 3 5 8 13 1.41421
2 14 0 3 5 9 10 2
2 14 0 3 5 9 11 2.10357
2 14 0 3 5 9 12 1.90693
2 14 0 3 5 9 13 1.90693
2 14 0 3 5 10 11 2
2 14 0 3 5 10 12 1.73205
2 14 0 3 5 10 13 1.73205
2 14 0 3 5 11 12 1.90693
2 14 0 3 5 11 13 1.90693
2 14 0 3 5 12 13 1.73205
2 14 0 3 6 7 8 1.41421
2 14 0 3 6 7 9 1.93309
2 14 0 3 6 7 10 1.73205
2 14 0 3 6 7 11 1.93309
2 14 0 3 6 7 12 1.81265
2 14 0 3 6 7 13 1.81265
2 14 0 3 6 8 9 1.93309
2 14 0 3 6 8 10 1.90693
2 14 0 3 6 8 11 1.93309
2 14 0 3 6 8 12 1.81265
2 14 0 3 6 8 13 1.81265
2 14 0 3 6 9 10 2.10357
2 14 0 3 6 9 11 2.24038
2 14 0 3 6 9 12 2.10639
2 14 0 3 6 9 13 2.10639
2 14 0 3 6 10 11 2.10357
2 14 0 3 6 10 12 1.90693
2 14 0 3 6 10 13 1.90693
2 14 0 3 6 11 12 2.10639
2 14 0 3 6 11 13 2.10639
2 14 0 3 6 12 13 2
2 14 0 3 7 8 9 1.41421
2 14 0 3 7 8 10 1.41421
2 14 0 3 7 8 11 1.41421
2 14 0 3 7 8 12 1.41421
2 14 0 3 7 8 13 1.41421
2 14 0 3 7 9 10 1.73205
2 14 0 3 7 9 11 1.93309
2 14 0 3 7 9 12 1.81265
2 14 0 3 7 9 13 1.81265
2 14 0 3 7 10 11 1.73205
2 14 0 3 7 10 12 1.41421
2 14 0 3 7 10 13 1.41421
2 14 0 3 7 11 12 1.81265
2 14 0 3 7 11 13 1.81265
2 14 0 3 7 12 13 1.73205
2 14 0 3 8 9 10 1.90693
2 14 0 3 8 9 11 1.93309
2 14 0 3 8 9 12 1.81265
2 14 0 3 8 9 13 1.81265
2 14 0 3 8 10 11 1.90693
2 14 0 3 8 10 12 1.73205
2 14 0 3 8 10 13 1.73205
2 14 0 3 8 11 12 1.81265
2 14 0 3 8 11 13 1.81265
2 14 0 3 8 12 13 1.73205
2 14 0 3 9 10 11 2.10357
2 14 0 3 9 10 12 1.90693
2 14 0 3 9 10 13 1.90693
2 14 0 3 9 11 12 2.10639
2 14 0 3 9 11 13 2.10639
2 14 0 3 9 12 13 2
2 14 0 3 10 11 12 1.90693
2 14 0 3 10 11 13 1.90693
2 14 0 3 10 12 13 1.73205
2 14 0 3 11 12 13 2
2 14 0 4 5 6 7 1.85164
2 14 0 4 5 6 8 1.90693
2 14 0 4 5 6 9 2.16556
2 14 0 4 5 6 10 2.10357
2 14 0 4 5 6 11 2.13809
2 14 0 4 5 6 12 2
2 14 0 4 5 6 13 2
2 14 0 4 5 7 8 1.62019
2 14 0 4 5 7 9 1.85164
2 14 0 4 5 7 10 1.73205
2 14 0 4 5 7 11 1.85164
2 14 0 4 5 7 12 1.62019
2 14 0 4 5 7 13 1.62019
2 14 0 4 5 8 9 1.93309
2 14 0 4 5 8 10 1.96214
2 14 0 4 5 8 11 1.85164
2 14 0 4 5 8 12 2
2 14 0 4 5 8 13 2
2 14 0 4 5 9 10 2.12132
2 14 0 4 5 9 11 2.13809
2 14 0 4 5 9 12 2
2 14 0 4 5 9 13 2
2 14 0 4 5 10 11 2.07802
2 14 0 4 5 10 12 1.96214
2 14 0 4 5 10 13 1.96214
2 14 0 4 5 11 12 1.93309
2 14 0 4 5 11 13 1.93309
2 14 0 4 5 12 13 2
2 14 0 4 6 7 8 1.41421
2 14 0 4 6 7 9 1.85164
2 14 0 4 6 7 10 1.73205
2 14 0 4 6 7 11 1.85164
2 14 0 4 6 7 12 1.62019
2 14 0 4 6 7 13 1.62019
2 14 0 4 6 8 9 2.04939
2 14 0 4 6 8 10 2.04939
2 14 0 4 6 8 11 2.00294
2 14 0 4 6 8 12 1.93309
2 14 0 4 6 8 13 1.93309
2 14 0 4 6 9 10 2.21037
2 14 0 4 6 9 11 2.22354
2 14 0 4 6 9 12 2.09938
2 14 0 4 6 9 13 2.09938
2 14 0 4 6 10 11 2.17945
2 14 0 4 6 10 12 2.04939
2 14 0 4 6 10 13 2.04939
2 14 0 4 6 11 12 2.04939
2 14 0 4 6 11 13 2.04939
2 14 0 4 6 12 13 2
2 14 0 4 7 8 9 1.41421
2 14 0 4 7 8 10 1.62019
2 14 0 4 7 8 11 1.41421
2 14 0 4 7 8 12 1.62019
2 14 0 4 7 8 13 1.62019
2 14 0 4 7 9 10 1.73205
2 14 0 4 7 9 11 1.85164
2 14 0 4 7 9 12 1.62019
2 14 0 4 7 9 13 1.62019
2 14 0 4 7 10 11 1.73205
2 14 0 4 7 10 12 1.62019
2 14 0 4 7 10 13 1.62019
2 14 0 4 7 11 12 1.62019
2 14 0 4 7 11 13 1.62019
2 14 0 4 7 12 13 1.62019
2 14 0 4 8 9 10 2.08167
2 14 0 4 8 9 11 2.00294
2 14 0 4 8 9 12 2
2 14 0 4 8 9 13 2
2 14 0 4 8 10 11 2.00294
2 14 0 4 8 10 12 2
2 14 0 4 8 10 13 2
2 14 0 4 8 11 12 1.85164
2 14 0 4 8 11 13 1.85164
2 14 0 4 8 12 13 1.93309
2 14 0 4 9 10 11 2.17945
2 14 0 4 9 10 12 2.08167
2 14 0 4 9 10 13 2.08167
2 14 0 4 9 11 12 2.04939
2 14 0 4 9 11 13 2.04939
2 14 0 4 9 12 13 2.01187
2 14 0 4 10 11 12 2.00294
2 14 0 4 10 11 13 2.00294
2 14 0 4 10 12 13 2
2 14 0 4 11 12 13 1.90693
2 14 0 5 6 7 8 1.41421
2 14 0 5 6 7 9 1.90693
2 14 0 5 6 7 10 1.73205
2 14 0 5 6 7 11 1.90693
2 14 0 5 6 7 12 1.73205
2 14 0 5 6 7 13 1.73205
2 14 0 5 6 8 9 1.90693
2 14 0 5 6 8 10 1.90693
2 14 0 5 6 8 11 1.85164
2 14 0 5 6 8 12 1.73205
2 14 0 5 6 8 13 1.73205
2 14 0 5 6 9 10 2.10357
2 14 0 5 6 9 11 2.16556
2 14 0 5 6 9 12 2.01187
2 14 0 5 6 9 13 2.01187
2 14 0 5 6 10 11 2.07802
2 14 0 5 6 10 12 1.90693
2 14 0 5 6 10 13 1.90693
2 14 0 5 6 11 12 2
2 14 0 5 6 11 13 2
2 14 0 5 6 12 13 2
2 14 0 5 7 8 9 1.41421
2 14 0 5 7 8 10 1.62019
2 14 0 5 7 8 11 1.41421
2 14 0 5 7 8 12 1.62019
2 14 0 5 7 8 13 1.62019
2 14 0 5 7 9 10 1.73205
2 14 0 5 7 9 11 1.90693
2 14 0 5 7 9 12 1.73205
2 14 0 5 7 9 13 1.73205
2 14 0 5 7 10 11 1.73205
2 14 0 5 7 10 12 1.62019
2 14 0 5 7 10 13 1.62019
2 14 0 5 7 11 12 1.73205
2 14 0 5 7 11 13 1.73205
2 14 0 5 7 12 13 1.62019
2 14 0 5 8 9 10 1.93309
2 14 0 5 8 9 11 1.85164
2 14 0 5 8 9 12 1.81265
2 14 0 5 8 9 13 1.81265
2 14 0 5 8 10 11 1.85164
2 14 0 5 8 10 12 2
2 14 0 5 8 10 13 2
2 14 0 5 8 11 12 1.62019
2 14 0 5 8 11 13 1.62019
2 14 0 5 8 12 13 1.81265
2 14 0 5 9 10 11 2.07802
2 14 0 5 9 10 12 1.93309
2 14 0 5 9 10 13 1.93309
2 14 0 5 9 11 12 2
2 14 0 5 9 11 13 2
2 14 0 5 9 12 13 2
2 14 0 5 10 11 12 1.85164
2 14 0 5 10 11 13 1.85164
2 14 0 5 10 12 13 2
2 14 0 5 11 12 13 1.81265
2 14 0 6 7 8 9 1.41421
2 14 0 6 7 8 10 1.41421
2 14 0 6 7 8 11 1.41421
2 14 0 6 7 8 12 1.41421
2 14 0 6 7 8 13 1.41421
2 14 0 6 7 9 10 1.73205
2 14 0 6 7 9 11 1.93309
2 14 0 6 7 9 12 1.81265
2 14 0 6 7 9 13 1.81265
2 14 0 6 7 10 11 1.73205
2 14 0 6 7 10 12 1.41421
2 14 0 6 7 10 13 1.41421
2 14 0 6 7 11 12 1.81265
2 14 0 6 7 11 13 1.81265
2 14 0 6 7 12 13 1.73205
2 14 0 6 8 9 10 2.10223
2 14 0 6 8 9 11 2.08167
2 14 0 6 8 9 12 2.0381
2 14 0 6 8 9 13 2.0381
2 14 0 6 8 10 11 2.04939
2 14 0 6 8 10 12 2
2 14 0 6 8 10 13 2
2 14 0 6 8 11 12 2
2 14 0 6 8 11 13 2
2 14 0 6 8 12 13 2
2 14 0 6 9 10 11 2.21037
2 14 0 6 9 10 12 2.10223
2 14 0 6 9 10 13 2.10223
2 14 0 6 9 11 12 2.19745
2 14 0 6 9 11 13 2.19745
2 14 0 6 9 12 13 2.16025
2 14 0 6 10 11 12 2.04939
2 14 0 6 10 11 13 2.04939
2 14 0 6 10 12 13 2
2 14 0 6 11 12 13 2.10639
2 14 0 7 8 9 10 1.41421
2 14 0 7 8 9 11 1.41421
2 14 0 7 8 9 12 1.41421
2 14 0 7 8 9 13 1.41421
2 14 0 7 8 10 11 1.41421
2 14 0 7 8 10 12 1.62019
2 14 0 7 8 10 13 1.62019
2 14 0 7 8 11 12 1.41421
2 14 0 7 8 11 13 1.41421
2 14 0 7 8 12 13 1.62019
2 14 0 7 9 10 11 1.73205
2 14 0 7 9 10 12 1.41421
2 14 0 7 9 10 13 1.41421
2 14 0 7 9 11 12 1.81265
2 14 0 7 9 11 13 1.81265
2 14 0 7 9 12 13 1.73205
2 14 0 7 10 11 12 1.41421
2 14 0 7 10 11 13 1.41421
2 14 0 7 10 12 13 1.62019
2 14 0 7 11 12 13 1.73205
2 14 0 8 9 10 11 2.04939
2 14 0 8 9 10 12 2.0381
2 14 0 8 9 10 13 2.0381
2 14 0 8 9 11 12 2
2 14 0 8 9 11 13 2
2 14 0 8 9 12 13 2.01187
2 14 0 8 10 11 12 1.93309
2 14 0 8 10 11 13 1.93309
2 14 0 8 10 12 13 2
2 14 0 8 11 12 13 1.90693
2 14 0 9 10 11 12 2.04939
2 14 0 9 10 11 13 2.04939
2 14 0 9 10 12 13 2.0381
2 14 0 9 11 12 13 2.10639
2 14 0 10 11 12 13 1.93309
2 14 1 3 4 5 6 1
2 14 1 3 4 5 7 1.41421
2 14 1 3 4 5 8 1.41421
2 14 1 3 4 5 9 1
2 14 1 3 4 5 10 1.41421
2 14 1 3 4 5 11 1
2 14 1 3 4 5 12 1.41421
2 14 1 3 4 5 13 1.41421
2 14 1 3 4 6 7 1
2 14 1 3 4 6 8 1
2 14 1 3 4 6 9 1
2 14 1 3 4 6 10 1
2 14 1 3 4 6 11 1
2 14 1 3 4 6 12 1
2 14 1 3 4 6 13 1
2 14 1 3 4 7 8 1.41421
2 14 1 3 4 7 9 1
2 14 1 3 4 7 10 1.41421
2 14 1 3 4 7 11 1
2 14 1 3 4 7 12 1.41421
2 14 1 3 4 7 13 1.41421
2 14 1 3 4 8 9 1
2 14 1 3 4 8 10 1.41421
2 14 1 3 4 8 11 1
2 14 1 3 4 8 12 1.41421
2 14 1 3 4 8 13 1.41421
2 14 1 3 4 9 10 1
2 14 1 3 4 9 11 1
2 14 1 3 4 9 12 1
2 14 1 3 4 9 13 1
2 14 1 3 4 10 11 1
2 14 1 3 4 10 12 1.41421
2 14 1 3 4 10 13 1.41421
2 14 1 3 4 11 12 1
2 14 1 3 4 11 13 1
2 14 1 3 4 12 13 1.41421
2 14 1 3 5 6 7 1.41421
2 14 1 3 5 6 8 1
2 14 1 3 5 6 9 1.41421
2 14 1 3 5 6 10 1
2 14 1 3 5 6 11 1.41421
2 14 1 3 5 6 12 1.41421
2 14 1 3 5 6 13 1.41421
2 14 1 3 5 7 8 1.41421
2 14 1 3 5 7 9 1.41421
2 14 1 3 5 7 10 1.41421
2 14 1 3 5 7 11 1.41421
2 14 1 3 5 7 12 1.41421
2 14 1 3 5 7 13 1.41421
2 14 1 3 5 8 9 1
2 14 1 3 5 8 10 1.41421
2 14 1 3 5 8 11 1
2 14 1 3 5 8 12 1.41421
2 14 1 3 5 8 13 1.41421
2 14 1 3 5 9 10 1
2 14 1 3 5 9 11 1.41421
2 14 1 3 5 9 12 1.41421
2 14 1 3 5 9 13 1.41421
2 14 1 3 5 10 11 1
2 14 1 3 5 10 12 1.41421
2 14 1 3 5 10 13 1.41421
2 14 1 3 5 11 12 1.41421
2 14 1 3 5 11 13 1.41421
2 14 1 3 5 12 13 1.41421
2 14 1 3 6 7 8 1.41421
2 14 1 3 6 7 9 1.62019
2 14 1 3 6 7 10 1
2 14 1 3 6 7 11 1.62019
2 14 1 3 6 7 12 1.62019
2 14 1 3 6 7 13 1.62019
2 14 1 3 6 8 9 1.62019
2 14 1 3 6 8 10 1.41421
2 14 1 3 6 8 11 1.62019
2 14 1 3 6 8 12 1.62019
2 14 1 3 6 8 13 1.62019
2 14 1 3 6 9 10 1.41421
2 14 1 3 6 9 11 1.73205
2 14 1 3 6 9 12 1.73205
2 14 1 3 6 9 13 1.73205
2 14 1 3 6 10 11 1.41421
2 14 1 3 6 10 12 1.41421
2 14 1 3 6 10 13 1.41421
2 14 1 3 6 11 12 1.73205
2 14 1 3 6 11 13 1.73205
2 14 1 3 6 12 13 1.73205
2 14 1 3 7 8 9 1.41421
2 14 1 3 7 8 10 1.41421
2 14 1 3 7 8 11 1.41421
2 14 1 3 7 8 12 1.41421
2 14 1 3 7 8 13 1.41421
2 14 1 3 7 9 10 1
2 14 1 3 7 9 11 1.62019
2 14 1 3 7 9 12 1.62019
2 14 1 3 7 9 13 1.62019
2 14 1 3 7 10 11 1
2 14 1 3 7 10 12 1.41421
2 14 1 3 7 10 13 1.41421
2 14 1 3 7 11 12 1.62019
2 14 1 3 7 11 13 1.62019
2 14 1 3 7 12 13 1.62019
2 14 1 3 8 9 10 1.41421
2 14 1 3 8 9 11 1.62019
2 14 1 3 8 9 12 1.62019
2 14 1 3 8 9 13 1.62019
2 14 1 3 8 10 11 1.41421
2 14 1 3 8 10 12 1.41421
2 14 1 3 8 10 13 1.41421
2 14 1 3 8 11 12 1.62019
2 14 1 3 8 11 13 1.62019
2 14 1 3 8 12 13 1.62019
2 14 1 3 9 10 11 1.41421
2 14 1 3 9 10 12 1.41421
2 14 1 3 9 10 13 1.41421
2 14 1 3 9 11 12 1.73205
2 14 1 3 9 11 13 1.73205
2 14 1 3 9 12 13 1.73205
2 14 1 3 10 11 12 1.41421
2 14 1 3 10 11 13 1.41421
2 14 1 3 10 12 13 1.41421
2 14 1 3 11 12 13 1.73205
2 14 1 4 5 6 7 1
2 14 1 4 5 6 8 1.41421
2 14 1 4 5 6 9 1.41421
2 14 1 4 5 6 10 1.41421
2 14 1 4 5 6 11 1
2 14 1 4 5 6 12 1.41421
2 14 1 4 5 6 13 1.41421
2 14 1 4 5 7 8 1.62019
2 14 1 4 5 7 9 1.41421
2 14 1 4 5 7 10 1.62019
2 14 1 4 5 7 11 1
2 14 1 4 5 7 12 1.62019
2 14 1 4 5 7 13 1.62019
2 14 1 4 5 8 9 1.62019
2 14 1 4 5 8 10 1.73205
2 14 1 4 5 8 11 1
2 14 1 4 5 8 12 1.73205
2 14 1 4 5 8 13 1.73205
2 14 1 4 5 9 10 1.62019
2 14 1 4 5 9 11 1
2 14 1 4 5 9 12 1.62019
2 14 1 4 5 9 13 1.62019
2 14 1 4 5 10 11 1
2 14 1 4 5 10 12 1.73205
2 14 1 4 5 10 13 1.73205
2 14 1 4 5 11 12 1
2 14 1 4 5 11 13 1
2 14 1 4 5 12 13 1.73205
2 14 1 4 6 7 8 1
2 14 1 4 6 7 9 1
2 14 1 4 6 7 10 1
2 14 1 4 6 7 11 1
2 14 1 4 6 7 12 1
2 14 1 4 6 7 13 1
2 14 1 4 6 8 9 1.62019
2 14 1 4 6 8 10 1.62019
2 14 1 4 6 8 11 1.41421
2 14 1 4 6 8 12 1.62019
2 14 1 4 6 8 13 1.62019
2 14 1 4 6 9 10 1.62019
2 14 1 4 6 9 11 1.41421
2 14 1 4 6 9 12 1.62019
2 14 1 4 6 9 13 1.62019
2 14 1 4 6 10 11 1.41421
2 14 1 4 6 10 12 1.62019
2 14 1 4 6 10 13 1.62019
2 14 1 4 6 11 12 1.41421
2 14 1 4 6 11 13 1.41421
2 14 1 4 6 12 13 1.62019
2 14 1 4 7 8 9 1.41421
2 14 1 4 7 8 10 1.62019
2 14 1 4 7 8 11 1
2 14 1 4 7 8 12 1.62019
2 14 1 4 7 8 13 1.62019
2 14 1 4 7 9 10 1.41421
2 14 1 4 7 9 11 1
2 14 1 4 7 9 12 1.41421
2 14 1 4 7 9 13 1.41421
2 14 1 4 7 10 11 1
2 14 1 4 7 10 12 1.62019
2 14 1 4 7 10 13 1.62019
2 14 1 4 7 11 12 1
2 14 1 4 7 11 13 1
2 14 1 4 7 12 13 1.62019
2 14 1 4 8 9 10 1.73205
2 14 1 4 8 9 11 1.41421
2 14 1 4 8 9 12 1.73205
2 14 1 4 8 9 13 1.73205
2 14 1 4 8 10 11 1.41421
2 14 1 4 8 10 12 1.81265
2 14 1 4 8 10 13 1.81265
2 14 1 4 8 11 12 1.41421
2 14 1 4 8 11 13 1.41421
2 14 1 4 8 12 13 1.81265
2 14 1 4 9 10 11 1.41421
2 14 1 4 9 10 12 1.73205
2 14 1 4 9 10 13 1.73205
2 14 1 4 9 11 12 1.41421
2 14 1 4 9 11 13 1.41421
2 14 1 4 9 12 13 1.73205
2 14 1 4 10 11 12 1.41421
2 14 1 4 10 11 13 1.41421
2 14 1 4 10 12 13 1.81265
2 14 1 4 11 12 13 1.41421
2 14 1 5 6 7 8 1
2 14 1 5 6 7 9 1.41421
2 14 1 5 6 7 10 1
2 14 1 5 6 7 11 1.41421
2 14 1 5 6 7 12 1.41421
2 14 1 5 6 7 13 1.41421
2 14 1 5 6 8 9 1.41421
2 14 1 5 6 8 10 1.41421
2 14 1 5 6 8 11 1
2 14 1 5 6 8 12 1.41421
2 14 1 5 6 8 13 1.41421
2 14 1 5 6 9 10 1.41421
2 14 1 5 6 9 11 1.41421
2 14 1 5 6 9 12 1.41421
2 14 1 5 6 9 13 1.41421
2 14 1 5 6 10 11 1
2 14 1 5 6 10 12 1.41421
2 14 1 5 6 10 13 1.41421
2 14 1 5 6 11 12 1.41421
2 14 1 5 6 11 13 1.41421
2 14 1 5 6 12 13 1.41421
2 14 1 5 7 8 9 1.41421
2 14 1 5 7 8 10 1.62019
2 14 1 5 7 8 11 1
2 14 1 5 7 8 12 1.62019
2 14 1 5 7 8 13 1.62019
2 14 1 5 7 9 10 1.41421
2 14 1 5 7 9 11 1.41421
2 14 1 5 7 9 12 1.41421
2 14 1 5 7 9 13 1.41421
2 14 1 5 7 10 11 1
2 14 1 5 7 10 12 1.62019
2 14 1 5 7 10 13 1.62019
2 14 1 5 7 11 12 1.41421
2 14 1 5 7 11 13 1.41421
2 14 1 5 7 12 13 1.62019
2 14 1 5 8 9 10 1.62019
2 14 1 5 8 9 11 1
2 14 1 5 8 9 12 1.62019
2 14 1 5 8 9 13 1.62019
2 14 1 5 8 10 11 1
2 14 1 5 8 10 12 1.73205
2 14 1 5 8 10 13 1.73205
2 14 1 5 8 11 12 1
2 14 1 5 8 11 13 1
2 14 1 5 8 12 13 1.73205
2 14 1 5 9 10 11 1
2 14 1 5 9 10 12 1.62019
2 14 1 5 9 10 13 1.62019
2 14 1 5 9 11 12 1.41421
2 14 1 5 9 11 13 1.41421
2 14 1 5 9 12 13 1.62019
2 14 1 5 10 11 12 1
2 14 1 5 10 11 13 1
2 14 1 5 10 12 13 1.73205
2 14 1 5 11 12 13 1.41421
2 14 1 6 7 8 9 1.41421
2 14 1 6 7 8 10 1
2 14 1 6 7 8 11 1.41421
2 14 1 6 7 8 12 1.41421
2 14 1 6 7 8 13 1.41421
2 14 1 6 7 9 10 1
2 14 1 6 7 9 11 1.62019
2 14 1 6 7 9 12 1.62019
2 14 1 6 7 9 13 1.62019
2 14 1 6 7 10 11 1
2 14 1 6 7 10 12 1
2 14 1 6 7 10 13 1
2 14 1 6 7 11 12 1.62019
2 14 1 6 7 11 13 1.62019
2 14 1 6 7 12 13 1.62019
2 14 1 6 8 9 10 1.73205
2 14 1 6 8 9 11 1.73205
2 14 1 6 8 9 12 1.81265
2 14 1 6 8 9 13 1.81265
2 14 1 6 8 10 11 1.62019
2 14 1 6 8 10 12 1.73205
2 14 1 6 8 10 13 1.73205
2 14 1 6 8 11 12 1.73205
2 14 1 6 8 11 13 1.73205
2 14 1 6 8 12 13 1.81265
2 14 1 6 9 10 11 1.62019
2 14 1 6 9 10 12 1.73205
2 14 1 6 9 10 13 1.73205
2 14 1 6 9 11 12 1.81265
2 14 1 6 9 11 13 1.81265
2 14 1 6 9 12 13 2
2 14 1 6 10 11 12 1.62019
2 14 1 6 10 11 13 1.62019
2 14 1 6 10 12 13 1.73205
2 14 1 6 11 12 13 1.81265
2 14 1 7 8 9 10 1.41421
2 14 1 7 8 9 11 1.41421
2 14 1 7 8 9 12 1.41421
2 14 1 7 8 9 13 1.41421
2 14 1 7 8 10 11 1
2 14 1 7 8 10 12 1.62019
2 14 1 7 8 10 13 1.62019
2 14 1 7 8 11 12 1.41421
2 14 1 7 8 11 13 1.41421
2 14 1 7 8 12 13 1.62019
2 14 1 7 9 10 11 1
2 14 1 7 9 10 12 1.41421
2 14 1 7 9 10 13 1.41421
2 14 1 7 9 11 12 1.62019
2 14 1 7 9 11 13 1.62019
2 14 1 7 9 12 13 1.62019
2 14 1 7 10 11 12 1
2 14 1 7 10 11 13 1
2 14 1 7 10 12 13 1.62019
2 14 1 7 11 12 13 1.62019
2 14 1 8 9 10 11 1.62019
2 14 1 8 9 10 12 1.81265
2 14 1 8 9 10 13 1.81265
2 14 1 8 9 11 12 1.73205
2 14 1 8 9 11 13 1.73205
2 14 1 8 9 12 13 2
2 14 1 8 10 11 12 1.62019
2 14 1 8 10 11 13 1.62019
2 14 1 8 10 12 13 2
2 14 1 8 11 12 13 1.73205
2 14 1 9 10 11 12 1.62019
2 14 1 9 10 11 13 1.62019
2 14 1 9 10 12 13 1.81265
2 14 1 9 11 12 13 1.81265
2 14 1 10 11 12 13 1.62019
2 14 3 4 5 6 7 1.93309
2 14 3 4 5 6 8 1.85164
2 14 3 4 5 6 9 2.13809
2 14 3 4 5 6 10 2.07802
2 14 3 4 5 6 11 2.13809
2 14 3 4 5 6 12 1.93309
2 14 3 4 5 6 13 1.85164
2 14 3 4 5 7 8 1.62019
2 14 3 4 5 7 9 1.93309
2 14 3 4 5 7 10 1.85164
2 14 3 4 5 7 11 1.93309
2 14 3 4 5 7 12 1.73205
2 14 3 4 5 7 13 1.62019
2 14 3 4 5 8 9 1.85164
2 14 3 4 5 8 10 1.85164
2 14 3 4 5 8 11 1.85164
2 14 3 4 5 8 12 1.62019
2 14 3 4 5 8 13 1.41421
2 14 3 4 5 9 10 2.07802
2 14 3 4 5 9 11 2.13809
2 14 3 4 5 9 12 1.93309
2 14 3 4 5 9 13 1.85164
2 14 3 4 5 10 11 2.07802
2 14 3 4 5 10 12 1.85164
2 14 3 4 5 10 13 1.73205
2 14 3 4 5 11 12 1.93309
2 14 3 4 5 11 13 1.85164
2 14 3 4 5 12 13 1.62019
2 14 3 4 6 7 8 1.62019
2 14 3 4 6 7 9 1.93309
2 14 3 4 6 7 10 1.85164
2 14 3 4 6 7 11 1.93309
2 14 3 4 6 7 12 1.73205
2 14 3 4 6 7 13 1.62019
2 14 3 4 6 8 9 1.93309
2 14 3 4 6 8 10 1.93309
2 14 3 4 6 8 11 1.93309
2 14 3 4 6 8 12 1.73205
2 14 3 4 6 8 13 1.62019
2 14 3 4 6 9 10 2.13809
2 14 3 4 6 9 11 2.18955
2 14 3 4 6 9 12 2
2 14 3 4 6 9 13 1.93309
2 14 3 4 6 10 11 2.13809
2 14 3 4 6 10 12 1.93309
2 14 3 4 6 10 13 1.85164
2 14 3 4 6 11 12 2
2 14 3 4 6 11 13 1.93309
2 14 3 4 6 12 13 1.73205
2 14 3 4 7 8 9 1.62019
2 14 3 4 7 8 10 1.62019
2 14 3 4 7 8 11 1.62019
2 14 3 4 7 8 12 1.41421
2 14 3 4 7 8 13 1.41421
2 14 3 4 7 9 10 1.85164
2 14 3 4 7 9 11 1.93309
2 14 3 4 7 9 12 1.73205
2 14 3 4 7 9 13 1.62019
2 14 3 4 7 10 11 1.85164
2 14 3 4 7 10 12 1.62019
2 14 3 4 7 10 13 1.41421
2 14 3 4 7 11 12 1.73205
2 14 3 4 7 11 13 1.62019
2 14 3 4 7 12 13 1.41421
2 14 3 4 8 9 10 1.93309
2 14 3 4 8 9 11 1.93309
2 14 3 4 8 9 12 1.73205
2 14 3 4 8 9 13 1.62019
2 14 3 4 8 10 11 1.93309
2 14 3 4 8 10 12 1.73205
2 14 3 4 8 10 13 1.62019
2 14 3 4 8 11 12 1.73205
2 14 3 4 8 11 13 1.62019
2 14 3 4 8 12 13 1.41421
2 14 3 4 9 10 11 2.13809
2 14 3 4 9 10 12 1.93309
2 14 3 4 9 10 13 1.85164
2 14 3 4 9 11 12 2
2 14 3 4 9 11 13 1.93309
2 14 3 4 9 12 13 1.73205
2 14 3 4 10 11 12 1.93309
2 14 3 4 10 11 13 1.85164
2 14 3 4 10 12 13 1.62019
2 14 3 4 11 12 13 1.73205
2 14 3 5 6 7 8 1.62019
2 14 3 5 6 7 9 2
2 14 3 5 6 7 10 1.85164
2 14 3 5 6 7 11 2
2 14 3 5 6 7 12 1.81265
2 14 3 5 6 7 13 1.73205
2 14 3 5 6 8 9 1.85164
2 14 3 5 6 8 10 1.85164
2 14 3 5 6 8 11 1.85164
2 14 3 5 6 8 12 1.62019
2 14 3 5 6 8 13 1.41421
2 14 3 5 6 9 10 2.07802
2 14 3 5 6 9 11 2.16556
2 14 3 5 6 9 12 2
2 14 3 5 6 9 13 1.90693
2 14 3 5 6 10 11 2.07802
2 14 3 5 6 10 12 1.85164
2 14 3 5 6 10 13 1.73205
2 14 3 5 6 11 12 2
2 14 3 5 6 11 13 1.90693
2 14 3 5 6 12 13 1.73205
2 14 3 5 7 8 9 1.62019
2 14 3 5 7 8 10 1.62019
2 14 3 5 7 8 11 1.62019
2 14 3 5 7 8 12 1.41421
2 14 3 5 7 8 13 1.41421
2 14 3 5 7 9 10 1.85164
2 14 3 5 7 9 11 2
2 14 3 5 7 9 12 1.81265
2 14 3 5 7 9 13 1.73205
2 14 3 5 7 10 11 1.85164
2 14 3 5 7 10 12 1.62019
2 14 3 5 7 10 13 1.41421
2 14 3 5 7 11 12 1.81265
2 14 3 5 7 11 13 1.73205
2 14 3 5 7 12 13 1.62019
2 14 3 5 8 9 10 1.85164
2 14 3 5 8 9 11 1.85164
2 14 3 5 8 9 12 1.62019
2 14 3 5 8 9 13 1.41421
2 14 3 5 8 10 11 1.85164
2 14 3 5 8 10 12 1.62019
2 14 3 5 8 10 13 1.41421
2 14 3 5 8 11 12 1.62019
2 14 3 5 8 11 13 1.41421
2 14 3 5 8 12 13 1.41421
2 14 3 5 9 10 11 2.07802
2 14 3 5 9 10 12 1.85164
2 14 3 5 9 10 13 1.73205
2 14 3 5 9 11 12 2
2 14 3 5 9 11 13 1.90693
2 14 3 5 9 12 13 1.73205
2 14 3 5 10 11 12 1.85164
2 14 3 5 10 11 13 1.73205
2 14 3 5 10 12 13 1.41421
2 14 3 5 11 12 13 1.73205
2 14 3 6 7 8 9 1.62019
2 14 3 6 7 8 10 1.62019
2 14 3 6 7 8 11 1.62019
2 14 3 6 7 8 12 1.41421
2 14 3 6 7 8 13 1.41421
2 14 3 6 7 9 10 1.85164
2 14 3 6 7 9 11 2
2 14 3 6 7 9 12 2
2 14 3 6 7 9 13 1.81265
2 14 3 6 7 10 11 1.85164
2 14 3 6 7 10 12 1.62019
2 14 3 6 7 10 13 1.41421
2 14 3 6 7 11 12 2
2 14 3 6 7 11 13 1.81265
2 14 3 6 7 12 13 1.73205
2 14 3 6 8 9 10 2
2 14 3 6 8 9 11 2
2 14 3 6 8 9 12 2
2 14 3 6 8 9 13 1.81265
2 14 3 6 8 10 11 2
2 14 3 6 8 10 12 1.81265
2 14 3 6 8 10 13 1.73205
2 14 3 6 8 11 12 2
2 14 3 6 8 11 13 1.81265
2 14 3 6 8 12 13 1.73205
2 14 3 6 9 10 11 2.16556
2 14 3 6 9 10 12 2
2 14 3 6 9 10 13 1.90693
2 14 3 6 9 11 12 2.16025
2 14 3 6 9 11 13 2.10639
2 14 3 6 9 12 13 2
2 14 3 6 10 11 12 2
2 14 3 6 10 11 13 1.90693
2 14 3 6 10 12 13 1.73205
2 14 3 6 11 12 13 2
2 14 3 7 8 9 10 1.62019
2 14 3 7 8 9 11 1.62019
2 14 3 7 8 9 12 1.41421
2 14 3 7 8 9 13 1.41421
2 14 3 7 8 10 11 1.62019
2 14 3 7 8 10 12 1.41421
2 14 3 7 8 10 13 1.41421
2 14 3 7 8 11 12 1.41421
2 14 3 7 8 11 13 1.41421
2 14 3 7 8 12 13 1.41421
2 14 3 7 9 10 11 1.85164
2 14 3 7 9 10 12 1.62019
2 14 3 7 9 10 13 1.41421
2 14 3 7 9 11 12 2
2 14 3 7 9 11 13 1.81265
2 14 3 7 9 12 13 1.73205
2 14 3 7 10 11 12 1.62019
2 14 3 7 10 11 13 1.41421
2 14 3 7 10 12 13 1.41421
2 14 3 7 11 12 13 1.73205
2 14 3 8 9 10 11 2
2 14 3 8 9 10 12 1.81265
2 14 3 8 9 10 13 1.73205
2 14 3 8 9 11 12 2
2 14 3 8 9 11 13 1.81265
2 14 3 8 9 12 13 1.73205
2 14 3 8 10 11 12 1.81265
2 14 3 8 10 11 13 1.73205
2 14 3 8 10 12 13 1.62019
2 14 3 8 11 12 13 1.73205
2 14 3 9 10 11 12 2
2 14 3 9 10 11 13 1.90693
2 14 3 9 10 12 13 1.73205
2 14 3 9 11 12 13 2
2 14 3 10 11 12 13 1.73205
2 14 4 5 6 7 8 1.62019
2 14 4 5 6 7 9 1.93309
2 14 4 5 6 7 10 1.85164
2 14 4 5 6 7 11 1.93309
2 14 4 5 6 7 12 1.73205
2 14 4 5 6 7 13 1.62019
2 14 4 5 6 8 9 2
2 14 4 5 6 8 10 2
2 14 4 5 6 8 11 1.93309
2 14 4 5 6 8 12 1.81265
2 14 4 5 6 8 13 1.73205
2 14 4 5 6 9 10 2.16556
2 14 4 5 6 9 11 2.18955
2 14 4 5 6 9 12 2.0381
2 14 4 5 6 9 13 2
2 14 4 5 6 10 11 2.13809
2 14 4 5 6 10 12 2
2 14 4 5 6 10 13 1.90693
2 14 4 5 6 11 12 2
2 14 4 5 6 11 13 1.93309
2 14 4 5 6 12 13 1.81265
2 14 4 5 7 8 9 1.62019
2 14 4 5 7 8 10 1.62019
2 14 4 5 7 8 11 1.62019
2 14 4 5 7 8 12 1.62019
2 14 4 5 7 8 13 1.62019
2 14 4 5 7 9 10 1.85164
2 14 4 5 7 9 11 1.93309
2 14 4 5 7 9 12 1.73205
2 14 4 5 7 9 13 1.62019
2 14 4 5 7 10 11 1.85164
2 14 4 5 7 10 12 1.62019
2 14 4 5 7 10 13 1.62019
2 14 4 5 7 11 12 1.73205
2 14 4 5 7 11 13 1.62019
2 14 4 5 7 12 13 1.62019
2 14 4 5 8 9 10 2
2 14 4 5 8 9 11 1.93309
2 14 4 5 8 9 12 2
2 14 4 5 8 9 13 1.81265
2 14 4 5 8 10 11 1.93309
2 14 4 5 8 10 12 2
2 14 4 5 8 10 13 2
2 14 4 5 8 11 12 1.73205
2 14 4 5 8 11 13 1.62019
2 14 4 5 8 12 13 1.81265
2 14 4 5 9 10 11 2.13809
2 14 4 5 9 10 12 2
2 14 4 5 9 10 13 1.93309
2 14 4 5 9 11 12 2
2 14 4 5 9 11 13 1.93309
2 14 4 5 9 12 13 2
2 14 4 5 10 11 12 1.93309
2 14 4 5 10 11 13 1.85164
2 14 4 5 10 12 13 2
2 14 4 5 11 12 13 1.73205
2 14 4 6 7 8 9 1.62019
2 14 4 6 7 8 10 1.62019
2 14 4 6 7 8 11 1.62019
2 14 4 6 7 8 12 1.41421
2 14 4 6 7 8 13 1
2 14 4 6 7 9 10 1.85164
2 14 4 6 7 9 11 1.93309
2 14 4 6 7 9 12 1.73205
2 14 4 6 7 9 13 1.62019
2 14 4 6 7 10 11 1.85164
2 14 4 6 7 10 12 1.62019
2 14 4 6 7 10 13 1.41421
2 14 4 6 7 11 12 1.73205
2 14 4 6 7 11 13 1.62019
2 14 4 6 7 12 13 1.41421
2 14 4 6 8 9 10 2.09938
2 14 4 6 8 9 11 2.04939
2 14 4 6 8 9 12 2
2 14 4 6 8 9 13 1.93309
2 14 4 6 8 10 11 2.04939
2 14 4 6 8 10 12 2
2 14 4 6 8 10 13 1.93309
2 14 4 6 8 11 12 1.90693
2 14 4 6 8 11 13 1.85164
2 14 4 6 8 12 13 1.85164
2 14 4 6 9 10 11 2.22354
2 14 4 6 9 10 12 2.09938
2 14 4 6 9 10 13 2.04939
2 14 4 6 9 11 12 2.10223
2 14 4 6 9 11 13 2.04939
2 14 4 6 9 12 13 2
2 14 4 6 10 11 12 2.04939
2 14 4 6 10 11 13 2.00294
2 14 4 6 10 12 13 1.93309
2 14 4 6 11 12 13 1.90693
2 14 4 7 8 9 10 1.62019
2 14 4 7 8 9 11 1.62019
2 14 4 7 8 9 12 1.41421
2 14 4 7 8 9 13 1.41421
2 14 4 7 8 10 11 1.62019
2 14 4 7 8 10 12 1.62019
2 14 4 7 8 10 13 1.62019
2 14 4 7 8 11 12 1.41421
2 14 4 7 8 11 13 1
2 14 4 7 8 12 13 1.62019
2 14 4 7 9 10 11 1.85164
2 14 4 7 9 10 12 1.62019
2 14 4 7 9 10 13 1.41421
2 14 4 7 9 11 12 1.73205
2 14 4 7 9 11 13 1.62019
2 14 4 7 9 12 13 1.41421
2 14 4 7 10 11 12 1.62019
2 14 4 7 10 11 13 1.41421
2 14 4 7 10 12 13 1.62019
2 14 4 7 11 12 13 1.41421
2 14 4 8 9 10 11 2.04939
2 14 4 8 9 10 12 2.01187
2 14 4 8 9 10 13 2
2 14 4 8 9 11 12 1.90693
2 14 4 8 9 11 13 1.85164
2 14 4 8 9 12 13 1.90693
2 14 4 8 10 11 12 1.90693
2 14 4 8 10 11 13 1.85164
2 14 4 8 10 12 13 1.93309
2 14 4 8 11 12 13 1.73205
2 14 4 9 10 11 12 2.04939
2 14 4 9 10 11 13 2.00294
2 14 4 9 10 12 13 2
2 14 4 9 11 12 13 1.90693
2 14 4 10 11 12 13 1.85164
2 14 5 6 7 8 9 1.62019
2 14 5 6 7 8 10 1.62019
2 14 5 6 7 8 11 1.62019
2 14 5 6 7 8 12 1.41421
2 14 5 6 7 8 13 1
2 14 5 6 7 9 10 1.85164
2 14 5 6 7 9 11 2
2 14 5 6 7 9 12 1.81265
2 14 5 6 7 9 13 1.73205
2 14 5 6 7 10 11 1.85164
2 14 5 6 7 10 12 1.62019
2 14 5 6 7 10 13 1.41421
2 14 5 6 7 11 12 1.81265
2 14 5 6 7 11 13 1.73205
2 14 5 6 7 12 13 1.62019
2 14 5 6 8 9 10 2
2 14 5 6 8 9 11 1.93309
2 14 5 6 8 9 12 1.81265
2 14 5 6 8 9 13 1.73205
2 14 5 6 8 10 11 1.93309
2 14 5 6 8 10 12 1.81265
2 14 5 6 8 10 13 1.73205
2 14 5 6 8 11 12 1.73205
2 14 5 6 8 11 13 1.62019
2 14 5 6 8 12 13 1.62019
2 14 5 6 9 10 11 2.13809
2 14 5 6 9 10 12 2
2 14 5 6 9 10 13 1.90693
2 14 5 6 9 11 12 2.0381
2 14 5 6 9 11 13 2
2 14 5 6 9 12 13 2
2 14 5 6 10 11 12 1.93309
2 14 5 6 10 11 13 1.85164
2 14 5 6 10 12 13 1.73205
2 14 5 6 11 12 13 1.81265
2 14 5 7 8 9 10 1.62019
2 14 5 7 8 9 11 1.62019
2 14 5 7 8 9 12 1.41421
2 14 5 7 8 9 13 1.41421
2 14 5 7 8 10 11 1.62019
2 14 5 7 8 10 12 1.62019
2 14 5 7 8 10 13 1.62019
2 14 5 7 8 11 12 1.41421
2 14 5 7 8 11 13 1
2 14 5 7 8 12 13 1.62019
2 14 5 7 9 10 11 1.85164
2 14 5 7 9 10 12 1.62019
2 14 5 7 9 10 13 1.41421
2 14 5 7 9 11 12 1.81265
2 14 5 7 9 11 13 1.73205
2 14 5 7 9 12 13 1.62019
2 14 5 7 10 11 12 1.62019
2 14 5 7 10 11 13 1.41421
2 14 5 7 10 12 13 1.62019
2 14 5 7 11 12 13 1.62019
2 14 5 8 9 10 11 1.93309
2 14 5 8 9 10 12 2
2 14 5 8 9 10 13 1.81265
2 14 5 8 9 11 12 1.73205
2 14 5 8 9 11 13 1.62019
2 14 5 8 9 12 13 1.73205
2 14 5 8 10 11 12 1.73205
2 14 5 8 10 11 13 1.62019
2 14 5 8 10 12 13 1.81265
2 14 5 8 11 12 13 1.41421
2 14 5 9 10 11 12 1.93309
2 14 5 9 10 11 13 1.85164
2 14 5 9 10 12 13 1.81265
2 14 5 9 11 12 13 1.81265
2 14 5 10 11 12 13 1.62019
2 14 6 7 8 9 10 1.62019
2 14 6 7 8 9 11 1.62019
2 14 6 7 8 9 12 1.41421
2 14 6 7 8 9 13 1.41421
2 14 6 7 8 10 11 1.62019
2 14 6 7 8 10 12 1.41421
2 14 6 7 8 10 13 1
2 14 6 7 8 11 12 1.41421
2 14 6 7 8 11 13 1.41421
2 14 6 7 8 12 13 1.41421
2 14 6 7 9 10 11 1.85164
2 14 6 7 9 10 12 1.62019
2 14 6 7 9 10 13 1.41421
2 14 6 7 9 11 12 2
2 14 6 7 9 11 13 1.81265
2 14 6 7 9 12 13 1.73205
2 14 6 7 10 11 12 1.62019
2 14 6 7 10 11 13 1.41421
2 14 6 7 10 12 13 1
2 14 6 7 11 12 13 1.73205
2 14 6 8 9 10 11 2.09938
2 14 6 8 9 10 12 2.0381
2 14 6 8 9 10 13 2
2 14 6 8 9 11 12 2.01187
2 14 6 8 9 11 13 2
2 14 6 8 9 12 13 2
2 14 6 8 10 11 12 2
2 14 6 8 10 11 13 1.93309
2 14 6 8 10 12 13 1.93309
2 14 6 8 11 12 13 1.90693
2 14 6 9 10 11 12 2.09938
2 14 6 9 10 11 13 2.04939
2 14 6 9 10 12 13 2
2 14 6 9 11 12 13 2.10639
2 14 6 10 11 12 13 1.93309
2 14 7 8 9 10 11 1.62019
2 14 7 8 9 10 12 1.41421
2 14 7 8 9 10 13 1.41421
2 14 7 8 9 11 12 1.41421
2 14 7 8 9 11 13 1.41421
2 14 7 8 9 12 13 1.41421
2 14 7 8 10 11 12 1.41421
2 14 7 8 10 11 13 1
2 14 7 8 10 12 13 1.62019
2 14 7 8 11 12 13 1.41421
2 14 7 9 10 11 12 1.62019
2 14 7 9 10 11 13 1.41421
2 14 7 9 10 12 13 1.41421
2 14 7 9 11 12 13 1.73205
2 14 7 10 11 12 13 1
2 14 8 9 10 11 12 2
2 14 8 9 10 11 13 1.93309
2 14 8 9 10 12 13 2
2 14 8 9 11 12 13 1.90693
2 14 8 10 11 12 13 1.85164
2 14 9 10 11 12 13 1.93309
