0 6 1 2 1.96214
0 6 1 3 2
0 6 1 4 2.13664
0 6 1 5 1.73205
0 6 1 7 1.96214
0 6 1 8 2.28446
0 6 1 9 2.44949
0 6 1 10 2.23607
0 6 1 11 2.23607
0 6 1 12 2.44949
0 6 1 13 2.44949
0 6 1 14 2.28446
0 6 2 3 2.27913
0 6 2 4 2.27689
0 6 2 5 2.21303
0 6 2 7 2.04939
0 6 2 8 2.1391
0 6 2 9 2.39792
0 6 2 10 2.23607
0 6 2 11 2.35855
0 6 2 12 2.27798
0 6 2 13 2.27798
0 6 2 14 2.34521
0 6 3 4 2.49313
0 6 3 5 2.32279
0 6 3 7 2.27913
0 6 3 8 2.389
0 6 3 9 2.60641
0 6 3 10 2.49516
0 6 3 11 2.60641
0 6 3 12 2.50333
0 6 3 13 2.50333
0 6 3 14 2.58404
0 6 4 5 2.57391
0 6 4 7 2.27689
0 6 4 8 2.66231
0 6 4 9 2.77146
0 6 4 10 2.75936
0 6 4 11 2.73434
0 6 4 12 2.67896
0 6 4 13 2.67896
0 6 4 14 2.77498
0 6 5 7 2.21303
0 6 5 8 2.35488
0 6 5 9 2.59808
0 6 5 10 2.49516
0 6 5 11 2.51151
0 6 5 12 2.42997
0 6 5 13 2.42997
0 6 5 14 2.57391
0 6 7 8 2.1391
0 6 7 9 2.39792
0 6 7 10 2.23607
0 6 7 11 2.35855
0 6 7 12 2.27798
0 6 7 13 2.27798
0 6 7 14 2.34521
0 6 8 9 2.7314
0 6 8 10 2.71163
0 6 8 11 2.68408
0 6 8 12 2.65417
0 6 8 13 2.65417
0 6 8 14 2.72172
0 6 9 10 2.79903
0 6 9 11 2.82373
0 6 9 12 2.77833
0 6 9 13 2.77833
0 6 9 14 2.84346
0 6 10 11 2.75936
0 6 10 12 2.71163
0 6 10 13 2.71163
0 6 10 14 2.79903
0 6 11 12 2.74064
0 6 11 13 2.74064
0 6 11 14 2.80938
0 6 12 13 2.71341
0 6 12 14 2.76353
0 6 13 14 2.76353
