0 6 1 2 3 4 5 7 8 9 10 0
0 6 1 2 3 4 5 7 8 9 11 1
0 6 1 2 3 4 5 7 8 9 12 1
0 6 1 2 3 4 5 7 8 9 13 1
0 6 1 2 3 4 5 7 8 9 14 0
0 6 1 2 3 4 5 7 8 10 11 0
0 6 1 2 3 4 5 7 8 10 12 0
0 6 1 2 3 4 5 7 8 10 13 0
0 6 1 2 3 4 5 7 8 10 14 0
0 6 1 2 3 4 5 7 8 11 12 1
0 6 1 2 3 4 5 7 8 11 13 1
0 6 1 2 3 4 5 7 8 11 14 0
0 6 1 2 3 4 5 7 8 12 13 1
0 6 1 2 3 4 5 7 8 12 14 0
0 6 1 2 3 4 5 7 8 13 14 0
0 6 1 2 3 4 5 7 9 10 11 0
0 6 1 2 3 4 5 7 9 10 12 0
0 6 1 2 3 4 5 7 9 10 13 0
0 6 1 2 3 4 5 7 9 10 14 0
0 6 1 2 3 4 5 7 9 11 12 1.41421
0 6 1 2 3 4 5 7 9 11 13 1.41421
0 6 1 2 3 4 5 7 9 11 14 1
0 6 1 2 3 4 5 7 9 12 13 1.41421
0 6 1 2 3 4 5 7 9 12 14 1
0 6 1 2 3 4 5 7 9 13 14 1
0 6 1 2 3 4 5 7 10 11 12 0
0 6 1 2 3 4 5 7 10 11 13 0
0 6 1 2 3 4 5 7 10 11 14 0
0 6 1 2 3 4 5 7 10 12 13 0
0 6 1 2 3 4 5 7 10 12 14 0
0 6 1 2 3 4 5 7 10 13 14 0
0 6 1 2 3 4 5 7 11 12 13 1.41421
0 6 1 2 3 4 5 7 11 12 14 1
0 6 1 2 3 4 5 7 11 13 14 1
0 6 1 2 3 4 5 7 12 13 14 1
0 6 1 2 3 4 5 8 9 10 11 0
0 6 1 2 3 4 5 8 9 10 12 0
0 6 1 2 3 4 5 8 9 10 13 0
0 6 1 2 3 4 5 8 9 10 14 0
0 6 1 2 3 4 5 8 9 11 12 1
0 6 1 2 3 4 5 8 9 11 13 1
0 6 1 2 3 4 5 8 9 11 14 0
0 6 1 2 3 4 5 8 9 12 13 1
0 6 1 2 3 4 5 8 9 12 14 0
0 6 1 2 3 4 5 8 9 13 14 0
0 6 1 2 3 4 5 8 10 11 12 0
0 6 1 2 3 4 5 8 10 11 13 0
0 6 1 2 3 4 5 8 10 11 14 0
0 6 1 2 3 4 5 8 10 12 13 0
0 6 1 2 3 4 5 8 10 12 14 0
0 6 1 2 3 4 5 8 10 13 14 0
0 6 1 2 3 4 5 8 11 12 13 1
0 6 1 2 3 4 5 8 11 12 14 0
0 6 1 2 3 4 5 8 11 13 14 0
0 6 1 2 3 4 5 8 12 13 14 0
0 6 1 2 3 4 5 9 10 11 12 0
0 6 1 2 3 4 5 9 10 11 13 0
0 6 1 2 3 4 5 9 10 11 14 0
0 6 1 2 3 4 5 9 10 12 13 0
0 6 1 2 3 4 5 9 10 12 14 0
0 6 1 2 3 4 5 9 10 13 14 0
0 6 1 2 3 4 5 9 11 12 13 1.41421
0 6 1 2 3 4 5 9 11 12 14 1
0 6 1 2 3 4 5 9 11 13 14 1
0 6 1 2 3 4 5 9 12 13 14 1
0 6 1 2 3 4 5 10 11 12 13 0
0 6 1 2 3 4 5 10 11 12 14 0
0 6 1 2 3 4 5 10 11 13 14 0
0 6 1 2 3 4 5 10 12 13 14 0
0 6 1 2 3 4 5 11 12 13 14 1
0 6 1 2 3 4 7 8 9 10 11 0
0 6 1 2 3 4 7 8 9 10 12 0
0 6 1 2 3 4 7 8 9 10 13 0
0 6 1 2 3 4 7 8 9 10 14 0
0 6 1 2 3 4 7 8 9 11 12 1
0 6 1 2 3 4 7 8 9 11 13 1
0 6 1 2 3 4 7 8 9 11 14 0
0 6 1 2 3 4 7 8 9 12 13 1
0 6 1 2 3 4 7 8 9 12 14 0
0 6 1 2 3 4 7 8 9 13 14 0
0 6 1 2 3 4 7 8 10 11 12 0
0 6 1 2 3 4 7 8 10 11 13 0
0 6 1 2 3 4 7 8 10 11 14 0
0 6 1 2 3 4 7 8 10 12 13 0
0 6 1 2 3 4 7 8 10 12 14 0
0 6 1 2 3 4 7 8 10 13 14 0
0 6 1 2 3 4 7 8 11 12 13 1
0 6 1 2 3 4 7 8 11 12 14 0
0 6 1 2 3 4 7 8 11 13 14 0
0 6 1 2 3 4 7 8 12 13 14 0
0 6 1 2 3 4 7 9 10 11 12 0
0 6 1 2 3 4 7 9 10 11 13 0
0 6 1 2 3 4 7 9 10 11 14 0
0 6 1 2 3 4 7 9 10 12 13 0
0 6 1 2 3 4 7 9 10 12 14 0
0 6 1 2 3 4 7 9 10 13 14 0
0 6 1 2 3 4 7 9 11 12 13 1.41421
0 6 1 2 3 4 7 9 11 12 14 1
0 6 1 2 3 4 7 9 11 13 14 1
0 6 1 2 3 4 7 9 12 13 14 1
0 6 1 2 3 4 7 10 11 12 13 0
0 6 1 2 3 4 7 10 11 12 14 0
0 6 1 2 3 4 7 10 11 13 14 0
0 6 1 2 3 4 7 10 12 13 14 0
0 6 1 2 3 4 7 11 12 13 14 1
0 6 1 2 3 4 8 9 10 11 12 1
0 6 1 2 3 4 8 9 10 11 13 1
0 6 1 2 3 4 8 9 10 11 14 1
0 6 1 2 3 4 8 9 10 12 13 1
0 6 1 2 3 4 8 9 10 12 14 1
0 6 1 2 3 4 8 9 10 13 14 1
0 6 1 2 3 4 8 9 11 12 13 1
0 6 1 2 3 4 8 9 11 12 14 1
0 6 1 2 3 4 8 9 11 13 14 1
0 6 1 2 3 4 8 9 12 13 14 1
0 6 1 2 3 4 8 10 11 12 13 1
0 6 1 2 3 4 8 10 11 12 14 1
0 6 1 2 3 4 8 10 11 13 14 1
0 6 1 2 3 4 8 10 12 13 14 1
0 6 1 2 3 4 8 11 12 13 14 1
0 6 1 2 3 4 9 10 11 12 13 1
0 6 1 2 3 4 9 10 11 12 14 1
0 6 1 2 3 4 9 10 11 13 14 1
0 6 1 2 3 4 9 10 12 13 14 1
0 6 1 2 3 4 9 11 12 13 14 1
0 6 1 2 3 4 10 11 12 13 14 1
0 6 1 2 3 5 7 8 9 10 11 0
0 6 1 2 3 5 7 8 9 10 12 0
0 6 1 2 3 5 7 8 9 10 13 0
0 6 1 2 3 5 7 8 9 10 14 0
0 6 1 2 3 5 7 8 9 11 12 1.41421
0 6 1 2 3 5 7 8 9 11 13 1.41421
0 6 1 2 3 5 7 8 9 11 14 1
0 6 1 2 3 5 7 8 9 12 13 1.41421
0 6 1 2 3 5 7 8 9 12 14 1
0 6 1 2 3 5 7 8 9 13 14 1
0 6 1 2 3 5 7 8 10 11 12 0
0 6 1 2 3 5 7 8 10 11 13 0
0 6 1 2 3 5 7 8 10 11 14 0
0 6 1 2 3 5 7 8 10 12 13 0
0 6 1 2 3 5 7 8 10 12 14 0
0 6 1 2 3 5 7 8 10 13 14 0
0 6 1 2 3 5 7 8 11 12 13 1.41421
0 6 1 2 3 5 7 8 11 12 14 1
0 6 1 2 3 5 7 8 11 13 14 1
0 6 1 2 3 5 7 8 12 13 14 1
0 6 1 2 3 5 7 9 10 11 12 0
0 6 1 2 3 5 7 9 10 11 13 0
0 6 1 2 3 5 7 9 10 11 14 0
0 6 1 2 3 5 7 9 10 12 13 0
0 6 1 2 3 5 7 9 10 12 14 0
0 6 1 2 3 5 7 9 10 13 14 0
0 6 1 2 3 5 7 9 11 12 13 1.73205
0 6 1 2 3 5 7 9 11 12 14 1.41421
0 6 1 2 3 5 7 9 11 13 14 1.41421
0 6 1 2 3 5 7 9 12 13 14 1.41421
0 6 1 2 3 5 7 10 11 12 13 0
0 6 1 2 3 5 7 10 11 12 14 0
0 6 1 2 3 5 7 10 11 13 14 0
0 6 1 2 3 5 7 10 12 13 14 0
0 6 1 2 3 5 7 11 12 13 14 1.41421
0 6 1 2 3 5 8 9 10 11 12 0
0 6 1 2 3 5 8 9 10 11 13 0
0 6 1 2 3 5 8 9 10 11 14 0
0 6 1 2 3 5 8 9 10 12 13 0
0 6 1 2 3 5 8 9 10 12 14 0
0 6 1 2 3 5 8 9 10 13 14 0
0 6 1 2 3 5 8 9 11 12 13 1.41421
0 6 1 2 3 5 8 9 11 12 14 1
0 6 1 2 3 5 8 9 11 13 14 1
0 6 1 2 3 5 8 9 12 13 14 1
0 6 1 2 3 5 8 10 11 12 13 0
0 6 1 2 3 5 8 10 11 12 14 0
0 6 1 2 3 5 8 10 11 13 14 0
0 6 1 2 3 5 8 10 12 13 14 0
0 6 1 2 3 5 8 11 12 13 14 1
0 6 1 2 3 5 9 10 11 12 13 0
0 6 1 2 3 5 9 10 11 12 14 0
0 6 1 2 3 5 9 10 11 13 14 0
0 6 1 2 3 5 9 10 12 13 14 0
0 6 1 2 3 5 9 11 12 13 14 1.41421
0 6 1 2 3 5 10 11 12 13 14 0
0 6 1 2 3 7 8 9 10 11 12 1
0 6 1 2 3 7 8 9 10 11 13 1
0 6 1 2 3 7 8 9 10 11 14 1
0 6 1 2 3 7 8 9 10 12 13 1
0 6 1 2 3 7 8 9 10 12 14 1
0 6 1 2 3 7 8 9 10 13 14 1
0 6 1 2 3 7 8 9 11 12 13 1.62019
0 6 1 2 3 7 8 9 11 12 14 1.41421
0 6 1 2 3 7 8 9 11 13 14 1.41421
0 6 1 2 3 7 8 9 12 13 14 1.41421
0 6 1 2 3 7 8 10 11 12 13 1
0 6 1 2 3 7 8 10 11 12 14 1
0 6 1 2 3 7 8 10 11 13 14 1
0 6 1 2 3 7 8 10 12 13 14 1
0 6 1 2 3 7 8 11 12 13 14 1.41421
0 6 1 2 3 7 9 10 11 12 13 1
0 6 1 2 3 7 9 10 11 12 14 1
0 6 1 2 3 7 9 10 11 13 14 1
0 6 1 2 3 7 9 10 12 13 14 1
0 6 1 2 3 7 9 11 12 13 14 1.62019
0 6 1 2 3 7 10 11 12 13 14 1
0 6 1 2 3 8 9 10 11 12 13 1.41421
0 6 1 2 3 8 9 10 11 12 14 1.41421
0 6 1 2 3 8 9 10 11 13 14 1.41421
0 6 1 2 3 8 9 10 12 13 14 1.41421
0 6 1 2 3 8 9 11 12 13 14 1.62019
0 6 1 2 3 8 10 11 12 13 14 1.41421
0 6 1 2 3 9 10 11 12 13 14 1.41421
0 6 1 2 4 5 7 8 9 10 11 0
0 6 1 2 4 5 7 8 9 10 12 1
0 6 1 2 4 5 7 8 9 10 13 1
0 6 1 2 4 5 7 8 9 10 14 1
0 6 1 2 4 5 7 8 9 11 12 1
0 6 1 2 4 5 7 8 9 11 13 1
0 6 1 2 4 5 7 8 9 11 14 0
0 6 1 2 4 5 7 8 9 12 13 1
0 6 1 2 4 5 7 8 9 12 14 1
0 6 1 2 4 5 7 8 9 13 14 1
0 6 1 2 4 5 7 8 10 11 12 0
0 6 1 2 4 5 7 8 10 11 13 0
0 6 1 2 4 5 7 8 10 11 14 0
0 6 1 2 4 5 7 8 10 12 13 1
0 6 1 2 4 5 7 8 10 12 14 1
0 6 1 2 4 5 7 8 10 13 14 1
0 6 1 2 4 5 7 8 11 12 13 1
0 6 1 2 4 5 7 8 11 12 14 0
0 6 1 2 4 5 7 8 11 13 14 0
0 6 1 2 4 5 7 8 12 13 14 1
0 6 1 2 4 5 7 9 10 11 12 0
0 6 1 2 4 5 7 9 10 11 13 0
0 6 1 2 4 5 7 9 10 11 14 0
0 6 1 2 4 5 7 9 10 12 13 1
0 6 1 2 4 5 7 9 10 12 14 1
0 6 1 2 4 5 7 9 10 13 14 1
0 6 1 2 4 5 7 9 11 12 13 1.41421
0 6 1 2 4 5 7 9 11 12 14 1
0 6 1 2 4 5 7 9 11 13 14 1
0 6 1 2 4 5 7 9 12 13 14 1
0 6 1 2 4 5 7 10 11 12 13 0
0 6 1 2 4 5 7 10 11 12 14 0
0 6 1 2 4 5 7 10 11 13 14 0
0 6 1 2 4 5 7 10 12 13 14 1
0 6 1 2 4 5 7 11 12 13 14 1
0 6 1 2 4 5 8 9 10 11 12 1
0 6 1 2 4 5 8 9 10 11 13 1
0 6 1 2 4 5 8 9 10 11 14 1
0 6 1 2 4 5 8 9 10 12 13 1.41421
0 6 1 2 4 5 8 9 10 12 14 1.41421
0 6 1 2 4 5 8 9 10 13 14 1.41421
0 6 1 2 4 5 8 9 11 12 13 1
0 6 1 2 4 5 8 9 11 12 14 1
0 6 1 2 4 5 8 9 11 13 14 1
0 6 1 2 4 5 8 9 12 13 14 1.41421
0 6 1 2 4 5 8 10 11 12 13 1
0 6 1 2 4 5 8 10 11 12 14 1
0 6 1 2 4 5 8 10 11 13 14 1
0 6 1 2 4 5 8 10 12 13 14 1.41421
0 6 1 2 4 5 8 11 12 13 14 1
0 6 1 2 4 5 9 10 11 12 13 1
0 6 1 2 4 5 9 10 11 12 14 1
0 6 1 2 4 5 9 10 11 13 14 1
0 6 1 2 4 5 9 10 12 13 14 1.41421
0 6 1 2 4 5 9 11 12 13 14 1
0 6 1 2 4 5 10 11 12 13 14 1
0 6 1 2 4 7 8 9 10 11 12 0
0 6 1 2 4 7 8 9 10 11 13 0
0 6 1 2 4 7 8 9 10 11 14 0
0 6 1 2 4 7 8 9 10 12 13 1
0 6 1 2 4 7 8 9 10 12 14 1
0 6 1 2 4 7 8 9 10 13 14 1
0 6 1 2 4 7 8 9 11 12 13 1
0 6 1 2 4 7 8 9 11 12 14 0
0 6 1 2 4 7 8 9 11 13 14 0
0 6 1 2 4 7 8 9 12 13 14 1
0 6 1 2 4 7 8 10 11 12 13 0
0 6 1 2 4 7 8 10 11 12 14 0
0 6 1 2 4 7 8 10 11 13 14 0
0 6 1 2 4 7 8 10 12 13 14 1
0 6 1 2 4 7 8 11 12 13 14 0
0 6 1 2 4 7 9 10 11 12 13 0
0 6 1 2 4 7 9 10 11 12 14 0
0 6 1 2 4 7 9 10 11 13 14 0
0 6 1 2 4 7 9 10 12 13 14 1
0 6 1 2 4 7 9 11 12 13 14 1
0 6 1 2 4 7 10 11 12 13 14 0
0 6 1 2 4 8 9 10 11 12 13 1.41421
0 6 1 2 4 8 9 10 11 12 14 1.41421
0 6 1 2 4 8 9 10 11 13 14 1.41421
0 6 1 2 4 8 9 10 12 13 14 1.62019
0 6 1 2 4 8 9 11 12 13 14 1.41421
0 6 1 2 4 8 10 11 12 13 14 1.41421
0 6 1 2 4 9 10 11 12 13 14 1.41421
0 6 1 2 5 7 8 9 10 11 12 0
0 6 1 2 5 7 8 9 10 11 13 0
0 6 1 2 5 7 8 9 10 11 14 0
0 6 1 2 5 7 8 9 10 12 13 1
0 6 1 2 5 7 8 9 10 12 14 1
0 6 1 2 5 7 8 9 10 13 14 1
0 6 1 2 5 7 8 9 11 12 13 1.41421
0 6 1 2 5 7 8 9 11 12 14 1
0 6 1 2 5 7 8 9 11 13 14 1
0 6 1 2 5 7 8 9 12 13 14 1
0 6 1 2 5 7 8 10 11 12 13 0
0 6 1 2 5 7 8 10 11 12 14 0
0 6 1 2 5 7 8 10 11 13 14 0
0 6 1 2 5 7 8 10 12 13 14 1
0 6 1 2 5 7 8 11 12 13 14 1
0 6 1 2 5 7 9 10 11 12 13 0
0 6 1 2 5 7 9 10 11 12 14 0
0 6 1 2 5 7 9 10 11 13 14 0
0 6 1 2 5 7 9 10 12 13 14 1
0 6 1 2 5 7 9 11 12 13 14 1.41421
0 6 1 2 5 7 10 11 12 13 14 0
0 6 1 2 5 8 9 10 11 12 13 1
0 6 1 2 5 8 9 10 11 12 14 1
0 6 1 2 5 8 9 10 11 13 14 1
0 6 1 2 5 8 9 10 12 13 14 1.41421
0 6 1 2 5 8 9 11 12 13 14 1
0 6 1 2 5 8 10 11 12 13 14 1
0 6 1 2 5 9 10 11 12 13 14 1
0 6 1 2 7 8 9 10 11 12 13 1
0 6 1 2 7 8 9 10 11 12 14 1
0 6 1 2 7 8 9 10 11 13 14 1
0 6 1 2 7 8 9 10 12 13 14 1
0 6 1 2 7 8 9 11 12 13 14 1.41421
0 6 1 2 7 8 10 11 12 13 14 1
0 6 1 2 7 9 10 11 12 13 14 1
0 6 1 2 8 9 10 11 12 13 14 1.62019
0 6 1 3 4 5 7 8 9 10 11 0
0 6 1 3 4 5 7 8 9 10 12 0
0 6 1 3 4 5 7 8 9 10 13 0
0 6 1 3 4 5 7 8 9 10 14 0
0 6 1 3 4 5 7 8 9 11 12 1
0 6 1 3 4 5 7 8 9 11 13 1
0 6 1 3 4 5 7 8 9 11 14 0
0 6 1 3 4 5 7 8 9 12 13 1
0 6 1 3 4 5 7 8 9 12 14 0
0 6 1 3 4 5 7 8 9 13 14 0
0 6 1 3 4 5 7 8 10 11 12 0
0 6 1 3 4 5 7 8 10 11 13 0
0 6 1 3 4 5 7 8 10 11 14 0
0 6 1 3 4 5 7 8 10 12 13 0
0 6 1 3 4 5 7 8 10 12 14 0
0 6 1 3 4 5 7 8 10 13 14 0
0 6 1 3 4 5 7 8 11 12 13 1
0 6 1 3 4 5 7 8 11 12 14 0
0 6 1 3 4 5 7 8 11 13 14 0
0 6 1 3 4 5 7 8 12 13 14 0
0 6 1 3 4 5 7 9 10 11 12 0
0 6 1 3 4 5 7 9 10 11 13 0
0 6 1 3 4 5 7 9 10 11 14 0
0 6 1 3 4 5 7 9 10 12 13 0
0 6 1 3 4 5 7 9 10 12 14 0
0 6 1 3 4 5 7 9 10 13 14 0
0 6 1 3 4 5 7 9 11 12 13 1.41421
0 6 1 3 4 5 7 9 11 12 14 1
0 6 1 3 4 5 7 9 11 13 14 1
0 6 1 3 4 5 7 9 12 13 14 1
0 6 1 3 4 5 7 10 11 12 13 0
0 6 1 3 4 5 7 10 11 12 14 0
0 6 1 3 4 5 7 10 11 13 14 0
0 6 1 3 4 5 7 10 12 13 14 0
0 6 1 3 4 5 7 11 12 13 14 1
0 6 1 3 4 5 8 9 10 11 12 0
0 6 1 3 4 5 8 9 10 11 13 0
0 6 1 3 4 5 8 9 10 11 14 0
0 6 1 3 4 5 8 9 10 12 13 0
0 6 1 3 4 5 8 9 10 12 14 0
0 6 1 3 4 5 8 9 10 13 14 0
0 6 1 3 4 5 8 9 11 12 13 1
0 6 1 3 4 5 8 9 11 12 14 0
0 6 1 3 4 5 8 9 11 13 14 0
0 6 1 3 4 5 8 9 12 13 14 0
0 6 1 3 4 5 8 10 11 12 13 0
0 6 1 3 4 5 8 10 11 12 14 0
0 6 1 3 4 5 8 10 11 13 14 0
0 6 1 3 4 5 8 10 12 13 14 0
0 6 1 3 4 5 8 11 12 13 14 0
0 6 1 3 4 5 9 10 11 12 13 0
0 6 1 3 4 5 9 10 11 12 14 0
0 6 1 3 4 5 9 10 11 13 14 0
0 6 1 3 4 5 9 10 12 13 14 0
0 6 1 3 4 5 9 11 12 13 14 1
0 6 1 3 4 5 10 11 12 13 14 0
0 6 1 3 4 7 8 9 10 11 12 1
0 6 1 3 4 7 8 9 10 11 13 1
0 6 1 3 4 7 8 9 10 11 14 1
0 6 1 3 4 7 8 9 10 12 13 1
0 6 1 3 4 7 8 9 10 12 14 1
0 6 1 3 4 7 8 9 10 13 14 1
0 6 1 3 4 7 8 9 11 12 13 1
0 6 1 3 4 7 8 9 11 12 14 1
0 6 1 3 4 7 8 9 11 13 14 1
0 6 1 3 4 7 8 9 12 13 14 1
0 6 1 3 4 7 8 10 11 12 13 1
0 6 1 3 4 7 8 10 11 12 14 1
0 6 1 3 4 7 8 10 11 13 14 1
0 6 1 3 4 7 8 10 12 13 14 1
0 6 1 3 4 7 8 11 12 13 14 1
0 6 1 3 4 7 9 10 11 12 13 1
0 6 1 3 4 7 9 10 11 12 14 1
0 6 1 3 4 7 9 10 11 13 14 1
0 6 1 3 4 7 9 10 12 13 14 1
0 6 1 3 4 7 9 11 12 13 14 1
0 6 1 3 4 7 10 11 12 13 14 1
0 6 1 3 4 8 9 10 11 12 13 1.41421
0 6 1 3 4 8 9 10 11 12 14 1.41421
0 6 1 3 4 8 9 10 11 13 14 1.41421
0 6 1 3 4 8 9 10 12 13 14 1.41421
0 6 1 3 4 8 9 11 12 13 14 1.41421
0 6 1 3 4 8 10 11 12 13 14 1.41421
0 6 1 3 4 9 10 11 12 13 14 1.41421
0 6 1 3 5 7 8 9 10 11 12 0
0 6 1 3 5 7 8 9 10 11 13 0
0 6 1 3 5 7 8 9 10 11 14 0
0 6 1 3 5 7 8 9 10 12 13 0
0 6 1 3 5 7 8 9 10 12 14 0
0 6 1 3 5 7 8 9 10 13 14 0
0 6 1 3 5 7 8 9 11 12 13 1.41421
0 6 1 3 5 7 8 9 11 12 14 1
0 6 1 3 5 7 8 9 11 13 14 1
0 6 1 3 5 7 8 9 12 13 14 1
0 6 1 3 5 7 8 10 11 12 13 0
0 6 1 3 5 7 8 10 11 12 14 0
0 6 1 3 5 7 8 10 11 13 14 0
0 6 1 3 5 7 8 10 12 13 14 0
0 6 1 3 5 7 8 11 12 13 14 1
0 6 1 3 5 7 9 10 11 12 13 0
0 6 1 3 5 7 9 10 11 12 14 0
0 6 1 3 5 7 9 10 11 13 14 0
0 6 1 3 5 7 9 10 12 13 14 0
0 6 1 3 5 7 9 11 12 13 14 1.41421
0 6 1 3 5 7 10 11 12 13 14 0
0 6 1 3 5 8 9 10 11 12 13 0
0 6 1 3 5 8 9 10 11 12 14 0
0 6 1 3 5 8 9 10 11 13 14 0
0 6 1 3 5 8 9 10 12 13 14 0
0 6 1 3 5 8 9 11 12 13 14 1
0 6 1 3 5 8 10 11 12 13 14 0
0 6 1 3 5 9 10 11 12 13 14 0
0 6 1 3 7 8 9 10 11 12 13 1.41421
0 6 1 3 7 8 9 10 11 12 14 1.41421
0 6 1 3 7 8 9 10 11 13 14 1.41421
0 6 1 3 7 8 9 10 12 13 14 1.41421
0 6 1 3 7 8 9 11 12 13 14 1.62019
0 6 1 3 7 8 10 11 12 13 14 1.41421
0 6 1 3 7 9 10 11 12 13 14 1.41421
0 6 1 3 8 9 10 11 12 13 14 1.73205
0 6 1 4 5 7 8 9 10 11 12 1
0 6 1 4 5 7 8 9 10 11 13 1
0 6 1 4 5 7 8 9 10 11 14 1
0 6 1 4 5 7 8 9 10 12 13 1.41421
0 6 1 4 5 7 8 9 10 12 14 1.41421
0 6 1 4 5 7 8 9 10 13 14 1.41421
0 6 1 4 5 7 8 9 11 12 13 1
0 6 1 4 5 7 8 9 11 12 14 1
0 6 1 4 5 7 8 9 11 13 14 1
0 6 1 4 5 7 8 9 12 13 14 1.41421
0 6 1 4 5 7 8 10 11 12 13 1
0 6 1 4 5 7 8 10 11 12 14 1
0 6 1 4 5 7 8 10 11 13 14 1
0 6 1 4 5 7 8 10 12 13 14 1.41421
0 6 1 4 5 7 8 11 12 13 14 1
0 6 1 4 5 7 9 10 11 12 13 1
0 6 1 4 5 7 9 10 11 12 14 1
0 6 1 4 5 7 9 10 11 13 14 1
0 6 1 4 5 7 9 10 12 13 14 1.41421
0 6 1 4 5 7 9 11 12 13 14 1
0 6 1 4 5 7 10 11 12 13 14 1
0 6 1 4 5 8 9 10 11 12 13 1.41421
0 6 1 4 5 8 9 10 11 12 14 1.41421
0 6 1 4 5 8 9 10 11 13 14 1.41421
0 6 1 4 5 8 9 10 12 13 14 1.73205
0 6 1 4 5 8 9 11 12 13 14 1.41421
0 6 1 4 5 8 10 11 12 13 14 1.41421
0 6 1 4 5 9 10 11 12 13 14 1.41421
0 6 1 4 7 8 9 10 11 12 13 1.41421
0 6 1 4 7 8 9 10 11 12 14 1.41421
0 6 1 4 7 8 9 10 11 13 14 1.41421
0 6 1 4 7 8 9 10 12 13 14 1.62019
0 6 1 4 7 8 9 11 12 13 14 1.41421
0 6 1 4 7 8 10 11 12 13 14 1.41421
0 6 1 4 7 9 10 11 12 13 14 1.41421
0 6 1 4 8 9 10 11 12 13 14 2
0 6 1 5 7 8 9 10 11 12 13 1
0 6 1 5 7 8 9 10 11 12 14 1
0 6 1 5 7 8 9 10 11 13 14 1
0 6 1 5 7 8 9 10 12 13 14 1.41421
0 6 1 5 7 8 9 11 12 13 14 1
0 6 1 5 7 8 10 11 12 13 14 1
0 6 1 5 7 9 10 11 12 13 14 1
0 6 1 5 8 9 10 11 12 13 14 1.41421
0 6 1 7 8 9 10 11 12 13 14 1.62019
0 6 2 3 4 5 7 8 9 10 11 1.41421
0 6 2 3 4 5 7 8 9 10 12 1
0 6 2 3 4 5 7 8 9 10 13 1
0 6 2 3 4 5 7 8 9 10 14 1.41421
0 6 2 3 4 5 7 8 9 11 12 1
0 6 2 3 4 5 7 8 9 11 13 1
0 6 2 3 4 5 7 8 9 11 14 1.41421
0 6 2 3 4 5 7 8 9 12 13 1
0 6 2 3 4 5 7 8 9 12 14 1
0 6 2 3 4 5 7 8 9 13 14 1
0 6 2 3 4 5 7 8 10 11 12 1
0 6 2 3 4 5 7 8 10 11 13 1
0 6 2 3 4 5 7 8 10 11 14 1.41421
0 6 2 3 4 5 7 8 10 12 13 0
0 6 2 3 4 5 7 8 10 12 14 1
0 6 2 3 4 5 7 8 10 13 14 1
0 6 2 3 4 5 7 8 11 12 13 1
0 6 2 3 4 5 7 8 11 12 14 1
0 6 2 3 4 5 7 8 11 13 14 1
0 6 2 3 4 5 7 8 12 13 14 0
0 6 2 3 4 5 7 9 10 11 12 1.41421
0 6 2 3 4 5 7 9 10 11 13 1.41421
0 6 2 3 4 5 7 9 10 11 14 1.73205
0 6 2 3 4 5 7 9 10 12 13 1
0 6 2 3 4 5 7 9 10 12 14 1.41421
0 6 2 3 4 5 7 9 10 13 14 1.41421
0 6 2 3 4 5 7 9 11 12 13 1.62019
0 6 2 3 4 5 7 9 11 12 14 1.62019
0 6 2 3 4 5 7 9 11 13 14 1.62019
0 6 2 3 4 5 7 9 12 13 14 1.41421
0 6 2 3 4 5 7 10 11 12 13 1
0 6 2 3 4 5 7 10 11 12 14 1.41421
0 6 2 3 4 5 7 10 11 13 14 1.41421
0 6 2 3 4 5 7 10 12 13 14 1
0 6 2 3 4 5 7 11 12 13 14 1.41421
0 6 2 3 4 5 8 9 10 11 12 1.41421
0 6 2 3 4 5 8 9 10 11 13 1.41421
0 6 2 3 4 5 8 9 10 11 14 1.73205
0 6 2 3 4 5 8 9 10 12 13 1
0 6 2 3 4 5 8 9 10 12 14 1.41421
0 6 2 3 4 5 8 9 10 13 14 1.41421
0 6 2 3 4 5 8 9 11 12 13 1
0 6 2 3 4 5 8 9 11 12 14 1.41421
0 6 2 3 4 5 8 9 11 13 14 1.41421
0 6 2 3 4 5 8 9 12 13 14 1
0 6 2 3 4 5 8 10 11 12 13 1
0 6 2 3 4 5 8 10 11 12 14 1.41421
0 6 2 3 4 5 8 10 11 13 14 1.41421
0 6 2 3 4 5 8 10 12 13 14 1
0 6 2 3 4 5 8 11 12 13 14 1
0 6 2 3 4 5 9 10 11 12 13 1.41421
0 6 2 3 4 5 9 10 11 12 14 1.73205
0 6 2 3 4 5 9 10 11 13 14 1.73205
0 6 2 3 4 5 9 10 12 13 14 1.41421
0 6 2 3 4 5 9 11 12 13 14 1.62019
0 6 2 3 4 5 10 11 12 13 14 1.41421
0 6 2 3 4 7 8 9 10 11 12 1
0 6 2 3 4 7 8 9 10 11 13 1
0 6 2 3 4 7 8 9 10 11 14 1.41421
0 6 2 3 4 7 8 9 10 12 13 0
0 6 2 3 4 7 8 9 10 12 14 1
0 6 2 3 4 7 8 9 10 13 14 1
0 6 2 3 4 7 8 9 11 12 13 1
0 6 2 3 4 7 8 9 11 12 14 1
0 6 2 3 4 7 8 9 11 13 14 1
0 6 2 3 4 7 8 9 12 13 14 0
0 6 2 3 4 7 8 10 11 12 13 0
0 6 2 3 4 7 8 10 11 12 14 1
0 6 2 3 4 7 8 10 11 13 14 1
0 6 2 3 4 7 8 10 12 13 14 0
0 6 2 3 4 7 8 11 12 13 14 0
0 6 2 3 4 7 9 10 11 12 13 1
0 6 2 3 4 7 9 10 11 12 14 1.41421
0 6 2 3 4 7 9 10 11 13 14 1.41421
0 6 2 3 4 7 9 10 12 13 14 1
0 6 2 3 4 7 9 11 12 13 14 1.41421
0 6 2 3 4 7 10 11 12 13 14 1
0 6 2 3 4 8 9 10 11 12 13 1.41421
0 6 2 3 4 8 9 10 11 12 14 1.62019
0 6 2 3 4 8 9 10 11 13 14 1.62019
0 6 2 3 4 8 9 10 12 13 14 1.41421
0 6 2 3 4 8 9 11 12 13 14 1.41421
0 6 2 3 4 8 10 11 12 13 14 1.41421
0 6 2 3 4 9 10 11 12 13 14 1.62019
0 6 2 3 5 7 8 9 10 11 12 1
0 6 2 3 5 7 8 9 10 11 13 1
0 6 2 3 5 7 8 9 10 11 14 1.41421
0 6 2 3 5 7 8 9 10 12 13 0
0 6 2 3 5 7 8 9 10 12 14 1
0 6 2 3 5 7 8 9 10 13 14 1
0 6 2 3 5 7 8 9 11 12 13 1.41421
0 6 2 3 5 7 8 9 11 12 14 1
0 6 2 3 5 7 8 9 11 13 14 1
0 6 2 3 5 7 8 9 12 13 14 1
0 6 2 3 5 7 8 10 11 12 13 0
0 6 2 3 5 7 8 10 11 12 14 1
0 6 2 3 5 7 8 10 11 13 14 1
0 6 2 3 5 7 8 10 12 13 14 0
0 6 2 3 5 7 8 11 12 13 14 1
0 6 2 3 5 7 9 10 11 12 13 1
0 6 2 3 5 7 9 10 11 12 14 1.41421
0 6 2 3 5 7 9 10 11 13 14 1.41421
0 6 2 3 5 7 9 10 12 13 14 1
0 6 2 3 5 7 9 11 12 13 14 1.62019
0 6 2 3 5 7 10 11 12 13 14 1
0 6 2 3 5 8 9 10 11 12 13 1
0 6 2 3 5 8 9 10 11 12 14 1.41421
0 6 2 3 5 8 9 10 11 13 14 1.41421
0 6 2 3 5 8 9 10 12 13 14 1
0 6 2 3 5 8 9 11 12 13 14 1
0 6 2 3 5 8 10 11 12 13 14 1
0 6 2 3 5 9 10 11 12 13 14 1.41421
0 6 2 3 7 8 9 10 11 12 13 1
0 6 2 3 7 8 9 10 11 12 14 1
0 6 2 3 7 8 9 10 11 13 14 1
0 6 2 3 7 8 9 10 12 13 14 1
0 6 2 3 7 8 9 11 12 13 14 1.41421
0 6 2 3 7 8 10 11 12 13 14 1
0 6 2 3 7 9 10 11 12 13 14 1
0 6 2 3 8 9 10 11 12 13 14 1.62019
0 6 2 4 5 7 8 9 10 11 12 1
0 6 2 4 5 7 8 9 10 11 13 1
0 6 2 4 5 7 8 9 10 11 14 1.41421
0 6 2 4 5 7 8 9 10 12 13 1
0 6 2 4 5 7 8 9 10 12 14 1
0 6 2 4 5 7 8 9 10 13 14 1
0 6 2 4 5 7 8 9 11 12 13 1
0 6 2 4 5 7 8 9 11 12 14 1
0 6 2 4 5 7 8 9 11 13 14 1
0 6 2 4 5 7 8 9 12 13 14 1
0 6 2 4 5 7 8 10 11 12 13 0
0 6 2 4 5 7 8 10 11 12 14 1
0 6 2 4 5 7 8 10 11 13 14 1
0 6 2 4 5 7 8 10 12 13 14 1
0 6 2 4 5 7 8 11 12 13 14 0
0 6 2 4 5 7 9 10 11 12 13 1
0 6 2 4 5 7 9 10 11 12 14 1.41421
0 6 2 4 5 7 9 10 11 13 14 1.41421
0 6 2 4 5 7 9 10 12 13 14 1
0 6 2 4 5 7 9 11 12 13 14 1.41421
0 6 2 4 5 7 10 11 12 13 14 1
0 6 2 4 5 8 9 10 11 12 13 1.41421
0 6 2 4 5 8 9 10 11 12 14 1.62019
0 6 2 4 5 8 9 10 11 13 14 1.62019
0 6 2 4 5 8 9 10 12 13 14 1.62019
0 6 2 4 5 8 9 11 12 13 14 1.41421
0 6 2 4 5 8 10 11 12 13 14 1.41421
0 6 2 4 5 9 10 11 12 13 14 1.62019
0 6 2 4 7 8 9 10 11 12 13 0
0 6 2 4 7 8 9 10 11 12 14 1
0 6 2 4 7 8 9 10 11 13 14 1
0 6 2 4 7 8 9 10 12 13 14 1
0 6 2 4 7 8 9 11 12 13 14 0
0 6 2 4 7 8 10 11 12 13 14 0
0 6 2 4 7 9 10 11 12 13 14 1
0 6 2 4 8 9 10 11 12 13 14 1.73205
0 6 2 5 7 8 9 10 11 12 13 0
0 6 2 5 7 8 9 10 11 12 14 1
0 6 2 5 7 8 9 10 11 13 14 1
0 6 2 5 7 8 9 10 12 13 14 1
0 6 2 5 7 8 9 11 12 13 14 1
0 6 2 5 7 8 10 11 12 13 14 0
0 6 2 5 7 9 10 11 12 13 14 1
0 6 2 5 8 9 10 11 12 13 14 1.41421
0 6 2 7 8 9 10 11 12 13 14 1
0 6 3 4 5 7 8 9 10 11 12 1.41421
0 6 3 4 5 7 8 9 10 11 13 1.41421
0 6 3 4 5 7 8 9 10 11 14 1.73205
0 6 3 4 5 7 8 9 10 12 13 1
0 6 3 4 5 7 8 9 10 12 14 1.41421
0 6 3 4 5 7 8 9 10 13 14 1.41421
0 6 3 4 5 7 8 9 11 12 13 1
0 6 3 4 5 7 8 9 11 12 14 1.41421
0 6 3 4 5 7 8 9 11 13 14 1.41421
0 6 3 4 5 7 8 9 12 13 14 1
0 6 3 4 5 7 8 10 11 12 13 1
0 6 3 4 5 7 8 10 11 12 14 1.41421
0 6 3 4 5 7 8 10 11 13 14 1.41421
0 6 3 4 5 7 8 10 12 13 14 1
0 6 3 4 5 7 8 11 12 13 14 1
0 6 3 4 5 7 9 10 11 12 13 1.41421
0 6 3 4 5 7 9 10 11 12 14 1.73205
0 6 3 4 5 7 9 10 11 13 14 1.73205
0 6 3 4 5 7 9 10 12 13 14 1.41421
0 6 3 4 5 7 9 11 12 13 14 1.62019
0 6 3 4 5 7 10 11 12 13 14 1.41421
0 6 3 4 5 8 9 10 11 12 13 1.41421
0 6 3 4 5 8 9 10 11 12 14 1.73205
0 6 3 4 5 8 9 10 11 13 14 1.73205
0 6 3 4 5 8 9 10 12 13 14 1.41421
0 6 3 4 5 8 9 11 12 13 14 1.41421
0 6 3 4 5 8 10 11 12 13 14 1.41421
0 6 3 4 5 9 10 11 12 13 14 1.73205
0 6 3 4 7 8 9 10 11 12 13 1.41421
0 6 3 4 7 8 9 10 11 12 14 1.62019
0 6 3 4 7 8 9 10 11 13 14 1.62019
0 6 3 4 7 8 9 10 12 13 14 1.41421
0 6 3 4 7 8 9 11 12 13 14 1.41421
0 6 3 4 7 8 10 11 12 13 14 1.41421
0 6 3 4 7 9 10 11 12 13 14 1.62019
0 6 3 4 8 9 10 11 12 13 14 2
0 6 3 5 7 8 9 10 11 12 13 1
0 6 3 5 7 8 9 10 11 12 14 1.41421
0 6 3 5 7 8 9 10 11 13 14 1.41421
0 6 3 5 7 8 9 10 12 13 14 1
0 6 3 5 7 8 9 11 12 13 14 1
0 6 3 5 7 8 10 11 12 13 14 1
0 6 3 5 7 9 10 11 12 13 14 1.41421
0 6 3 5 8 9 10 11 12 13 14 1.41421
0 6 3 7 8 9 10 11 12 13 14 1.62019
0 6 4 5 7 8 9 10 11 12 13 1.41421
0 6 4 5 7 8 9 10 11 12 14 1.62019
0 6 4 5 7 8 9 10 11 13 14 1.62019
0 6 4 5 7 8 9 10 12 13 14 1.62019
0 6 4 5 7 8 9 11 12 13 14 1.41421
0 6 4 5 7 8 10 11 12 13 14 1.41421
0 6 4 5 7 9 10 11 12 13 14 1.62019
0 6 4 5 8 9 10 11 12 13 14 2
0 6 4 7 8 9 10 11 12 13 14 1.73205
0 6 5 7 8 9 10 11 12 13 14 1.41421
