4 6 0 1 2 3 5 7 8 9 10 11 0
4 6 0 1 2 3 5 7 8 9 10 12 0
4 6 0 1 2 3 5 7 8 9 10 13 0
4 6 0 1 2 3 5 7 8 9 10 14 0
4 6 0 1 2 3 5 7 8 9 11 12 1
4 6 0 1 2 3 5 7 8 9 11 13 1
4 6 0 1 2 3 5 7 8 9 11 14 0
4 6 0 1 2 3 5 7 8 9 12 13 1
4 6 0 1 2 3 5 7 8 9 12 14 0
4 6 0 1 2 3 5 7 8 9 13 14 0
4 6 0 1 2 3 5 7 8 10 11 12 0
4 6 0 1 2 3 5 7 8 10 11 13 0
4 6 0 1 2 3 5 7 8 10 11 14 0
4 6 0 1 2 3 5 7 8 10 12 13 0
4 6 0 1 2 3 5 7 8 10 12 14 0
4 6 0 1 2 3 5 7 8 10 13 14 0
4 6 0 1 2 3 5 7 8 11 12 13 1
4 6 0 1 2 3 5 7 8 11 12 14 0
4 6 0 1 2 3 5 7 8 11 13 14 0
4 6 0 1 2 3 5 7 8 12 13 14 0
4 6 0 1 2 3 5 7 9 10 11 12 0
4 6 0 1 2 3 5 7 9 10 11 13 0
4 6 0 1 2 3 5 7 9 10 11 14 0
4 6 0 1 2 3 5 7 9 10 12 13 0
4 6 0 1 2 3 5 7 9 10 12 14 0
4 6 0 1 2 3 5 7 9 10 13 14 0
4 6 0 1 2 3 5 7 9 11 12 13 1.41421
4 6 0 1 2 3 5 7 9 11 12 14 1
4 6 0 1 2 3 5 7 9 11 13 14 1
4 6 0 1 2 3 5 7 9 12 13 14 1
4 6 0 1 2 3 5 7 10 11 12 13 0
4 6 0 1 2 3 5 7 10 11 12 14 0
4 6 0 1 2 3 5 7 10 11 13 14 0
4 6 0 1 2 3 5 7 10 12 13 14 0
4 6 0 1 2 3 5 7 11 12 13 14 1
4 6 0 1 2 3 5 8 9 10 11 12 0
4 6 0 1 2 3 5 8 9 10 11 13 0
4 6 0 1 2 3 5 8 9 10 11 14 0
4 6 0 1 2 3 5 8 9 10 12 13 0
4 6 0 1 2 3 5 8 9 10 12 14 0
4 6 0 1 2 3 5 8 9 10 13 14 0
4 6 0 1 2 3 5 8 9 11 12 13 1
4 6 0 1 2 3 5 8 9 11 12 14 0
4 6 0 1 2 3 5 8 9 11 13 14 0
4 6 0 1 2 3 5 8 9 12 13 14 0
4 6 0 1 2 3 5 8 10 11 12 13 0
4 6 0 1 2 3 5 8 10 11 12 14 0
4 6 0 1 2 3 5 8 10 11 13 14 0
4 6 0 1 2 3 5 8 10 12 13 14 0
4 6 0 1 2 3 5 8 11 12 13 14 0
4 6 0 1 2 3 5 9 10 11 12 13 0
4 6 0 1 2 3 5 9 10 11 12 14 0
4 6 0 1 2 3 5 9 10 11 13 14 0
4 6 0 1 2 3 5 9 10 12 13 14 0
4 6 0 1 2 3 5 9 11 12 13 14 1
4 6 0 1 2 3 5 10 11 12 13 14 0
4 6 0 1 2 3 7 8 9 10 11 12 0
4 6 0 1 2 3 7 8 9 10 11 13 0
4 6 0 1 2 3 7 8 9 10 11 14 0
4 6 0 1 2 3 7 8 9 10 12 13 0
4 6 0 1 2 3 7 8 9 10 12 14 0
4 6 0 1 2 3 7 8 9 10 13 14 0
4 6 0 1 2 3 7 8 9 11 12 13 1
4 6 0 1 2 3 7 8 9 11 12 14 0
4 6 0 1 2 3 7 8 9 11 13 14 0
4 6 0 1 2 3 7 8 9 12 13 14 0
4 6 0 1 2 3 7 8 10 11 12 13 0
4 6 0 1 2 3 7 8 10 11 12 14 0
4 6 0 1 2 3 7 8 10 11 13 14 0
4 6 0 1 2 3 7 8 10 12 13 14 0
4 6 0 1 2 3 7 8 11 12 13 14 0
4 6 0 1 2 3 7 9 10 11 12 13 0
4 6 0 1 2 3 7 9 10 11 12 14 0
4 6 0 1 2 3 7 9 10 11 13 14 0
4 6 0 1 2 3 7 9 10 12 13 14 0
4 6 0 1 2 3 7 9 11 12 13 14 1
4 6 0 1 2 3 7 10 11 12 13 14 0
4 6 0 1 2 3 8 9 10 11 12 13 1
4 6 0 1 2 3 8 9 10 11 12 14 1
4 6 0 1 2 3 8 9 10 11 13 14 1
4 6 0 1 2 3 8 9 10 12 13 14 1
4 6 0 1 2 3 8 9 11 12 13 14 1
4 6 0 1 2 3 8 10 11 12 13 14 1
4 6 0 1 2 3 9 10 11 12 13 14 1
4 6 0 1 2 5 7 8 9 10 11 12 0
4 6 0 1 2 5 7 8 9 10 11 13 0
4 6 0 1 2 5 7 8 9 10 11 14 0
4 6 0 1 2 5 7 8 9 10 12 13 1
4 6 0 1 2 5 7 8 9 10 12 14 1
4 6 0 1 2 5 7 8 9 10 13 14 1
4 6 0 1 2 5 7 8 9 11 12 13 1
4 6 0 1 2 5 7 8 9 11 12 14 0
4 6 0 1 2 5 7 8 9 11 13 14 0
4 6 0 1 2 5 7 8 9 12 13 14 1
4 6 0 1 2 5 7 8 10 11 12 13 0
4 6 0 1 2 5 7 8 10 11 12 14 0
4 6 0 1 2 5 7 8 10 11 13 14 0
4 6 0 1 2 5 7 8 10 12 13 14 1
4 6 0 1 2 5 7 8 11 12 13 14 0
4 6 0 1 2 5 7 9 10 11 12 13 0
4 6 0 1 2 5 7 9 10 11 12 14 0
4 6 0 1 2 5 7 9 10 11 13 14 0
4 6 0 1 2 5 7 9 10 12 13 14 1
4 6 0 1 2 5 7 9 11 12 13 14 1
4 6 0 1 2 5 7 10 11 12 13 14 0
4 6 0 1 2 5 8 9 10 11 12 13 1
4 6 0 1 2 5 8 9 10 11 12 14 1
4 6 0 1 2 5 8 9 10 11 13 14 1
4 6 0 1 2 5 8 9 10 12 13 14 1.41421
4 6 0 1 2 5 8 9 11 12 13 14 1
4 6 0 1 2 5 8 10 11 12 13 14 1
4 6 0 1 2 5 9 10 11 12 13 14 1
4 6 0 1 2 7 8 9 10 11 12 13 0
4 6 0 1 2 7 8 9 10 11 12 14 0
4 6 0 1 2 7 8 9 10 11 13 14 0
4 6 0 1 2 7 8 9 10 12 13 14 1
4 6 0 1 2 7 8 9 11 12 13 14 0
4 6 0 1 2 7 8 10 11 12 13 14 0
4 6 0 1 2 7 9 10 11 12 13 14 0
4 6 0 1 2 8 9 10 11 12 13 14 1.41421
4 6 0 1 3 5 7 8 9 10 11 12 0
4 6 0 1 3 5 7 8 9 10 11 13 0
4 6 0 1 3 5 7 8 9 10 11 14 0
4 6 0 1 3 5 7 8 9 10 12 13 0
4 6 0 1 3 5 7 8 9 10 12 14 0
4 6 0 1 3 5 7 8 9 10 13 14 0
4 6 0 1 3 5 7 8 9 11 12 13 1
4 6 0 1 3 5 7 8 9 11 12 14 0
4 6 0 1 3 5 7 8 9 11 13 14 0
4 6 0 1 3 5 7 8 9 12 13 14 0
4 6 0 1 3 5 7 8 10 11 12 13 0
4 6 0 1 3 5 7 8 10 11 12 14 0
4 6 0 1 3 5 7 8 10 11 13 14 0
4 6 0 1 3 5 7 8 10 12 13 14 0
4 6 0 1 3 5 7 8 11 12 13 14 0
4 6 0 1 3 5 7 9 10 11 12 13 0
4 6 0 1 3 5 7 9 10 11 12 14 0
4 6 0 1 3 5 7 9 10 11 13 14 0
4 6 0 1 3 5 7 9 10 12 13 14 0
4 6 0 1 3 5 7 9 11 12 13 14 1
4 6 0 1 3 5 7 10 11 12 13 14 0
4 6 0 1 3 5 8 9 10 11 12 13 0
4 6 0 1 3 5 8 9 10 11 12 14 0
4 6 0 1 3 5 8 9 10 11 13 14 0
4 6 0 1 3 5 8 9 10 12 13 14 0
4 6 0 1 3 5 8 9 11 12 13 14 0
4 6 0 1 3 5 8 10 11 12 13 14 0
4 6 0 1 3 5 9 10 11 12 13 14 0
4 6 0 1 3 7 8 9 10 11 12 13 1
4 6 0 1 3 7 8 9 10 11 12 14 1
4 6 0 1 3 7 8 9 10 11 13 14 1
4 6 0 1 3 7 8 9 10 12 13 14 1
4 6 0 1 3 7 8 9 11 12 13 14 1
4 6 0 1 3 7 8 10 11 12 13 14 1
4 6 0 1 3 7 9 10 11 12 13 14 1
4 6 0 1 3 8 9 10 11 12 13 14 1.41421
4 6 0 1 5 7 8 9 10 11 12 13 1
4 6 0 1 5 7 8 9 10 11 12 14 1
4 6 0 1 5 7 8 9 10 11 13 14 1
4 6 0 1 5 7 8 9 10 12 13 14 1.41421
4 6 0 1 5 7 8 9 11 12 13 14 1
4 6 0 1 5 7 8 10 11 12 13 14 1
4 6 0 1 5 7 9 10 11 12 13 14 1
4 6 0 1 5 8 9 10 11 12 13 14 1.41421
4 6 0 1 7 8 9 10 11 12 13 14 1.41421
4 6 0 2 3 5 7 8 9 10 11 12 1
4 6 0 2 3 5 7 8 9 10 11 13 1
4 6 0 2 3 5 7 8 9 10 11 14 1.41421
4 6 0 2 3 5 7 8 9 10 12 13 0
4 6 0 2 3 5 7 8 9 10 12 14 1
4 6 0 2 3 5 7 8 9 10 13 14 1
4 6 0 2 3 5 7 8 9 11 12 13 1
4 6 0 2 3 5 7 8 9 11 12 14 1
4 6 0 2 3 5 7 8 9 11 13 14 1
4 6 0 2 3 5 7 8 9 12 13 14 0
4 6 0 2 3 5 7 8 10 11 12 13 0
4 6 0 2 3 5 7 8 10 11 12 14 1
4 6 0 2 3 5 7 8 10 11 13 14 1
4 6 0 2 3 5 7 8 10 12 13 14 0
4 6 0 2 3 5 7 8 11 12 13 14 0
4 6 0 2 3 5 7 9 10 11 12 13 1
4 6 0 2 3 5 7 9 10 11 12 14 1.41421
4 6 0 2 3 5 7 9 10 11 13 14 1.41421
4 6 0 2 3 5 7 9 10 12 13 14 1
4 6 0 2 3 5 7 9 11 12 13 14 1.41421
4 6 0 2 3 5 7 10 11 12 13 14 1
4 6 0 2 3 5 8 9 10 11 12 13 1
4 6 0 2 3 5 8 9 10 11 12 14 1.41421
4 6 0 2 3 5 8 9 10 11 13 14 1.41421
4 6 0 2 3 5 8 9 10 12 13 14 1
4 6 0 2 3 5 8 9 11 12 13 14 1
4 6 0 2 3 5 8 10 11 12 13 14 1
4 6 0 2 3 5 9 10 11 12 13 14 1.41421
4 6 0 2 3 7 8 9 10 11 12 13 0
4 6 0 2 3 7 8 9 10 11 12 14 1
4 6 0 2 3 7 8 9 10 11 13 14 1
4 6 0 2 3 7 8 9 10 12 13 14 0
4 6 0 2 3 7 8 9 11 12 13 14 0
4 6 0 2 3 7 8 10 11 12 13 14 0
4 6 0 2 3 7 9 10 11 12 13 14 1
4 6 0 2 3 8 9 10 11 12 13 14 1.41421
4 6 0 2 5 7 8 9 10 11 12 13 0
4 6 0 2 5 7 8 9 10 11 12 14 1
4 6 0 2 5 7 8 9 10 11 13 14 1
4 6 0 2 5 7 8 9 10 12 13 14 1
4 6 0 2 5 7 8 9 11 12 13 14 0
4 6 0 2 5 7 8 10 11 12 13 14 0
4 6 0 2 5 7 9 10 11 12 13 14 1
4 6 0 2 5 8 9 10 11 12 13 14 1.41421
4 6 0 2 7 8 9 10 11 12 13 14 0
4 6 0 3 5 7 8 9 10 11 12 13 1
4 6 0 3 5 7 8 9 10 11 12 14 1.41421
4 6 0 3 5 7 8 9 10 11 13 14 1.41421
4 6 0 3 5 7 8 9 10 12 13 14 1
4 6 0 3 5 7 8 9 11 12 13 14 1
4 6 0 3 5 7 8 10 11 12 13 14 1
4 6 0 3 5 7 9 10 11 12 13 14 1.41421
4 6 0 3 5 8 9 10 11 12 13 14 1.41421
4 6 0 3 7 8 9 10 11 12 13 14 1.41421
4 6 0 5 7 8 9 10 11 12 13 14 1.41421
4 6 1 2 3 5 7 8 9 10 11 12 1
4 6 1 2 3 5 7 8 9 10 11 13 0
4 6 1 2 3 5 7 8 9 10 11 14 1
4 6 1 2 3 5 7 8 9 10 12 13 0
4 6 1 2 3 5 7 8 9 10 12 14 1
4 6 1 2 3 5 7 8 9 10 13 14 0
4 6 1 2 3 5 7 8 9 11 12 13 1
4 6 1 2 3 5 7 8 9 11 12 14 1
4 6 1 2 3 5 7 8 9 11 13 14 0
4 6 1 2 3 5 7 8 9 12 13 14 0
4 6 1 2 3 5 7 8 10 11 12 13 0
4 6 1 2 3 5 7 8 10 11 12 14 1
4 6 1 2 3 5 7 8 10 11 13 14 0
4 6 1 2 3 5 7 8 10 12 13 14 0
4 6 1 2 3 5 7 8 11 12 13 14 0
4 6 1 2 3 5 7 9 10 11 12 13 0
4 6 1 2 3 5 7 9 10 11 12 14 1
4 6 1 2 3 5 7 9 10 11 13 14 0
4 6 1 2 3 5 7 9 10 12 13 14 0
4 6 1 2 3 5 7 9 11 12 13 14 1
4 6 1 2 3 5 7 10 11 12 13 14 0
4 6 1 2 3 5 8 9 10 11 12 13 0
4 6 1 2 3 5 8 9 10 11 12 14 1
4 6 1 2 3 5 8 9 10 11 13 14 0
4 6 1 2 3 5 8 9 10 12 13 14 0
4 6 1 2 3 5 8 9 11 12 13 14 0
4 6 1 2 3 5 8 10 11 12 13 14 0
4 6 1 2 3 5 9 10 11 12 13 14 0
4 6 1 2 3 7 8 9 10 11 12 13 0
4 6 1 2 3 7 8 9 10 11 12 14 1
4 6 1 2 3 7 8 9 10 11 13 14 0
4 6 1 2 3 7 8 9 10 12 13 14 0
4 6 1 2 3 7 8 9 11 12 13 14 0
4 6 1 2 3 7 8 10 11 12 13 14 0
4 6 1 2 3 7 9 10 11 12 13 14 0
4 6 1 2 3 8 9 10 11 12 13 14 1
4 6 1 2 5 7 8 9 10 11 12 13 0
4 6 1 2 5 7 8 9 10 11 12 14 1
4 6 1 2 5 7 8 9 10 11 13 14 0
4 6 1 2 5 7 8 9 10 12 13 14 1
4 6 1 2 5 7 8 9 11 12 13 14 0
4 6 1 2 5 7 8 10 11 12 13 14 0
4 6 1 2 5 7 9 10 11 12 13 14 0
4 6 1 2 5 8 9 10 11 12 13 14 1
4 6 1 2 7 8 9 10 11 12 13 14 0
4 6 1 3 5 7 8 9 10 11 12 13 0
4 6 1 3 5 7 8 9 10 11 12 14 1
4 6 1 3 5 7 8 9 10 11 13 14 0
4 6 1 3 5 7 8 9 10 12 13 14 0
4 6 1 3 5 7 8 9 11 12 13 14 0
4 6 1 3 5 7 8 10 11 12 13 14 0
4 6 1 3 5 7 9 10 11 12 13 14 0
4 6 1 3 5 8 9 10 11 12 13 14 0
4 6 1 3 7 8 9 10 11 12 13 14 1
4 6 1 5 7 8 9 10 11 12 13 14 1
4 6 2 3 5 7 8 9 10 11 12 13 0
4 6 2 3 5 7 8 9 10 11 12 14 1.41421
4 6 2 3 5 7 8 9 10 11 13 14 1
4 6 2 3 5 7 8 9 10 12 13 14 0
4 6 2 3 5 7 8 9 11 12 13 14 0
4 6 2 3 5 7 8 10 11 12 13 14 0
4 6 2 3 5 7 9 10 11 12 13 14 1
4 6 2 3 5 8 9 10 11 12 13 14 1
4 6 2 3 7 8 9 10 11 12 13 14 0
4 6 2 5 7 8 9 10 11 12 13 14 0
4 6 3 5 7 8 9 10 11 12 13 14 1
