4 6 0 1 2.13664
4 6 0 2 2.27689
4 6 0 3 2.49313
4 6 0 5 2.57391
4 6 0 7 2.27689
4 6 0 8 2.66231
4 6 0 9 2.77146
4 6 0 10 2.75936
4 6 0 11 2.73434
4 6 0 12 2.67896
4 6 0 13 2.67896
4 6 0 14 2.77498
4 6 1 2 1.62019
4 6 1 3 1.41421
4 6 1 5 1.73205
4 6 1 7 1.62019
4 6 1 8 2.13664
4 6 1 9 2.13664
4 6 1 10 2.13664
4 6 1 11 2
4 6 1 12 2.13664
4 6 1 13 2.13664
4 6 1 14 2.13664
4 6 2 3 2.23607
4 6 2 5 2.22985
4 6 2 7 2
4 6 2 8 2.09938
4 6 2 9 2.34521
4 6 2 10 2.2514
4 6 2 11 2.28239
4 6 2 12 2.15322
4 6 2 13 2.16025
4 6 2 14 2.29256
4 6 3 5 2.35584
4 6 3 7 2.23607
4 6 3 8 2.32266
4 6 3 9 2.53859
4 6 3 10 2.48193
4 6 3 11 2.53859
4 6 3 12 2.36827
4 6 3 13 2.33699
4 6 3 14 2.50805
4 6 5 7 2.22985
4 6 5 8 2.39046
4 6 5 9 2.55604
4 6 5 10 2.52678
4 6 5 11 2.53859
4 6 5 12 2.42487
4 6 5 13 2.40426
4 6 5 14 2.56038
4 6 7 8 2.09938
4 6 7 9 2.34521
4 6 7 10 2.2514
4 6 7 11 2.28239
4 6 7 12 2.15322
4 6 7 13 2.16025
4 6 7 14 2.29256
4 6 8 9 2.68164
4 6 8 10 2.68164
4 6 8 11 2.62216
4 6 8 12 2.60419
4 6 8 13 2.58844
4 6 8 14 2.68164
4 6 9 10 2.77498
4 6 9 11 2.74169
4 6 9 12 2.67169
4 6 9 13 2.67896
4 6 9 14 2.77991
4 6 10 11 2.72385
4 6 10 12 2.68164
4 6 10 13 2.66231
4 6 10 14 2.77498
4 6 11 12 2.6176
4 6 11 13 2.62202
4 6 11 14 2.74037
4 6 12 13 2.64575
4 6 12 14 2.64575
4 6 13 14 2.68164
