3 10 0 1 2 4 5 6 7 8 0
3 10 0 1 2 4 5 6 7 9 0
3 10 0 1 2 4 5 6 7 11 0
3 10 0 1 2 4 5 6 7 12 0
3 10 0 1 2 4 5 6 7 13 0
3 10 0 1 2 4 5 6 7 14 0
3 10 0 1 2 4 5 6 8 9 0
3 10 0 1 2 4 5 6 8 11 0
3 10 0 1 2 4 5 6 8 12 0
3 10 0 1 2 4 5 6 8 13 0
3 10 0 1 2 4 5 6 8 14 0
3 10 0 1 2 4 5 6 9 11 0
3 10 0 1 2 4 5 6 9 12 0
3 10 0 1 2 4 5 6 9 13 0
3 10 0 1 2 4 5 6 9 14 0
3 10 0 1 2 4 5 6 11 12 0
3 10 0 1 2 4 5 6 11 13 0
3 10 0 1 2 4 5 6 11 14 0
3 10 0 1 2 4 5 6 12 13 0
3 10 0 1 2 4 5 6 12 14 0
3 10 0 1 2 4 5 6 13 14 0
3 10 0 1 2 4 5 7 8 9 1
3 10 0 1 2 4 5 7 8 11 1
3 10 0 1 2 4 5 7 8 12 1.41421
3 10 0 1 2 4 5 7 8 13 1.41421
3 10 0 1 2 4 5 7 8 14 1.41421
3 10 0 1 2 4 5 7 9 11 0
3 10 0 1 2 4 5 7 9 12 1
3 10 0 1 2 4 5 7 9 13 1
3 10 0 1 2 4 5 7 9 14 1
3 10 0 1 2 4 5 7 11 12 1
3 10 0 1 2 4 5 7 11 13 1
3 10 0 1 2 4 5 7 11 14 1
3 10 0 1 2 4 5 7 12 13 1.41421
3 10 0 1 2 4 5 7 12 14 1.41421
3 10 0 1 2 4 5 7 13 14 1.41421
3 10 0 1 2 4 5 8 9 11 0
3 10 0 1 2 4 5 8 9 12 1
3 10 0 1 2 4 5 8 9 13 1
3 10 0 1 2 4 5 8 9 14 1
3 10 0 1 2 4 5 8 11 12 1
3 10 0 1 2 4 5 8 11 13 1
3 10 0 1 2 4 5 8 11 14 1
3 10 0 1 2 4 5 8 12 13 1.41421
3 10 0 1 2 4 5 8 12 14 1.41421
3 10 0 1 2 4 5 8 13 14 1.41421
3 10 0 1 2 4 5 9 11 12 0
3 10 0 1 2 4 5 9 11 13 0
3 10 0 1 2 4 5 9 11 14 0
3 10 0 1 2 4 5 9 12 13 1
3 10 0 1 2 4 5 9 12 14 1
3 10 0 1 2 4 5 9 13 14 1
3 10 0 1 2 4 5 11 12 13 1
3 10 0 1 2 4 5 11 12 14 1
3 10 0 1 2 4 5 11 13 14 1
3 10 0 1 2 4 5 12 13 14 1.41421
3 10 0 1 2 4 6 7 8 9 0
3 10 0 1 2 4 6 7 8 11 0
3 10 0 1 2 4 6 7 8 12 0
3 10 0 1 2 4 6 7 8 13 0
3 10 0 1 2 4 6 7 8 14 0
3 10 0 1 2 4 6 7 9 11 0
3 10 0 1 2 4 6 7 9 12 0
3 10 0 1 2 4 6 7 9 13 0
3 10 0 1 2 4 6 7 9 14 0
3 10 0 1 2 4 6 7 11 12 0
3 10 0 1 2 4 6 7 11 13 0
3 10 0 1 2 4 6 7 11 14 0
3 10 0 1 2 4 6 7 12 13 0
3 10 0 1 2 4 6 7 12 14 0
3 10 0 1 2 4 6 7 13 14 0
3 10 0 1 2 4 6 8 9 11 1
3 10 0 1 2 4 6 8 9 12 1
3 10 0 1 2 4 6 8 9 13 1
3 10 0 1 2 4 6 8 9 14 1
3 10 0 1 2 4 6 8 11 12 1
3 10 0 1 2 4 6 8 11 13 1
3 10 0 1 2 4 6 8 11 14 1
3 10 0 1 2 4 6 8 12 13 1
3 10 0 1 2 4 6 8 12 14 1
3 10 0 1 2 4 6 8 13 14 1
3 10 0 1 2 4 6 9 11 12 1
3 10 0 1 2 4 6 9 11 13 1
3 10 0 1 2 4 6 9 11 14 1
3 10 0 1 2 4 6 9 12 13 1
3 10 0 1 2 4 6 9 12 14 1
3 10 0 1 2 4 6 9 13 14 1
3 10 0 1 2 4 6 11 12 13 1
3 10 0 1 2 4 6 11 12 14 1
3 10 0 1 2 4 6 11 13 14 1
3 10 0 1 2 4 6 12 13 14 1
3 10 0 1 2 4 7 8 9 11 0
3 10 0 1 2 4 7 8 9 12 1
3 10 0 1 2 4 7 8 9 13 1
3 10 0 1 2 4 7 8 9 14 1
3 10 0 1 2 4 7 8 11 12 1
3 10 0 1 2 4 7 8 11 13 1
3 10 0 1 2 4 7 8 11 14 1
3 10 0 1 2 4 7 8 12 13 1.41421
3 10 0 1 2 4 7 8 12 14 1.41421
3 10 0 1 2 4 7 8 13 14 1.41421
3 10 0 1 2 4 7 9 11 12 0
3 10 0 1 2 4 7 9 11 13 0
3 10 0 1 2 4 7 9 11 14 0
3 10 0 1 2 4 7 9 12 13 1
3 10 0 1 2 4 7 9 12 14 1
3 10 0 1 2 4 7 9 13 14 1
3 10 0 1 2 4 7 11 12 13 1
3 10 0 1 2 4 7 11 12 14 1
3 10 0 1 2 4 7 11 13 14 1
3 10 0 1 2 4 7 12 13 14 1.41421
3 10 0 1 2 4 8 9 11 12 1
3 10 0 1 2 4 8 9 11 13 1
3 10 0 1 2 4 8 9 11 14 1
3 10 0 1 2 4 8 9 12 13 1
3 10 0 1 2 4 8 9 12 14 1
3 10 0 1 2 4 8 9 13 14 1
3 10 0 1 2 4 8 11 12 13 1
3 10 0 1 2 4 8 11 12 14 1
3 10 0 1 2 4 8 11 13 14 1
3 10 0 1 2 4 8 12 13 14 1.41421
3 10 0 1 2 4 9 11 12 13 1
3 10 0 1 2 4 9 11 12 14 1
3 10 0 1 2 4 9 11 13 14 1
3 10 0 1 2 4 9 12 13 14 1
3 10 0 1 2 4 11 12 13 14 1
3 10 0 1 2 5 6 7 8 9 0
3 10 0 1 2 5 6 7 8 11 0
3 10 0 1 2 5 6 7 8 12 0
3 10 0 1 2 5 6 7 8 13 0
3 10 0 1 2 5 6 7 8 14 0
3 10 0 1 2 5 6 7 9 11 0
3 10 0 1 2 5 6 7 9 12 0
3 10 0 1 2 5 6 7 9 13 0
3 10 0 1 2 5 6 7 9 14 0
3 10 0 1 2 5 6 7 11 12 0
3 10 0 1 2 5 6 7 11 13 0
3 10 0 1 2 5 6 7 11 14 0
3 10 0 1 2 5 6 7 12 13 0
3 10 0 1 2 5 6 7 12 14 0
3 10 0 1 2 5 6 7 13 14 0
3 10 0 1 2 5 6 8 9 11 0
3 10 0 1 2 5 6 8 9 12 0
3 10 0 1 2 5 6 8 9 13 0
3 10 0 1 2 5 6 8 9 14 0
3 10 0 1 2 5 6 8 11 12 0
3 10 0 1 2 5 6 8 11 13 0
3 10 0 1 2 5 6 8 11 14 0
3 10 0 1 2 5 6 8 12 13 0
3 10 0 1 2 5 6 8 12 14 0
3 10 0 1 2 5 6 8 13 14 0
3 10 0 1 2 5 6 9 11 12 0
3 10 0 1 2 5 6 9 11 13 0
3 10 0 1 2 5 6 9 11 14 0
3 10 0 1 2 5 6 9 12 13 0
3 10 0 1 2 5 6 9 12 14 0
3 10 0 1 2 5 6 9 13 14 0
3 10 0 1 2 5 6 11 12 13 0
3 10 0 1 2 5 6 11 12 14 0
3 10 0 1 2 5 6 11 13 14 0
3 10 0 1 2 5 6 12 13 14 0
3 10 0 1 2 5 7 8 9 11 0
3 10 0 1 2 5 7 8 9 12 1
3 10 0 1 2 5 7 8 9 13 1
3 10 0 1 2 5 7 8 9 14 1
3 10 0 1 2 5 7 8 11 12 1
3 10 0 1 2 5 7 8 11 13 1
3 10 0 1 2 5 7 8 11 14 1
3 10 0 1 2 5 7 8 12 13 1.41421
3 10 0 1 2 5 7 8 12 14 1.41421
3 10 0 1 2 5 7 8 13 14 1.41421
3 10 0 1 2 5 7 9 11 12 0
3 10 0 1 2 5 7 9 11 13 0
3 10 0 1 2 5 7 9 11 14 0
3 10 0 1 2 5 7 9 12 13 1
3 10 0 1 2 5 7 9 12 14 1
3 10 0 1 2 5 7 9 13 14 1
3 10 0 1 2 5 7 11 12 13 1
3 10 0 1 2 5 7 11 12 14 1
3 10 0 1 2 5 7 11 13 14 1
3 10 0 1 2 5 7 12 13 14 1.41421
3 10 0 1 2 5 8 9 11 12 0
3 10 0 1 2 5 8 9 11 13 0
3 10 0 1 2 5 8 9 11 14 0
3 10 0 1 2 5 8 9 12 13 1
3 10 0 1 2 5 8 9 12 14 1
3 10 0 1 2 5 8 9 13 14 1
3 10 0 1 2 5 8 11 12 13 1
3 10 0 1 2 5 8 11 12 14 1
3 10 0 1 2 5 8 11 13 14 1
3 10 0 1 2 5 8 12 13 14 1.41421
3 10 0 1 2 5 9 11 12 13 0
3 10 0 1 2 5 9 11 12 14 0
3 10 0 1 2 5 9 11 13 14 0
3 10 0 1 2 5 9 12 13 14 1
3 10 0 1 2 5 11 12 13 14 1
3 10 0 1 2 6 7 8 9 11 1
3 10 0 1 2 6 7 8 9 12 1
3 10 0 1 2 6 7 8 9 13 1
3 10 0 1 2 6 7 8 9 14 1
3 10 0 1 2 6 7 8 11 12 1
3 10 0 1 2 6 7 8 11 13 1
3 10 0 1 2 6 7 8 11 14 1
3 10 0 1 2 6 7 8 12 13 1
3 10 0 1 2 6 7 8 12 14 1
3 10 0 1 2 6 7 8 13 14 1
3 10 0 1 2 6 7 9 11 12 1
3 10 0 1 2 6 7 9 11 13 1
3 10 0 1 2 6 7 9 11 14 1
3 10 0 1 2 6 7 9 12 13 1
3 10 0 1 2 6 7 9 12 14 1
3 10 0 1 2 6 7 9 13 14 1
3 10 0 1 2 6 7 11 12 13 1
3 10 0 1 2 6 7 11 12 14 1
3 10 0 1 2 6 7 11 13 14 1
3 10 0 1 2 6 7 12 13 14 1
3 10 0 1 2 6 8 9 11 12 1.41421
3 10 0 1 2 6 8 9 11 13 1.41421
3 10 0 1 2 6 8 9 11 14 1.41421
3 10 0 1 2 6 8 9 12 13 1.41421
3 10 0 1 2 6 8 9 12 14 1.41421
3 10 0 1 2 6 8 9 13 14 1.41421
3 10 0 1 2 6 8 11 12 13 1.41421
3 10 0 1 2 6 8 11 12 14 1.41421
3 10 0 1 2 6 8 11 13 14 1.41421
3 10 0 1 2 6 8 12 13 14 1.41421
3 10 0 1 2 6 9 11 12 13 1.41421
3 10 0 1 2 6 9 11 12 14 1.41421
3 10 0 1 2 6 9 11 13 14 1.41421
3 10 0 1 2 6 9 12 13 14 1.41421
3 10 0 1 2 6 11 12 13 14 1.41421
3 10 0 1 2 7 8 9 11 12 1
3 10 0 1 2 7 8 9 11 13 1
3 10 0 1 2 7 8 9 11 14 1
3 10 0 1 2 7 8 9 12 13 1
3 10 0 1 2 7 8 9 12 14 1
3 10 0 1 2 7 8 9 13 14 1
3 10 0 1 2 7 8 11 12 13 1
3 10 0 1 2 7 8 11 12 14 1
3 10 0 1 2 7 8 11 13 14 1
3 10 0 1 2 7 8 12 13 14 1.41421
3 10 0 1 2 7 9 11 12 13 1
3 10 0 1 2 7 9 11 12 14 1
3 10 0 1 2 7 9 11 13 14 1
3 10 0 1 2 7 9 12 13 14 1
3 10 0 1 2 7 11 12 13 14 1
3 10 0 1 2 8 9 11 12 13 1.41421
3 10 0 1 2 8 9 11 12 14 1.41421
3 10 0 1 2 8 9 11 13 14 1.41421
3 10 0 1 2 8 9 12 13 14 1.41421
3 10 0 1 2 8 11 12 13 14 1.41421
3 10 0 1 2 9 11 12 13 14 1.41421
3 10 0 1 4 5 6 7 8 9 0
3 10 0 1 4 5 6 7 8 11 0
3 10 0 1 4 5 6 7 8 12 0
3 10 0 1 4 5 6 7 8 13 0
3 10 0 1 4 5 6 7 8 14 0
3 10 0 1 4 5 6 7 9 11 0
3 10 0 1 4 5 6 7 9 12 0
3 10 0 1 4 5 6 7 9 13 0
3 10 0 1 4 5 6 7 9 14 0
3 10 0 1 4 5 6 7 11 12 0
3 10 0 1 4 5 6 7 11 13 0
3 10 0 1 4 5 6 7 11 14 0
3 10 0 1 4 5 6 7 12 13 0
3 10 0 1 4 5 6 7 12 14 0
3 10 0 1 4 5 6 7 13 14 0
3 10 0 1 4 5 6 8 9 11 0
3 10 0 1 4 5 6 8 9 12 0
3 10 0 1 4 5 6 8 9 13 0
3 10 0 1 4 5 6 8 9 14 0
3 10 0 1 4 5 6 8 11 12 0
3 10 0 1 4 5 6 8 11 13 0
3 10 0 1 4 5 6 8 11 14 0
3 10 0 1 4 5 6 8 12 13 0
3 10 0 1 4 5 6 8 12 14 0
3 10 0 1 4 5 6 8 13 14 0
3 10 0 1 4 5 6 9 11 12 0
3 10 0 1 4 5 6 9 11 13 0
3 10 0 1 4 5 6 9 11 14 0
3 10 0 1 4 5 6 9 12 13 0
3 10 0 1 4 5 6 9 12 14 0
3 10 0 1 4 5 6 9 13 14 0
3 10 0 1 4 5 6 11 12 13 0
3 10 0 1 4 5 6 11 12 14 0
3 10 0 1 4 5 6 11 13 14 0
3 10 0 1 4 5 6 12 13 14 0
3 10 0 1 4 5 7 8 9 11 0
3 10 0 1 4 5 7 8 9 12 1
3 10 0 1 4 5 7 8 9 13 1
3 10 0 1 4 5 7 8 9 14 1
3 10 0 1 4 5 7 8 11 12 1
3 10 0 1 4 5 7 8 11 13 1
3 10 0 1 4 5 7 8 11 14 1
3 10 0 1 4 5 7 8 12 13 1.41421
3 10 0 1 4 5 7 8 12 14 1.41421
3 10 0 1 4 5 7 8 13 14 1.41421
3 10 0 1 4 5 7 9 11 12 0
3 10 0 1 4 5 7 9 11 13 0
3 10 0 1 4 5 7 9 11 14 0
3 10 0 1 4 5 7 9 12 13 1
3 10 0 1 4 5 7 9 12 14 1
3 10 0 1 4 5 7 9 13 14 1
3 10 0 1 4 5 7 11 12 13 1
3 10 0 1 4 5 7 11 12 14 1
3 10 0 1 4 5 7 11 13 14 1
3 10 0 1 4 5 7 12 13 14 1.41421
3 10 0 1 4 5 8 9 11 12 0
3 10 0 1 4 5 8 9 11 13 0
3 10 0 1 4 5 8 9 11 14 0
3 10 0 1 4 5 8 9 12 13 1
3 10 0 1 4 5 8 9 12 14 1
3 10 0 1 4 5 8 9 13 14 1
3 10 0 1 4 5 8 11 12 13 1
3 10 0 1 4 5 8 11 12 14 1
3 10 0 1 4 5 8 11 13 14 1
3 10 0 1 4 5 8 12 13 14 1.41421
3 10 0 1 4 5 9 11 12 13 0
3 10 0 1 4 5 9 11 12 14 0
3 10 0 1 4 5 9 11 13 14 0
3 10 0 1 4 5 9 12 13 14 1
3 10 0 1 4 5 11 12 13 14 1
3 10 0 1 4 6 7 8 9 11 1
3 10 0 1 4 6 7 8 9 12 1
3 10 0 1 4 6 7 8 9 13 1
3 10 0 1 4 6 7 8 9 14 1
3 10 0 1 4 6 7 8 11 12 1
3 10 0 1 4 6 7 8 11 13 1
3 10 0 1 4 6 7 8 11 14 1
3 10 0 1 4 6 7 8 12 13 1
3 10 0 1 4 6 7 8 12 14 1
3 10 0 1 4 6 7 8 13 14 1
3 10 0 1 4 6 7 9 11 12 1
3 10 0 1 4 6 7 9 11 13 1
3 10 0 1 4 6 7 9 11 14 1
3 10 0 1 4 6 7 9 12 13 1
3 10 0 1 4 6 7 9 12 14 1
3 10 0 1 4 6 7 9 13 14 1
3 10 0 1 4 6 7 11 12 13 1
3 10 0 1 4 6 7 11 12 14 1
3 10 0 1 4 6 7 11 13 14 1
3 10 0 1 4 6 7 12 13 14 1
3 10 0 1 4 6 8 9 11 12 1.41421
3 10 0 1 4 6 8 9 11 13 1.41421
3 10 0 1 4 6 8 9 11 14 1.41421
3 10 0 1 4 6 8 9 12 13 1.41421
3 10 0 1 4 6 8 9 12 14 1.41421
3 10 0 1 4 6 8 9 13 14 1.41421
3 10 0 1 4 6 8 11 12 13 1.41421
3 10 0 1 4 6 8 11 12 14 1.41421
3 10 0 1 4 6 8 11 13 14 1.41421
3 10 0 1 4 6 8 12 13 14 1.41421
3 10 0 1 4 6 9 11 12 13 1.41421
3 10 0 1 4 6 9 11 12 14 1.41421
3 10 0 1 4 6 9 11 13 14 1.41421
3 10 0 1 4 6 9 12 13 14 1.41421
3 10 0 1 4 6 11 12 13 14 1.41421
3 10 0 1 4 7 8 9 11 12 1
3 10 0 1 4 7 8 9 11 13 1
3 10 0 1 4 7 8 9 11 14 1
3 10 0 1 4 7 8 9 12 13 1
3 10 0 1 4 7 8 9 12 14 1
3 10 0 1 4 7 8 9 13 14 1
3 10 0 1 4 7 8 11 12 13 1
3 10 0 1 4 7 8 11 12 14 1
3 10 0 1 4 7 8 11 13 14 1
3 10 0 1 4 7 8 12 13 14 1.41421
3 10 0 1 4 7 9 11 12 13 1
3 10 0 1 4 7 9 11 12 14 1
3 10 0 1 4 7 9 11 13 14 1
3 10 0 1 4 7 9 12 13 14 1
3 10 0 1 4 7 11 12 13 14 1
3 10 0 1 4 8 9 11 12 13 1.41421
3 10 0 1 4 8 9 11 12 14 1.41421
3 10 0 1 4 8 9 11 13 14 1.41421
3 10 0 1 4 8 9 12 13 14 1.41421
3 10 0 1 4 8 11 12 13 14 1.41421
3 10 0 1 4 9 11 12 13 14 1.41421
3 10 0 1 5 6 7 8 9 11 0
3 10 0 1 5 6 7 8 9 12 0
3 10 0 1 5 6 7 8 9 13 0
3 10 0 1 5 6 7 8 9 14 0
3 10 0 1 5 6 7 8 11 12 0
3 10 0 1 5 6 7 8 11 13 0
3 10 0 1 5 6 7 8 11 14 0
3 10 0 1 5 6 7 8 12 13 0
3 10 0 1 5 6 7 8 12 14 0
3 10 0 1 5 6 7 8 13 14 0
3 10 0 1 5 6 7 9 11 12 0
3 10 0 1 5 6 7 9 11 13 0
3 10 0 1 5 6 7 9 11 14 0
3 10 0 1 5 6 7 9 12 13 0
3 10 0 1 5 6 7 9 12 14 0
3 10 0 1 5 6 7 9 13 14 0
3 10 0 1 5 6 7 11 12 13 0
3 10 0 1 5 6 7 11 12 14 0
3 10 0 1 5 6 7 11 13 14 0
3 10 0 1 5 6 7 12 13 14 0
3 10 0 1 5 6 8 9 11 12 0
3 10 0 1 5 6 8 9 11 13 0
3 10 0 1 5 6 8 9 11 14 0
3 10 0 1 5 6 8 9 12 13 0
3 10 0 1 5 6 8 9 12 14 0
3 10 0 1 5 6 8 9 13 14 0
3 10 0 1 5 6 8 11 12 13 0
3 10 0 1 5 6 8 11 12 14 0
3 10 0 1 5 6 8 11 13 14 0
3 10 0 1 5 6 8 12 13 14 0
3 10 0 1 5 6 9 11 12 13 0
3 10 0 1 5 6 9 11 12 14 0
3 10 0 1 5 6 9 11 13 14 0
3 10 0 1 5 6 9 12 13 14 0
3 10 0 1 5 6 11 12 13 14 0
3 10 0 1 5 7 8 9 11 12 0
3 10 0 1 5 7 8 9 11 13 0
3 10 0 1 5 7 8 9 11 14 0
3 10 0 1 5 7 8 9 12 13 1
3 10 0 1 5 7 8 9 12 14 1
3 10 0 1 5 7 8 9 13 14 1
3 10 0 1 5 7 8 11 12 13 1
3 10 0 1 5 7 8 11 12 14 1
3 10 0 1 5 7 8 11 13 14 1
3 10 0 1 5 7 8 12 13 14 1.41421
3 10 0 1 5 7 9 11 12 13 0
3 10 0 1 5 7 9 11 12 14 0
3 10 0 1 5 7 9 11 13 14 0
3 10 0 1 5 7 9 12 13 14 1
3 10 0 1 5 7 11 12 13 14 1
3 10 0 1 5 8 9 11 12 13 0
3 10 0 1 5 8 9 11 12 14 0
3 10 0 1 5 8 9 11 13 14 0
3 10 0 1 5 8 9 12 13 14 1
3 10 0 1 5 8 11 12 13 14 1
3 10 0 1 5 9 11 12 13 14 0
3 10 0 1 6 7 8 9 11 12 1.41421
3 10 0 1 6 7 8 9 11 13 1.41421
3 10 0 1 6 7 8 9 11 14 1.41421
3 10 0 1 6 7 8 9 12 13 1.41421
3 10 0 1 6 7 8 9 12 14 1.41421
3 10 0 1 6 7 8 9 13 14 1.41421
3 10 0 1 6 7 8 11 12 13 1.41421
3 10 0 1 6 7 8 11 12 14 1.41421
3 10 0 1 6 7 8 11 13 14 1.41421
3 10 0 1 6 7 8 12 13 14 1.41421
3 10 0 1 6 7 9 11 12 13 1.41421
3 10 0 1 6 7 9 11 12 14 1.41421
3 10 0 1 6 7 9 11 13 14 1.41421
3 10 0 1 6 7 9 12 13 14 1.41421
3 10 0 1 6 7 11 12 13 14 1.41421
3 10 0 1 6 8 9 11 12 13 1.73205
3 10 0 1 6 8 9 11 12 14 1.73205
3 10 0 1 6 8 9 11 13 14 1.73205
3 10 0 1 6 8 9 12 13 14 1.73205
3 10 0 1 6 8 11 12 13 14 1.73205
3 10 0 1 6 9 11 12 13 14 1.73205
3 10 0 1 7 8 9 11 12 13 1.41421
3 10 0 1 7 8 9 11 12 14 1.41421
3 10 0 1 7 8 9 11 13 14 1.41421
3 10 0 1 7 8 9 12 13 14 1.41421
3 10 0 1 7 8 11 12 13 14 1.41421
3 10 0 1 7 9 11 12 13 14 1.41421
3 10 0 1 8 9 11 12 13 14 1.73205
3 10 0 2 4 5 6 7 8 9 1.41421
3 10 0 2 4 5 6 7 8 11 1.41421
3 10 0 2 4 5 6 7 8 12 1
3 10 0 2 4 5 6 7 8 13 1
3 10 0 2 4 5 6 7 8 14 1.41421
3 10 0 2 4 5 6 7 9 11 1.73205
3 10 0 2 4 5 6 7 9 12 1.41421
3 10 0 2 4 5 6 7 9 13 1.41421
3 10 0 2 4 5 6 7 9 14 1.73205
3 10 0 2 4 5 6 7 11 12 1.41421
3 10 0 2 4 5 6 7 11 13 1.41421
3 10 0 2 4 5 6 7 11 14 1.73205
3 10 0 2 4 5 6 7 12 13 1
3 10 0 2 4 5 6 7 12 14 1.41421
3 10 0 2 4 5 6 7 13 14 1.41421
3 10 0 2 4 5 6 8 9 11 1.73205
3 10 0 2 4 5 6 8 9 12 1.41421
3 10 0 2 4 5 6 8 9 13 1.41421
3 10 0 2 4 5 6 8 9 14 1.73205
3 10 0 2 4 5 6 8 11 12 1.41421
3 10 0 2 4 5 6 8 11 13 1.41421
3 10 0 2 4 5 6 8 11 14 1.73205
3 10 0 2 4 5 6 8 12 13 1
3 10 0 2 4 5 6 8 12 14 1.41421
3 10 0 2 4 5 6 8 13 14 1.41421
3 10 0 2 4 5 6 9 11 12 1.73205
3 10 0 2 4 5 6 9 11 13 1.73205
3 10 0 2 4 5 6 9 11 14 2
3 10 0 2 4 5 6 9 12 13 1.41421
3 10 0 2 4 5 6 9 12 14 1.73205
3 10 0 2 4 5 6 9 13 14 1.73205
3 10 0 2 4 5 6 11 12 13 1.41421
3 10 0 2 4 5 6 11 12 14 1.73205
3 10 0 2 4 5 6 11 13 14 1.73205
3 10 0 2 4 5 6 12 13 14 1.41421
3 10 0 2 4 5 7 8 9 11 1.41421
3 10 0 2 4 5 7 8 9 12 1
3 10 0 2 4 5 7 8 9 13 1
3 10 0 2 4 5 7 8 9 14 1.41421
3 10 0 2 4 5 7 8 11 12 1
3 10 0 2 4 5 7 8 11 13 1
3 10 0 2 4 5 7 8 11 14 1.41421
3 10 0 2 4 5 7 8 12 13 1.41421
3 10 0 2 4 5 7 8 12 14 1.41421
3 10 0 2 4 5 7 8 13 14 1.41421
3 10 0 2 4 5 7 9 11 12 1.41421
3 10 0 2 4 5 7 9 11 13 1.41421
3 10 0 2 4 5 7 9 11 14 1.73205
3 10 0 2 4 5 7 9 12 13 1
3 10 0 2 4 5 7 9 12 14 1.41421
3 10 0 2 4 5 7 9 13 14 1.41421
3 10 0 2 4 5 7 11 12 13 1
3 10 0 2 4 5 7 11 12 14 1.41421
3 10 0 2 4 5 7 11 13 14 1.41421
3 10 0 2 4 5 7 12 13 14 1.41421
3 10 0 2 4 5 8 9 11 12 1.41421
3 10 0 2 4 5 8 9 11 13 1.41421
3 10 0 2 4 5 8 9 11 14 1.73205
3 10 0 2 4 5 8 9 12 13 1
3 10 0 2 4 5 8 9 12 14 1.41421
3 10 0 2 4 5 8 9 13 14 1.41421
3 10 0 2 4 5 8 11 12 13 1
3 10 0 2 4 5 8 11 12 14 1.41421
3 10 0 2 4 5 8 11 13 14 1.41421
3 10 0 2 4 5 8 12 13 14 1.41421
3 10 0 2 4 5 9 11 12 13 1.41421
3 10 0 2 4 5 9 11 12 14 1.73205
3 10 0 2 4 5 9 11 13 14 1.73205
3 10 0 2 4 5 9 12 13 14 1.41421
3 10 0 2 4 5 11 12 13 14 1.41421
3 10 0 2 4 6 7 8 9 11 1.41421
3 10 0 2 4 6 7 8 9 12 1
3 10 0 2 4 6 7 8 9 13 1
3 10 0 2 4 6 7 8 9 14 1.41421
3 10 0 2 4 6 7 8 11 12 1
3 10 0 2 4 6 7 8 11 13 1
3 10 0 2 4 6 7 8 11 14 1.41421
3 10 0 2 4 6 7 8 12 13 0
3 10 0 2 4 6 7 8 12 14 1
3 10 0 2 4 6 7 8 13 14 1
3 10 0 2 4 6 7 9 11 12 1.41421
3 10 0 2 4 6 7 9 11 13 1.41421
3 10 0 2 4 6 7 9 11 14 1.73205
3 10 0 2 4 6 7 9 12 13 1
3 10 0 2 4 6 7 9 12 14 1.41421
3 10 0 2 4 6 7 9 13 14 1.41421
3 10 0 2 4 6 7 11 12 13 1
3 10 0 2 4 6 7 11 12 14 1.41421
3 10 0 2 4 6 7 11 13 14 1.41421
3 10 0 2 4 6 7 12 13 14 1
3 10 0 2 4 6 8 9 11 12 1.62019
3 10 0 2 4 6 8 9 11 13 1.62019
3 10 0 2 4 6 8 9 11 14 1.85164
3 10 0 2 4 6 8 9 12 13 1.41421
3 10 0 2 4 6 8 9 12 14 1.62019
3 10 0 2 4 6 8 9 13 14 1.62019
3 10 0 2 4 6 8 11 12 13 1.41421
3 10 0 2 4 6 8 11 12 14 1.62019
3 10 0 2 4 6 8 11 13 14 1.62019
3 10 0 2 4 6 8 12 13 14 1.41421
3 10 0 2 4 6 9 11 12 13 1.62019
3 10 0 2 4 6 9 11 12 14 1.85164
3 10 0 2 4 6 9 11 13 14 1.85164
3 10 0 2 4 6 9 12 13 14 1.62019
3 10 0 2 4 6 11 12 13 14 1.62019
3 10 0 2 4 7 8 9 11 12 1
3 10 0 2 4 7 8 9 11 13 1
3 10 0 2 4 7 8 9 11 14 1.41421
3 10 0 2 4 7 8 9 12 13 1
3 10 0 2 4 7 8 9 12 14 1
3 10 0 2 4 7 8 9 13 14 1
3 10 0 2 4 7 8 11 12 13 1
3 10 0 2 4 7 8 11 12 14 1
3 10 0 2 4 7 8 11 13 14 1
3 10 0 2 4 7 8 12 13 14 1.41421
3 10 0 2 4 7 9 11 12 13 1
3 10 0 2 4 7 9 11 12 14 1.41421
3 10 0 2 4 7 9 11 13 14 1.41421
3 10 0 2 4 7 9 12 13 14 1
3 10 0 2 4 7 11 12 13 14 1
3 10 0 2 4 8 9 11 12 13 1.41421
3 10 0 2 4 8 9 11 12 14 1.62019
3 10 0 2 4 8 9 11 13 14 1.62019
3 10 0 2 4 8 9 12 13 14 1.41421
3 10 0 2 4 8 11 12 13 14 1.41421
3 10 0 2 4 9 11 12 13 14 1.62019
3 10 0 2 5 6 7 8 9 11 1.41421
3 10 0 2 5 6 7 8 9 12 1
3 10 0 2 5 6 7 8 9 13 1
3 10 0 2 5 6 7 8 9 14 1.41421
3 10 0 2 5 6 7 8 11 12 1
3 10 0 2 5 6 7 8 11 13 1
3 10 0 2 5 6 7 8 11 14 1.41421
3 10 0 2 5 6 7 8 12 13 0
3 10 0 2 5 6 7 8 12 14 1
3 10 0 2 5 6 7 8 13 14 1
3 10 0 2 5 6 7 9 11 12 1.41421
3 10 0 2 5 6 7 9 11 13 1.41421
3 10 0 2 5 6 7 9 11 14 1.73205
3 10 0 2 5 6 7 9 12 13 1
3 10 0 2 5 6 7 9 12 14 1.41421
3 10 0 2 5 6 7 9 13 14 1.41421
3 10 0 2 5 6 7 11 12 13 1
3 10 0 2 5 6 7 11 12 14 1.41421
3 10 0 2 5 6 7 11 13 14 1.41421
3 10 0 2 5 6 7 12 13 14 1
3 10 0 2 5 6 8 9 11 12 1.41421
3 10 0 2 5 6 8 9 11 13 1.41421
3 10 0 2 5 6 8 9 11 14 1.73205
3 10 0 2 5 6 8 9 12 13 1
3 10 0 2 5 6 8 9 12 14 1.41421
3 10 0 2 5 6 8 9 13 14 1.41421
3 10 0 2 5 6 8 11 12 13 1
3 10 0 2 5 6 8 11 12 14 1.41421
3 10 0 2 5 6 8 11 13 14 1.41421
3 10 0 2 5 6 8 12 13 14 1
3 10 0 2 5 6 9 11 12 13 1.41421
3 10 0 2 5 6 9 11 12 14 1.73205
3 10 0 2 5 6 9 11 13 14 1.73205
3 10 0 2 5 6 9 12 13 14 1.41421
3 10 0 2 5 6 11 12 13 14 1.41421
3 10 0 2 5 7 8 9 11 12 1
3 10 0 2 5 7 8 9 11 13 1
3 10 0 2 5 7 8 9 11 14 1.41421
3 10 0 2 5 7 8 9 12 13 1
3 10 0 2 5 7 8 9 12 14 1
3 10 0 2 5 7 8 9 13 14 1
3 10 0 2 5 7 8 11 12 13 1
3 10 0 2 5 7 8 11 12 14 1
3 10 0 2 5 7 8 11 13 14 1
3 10 0 2 5 7 8 12 13 14 1.41421
3 10 0 2 5 7 9 11 12 13 1
3 10 0 2 5 7 9 11 12 14 1.41421
3 10 0 2 5 7 9 11 13 14 1.41421
3 10 0 2 5 7 9 12 13 14 1
3 10 0 2 5 7 11 12 13 14 1
3 10 0 2 5 8 9 11 12 13 1
3 10 0 2 5 8 9 11 12 14 1.41421
3 10 0 2 5 8 9 11 13 14 1.41421
3 10 0 2 5 8 9 12 13 14 1
3 10 0 2 5 8 11 12 13 14 1
3 10 0 2 5 9 11 12 13 14 1.41421
3 10 0 2 6 7 8 9 11 12 1
3 10 0 2 6 7 8 9 11 13 1
3 10 0 2 6 7 8 9 11 14 1.41421
3 10 0 2 6 7 8 9 12 13 1
3 10 0 2 6 7 8 9 12 14 1
3 10 0 2 6 7 8 9 13 14 1
3 10 0 2 6 7 8 11 12 13 1
3 10 0 2 6 7 8 11 12 14 1
3 10 0 2 6 7 8 11 13 14 1
3 10 0 2 6 7 8 12 13 14 1
3 10 0 2 6 7 9 11 12 13 1
3 10 0 2 6 7 9 11 12 14 1.41421
3 10 0 2 6 7 9 11 13 14 1.41421
3 10 0 2 6 7 9 12 13 14 1
3 10 0 2 6 7 11 12 13 14 1
3 10 0 2 6 8 9 11 12 13 1.62019
3 10 0 2 6 8 9 11 12 14 1.73205
3 10 0 2 6 8 9 11 13 14 1.73205
3 10 0 2 6 8 9 12 13 14 1.62019
3 10 0 2 6 8 11 12 13 14 1.62019
3 10 0 2 6 9 11 12 13 14 1.73205
3 10 0 2 7 8 9 11 12 13 1
3 10 0 2 7 8 9 11 12 14 1
3 10 0 2 7 8 9 11 13 14 1
3 10 0 2 7 8 9 12 13 14 1
3 10 0 2 7 8 11 12 13 14 1
3 10 0 2 7 9 11 12 13 14 1
3 10 0 2 8 9 11 12 13 14 1.62019
3 10 0 4 5 6 7 8 9 11 1.73205
3 10 0 4 5 6 7 8 9 12 1.41421
3 10 0 4 5 6 7 8 9 13 1.41421
3 10 0 4 5 6 7 8 9 14 1.73205
3 10 0 4 5 6 7 8 11 12 1.41421
3 10 0 4 5 6 7 8 11 13 1.41421
3 10 0 4 5 6 7 8 11 14 1.73205
3 10 0 4 5 6 7 8 12 13 1
3 10 0 4 5 6 7 8 12 14 1.41421
3 10 0 4 5 6 7 8 13 14 1.41421
3 10 0 4 5 6 7 9 11 12 1.73205
3 10 0 4 5 6 7 9 11 13 1.73205
3 10 0 4 5 6 7 9 11 14 2
3 10 0 4 5 6 7 9 12 13 1.41421
3 10 0 4 5 6 7 9 12 14 1.73205
3 10 0 4 5 6 7 9 13 14 1.73205
3 10 0 4 5 6 7 11 12 13 1.41421
3 10 0 4 5 6 7 11 12 14 1.73205
3 10 0 4 5 6 7 11 13 14 1.73205
3 10 0 4 5 6 7 12 13 14 1.41421
3 10 0 4 5 6 8 9 11 12 1.73205
3 10 0 4 5 6 8 9 11 13 1.73205
3 10 0 4 5 6 8 9 11 14 2
3 10 0 4 5 6 8 9 12 13 1.41421
3 10 0 4 5 6 8 9 12 14 1.73205
3 10 0 4 5 6 8 9 13 14 1.73205
3 10 0 4 5 6 8 11 12 13 1.41421
3 10 0 4 5 6 8 11 12 14 1.73205
3 10 0 4 5 6 8 11 13 14 1.73205
3 10 0 4 5 6 8 12 13 14 1.41421
3 10 0 4 5 6 9 11 12 13 1.73205
3 10 0 4 5 6 9 11 12 14 2
3 10 0 4 5 6 9 11 13 14 2
3 10 0 4 5 6 9 12 13 14 1.73205
3 10 0 4 5 6 11 12 13 14 1.73205
3 10 0 4 5 7 8 9 11 12 1.41421
3 10 0 4 5 7 8 9 11 13 1.41421
3 10 0 4 5 7 8 9 11 14 1.73205
3 10 0 4 5 7 8 9 12 13 1
3 10 0 4 5 7 8 9 12 14 1.41421
3 10 0 4 5 7 8 9 13 14 1.41421
3 10 0 4 5 7 8 11 12 13 1
3 10 0 4 5 7 8 11 12 14 1.41421
3 10 0 4 5 7 8 11 13 14 1.41421
3 10 0 4 5 7 8 12 13 14 1.41421
3 10 0 4 5 7 9 11 12 13 1.41421
3 10 0 4 5 7 9 11 12 14 1.73205
3 10 0 4 5 7 9 11 13 14 1.73205
3 10 0 4 5 7 9 12 13 14 1.41421
3 10 0 4 5 7 11 12 13 14 1.41421
3 10 0 4 5 8 9 11 12 13 1.41421
3 10 0 4 5 8 9 11 12 14 1.73205
3 10 0 4 5 8 9 11 13 14 1.73205
3 10 0 4 5 8 9 12 13 14 1.41421
3 10 0 4 5 8 11 12 13 14 1.41421
3 10 0 4 5 9 11 12 13 14 1.73205
3 10 0 4 6 7 8 9 11 12 1.62019
3 10 0 4 6 7 8 9 11 13 1.62019
3 10 0 4 6 7 8 9 11 14 1.85164
3 10 0 4 6 7 8 9 12 13 1.41421
3 10 0 4 6 7 8 9 12 14 1.62019
3 10 0 4 6 7 8 9 13 14 1.62019
3 10 0 4 6 7 8 11 12 13 1.41421
3 10 0 4 6 7 8 11 12 14 1.62019
3 10 0 4 6 7 8 11 13 14 1.62019
3 10 0 4 6 7 8 12 13 14 1.41421
3 10 0 4 6 7 9 11 12 13 1.62019
3 10 0 4 6 7 9 11 12 14 1.85164
3 10 0 4 6 7 9 11 13 14 1.85164
3 10 0 4 6 7 9 12 13 14 1.62019
3 10 0 4 6 7 11 12 13 14 1.62019
3 10 0 4 6 8 9 11 12 13 2
3 10 0 4 6 8 9 11 12 14 2.13664
3 10 0 4 6 8 9 11 13 14 2.13664
3 10 0 4 6 8 9 12 13 14 2
3 10 0 4 6 8 11 12 13 14 2
3 10 0 4 6 9 11 12 13 14 2.13664
3 10 0 4 7 8 9 11 12 13 1.41421
3 10 0 4 7 8 9 11 12 14 1.62019
3 10 0 4 7 8 9 11 13 14 1.62019
3 10 0 4 7 8 9 12 13 14 1.41421
3 10 0 4 7 8 11 12 13 14 1.41421
3 10 0 4 7 9 11 12 13 14 1.62019
3 10 0 4 8 9 11 12 13 14 2
3 10 0 5 6 7 8 9 11 12 1.41421
3 10 0 5 6 7 8 9 11 13 1.41421
3 10 0 5 6 7 8 9 11 14 1.73205
3 10 0 5 6 7 8 9 12 13 1
3 10 0 5 6 7 8 9 12 14 1.41421
3 10 0 5 6 7 8 9 13 14 1.41421
3 10 0 5 6 7 8 11 12 13 1
3 10 0 5 6 7 8 11 12 14 1.41421
3 10 0 5 6 7 8 11 13 14 1.41421
3 10 0 5 6 7 8 12 13 14 1
3 10 0 5 6 7 9 11 12 13 1.41421
3 10 0 5 6 7 9 11 12 14 1.73205
3 10 0 5 6 7 9 11 13 14 1.73205
3 10 0 5 6 7 9 12 13 14 1.41421
3 10 0 5 6 7 11 12 13 14 1.41421
3 10 0 5 6 8 9 11 12 13 1.41421
3 10 0 5 6 8 9 11 12 14 1.73205
3 10 0 5 6 8 9 11 13 14 1.73205
3 10 0 5 6 8 9 12 13 14 1.41421
3 10 0 5 6 8 11 12 13 14 1.41421
3 10 0 5 6 9 11 12 13 14 1.73205
3 10 0 5 7 8 9 11 12 13 1
3 10 0 5 7 8 9 11 12 14 1.41421
3 10 0 5 7 8 9 11 13 14 1.41421
3 10 0 5 7 8 9 12 13 14 1
3 10 0 5 7 8 11 12 13 14 1
3 10 0 5 7 9 11 12 13 14 1.41421
3 10 0 5 8 9 11 12 13 14 1.41421
3 10 0 6 7 8 9 11 12 13 1.62019
3 10 0 6 7 8 9 11 12 14 1.73205
3 10 0 6 7 8 9 11 13 14 1.73205
3 10 0 6 7 8 9 12 13 14 1.62019
3 10 0 6 7 8 11 12 13 14 1.62019
3 10 0 6 7 9 11 12 13 14 1.73205
3 10 0 6 8 9 11 12 13 14 2.13664
3 10 0 7 8 9 11 12 13 14 1.62019
3 10 1 2 4 5 6 7 8 9 1
3 10 1 2 4 5 6 7 8 11 1
3 10 1 2 4 5 6 7 8 12 1
3 10 1 2 4 5 6 7 8 13 0
3 10 1 2 4 5 6 7 8 14 1
3 10 1 2 4 5 6 7 9 11 1
3 10 1 2 4 5 6 7 9 12 1
3 10 1 2 4 5 6 7 9 13 0
3 10 1 2 4 5 6 7 9 14 1
3 10 1 2 4 5 6 7 11 12 1
3 10 1 2 4 5 6 7 11 13 0
3 10 1 2 4 5 6 7 11 14 1
3 10 1 2 4 5 6 7 12 13 0
3 10 1 2 4 5 6 7 12 14 1
3 10 1 2 4 5 6 7 13 14 0
3 10 1 2 4 5 6 8 9 11 1
3 10 1 2 4 5 6 8 9 12 1
3 10 1 2 4 5 6 8 9 13 0
3 10 1 2 4 5 6 8 9 14 1
3 10 1 2 4 5 6 8 11 12 1
3 10 1 2 4 5 6 8 11 13 0
3 10 1 2 4 5 6 8 11 14 1
3 10 1 2 4 5 6 8 12 13 0
3 10 1 2 4 5 6 8 12 14 1
3 10 1 2 4 5 6 8 13 14 0
3 10 1 2 4 5 6 9 11 12 1
3 10 1 2 4 5 6 9 11 13 0
3 10 1 2 4 5 6 9 11 14 1
3 10 1 2 4 5 6 9 12 13 0
3 10 1 2 4 5 6 9 12 14 1
3 10 1 2 4 5 6 9 13 14 0
3 10 1 2 4 5 6 11 12 13 0
3 10 1 2 4 5 6 11 12 14 1
3 10 1 2 4 5 6 11 13 14 0
3 10 1 2 4 5 6 12 13 14 0
3 10 1 2 4 5 7 8 9 11 1
3 10 1 2 4 5 7 8 9 12 1
3 10 1 2 4 5 7 8 9 13 1
3 10 1 2 4 5 7 8 9 14 1
3 10 1 2 4 5 7 8 11 12 1
3 10 1 2 4 5 7 8 11 13 1
3 10 1 2 4 5 7 8 11 14 1
3 10 1 2 4 5 7 8 12 13 1.41421
3 10 1 2 4 5 7 8 12 14 1.41421
3 10 1 2 4 5 7 8 13 14 1.41421
3 10 1 2 4 5 7 9 11 12 1
3 10 1 2 4 5 7 9 11 13 0
3 10 1 2 4 5 7 9 11 14 1
3 10 1 2 4 5 7 9 12 13 1
3 10 1 2 4 5 7 9 12 14 1
3 10 1 2 4 5 7 9 13 14 1
3 10 1 2 4 5 7 11 12 13 1
3 10 1 2 4 5 7 11 12 14 1
3 10 1 2 4 5 7 11 13 14 1
3 10 1 2 4 5 7 12 13 14 1.41421
3 10 1 2 4 5 8 9 11 12 1
3 10 1 2 4 5 8 9 11 13 0
3 10 1 2 4 5 8 9 11 14 1
3 10 1 2 4 5 8 9 12 13 1
3 10 1 2 4 5 8 9 12 14 1
3 10 1 2 4 5 8 9 13 14 1
3 10 1 2 4 5 8 11 12 13 1
3 10 1 2 4 5 8 11 12 14 1
3 10 1 2 4 5 8 11 13 14 1
3 10 1 2 4 5 8 12 13 14 1.41421
3 10 1 2 4 5 9 11 12 13 0
3 10 1 2 4 5 9 11 12 14 1
3 10 1 2 4 5 9 11 13 14 0
3 10 1 2 4 5 9 12 13 14 1
3 10 1 2 4 5 11 12 13 14 1
3 10 1 2 4 6 7 8 9 11 1
3 10 1 2 4 6 7 8 9 12 1
3 10 1 2 4 6 7 8 9 13 0
3 10 1 2 4 6 7 8 9 14 1
3 10 1 2 4 6 7 8 11 12 1
3 10 1 2 4 6 7 8 11 13 0
3 10 1 2 4 6 7 8 11 14 1
3 10 1 2 4 6 7 8 12 13 0
3 10 1 2 4 6 7 8 12 14 1
3 10 1 2 4 6 7 8 13 14 0
3 10 1 2 4 6 7 9 11 12 1
3 10 1 2 4 6 7 9 11 13 0
3 10 1 2 4 6 7 9 11 14 1
3 10 1 2 4 6 7 9 12 13 0
3 10 1 2 4 6 7 9 12 14 1
3 10 1 2 4 6 7 9 13 14 0
3 10 1 2 4 6 7 11 12 13 0
3 10 1 2 4 6 7 11 12 14 1
3 10 1 2 4 6 7 11 13 14 0
3 10 1 2 4 6 7 12 13 14 0
3 10 1 2 4 6 8 9 11 12 1
3 10 1 2 4 6 8 9 11 13 1
3 10 1 2 4 6 8 9 11 14 1
3 10 1 2 4 6 8 9 12 13 1
3 10 1 2 4 6 8 9 12 14 1
3 10 1 2 4 6 8 9 13 14 1
3 10 1 2 4 6 8 11 12 13 1
3 10 1 2 4 6 8 11 12 14 1
3 10 1 2 4 6 8 11 13 14 1
3 10 1 2 4 6 8 12 13 14 1
3 10 1 2 4 6 9 11 12 13 1
3 10 1 2 4 6 9 11 12 14 1
3 10 1 2 4 6 9 11 13 14 1
3 10 1 2 4 6 9 12 13 14 1
3 10 1 2 4 6 11 12 13 14 1
3 10 1 2 4 7 8 9 11 12 1
3 10 1 2 4 7 8 9 11 13 0
3 10 1 2 4 7 8 9 11 14 1
3 10 1 2 4 7 8 9 12 13 1
3 10 1 2 4 7 8 9 12 14 1
3 10 1 2 4 7 8 9 13 14 1
3 10 1 2 4 7 8 11 12 13 1
3 10 1 2 4 7 8 11 12 14 1
3 10 1 2 4 7 8 11 13 14 1
3 10 1 2 4 7 8 12 13 14 1.41421
3 10 1 2 4 7 9 11 12 13 0
3 10 1 2 4 7 9 11 12 14 1
3 10 1 2 4 7 9 11 13 14 0
3 10 1 2 4 7 9 12 13 14 1
3 10 1 2 4 7 11 12 13 14 1
3 10 1 2 4 8 9 11 12 13 1
3 10 1 2 4 8 9 11 12 14 1
3 10 1 2 4 8 9 11 13 14 1
3 10 1 2 4 8 9 12 13 14 1
3 10 1 2 4 8 11 12 13 14 1
3 10 1 2 4 9 11 12 13 14 1
3 10 1 2 5 6 7 8 9 11 1
3 10 1 2 5 6 7 8 9 12 1
3 10 1 2 5 6 7 8 9 13 0
3 10 1 2 5 6 7 8 9 14 1
3 10 1 2 5 6 7 8 11 12 1
3 10 1 2 5 6 7 8 11 13 0
3 10 1 2 5 6 7 8 11 14 1
3 10 1 2 5 6 7 8 12 13 0
3 10 1 2 5 6 7 8 12 14 1
3 10 1 2 5 6 7 8 13 14 0
3 10 1 2 5 6 7 9 11 12 1
3 10 1 2 5 6 7 9 11 13 0
3 10 1 2 5 6 7 9 11 14 1
3 10 1 2 5 6 7 9 12 13 0
3 10 1 2 5 6 7 9 12 14 1
3 10 1 2 5 6 7 9 13 14 0
3 10 1 2 5 6 7 11 12 13 0
3 10 1 2 5 6 7 11 12 14 1
3 10 1 2 5 6 7 11 13 14 0
3 10 1 2 5 6 7 12 13 14 0
3 10 1 2 5 6 8 9 11 12 1
3 10 1 2 5 6 8 9 11 13 0
3 10 1 2 5 6 8 9 11 14 1
3 10 1 2 5 6 8 9 12 13 0
3 10 1 2 5 6 8 9 12 14 1
3 10 1 2 5 6 8 9 13 14 0
3 10 1 2 5 6 8 11 12 13 0
3 10 1 2 5 6 8 11 12 14 1
3 10 1 2 5 6 8 11 13 14 0
3 10 1 2 5 6 8 12 13 14 0
3 10 1 2 5 6 9 11 12 13 0
3 10 1 2 5 6 9 11 12 14 1
3 10 1 2 5 6 9 11 13 14 0
3 10 1 2 5 6 9 12 13 14 0
3 10 1 2 5 6 11 12 13 14 0
3 10 1 2 5 7 8 9 11 12 1
3 10 1 2 5 7 8 9 11 13 0
3 10 1 2 5 7 8 9 11 14 1
3 10 1 2 5 7 8 9 12 13 1
3 10 1 2 5 7 8 9 12 14 1
3 10 1 2 5 7 8 9 13 14 1
3 10 1 2 5 7 8 11 12 13 1
3 10 1 2 5 7 8 11 12 14 1
3 10 1 2 5 7 8 11 13 14 1
3 10 1 2 5 7 8 12 13 14 1.41421
3 10 1 2 5 7 9 11 12 13 0
3 10 1 2 5 7 9 11 12 14 1
3 10 1 2 5 7 9 11 13 14 0
3 10 1 2 5 7 9 12 13 14 1
3 10 1 2 5 7 11 12 13 14 1
3 10 1 2 5 8 9 11 12 13 0
3 10 1 2 5 8 9 11 12 14 1
3 10 1 2 5 8 9 11 13 14 0
3 10 1 2 5 8 9 12 13 14 1
3 10 1 2 5 8 11 12 13 14 1
3 10 1 2 5 9 11 12 13 14 0
3 10 1 2 6 7 8 9 11 12 1
3 10 1 2 6 7 8 9 11 13 1
3 10 1 2 6 7 8 9 11 14 1
3 10 1 2 6 7 8 9 12 13 1
3 10 1 2 6 7 8 9 12 14 1
3 10 1 2 6 7 8 9 13 14 1
3 10 1 2 6 7 8 11 12 13 1
3 10 1 2 6 7 8 11 12 14 1
3 10 1 2 6 7 8 11 13 14 1
3 10 1 2 6 7 8 12 13 14 1
3 10 1 2 6 7 9 11 12 13 1
3 10 1 2 6 7 9 11 12 14 1
3 10 1 2 6 7 9 11 13 14 1
3 10 1 2 6 7 9 12 13 14 1
3 10 1 2 6 7 11 12 13 14 1
3 10 1 2 6 8 9 11 12 13 1.41421
3 10 1 2 6 8 9 11 12 14 1.41421
3 10 1 2 6 8 9 11 13 14 1.41421
3 10 1 2 6 8 9 12 13 14 1.41421
3 10 1 2 6 8 11 12 13 14 1.41421
3 10 1 2 6 9 11 12 13 14 1.41421
3 10 1 2 7 8 9 11 12 13 1
3 10 1 2 7 8 9 11 12 14 1
3 10 1 2 7 8 9 11 13 14 1
3 10 1 2 7 8 9 12 13 14 1
3 10 1 2 7 8 11 12 13 14 1
3 10 1 2 7 9 11 12 13 14 1
3 10 1 2 8 9 11 12 13 14 1.41421
3 10 1 4 5 6 7 8 9 11 1
3 10 1 4 5 6 7 8 9 12 1
3 10 1 4 5 6 7 8 9 13 0
3 10 1 4 5 6 7 8 9 14 1
3 10 1 4 5 6 7 8 11 12 1
3 10 1 4 5 6 7 8 11 13 0
3 10 1 4 5 6 7 8 11 14 1
3 10 1 4 5 6 7 8 12 13 0
3 10 1 4 5 6 7 8 12 14 1
3 10 1 4 5 6 7 8 13 14 0
3 10 1 4 5 6 7 9 11 12 1
3 10 1 4 5 6 7 9 11 13 0
3 10 1 4 5 6 7 9 11 14 1
3 10 1 4 5 6 7 9 12 13 0
3 10 1 4 5 6 7 9 12 14 1
3 10 1 4 5 6 7 9 13 14 0
3 10 1 4 5 6 7 11 12 13 0
3 10 1 4 5 6 7 11 12 14 1
3 10 1 4 5 6 7 11 13 14 0
3 10 1 4 5 6 7 12 13 14 0
3 10 1 4 5 6 8 9 11 12 1
3 10 1 4 5 6 8 9 11 13 0
3 10 1 4 5 6 8 9 11 14 1
3 10 1 4 5 6 8 9 12 13 0
3 10 1 4 5 6 8 9 12 14 1
3 10 1 4 5 6 8 9 13 14 0
3 10 1 4 5 6 8 11 12 13 0
3 10 1 4 5 6 8 11 12 14 1
3 10 1 4 5 6 8 11 13 14 0
3 10 1 4 5 6 8 12 13 14 0
3 10 1 4 5 6 9 11 12 13 0
3 10 1 4 5 6 9 11 12 14 1
3 10 1 4 5 6 9 11 13 14 0
3 10 1 4 5 6 9 12 13 14 0
3 10 1 4 5 6 11 12 13 14 0
3 10 1 4 5 7 8 9 11 12 1
3 10 1 4 5 7 8 9 11 13 0
3 10 1 4 5 7 8 9 11 14 1
3 10 1 4 5 7 8 9 12 13 1
3 10 1 4 5 7 8 9 12 14 1
3 10 1 4 5 7 8 9 13 14 1
3 10 1 4 5 7 8 11 12 13 1
3 10 1 4 5 7 8 11 12 14 1
3 10 1 4 5 7 8 11 13 14 1
3 10 1 4 5 7 8 12 13 14 1.41421
3 10 1 4 5 7 9 11 12 13 0
3 10 1 4 5 7 9 11 12 14 1
3 10 1 4 5 7 9 11 13 14 0
3 10 1 4 5 7 9 12 13 14 1
3 10 1 4 5 7 11 12 13 14 1
3 10 1 4 5 8 9 11 12 13 0
3 10 1 4 5 8 9 11 12 14 1
3 10 1 4 5 8 9 11 13 14 0
3 10 1 4 5 8 9 12 13 14 1
3 10 1 4 5 8 11 12 13 14 1
3 10 1 4 5 9 11 12 13 14 0
3 10 1 4 6 7 8 9 11 12 1
3 10 1 4 6 7 8 9 11 13 1
3 10 1 4 6 7 8 9 11 14 1
3 10 1 4 6 7 8 9 12 13 1
3 10 1 4 6 7 8 9 12 14 1
3 10 1 4 6 7 8 9 13 14 1
3 10 1 4 6 7 8 11 12 13 1
3 10 1 4 6 7 8 11 12 14 1
3 10 1 4 6 7 8 11 13 14 1
3 10 1 4 6 7 8 12 13 14 1
3 10 1 4 6 7 9 11 12 13 1
3 10 1 4 6 7 9 11 12 14 1
3 10 1 4 6 7 9 11 13 14 1
3 10 1 4 6 7 9 12 13 14 1
3 10 1 4 6 7 11 12 13 14 1
3 10 1 4 6 8 9 11 12 13 1.41421
3 10 1 4 6 8 9 11 12 14 1.41421
3 10 1 4 6 8 9 11 13 14 1.41421
3 10 1 4 6 8 9 12 13 14 1.41421
3 10 1 4 6 8 11 12 13 14 1.41421
3 10 1 4 6 9 11 12 13 14 1.41421
3 10 1 4 7 8 9 11 12 13 1
3 10 1 4 7 8 9 11 12 14 1
3 10 1 4 7 8 9 11 13 14 1
3 10 1 4 7 8 9 12 13 14 1
3 10 1 4 7 8 11 12 13 14 1
3 10 1 4 7 9 11 12 13 14 1
3 10 1 4 8 9 11 12 13 14 1.41421
3 10 1 5 6 7 8 9 11 12 1
3 10 1 5 6 7 8 9 11 13 0
3 10 1 5 6 7 8 9 11 14 1
3 10 1 5 6 7 8 9 12 13 0
3 10 1 5 6 7 8 9 12 14 1
3 10 1 5 6 7 8 9 13 14 0
3 10 1 5 6 7 8 11 12 13 0
3 10 1 5 6 7 8 11 12 14 1
3 10 1 5 6 7 8 11 13 14 0
3 10 1 5 6 7 8 12 13 14 0
3 10 1 5 6 7 9 11 12 13 0
3 10 1 5 6 7 9 11 12 14 1
3 10 1 5 6 7 9 11 13 14 0
3 10 1 5 6 7 9 12 13 14 0
3 10 1 5 6 7 11 12 13 14 0
3 10 1 5 6 8 9 11 12 13 0
3 10 1 5 6 8 9 11 12 14 1
3 10 1 5 6 8 9 11 13 14 0
3 10 1 5 6 8 9 12 13 14 0
3 10 1 5 6 8 11 12 13 14 0
3 10 1 5 6 9 11 12 13 14 0
3 10 1 5 7 8 9 11 12 13 0
3 10 1 5 7 8 9 11 12 14 1
3 10 1 5 7 8 9 11 13 14 0
3 10 1 5 7 8 9 12 13 14 1
3 10 1 5 7 8 11 12 13 14 1
3 10 1 5 7 9 11 12 13 14 0
3 10 1 5 8 9 11 12 13 14 0
3 10 1 6 7 8 9 11 12 13 1.41421
3 10 1 6 7 8 9 11 12 14 1.41421
3 10 1 6 7 8 9 11 13 14 1.41421
3 10 1 6 7 8 9 12 13 14 1.41421
3 10 1 6 7 8 11 12 13 14 1.41421
3 10 1 6 7 9 11 12 13 14 1.41421
3 10 1 6 8 9 11 12 13 14 1.73205
3 10 1 7 8 9 11 12 13 14 1.41421
3 10 2 4 5 6 7 8 9 11 1.62019
3 10 2 4 5 6 7 8 9 12 1.41421
3 10 2 4 5 6 7 8 9 13 1
3 10 2 4 5 6 7 8 9 14 1.62019
3 10 2 4 5 6 7 8 11 12 1.41421
3 10 2 4 5 6 7 8 11 13 1
3 10 2 4 5 6 7 8 11 14 1.62019
3 10 2 4 5 6 7 8 12 13 0
3 10 2 4 5 6 7 8 12 14 1.41421
3 10 2 4 5 6 7 8 13 14 1
3 10 2 4 5 6 7 9 11 12 1.62019
3 10 2 4 5 6 7 9 11 13 1.41421
3 10 2 4 5 6 7 9 11 14 1.85164
3 10 2 4 5 6 7 9 12 13 1
3 10 2 4 5 6 7 9 12 14 1.62019
3 10 2 4 5 6 7 9 13 14 1.41421
3 10 2 4 5 6 7 11 12 13 1
3 10 2 4 5 6 7 11 12 14 1.62019
3 10 2 4 5 6 7 11 13 14 1.41421
3 10 2 4 5 6 7 12 13 14 1
3 10 2 4 5 6 8 9 11 12 1.62019
3 10 2 4 5 6 8 9 11 13 1.41421
3 10 2 4 5 6 8 9 11 14 1.85164
3 10 2 4 5 6 8 9 12 13 1
3 10 2 4 5 6 8 9 12 14 1.62019
3 10 2 4 5 6 8 9 13 14 1.41421
3 10 2 4 5 6 8 11 12 13 1
3 10 2 4 5 6 8 11 12 14 1.62019
3 10 2 4 5 6 8 11 13 14 1.41421
3 10 2 4 5 6 8 12 13 14 1
3 10 2 4 5 6 9 11 12 13 1.41421
3 10 2 4 5 6 9 11 12 14 1.85164
3 10 2 4 5 6 9 11 13 14 1.73205
3 10 2 4 5 6 9 12 13 14 1.41421
3 10 2 4 5 6 11 12 13 14 1.41421
3 10 2 4 5 7 8 9 11 12 1.41421
3 10 2 4 5 7 8 9 11 13 1
3 10 2 4 5 7 8 9 11 14 1.62019
3 10 2 4 5 7 8 9 12 13 1
3 10 2 4 5 7 8 9 12 14 1.41421
3 10 2 4 5 7 8 9 13 14 1
3 10 2 4 5 7 8 11 12 13 1
3 10 2 4 5 7 8 11 12 14 1.41421
3 10 2 4 5 7 8 11 13 14 1
3 10 2 4 5 7 8 12 13 14 1.41421
3 10 2 4 5 7 9 11 12 13 1
3 10 2 4 5 7 9 11 12 14 1.62019
3 10 2 4 5 7 9 11 13 14 1.41421
3 10 2 4 5 7 9 12 13 14 1
3 10 2 4 5 7 11 12 13 14 1
3 10 2 4 5 8 9 11 12 13 1
3 10 2 4 5 8 9 11 12 14 1.62019
3 10 2 4 5 8 9 11 13 14 1.41421
3 10 2 4 5 8 9 12 13 14 1
3 10 2 4 5 8 11 12 13 14 1
3 10 2 4 5 9 11 12 13 14 1.41421
3 10 2 4 6 7 8 9 11 12 1.41421
3 10 2 4 6 7 8 9 11 13 1
3 10 2 4 6 7 8 9 11 14 1.62019
3 10 2 4 6 7 8 9 12 13 0
3 10 2 4 6 7 8 9 12 14 1.41421
3 10 2 4 6 7 8 9 13 14 1
3 10 2 4 6 7 8 11 12 13 0
3 10 2 4 6 7 8 11 12 14 1.41421
3 10 2 4 6 7 8 11 13 14 1
3 10 2 4 6 7 8 12 13 14 0
3 10 2 4 6 7 9 11 12 13 1
3 10 2 4 6 7 9 11 12 14 1.62019
3 10 2 4 6 7 9 11 13 14 1.41421
3 10 2 4 6 7 9 12 13 14 1
3 10 2 4 6 7 11 12 13 14 1
3 10 2 4 6 8 9 11 12 13 1.41421
3 10 2 4 6 8 9 11 12 14 1.73205
3 10 2 4 6 8 9 11 13 14 1.62019
3 10 2 4 6 8 9 12 13 14 1.41421
3 10 2 4 6 8 11 12 13 14 1.41421
3 10 2 4 6 9 11 12 13 14 1.62019
3 10 2 4 7 8 9 11 12 13 0
3 10 2 4 7 8 9 11 12 14 1.41421
3 10 2 4 7 8 9 11 13 14 1
3 10 2 4 7 8 9 12 13 14 1
3 10 2 4 7 8 11 12 13 14 1
3 10 2 4 7 9 11 12 13 14 1
3 10 2 4 8 9 11 12 13 14 1.41421
3 10 2 5 6 7 8 9 11 12 1.41421
3 10 2 5 6 7 8 9 11 13 1
3 10 2 5 6 7 8 9 11 14 1.62019
3 10 2 5 6 7 8 9 12 13 0
3 10 2 5 6 7 8 9 12 14 1.41421
3 10 2 5 6 7 8 9 13 14 1
3 10 2 5 6 7 8 11 12 13 0
3 10 2 5 6 7 8 11 12 14 1.41421
3 10 2 5 6 7 8 11 13 14 1
3 10 2 5 6 7 8 12 13 14 0
3 10 2 5 6 7 9 11 12 13 1
3 10 2 5 6 7 9 11 12 14 1.62019
3 10 2 5 6 7 9 11 13 14 1.41421
3 10 2 5 6 7 9 12 13 14 1
3 10 2 5 6 7 11 12 13 14 1
3 10 2 5 6 8 9 11 12 13 1
3 10 2 5 6 8 9 11 12 14 1.62019
3 10 2 5 6 8 9 11 13 14 1.41421
3 10 2 5 6 8 9 12 13 14 1
3 10 2 5 6 8 11 12 13 14 1
3 10 2 5 6 9 11 12 13 14 1.41421
3 10 2 5 7 8 9 11 12 13 0
3 10 2 5 7 8 9 11 12 14 1.41421
3 10 2 5 7 8 9 11 13 14 1
3 10 2 5 7 8 9 12 13 14 1
3 10 2 5 7 8 11 12 13 14 1
3 10 2 5 7 9 11 12 13 14 1
3 10 2 5 8 9 11 12 13 14 1
3 10 2 6 7 8 9 11 12 13 1
3 10 2 6 7 8 9 11 12 14 1.41421
3 10 2 6 7 8 9 11 13 14 1
3 10 2 6 7 8 9 12 13 14 1
3 10 2 6 7 8 11 12 13 14 1
3 10 2 6 7 9 11 12 13 14 1
3 10 2 6 8 9 11 12 13 14 1.62019
3 10 2 7 8 9 11 12 13 14 1
3 10 4 5 6 7 8 9 11 12 1.62019
3 10 4 5 6 7 8 9 11 13 1.41421
3 10 4 5 6 7 8 9 11 14 1.85164
3 10 4 5 6 7 8 9 12 13 1
3 10 4 5 6 7 8 9 12 14 1.62019
3 10 4 5 6 7 8 9 13 14 1.41421
3 10 4 5 6 7 8 11 12 13 1
3 10 4 5 6 7 8 11 12 14 1.62019
3 10 4 5 6 7 8 11 13 14 1.41421
3 10 4 5 6 7 8 12 13 14 1
3 10 4 5 6 7 9 11 12 13 1.41421
3 10 4 5 6 7 9 11 12 14 1.85164
3 10 4 5 6 7 9 11 13 14 1.73205
3 10 4 5 6 7 9 12 13 14 1.41421
3 10 4 5 6 7 11 12 13 14 1.41421
3 10 4 5 6 8 9 11 12 13 1.41421
3 10 4 5 6 8 9 11 12 14 1.85164
3 10 4 5 6 8 9 11 13 14 1.73205
3 10 4 5 6 8 9 12 13 14 1.41421
3 10 4 5 6 8 11 12 13 14 1.41421
3 10 4 5 6 9 11 12 13 14 1.73205
3 10 4 5 7 8 9 11 12 13 1
3 10 4 5 7 8 9 11 12 14 1.62019
3 10 4 5 7 8 9 11 13 14 1.41421
3 10 4 5 7 8 9 12 13 14 1
3 10 4 5 7 8 11 12 13 14 1
3 10 4 5 7 9 11 12 13 14 1.41421
3 10 4 5 8 9 11 12 13 14 1.41421
3 10 4 6 7 8 9 11 12 13 1.41421
3 10 4 6 7 8 9 11 12 14 1.73205
3 10 4 6 7 8 9 11 13 14 1.62019
3 10 4 6 7 8 9 12 13 14 1.41421
3 10 4 6 7 8 11 12 13 14 1.41421
3 10 4 6 7 9 11 12 13 14 1.62019
3 10 4 6 8 9 11 12 13 14 2
3 10 4 7 8 9 11 12 13 14 1.41421
3 10 5 6 7 8 9 11 12 13 1
3 10 5 6 7 8 9 11 12 14 1.62019
3 10 5 6 7 8 9 11 13 14 1.41421
3 10 5 6 7 8 9 12 13 14 1
3 10 5 6 7 8 11 12 13 14 1
3 10 5 6 7 9 11 12 13 14 1.41421
3 10 5 6 8 9 11 12 13 14 1.41421
3 10 5 7 8 9 11 12 13 14 1
3 10 6 7 8 9 11 12 13 14 1.62019
