1 7 0 2 1.85164
1 7 0 3 1.90693
1 7 0 4 1.81265
1 7 0 5 1.73205
1 7 0 6 1.96214
1 7 0 8 2
1 7 0 9 1.96769
1 7 0 10 2
1 7 0 11 1.93309
1 7 0 12 1.97531
1 7 0 13 1.97531
1 7 0 14 2
1 7 2 3 1.85164
1 7 2 4 1.62019
1 7 2 5 1.73205
1 7 2 6 1.85164
1 7 2 8 1.62019
1 7 2 9 1.85164
1 7 2 10 1.62019
1 7 2 11 1.85164
1 7 2 12 1.85164
1 7 2 13 1.85164
1 7 2 14 1.62019
1 7 3 4 1.41421
1 7 3 5 1.73205
1 7 3 6 1.90693
1 7 3 8 1.73205
1 7 3 9 1.90693
1 7 3 10 1.41421
1 7 3 11 1.90693
1 7 3 12 1.90693
1 7 3 13 1.90693
1 7 3 14 1.73205
1 7 4 5 1.73205
1 7 4 6 1.62019
1 7 4 8 1.81265
1 7 4 9 1.73205
1 7 4 10 1.81265
1 7 4 11 1.41421
1 7 4 12 1.81265
1 7 4 13 1.81265
1 7 4 14 1.81265
1 7 5 6 1.73205
1 7 5 8 1.73205
1 7 5 9 1.73205
1 7 5 10 1.73205
1 7 5 11 1.73205
1 7 5 12 1.73205
1 7 5 13 1.73205
1 7 5 14 1.73205
1 7 6 8 2
1 7 6 9 1.96214
1 7 6 10 1.73205
1 7 6 11 1.93309
1 7 6 12 1.96214
1 7 6 13 1.96214
1 7 6 14 2
1 7 8 9 2
1 7 8 10 2
1 7 8 11 1.81265
1 7 8 12 2
1 7 8 13 2
1 7 8 14 2
1 7 9 10 1.81265
1 7 9 11 1.93309
1 7 9 12 1.96769
1 7 9 13 1.96769
1 7 9 14 2
1 7 10 11 1.62019
1 7 10 12 2
1 7 10 13 2
1 7 10 14 2
1 7 11 12 1.93309
1 7 11 13 1.93309
1 7 11 14 1.81265
1 7 12 13 1.97531
1 7 12 14 2
1 7 13 14 2
