1 7 0 2 3 4 5 6 8 9 10 0
1 7 0 2 3 4 5 6 8 9 11 1
1 7 0 2 3 4 5 6 8 9 12 1
1 7 0 2 3 4 5 6 8 9 13 1
1 7 0 2 3 4 5 6 8 9 14 0
1 7 0 2 3 4 5 6 8 10 11 0
1 7 0 2 3 4 5 6 8 10 12 0
1 7 0 2 3 4 5 6 8 10 13 0
1 7 0 2 3 4 5 6 8 10 14 0
1 7 0 2 3 4 5 6 8 11 12 1
1 7 0 2 3 4 5 6 8 11 13 1
1 7 0 2 3 4 5 6 8 11 14 0
1 7 0 2 3 4 5 6 8 12 13 1
1 7 0 2 3 4 5 6 8 12 14 0
1 7 0 2 3 4 5 6 8 13 14 0
1 7 0 2 3 4 5 6 9 10 11 0
1 7 0 2 3 4 5 6 9 10 12 0
1 7 0 2 3 4 5 6 9 10 13 0
1 7 0 2 3 4 5 6 9 10 14 0
1 7 0 2 3 4 5 6 9 11 12 1.41421
1 7 0 2 3 4 5 6 9 11 13 1.41421
1 7 0 2 3 4 5 6 9 11 14 1
1 7 0 2 3 4 5 6 9 12 13 1.41421
1 7 0 2 3 4 5 6 9 12 14 1
1 7 0 2 3 4 5 6 9 13 14 1
1 7 0 2 3 4 5 6 10 11 12 0
1 7 0 2 3 4 5 6 10 11 13 0
1 7 0 2 3 4 5 6 10 11 14 0
1 7 0 2 3 4 5 6 10 12 13 0
1 7 0 2 3 4 5 6 10 12 14 0
1 7 0 2 3 4 5 6 10 13 14 0
1 7 0 2 3 4 5 6 11 12 13 1.41421
1 7 0 2 3 4 5 6 11 12 14 1
1 7 0 2 3 4 5 6 11 13 14 1
1 7 0 2 3 4 5 6 12 13 14 1
1 7 0 2 3 4 5 8 9 10 11 0
1 7 0 2 3 4 5 8 9 10 12 1
1 7 0 2 3 4 5 8 9 10 13 1
1 7 0 2 3 4 5 8 9 10 14 1
1 7 0 2 3 4 5 8 9 11 12 1
1 7 0 2 3 4 5 8 9 11 13 1
1 7 0 2 3 4 5 8 9 11 14 0
1 7 0 2 3 4 5 8 9 12 13 1
1 7 0 2 3 4 5 8 9 12 14 1
1 7 0 2 3 4 5 8 9 13 14 1
1 7 0 2 3 4 5 8 10 11 12 1
1 7 0 2 3 4 5 8 10 11 13 1
1 7 0 2 3 4 5 8 10 11 14 1
1 7 0 2 3 4 5 8 10 12 13 1.41421
1 7 0 2 3 4 5 8 10 12 14 1.41421
1 7 0 2 3 4 5 8 10 13 14 1.41421
1 7 0 2 3 4 5 8 11 12 13 1
1 7 0 2 3 4 5 8 11 12 14 1
1 7 0 2 3 4 5 8 11 13 14 1
1 7 0 2 3 4 5 8 12 13 14 1.41421
1 7 0 2 3 4 5 9 10 11 12 0
1 7 0 2 3 4 5 9 10 11 13 0
1 7 0 2 3 4 5 9 10 11 14 0
1 7 0 2 3 4 5 9 10 12 13 1
1 7 0 2 3 4 5 9 10 12 14 1
1 7 0 2 3 4 5 9 10 13 14 1
1 7 0 2 3 4 5 9 11 12 13 1.41421
1 7 0 2 3 4 5 9 11 12 14 1
1 7 0 2 3 4 5 9 11 13 14 1
1 7 0 2 3 4 5 9 12 13 14 1
1 7 0 2 3 4 5 10 11 12 13 1
1 7 0 2 3 4 5 10 11 12 14 1
1 7 0 2 3 4 5 10 11 13 14 1
1 7 0 2 3 4 5 10 12 13 14 1.41421
1 7 0 2 3 4 5 11 12 13 14 1
1 7 0 2 3 4 6 8 9 10 11 0
1 7 0 2 3 4 6 8 9 10 12 0
1 7 0 2 3 4 6 8 9 10 13 0
1 7 0 2 3 4 6 8 9 10 14 0
1 7 0 2 3 4 6 8 9 11 12 1
1 7 0 2 3 4 6 8 9 11 13 1
1 7 0 2 3 4 6 8 9 11 14 0
1 7 0 2 3 4 6 8 9 12 13 1
1 7 0 2 3 4 6 8 9 12 14 0
1 7 0 2 3 4 6 8 9 13 14 0
1 7 0 2 3 4 6 8 10 11 12 0
1 7 0 2 3 4 6 8 10 11 13 0
1 7 0 2 3 4 6 8 10 11 14 0
1 7 0 2 3 4 6 8 10 12 13 0
1 7 0 2 3 4 6 8 10 12 14 0
1 7 0 2 3 4 6 8 10 13 14 0
1 7 0 2 3 4 6 8 11 12 13 1
1 7 0 2 3 4 6 8 11 12 14 0
1 7 0 2 3 4 6 8 11 13 14 0
1 7 0 2 3 4 6 8 12 13 14 0
1 7 0 2 3 4 6 9 10 11 12 0
1 7 0 2 3 4 6 9 10 11 13 0
1 7 0 2 3 4 6 9 10 11 14 0
1 7 0 2 3 4 6 9 10 12 13 0
1 7 0 2 3 4 6 9 10 12 14 0
1 7 0 2 3 4 6 9 10 13 14 0
1 7 0 2 3 4 6 9 11 12 13 1.41421
1 7 0 2 3 4 6 9 11 12 14 1
1 7 0 2 3 4 6 9 11 13 14 1
1 7 0 2 3 4 6 9 12 13 14 1
1 7 0 2 3 4 6 10 11 12 13 0
1 7 0 2 3 4 6 10 11 12 14 0
1 7 0 2 3 4 6 10 11 13 14 0
1 7 0 2 3 4 6 10 12 13 14 0
1 7 0 2 3 4 6 11 12 13 14 1
1 7 0 2 3 4 8 9 10 11 12 0
1 7 0 2 3 4 8 9 10 11 13 0
1 7 0 2 3 4 8 9 10 11 14 0
1 7 0 2 3 4 8 9 10 12 13 1
1 7 0 2 3 4 8 9 10 12 14 1
1 7 0 2 3 4 8 9 10 13 14 1
1 7 0 2 3 4 8 9 11 12 13 1
1 7 0 2 3 4 8 9 11 12 14 0
1 7 0 2 3 4 8 9 11 13 14 0
1 7 0 2 3 4 8 9 12 13 14 1
1 7 0 2 3 4 8 10 11 12 13 1
1 7 0 2 3 4 8 10 11 12 14 1
1 7 0 2 3 4 8 10 11 13 14 1
1 7 0 2 3 4 8 10 12 13 14 1.41421
1 7 0 2 3 4 8 11 12 13 14 1
1 7 0 2 3 4 9 10 11 12 13 0
1 7 0 2 3 4 9 10 11 12 14 0
1 7 0 2 3 4 9 10 11 13 14 0
1 7 0 2 3 4 9 10 12 13 14 1
1 7 0 2 3 4 9 11 12 13 14 1
1 7 0 2 3 4 10 11 12 13 14 1
1 7 0 2 3 5 6 8 9 10 11 0
1 7 0 2 3 5 6 8 9 10 12 0
1 7 0 2 3 5 6 8 9 10 13 0
1 7 0 2 3 5 6 8 9 10 14 0
1 7 0 2 3 5 6 8 9 11 12 1.41421
1 7 0 2 3 5 6 8 9 11 13 1.41421
1 7 0 2 3 5 6 8 9 11 14 1
1 7 0 2 3 5 6 8 9 12 13 1.41421
1 7 0 2 3 5 6 8 9 12 14 1
1 7 0 2 3 5 6 8 9 13 14 1
1 7 0 2 3 5 6 8 10 11 12 0
1 7 0 2 3 5 6 8 10 11 13 0
1 7 0 2 3 5 6 8 10 11 14 0
1 7 0 2 3 5 6 8 10 12 13 0
1 7 0 2 3 5 6 8 10 12 14 0
1 7 0 2 3 5 6 8 10 13 14 0
1 7 0 2 3 5 6 8 11 12 13 1.41421
1 7 0 2 3 5 6 8 11 12 14 1
1 7 0 2 3 5 6 8 11 13 14 1
1 7 0 2 3 5 6 8 12 13 14 1
1 7 0 2 3 5 6 9 10 11 12 0
1 7 0 2 3 5 6 9 10 11 13 0
1 7 0 2 3 5 6 9 10 11 14 0
1 7 0 2 3 5 6 9 10 12 13 0
1 7 0 2 3 5 6 9 10 12 14 0
1 7 0 2 3 5 6 9 10 13 14 0
1 7 0 2 3 5 6 9 11 12 13 1.73205
1 7 0 2 3 5 6 9 11 12 14 1.41421
1 7 0 2 3 5 6 9 11 13 14 1.41421
1 7 0 2 3 5 6 9 12 13 14 1.41421
1 7 0 2 3 5 6 10 11 12 13 0
1 7 0 2 3 5 6 10 11 12 14 0
1 7 0 2 3 5 6 10 11 13 14 0
1 7 0 2 3 5 6 10 12 13 14 0
1 7 0 2 3 5 6 11 12 13 14 1.41421
1 7 0 2 3 5 8 9 10 11 12 0
1 7 0 2 3 5 8 9 10 11 13 0
1 7 0 2 3 5 8 9 10 11 14 0
1 7 0 2 3 5 8 9 10 12 13 1
1 7 0 2 3 5 8 9 10 12 14 1
1 7 0 2 3 5 8 9 10 13 14 1
1 7 0 2 3 5 8 9 11 12 13 1.41421
1 7 0 2 3 5 8 9 11 12 14 1
1 7 0 2 3 5 8 9 11 13 14 1
1 7 0 2 3 5 8 9 12 13 14 1
1 7 0 2 3 5 8 10 11 12 13 1
1 7 0 2 3 5 8 10 11 12 14 1
1 7 0 2 3 5 8 10 11 13 14 1
1 7 0 2 3 5 8 10 12 13 14 1.41421
1 7 0 2 3 5 8 11 12 13 14 1
1 7 0 2 3 5 9 10 11 12 13 0
1 7 0 2 3 5 9 10 11 12 14 0
1 7 0 2 3 5 9 10 11 13 14 0
1 7 0 2 3 5 9 10 12 13 14 1
1 7 0 2 3 5 9 11 12 13 14 1.41421
1 7 0 2 3 5 10 11 12 13 14 1
1 7 0 2 3 6 8 9 10 11 12 1
1 7 0 2 3 6 8 9 10 11 13 1
1 7 0 2 3 6 8 9 10 11 14 1
1 7 0 2 3 6 8 9 10 12 13 1
1 7 0 2 3 6 8 9 10 12 14 1
1 7 0 2 3 6 8 9 10 13 14 1
1 7 0 2 3 6 8 9 11 12 13 1.62019
1 7 0 2 3 6 8 9 11 12 14 1.41421
1 7 0 2 3 6 8 9 11 13 14 1.41421
1 7 0 2 3 6 8 9 12 13 14 1.41421
1 7 0 2 3 6 8 10 11 12 13 1
1 7 0 2 3 6 8 10 11 12 14 1
1 7 0 2 3 6 8 10 11 13 14 1
1 7 0 2 3 6 8 10 12 13 14 1
1 7 0 2 3 6 8 11 12 13 14 1.41421
1 7 0 2 3 6 9 10 11 12 13 1
1 7 0 2 3 6 9 10 11 12 14 1
1 7 0 2 3 6 9 10 11 13 14 1
1 7 0 2 3 6 9 10 12 13 14 1
1 7 0 2 3 6 9 11 12 13 14 1.62019
1 7 0 2 3 6 10 11 12 13 14 1
1 7 0 2 3 8 9 10 11 12 13 1
1 7 0 2 3 8 9 10 11 12 14 1
1 7 0 2 3 8 9 10 11 13 14 1
1 7 0 2 3 8 9 10 12 13 14 1
1 7 0 2 3 8 9 11 12 13 14 1.41421
1 7 0 2 3 8 10 11 12 13 14 1
1 7 0 2 3 9 10 11 12 13 14 1
1 7 0 2 4 5 6 8 9 10 11 0
1 7 0 2 4 5 6 8 9 10 12 1
1 7 0 2 4 5 6 8 9 10 13 1
1 7 0 2 4 5 6 8 9 10 14 1
1 7 0 2 4 5 6 8 9 11 12 1
1 7 0 2 4 5 6 8 9 11 13 1
1 7 0 2 4 5 6 8 9 11 14 0
1 7 0 2 4 5 6 8 9 12 13 1
1 7 0 2 4 5 6 8 9 12 14 1
1 7 0 2 4 5 6 8 9 13 14 1
1 7 0 2 4 5 6 8 10 11 12 0
1 7 0 2 4 5 6 8 10 11 13 0
1 7 0 2 4 5 6 8 10 11 14 0
1 7 0 2 4 5 6 8 10 12 13 1
1 7 0 2 4 5 6 8 10 12 14 1
1 7 0 2 4 5 6 8 10 13 14 1
1 7 0 2 4 5 6 8 11 12 13 1
1 7 0 2 4 5 6 8 11 12 14 0
1 7 0 2 4 5 6 8 11 13 14 0
1 7 0 2 4 5 6 8 12 13 14 1
1 7 0 2 4 5 6 9 10 11 12 0
1 7 0 2 4 5 6 9 10 11 13 0
1 7 0 2 4 5 6 9 10 11 14 0
1 7 0 2 4 5 6 9 10 12 13 1
1 7 0 2 4 5 6 9 10 12 14 1
1 7 0 2 4 5 6 9 10 13 14 1
1 7 0 2 4 5 6 9 11 12 13 1.41421
1 7 0 2 4 5 6 9 11 12 14 1
1 7 0 2 4 5 6 9 11 13 14 1
1 7 0 2 4 5 6 9 12 13 14 1
1 7 0 2 4 5 6 10 11 12 13 0
1 7 0 2 4 5 6 10 11 12 14 0
1 7 0 2 4 5 6 10 11 13 14 0
1 7 0 2 4 5 6 10 12 13 14 1
1 7 0 2 4 5 6 11 12 13 14 1
1 7 0 2 4 5 8 9 10 11 12 0
1 7 0 2 4 5 8 9 10 11 13 0
1 7 0 2 4 5 8 9 10 11 14 0
1 7 0 2 4 5 8 9 10 12 13 1.41421
1 7 0 2 4 5 8 9 10 12 14 1.41421
1 7 0 2 4 5 8 9 10 13 14 1.41421
1 7 0 2 4 5 8 9 11 12 13 1
1 7 0 2 4 5 8 9 11 12 14 0
1 7 0 2 4 5 8 9 11 13 14 0
1 7 0 2 4 5 8 9 12 13 14 1.41421
1 7 0 2 4 5 8 10 11 12 13 1
1 7 0 2 4 5 8 10 11 12 14 1
1 7 0 2 4 5 8 10 11 13 14 1
1 7 0 2 4 5 8 10 12 13 14 1.62019
1 7 0 2 4 5 8 11 12 13 14 1
1 7 0 2 4 5 9 10 11 12 13 0
1 7 0 2 4 5 9 10 11 12 14 0
1 7 0 2 4 5 9 10 11 13 14 0
1 7 0 2 4 5 9 10 12 13 14 1.41421
1 7 0 2 4 5 9 11 12 13 14 1
1 7 0 2 4 5 10 11 12 13 14 1
1 7 0 2 4 6 8 9 10 11 12 0
1 7 0 2 4 6 8 9 10 11 13 0
1 7 0 2 4 6 8 9 10 11 14 0
1 7 0 2 4 6 8 9 10 12 13 1
1 7 0 2 4 6 8 9 10 12 14 1
1 7 0 2 4 6 8 9 10 13 14 1
1 7 0 2 4 6 8 9 11 12 13 1
1 7 0 2 4 6 8 9 11 12 14 0
1 7 0 2 4 6 8 9 11 13 14 0
1 7 0 2 4 6 8 9 12 13 14 1
1 7 0 2 4 6 8 10 11 12 13 0
1 7 0 2 4 6 8 10 11 12 14 0
1 7 0 2 4 6 8 10 11 13 14 0
1 7 0 2 4 6 8 10 12 13 14 1
1 7 0 2 4 6 8 11 12 13 14 0
1 7 0 2 4 6 9 10 11 12 13 0
1 7 0 2 4 6 9 10 11 12 14 0
1 7 0 2 4 6 9 10 11 13 14 0
1 7 0 2 4 6 9 10 12 13 14 1
1 7 0 2 4 6 9 11 12 13 14 1
1 7 0 2 4 6 10 11 12 13 14 0
1 7 0 2 4 8 9 10 11 12 13 0
1 7 0 2 4 8 9 10 11 12 14 0
1 7 0 2 4 8 9 10 11 13 14 0
1 7 0 2 4 8 9 10 12 13 14 1.41421
1 7 0 2 4 8 9 11 12 13 14 0
1 7 0 2 4 8 10 11 12 13 14 1
1 7 0 2 4 9 10 11 12 13 14 0
1 7 0 2 5 6 8 9 10 11 12 0
1 7 0 2 5 6 8 9 10 11 13 0
1 7 0 2 5 6 8 9 10 11 14 0
1 7 0 2 5 6 8 9 10 12 13 1
1 7 0 2 5 6 8 9 10 12 14 1
1 7 0 2 5 6 8 9 10 13 14 1
1 7 0 2 5 6 8 9 11 12 13 1.41421
1 7 0 2 5 6 8 9 11 12 14 1
1 7 0 2 5 6 8 9 11 13 14 1
1 7 0 2 5 6 8 9 12 13 14 1
1 7 0 2 5 6 8 10 11 12 13 0
1 7 0 2 5 6 8 10 11 12 14 0
1 7 0 2 5 6 8 10 11 13 14 0
1 7 0 2 5 6 8 10 12 13 14 1
1 7 0 2 5 6 8 11 12 13 14 1
1 7 0 2 5 6 9 10 11 12 13 0
1 7 0 2 5 6 9 10 11 12 14 0
1 7 0 2 5 6 9 10 11 13 14 0
1 7 0 2 5 6 9 10 12 13 14 1
1 7 0 2 5 6 9 11 12 13 14 1.41421
1 7 0 2 5 6 10 11 12 13 14 0
1 7 0 2 5 8 9 10 11 12 13 0
1 7 0 2 5 8 9 10 11 12 14 0
1 7 0 2 5 8 9 10 11 13 14 0
1 7 0 2 5 8 9 10 12 13 14 1.41421
1 7 0 2 5 8 9 11 12 13 14 1
1 7 0 2 5 8 10 11 12 13 14 1
1 7 0 2 5 9 10 11 12 13 14 0
1 7 0 2 6 8 9 10 11 12 13 1
1 7 0 2 6 8 9 10 11 12 14 1
1 7 0 2 6 8 9 10 11 13 14 1
1 7 0 2 6 8 9 10 12 13 14 1
1 7 0 2 6 8 9 11 12 13 14 1.41421
1 7 0 2 6 8 10 11 12 13 14 1
1 7 0 2 6 9 10 11 12 13 14 1
1 7 0 2 8 9 10 11 12 13 14 1
1 7 0 3 4 5 6 8 9 10 11 0
1 7 0 3 4 5 6 8 9 10 12 0
1 7 0 3 4 5 6 8 9 10 13 0
1 7 0 3 4 5 6 8 9 10 14 0
1 7 0 3 4 5 6 8 9 11 12 1
1 7 0 3 4 5 6 8 9 11 13 1
1 7 0 3 4 5 6 8 9 11 14 0
1 7 0 3 4 5 6 8 9 12 13 1
1 7 0 3 4 5 6 8 9 12 14 0
1 7 0 3 4 5 6 8 9 13 14 0
1 7 0 3 4 5 6 8 10 11 12 0
1 7 0 3 4 5 6 8 10 11 13 0
1 7 0 3 4 5 6 8 10 11 14 0
1 7 0 3 4 5 6 8 10 12 13 0
1 7 0 3 4 5 6 8 10 12 14 0
1 7 0 3 4 5 6 8 10 13 14 0
1 7 0 3 4 5 6 8 11 12 13 1
1 7 0 3 4 5 6 8 11 12 14 0
1 7 0 3 4 5 6 8 11 13 14 0
1 7 0 3 4 5 6 8 12 13 14 0
1 7 0 3 4 5 6 9 10 11 12 0
1 7 0 3 4 5 6 9 10 11 13 0
1 7 0 3 4 5 6 9 10 11 14 0
1 7 0 3 4 5 6 9 10 12 13 0
1 7 0 3 4 5 6 9 10 12 14 0
1 7 0 3 4 5 6 9 10 13 14 0
1 7 0 3 4 5 6 9 11 12 13 1.41421
1 7 0 3 4 5 6 9 11 12 14 1
1 7 0 3 4 5 6 9 11 13 14 1
1 7 0 3 4 5 6 9 12 13 14 1
1 7 0 3 4 5 6 10 11 12 13 0
1 7 0 3 4 5 6 10 11 12 14 0
1 7 0 3 4 5 6 10 11 13 14 0
1 7 0 3 4 5 6 10 12 13 14 0
1 7 0 3 4 5 6 11 12 13 14 1
1 7 0 3 4 5 8 9 10 11 12 0
1 7 0 3 4 5 8 9 10 11 13 0
1 7 0 3 4 5 8 9 10 11 14 0
1 7 0 3 4 5 8 9 10 12 13 1
1 7 0 3 4 5 8 9 10 12 14 1
1 7 0 3 4 5 8 9 10 13 14 1
1 7 0 3 4 5 8 9 11 12 13 1
1 7 0 3 4 5 8 9 11 12 14 0
1 7 0 3 4 5 8 9 11 13 14 0
1 7 0 3 4 5 8 9 12 13 14 1
1 7 0 3 4 5 8 10 11 12 13 1
1 7 0 3 4 5 8 10 11 12 14 1
1 7 0 3 4 5 8 10 11 13 14 1
1 7 0 3 4 5 8 10 12 13 14 1.41421
1 7 0 3 4 5 8 11 12 13 14 1
1 7 0 3 4 5 9 10 11 12 13 0
1 7 0 3 4 5 9 10 11 12 14 0
1 7 0 3 4 5 9 10 11 13 14 0
1 7 0 3 4 5 9 10 12 13 14 1
1 7 0 3 4 5 9 11 12 13 14 1
1 7 0 3 4 5 10 11 12 13 14 1
1 7 0 3 4 6 8 9 10 11 12 1
1 7 0 3 4 6 8 9 10 11 13 1
1 7 0 3 4 6 8 9 10 11 14 1
1 7 0 3 4 6 8 9 10 12 13 1
1 7 0 3 4 6 8 9 10 12 14 1
1 7 0 3 4 6 8 9 10 13 14 1
1 7 0 3 4 6 8 9 11 12 13 1
1 7 0 3 4 6 8 9 11 12 14 1
1 7 0 3 4 6 8 9 11 13 14 1
1 7 0 3 4 6 8 9 12 13 14 1
1 7 0 3 4 6 8 10 11 12 13 1
1 7 0 3 4 6 8 10 11 12 14 1
1 7 0 3 4 6 8 10 11 13 14 1
1 7 0 3 4 6 8 10 12 13 14 1
1 7 0 3 4 6 8 11 12 13 14 1
1 7 0 3 4 6 9 10 11 12 13 1
1 7 0 3 4 6 9 10 11 12 14 1
1 7 0 3 4 6 9 10 11 13 14 1
1 7 0 3 4 6 9 10 12 13 14 1
1 7 0 3 4 6 9 11 12 13 14 1
1 7 0 3 4 6 10 11 12 13 14 1
1 7 0 3 4 8 9 10 11 12 13 1
1 7 0 3 4 8 9 10 11 12 14 1
1 7 0 3 4 8 9 10 11 13 14 1
1 7 0 3 4 8 9 10 12 13 14 1
1 7 0 3 4 8 9 11 12 13 14 1
1 7 0 3 4 8 10 11 12 13 14 1
1 7 0 3 4 9 10 11 12 13 14 1
1 7 0 3 5 6 8 9 10 11 12 0
1 7 0 3 5 6 8 9 10 11 13 0
1 7 0 3 5 6 8 9 10 11 14 0
1 7 0 3 5 6 8 9 10 12 13 0
1 7 0 3 5 6 8 9 10 12 14 0
1 7 0 3 5 6 8 9 10 13 14 0
1 7 0 3 5 6 8 9 11 12 13 1.41421
1 7 0 3 5 6 8 9 11 12 14 1
1 7 0 3 5 6 8 9 11 13 14 1
1 7 0 3 5 6 8 9 12 13 14 1
1 7 0 3 5 6 8 10 11 12 13 0
1 7 0 3 5 6 8 10 11 12 14 0
1 7 0 3 5 6 8 10 11 13 14 0
1 7 0 3 5 6 8 10 12 13 14 0
1 7 0 3 5 6 8 11 12 13 14 1
1 7 0 3 5 6 9 10 11 12 13 0
1 7 0 3 5 6 9 10 11 12 14 0
1 7 0 3 5 6 9 10 11 13 14 0
1 7 0 3 5 6 9 10 12 13 14 0
1 7 0 3 5 6 9 11 12 13 14 1.41421
1 7 0 3 5 6 10 11 12 13 14 0
1 7 0 3 5 8 9 10 11 12 13 0
1 7 0 3 5 8 9 10 11 12 14 0
1 7 0 3 5 8 9 10 11 13 14 0
1 7 0 3 5 8 9 10 12 13 14 1
1 7 0 3 5 8 9 11 12 13 14 1
1 7 0 3 5 8 10 11 12 13 14 1
1 7 0 3 5 9 10 11 12 13 14 0
1 7 0 3 6 8 9 10 11 12 13 1.41421
1 7 0 3 6 8 9 10 11 12 14 1.41421
1 7 0 3 6 8 9 10 11 13 14 1.41421
1 7 0 3 6 8 9 10 12 13 14 1.41421
1 7 0 3 6 8 9 11 12 13 14 1.62019
1 7 0 3 6 8 10 11 12 13 14 1.41421
1 7 0 3 6 9 10 11 12 13 14 1.41421
1 7 0 3 8 9 10 11 12 13 14 1.41421
1 7 0 4 5 6 8 9 10 11 12 1
1 7 0 4 5 6 8 9 10 11 13 1
1 7 0 4 5 6 8 9 10 11 14 1
1 7 0 4 5 6 8 9 10 12 13 1.41421
1 7 0 4 5 6 8 9 10 12 14 1.41421
1 7 0 4 5 6 8 9 10 13 14 1.41421
1 7 0 4 5 6 8 9 11 12 13 1
1 7 0 4 5 6 8 9 11 12 14 1
1 7 0 4 5 6 8 9 11 13 14 1
1 7 0 4 5 6 8 9 12 13 14 1.41421
1 7 0 4 5 6 8 10 11 12 13 1
1 7 0 4 5 6 8 10 11 12 14 1
1 7 0 4 5 6 8 10 11 13 14 1
1 7 0 4 5 6 8 10 12 13 14 1.41421
1 7 0 4 5 6 8 11 12 13 14 1
1 7 0 4 5 6 9 10 11 12 13 1
1 7 0 4 5 6 9 10 11 12 14 1
1 7 0 4 5 6 9 10 11 13 14 1
1 7 0 4 5 6 9 10 12 13 14 1.41421
1 7 0 4 5 6 9 11 12 13 14 1
1 7 0 4 5 6 10 11 12 13 14 1
1 7 0 4 5 8 9 10 11 12 13 1
1 7 0 4 5 8 9 10 11 12 14 1
1 7 0 4 5 8 9 10 11 13 14 1
1 7 0 4 5 8 9 10 12 13 14 1.62019
1 7 0 4 5 8 9 11 12 13 14 1
1 7 0 4 5 8 10 11 12 13 14 1
1 7 0 4 5 9 10 11 12 13 14 1
1 7 0 4 6 8 9 10 11 12 13 1.41421
1 7 0 4 6 8 9 10 11 12 14 1.41421
1 7 0 4 6 8 9 10 11 13 14 1.41421
1 7 0 4 6 8 9 10 12 13 14 1.62019
1 7 0 4 6 8 9 11 12 13 14 1.41421
1 7 0 4 6 8 10 11 12 13 14 1.41421
1 7 0 4 6 9 10 11 12 13 14 1.41421
1 7 0 4 8 9 10 11 12 13 14 1.41421
1 7 0 5 6 8 9 10 11 12 13 1
1 7 0 5 6 8 9 10 11 12 14 1
1 7 0 5 6 8 9 10 11 13 14 1
1 7 0 5 6 8 9 10 12 13 14 1.41421
1 7 0 5 6 8 9 11 12 13 14 1
1 7 0 5 6 8 10 11 12 13 14 1
1 7 0 5 6 9 10 11 12 13 14 1
1 7 0 5 8 9 10 11 12 13 14 1
1 7 0 6 8 9 10 11 12 13 14 1.62019
1 7 2 3 4 5 6 8 9 10 11 1
1 7 2 3 4 5 6 8 9 10 12 1
1 7 2 3 4 5 6 8 9 10 13 0
1 7 2 3 4 5 6 8 9 10 14 1
1 7 2 3 4 5 6 8 9 11 12 1
1 7 2 3 4 5 6 8 9 11 13 1
1 7 2 3 4 5 6 8 9 11 14 1
1 7 2 3 4 5 6 8 9 12 13 1
1 7 2 3 4 5 6 8 9 12 14 1
1 7 2 3 4 5 6 8 9 13 14 0
1 7 2 3 4 5 6 8 10 11 12 1
1 7 2 3 4 5 6 8 10 11 13 0
1 7 2 3 4 5 6 8 10 11 14 1
1 7 2 3 4 5 6 8 10 12 13 0
1 7 2 3 4 5 6 8 10 12 14 1
1 7 2 3 4 5 6 8 10 13 14 0
1 7 2 3 4 5 6 8 11 12 13 1
1 7 2 3 4 5 6 8 11 12 14 1
1 7 2 3 4 5 6 8 11 13 14 0
1 7 2 3 4 5 6 8 12 13 14 0
1 7 2 3 4 5 6 9 10 11 12 1
1 7 2 3 4 5 6 9 10 11 13 0
1 7 2 3 4 5 6 9 10 11 14 1
1 7 2 3 4 5 6 9 10 12 13 0
1 7 2 3 4 5 6 9 10 12 14 1
1 7 2 3 4 5 6 9 10 13 14 0
1 7 2 3 4 5 6 9 11 12 13 1.41421
1 7 2 3 4 5 6 9 11 12 14 1
1 7 2 3 4 5 6 9 11 13 14 1
1 7 2 3 4 5 6 9 12 13 14 1
1 7 2 3 4 5 6 10 11 12 13 0
1 7 2 3 4 5 6 10 11 12 14 1
1 7 2 3 4 5 6 10 11 13 14 0
1 7 2 3 4 5 6 10 12 13 14 0
1 7 2 3 4 5 6 11 12 13 14 1
1 7 2 3 4 5 8 9 10 11 12 1
1 7 2 3 4 5 8 9 10 11 13 0
1 7 2 3 4 5 8 9 10 11 14 1
1 7 2 3 4 5 8 9 10 12 13 1
1 7 2 3 4 5 8 9 10 12 14 1
1 7 2 3 4 5 8 9 10 13 14 1
1 7 2 3 4 5 8 9 11 12 13 1
1 7 2 3 4 5 8 9 11 12 14 1
1 7 2 3 4 5 8 9 11 13 14 0
1 7 2 3 4 5 8 9 12 13 14 1
1 7 2 3 4 5 8 10 11 12 13 1
1 7 2 3 4 5 8 10 11 12 14 1
1 7 2 3 4 5 8 10 11 13 14 1
1 7 2 3 4 5 8 10 12 13 14 1.41421
1 7 2 3 4 5 8 11 12 13 14 1
1 7 2 3 4 5 9 10 11 12 13 0
1 7 2 3 4 5 9 10 11 12 14 1
1 7 2 3 4 5 9 10 11 13 14 0
1 7 2 3 4 5 9 10 12 13 14 1
1 7 2 3 4 5 9 11 12 13 14 1
1 7 2 3 4 5 10 11 12 13 14 1
1 7 2 3 4 6 8 9 10 11 12 1
1 7 2 3 4 6 8 9 10 11 13 0
1 7 2 3 4 6 8 9 10 11 14 1
1 7 2 3 4 6 8 9 10 12 13 0
1 7 2 3 4 6 8 9 10 12 14 1
1 7 2 3 4 6 8 9 10 13 14 0
1 7 2 3 4 6 8 9 11 12 13 1
1 7 2 3 4 6 8 9 11 12 14 1
1 7 2 3 4 6 8 9 11 13 14 0
1 7 2 3 4 6 8 9 12 13 14 0
1 7 2 3 4 6 8 10 11 12 13 0
1 7 2 3 4 6 8 10 11 12 14 1
1 7 2 3 4 6 8 10 11 13 14 0
1 7 2 3 4 6 8 10 12 13 14 0
1 7 2 3 4 6 8 11 12 13 14 0
1 7 2 3 4 6 9 10 11 12 13 0
1 7 2 3 4 6 9 10 11 12 14 1
1 7 2 3 4 6 9 10 11 13 14 0
1 7 2 3 4 6 9 10 12 13 14 0
1 7 2 3 4 6 9 11 12 13 14 1
1 7 2 3 4 6 10 11 12 13 14 0
1 7 2 3 4 8 9 10 11 12 13 0
1 7 2 3 4 8 9 10 11 12 14 1
1 7 2 3 4 8 9 10 11 13 14 0
1 7 2 3 4 8 9 10 12 13 14 1
1 7 2 3 4 8 9 11 12 13 14 0
1 7 2 3 4 8 10 11 12 13 14 1
1 7 2 3 4 9 10 11 12 13 14 0
1 7 2 3 5 6 8 9 10 11 12 1
1 7 2 3 5 6 8 9 10 11 13 0
1 7 2 3 5 6 8 9 10 11 14 1
1 7 2 3 5 6 8 9 10 12 13 0
1 7 2 3 5 6 8 9 10 12 14 1
1 7 2 3 5 6 8 9 10 13 14 0
1 7 2 3 5 6 8 9 11 12 13 1.41421
1 7 2 3 5 6 8 9 11 12 14 1
1 7 2 3 5 6 8 9 11 13 14 1
1 7 2 3 5 6 8 9 12 13 14 1
1 7 2 3 5 6 8 10 11 12 13 0
1 7 2 3 5 6 8 10 11 12 14 1
1 7 2 3 5 6 8 10 11 13 14 0
1 7 2 3 5 6 8 10 12 13 14 0
1 7 2 3 5 6 8 11 12 13 14 1
1 7 2 3 5 6 9 10 11 12 13 0
1 7 2 3 5 6 9 10 11 12 14 1
1 7 2 3 5 6 9 10 11 13 14 0
1 7 2 3 5 6 9 10 12 13 14 0
1 7 2 3 5 6 9 11 12 13 14 1.41421
1 7 2 3 5 6 10 11 12 13 14 0
1 7 2 3 5 8 9 10 11 12 13 0
1 7 2 3 5 8 9 10 11 12 14 1
1 7 2 3 5 8 9 10 11 13 14 0
1 7 2 3 5 8 9 10 12 13 14 1
1 7 2 3 5 8 9 11 12 13 14 1
1 7 2 3 5 8 10 11 12 13 14 1
1 7 2 3 5 9 10 11 12 13 14 0
1 7 2 3 6 8 9 10 11 12 13 1
1 7 2 3 6 8 9 10 11 12 14 1
1 7 2 3 6 8 9 10 11 13 14 1
1 7 2 3 6 8 9 10 12 13 14 1
1 7 2 3 6 8 9 11 12 13 14 1.41421
1 7 2 3 6 8 10 11 12 13 14 1
1 7 2 3 6 9 10 11 12 13 14 1
1 7 2 3 8 9 10 11 12 13 14 1
1 7 2 4 5 6 8 9 10 11 12 1
1 7 2 4 5 6 8 9 10 11 13 0
1 7 2 4 5 6 8 9 10 11 14 1
1 7 2 4 5 6 8 9 10 12 13 1
1 7 2 4 5 6 8 9 10 12 14 1
1 7 2 4 5 6 8 9 10 13 14 1
1 7 2 4 5 6 8 9 11 12 13 1
1 7 2 4 5 6 8 9 11 12 14 1
1 7 2 4 5 6 8 9 11 13 14 0
1 7 2 4 5 6 8 9 12 13 14 1
1 7 2 4 5 6 8 10 11 12 13 0
1 7 2 4 5 6 8 10 11 12 14 1
1 7 2 4 5 6 8 10 11 13 14 0
1 7 2 4 5 6 8 10 12 13 14 1
1 7 2 4 5 6 8 11 12 13 14 0
1 7 2 4 5 6 9 10 11 12 13 0
1 7 2 4 5 6 9 10 11 12 14 1
1 7 2 4 5 6 9 10 11 13 14 0
1 7 2 4 5 6 9 10 12 13 14 1
1 7 2 4 5 6 9 11 12 13 14 1
1 7 2 4 5 6 10 11 12 13 14 0
1 7 2 4 5 8 9 10 11 12 13 0
1 7 2 4 5 8 9 10 11 12 14 1
1 7 2 4 5 8 9 10 11 13 14 0
1 7 2 4 5 8 9 10 12 13 14 1.41421
1 7 2 4 5 8 9 11 12 13 14 0
1 7 2 4 5 8 10 11 12 13 14 1
1 7 2 4 5 9 10 11 12 13 14 0
1 7 2 4 6 8 9 10 11 12 13 0
1 7 2 4 6 8 9 10 11 12 14 1
1 7 2 4 6 8 9 10 11 13 14 0
1 7 2 4 6 8 9 10 12 13 14 1
1 7 2 4 6 8 9 11 12 13 14 0
1 7 2 4 6 8 10 11 12 13 14 0
1 7 2 4 6 9 10 11 12 13 14 0
1 7 2 4 8 9 10 11 12 13 14 0
1 7 2 5 6 8 9 10 11 12 13 0
1 7 2 5 6 8 9 10 11 12 14 1
1 7 2 5 6 8 9 10 11 13 14 0
1 7 2 5 6 8 9 10 12 13 14 1
1 7 2 5 6 8 9 11 12 13 14 1
1 7 2 5 6 8 10 11 12 13 14 0
1 7 2 5 6 9 10 11 12 13 14 0
1 7 2 5 8 9 10 11 12 13 14 0
1 7 2 6 8 9 10 11 12 13 14 1
1 7 3 4 5 6 8 9 10 11 12 1
1 7 3 4 5 6 8 9 10 11 13 0
1 7 3 4 5 6 8 9 10 11 14 1
1 7 3 4 5 6 8 9 10 12 13 0
1 7 3 4 5 6 8 9 10 12 14 1
1 7 3 4 5 6 8 9 10 13 14 0
1 7 3 4 5 6 8 9 11 12 13 1
1 7 3 4 5 6 8 9 11 12 14 1
1 7 3 4 5 6 8 9 11 13 14 0
1 7 3 4 5 6 8 9 12 13 14 0
1 7 3 4 5 6 8 10 11 12 13 0
1 7 3 4 5 6 8 10 11 12 14 1
1 7 3 4 5 6 8 10 11 13 14 0
1 7 3 4 5 6 8 10 12 13 14 0
1 7 3 4 5 6 8 11 12 13 14 0
1 7 3 4 5 6 9 10 11 12 13 0
1 7 3 4 5 6 9 10 11 12 14 1
1 7 3 4 5 6 9 10 11 13 14 0
1 7 3 4 5 6 9 10 12 13 14 0
1 7 3 4 5 6 9 11 12 13 14 1
1 7 3 4 5 6 10 11 12 13 14 0
1 7 3 4 5 8 9 10 11 12 13 0
1 7 3 4 5 8 9 10 11 12 14 1
1 7 3 4 5 8 9 10 11 13 14 0
1 7 3 4 5 8 9 10 12 13 14 1
1 7 3 4 5 8 9 11 12 13 14 0
1 7 3 4 5 8 10 11 12 13 14 1
1 7 3 4 5 9 10 11 12 13 14 0
1 7 3 4 6 8 9 10 11 12 13 1
1 7 3 4 6 8 9 10 11 12 14 1
1 7 3 4 6 8 9 10 11 13 14 1
1 7 3 4 6 8 9 10 12 13 14 1
1 7 3 4 6 8 9 11 12 13 14 1
1 7 3 4 6 8 10 11 12 13 14 1
1 7 3 4 6 9 10 11 12 13 14 1
1 7 3 4 8 9 10 11 12 13 14 1
1 7 3 5 6 8 9 10 11 12 13 0
1 7 3 5 6 8 9 10 11 12 14 1
1 7 3 5 6 8 9 10 11 13 14 0
1 7 3 5 6 8 9 10 12 13 14 0
1 7 3 5 6 8 9 11 12 13 14 1
1 7 3 5 6 8 10 11 12 13 14 0
1 7 3 5 6 9 10 11 12 13 14 0
1 7 3 5 8 9 10 11 12 13 14 0
1 7 3 6 8 9 10 11 12 13 14 1.41421
1 7 4 5 6 8 9 10 11 12 13 1
1 7 4 5 6 8 9 10 11 12 14 1
1 7 4 5 6 8 9 10 11 13 14 1
1 7 4 5 6 8 9 10 12 13 14 1.41421
1 7 4 5 6 8 9 11 12 13 14 1
1 7 4 5 6 8 10 11 12 13 14 1
1 7 4 5 6 9 10 11 12 13 14 1
1 7 4 5 8 9 10 11 12 13 14 1
1 7 4 6 8 9 10 11 12 13 14 1.41421
1 7 5 6 8 9 10 11 12 13 14 1
