10 13 0 1 2.28446
10 13 0 2 2.1391
10 13 0 3 2.35488
10 13 0 4 2.68408
10 13 0 5 2.389
10 13 0 6 2.71163
10 13 0 7 2.1391
10 13 0 8 2.65417
10 13 0 9 2.72172
10 13 0 11 2.66231
10 13 0 12 2.65417
10 13 0 14 2.7314
10 13 1 2 2
10 13 1 3 1.73205
10 13 1 4 2.19089
10 13 1 5 1.90693
10 13 1 6 2.23607
10 13 1 7 2
10 13 1 8 2.28446
10 13 1 9 2.26385
10 13 1 11 2.13664
10 13 1 12 2.28446
10 13 1 14 2.28446
10 13 2 3 1.90693
10 13 2 4 2.09069
10 13 2 5 1.96214
10 13 2 6 2.10223
10 13 2 7 1.62019
10 13 2 8 2.08167
10 13 2 9 2.12132
10 13 2 11 2.04939
10 13 2 12 2.08167
10 13 2 14 2.1391
10 13 3 4 2.28709
10 13 3 5 2
10 13 3 6 2.35488
10 13 3 7 1.90693
10 13 3 8 2.23607
10 13 3 9 2.35488
10 13 3 11 2.35488
10 13 3 12 2.23607
10 13 3 14 2.35488
10 13 4 5 2.389
10 13 4 6 2.66231
10 13 4 7 2.09069
10 13 4 8 2.64575
10 13 4 9 2.67435
10 13 4 11 2.61406
10 13 4 12 2.64575
10 13 4 14 2.68408
10 13 5 6 2.35488
10 13 5 7 1.96214
10 13 5 8 2.28446
10 13 5 9 2.37697
10 13 5 11 2.28709
10 13 5 12 2.28446
10 13 5 14 2.389
10 13 6 7 2.10223
10 13 6 8 2.64575
10 13 6 9 2.71163
10 13 6 11 2.66231
10 13 6 12 2.64575
10 13 6 14 2.71163
10 13 7 8 2.08167
10 13 7 9 2.12132
10 13 7 11 2.04939
10 13 7 12 2.08167
10 13 7 14 2.1391
10 13 8 9 2.66288
10 13 8 11 2.58844
10 13 8 12 2.64575
10 13 8 14 2.65417
10 13 9 11 2.66231
10 13 9 12 2.66288
10 13 9 14 2.72172
10 13 11 12 2.58844
10 13 11 14 2.66231
10 13 12 14 2.65417
