2 13 0 1 3 1.90693
2 13 0 1 4 1.81265
2 13 0 1 5 1.73205
2 13 0 1 6 1.96214
2 13 0 1 7 1.85164
2 13 0 1 8 2
2 13 0 1 9 1.96769
2 13 0 1 10 2
2 13 0 1 11 1.93309
2 13 0 1 12 1.97531
2 13 0 1 14 2
2 13 0 3 4 2
2 13 0 3 5 2
2 13 0 3 6 2.16025
2 13 0 3 7 2
2 13 0 3 8 2
2 13 0 3 9 2.16025
2 13 0 3 10 1.90693
2 13 0 3 11 2.16025
2 13 0 3 12 2.10639
2 13 0 3 14 2.10639
2 13 0 4 5 2.05603
2 13 0 4 6 2.16025
2 13 0 4 7 1.73205
2 13 0 4 8 2
2 13 0 4 9 2.13535
2 13 0 4 10 2.09069
2 13 0 4 11 2.08167
2 13 0 4 12 2.04742
2 13 0 4 14 2.14154
2 13 0 5 6 2.08738
2 13 0 5 7 1.90693
2 13 0 5 8 2
2 13 0 5 9 2.08296
2 13 0 5 10 1.96214
2 13 0 5 11 2.04939
2 13 0 5 12 1.97531
2 13 0 5 14 2.05603
2 13 0 6 7 2
2 13 0 6 8 2.08167
2 13 0 6 9 2.27798
2 13 0 6 10 2.10223
2 13 0 6 11 2.2563
2 13 0 6 12 2.19644
2 13 0 6 14 2.23607
2 13 0 7 8 1.62019
2 13 0 7 9 2
2 13 0 7 10 1.62019
2 13 0 7 11 2
2 13 0 7 12 1.93309
2 13 0 7 14 1.81265
2 13 0 8 9 2.08167
2 13 0 8 10 2.08167
2 13 0 8 11 2
2 13 0 8 12 2.04742
2 13 0 8 14 2.08167
2 13 0 9 10 2.12132
2 13 0 9 11 2.2563
2 13 0 9 12 2.1965
2 13 0 9 14 2.23607
2 13 0 10 11 2.04939
2 13 0 10 12 2.08167
2 13 0 10 14 2.1391
2 13 0 11 12 2.173
2 13 0 11 14 2.19745
2 13 0 12 14 2.23607
2 13 1 3 4 1.41421
2 13 1 3 5 1.73205
2 13 1 3 6 1.90693
2 13 1 3 7 1.85164
2 13 1 3 8 1.73205
2 13 1 3 9 1.90693
2 13 1 3 10 1.41421
2 13 1 3 11 1.90693
2 13 1 3 12 1.90693
2 13 1 3 14 1.73205
2 13 1 4 5 1.73205
2 13 1 4 6 1.62019
2 13 1 4 7 1.62019
2 13 1 4 8 1.81265
2 13 1 4 9 1.73205
2 13 1 4 10 1.81265
2 13 1 4 11 1.41421
2 13 1 4 12 1.81265
2 13 1 4 14 1.81265
2 13 1 5 6 1.73205
2 13 1 5 7 1.73205
2 13 1 5 8 1.73205
2 13 1 5 9 1.73205
2 13 1 5 10 1.73205
2 13 1 5 11 1.73205
2 13 1 5 12 1.73205
2 13 1 5 14 1.73205
2 13 1 6 7 1.85164
2 13 1 6 8 2
2 13 1 6 9 1.96214
2 13 1 6 10 1.73205
2 13 1 6 11 1.93309
2 13 1 6 12 1.96214
2 13 1 6 14 2
2 13 1 7 8 1.62019
2 13 1 7 9 1.85164
2 13 1 7 10 1.62019
2 13 1 7 11 1.85164
2 13 1 7 12 1.85164
2 13 1 7 14 1.62019
2 13 1 8 9 2
2 13 1 8 10 2
2 13 1 8 11 1.81265
2 13 1 8 12 2
2 13 1 8 14 2
2 13 1 9 10 1.81265
2 13 1 9 11 1.93309
2 13 1 9 12 1.96769
2 13 1 9 14 2
2 13 1 10 11 1.62019
2 13 1 10 12 2
2 13 1 10 14 2
2 13 1 11 12 1.93309
2 13 1 11 14 1.81265
2 13 1 12 14 2
2 13 3 4 5 1.90693
2 13 3 4 6 2
2 13 3 4 7 1.73205
2 13 3 4 8 1.62019
2 13 3 4 9 2
2 13 3 4 10 1.85164
2 13 3 4 11 2
2 13 3 4 12 1.81265
2 13 3 4 14 1.93309
2 13 3 5 6 2
2 13 3 5 7 1.90693
2 13 3 5 8 1.41421
2 13 3 5 9 2
2 13 3 5 10 1.73205
2 13 3 5 11 2
2 13 3 5 12 1.90693
2 13 3 5 14 1.90693
2 13 3 6 7 2
2 13 3 6 8 2
2 13 3 6 9 2.16025
2 13 3 6 10 1.90693
2 13 3 6 11 2.16025
2 13 3 6 12 2.10639
2 13 3 6 14 2.10639
2 13 3 7 8 1.62019
2 13 3 7 9 2
2 13 3 7 10 1.41421
2 13 3 7 11 2
2 13 3 7 12 1.93309
2 13 3 7 14 1.81265
2 13 3 8 9 2
2 13 3 8 10 1.73205
2 13 3 8 11 2
2 13 3 8 12 1.81265
2 13 3 8 14 1.81265
2 13 3 9 10 1.90693
2 13 3 9 11 2.16025
2 13 3 9 12 2.10639
2 13 3 9 14 2.10639
2 13 3 10 11 1.90693
2 13 3 10 12 1.73205
2 13 3 10 14 1.90693
2 13 3 11 12 2.10639
2 13 3 11 14 2.10639
2 13 3 12 14 2
2 13 4 5 6 2.01187
2 13 4 5 7 1.73205
2 13 4 5 8 2
2 13 4 5 9 2.04495
2 13 4 5 10 1.96214
2 13 4 5 11 2
2 13 4 5 12 2
2 13 4 5 14 2.02367
2 13 4 6 7 1.73205
2 13 4 6 8 1.93309
2 13 4 6 9 2.16025
2 13 4 6 10 2.04939
2 13 4 6 11 2.08167
2 13 4 6 12 2
2 13 4 6 14 2.09938
2 13 4 7 8 1.62019
2 13 4 7 9 1.73205
2 13 4 7 10 1.62019
2 13 4 7 11 1.73205
2 13 4 7 12 1.62019
2 13 4 7 14 1.62019
2 13 4 8 9 2
2 13 4 8 10 2
2 13 4 8 11 1.85164
2 13 4 8 12 1.93309
2 13 4 8 14 2
2 13 4 9 10 2.08167
2 13 4 9 11 2.08167
2 13 4 9 12 2.04495
2 13 4 9 14 2.16025
2 13 4 10 11 2.00294
2 13 4 10 12 2
2 13 4 10 14 2.09069
2 13 4 11 12 1.93309
2 13 4 11 14 2.04939
2 13 4 12 14 2.04495
2 13 5 6 7 1.90693
2 13 5 6 8 1.73205
2 13 5 6 9 2.08738
2 13 5 6 10 1.90693
2 13 5 6 11 2.04939
2 13 5 6 12 1.96214
2 13 5 6 14 2.01187
2 13 5 7 8 1.62019
2 13 5 7 9 1.90693
2 13 5 7 10 1.62019
2 13 5 7 11 1.90693
2 13 5 7 12 1.85164
2 13 5 7 14 1.73205
2 13 5 8 9 1.81265
2 13 5 8 10 2
2 13 5 8 11 1.62019
2 13 5 8 12 1.81265
2 13 5 8 14 2
2 13 5 9 10 1.93309
2 13 5 9 11 2.04939
2 13 5 9 12 1.96769
2 13 5 9 14 2.04495
2 13 5 10 11 1.85164
2 13 5 10 12 2
2 13 5 10 14 1.96214
2 13 5 11 12 1.93309
2 13 5 11 14 2
2 13 5 12 14 2
2 13 6 7 8 1.62019
2 13 6 7 9 2
2 13 6 7 10 1.41421
2 13 6 7 11 2
2 13 6 7 12 1.93309
2 13 6 7 14 1.81265
2 13 6 8 9 2.08167
2 13 6 8 10 2
2 13 6 8 11 2
2 13 6 8 12 2
2 13 6 8 14 2.0381
2 13 6 9 10 2.10223
2 13 6 9 11 2.2563
2 13 6 9 12 2.19644
2 13 6 9 14 2.23607
2 13 6 10 11 2.04939
2 13 6 10 12 2
2 13 6 10 14 2.10223
2 13 6 11 12 2.173
2 13 6 11 14 2.19745
2 13 6 12 14 2.16025
2 13 7 8 9 1.62019
2 13 7 8 10 1.62019
2 13 7 8 11 1.62019
2 13 7 8 12 1.62019
2 13 7 8 14 1.62019
2 13 7 9 10 1.41421
2 13 7 9 11 2
2 13 7 9 12 1.93309
2 13 7 9 14 1.81265
2 13 7 10 11 1.41421
2 13 7 10 12 1.62019
2 13 7 10 14 1.62019
2 13 7 11 12 1.93309
2 13 7 11 14 1.81265
2 13 7 12 14 1.73205
2 13 8 9 10 2.0381
2 13 8 9 11 2
2 13 8 9 12 2.04495
2 13 8 9 14 2.05751
2 13 8 10 11 1.93309
2 13 8 10 12 2
2 13 8 10 14 2.08167
2 13 8 11 12 1.93309
2 13 8 11 14 2
2 13 8 12 14 2.04495
2 13 9 10 11 2.04939
2 13 9 10 12 2.0381
2 13 9 10 14 2.12132
2 13 9 11 12 2.173
2 13 9 11 14 2.19745
2 13 9 12 14 2.15758
2 13 10 11 12 1.93309
2 13 10 11 14 2.04939
2 13 10 12 14 2.08167
2 13 11 12 14 2.10639
