7 10 0 1 2
7 10 0 2 1.73205
7 10 0 3 2.10357
7 10 0 4 2.22892
7 10 0 5 2.12993
7 10 0 6 2.23607
7 10 0 8 2.1391
7 10 0 9 2.24695
7 10 0 11 2.21037
7 10 0 12 2.1391
7 10 0 13 2.1391
7 10 0 14 2.25726
7 10 1 2 1.62019
7 10 1 3 1.41421
7 10 1 4 1.81265
7 10 1 5 1.73205
7 10 1 6 1.73205
7 10 1 8 2
7 10 1 9 1.81265
7 10 1 11 1.62019
7 10 1 12 2
7 10 1 13 2
7 10 1 14 2
7 10 2 3 1.85164
7 10 2 4 1.85164
7 10 2 5 1.85164
7 10 2 6 1.85164
7 10 2 8 1.62019
7 10 2 9 1.85164
7 10 2 11 1.85164
7 10 2 12 1.62019
7 10 2 13 1.62019
7 10 2 14 1.85164
7 10 3 4 2.13809
7 10 3 5 2.07802
7 10 3 6 2.16556
7 10 3 8 2
7 10 3 9 2.16556
7 10 3 11 2.16556
7 10 3 12 2
7 10 3 13 1.90693
7 10 3 14 2.16556
7 10 4 5 2.19848
7 10 4 6 2.2514
7 10 4 8 2.14154
7 10 4 9 2.26747
7 10 4 11 2.22354
7 10 4 12 2.14154
7 10 4 13 2.09069
7 10 4 14 2.27395
7 10 5 6 2.16556
7 10 5 8 2.02367
7 10 5 9 2.17626
7 10 5 11 2.13809
7 10 5 12 2.02367
7 10 5 13 1.96214
7 10 5 14 2.19848
7 10 6 8 2.13809
7 10 6 9 2.26855
7 10 6 11 2.2514
7 10 6 12 2.13809
7 10 6 13 2.10223
7 10 6 14 2.26855
7 10 8 9 2.15322
7 10 8 11 2.09938
7 10 8 12 2.08167
7 10 8 13 2.08167
7 10 8 14 2.1693
7 10 9 11 2.2514
7 10 9 12 2.15322
7 10 9 13 2.12132
7 10 9 14 2.29129
7 10 11 12 2.09938
7 10 11 13 2.04939
7 10 11 14 2.2514
7 10 12 13 2.08167
7 10 12 14 2.1693
7 10 13 14 2.1391
