7 10 0 1 2 3 4 5 6 8 0
7 10 0 1 2 3 4 5 6 9 0
7 10 0 1 2 3 4 5 6 11 0
7 10 0 1 2 3 4 5 6 12 0
7 10 0 1 2 3 4 5 6 13 0
7 10 0 1 2 3 4 5 6 14 0
7 10 0 1 2 3 4 5 8 9 1
7 10 0 1 2 3 4 5 8 11 1
7 10 0 1 2 3 4 5 8 12 1.41421
7 10 0 1 2 3 4 5 8 13 1.41421
7 10 0 1 2 3 4 5 8 14 1.41421
7 10 0 1 2 3 4 5 9 11 0
7 10 0 1 2 3 4 5 9 12 1
7 10 0 1 2 3 4 5 9 13 1
7 10 0 1 2 3 4 5 9 14 1
7 10 0 1 2 3 4 5 11 12 1
7 10 0 1 2 3 4 5 11 13 1
7 10 0 1 2 3 4 5 11 14 1
7 10 0 1 2 3 4 5 12 13 1.41421
7 10 0 1 2 3 4 5 12 14 1.41421
7 10 0 1 2 3 4 5 13 14 1.41421
7 10 0 1 2 3 4 6 8 9 0
7 10 0 1 2 3 4 6 8 11 0
7 10 0 1 2 3 4 6 8 12 0
7 10 0 1 2 3 4 6 8 13 0
7 10 0 1 2 3 4 6 8 14 0
7 10 0 1 2 3 4 6 9 11 0
7 10 0 1 2 3 4 6 9 12 0
7 10 0 1 2 3 4 6 9 13 0
7 10 0 1 2 3 4 6 9 14 0
7 10 0 1 2 3 4 6 11 12 0
7 10 0 1 2 3 4 6 11 13 0
7 10 0 1 2 3 4 6 11 14 0
7 10 0 1 2 3 4 6 12 13 0
7 10 0 1 2 3 4 6 12 14 0
7 10 0 1 2 3 4 6 13 14 0
7 10 0 1 2 3 4 8 9 11 0
7 10 0 1 2 3 4 8 9 12 1
7 10 0 1 2 3 4 8 9 13 1
7 10 0 1 2 3 4 8 9 14 1
7 10 0 1 2 3 4 8 11 12 1
7 10 0 1 2 3 4 8 11 13 1
7 10 0 1 2 3 4 8 11 14 1
7 10 0 1 2 3 4 8 12 13 1.41421
7 10 0 1 2 3 4 8 12 14 1.41421
7 10 0 1 2 3 4 8 13 14 1.41421
7 10 0 1 2 3 4 9 11 12 0
7 10 0 1 2 3 4 9 11 13 0
7 10 0 1 2 3 4 9 11 14 0
7 10 0 1 2 3 4 9 12 13 1
7 10 0 1 2 3 4 9 12 14 1
7 10 0 1 2 3 4 9 13 14 1
7 10 0 1 2 3 4 11 12 13 1
7 10 0 1 2 3 4 11 12 14 1
7 10 0 1 2 3 4 11 13 14 1
7 10 0 1 2 3 4 12 13 14 1.41421
7 10 0 1 2 3 5 6 8 9 0
7 10 0 1 2 3 5 6 8 11 0
7 10 0 1 2 3 5 6 8 12 0
7 10 0 1 2 3 5 6 8 13 0
7 10 0 1 2 3 5 6 8 14 0
7 10 0 1 2 3 5 6 9 11 0
7 10 0 1 2 3 5 6 9 12 0
7 10 0 1 2 3 5 6 9 13 0
7 10 0 1 2 3 5 6 9 14 0
7 10 0 1 2 3 5 6 11 12 0
7 10 0 1 2 3 5 6 11 13 0
7 10 0 1 2 3 5 6 11 14 0
7 10 0 1 2 3 5 6 12 13 0
7 10 0 1 2 3 5 6 12 14 0
7 10 0 1 2 3 5 6 13 14 0
7 10 0 1 2 3 5 8 9 11 0
7 10 0 1 2 3 5 8 9 12 1
7 10 0 1 2 3 5 8 9 13 1
7 10 0 1 2 3 5 8 9 14 1
7 10 0 1 2 3 5 8 11 12 1
7 10 0 1 2 3 5 8 11 13 1
7 10 0 1 2 3 5 8 11 14 1
7 10 0 1 2 3 5 8 12 13 1.41421
7 10 0 1 2 3 5 8 12 14 1.41421
7 10 0 1 2 3 5 8 13 14 1.41421
7 10 0 1 2 3 5 9 11 12 0
7 10 0 1 2 3 5 9 11 13 0
7 10 0 1 2 3 5 9 11 14 0
7 10 0 1 2 3 5 9 12 13 1
7 10 0 1 2 3 5 9 12 14 1
7 10 0 1 2 3 5 9 13 14 1
7 10 0 1 2 3 5 11 12 13 1
7 10 0 1 2 3 5 11 12 14 1
7 10 0 1 2 3 5 11 13 14 1
7 10 0 1 2 3 5 12 13 14 1.41421
7 10 0 1 2 3 6 8 9 11 1
7 10 0 1 2 3 6 8 9 12 1
7 10 0 1 2 3 6 8 9 13 1
7 10 0 1 2 3 6 8 9 14 1
7 10 0 1 2 3 6 8 11 12 1
7 10 0 1 2 3 6 8 11 13 1
7 10 0 1 2 3 6 8 11 14 1
7 10 0 1 2 3 6 8 12 13 1
7 10 0 1 2 3 6 8 12 14 1
7 10 0 1 2 3 6 8 13 14 1
7 10 0 1 2 3 6 9 11 12 1
7 10 0 1 2 3 6 9 11 13 1
7 10 0 1 2 3 6 9 11 14 1
7 10 0 1 2 3 6 9 12 13 1
7 10 0 1 2 3 6 9 12 14 1
7 10 0 1 2 3 6 9 13 14 1
7 10 0 1 2 3 6 11 12 13 1
7 10 0 1 2 3 6 11 12 14 1
7 10 0 1 2 3 6 11 13 14 1
7 10 0 1 2 3 6 12 13 14 1
7 10 0 1 2 3 8 9 11 12 1
7 10 0 1 2 3 8 9 11 13 1
7 10 0 1 2 3 8 9 11 14 1
7 10 0 1 2 3 8 9 12 13 1
7 10 0 1 2 3 8 9 12 14 1
7 10 0 1 2 3 8 9 13 14 1
7 10 0 1 2 3 8 11 12 13 1
7 10 0 1 2 3 8 11 12 14 1
7 10 0 1 2 3 8 11 13 14 1
7 10 0 1 2 3 8 12 13 14 1.41421
7 10 0 1 2 3 9 11 12 13 1
7 10 0 1 2 3 9 11 12 14 1
7 10 0 1 2 3 9 11 13 14 1
7 10 0 1 2 3 9 12 13 14 1
7 10 0 1 2 3 11 12 13 14 1
7 10 0 1 2 4 5 6 8 9 1
7 10 0 1 2 4 5 6 8 11 0
7 10 0 1 2 4 5 6 8 12 1
7 10 0 1 2 4 5 6 8 13 1
7 10 0 1 2 4 5 6 8 14 1
7 10 0 1 2 4 5 6 9 11 0
7 10 0 1 2 4 5 6 9 12 1
7 10 0 1 2 4 5 6 9 13 1
7 10 0 1 2 4 5 6 9 14 1
7 10 0 1 2 4 5 6 11 12 0
7 10 0 1 2 4 5 6 11 13 0
7 10 0 1 2 4 5 6 11 14 0
7 10 0 1 2 4 5 6 12 13 1
7 10 0 1 2 4 5 6 12 14 1
7 10 0 1 2 4 5 6 13 14 1
7 10 0 1 2 4 5 8 9 11 0
7 10 0 1 2 4 5 8 9 12 1.41421
7 10 0 1 2 4 5 8 9 13 1.41421
7 10 0 1 2 4 5 8 9 14 1.41421
7 10 0 1 2 4 5 8 11 12 1
7 10 0 1 2 4 5 8 11 13 1
7 10 0 1 2 4 5 8 11 14 1
7 10 0 1 2 4 5 8 12 13 1.62019
7 10 0 1 2 4 5 8 12 14 1.62019
7 10 0 1 2 4 5 8 13 14 1.62019
7 10 0 1 2 4 5 9 11 12 0
7 10 0 1 2 4 5 9 11 13 0
7 10 0 1 2 4 5 9 11 14 0
7 10 0 1 2 4 5 9 12 13 1.41421
7 10 0 1 2 4 5 9 12 14 1.41421
7 10 0 1 2 4 5 9 13 14 1.41421
7 10 0 1 2 4 5 11 12 13 1
7 10 0 1 2 4 5 11 12 14 1
7 10 0 1 2 4 5 11 13 14 1
7 10 0 1 2 4 5 12 13 14 1.62019
7 10 0 1 2 4 6 8 9 11 0
7 10 0 1 2 4 6 8 9 12 1
7 10 0 1 2 4 6 8 9 13 1
7 10 0 1 2 4 6 8 9 14 1
7 10 0 1 2 4 6 8 11 12 0
7 10 0 1 2 4 6 8 11 13 0
7 10 0 1 2 4 6 8 11 14 0
7 10 0 1 2 4 6 8 12 13 1
7 10 0 1 2 4 6 8 12 14 1
7 10 0 1 2 4 6 8 13 14 1
7 10 0 1 2 4 6 9 11 12 0
7 10 0 1 2 4 6 9 11 13 0
7 10 0 1 2 4 6 9 11 14 0
7 10 0 1 2 4 6 9 12 13 1
7 10 0 1 2 4 6 9 12 14 1
7 10 0 1 2 4 6 9 13 14 1
7 10 0 1 2 4 6 11 12 13 0
7 10 0 1 2 4 6 11 12 14 0
7 10 0 1 2 4 6 11 13 14 0
7 10 0 1 2 4 6 12 13 14 1
7 10 0 1 2 4 8 9 11 12 0
7 10 0 1 2 4 8 9 11 13 0
7 10 0 1 2 4 8 9 11 14 0
7 10 0 1 2 4 8 9 12 13 1.41421
7 10 0 1 2 4 8 9 12 14 1.41421
7 10 0 1 2 4 8 9 13 14 1.41421
7 10 0 1 2 4 8 11 12 13 1
7 10 0 1 2 4 8 11 12 14 1
7 10 0 1 2 4 8 11 13 14 1
7 10 0 1 2 4 8 12 13 14 1.62019
7 10 0 1 2 4 9 11 12 13 0
7 10 0 1 2 4 9 11 12 14 0
7 10 0 1 2 4 9 11 13 14 0
7 10 0 1 2 4 9 12 13 14 1.41421
7 10 0 1 2 4 11 12 13 14 1
7 10 0 1 2 5 6 8 9 11 0
7 10 0 1 2 5 6 8 9 12 1
7 10 0 1 2 5 6 8 9 13 1
7 10 0 1 2 5 6 8 9 14 1
7 10 0 1 2 5 6 8 11 12 0
7 10 0 1 2 5 6 8 11 13 0
7 10 0 1 2 5 6 8 11 14 0
7 10 0 1 2 5 6 8 12 13 1
7 10 0 1 2 5 6 8 12 14 1
7 10 0 1 2 5 6 8 13 14 1
7 10 0 1 2 5 6 9 11 12 0
7 10 0 1 2 5 6 9 11 13 0
7 10 0 1 2 5 6 9 11 14 0
7 10 0 1 2 5 6 9 12 13 1
7 10 0 1 2 5 6 9 12 14 1
7 10 0 1 2 5 6 9 13 14 1
7 10 0 1 2 5 6 11 12 13 0
7 10 0 1 2 5 6 11 12 14 0
7 10 0 1 2 5 6 11 13 14 0
7 10 0 1 2 5 6 12 13 14 1
7 10 0 1 2 5 8 9 11 12 0
7 10 0 1 2 5 8 9 11 13 0
7 10 0 1 2 5 8 9 11 14 0
7 10 0 1 2 5 8 9 12 13 1.41421
7 10 0 1 2 5 8 9 12 14 1.41421
7 10 0 1 2 5 8 9 13 14 1.41421
7 10 0 1 2 5 8 11 12 13 1
7 10 0 1 2 5 8 11 12 14 1
7 10 0 1 2 5 8 11 13 14 1
7 10 0 1 2 5 8 12 13 14 1.62019
7 10 0 1 2 5 9 11 12 13 0
7 10 0 1 2 5 9 11 12 14 0
7 10 0 1 2 5 9 11 13 14 0
7 10 0 1 2 5 9 12 13 14 1.41421
7 10 0 1 2 5 11 12 13 14 1
7 10 0 1 2 6 8 9 11 12 1
7 10 0 1 2 6 8 9 11 13 1
7 10 0 1 2 6 8 9 11 14 1
7 10 0 1 2 6 8 9 12 13 1
7 10 0 1 2 6 8 9 12 14 1
7 10 0 1 2 6 8 9 13 14 1
7 10 0 1 2 6 8 11 12 13 1
7 10 0 1 2 6 8 11 12 14 1
7 10 0 1 2 6 8 11 13 14 1
7 10 0 1 2 6 8 12 13 14 1
7 10 0 1 2 6 9 11 12 13 1
7 10 0 1 2 6 9 11 12 14 1
7 10 0 1 2 6 9 11 13 14 1
7 10 0 1 2 6 9 12 13 14 1
7 10 0 1 2 6 11 12 13 14 1
7 10 0 1 2 8 9 11 12 13 1
7 10 0 1 2 8 9 11 12 14 1
7 10 0 1 2 8 9 11 13 14 1
7 10 0 1 2 8 9 12 13 14 1.41421
7 10 0 1 2 8 11 12 13 14 1
7 10 0 1 2 9 11 12 13 14 1
7 10 0 1 3 4 5 6 8 9 0
7 10 0 1 3 4 5 6 8 11 0
7 10 0 1 3 4 5 6 8 12 0
7 10 0 1 3 4 5 6 8 13 0
7 10 0 1 3 4 5 6 8 14 0
7 10 0 1 3 4 5 6 9 11 0
7 10 0 1 3 4 5 6 9 12 0
7 10 0 1 3 4 5 6 9 13 0
7 10 0 1 3 4 5 6 9 14 0
7 10 0 1 3 4 5 6 11 12 0
7 10 0 1 3 4 5 6 11 13 0
7 10 0 1 3 4 5 6 11 14 0
7 10 0 1 3 4 5 6 12 13 0
7 10 0 1 3 4 5 6 12 14 0
7 10 0 1 3 4 5 6 13 14 0
7 10 0 1 3 4 5 8 9 11 0
7 10 0 1 3 4 5 8 9 12 1
7 10 0 1 3 4 5 8 9 13 1
7 10 0 1 3 4 5 8 9 14 1
7 10 0 1 3 4 5 8 11 12 1
7 10 0 1 3 4 5 8 11 13 1
7 10 0 1 3 4 5 8 11 14 1
7 10 0 1 3 4 5 8 12 13 1.41421
7 10 0 1 3 4 5 8 12 14 1.41421
7 10 0 1 3 4 5 8 13 14 1.41421
7 10 0 1 3 4 5 9 11 12 0
7 10 0 1 3 4 5 9 11 13 0
7 10 0 1 3 4 5 9 11 14 0
7 10 0 1 3 4 5 9 12 13 1
7 10 0 1 3 4 5 9 12 14 1
7 10 0 1 3 4 5 9 13 14 1
7 10 0 1 3 4 5 11 12 13 1
7 10 0 1 3 4 5 11 12 14 1
7 10 0 1 3 4 5 11 13 14 1
7 10 0 1 3 4 5 12 13 14 1.41421
7 10 0 1 3 4 6 8 9 11 1
7 10 0 1 3 4 6 8 9 12 1
7 10 0 1 3 4 6 8 9 13 1
7 10 0 1 3 4 6 8 9 14 1
7 10 0 1 3 4 6 8 11 12 1
7 10 0 1 3 4 6 8 11 13 1
7 10 0 1 3 4 6 8 11 14 1
7 10 0 1 3 4 6 8 12 13 1
7 10 0 1 3 4 6 8 12 14 1
7 10 0 1 3 4 6 8 13 14 1
7 10 0 1 3 4 6 9 11 12 1
7 10 0 1 3 4 6 9 11 13 1
7 10 0 1 3 4 6 9 11 14 1
7 10 0 1 3 4 6 9 12 13 1
7 10 0 1 3 4 6 9 12 14 1
7 10 0 1 3 4 6 9 13 14 1
7 10 0 1 3 4 6 11 12 13 1
7 10 0 1 3 4 6 11 12 14 1
7 10 0 1 3 4 6 11 13 14 1
7 10 0 1 3 4 6 12 13 14 1
7 10 0 1 3 4 8 9 11 12 1
7 10 0 1 3 4 8 9 11 13 1
7 10 0 1 3 4 8 9 11 14 1
7 10 0 1 3 4 8 9 12 13 1
7 10 0 1 3 4 8 9 12 14 1
7 10 0 1 3 4 8 9 13 14 1
7 10 0 1 3 4 8 11 12 13 1
7 10 0 1 3 4 8 11 12 14 1
7 10 0 1 3 4 8 11 13 14 1
7 10 0 1 3 4 8 12 13 14 1.41421
7 10 0 1 3 4 9 11 12 13 1
7 10 0 1 3 4 9 11 12 14 1
7 10 0 1 3 4 9 11 13 14 1
7 10 0 1 3 4 9 12 13 14 1
7 10 0 1 3 4 11 12 13 14 1
7 10 0 1 3 5 6 8 9 11 0
7 10 0 1 3 5 6 8 9 12 0
7 10 0 1 3 5 6 8 9 13 0
7 10 0 1 3 5 6 8 9 14 0
7 10 0 1 3 5 6 8 11 12 0
7 10 0 1 3 5 6 8 11 13 0
7 10 0 1 3 5 6 8 11 14 0
7 10 0 1 3 5 6 8 12 13 0
7 10 0 1 3 5 6 8 12 14 0
7 10 0 1 3 5 6 8 13 14 0
7 10 0 1 3 5 6 9 11 12 0
7 10 0 1 3 5 6 9 11 13 0
7 10 0 1 3 5 6 9 11 14 0
7 10 0 1 3 5 6 9 12 13 0
7 10 0 1 3 5 6 9 12 14 0
7 10 0 1 3 5 6 9 13 14 0
7 10 0 1 3 5 6 11 12 13 0
7 10 0 1 3 5 6 11 12 14 0
7 10 0 1 3 5 6 11 13 14 0
7 10 0 1 3 5 6 12 13 14 0
7 10 0 1 3 5 8 9 11 12 0
7 10 0 1 3 5 8 9 11 13 0
7 10 0 1 3 5 8 9 11 14 0
7 10 0 1 3 5 8 9 12 13 1
7 10 0 1 3 5 8 9 12 14 1
7 10 0 1 3 5 8 9 13 14 1
7 10 0 1 3 5 8 11 12 13 1
7 10 0 1 3 5 8 11 12 14 1
7 10 0 1 3 5 8 11 13 14 1
7 10 0 1 3 5 8 12 13 14 1.41421
7 10 0 1 3 5 9 11 12 13 0
7 10 0 1 3 5 9 11 12 14 0
7 10 0 1 3 5 9 11 13 14 0
7 10 0 1 3 5 9 12 13 14 1
7 10 0 1 3 5 11 12 13 14 1
7 10 0 1 3 6 8 9 11 12 1.41421
7 10 0 1 3 6 8 9 11 13 1.41421
7 10 0 1 3 6 8 9 11 14 1.41421
7 10 0 1 3 6 8 9 12 13 1.41421
7 10 0 1 3 6 8 9 12 14 1.41421
7 10 0 1 3 6 8 9 13 14 1.41421
7 10 0 1 3 6 8 11 12 13 1.41421
7 10 0 1 3 6 8 11 12 14 1.41421
7 10 0 1 3 6 8 11 13 14 1.41421
7 10 0 1 3 6 8 12 13 14 1.41421
7 10 0 1 3 6 9 11 12 13 1.41421
7 10 0 1 3 6 9 11 12 14 1.41421
7 10 0 1 3 6 9 11 13 14 1.41421
7 10 0 1 3 6 9 12 13 14 1.41421
7 10 0 1 3 6 11 12 13 14 1.41421
7 10 0 1 3 8 9 11 12 13 1.41421
7 10 0 1 3 8 9 11 12 14 1.41421
7 10 0 1 3 8 9 11 13 14 1.41421
7 10 0 1 3 8 9 12 13 14 1.41421
7 10 0 1 3 8 11 12 13 14 1.41421
7 10 0 1 3 9 11 12 13 14 1.41421
7 10 0 1 4 5 6 8 9 11 1
7 10 0 1 4 5 6 8 9 12 1.41421
7 10 0 1 4 5 6 8 9 13 1.41421
7 10 0 1 4 5 6 8 9 14 1.41421
7 10 0 1 4 5 6 8 11 12 1
7 10 0 1 4 5 6 8 11 13 1
7 10 0 1 4 5 6 8 11 14 1
7 10 0 1 4 5 6 8 12 13 1.41421
7 10 0 1 4 5 6 8 12 14 1.41421
7 10 0 1 4 5 6 8 13 14 1.41421
7 10 0 1 4 5 6 9 11 12 1
7 10 0 1 4 5 6 9 11 13 1
7 10 0 1 4 5 6 9 11 14 1
7 10 0 1 4 5 6 9 12 13 1.41421
7 10 0 1 4 5 6 9 12 14 1.41421
7 10 0 1 4 5 6 9 13 14 1.41421
7 10 0 1 4 5 6 11 12 13 1
7 10 0 1 4 5 6 11 12 14 1
7 10 0 1 4 5 6 11 13 14 1
7 10 0 1 4 5 6 12 13 14 1.41421
7 10 0 1 4 5 8 9 11 12 1
7 10 0 1 4 5 8 9 11 13 1
7 10 0 1 4 5 8 9 11 14 1
7 10 0 1 4 5 8 9 12 13 1.62019
7 10 0 1 4 5 8 9 12 14 1.62019
7 10 0 1 4 5 8 9 13 14 1.62019
7 10 0 1 4 5 8 11 12 13 1
7 10 0 1 4 5 8 11 12 14 1
7 10 0 1 4 5 8 11 13 14 1
7 10 0 1 4 5 8 12 13 14 1.73205
7 10 0 1 4 5 9 11 12 13 1
7 10 0 1 4 5 9 11 12 14 1
7 10 0 1 4 5 9 11 13 14 1
7 10 0 1 4 5 9 12 13 14 1.62019
7 10 0 1 4 5 11 12 13 14 1
7 10 0 1 4 6 8 9 11 12 1.41421
7 10 0 1 4 6 8 9 11 13 1.41421
7 10 0 1 4 6 8 9 11 14 1.41421
7 10 0 1 4 6 8 9 12 13 1.62019
7 10 0 1 4 6 8 9 12 14 1.62019
7 10 0 1 4 6 8 9 13 14 1.62019
7 10 0 1 4 6 8 11 12 13 1.41421
7 10 0 1 4 6 8 11 12 14 1.41421
7 10 0 1 4 6 8 11 13 14 1.41421
7 10 0 1 4 6 8 12 13 14 1.62019
7 10 0 1 4 6 9 11 12 13 1.41421
7 10 0 1 4 6 9 11 12 14 1.41421
7 10 0 1 4 6 9 11 13 14 1.41421
7 10 0 1 4 6 9 12 13 14 1.62019
7 10 0 1 4 6 11 12 13 14 1.41421
7 10 0 1 4 8 9 11 12 13 1.41421
7 10 0 1 4 8 9 11 12 14 1.41421
7 10 0 1 4 8 9 11 13 14 1.41421
7 10 0 1 4 8 9 12 13 14 1.73205
7 10 0 1 4 8 11 12 13 14 1.41421
7 10 0 1 4 9 11 12 13 14 1.41421
7 10 0 1 5 6 8 9 11 12 1
7 10 0 1 5 6 8 9 11 13 1
7 10 0 1 5 6 8 9 11 14 1
7 10 0 1 5 6 8 9 12 13 1.41421
7 10 0 1 5 6 8 9 12 14 1.41421
7 10 0 1 5 6 8 9 13 14 1.41421
7 10 0 1 5 6 8 11 12 13 1
7 10 0 1 5 6 8 11 12 14 1
7 10 0 1 5 6 8 11 13 14 1
7 10 0 1 5 6 8 12 13 14 1.41421
7 10 0 1 5 6 9 11 12 13 1
7 10 0 1 5 6 9 11 12 14 1
7 10 0 1 5 6 9 11 13 14 1
7 10 0 1 5 6 9 12 13 14 1.41421
7 10 0 1 5 6 11 12 13 14 1
7 10 0 1 5 8 9 11 12 13 1
7 10 0 1 5 8 9 11 12 14 1
7 10 0 1 5 8 9 11 13 14 1
7 10 0 1 5 8 9 12 13 14 1.62019
7 10 0 1 5 8 11 12 13 14 1
7 10 0 1 5 9 11 12 13 14 1
7 10 0 1 6 8 9 11 12 13 1.62019
7 10 0 1 6 8 9 11 12 14 1.62019
7 10 0 1 6 8 9 11 13 14 1.62019
7 10 0 1 6 8 9 12 13 14 1.73205
7 10 0 1 6 8 11 12 13 14 1.62019
7 10 0 1 6 9 11 12 13 14 1.62019
7 10 0 1 8 9 11 12 13 14 1.62019
7 10 0 2 3 4 5 6 8 9 1.41421
7 10 0 2 3 4 5 6 8 11 1.41421
7 10 0 2 3 4 5 6 8 12 1
7 10 0 2 3 4 5 6 8 13 1
7 10 0 2 3 4 5 6 8 14 1.41421
7 10 0 2 3 4 5 6 9 11 1.73205
7 10 0 2 3 4 5 6 9 12 1.41421
7 10 0 2 3 4 5 6 9 13 1.41421
7 10 0 2 3 4 5 6 9 14 1.73205
7 10 0 2 3 4 5 6 11 12 1.41421
7 10 0 2 3 4 5 6 11 13 1.41421
7 10 0 2 3 4 5 6 11 14 1.73205
7 10 0 2 3 4 5 6 12 13 1
7 10 0 2 3 4 5 6 12 14 1.41421
7 10 0 2 3 4 5 6 13 14 1.41421
7 10 0 2 3 4 5 8 9 11 1.41421
7 10 0 2 3 4 5 8 9 12 1
7 10 0 2 3 4 5 8 9 13 1
7 10 0 2 3 4 5 8 9 14 1.41421
7 10 0 2 3 4 5 8 11 12 1
7 10 0 2 3 4 5 8 11 13 1
7 10 0 2 3 4 5 8 11 14 1.41421
7 10 0 2 3 4 5 8 12 13 1.41421
7 10 0 2 3 4 5 8 12 14 1.41421
7 10 0 2 3 4 5 8 13 14 1.41421
7 10 0 2 3 4 5 9 11 12 1.41421
7 10 0 2 3 4 5 9 11 13 1.41421
7 10 0 2 3 4 5 9 11 14 1.73205
7 10 0 2 3 4 5 9 12 13 1
7 10 0 2 3 4 5 9 12 14 1.41421
7 10 0 2 3 4 5 9 13 14 1.41421
7 10 0 2 3 4 5 11 12 13 1
7 10 0 2 3 4 5 11 12 14 1.41421
7 10 0 2 3 4 5 11 13 14 1.41421
7 10 0 2 3 4 5 12 13 14 1.41421
7 10 0 2 3 4 6 8 9 11 1.41421
7 10 0 2 3 4 6 8 9 12 1
7 10 0 2 3 4 6 8 9 13 1
7 10 0 2 3 4 6 8 9 14 1.41421
7 10 0 2 3 4 6 8 11 12 1
7 10 0 2 3 4 6 8 11 13 1
7 10 0 2 3 4 6 8 11 14 1.41421
7 10 0 2 3 4 6 8 12 13 0
7 10 0 2 3 4 6 8 12 14 1
7 10 0 2 3 4 6 8 13 14 1
7 10 0 2 3 4 6 9 11 12 1.41421
7 10 0 2 3 4 6 9 11 13 1.41421
7 10 0 2 3 4 6 9 11 14 1.73205
7 10 0 2 3 4 6 9 12 13 1
7 10 0 2 3 4 6 9 12 14 1.41421
7 10 0 2 3 4 6 9 13 14 1.41421
7 10 0 2 3 4 6 11 12 13 1
7 10 0 2 3 4 6 11 12 14 1.41421
7 10 0 2 3 4 6 11 13 14 1.41421
7 10 0 2 3 4 6 12 13 14 1
7 10 0 2 3 4 8 9 11 12 1
7 10 0 2 3 4 8 9 11 13 1
7 10 0 2 3 4 8 9 11 14 1.41421
7 10 0 2 3 4 8 9 12 13 1
7 10 0 2 3 4 8 9 12 14 1
7 10 0 2 3 4 8 9 13 14 1
7 10 0 2 3 4 8 11 12 13 1
7 10 0 2 3 4 8 11 12 14 1
7 10 0 2 3 4 8 11 13 14 1
7 10 0 2 3 4 8 12 13 14 1.41421
7 10 0 2 3 4 9 11 12 13 1
7 10 0 2 3 4 9 11 12 14 1.41421
7 10 0 2 3 4 9 11 13 14 1.41421
7 10 0 2 3 4 9 12 13 14 1
7 10 0 2 3 4 11 12 13 14 1
7 10 0 2 3 5 6 8 9 11 1.41421
7 10 0 2 3 5 6 8 9 12 1
7 10 0 2 3 5 6 8 9 13 1
7 10 0 2 3 5 6 8 9 14 1.41421
7 10 0 2 3 5 6 8 11 12 1
7 10 0 2 3 5 6 8 11 13 1
7 10 0 2 3 5 6 8 11 14 1.41421
7 10 0 2 3 5 6 8 12 13 0
7 10 0 2 3 5 6 8 12 14 1
7 10 0 2 3 5 6 8 13 14 1
7 10 0 2 3 5 6 9 11 12 1.41421
7 10 0 2 3 5 6 9 11 13 1.41421
7 10 0 2 3 5 6 9 11 14 1.73205
7 10 0 2 3 5 6 9 12 13 1
7 10 0 2 3 5 6 9 12 14 1.41421
7 10 0 2 3 5 6 9 13 14 1.41421
7 10 0 2 3 5 6 11 12 13 1
7 10 0 2 3 5 6 11 12 14 1.41421
7 10 0 2 3 5 6 11 13 14 1.41421
7 10 0 2 3 5 6 12 13 14 1
7 10 0 2 3 5 8 9 11 12 1
7 10 0 2 3 5 8 9 11 13 1
7 10 0 2 3 5 8 9 11 14 1.41421
7 10 0 2 3 5 8 9 12 13 1
7 10 0 2 3 5 8 9 12 14 1
7 10 0 2 3 5 8 9 13 14 1
7 10 0 2 3 5 8 11 12 13 1
7 10 0 2 3 5 8 11 12 14 1
7 10 0 2 3 5 8 11 13 14 1
7 10 0 2 3 5 8 12 13 14 1.41421
7 10 0 2 3 5 9 11 12 13 1
7 10 0 2 3 5 9 11 12 14 1.41421
7 10 0 2 3 5 9 11 13 14 1.41421
7 10 0 2 3 5 9 12 13 14 1
7 10 0 2 3 5 11 12 13 14 1
7 10 0 2 3 6 8 9 11 12 1
7 10 0 2 3 6 8 9 11 13 1
7 10 0 2 3 6 8 9 11 14 1.41421
7 10 0 2 3 6 8 9 12 13 1
7 10 0 2 3 6 8 9 12 14 1
7 10 0 2 3 6 8 9 13 14 1
7 10 0 2 3 6 8 11 12 13 1
7 10 0 2 3 6 8 11 12 14 1
7 10 0 2 3 6 8 11 13 14 1
7 10 0 2 3 6 8 12 13 14 1
7 10 0 2 3 6 9 11 12 13 1
7 10 0 2 3 6 9 11 12 14 1.41421
7 10 0 2 3 6 9 11 13 14 1.41421
7 10 0 2 3 6 9 12 13 14 1
7 10 0 2 3 6 11 12 13 14 1
7 10 0 2 3 8 9 11 12 13 1
7 10 0 2 3 8 9 11 12 14 1
7 10 0 2 3 8 9 11 13 14 1
7 10 0 2 3 8 9 12 13 14 1
7 10 0 2 3 8 11 12 13 14 1
7 10 0 2 3 9 11 12 13 14 1
7 10 0 2 4 5 6 8 9 11 1.41421
7 10 0 2 4 5 6 8 9 12 1
7 10 0 2 4 5 6 8 9 13 1
7 10 0 2 4 5 6 8 9 14 1.41421
7 10 0 2 4 5 6 8 11 12 1
7 10 0 2 4 5 6 8 11 13 1
7 10 0 2 4 5 6 8 11 14 1.41421
7 10 0 2 4 5 6 8 12 13 1
7 10 0 2 4 5 6 8 12 14 1
7 10 0 2 4 5 6 8 13 14 1
7 10 0 2 4 5 6 9 11 12 1.41421
7 10 0 2 4 5 6 9 11 13 1.41421
7 10 0 2 4 5 6 9 11 14 1.73205
7 10 0 2 4 5 6 9 12 13 1
7 10 0 2 4 5 6 9 12 14 1.41421
7 10 0 2 4 5 6 9 13 14 1.41421
7 10 0 2 4 5 6 11 12 13 1
7 10 0 2 4 5 6 11 12 14 1.41421
7 10 0 2 4 5 6 11 13 14 1.41421
7 10 0 2 4 5 6 12 13 14 1
7 10 0 2 4 5 8 9 11 12 1
7 10 0 2 4 5 8 9 11 13 1
7 10 0 2 4 5 8 9 11 14 1.41421
7 10 0 2 4 5 8 9 12 13 1.41421
7 10 0 2 4 5 8 9 12 14 1.41421
7 10 0 2 4 5 8 9 13 14 1.41421
7 10 0 2 4 5 8 11 12 13 1
7 10 0 2 4 5 8 11 12 14 1
7 10 0 2 4 5 8 11 13 14 1
7 10 0 2 4 5 8 12 13 14 1.62019
7 10 0 2 4 5 9 11 12 13 1
7 10 0 2 4 5 9 11 12 14 1.41421
7 10 0 2 4 5 9 11 13 14 1.41421
7 10 0 2 4 5 9 12 13 14 1.41421
7 10 0 2 4 5 11 12 13 14 1
7 10 0 2 4 6 8 9 11 12 1
7 10 0 2 4 6 8 9 11 13 1
7 10 0 2 4 6 8 9 11 14 1.41421
7 10 0 2 4 6 8 9 12 13 1
7 10 0 2 4 6 8 9 12 14 1
7 10 0 2 4 6 8 9 13 14 1
7 10 0 2 4 6 8 11 12 13 0
7 10 0 2 4 6 8 11 12 14 1
7 10 0 2 4 6 8 11 13 14 1
7 10 0 2 4 6 8 12 13 14 1
7 10 0 2 4 6 9 11 12 13 1
7 10 0 2 4 6 9 11 12 14 1.41421
7 10 0 2 4 6 9 11 13 14 1.41421
7 10 0 2 4 6 9 12 13 14 1
7 10 0 2 4 6 11 12 13 14 1
7 10 0 2 4 8 9 11 12 13 0
7 10 0 2 4 8 9 11 12 14 1
7 10 0 2 4 8 9 11 13 14 1
7 10 0 2 4 8 9 12 13 14 1.41421
7 10 0 2 4 8 11 12 13 14 1
7 10 0 2 4 9 11 12 13 14 1
7 10 0 2 5 6 8 9 11 12 1
7 10 0 2 5 6 8 9 11 13 1
7 10 0 2 5 6 8 9 11 14 1.41421
7 10 0 2 5 6 8 9 12 13 1
7 10 0 2 5 6 8 9 12 14 1
7 10 0 2 5 6 8 9 13 14 1
7 10 0 2 5 6 8 11 12 13 0
7 10 0 2 5 6 8 11 12 14 1
7 10 0 2 5 6 8 11 13 14 1
7 10 0 2 5 6 8 12 13 14 1
7 10 0 2 5 6 9 11 12 13 1
7 10 0 2 5 6 9 11 12 14 1.41421
7 10 0 2 5 6 9 11 13 14 1.41421
7 10 0 2 5 6 9 12 13 14 1
7 10 0 2 5 6 11 12 13 14 1
7 10 0 2 5 8 9 11 12 13 0
7 10 0 2 5 8 9 11 12 14 1
7 10 0 2 5 8 9 11 13 14 1
7 10 0 2 5 8 9 12 13 14 1.41421
7 10 0 2 5 8 11 12 13 14 1
7 10 0 2 5 9 11 12 13 14 1
7 10 0 2 6 8 9 11 12 13 1
7 10 0 2 6 8 9 11 12 14 1
7 10 0 2 6 8 9 11 13 14 1
7 10 0 2 6 8 9 12 13 14 1
7 10 0 2 6 8 11 12 13 14 1
7 10 0 2 6 9 11 12 13 14 1
7 10 0 2 8 9 11 12 13 14 1
7 10 0 3 4 5 6 8 9 11 1.73205
7 10 0 3 4 5 6 8 9 12 1.41421
7 10 0 3 4 5 6 8 9 13 1.41421
7 10 0 3 4 5 6 8 9 14 1.73205
7 10 0 3 4 5 6 8 11 12 1.41421
7 10 0 3 4 5 6 8 11 13 1.41421
7 10 0 3 4 5 6 8 11 14 1.73205
7 10 0 3 4 5 6 8 12 13 1
7 10 0 3 4 5 6 8 12 14 1.41421
7 10 0 3 4 5 6 8 13 14 1.41421
7 10 0 3 4 5 6 9 11 12 1.73205
7 10 0 3 4 5 6 9 11 13 1.73205
7 10 0 3 4 5 6 9 11 14 2
7 10 0 3 4 5 6 9 12 13 1.41421
7 10 0 3 4 5 6 9 12 14 1.73205
7 10 0 3 4 5 6 9 13 14 1.73205
7 10 0 3 4 5 6 11 12 13 1.41421
7 10 0 3 4 5 6 11 12 14 1.73205
7 10 0 3 4 5 6 11 13 14 1.73205
7 10 0 3 4 5 6 12 13 14 1.41421
7 10 0 3 4 5 8 9 11 12 1.41421
7 10 0 3 4 5 8 9 11 13 1.41421
7 10 0 3 4 5 8 9 11 14 1.73205
7 10 0 3 4 5 8 9 12 13 1
7 10 0 3 4 5 8 9 12 14 1.41421
7 10 0 3 4 5 8 9 13 14 1.41421
7 10 0 3 4 5 8 11 12 13 1
7 10 0 3 4 5 8 11 12 14 1.41421
7 10 0 3 4 5 8 11 13 14 1.41421
7 10 0 3 4 5 8 12 13 14 1.41421
7 10 0 3 4 5 9 11 12 13 1.41421
7 10 0 3 4 5 9 11 12 14 1.73205
7 10 0 3 4 5 9 11 13 14 1.73205
7 10 0 3 4 5 9 12 13 14 1.41421
7 10 0 3 4 5 11 12 13 14 1.41421
7 10 0 3 4 6 8 9 11 12 1.62019
7 10 0 3 4 6 8 9 11 13 1.62019
7 10 0 3 4 6 8 9 11 14 1.85164
7 10 0 3 4 6 8 9 12 13 1.41421
7 10 0 3 4 6 8 9 12 14 1.62019
7 10 0 3 4 6 8 9 13 14 1.62019
7 10 0 3 4 6 8 11 12 13 1.41421
7 10 0 3 4 6 8 11 12 14 1.62019
7 10 0 3 4 6 8 11 13 14 1.62019
7 10 0 3 4 6 8 12 13 14 1.41421
7 10 0 3 4 6 9 11 12 13 1.62019
7 10 0 3 4 6 9 11 12 14 1.85164
7 10 0 3 4 6 9 11 13 14 1.85164
7 10 0 3 4 6 9 12 13 14 1.62019
7 10 0 3 4 6 11 12 13 14 1.62019
7 10 0 3 4 8 9 11 12 13 1.41421
7 10 0 3 4 8 9 11 12 14 1.62019
7 10 0 3 4 8 9 11 13 14 1.62019
7 10 0 3 4 8 9 12 13 14 1.41421
7 10 0 3 4 8 11 12 13 14 1.41421
7 10 0 3 4 9 11 12 13 14 1.62019
7 10 0 3 5 6 8 9 11 12 1.41421
7 10 0 3 5 6 8 9 11 13 1.41421
7 10 0 3 5 6 8 9 11 14 1.73205
7 10 0 3 5 6 8 9 12 13 1
7 10 0 3 5 6 8 9 12 14 1.41421
7 10 0 3 5 6 8 9 13 14 1.41421
7 10 0 3 5 6 8 11 12 13 1
7 10 0 3 5 6 8 11 12 14 1.41421
7 10 0 3 5 6 8 11 13 14 1.41421
7 10 0 3 5 6 8 12 13 14 1
7 10 0 3 5 6 9 11 12 13 1.41421
7 10 0 3 5 6 9 11 12 14 1.73205
7 10 0 3 5 6 9 11 13 14 1.73205
7 10 0 3 5 6 9 12 13 14 1.41421
7 10 0 3 5 6 11 12 13 14 1.41421
7 10 0 3 5 8 9 11 12 13 1
7 10 0 3 5 8 9 11 12 14 1.41421
7 10 0 3 5 8 9 11 13 14 1.41421
7 10 0 3 5 8 9 12 13 14 1
7 10 0 3 5 8 11 12 13 14 1
7 10 0 3 5 9 11 12 13 14 1.41421
7 10 0 3 6 8 9 11 12 13 1.62019
7 10 0 3 6 8 9 11 12 14 1.73205
7 10 0 3 6 8 9 11 13 14 1.73205
7 10 0 3 6 8 9 12 13 14 1.62019
7 10 0 3 6 8 11 12 13 14 1.62019
7 10 0 3 6 9 11 12 13 14 1.73205
7 10 0 3 8 9 11 12 13 14 1.62019
7 10 0 4 5 6 8 9 11 12 1.62019
7 10 0 4 5 6 8 9 11 13 1.62019
7 10 0 4 5 6 8 9 11 14 1.85164
7 10 0 4 5 6 8 9 12 13 1.62019
7 10 0 4 5 6 8 9 12 14 1.73205
7 10 0 4 5 6 8 9 13 14 1.73205
7 10 0 4 5 6 8 11 12 13 1.41421
7 10 0 4 5 6 8 11 12 14 1.62019
7 10 0 4 5 6 8 11 13 14 1.62019
7 10 0 4 5 6 8 12 13 14 1.62019
7 10 0 4 5 6 9 11 12 13 1.62019
7 10 0 4 5 6 9 11 12 14 1.85164
7 10 0 4 5 6 9 11 13 14 1.85164
7 10 0 4 5 6 9 12 13 14 1.73205
7 10 0 4 5 6 11 12 13 14 1.62019
7 10 0 4 5 8 9 11 12 13 1.41421
7 10 0 4 5 8 9 11 12 14 1.62019
7 10 0 4 5 8 9 11 13 14 1.62019
7 10 0 4 5 8 9 12 13 14 1.73205
7 10 0 4 5 8 11 12 13 14 1.41421
7 10 0 4 5 9 11 12 13 14 1.62019
7 10 0 4 6 8 9 11 12 13 1.73205
7 10 0 4 6 8 9 11 12 14 1.85164
7 10 0 4 6 8 9 11 13 14 1.85164
7 10 0 4 6 8 9 12 13 14 1.85164
7 10 0 4 6 8 11 12 13 14 1.73205
7 10 0 4 6 9 11 12 13 14 1.85164
7 10 0 4 8 9 11 12 13 14 1.73205
7 10 0 5 6 8 9 11 12 13 1.41421
7 10 0 5 6 8 9 11 12 14 1.62019
7 10 0 5 6 8 9 11 13 14 1.62019
7 10 0 5 6 8 9 12 13 14 1.62019
7 10 0 5 6 8 11 12 13 14 1.41421
7 10 0 5 6 9 11 12 13 14 1.62019
7 10 0 5 8 9 11 12 13 14 1.41421
7 10 0 6 8 9 11 12 13 14 1.85164
7 10 1 2 3 4 5 6 8 9 1
7 10 1 2 3 4 5 6 8 11 1
7 10 1 2 3 4 5 6 8 12 1
7 10 1 2 3 4 5 6 8 13 0
7 10 1 2 3 4 5 6 8 14 1
7 10 1 2 3 4 5 6 9 11 1
7 10 1 2 3 4 5 6 9 12 1
7 10 1 2 3 4 5 6 9 13 0
7 10 1 2 3 4 5 6 9 14 1
7 10 1 2 3 4 5 6 11 12 1
7 10 1 2 3 4 5 6 11 13 0
7 10 1 2 3 4 5 6 11 14 1
7 10 1 2 3 4 5 6 12 13 0
7 10 1 2 3 4 5 6 12 14 1
7 10 1 2 3 4 5 6 13 14 0
7 10 1 2 3 4 5 8 9 11 1
7 10 1 2 3 4 5 8 9 12 1
7 10 1 2 3 4 5 8 9 13 1
7 10 1 2 3 4 5 8 9 14 1
7 10 1 2 3 4 5 8 11 12 1
7 10 1 2 3 4 5 8 11 13 1
7 10 1 2 3 4 5 8 11 14 1
7 10 1 2 3 4 5 8 12 13 1.41421
7 10 1 2 3 4 5 8 12 14 1.41421
7 10 1 2 3 4 5 8 13 14 1.41421
7 10 1 2 3 4 5 9 11 12 1
7 10 1 2 3 4 5 9 11 13 0
7 10 1 2 3 4 5 9 11 14 1
7 10 1 2 3 4 5 9 12 13 1
7 10 1 2 3 4 5 9 12 14 1
7 10 1 2 3 4 5 9 13 14 1
7 10 1 2 3 4 5 11 12 13 1
7 10 1 2 3 4 5 11 12 14 1
7 10 1 2 3 4 5 11 13 14 1
7 10 1 2 3 4 5 12 13 14 1.41421
7 10 1 2 3 4 6 8 9 11 1
7 10 1 2 3 4 6 8 9 12 1
7 10 1 2 3 4 6 8 9 13 0
7 10 1 2 3 4 6 8 9 14 1
7 10 1 2 3 4 6 8 11 12 1
7 10 1 2 3 4 6 8 11 13 0
7 10 1 2 3 4 6 8 11 14 1
7 10 1 2 3 4 6 8 12 13 0
7 10 1 2 3 4 6 8 12 14 1
7 10 1 2 3 4 6 8 13 14 0
7 10 1 2 3 4 6 9 11 12 1
7 10 1 2 3 4 6 9 11 13 0
7 10 1 2 3 4 6 9 11 14 1
7 10 1 2 3 4 6 9 12 13 0
7 10 1 2 3 4 6 9 12 14 1
7 10 1 2 3 4 6 9 13 14 0
7 10 1 2 3 4 6 11 12 13 0
7 10 1 2 3 4 6 11 12 14 1
7 10 1 2 3 4 6 11 13 14 0
7 10 1 2 3 4 6 12 13 14 0
7 10 1 2 3 4 8 9 11 12 1
7 10 1 2 3 4 8 9 11 13 0
7 10 1 2 3 4 8 9 11 14 1
7 10 1 2 3 4 8 9 12 13 1
7 10 1 2 3 4 8 9 12 14 1
7 10 1 2 3 4 8 9 13 14 1
7 10 1 2 3 4 8 11 12 13 1
7 10 1 2 3 4 8 11 12 14 1
7 10 1 2 3 4 8 11 13 14 1
7 10 1 2 3 4 8 12 13 14 1.41421
7 10 1 2 3 4 9 11 12 13 0
7 10 1 2 3 4 9 11 12 14 1
7 10 1 2 3 4 9 11 13 14 0
7 10 1 2 3 4 9 12 13 14 1
7 10 1 2 3 4 11 12 13 14 1
7 10 1 2 3 5 6 8 9 11 1
7 10 1 2 3 5 6 8 9 12 1
7 10 1 2 3 5 6 8 9 13 0
7 10 1 2 3 5 6 8 9 14 1
7 10 1 2 3 5 6 8 11 12 1
7 10 1 2 3 5 6 8 11 13 0
7 10 1 2 3 5 6 8 11 14 1
7 10 1 2 3 5 6 8 12 13 0
7 10 1 2 3 5 6 8 12 14 1
7 10 1 2 3 5 6 8 13 14 0
7 10 1 2 3 5 6 9 11 12 1
7 10 1 2 3 5 6 9 11 13 0
7 10 1 2 3 5 6 9 11 14 1
7 10 1 2 3 5 6 9 12 13 0
7 10 1 2 3 5 6 9 12 14 1
7 10 1 2 3 5 6 9 13 14 0
7 10 1 2 3 5 6 11 12 13 0
7 10 1 2 3 5 6 11 12 14 1
7 10 1 2 3 5 6 11 13 14 0
7 10 1 2 3 5 6 12 13 14 0
7 10 1 2 3 5 8 9 11 12 1
7 10 1 2 3 5 8 9 11 13 0
7 10 1 2 3 5 8 9 11 14 1
7 10 1 2 3 5 8 9 12 13 1
7 10 1 2 3 5 8 9 12 14 1
7 10 1 2 3 5 8 9 13 14 1
7 10 1 2 3 5 8 11 12 13 1
7 10 1 2 3 5 8 11 12 14 1
7 10 1 2 3 5 8 11 13 14 1
7 10 1 2 3 5 8 12 13 14 1.41421
7 10 1 2 3 5 9 11 12 13 0
7 10 1 2 3 5 9 11 12 14 1
7 10 1 2 3 5 9 11 13 14 0
7 10 1 2 3 5 9 12 13 14 1
7 10 1 2 3 5 11 12 13 14 1
7 10 1 2 3 6 8 9 11 12 1
7 10 1 2 3 6 8 9 11 13 1
7 10 1 2 3 6 8 9 11 14 1
7 10 1 2 3 6 8 9 12 13 1
7 10 1 2 3 6 8 9 12 14 1
7 10 1 2 3 6 8 9 13 14 1
7 10 1 2 3 6 8 11 12 13 1
7 10 1 2 3 6 8 11 12 14 1
7 10 1 2 3 6 8 11 13 14 1
7 10 1 2 3 6 8 12 13 14 1
7 10 1 2 3 6 9 11 12 13 1
7 10 1 2 3 6 9 11 12 14 1
7 10 1 2 3 6 9 11 13 14 1
7 10 1 2 3 6 9 12 13 14 1
7 10 1 2 3 6 11 12 13 14 1
7 10 1 2 3 8 9 11 12 13 1
7 10 1 2 3 8 9 11 12 14 1
7 10 1 2 3 8 9 11 13 14 1
7 10 1 2 3 8 9 12 13 14 1
7 10 1 2 3 8 11 12 13 14 1
7 10 1 2 3 9 11 12 13 14 1
7 10 1 2 4 5 6 8 9 11 1
7 10 1 2 4 5 6 8 9 12 1
7 10 1 2 4 5 6 8 9 13 1
7 10 1 2 4 5 6 8 9 14 1
7 10 1 2 4 5 6 8 11 12 1
7 10 1 2 4 5 6 8 11 13 0
7 10 1 2 4 5 6 8 11 14 1
7 10 1 2 4 5 6 8 12 13 1
7 10 1 2 4 5 6 8 12 14 1
7 10 1 2 4 5 6 8 13 14 1
7 10 1 2 4 5 6 9 11 12 1
7 10 1 2 4 5 6 9 11 13 0
7 10 1 2 4 5 6 9 11 14 1
7 10 1 2 4 5 6 9 12 13 1
7 10 1 2 4 5 6 9 12 14 1
7 10 1 2 4 5 6 9 13 14 1
7 10 1 2 4 5 6 11 12 13 0
7 10 1 2 4 5 6 11 12 14 1
7 10 1 2 4 5 6 11 13 14 0
7 10 1 2 4 5 6 12 13 14 1
7 10 1 2 4 5 8 9 11 12 1
7 10 1 2 4 5 8 9 11 13 0
7 10 1 2 4 5 8 9 11 14 1
7 10 1 2 4 5 8 9 12 13 1.41421
7 10 1 2 4 5 8 9 12 14 1.41421
7 10 1 2 4 5 8 9 13 14 1.41421
7 10 1 2 4 5 8 11 12 13 1
7 10 1 2 4 5 8 11 12 14 1
7 10 1 2 4 5 8 11 13 14 1
7 10 1 2 4 5 8 12 13 14 1.62019
7 10 1 2 4 5 9 11 12 13 0
7 10 1 2 4 5 9 11 12 14 1
7 10 1 2 4 5 9 11 13 14 0
7 10 1 2 4 5 9 12 13 14 1.41421
7 10 1 2 4 5 11 12 13 14 1
7 10 1 2 4 6 8 9 11 12 1
7 10 1 2 4 6 8 9 11 13 0
7 10 1 2 4 6 8 9 11 14 1
7 10 1 2 4 6 8 9 12 13 1
7 10 1 2 4 6 8 9 12 14 1
7 10 1 2 4 6 8 9 13 14 1
7 10 1 2 4 6 8 11 12 13 0
7 10 1 2 4 6 8 11 12 14 1
7 10 1 2 4 6 8 11 13 14 0
7 10 1 2 4 6 8 12 13 14 1
7 10 1 2 4 6 9 11 12 13 0
7 10 1 2 4 6 9 11 12 14 1
7 10 1 2 4 6 9 11 13 14 0
7 10 1 2 4 6 9 12 13 14 1
7 10 1 2 4 6 11 12 13 14 0
7 10 1 2 4 8 9 11 12 13 0
7 10 1 2 4 8 9 11 12 14 1
7 10 1 2 4 8 9 11 13 14 0
7 10 1 2 4 8 9 12 13 14 1.41421
7 10 1 2 4 8 11 12 13 14 1
7 10 1 2 4 9 11 12 13 14 0
7 10 1 2 5 6 8 9 11 12 1
7 10 1 2 5 6 8 9 11 13 0
7 10 1 2 5 6 8 9 11 14 1
7 10 1 2 5 6 8 9 12 13 1
7 10 1 2 5 6 8 9 12 14 1
7 10 1 2 5 6 8 9 13 14 1
7 10 1 2 5 6 8 11 12 13 0
7 10 1 2 5 6 8 11 12 14 1
7 10 1 2 5 6 8 11 13 14 0
7 10 1 2 5 6 8 12 13 14 1
7 10 1 2 5 6 9 11 12 13 0
7 10 1 2 5 6 9 11 12 14 1
7 10 1 2 5 6 9 11 13 14 0
7 10 1 2 5 6 9 12 13 14 1
7 10 1 2 5 6 11 12 13 14 0
7 10 1 2 5 8 9 11 12 13 0
7 10 1 2 5 8 9 11 12 14 1
7 10 1 2 5 8 9 11 13 14 0
7 10 1 2 5 8 9 12 13 14 1.41421
7 10 1 2 5 8 11 12 13 14 1
7 10 1 2 5 9 11 12 13 14 0
7 10 1 2 6 8 9 11 12 13 1
7 10 1 2 6 8 9 11 12 14 1
7 10 1 2 6 8 9 11 13 14 1
7 10 1 2 6 8 9 12 13 14 1
7 10 1 2 6 8 11 12 13 14 1
7 10 1 2 6 9 11 12 13 14 1
7 10 1 2 8 9 11 12 13 14 1
7 10 1 3 4 5 6 8 9 11 1
7 10 1 3 4 5 6 8 9 12 1
7 10 1 3 4 5 6 8 9 13 0
7 10 1 3 4 5 6 8 9 14 1
7 10 1 3 4 5 6 8 11 12 1
7 10 1 3 4 5 6 8 11 13 0
7 10 1 3 4 5 6 8 11 14 1
7 10 1 3 4 5 6 8 12 13 0
7 10 1 3 4 5 6 8 12 14 1
7 10 1 3 4 5 6 8 13 14 0
7 10 1 3 4 5 6 9 11 12 1
7 10 1 3 4 5 6 9 11 13 0
7 10 1 3 4 5 6 9 11 14 1
7 10 1 3 4 5 6 9 12 13 0
7 10 1 3 4 5 6 9 12 14 1
7 10 1 3 4 5 6 9 13 14 0
7 10 1 3 4 5 6 11 12 13 0
7 10 1 3 4 5 6 11 12 14 1
7 10 1 3 4 5 6 11 13 14 0
7 10 1 3 4 5 6 12 13 14 0
7 10 1 3 4 5 8 9 11 12 1
7 10 1 3 4 5 8 9 11 13 0
7 10 1 3 4 5 8 9 11 14 1
7 10 1 3 4 5 8 9 12 13 1
7 10 1 3 4 5 8 9 12 14 1
7 10 1 3 4 5 8 9 13 14 1
7 10 1 3 4 5 8 11 12 13 1
7 10 1 3 4 5 8 11 12 14 1
7 10 1 3 4 5 8 11 13 14 1
7 10 1 3 4 5 8 12 13 14 1.41421
7 10 1 3 4 5 9 11 12 13 0
7 10 1 3 4 5 9 11 12 14 1
7 10 1 3 4 5 9 11 13 14 0
7 10 1 3 4 5 9 12 13 14 1
7 10 1 3 4 5 11 12 13 14 1
7 10 1 3 4 6 8 9 11 12 1
7 10 1 3 4 6 8 9 11 13 1
7 10 1 3 4 6 8 9 11 14 1
7 10 1 3 4 6 8 9 12 13 1
7 10 1 3 4 6 8 9 12 14 1
7 10 1 3 4 6 8 9 13 14 1
7 10 1 3 4 6 8 11 12 13 1
7 10 1 3 4 6 8 11 12 14 1
7 10 1 3 4 6 8 11 13 14 1
7 10 1 3 4 6 8 12 13 14 1
7 10 1 3 4 6 9 11 12 13 1
7 10 1 3 4 6 9 11 12 14 1
7 10 1 3 4 6 9 11 13 14 1
7 10 1 3 4 6 9 12 13 14 1
7 10 1 3 4 6 11 12 13 14 1
7 10 1 3 4 8 9 11 12 13 1
7 10 1 3 4 8 9 11 12 14 1
7 10 1 3 4 8 9 11 13 14 1
7 10 1 3 4 8 9 12 13 14 1
7 10 1 3 4 8 11 12 13 14 1
7 10 1 3 4 9 11 12 13 14 1
7 10 1 3 5 6 8 9 11 12 1
7 10 1 3 5 6 8 9 11 13 0
7 10 1 3 5 6 8 9 11 14 1
7 10 1 3 5 6 8 9 12 13 0
7 10 1 3 5 6 8 9 12 14 1
7 10 1 3 5 6 8 9 13 14 0
7 10 1 3 5 6 8 11 12 13 0
7 10 1 3 5 6 8 11 12 14 1
7 10 1 3 5 6 8 11 13 14 0
7 10 1 3 5 6 8 12 13 14 0
7 10 1 3 5 6 9 11 12 13 0
7 10 1 3 5 6 9 11 12 14 1
7 10 1 3 5 6 9 11 13 14 0
7 10 1 3 5 6 9 12 13 14 0
7 10 1 3 5 6 11 12 13 14 0
7 10 1 3 5 8 9 11 12 13 0
7 10 1 3 5 8 9 11 12 14 1
7 10 1 3 5 8 9 11 13 14 0
7 10 1 3 5 8 9 12 13 14 1
7 10 1 3 5 8 11 12 13 14 1
7 10 1 3 5 9 11 12 13 14 0
7 10 1 3 6 8 9 11 12 13 1.41421
7 10 1 3 6 8 9 11 12 14 1.41421
7 10 1 3 6 8 9 11 13 14 1.41421
7 10 1 3 6 8 9 12 13 14 1.41421
7 10 1 3 6 8 11 12 13 14 1.41421
7 10 1 3 6 9 11 12 13 14 1.41421
7 10 1 3 8 9 11 12 13 14 1.41421
7 10 1 4 5 6 8 9 11 12 1
7 10 1 4 5 6 8 9 11 13 1
7 10 1 4 5 6 8 9 11 14 1
7 10 1 4 5 6 8 9 12 13 1.41421
7 10 1 4 5 6 8 9 12 14 1.41421
7 10 1 4 5 6 8 9 13 14 1.41421
7 10 1 4 5 6 8 11 12 13 1
7 10 1 4 5 6 8 11 12 14 1
7 10 1 4 5 6 8 11 13 14 1
7 10 1 4 5 6 8 12 13 14 1.41421
7 10 1 4 5 6 9 11 12 13 1
7 10 1 4 5 6 9 11 12 14 1
7 10 1 4 5 6 9 11 13 14 1
7 10 1 4 5 6 9 12 13 14 1.41421
7 10 1 4 5 6 11 12 13 14 1
7 10 1 4 5 8 9 11 12 13 1
7 10 1 4 5 8 9 11 12 14 1
7 10 1 4 5 8 9 11 13 14 1
7 10 1 4 5 8 9 12 13 14 1.62019
7 10 1 4 5 8 11 12 13 14 1
7 10 1 4 5 9 11 12 13 14 1
7 10 1 4 6 8 9 11 12 13 1.41421
7 10 1 4 6 8 9 11 12 14 1.41421
7 10 1 4 6 8 9 11 13 14 1.41421
7 10 1 4 6 8 9 12 13 14 1.62019
7 10 1 4 6 8 11 12 13 14 1.41421
7 10 1 4 6 9 11 12 13 14 1.41421
7 10 1 4 8 9 11 12 13 14 1.41421
7 10 1 5 6 8 9 11 12 13 1
7 10 1 5 6 8 9 11 12 14 1
7 10 1 5 6 8 9 11 13 14 1
7 10 1 5 6 8 9 12 13 14 1.41421
7 10 1 5 6 8 11 12 13 14 1
7 10 1 5 6 9 11 12 13 14 1
7 10 1 5 8 9 11 12 13 14 1
7 10 1 6 8 9 11 12 13 14 1.62019
7 10 2 3 4 5 6 8 9 11 1.62019
7 10 2 3 4 5 6 8 9 12 1.41421
7 10 2 3 4 5 6 8 9 13 1
7 10 2 3 4 5 6 8 9 14 1.62019
7 10 2 3 4 5 6 8 11 12 1.41421
7 10 2 3 4 5 6 8 11 13 1
7 10 2 3 4 5 6 8 11 14 1.62019
7 10 2 3 4 5 6 8 12 13 0
7 10 2 3 4 5 6 8 12 14 1.41421
7 10 2 3 4 5 6 8 13 14 1
7 10 2 3 4 5 6 9 11 12 1.62019
7 10 2 3 4 5 6 9 11 13 1.41421
7 10 2 3 4 5 6 9 11 14 1.85164
7 10 2 3 4 5 6 9 12 13 1
7 10 2 3 4 5 6 9 12 14 1.62019
7 10 2 3 4 5 6 9 13 14 1.41421
7 10 2 3 4 5 6 11 12 13 1
7 10 2 3 4 5 6 11 12 14 1.62019
7 10 2 3 4 5 6 11 13 14 1.41421
7 10 2 3 4 5 6 12 13 14 1
7 10 2 3 4 5 8 9 11 12 1.41421
7 10 2 3 4 5 8 9 11 13 1
7 10 2 3 4 5 8 9 11 14 1.62019
7 10 2 3 4 5 8 9 12 13 1
7 10 2 3 4 5 8 9 12 14 1.41421
7 10 2 3 4 5 8 9 13 14 1
7 10 2 3 4 5 8 11 12 13 1
7 10 2 3 4 5 8 11 12 14 1.41421
7 10 2 3 4 5 8 11 13 14 1
7 10 2 3 4 5 8 12 13 14 1.41421
7 10 2 3 4 5 9 11 12 13 1
7 10 2 3 4 5 9 11 12 14 1.62019
7 10 2 3 4 5 9 11 13 14 1.41421
7 10 2 3 4 5 9 12 13 14 1
7 10 2 3 4 5 11 12 13 14 1
7 10 2 3 4 6 8 9 11 12 1.41421
7 10 2 3 4 6 8 9 11 13 1
7 10 2 3 4 6 8 9 11 14 1.62019
7 10 2 3 4 6 8 9 12 13 0
7 10 2 3 4 6 8 9 12 14 1.41421
7 10 2 3 4 6 8 9 13 14 1
7 10 2 3 4 6 8 11 12 13 0
7 10 2 3 4 6 8 11 12 14 1.41421
7 10 2 3 4 6 8 11 13 14 1
7 10 2 3 4 6 8 12 13 14 0
7 10 2 3 4 6 9 11 12 13 1
7 10 2 3 4 6 9 11 12 14 1.62019
7 10 2 3 4 6 9 11 13 14 1.41421
7 10 2 3 4 6 9 12 13 14 1
7 10 2 3 4 6 11 12 13 14 1
7 10 2 3 4 8 9 11 12 13 0
7 10 2 3 4 8 9 11 12 14 1.41421
7 10 2 3 4 8 9 11 13 14 1
7 10 2 3 4 8 9 12 13 14 1
7 10 2 3 4 8 11 12 13 14 1
7 10 2 3 4 9 11 12 13 14 1
7 10 2 3 5 6 8 9 11 12 1.41421
7 10 2 3 5 6 8 9 11 13 1
7 10 2 3 5 6 8 9 11 14 1.62019
7 10 2 3 5 6 8 9 12 13 0
7 10 2 3 5 6 8 9 12 14 1.41421
7 10 2 3 5 6 8 9 13 14 1
7 10 2 3 5 6 8 11 12 13 0
7 10 2 3 5 6 8 11 12 14 1.41421
7 10 2 3 5 6 8 11 13 14 1
7 10 2 3 5 6 8 12 13 14 0
7 10 2 3 5 6 9 11 12 13 1
7 10 2 3 5 6 9 11 12 14 1.62019
7 10 2 3 5 6 9 11 13 14 1.41421
7 10 2 3 5 6 9 12 13 14 1
7 10 2 3 5 6 11 12 13 14 1
7 10 2 3 5 8 9 11 12 13 0
7 10 2 3 5 8 9 11 12 14 1.41421
7 10 2 3 5 8 9 11 13 14 1
7 10 2 3 5 8 9 12 13 14 1
7 10 2 3 5 8 11 12 13 14 1
7 10 2 3 5 9 11 12 13 14 1
7 10 2 3 6 8 9 11 12 13 1
7 10 2 3 6 8 9 11 12 14 1.41421
7 10 2 3 6 8 9 11 13 14 1
7 10 2 3 6 8 9 12 13 14 1
7 10 2 3 6 8 11 12 13 14 1
7 10 2 3 6 9 11 12 13 14 1
7 10 2 3 8 9 11 12 13 14 1
7 10 2 4 5 6 8 9 11 12 1.41421
7 10 2 4 5 6 8 9 11 13 1
7 10 2 4 5 6 8 9 11 14 1.62019
7 10 2 4 5 6 8 9 12 13 1
7 10 2 4 5 6 8 9 12 14 1.41421
7 10 2 4 5 6 8 9 13 14 1
7 10 2 4 5 6 8 11 12 13 0
7 10 2 4 5 6 8 11 12 14 1.41421
7 10 2 4 5 6 8 11 13 14 1
7 10 2 4 5 6 8 12 13 14 1
7 10 2 4 5 6 9 11 12 13 1
7 10 2 4 5 6 9 11 12 14 1.62019
7 10 2 4 5 6 9 11 13 14 1.41421
7 10 2 4 5 6 9 12 13 14 1
7 10 2 4 5 6 11 12 13 14 1
7 10 2 4 5 8 9 11 12 13 0
7 10 2 4 5 8 9 11 12 14 1.41421
7 10 2 4 5 8 9 11 13 14 1
7 10 2 4 5 8 9 12 13 14 1.41421
7 10 2 4 5 8 11 12 13 14 1
7 10 2 4 5 9 11 12 13 14 1
7 10 2 4 6 8 9 11 12 13 0
7 10 2 4 6 8 9 11 12 14 1.41421
7 10 2 4 6 8 9 11 13 14 1
7 10 2 4 6 8 9 12 13 14 1
7 10 2 4 6 8 11 12 13 14 0
7 10 2 4 6 9 11 12 13 14 1
7 10 2 4 8 9 11 12 13 14 0
7 10 2 5 6 8 9 11 12 13 0
7 10 2 5 6 8 9 11 12 14 1.41421
7 10 2 5 6 8 9 11 13 14 1
7 10 2 5 6 8 9 12 13 14 1
7 10 2 5 6 8 11 12 13 14 0
7 10 2 5 6 9 11 12 13 14 1
7 10 2 5 8 9 11 12 13 14 0
7 10 2 6 8 9 11 12 13 14 1
7 10 3 4 5 6 8 9 11 12 1.62019
7 10 3 4 5 6 8 9 11 13 1.41421
7 10 3 4 5 6 8 9 11 14 1.85164
7 10 3 4 5 6 8 9 12 13 1
7 10 3 4 5 6 8 9 12 14 1.62019
7 10 3 4 5 6 8 9 13 14 1.41421
7 10 3 4 5 6 8 11 12 13 1
7 10 3 4 5 6 8 11 12 14 1.62019
7 10 3 4 5 6 8 11 13 14 1.41421
7 10 3 4 5 6 8 12 13 14 1
7 10 3 4 5 6 9 11 12 13 1.41421
7 10 3 4 5 6 9 11 12 14 1.85164
7 10 3 4 5 6 9 11 13 14 1.73205
7 10 3 4 5 6 9 12 13 14 1.41421
7 10 3 4 5 6 11 12 13 14 1.41421
7 10 3 4 5 8 9 11 12 13 1
7 10 3 4 5 8 9 11 12 14 1.62019
7 10 3 4 5 8 9 11 13 14 1.41421
7 10 3 4 5 8 9 12 13 14 1
7 10 3 4 5 8 11 12 13 14 1
7 10 3 4 5 9 11 12 13 14 1.41421
7 10 3 4 6 8 9 11 12 13 1.41421
7 10 3 4 6 8 9 11 12 14 1.73205
7 10 3 4 6 8 9 11 13 14 1.62019
7 10 3 4 6 8 9 12 13 14 1.41421
7 10 3 4 6 8 11 12 13 14 1.41421
7 10 3 4 6 9 11 12 13 14 1.62019
7 10 3 4 8 9 11 12 13 14 1.41421
7 10 3 5 6 8 9 11 12 13 1
7 10 3 5 6 8 9 11 12 14 1.62019
7 10 3 5 6 8 9 11 13 14 1.41421
7 10 3 5 6 8 9 12 13 14 1
7 10 3 5 6 8 11 12 13 14 1
7 10 3 5 6 9 11 12 13 14 1.41421
7 10 3 5 8 9 11 12 13 14 1
7 10 3 6 8 9 11 12 13 14 1.62019
7 10 4 5 6 8 9 11 12 13 1.41421
7 10 4 5 6 8 9 11 12 14 1.73205
7 10 4 5 6 8 9 11 13 14 1.62019
7 10 4 5 6 8 9 12 13 14 1.62019
7 10 4 5 6 8 11 12 13 14 1.41421
7 10 4 5 6 9 11 12 13 14 1.62019
7 10 4 5 8 9 11 12 13 14 1.41421
7 10 4 6 8 9 11 12 13 14 1.73205
7 10 5 6 8 9 11 12 13 14 1.41421
