1 14 0 2 3 4 5 1.41421
1 14 0 2 3 4 6 1
1 14 0 2 3 4 7 1.41421
1 14 0 2 3 4 8 1.41421
1 14 0 2 3 4 9 1
1 14 0 2 3 4 10 1.41421
1 14 0 2 3 4 11 1
1 14 0 2 3 4 12 1.41421
1 14 0 2 3 4 13 1.41421
1 14 0 2 3 5 6 1.41421
1 14 0 2 3 5 7 1.41421
1 14 0 2 3 5 8 1.41421
1 14 0 2 3 5 9 1.41421
1 14 0 2 3 5 10 1.41421
1 14 0 2 3 5 11 1.41421
1 14 0 2 3 5 12 1.41421
1 14 0 2 3 5 13 1.41421
1 14 0 2 3 6 7 1.62019
1 14 0 2 3 6 8 1.62019
1 14 0 2 3 6 9 1.73205
1 14 0 2 3 6 10 1.41421
1 14 0 2 3 6 11 1.73205
1 14 0 2 3 6 12 1.73205
1 14 0 2 3 6 13 1.73205
1 14 0 2 3 7 8 1.41421
1 14 0 2 3 7 9 1.62019
1 14 0 2 3 7 10 1.41421
1 14 0 2 3 7 11 1.62019
1 14 0 2 3 7 12 1.62019
1 14 0 2 3 7 13 1.62019
1 14 0 2 3 8 9 1.62019
1 14 0 2 3 8 10 1.41421
1 14 0 2 3 8 11 1.62019
1 14 0 2 3 8 12 1.62019
1 14 0 2 3 8 13 1.62019
1 14 0 2 3 9 10 1.41421
1 14 0 2 3 9 11 1.73205
1 14 0 2 3 9 12 1.73205
1 14 0 2 3 9 13 1.73205
1 14 0 2 3 10 11 1.41421
1 14 0 2 3 10 12 1.41421
1 14 0 2 3 10 13 1.41421
1 14 0 2 3 11 12 1.73205
1 14 0 2 3 11 13 1.73205
1 14 0 2 3 12 13 1.73205
1 14 0 2 4 5 6 1.41421
1 14 0 2 4 5 7 1.62019
1 14 0 2 4 5 8 1.73205
1 14 0 2 4 5 9 1.62019
1 14 0 2 4 5 10 1.73205
1 14 0 2 4 5 11 1
1 14 0 2 4 5 12 1.73205
1 14 0 2 4 5 13 1.73205
1 14 0 2 4 6 7 1
1 14 0 2 4 6 8 1.62019
1 14 0 2 4 6 9 1.62019
1 14 0 2 4 6 10 1.62019
1 14 0 2 4 6 11 1.41421
1 14 0 2 4 6 12 1.62019
1 14 0 2 4 6 13 1.62019
1 14 0 2 4 7 8 1.62019
1 14 0 2 4 7 9 1.41421
1 14 0 2 4 7 10 1.62019
1 14 0 2 4 7 11 1
1 14 0 2 4 7 12 1.62019
1 14 0 2 4 7 13 1.62019
1 14 0 2 4 8 9 1.73205
1 14 0 2 4 8 10 1.81265
1 14 0 2 4 8 11 1.41421
1 14 0 2 4 8 12 1.81265
1 14 0 2 4 8 13 1.81265
1 14 0 2 4 9 10 1.73205
1 14 0 2 4 9 11 1.41421
1 14 0 2 4 9 12 1.73205
1 14 0 2 4 9 13 1.73205
1 14 0 2 4 10 11 1.41421
1 14 0 2 4 10 12 1.81265
1 14 0 2 4 10 13 1.81265
1 14 0 2 4 11 12 1.41421
1 14 0 2 4 11 13 1.41421
1 14 0 2 4 12 13 1.81265
1 14 0 2 5 6 7 1.41421
1 14 0 2 5 6 8 1.41421
1 14 0 2 5 6 9 1.41421
1 14 0 2 5 6 10 1.41421
1 14 0 2 5 6 11 1.41421
1 14 0 2 5 6 12 1.41421
1 14 0 2 5 6 13 1.41421
1 14 0 2 5 7 8 1.62019
1 14 0 2 5 7 9 1.41421
1 14 0 2 5 7 10 1.62019
1 14 0 2 5 7 11 1.41421
1 14 0 2 5 7 12 1.62019
1 14 0 2 5 7 13 1.62019
1 14 0 2 5 8 9 1.62019
1 14 0 2 5 8 10 1.73205
1 14 0 2 5 8 11 1
1 14 0 2 5 8 12 1.73205
1 14 0 2 5 8 13 1.73205
1 14 0 2 5 9 10 1.62019
1 14 0 2 5 9 11 1.41421
1 14 0 2 5 9 12 1.62019
1 14 0 2 5 9 13 1.62019
1 14 0 2 5 10 11 1
1 14 0 2 5 10 12 1.73205
1 14 0 2 5 10 13 1.73205
1 14 0 2 5 11 12 1.41421
1 14 0 2 5 11 13 1.41421
1 14 0 2 5 12 13 1.73205
1 14 0 2 6 7 8 1.41421
1 14 0 2 6 7 9 1.62019
1 14 0 2 6 7 10 1
1 14 0 2 6 7 11 1.62019
1 14 0 2 6 7 12 1.62019
1 14 0 2 6 7 13 1.62019
1 14 0 2 6 8 9 1.81265
1 14 0 2 6 8 10 1.73205
1 14 0 2 6 8 11 1.73205
1 14 0 2 6 8 12 1.81265
1 14 0 2 6 8 13 1.81265
1 14 0 2 6 9 10 1.73205
1 14 0 2 6 9 11 1.81265
1 14 0 2 6 9 12 2
1 14 0 2 6 9 13 2
1 14 0 2 6 10 11 1.62019
1 14 0 2 6 10 12 1.73205
1 14 0 2 6 10 13 1.73205
1 14 0 2 6 11 12 1.81265
1 14 0 2 6 11 13 1.81265
1 14 0 2 6 12 13 2
1 14 0 2 7 8 9 1.41421
1 14 0 2 7 8 10 1.62019
1 14 0 2 7 8 11 1.41421
1 14 0 2 7 8 12 1.62019
1 14 0 2 7 8 13 1.62019
1 14 0 2 7 9 10 1.41421
1 14 0 2 7 9 11 1.62019
1 14 0 2 7 9 12 1.62019
1 14 0 2 7 9 13 1.62019
1 14 0 2 7 10 11 1
1 14 0 2 7 10 12 1.62019
1 14 0 2 7 10 13 1.62019
1 14 0 2 7 11 12 1.62019
1 14 0 2 7 11 13 1.62019
1 14 0 2 7 12 13 1.62019
1 14 0 2 8 9 10 1.81265
1 14 0 2 8 9 11 1.73205
1 14 0 2 8 9 12 2
1 14 0 2 8 9 13 2
1 14 0 2 8 10 11 1.62019
1 14 0 2 8 10 12 2
1 14 0 2 8 10 13 2
1 14 0 2 8 11 12 1.73205
1 14 0 2 8 11 13 1.73205
1 14 0 2 8 12 13 2
1 14 0 2 9 10 11 1.62019
1 14 0 2 9 10 12 1.81265
1 14 0 2 9 10 13 1.81265
1 14 0 2 9 11 12 1.81265
1 14 0 2 9 11 13 1.81265
1 14 0 2 9 12 13 2
1 14 0 2 10 11 12 1.62019
1 14 0 2 10 11 13 1.62019
1 14 0 2 10 12 13 2
1 14 0 2 11 12 13 1.81265
1 14 0 3 4 5 6 1
1 14 0 3 4 5 7 1.41421
1 14 0 3 4 5 8 1.41421
1 14 0 3 4 5 9 1
1 14 0 3 4 5 10 1.41421
1 14 0 3 4 5 11 1
1 14 0 3 4 5 12 1.41421
1 14 0 3 4 5 13 1.41421
1 14 0 3 4 6 7 1
1 14 0 3 4 6 8 1.41421
1 14 0 3 4 6 9 1.41421
1 14 0 3 4 6 10 1.41421
1 14 0 3 4 6 11 1.41421
1 14 0 3 4 6 12 1.41421
1 14 0 3 4 6 13 1.41421
1 14 0 3 4 7 8 1.41421
1 14 0 3 4 7 9 1
1 14 0 3 4 7 10 1.41421
1 14 0 3 4 7 11 1
1 14 0 3 4 7 12 1.41421
1 14 0 3 4 7 13 1.41421
1 14 0 3 4 8 9 1.41421
1 14 0 3 4 8 10 1.41421
1 14 0 3 4 8 11 1.41421
1 14 0 3 4 8 12 1.41421
1 14 0 3 4 8 13 1.41421
1 14 0 3 4 9 10 1.41421
1 14 0 3 4 9 11 1.41421
1 14 0 3 4 9 12 1.41421
1 14 0 3 4 9 13 1.41421
1 14 0 3 4 10 11 1.41421
1 14 0 3 4 10 12 1.41421
1 14 0 3 4 10 13 1.41421
1 14 0 3 4 11 12 1.41421
1 14 0 3 4 11 13 1.41421
1 14 0 3 4 12 13 1.41421
1 14 0 3 5 6 7 1.41421
1 14 0 3 5 6 8 1
1 14 0 3 5 6 9 1.41421
1 14 0 3 5 6 10 0
1 14 0 3 5 6 11 1.41421
1 14 0 3 5 6 12 1.41421
1 14 0 3 5 6 13 1.41421
1 14 0 3 5 7 8 1.41421
1 14 0 3 5 7 9 1.41421
1 14 0 3 5 7 10 1.41421
1 14 0 3 5 7 11 1.41421
1 14 0 3 5 7 12 1.41421
1 14 0 3 5 7 13 1.41421
1 14 0 3 5 8 9 1
1 14 0 3 5 8 10 1.41421
1 14 0 3 5 8 11 1
1 14 0 3 5 8 12 1.41421
1 14 0 3 5 8 13 1.41421
1 14 0 3 5 9 10 1
1 14 0 3 5 9 11 1.41421
1 14 0 3 5 9 12 1.41421
1 14 0 3 5 9 13 1.41421
1 14 0 3 5 10 11 1
1 14 0 3 5 10 12 1.41421
1 14 0 3 5 10 13 1.41421
1 14 0 3 5 11 12 1.41421
1 14 0 3 5 11 13 1.41421
1 14 0 3 5 12 13 1.41421
1 14 0 3 6 7 8 1.62019
1 14 0 3 6 7 9 1.73205
1 14 0 3 6 7 10 1.41421
1 14 0 3 6 7 11 1.73205
1 14 0 3 6 7 12 1.73205
1 14 0 3 6 7 13 1.73205
1 14 0 3 6 8 9 1.85164
1 14 0 3 6 8 10 1.73205
1 14 0 3 6 8 11 1.85164
1 14 0 3 6 8 12 1.85164
1 14 0 3 6 8 13 1.85164
1 14 0 3 6 9 10 1.73205
1 14 0 3 6 9 11 1.90693
1 14 0 3 6 9 12 1.90693
1 14 0 3 6 9 13 1.90693
1 14 0 3 6 10 11 1.73205
1 14 0 3 6 10 12 1.73205
1 14 0 3 6 10 13 1.73205
1 14 0 3 6 11 12 1.90693
1 14 0 3 6 11 13 1.90693
1 14 0 3 6 12 13 1.90693
1 14 0 3 7 8 9 1.62019
1 14 0 3 7 8 10 1.41421
1 14 0 3 7 8 11 1.62019
1 14 0 3 7 8 12 1.62019
1 14 0 3 7 8 13 1.62019
1 14 0 3 7 9 10 1.41421
1 14 0 3 7 9 11 1.73205
1 14 0 3 7 9 12 1.73205
1 14 0 3 7 9 13 1.73205
1 14 0 3 7 10 11 1.41421
1 14 0 3 7 10 12 1.41421
1 14 0 3 7 10 13 1.41421
1 14 0 3 7 11 12 1.73205
1 14 0 3 7 11 13 1.73205
1 14 0 3 7 12 13 1.73205
1 14 0 3 8 9 10 1.73205
1 14 0 3 8 9 11 1.85164
1 14 0 3 8 9 12 1.85164
1 14 0 3 8 9 13 1.85164
1 14 0 3 8 10 11 1.73205
1 14 0 3 8 10 12 1.73205
1 14 0 3 8 10 13 1.73205
1 14 0 3 8 11 12 1.85164
1 14 0 3 8 11 13 1.85164
1 14 0 3 8 12 13 1.85164
1 14 0 3 9 10 11 1.73205
1 14 0 3 9 10 12 1.73205
1 14 0 3 9 10 13 1.73205
1 14 0 3 9 11 12 1.90693
1 14 0 3 9 11 13 1.90693
1 14 0 3 9 12 13 1.90693
1 14 0 3 10 11 12 1.73205
1 14 0 3 10 11 13 1.73205
1 14 0 3 10 12 13 1.73205
1 14 0 3 11 12 13 1.90693
1 14 0 4 5 6 7 1.41421
1 14 0 4 5 6 8 1.73205
1 14 0 4 5 6 9 1.73205
1 14 0 4 5 6 10 1.73205
1 14 0 4 5 6 11 1.41421
1 14 0 4 5 6 12 1.73205
1 14 0 4 5 6 13 1.73205
1 14 0 4 5 7 8 1.73205
1 14 0 4 5 7 9 1.62019
1 14 0 4 5 7 10 1.73205
1 14 0 4 5 7 11 1
1 14 0 4 5 7 12 1.73205
1 14 0 4 5 7 13 1.73205
1 14 0 4 5 8 9 1.85164
1 14 0 4 5 8 10 1.90693
1 14 0 4 5 8 11 1.41421
1 14 0 4 5 8 12 1.90693
1 14 0 4 5 8 13 1.90693
1 14 0 4 5 9 10 1.85164
1 14 0 4 5 9 11 1.41421
1 14 0 4 5 9 12 1.85164
1 14 0 4 5 9 13 1.85164
1 14 0 4 5 10 11 1.41421
1 14 0 4 5 10 12 1.90693
1 14 0 4 5 10 13 1.90693
1 14 0 4 5 11 12 1.41421
1 14 0 4 5 11 13 1.41421
1 14 0 4 5 12 13 1.90693
1 14 0 4 6 7 8 1.62019
1 14 0 4 6 7 9 1.62019
1 14 0 4 6 7 10 1.62019
1 14 0 4 6 7 11 1.41421
1 14 0 4 6 7 12 1.62019
1 14 0 4 6 7 13 1.62019
1 14 0 4 6 8 9 2.13664
1 14 0 4 6 8 10 2.13664
1 14 0 4 6 8 11 2
1 14 0 4 6 8 12 2.13664
1 14 0 4 6 8 13 2.13664
1 14 0 4 6 9 10 2.13664
1 14 0 4 6 9 11 2
1 14 0 4 6 9 12 2.13664
1 14 0 4 6 9 13 2.13664
1 14 0 4 6 10 11 2
1 14 0 4 6 10 12 2.13664
1 14 0 4 6 10 13 2.13664
1 14 0 4 6 11 12 2
1 14 0 4 6 11 13 2
1 14 0 4 6 12 13 2.13664
1 14 0 4 7 8 9 1.73205
1 14 0 4 7 8 10 1.81265
1 14 0 4 7 8 11 1.41421
1 14 0 4 7 8 12 1.81265
1 14 0 4 7 8 13 1.81265
1 14 0 4 7 9 10 1.73205
1 14 0 4 7 9 11 1.41421
1 14 0 4 7 9 12 1.73205
1 14 0 4 7 9 13 1.73205
1 14 0 4 7 10 11 1.41421
1 14 0 4 7 10 12 1.81265
1 14 0 4 7 10 13 1.81265
1 14 0 4 7 11 12 1.41421
1 14 0 4 7 11 13 1.41421
1 14 0 4 7 12 13 1.81265
1 14 0 4 8 9 10 2.16025
1 14 0 4 8 9 11 2
1 14 0 4 8 9 12 2.16025
1 14 0 4 8 9 13 2.16025
1 14 0 4 8 10 11 2
1 14 0 4 8 10 12 2.19089
1 14 0 4 8 10 13 2.19089
1 14 0 4 8 11 12 2
1 14 0 4 8 11 13 2
1 14 0 4 8 12 13 2.19089
1 14 0 4 9 10 11 2
1 14 0 4 9 10 12 2.16025
1 14 0 4 9 10 13 2.16025
1 14 0 4 9 11 12 2
1 14 0 4 9 11 13 2
1 14 0 4 9 12 13 2.16025
1 14 0 4 10 11 12 2
1 14 0 4 10 11 13 2
1 14 0 4 10 12 13 2.19089
1 14 0 4 11 12 13 2
1 14 0 5 6 7 8 1.41421
1 14 0 5 6 7 9 1.41421
1 14 0 5 6 7 10 1.41421
1 14 0 5 6 7 11 1.41421
1 14 0 5 6 7 12 1.41421
1 14 0 5 6 7 13 1.41421
1 14 0 5 6 8 9 1.73205
1 14 0 5 6 8 10 1.73205
1 14 0 5 6 8 11 1.41421
1 14 0 5 6 8 12 1.73205
1 14 0 5 6 8 13 1.73205
1 14 0 5 6 9 10 1.73205
1 14 0 5 6 9 11 1.41421
1 14 0 5 6 9 12 1.73205
1 14 0 5 6 9 13 1.73205
1 14 0 5 6 10 11 1.41421
1 14 0 5 6 10 12 1.73205
1 14 0 5 6 10 13 1.73205
1 14 0 5 6 11 12 1.41421
1 14 0 5 6 11 13 1.41421
1 14 0 5 6 12 13 1.73205
1 14 0 5 7 8 9 1.62019
1 14 0 5 7 8 10 1.73205
1 14 0 5 7 8 11 1
1 14 0 5 7 8 12 1.73205
1 14 0 5 7 8 13 1.73205
1 14 0 5 7 9 10 1.62019
1 14 0 5 7 9 11 1.41421
1 14 0 5 7 9 12 1.62019
1 14 0 5 7 9 13 1.62019
1 14 0 5 7 10 11 1
1 14 0 5 7 10 12 1.73205
1 14 0 5 7 10 13 1.73205
1 14 0 5 7 11 12 1.41421
1 14 0 5 7 11 13 1.41421
1 14 0 5 7 12 13 1.73205
1 14 0 5 8 9 10 1.85164
1 14 0 5 8 9 11 1.41421
1 14 0 5 8 9 12 1.85164
1 14 0 5 8 9 13 1.85164
1 14 0 5 8 10 11 1.41421
1 14 0 5 8 10 12 1.90693
1 14 0 5 8 10 13 1.90693
1 14 0 5 8 11 12 1.41421
1 14 0 5 8 11 13 1.41421
1 14 0 5 8 12 13 1.90693
1 14 0 5 9 10 11 1.41421
1 14 0 5 9 10 12 1.85164
1 14 0 5 9 10 13 1.85164
1 14 0 5 9 11 12 1.41421
1 14 0 5 9 11 13 1.41421
1 14 0 5 9 12 13 1.85164
1 14 0 5 10 11 12 1.41421
1 14 0 5 10 11 13 1.41421
1 14 0 5 10 12 13 1.90693
1 14 0 5 11 12 13 1.41421
1 14 0 6 7 8 9 1.81265
1 14 0 6 7 8 10 1.73205
1 14 0 6 7 8 11 1.73205
1 14 0 6 7 8 12 1.81265
1 14 0 6 7 8 13 1.81265
1 14 0 6 7 9 10 1.73205
1 14 0 6 7 9 11 1.81265
1 14 0 6 7 9 12 2
1 14 0 6 7 9 13 2
1 14 0 6 7 10 11 1.62019
1 14 0 6 7 10 12 1.73205
1 14 0 6 7 10 13 1.73205
1 14 0 6 7 11 12 1.81265
1 14 0 6 7 11 13 1.81265
1 14 0 6 7 12 13 2
1 14 0 6 8 9 10 2.23607
1 14 0 6 8 9 11 2.16025
1 14 0 6 8 9 12 2.26385
1 14 0 6 8 9 13 2.26385
1 14 0 6 8 10 11 2.13664
1 14 0 6 8 10 12 2.23607
1 14 0 6 8 10 13 2.23607
1 14 0 6 8 11 12 2.16025
1 14 0 6 8 11 13 2.16025
1 14 0 6 8 12 13 2.26385
1 14 0 6 9 10 11 2.13664
1 14 0 6 9 10 12 2.23607
1 14 0 6 9 10 13 2.23607
1 14 0 6 9 11 12 2.19089
1 14 0 6 9 11 13 2.19089
1 14 0 6 9 12 13 2.28446
1 14 0 6 10 11 12 2.13664
1 14 0 6 10 11 13 2.13664
1 14 0 6 10 12 13 2.23607
1 14 0 6 11 12 13 2.19089
1 14 0 7 8 9 10 1.81265
1 14 0 7 8 9 11 1.73205
1 14 0 7 8 9 12 2
1 14 0 7 8 9 13 2
1 14 0 7 8 10 11 1.62019
1 14 0 7 8 10 12 2
1 14 0 7 8 10 13 2
1 14 0 7 8 11 12 1.73205
1 14 0 7 8 11 13 1.73205
1 14 0 7 8 12 13 2
1 14 0 7 9 10 11 1.62019
1 14 0 7 9 10 12 1.81265
1 14 0 7 9 10 13 1.81265
1 14 0 7 9 11 12 1.81265
1 14 0 7 9 11 13 1.81265
1 14 0 7 9 12 13 2
1 14 0 7 10 11 12 1.62019
1 14 0 7 10 11 13 1.62019
1 14 0 7 10 12 13 2
1 14 0 7 11 12 13 1.81265
1 14 0 8 9 10 11 2.13664
1 14 0 8 9 10 12 2.26385
1 14 0 8 9 10 13 2.26385
1 14 0 8 9 11 12 2.16025
1 14 0 8 9 11 13 2.16025
1 14 0 8 9 12 13 2.3094
1 14 0 8 10 11 12 2.13664
1 14 0 8 10 11 13 2.13664
1 14 0 8 10 12 13 2.28446
1 14 0 8 11 12 13 2.16025
1 14 0 9 10 11 12 2.13664
1 14 0 9 10 11 13 2.13664
1 14 0 9 10 12 13 2.26385
1 14 0 9 11 12 13 2.19089
1 14 0 10 11 12 13 2.13664
1 14 2 3 4 5 6 1
1 14 2 3 4 5 7 1.41421
1 14 2 3 4 5 8 1.41421
1 14 2 3 4 5 9 1
1 14 2 3 4 5 10 1.41421
1 14 2 3 4 5 11 1
1 14 2 3 4 5 12 1.41421
1 14 2 3 4 5 13 1.41421
1 14 2 3 4 6 7 1
1 14 2 3 4 6 8 1
1 14 2 3 4 6 9 1
1 14 2 3 4 6 10 1
1 14 2 3 4 6 11 1
1 14 2 3 4 6 12 1
1 14 2 3 4 6 13 1
1 14 2 3 4 7 8 1.41421
1 14 2 3 4 7 9 1
1 14 2 3 4 7 10 1.41421
1 14 2 3 4 7 11 1
1 14 2 3 4 7 12 1.41421
1 14 2 3 4 7 13 1.41421
1 14 2 3 4 8 9 1
1 14 2 3 4 8 10 1.41421
1 14 2 3 4 8 11 1
1 14 2 3 4 8 12 1.41421
1 14 2 3 4 8 13 1.41421
1 14 2 3 4 9 10 1
1 14 2 3 4 9 11 1
1 14 2 3 4 9 12 1
1 14 2 3 4 9 13 1
1 14 2 3 4 10 11 1
1 14 2 3 4 10 12 1.41421
1 14 2 3 4 10 13 1.41421
1 14 2 3 4 11 12 1
1 14 2 3 4 11 13 1
1 14 2 3 4 12 13 1.41421
1 14 2 3 5 6 7 1.41421
1 14 2 3 5 6 8 1
1 14 2 3 5 6 9 1.41421
1 14 2 3 5 6 10 1
1 14 2 3 5 6 11 1.41421
1 14 2 3 5 6 12 1.41421
1 14 2 3 5 6 13 1.41421
1 14 2 3 5 7 8 1.41421
1 14 2 3 5 7 9 1.41421
1 14 2 3 5 7 10 1.41421
1 14 2 3 5 7 11 1.41421
1 14 2 3 5 7 12 1.41421
1 14 2 3 5 7 13 1.41421
1 14 2 3 5 8 9 1
1 14 2 3 5 8 10 1.41421
1 14 2 3 5 8 11 1
1 14 2 3 5 8 12 1.41421
1 14 2 3 5 8 13 1.41421
1 14 2 3 5 9 10 1
1 14 2 3 5 9 11 1.41421
1 14 2 3 5 9 12 1.41421
1 14 2 3 5 9 13 1.41421
1 14 2 3 5 10 11 1
1 14 2 3 5 10 12 1.41421
1 14 2 3 5 10 13 1.41421
1 14 2 3 5 11 12 1.41421
1 14 2 3 5 11 13 1.41421
1 14 2 3 5 12 13 1.41421
1 14 2 3 6 7 8 1.41421
1 14 2 3 6 7 9 1.62019
1 14 2 3 6 7 10 1
1 14 2 3 6 7 11 1.62019
1 14 2 3 6 7 12 1.62019
1 14 2 3 6 7 13 1.62019
1 14 2 3 6 8 9 1.62019
1 14 2 3 6 8 10 1.41421
1 14 2 3 6 8 11 1.62019
1 14 2 3 6 8 12 1.62019
1 14 2 3 6 8 13 1.62019
1 14 2 3 6 9 10 1.41421
1 14 2 3 6 9 11 1.73205
1 14 2 3 6 9 12 1.73205
1 14 2 3 6 9 13 1.73205
1 14 2 3 6 10 11 1.41421
1 14 2 3 6 10 12 1.41421
1 14 2 3 6 10 13 1.41421
1 14 2 3 6 11 12 1.73205
1 14 2 3 6 11 13 1.73205
1 14 2 3 6 12 13 1.73205
1 14 2 3 7 8 9 1.41421
1 14 2 3 7 8 10 1.41421
1 14 2 3 7 8 11 1.41421
1 14 2 3 7 8 12 1.41421
1 14 2 3 7 8 13 1.41421
1 14 2 3 7 9 10 1
1 14 2 3 7 9 11 1.62019
1 14 2 3 7 9 12 1.62019
1 14 2 3 7 9 13 1.62019
1 14 2 3 7 10 11 1
1 14 2 3 7 10 12 1.41421
1 14 2 3 7 10 13 1.41421
1 14 2 3 7 11 12 1.62019
1 14 2 3 7 11 13 1.62019
1 14 2 3 7 12 13 1.62019
1 14 2 3 8 9 10 1.41421
1 14 2 3 8 9 11 1.62019
1 14 2 3 8 9 12 1.62019
1 14 2 3 8 9 13 1.62019
1 14 2 3 8 10 11 1.41421
1 14 2 3 8 10 12 1.41421
1 14 2 3 8 10 13 1.41421
1 14 2 3 8 11 12 1.62019
1 14 2 3 8 11 13 1.62019
1 14 2 3 8 12 13 1.62019
1 14 2 3 9 10 11 1.41421
1 14 2 3 9 10 12 1.41421
1 14 2 3 9 10 13 1.41421
1 14 2 3 9 11 12 1.73205
1 14 2 3 9 11 13 1.73205
1 14 2 3 9 12 13 1.73205
1 14 2 3 10 11 12 1.41421
1 14 2 3 10 11 13 1.41421
1 14 2 3 10 12 13 1.41421
1 14 2 3 11 12 13 1.73205
1 14 2 4 5 6 7 1
1 14 2 4 5 6 8 1.41421
1 14 2 4 5 6 9 1.41421
1 14 2 4 5 6 10 1.41421
1 14 2 4 5 6 11 1
1 14 2 4 5 6 12 1.41421
1 14 2 4 5 6 13 1.41421
1 14 2 4 5 7 8 1.62019
1 14 2 4 5 7 9 1.41421
1 14 2 4 5 7 10 1.62019
1 14 2 4 5 7 11 1
1 14 2 4 5 7 12 1.62019
1 14 2 4 5 7 13 1.62019
1 14 2 4 5 8 9 1.62019
1 14 2 4 5 8 10 1.73205
1 14 2 4 5 8 11 1
1 14 2 4 5 8 12 1.73205
1 14 2 4 5 8 13 1.73205
1 14 2 4 5 9 10 1.62019
1 14 2 4 5 9 11 1
1 14 2 4 5 9 12 1.62019
1 14 2 4 5 9 13 1.62019
1 14 2 4 5 10 11 1
1 14 2 4 5 10 12 1.73205
1 14 2 4 5 10 13 1.73205
1 14 2 4 5 11 12 1
1 14 2 4 5 11 13 1
1 14 2 4 5 12 13 1.73205
1 14 2 4 6 7 8 1
1 14 2 4 6 7 9 1
1 14 2 4 6 7 10 1
1 14 2 4 6 7 11 1
1 14 2 4 6 7 12 1
1 14 2 4 6 7 13 1
1 14 2 4 6 8 9 1.62019
1 14 2 4 6 8 10 1.62019
1 14 2 4 6 8 11 1.41421
1 14 2 4 6 8 12 1.62019
1 14 2 4 6 8 13 1.62019
1 14 2 4 6 9 10 1.62019
1 14 2 4 6 9 11 1.41421
1 14 2 4 6 9 12 1.62019
1 14 2 4 6 9 13 1.62019
1 14 2 4 6 10 11 1.41421
1 14 2 4 6 10 12 1.62019
1 14 2 4 6 10 13 1.62019
1 14 2 4 6 11 12 1.41421
1 14 2 4 6 11 13 1.41421
1 14 2 4 6 12 13 1.62019
1 14 2 4 7 8 9 1.41421
1 14 2 4 7 8 10 1.62019
1 14 2 4 7 8 11 1
1 14 2 4 7 8 12 1.62019
1 14 2 4 7 8 13 1.62019
1 14 2 4 7 9 10 1.41421
1 14 2 4 7 9 11 1
1 14 2 4 7 9 12 1.41421
1 14 2 4 7 9 13 1.41421
1 14 2 4 7 10 11 1
1 14 2 4 7 10 12 1.62019
1 14 2 4 7 10 13 1.62019
1 14 2 4 7 11 12 1
1 14 2 4 7 11 13 1
1 14 2 4 7 12 13 1.62019
1 14 2 4 8 9 10 1.73205
1 14 2 4 8 9 11 1.41421
1 14 2 4 8 9 12 1.73205
1 14 2 4 8 9 13 1.73205
1 14 2 4 8 10 11 1.41421
1 14 2 4 8 10 12 1.81265
1 14 2 4 8 10 13 1.81265
1 14 2 4 8 11 12 1.41421
1 14 2 4 8 11 13 1.41421
1 14 2 4 8 12 13 1.81265
1 14 2 4 9 10 11 1.41421
1 14 2 4 9 10 12 1.73205
1 14 2 4 9 10 13 1.73205
1 14 2 4 9 11 12 1.41421
1 14 2 4 9 11 13 1.41421
1 14 2 4 9 12 13 1.73205
1 14 2 4 10 11 12 1.41421
1 14 2 4 10 11 13 1.41421
1 14 2 4 10 12 13 1.81265
1 14 2 4 11 12 13 1.41421
1 14 2 5 6 7 8 1
1 14 2 5 6 7 9 1.41421
1 14 2 5 6 7 10 1
1 14 2 5 6 7 11 1.41421
1 14 2 5 6 7 12 1.41421
1 14 2 5 6 7 13 1.41421
1 14 2 5 6 8 9 1.41421
1 14 2 5 6 8 10 1.41421
1 14 2 5 6 8 11 1
1 14 2 5 6 8 12 1.41421
1 14 2 5 6 8 13 1.41421
1 14 2 5 6 9 10 1.41421
1 14 2 5 6 9 11 1.41421
1 14 2 5 6 9 12 1.41421
1 14 2 5 6 9 13 1.41421
1 14 2 5 6 10 11 1
1 14 2 5 6 10 12 1.41421
1 14 2 5 6 10 13 1.41421
1 14 2 5 6 11 12 1.41421
1 14 2 5 6 11 13 1.41421
1 14 2 5 6 12 13 1.41421
1 14 2 5 7 8 9 1.41421
1 14 2 5 7 8 10 1.62019
1 14 2 5 7 8 11 1
1 14 2 5 7 8 12 1.62019
1 14 2 5 7 8 13 1.62019
1 14 2 5 7 9 10 1.41421
1 14 2 5 7 9 11 1.41421
1 14 2 5 7 9 12 1.41421
1 14 2 5 7 9 13 1.41421
1 14 2 5 7 10 11 1
1 14 2 5 7 10 12 1.62019
1 14 2 5 7 10 13 1.62019
1 14 2 5 7 11 12 1.41421
1 14 2 5 7 11 13 1.41421
1 14 2 5 7 12 13 1.62019
1 14 2 5 8 9 10 1.62019
1 14 2 5 8 9 11 1
1 14 2 5 8 9 12 1.62019
1 14 2 5 8 9 13 1.62019
1 14 2 5 8 10 11 1
1 14 2 5 8 10 12 1.73205
1 14 2 5 8 10 13 1.73205
1 14 2 5 8 11 12 1
1 14 2 5 8 11 13 1
1 14 2 5 8 12 13 1.73205
1 14 2 5 9 10 11 1
1 14 2 5 9 10 12 1.62019
1 14 2 5 9 10 13 1.62019
1 14 2 5 9 11 12 1.41421
1 14 2 5 9 11 13 1.41421
1 14 2 5 9 12 13 1.62019
1 14 2 5 10 11 12 1
1 14 2 5 10 11 13 1
1 14 2 5 10 12 13 1.73205
1 14 2 5 11 12 13 1.41421
1 14 2 6 7 8 9 1.41421
1 14 2 6 7 8 10 1
1 14 2 6 7 8 11 1.41421
1 14 2 6 7 8 12 1.41421
1 14 2 6 7 8 13 1.41421
1 14 2 6 7 9 10 1
1 14 2 6 7 9 11 1.62019
1 14 2 6 7 9 12 1.62019
1 14 2 6 7 9 13 1.62019
1 14 2 6 7 10 11 1
1 14 2 6 7 10 12 1
1 14 2 6 7 10 13 1
1 14 2 6 7 11 12 1.62019
1 14 2 6 7 11 13 1.62019
1 14 2 6 7 12 13 1.62019
1 14 2 6 8 9 10 1.73205
1 14 2 6 8 9 11 1.73205
1 14 2 6 8 9 12 1.81265
1 14 2 6 8 9 13 1.81265
1 14 2 6 8 10 11 1.62019
1 14 2 6 8 10 12 1.73205
1 14 2 6 8 10 13 1.73205
1 14 2 6 8 11 12 1.73205
1 14 2 6 8 11 13 1.73205
1 14 2 6 8 12 13 1.81265
1 14 2 6 9 10 11 1.62019
1 14 2 6 9 10 12 1.73205
1 14 2 6 9 10 13 1.73205
1 14 2 6 9 11 12 1.81265
1 14 2 6 9 11 13 1.81265
1 14 2 6 9 12 13 2
1 14 2 6 10 11 12 1.62019
1 14 2 6 10 11 13 1.62019
1 14 2 6 10 12 13 1.73205
1 14 2 6 11 12 13 1.81265
1 14 2 7 8 9 10 1.41421
1 14 2 7 8 9 11 1.41421
1 14 2 7 8 9 12 1.41421
1 14 2 7 8 9 13 1.41421
1 14 2 7 8 10 11 1
1 14 2 7 8 10 12 1.62019
1 14 2 7 8 10 13 1.62019
1 14 2 7 8 11 12 1.41421
1 14 2 7 8 11 13 1.41421
1 14 2 7 8 12 13 1.62019
1 14 2 7 9 10 11 1
1 14 2 7 9 10 12 1.41421
1 14 2 7 9 10 13 1.41421
1 14 2 7 9 11 12 1.62019
1 14 2 7 9 11 13 1.62019
1 14 2 7 9 12 13 1.62019
1 14 2 7 10 11 12 1
1 14 2 7 10 11 13 1
1 14 2 7 10 12 13 1.62019
1 14 2 7 11 12 13 1.62019
1 14 2 8 9 10 11 1.62019
1 14 2 8 9 10 12 1.81265
1 14 2 8 9 10 13 1.81265
1 14 2 8 9 11 12 1.73205
1 14 2 8 9 11 13 1.73205
1 14 2 8 9 12 13 2
1 14 2 8 10 11 12 1.62019
1 14 2 8 10 11 13 1.62019
1 14 2 8 10 12 13 2
1 14 2 8 11 12 13 1.73205
1 14 2 9 10 11 12 1.62019
1 14 2 9 10 11 13 1.62019
1 14 2 9 10 12 13 1.81265
1 14 2 9 11 12 13 1.81265
1 14 2 10 11 12 13 1.62019
1 14 3 4 5 6 7 1
1 14 3 4 5 6 8 1
1 14 3 4 5 6 9 1
1 14 3 4 5 6 10 1
1 14 3 4 5 6 11 1
1 14 3 4 5 6 12 1
1 14 3 4 5 6 13 1
1 14 3 4 5 7 8 1.41421
1 14 3 4 5 7 9 1
1 14 3 4 5 7 10 1.41421
1 14 3 4 5 7 11 1
1 14 3 4 5 7 12 1.41421
1 14 3 4 5 7 13 1.41421
1 14 3 4 5 8 9 1
1 14 3 4 5 8 10 1.41421
1 14 3 4 5 8 11 1
1 14 3 4 5 8 12 1.41421
1 14 3 4 5 8 13 1.41421
1 14 3 4 5 9 10 1
1 14 3 4 5 9 11 1
1 14 3 4 5 9 12 1
1 14 3 4 5 9 13 1
1 14 3 4 5 10 11 1
1 14 3 4 5 10 12 1.41421
1 14 3 4 5 10 13 1.41421
1 14 3 4 5 11 12 1
1 14 3 4 5 11 13 1
1 14 3 4 5 12 13 1.41421
1 14 3 4 6 7 8 1
1 14 3 4 6 7 9 1
1 14 3 4 6 7 10 1
1 14 3 4 6 7 11 1
1 14 3 4 6 7 12 1
1 14 3 4 6 7 13 1
1 14 3 4 6 8 9 1.41421
1 14 3 4 6 8 10 1.41421
1 14 3 4 6 8 11 1.41421
1 14 3 4 6 8 12 1.41421
1 14 3 4 6 8 13 1.41421
1 14 3 4 6 9 10 1.41421
1 14 3 4 6 9 11 1.41421
1 14 3 4 6 9 12 1.41421
1 14 3 4 6 9 13 1.41421
1 14 3 4 6 10 11 1.41421
1 14 3 4 6 10 12 1.41421
1 14 3 4 6 10 13 1.41421
1 14 3 4 6 11 12 1.41421
1 14 3 4 6 11 13 1.41421
1 14 3 4 6 12 13 1.41421
1 14 3 4 7 8 9 1
1 14 3 4 7 8 10 1.41421
1 14 3 4 7 8 11 1
1 14 3 4 7 8 12 1.41421
1 14 3 4 7 8 13 1.41421
1 14 3 4 7 9 10 1
1 14 3 4 7 9 11 1
1 14 3 4 7 9 12 1
1 14 3 4 7 9 13 1
1 14 3 4 7 10 11 1
1 14 3 4 7 10 12 1.41421
1 14 3 4 7 10 13 1.41421
1 14 3 4 7 11 12 1
1 14 3 4 7 11 13 1
1 14 3 4 7 12 13 1.41421
1 14 3 4 8 9 10 1.41421
1 14 3 4 8 9 11 1.41421
1 14 3 4 8 9 12 1.41421
1 14 3 4 8 9 13 1.41421
1 14 3 4 8 10 11 1.41421
1 14 3 4 8 10 12 1.41421
1 14 3 4 8 10 13 1.41421
1 14 3 4 8 11 12 1.41421
1 14 3 4 8 11 13 1.41421
1 14 3 4 8 12 13 1.41421
1 14 3 4 9 10 11 1.41421
1 14 3 4 9 10 12 1.41421
1 14 3 4 9 10 13 1.41421
1 14 3 4 9 11 12 1.41421
1 14 3 4 9 11 13 1.41421
1 14 3 4 9 12 13 1.41421
1 14 3 4 10 11 12 1.41421
1 14 3 4 10 11 13 1.41421
1 14 3 4 10 12 13 1.41421
1 14 3 4 11 12 13 1.41421
1 14 3 5 6 7 8 1
1 14 3 5 6 7 9 1.41421
1 14 3 5 6 7 10 1
1 14 3 5 6 7 11 1.41421
1 14 3 5 6 7 12 1.41421
1 14 3 5 6 7 13 1.41421
1 14 3 5 6 8 9 1
1 14 3 5 6 8 10 1
1 14 3 5 6 8 11 1
1 14 3 5 6 8 12 1
1 14 3 5 6 8 13 1
1 14 3 5 6 9 10 1
1 14 3 5 6 9 11 1.41421
1 14 3 5 6 9 12 1.41421
1 14 3 5 6 9 13 1.41421
1 14 3 5 6 10 11 1
1 14 3 5 6 10 12 1
1 14 3 5 6 10 13 0
1 14 3 5 6 11 12 1.41421
1 14 3 5 6 11 13 1.41421
1 14 3 5 6 12 13 1.41421
1 14 3 5 7 8 9 1
1 14 3 5 7 8 10 1.41421
1 14 3 5 7 8 11 1
1 14 3 5 7 8 12 1.41421
1 14 3 5 7 8 13 1.41421
1 14 3 5 7 9 10 1
1 14 3 5 7 9 11 1.41421
1 14 3 5 7 9 12 1.41421
1 14 3 5 7 9 13 1.41421
1 14 3 5 7 10 11 1
1 14 3 5 7 10 12 1.41421
1 14 3 5 7 10 13 1.41421
1 14 3 5 7 11 12 1.41421
1 14 3 5 7 11 13 1.41421
1 14 3 5 7 12 13 1.41421
1 14 3 5 8 9 10 1
1 14 3 5 8 9 11 1
1 14 3 5 8 9 12 1
1 14 3 5 8 9 13 1
1 14 3 5 8 10 11 1
1 14 3 5 8 10 12 1.41421
1 14 3 5 8 10 13 1.41421
1 14 3 5 8 11 12 1
1 14 3 5 8 11 13 1
1 14 3 5 8 12 13 1.41421
1 14 3 5 9 10 11 1
1 14 3 5 9 10 12 1
1 14 3 5 9 10 13 1
1 14 3 5 9 11 12 1.41421
1 14 3 5 9 11 13 1.41421
1 14 3 5 9 12 13 1.41421
1 14 3 5 10 11 12 1
1 14 3 5 10 11 13 1
1 14 3 5 10 12 13 1.41421
1 14 3 5 11 12 13 1.41421
1 14 3 6 7 8 9 1.62019
1 14 3 6 7 8 10 1.41421
1 14 3 6 7 8 11 1.62019
1 14 3 6 7 8 12 1.62019
1 14 3 6 7 8 13 1.62019
1 14 3 6 7 9 10 1.41421
1 14 3 6 7 9 11 1.73205
1 14 3 6 7 9 12 1.73205
1 14 3 6 7 9 13 1.73205
1 14 3 6 7 10 11 1.41421
1 14 3 6 7 10 12 1.41421
1 14 3 6 7 10 13 1.41421
1 14 3 6 7 11 12 1.73205
1 14 3 6 7 11 13 1.73205
1 14 3 6 7 12 13 1.73205
1 14 3 6 8 9 10 1.73205
1 14 3 6 8 9 11 1.85164
1 14 3 6 8 9 12 1.85164
1 14 3 6 8 9 13 1.85164
1 14 3 6 8 10 11 1.73205
1 14 3 6 8 10 12 1.73205
1 14 3 6 8 10 13 1.73205
1 14 3 6 8 11 12 1.85164
1 14 3 6 8 11 13 1.85164
1 14 3 6 8 12 13 1.85164
1 14 3 6 9 10 11 1.73205
1 14 3 6 9 10 12 1.73205
1 14 3 6 9 10 13 1.73205
1 14 3 6 9 11 12 1.90693
1 14 3 6 9 11 13 1.90693
1 14 3 6 9 12 13 1.90693
1 14 3 6 10 11 12 1.73205
1 14 3 6 10 11 13 1.73205
1 14 3 6 10 12 13 1.73205
1 14 3 6 11 12 13 1.90693
1 14 3 7 8 9 10 1.41421
1 14 3 7 8 9 11 1.62019
1 14 3 7 8 9 12 1.62019
1 14 3 7 8 9 13 1.62019
1 14 3 7 8 10 11 1.41421
1 14 3 7 8 10 12 1.41421
1 14 3 7 8 10 13 1.41421
1 14 3 7 8 11 12 1.62019
1 14 3 7 8 11 13 1.62019
1 14 3 7 8 12 13 1.62019
1 14 3 7 9 10 11 1.41421
1 14 3 7 9 10 12 1.41421
1 14 3 7 9 10 13 1.41421
1 14 3 7 9 11 12 1.73205
1 14 3 7 9 11 13 1.73205
1 14 3 7 9 12 13 1.73205
1 14 3 7 10 11 12 1.41421
1 14 3 7 10 11 13 1.41421
1 14 3 7 10 12 13 1.41421
1 14 3 7 11 12 13 1.73205
1 14 3 8 9 10 11 1.73205
1 14 3 8 9 10 12 1.73205
1 14 3 8 9 10 13 1.73205
1 14 3 8 9 11 12 1.85164
1 14 3 8 9 11 13 1.85164
1 14 3 8 9 12 13 1.85164
1 14 3 8 10 11 12 1.73205
1 14 3 8 10 11 13 1.73205
1 14 3 8 10 12 13 1.73205
1 14 3 8 11 12 13 1.85164
1 14 3 9 10 11 12 1.73205
1 14 3 9 10 11 13 1.73205
1 14 3 9 10 12 13 1.73205
1 14 3 9 11 12 13 1.90693
1 14 3 10 11 12 13 1.73205
1 14 4 5 6 7 8 1.41421
1 14 4 5 6 7 9 1.41421
1 14 4 5 6 7 10 1.41421
1 14 4 5 6 7 11 1
1 14 4 5 6 7 12 1.41421
1 14 4 5 6 7 13 1.41421
1 14 4 5 6 8 9 1.73205
1 14 4 5 6 8 10 1.73205
1 14 4 5 6 8 11 1.41421
1 14 4 5 6 8 12 1.73205
1 14 4 5 6 8 13 1.73205
1 14 4 5 6 9 10 1.73205
1 14 4 5 6 9 11 1.41421
1 14 4 5 6 9 12 1.73205
1 14 4 5 6 9 13 1.73205
1 14 4 5 6 10 11 1.41421
1 14 4 5 6 10 12 1.73205
1 14 4 5 6 10 13 1.73205
1 14 4 5 6 11 12 1.41421
1 14 4 5 6 11 13 1.41421
1 14 4 5 6 12 13 1.73205
1 14 4 5 7 8 9 1.62019
1 14 4 5 7 8 10 1.73205
1 14 4 5 7 8 11 1
1 14 4 5 7 8 12 1.73205
1 14 4 5 7 8 13 1.73205
1 14 4 5 7 9 10 1.62019
1 14 4 5 7 9 11 1
1 14 4 5 7 9 12 1.62019
1 14 4 5 7 9 13 1.62019
1 14 4 5 7 10 11 1
1 14 4 5 7 10 12 1.73205
1 14 4 5 7 10 13 1.73205
1 14 4 5 7 11 12 1
1 14 4 5 7 11 13 1
1 14 4 5 7 12 13 1.73205
1 14 4 5 8 9 10 1.85164
1 14 4 5 8 9 11 1.41421
1 14 4 5 8 9 12 1.85164
1 14 4 5 8 9 13 1.85164
1 14 4 5 8 10 11 1.41421
1 14 4 5 8 10 12 1.90693
1 14 4 5 8 10 13 1.90693
1 14 4 5 8 11 12 1.41421
1 14 4 5 8 11 13 1.41421
1 14 4 5 8 12 13 1.90693
1 14 4 5 9 10 11 1.41421
1 14 4 5 9 10 12 1.85164
1 14 4 5 9 10 13 1.85164
1 14 4 5 9 11 12 1.41421
1 14 4 5 9 11 13 1.41421
1 14 4 5 9 12 13 1.85164
1 14 4 5 10 11 12 1.41421
1 14 4 5 10 11 13 1.41421
1 14 4 5 10 12 13 1.90693
1 14 4 5 11 12 13 1.41421
1 14 4 6 7 8 9 1.62019
1 14 4 6 7 8 10 1.62019
1 14 4 6 7 8 11 1.41421
1 14 4 6 7 8 12 1.62019
1 14 4 6 7 8 13 1.62019
1 14 4 6 7 9 10 1.62019
1 14 4 6 7 9 11 1.41421
1 14 4 6 7 9 12 1.62019
1 14 4 6 7 9 13 1.62019
1 14 4 6 7 10 11 1.41421
1 14 4 6 7 10 12 1.62019
1 14 4 6 7 10 13 1.62019
1 14 4 6 7 11 12 1.41421
1 14 4 6 7 11 13 1.41421
1 14 4 6 7 12 13 1.62019
1 14 4 6 8 9 10 2.13664
1 14 4 6 8 9 11 2
1 14 4 6 8 9 12 2.13664
1 14 4 6 8 9 13 2.13664
1 14 4 6 8 10 11 2
1 14 4 6 8 10 12 2.13664
1 14 4 6 8 10 13 2.13664
1 14 4 6 8 11 12 2
1 14 4 6 8 11 13 2
1 14 4 6 8 12 13 2.13664
1 14 4 6 9 10 11 2
1 14 4 6 9 10 12 2.13664
1 14 4 6 9 10 13 2.13664
1 14 4 6 9 11 12 2
1 14 4 6 9 11 13 2
1 14 4 6 9 12 13 2.13664
1 14 4 6 10 11 12 2
1 14 4 6 10 11 13 2
1 14 4 6 10 12 13 2.13664
1 14 4 6 11 12 13 2
1 14 4 7 8 9 10 1.73205
1 14 4 7 8 9 11 1.41421
1 14 4 7 8 9 12 1.73205
1 14 4 7 8 9 13 1.73205
1 14 4 7 8 10 11 1.41421
1 14 4 7 8 10 12 1.81265
1 14 4 7 8 10 13 1.81265
1 14 4 7 8 11 12 1.41421
1 14 4 7 8 11 13 1.41421
1 14 4 7 8 12 13 1.81265
1 14 4 7 9 10 11 1.41421
1 14 4 7 9 10 12 1.73205
1 14 4 7 9 10 13 1.73205
1 14 4 7 9 11 12 1.41421
1 14 4 7 9 11 13 1.41421
1 14 4 7 9 12 13 1.73205
1 14 4 7 10 11 12 1.41421
1 14 4 7 10 11 13 1.41421
1 14 4 7 10 12 13 1.81265
1 14 4 7 11 12 13 1.41421
1 14 4 8 9 10 11 2
1 14 4 8 9 10 12 2.16025
1 14 4 8 9 10 13 2.16025
1 14 4 8 9 11 12 2
1 14 4 8 9 11 13 2
1 14 4 8 9 12 13 2.16025
1 14 4 8 10 11 12 2
1 14 4 8 10 11 13 2
1 14 4 8 10 12 13 2.19089
1 14 4 8 11 12 13 2
1 14 4 9 10 11 12 2
1 14 4 9 10 11 13 2
1 14 4 9 10 12 13 2.16025
1 14 4 9 11 12 13 2
1 14 4 10 11 12 13 2
1 14 5 6 7 8 9 1.41421
1 14 5 6 7 8 10 1.41421
1 14 5 6 7 8 11 1
1 14 5 6 7 8 12 1.41421
1 14 5 6 7 8 13 1.41421
1 14 5 6 7 9 10 1.41421
1 14 5 6 7 9 11 1.41421
1 14 5 6 7 9 12 1.41421
1 14 5 6 7 9 13 1.41421
1 14 5 6 7 10 11 1
1 14 5 6 7 10 12 1.41421
1 14 5 6 7 10 13 1.41421
1 14 5 6 7 11 12 1.41421
1 14 5 6 7 11 13 1.41421
1 14 5 6 7 12 13 1.41421
1 14 5 6 8 9 10 1.73205
1 14 5 6 8 9 11 1.41421
1 14 5 6 8 9 12 1.73205
1 14 5 6 8 9 13 1.73205
1 14 5 6 8 10 11 1.41421
1 14 5 6 8 10 12 1.73205
1 14 5 6 8 10 13 1.73205
1 14 5 6 8 11 12 1.41421
1 14 5 6 8 11 13 1.41421
1 14 5 6 8 12 13 1.73205
1 14 5 6 9 10 11 1.41421
1 14 5 6 9 10 12 1.73205
1 14 5 6 9 10 13 1.73205
1 14 5 6 9 11 12 1.41421
1 14 5 6 9 11 13 1.41421
1 14 5 6 9 12 13 1.73205
1 14 5 6 10 11 12 1.41421
1 14 5 6 10 11 13 1.41421
1 14 5 6 10 12 13 1.73205
1 14 5 6 11 12 13 1.41421
1 14 5 7 8 9 10 1.62019
1 14 5 7 8 9 11 1
1 14 5 7 8 9 12 1.62019
1 14 5 7 8 9 13 1.62019
1 14 5 7 8 10 11 1
1 14 5 7 8 10 12 1.73205
1 14 5 7 8 10 13 1.73205
1 14 5 7 8 11 12 1
1 14 5 7 8 11 13 1
1 14 5 7 8 12 13 1.73205
1 14 5 7 9 10 11 1
1 14 5 7 9 10 12 1.62019
1 14 5 7 9 10 13 1.62019
1 14 5 7 9 11 12 1.41421
1 14 5 7 9 11 13 1.41421
1 14 5 7 9 12 13 1.62019
1 14 5 7 10 11 12 1
1 14 5 7 10 11 13 1
1 14 5 7 10 12 13 1.73205
1 14 5 7 11 12 13 1.41421
1 14 5 8 9 10 11 1.41421
1 14 5 8 9 10 12 1.85164
1 14 5 8 9 10 13 1.85164
1 14 5 8 9 11 12 1.41421
1 14 5 8 9 11 13 1.41421
1 14 5 8 9 12 13 1.85164
1 14 5 8 10 11 12 1.41421
1 14 5 8 10 11 13 1.41421
1 14 5 8 10 12 13 1.90693
1 14 5 8 11 12 13 1.41421
1 14 5 9 10 11 12 1.41421
1 14 5 9 10 11 13 1.41421
1 14 5 9 10 12 13 1.85164
1 14 5 9 11 12 13 1.41421
1 14 5 10 11 12 13 1.41421
1 14 6 7 8 9 10 1.73205
1 14 6 7 8 9 11 1.73205
1 14 6 7 8 9 12 1.81265
1 14 6 7 8 9 13 1.81265
1 14 6 7 8 10 11 1.62019
1 14 6 7 8 10 12 1.73205
1 14 6 7 8 10 13 1.73205
1 14 6 7 8 11 12 1.73205
1 14 6 7 8 11 13 1.73205
1 14 6 7 8 12 13 1.81265
1 14 6 7 9 10 11 1.62019
1 14 6 7 9 10 12 1.73205
1 14 6 7 9 10 13 1.73205
1 14 6 7 9 11 12 1.81265
1 14 6 7 9 11 13 1.81265
1 14 6 7 9 12 13 2
1 14 6 7 10 11 12 1.62019
1 14 6 7 10 11 13 1.62019
1 14 6 7 10 12 13 1.73205
1 14 6 7 11 12 13 1.81265
1 14 6 8 9 10 11 2.13664
1 14 6 8 9 10 12 2.23607
1 14 6 8 9 10 13 2.23607
1 14 6 8 9 11 12 2.16025
1 14 6 8 9 11 13 2.16025
1 14 6 8 9 12 13 2.26385
1 14 6 8 10 11 12 2.13664
1 14 6 8 10 11 13 2.13664
1 14 6 8 10 12 13 2.23607
1 14 6 8 11 12 13 2.16025
1 14 6 9 10 11 12 2.13664
1 14 6 9 10 11 13 2.13664
1 14 6 9 10 12 13 2.23607
1 14 6 9 11 12 13 2.19089
1 14 6 10 11 12 13 2.13664
1 14 7 8 9 10 11 1.62019
1 14 7 8 9 10 12 1.81265
1 14 7 8 9 10 13 1.81265
1 14 7 8 9 11 12 1.73205
1 14 7 8 9 11 13 1.73205
1 14 7 8 9 12 13 2
1 14 7 8 10 11 12 1.62019
1 14 7 8 10 11 13 1.62019
1 14 7 8 10 12 13 2
1 14 7 8 11 12 13 1.73205
1 14 7 9 10 11 12 1.62019
1 14 7 9 10 11 13 1.62019
1 14 7 9 10 12 13 1.81265
1 14 7 9 11 12 13 1.81265
1 14 7 10 11 12 13 1.62019
1 14 8 9 10 11 12 2.13664
1 14 8 9 10 11 13 2.13664
1 14 8 9 10 12 13 2.26385
1 14 8 9 11 12 13 2.16025
1 14 8 10 11 12 13 2.13664
1 14 9 10 11 12 13 2.13664
