5 9 0 1 2 1.73205
5 9 0 1 3 1.73205
5 9 0 1 4 1.85164
5 9 0 1 6 1.73205
5 9 0 1 7 1.73205
5 9 0 1 8 1.85164
5 9 0 1 10 1.85164
5 9 0 1 11 1.73205
5 9 0 1 12 1.85164
5 9 0 1 13 1.85164
5 9 0 1 14 1.85164
5 9 0 2 3 2.15297
5 9 0 2 4 2.19449
5 9 0 2 6 2.21303
5 9 0 2 7 2
5 9 0 2 8 1.93309
5 9 0 2 10 2.12132
5 9 0 2 11 2.19034
5 9 0 2 12 2.08296
5 9 0 2 13 2.08296
5 9 0 2 14 2.19449
5 9 0 3 4 2.29907
5 9 0 3 6 2.32279
5 9 0 3 7 2.15297
5 9 0 3 8 2
5 9 0 3 10 2.23607
5 9 0 3 11 2.32279
5 9 0 3 12 2.15297
5 9 0 3 13 2.15297
5 9 0 3 14 2.29907
5 9 0 4 6 2.57391
5 9 0 4 7 2.19449
5 9 0 4 8 2.37697
5 9 0 4 10 2.50881
5 9 0 4 11 2.49313
5 9 0 4 12 2.41291
5 9 0 4 13 2.41291
5 9 0 4 14 2.54058
5 9 0 6 7 2.21303
5 9 0 6 8 2.35488
5 9 0 6 10 2.49516
5 9 0 6 11 2.51151
5 9 0 6 12 2.42997
5 9 0 6 13 2.42997
5 9 0 6 14 2.57391
5 9 0 7 8 1.93309
5 9 0 7 10 2.12132
5 9 0 7 11 2.19034
5 9 0 7 12 2.08296
5 9 0 7 13 2.08296
5 9 0 7 14 2.19449
5 9 0 8 10 2.37697
5 9 0 8 11 2.28709
5 9 0 8 12 2.26385
5 9 0 8 13 2.26385
5 9 0 8 14 2.37697
5 9 0 10 11 2.44831
5 9 0 10 12 2.37697
5 9 0 10 13 2.37697
5 9 0 10 14 2.50881
5 9 0 11 12 2.39046
5 9 0 11 13 2.39046
5 9 0 11 14 2.49313
5 9 0 12 13 2.44949
5 9 0 12 14 2.41291
5 9 0 13 14 2.41291
5 9 1 2 3 1.73205
5 9 1 2 4 1.62019
5 9 1 2 6 1.73205
5 9 1 2 7 1.73205
5 9 1 2 8 1.62019
5 9 1 2 10 1.62019
5 9 1 2 11 1.73205
5 9 1 2 12 1.73205
5 9 1 2 13 1.73205
5 9 1 2 14 1.62019
5 9 1 3 4 1.41421
5 9 1 3 6 1.73205
5 9 1 3 7 1.73205
5 9 1 3 8 1.41421
5 9 1 3 10 1
5 9 1 3 11 1.73205
5 9 1 3 12 1.73205
5 9 1 3 13 1.73205
5 9 1 3 14 1.41421
5 9 1 4 6 1.73205
5 9 1 4 7 1.62019
5 9 1 4 8 1.85164
5 9 1 4 10 1.85164
5 9 1 4 11 1.41421
5 9 1 4 12 1.85164
5 9 1 4 13 1.85164
5 9 1 4 14 1.85164
5 9 1 6 7 1.73205
5 9 1 6 8 1.73205
5 9 1 6 10 1.73205
5 9 1 6 11 1.73205
5 9 1 6 12 1.73205
5 9 1 6 13 1.73205
5 9 1 6 14 1.73205
5 9 1 7 8 1.62019
5 9 1 7 10 1.62019
5 9 1 7 11 1.73205
5 9 1 7 12 1.73205
5 9 1 7 13 1.73205
5 9 1 7 14 1.62019
5 9 1 8 10 1.85164
5 9 1 8 11 1.41421
5 9 1 8 12 1.85164
5 9 1 8 13 1.85164
5 9 1 8 14 1.85164
5 9 1 10 11 1.41421
5 9 1 10 12 1.85164
5 9 1 10 13 1.85164
5 9 1 10 14 1.85164
5 9 1 11 12 1.73205
5 9 1 11 13 1.73205
5 9 1 11 14 1.41421
5 9 1 12 13 1.85164
5 9 1 12 14 1.85164
5 9 1 13 14 1.85164
5 9 2 3 4 2.16556
5 9 2 3 6 2.19034
5 9 2 3 7 2.04939
5 9 2 3 8 1.85164
5 9 2 3 10 2.07802
5 9 2 3 11 2.19034
5 9 2 3 12 2.04939
5 9 2 3 13 2
5 9 2 3 14 2.16556
5 9 2 4 6 2.22985
5 9 2 4 7 2
5 9 2 4 8 2
5 9 2 4 10 2.17626
5 9 2 4 11 2.23607
5 9 2 4 12 2.08167
5 9 2 4 13 2.04495
5 9 2 4 14 2.22985
5 9 2 6 7 2.04939
5 9 2 6 8 2
5 9 2 6 10 2.16556
5 9 2 6 11 2.24649
5 9 2 6 12 2.12916
5 9 2 6 13 2.08738
5 9 2 6 14 2.22985
5 9 2 7 8 1.62019
5 9 2 7 10 1.85164
5 9 2 7 11 2.04939
5 9 2 7 12 1.93309
5 9 2 7 13 1.90693
5 9 2 7 14 2
5 9 2 8 10 2
5 9 2 8 11 1.93309
5 9 2 8 12 2
5 9 2 8 13 1.81265
5 9 2 8 14 2
5 9 2 10 11 2.13809
5 9 2 10 12 2
5 9 2 10 13 1.93309
5 9 2 10 14 2.17626
5 9 2 11 12 2.081
5 9 2 11 13 2.04939
5 9 2 11 14 2.23607
5 9 2 12 13 1.96769
5 9 2 12 14 2.08167
5 9 2 13 14 2.04495
5 9 3 4 6 2.35584
5 9 3 4 7 2.16556
5 9 3 4 8 2.07802
5 9 3 4 10 2.29129
5 9 3 4 11 2.35584
5 9 3 4 12 2.16556
5 9 3 4 13 2.10357
5 9 3 4 14 2.33699
5 9 3 6 7 2.19034
5 9 3 6 8 2.07802
5 9 3 6 10 2.29129
5 9 3 6 11 2.37
5 9 3 6 12 2.19034
5 9 3 6 13 2.15297
5 9 3 6 14 2.35584
5 9 3 7 8 1.85164
5 9 3 7 10 2.07802
5 9 3 7 11 2.19034
5 9 3 7 12 2.04939
5 9 3 7 13 2
5 9 3 7 14 2.16556
5 9 3 8 10 2.07802
5 9 3 8 11 2.07802
5 9 3 8 12 1.85164
5 9 3 8 13 1.73205
5 9 3 8 14 2.07802
5 9 3 10 11 2.29129
5 9 3 10 12 2.07802
5 9 3 10 13 2
5 9 3 10 14 2.29129
5 9 3 11 12 2.19034
5 9 3 11 13 2.15297
5 9 3 11 14 2.35584
5 9 3 12 13 2
5 9 3 12 14 2.16556
5 9 3 13 14 2.10357
5 9 4 6 7 2.22985
5 9 4 6 8 2.39046
5 9 4 6 10 2.52678
5 9 4 6 11 2.53859
5 9 4 6 12 2.42487
5 9 4 6 13 2.40426
5 9 4 6 14 2.56038
5 9 4 7 8 2
5 9 4 7 10 2.17626
5 9 4 7 11 2.23607
5 9 4 7 12 2.08167
5 9 4 7 13 2.04495
5 9 4 7 14 2.22985
5 9 4 8 10 2.40662
5 9 4 8 11 2.32266
5 9 4 8 12 2.3094
5 9 4 8 13 2.26385
5 9 4 8 14 2.40662
5 9 4 10 11 2.48193
5 9 4 10 12 2.40662
5 9 4 10 13 2.37697
5 9 4 10 14 2.54058
5 9 4 11 12 2.36827
5 9 4 11 13 2.33699
5 9 4 11 14 2.50805
5 9 4 12 13 2.3094
5 9 4 12 14 2.44949
5 9 4 13 14 2.40662
5 9 6 7 8 2
5 9 6 7 10 2.16556
5 9 6 7 11 2.24649
5 9 6 7 12 2.12916
5 9 6 7 13 2.08738
5 9 6 7 14 2.22985
5 9 6 8 10 2.39046
5 9 6 8 11 2.32266
5 9 6 8 12 2.26385
5 9 6 8 13 2.23607
5 9 6 8 14 2.39046
5 9 6 10 11 2.48193
5 9 6 10 12 2.39046
5 9 6 10 13 2.35488
5 9 6 10 14 2.52678
5 9 6 11 12 2.39792
5 9 6 11 13 2.39046
5 9 6 11 14 2.53859
5 9 6 12 13 2.44949
5 9 6 12 14 2.42487
5 9 6 13 14 2.40426
5 9 7 8 10 2
5 9 7 8 11 1.93309
5 9 7 8 12 2
5 9 7 8 13 1.81265
5 9 7 8 14 2
5 9 7 10 11 2.13809
5 9 7 10 12 2
5 9 7 10 13 1.93309
5 9 7 10 14 2.17626
5 9 7 11 12 2.081
5 9 7 11 13 2.04939
5 9 7 11 14 2.23607
5 9 7 12 13 1.96769
5 9 7 12 14 2.08167
5 9 7 13 14 2.04495
5 9 8 10 11 2.32266
5 9 8 10 12 2.3094
5 9 8 10 13 2.26385
5 9 8 10 14 2.40662
5 9 8 11 12 2.16025
5 9 8 11 13 2.13664
5 9 8 11 14 2.32266
5 9 8 12 13 2.16025
5 9 8 12 14 2.3094
5 9 8 13 14 2.26385
5 9 10 11 12 2.32266
5 9 10 11 13 2.28709
5 9 10 11 14 2.48193
5 9 10 12 13 2.26385
5 9 10 12 14 2.40662
5 9 10 13 14 2.37697
5 9 11 12 13 2.23607
5 9 11 12 14 2.36827
5 9 11 13 14 2.33699
5 9 12 13 14 2.3094
