0 8 1 2 3 4 5 6 7 9 10 11 12 0
0 8 1 2 3 4 5 6 7 9 10 11 13 0
0 8 1 2 3 4 5 6 7 9 10 11 14 0
0 8 1 2 3 4 5 6 7 9 10 12 13 0
0 8 1 2 3 4 5 6 7 9 10 12 14 0
0 8 1 2 3 4 5 6 7 9 10 13 14 0
0 8 1 2 3 4 5 6 7 9 11 12 13 1
0 8 1 2 3 4 5 6 7 9 11 12 14 0
0 8 1 2 3 4 5 6 7 9 11 13 14 0
0 8 1 2 3 4 5 6 7 9 12 13 14 0
0 8 1 2 3 4 5 6 7 10 11 12 13 0
0 8 1 2 3 4 5 6 7 10 11 12 14 0
0 8 1 2 3 4 5 6 7 10 11 13 14 0
0 8 1 2 3 4 5 6 7 10 12 13 14 0
0 8 1 2 3 4 5 6 7 11 12 13 14 0
0 8 1 2 3 4 5 6 9 10 11 12 13 0
0 8 1 2 3 4 5 6 9 10 11 12 14 0
0 8 1 2 3 4 5 6 9 10 11 13 14 0
0 8 1 2 3 4 5 6 9 10 12 13 14 0
0 8 1 2 3 4 5 6 9 11 12 13 14 0
0 8 1 2 3 4 5 6 10 11 12 13 14 0
0 8 1 2 3 4 5 7 9 10 11 12 13 0
0 8 1 2 3 4 5 7 9 10 11 12 14 0
0 8 1 2 3 4 5 7 9 10 11 13 14 0
0 8 1 2 3 4 5 7 9 10 12 13 14 1
0 8 1 2 3 4 5 7 9 11 12 13 14 0
0 8 1 2 3 4 5 7 10 11 12 13 14 1
0 8 1 2 3 4 5 9 10 11 12 13 14 0
0 8 1 2 3 4 6 7 9 10 11 12 13 0
0 8 1 2 3 4 6 7 9 10 11 12 14 0
0 8 1 2 3 4 6 7 9 10 11 13 14 0
0 8 1 2 3 4 6 7 9 10 12 13 14 0
0 8 1 2 3 4 6 7 9 11 12 13 14 0
0 8 1 2 3 4 6 7 10 11 12 13 14 0
0 8 1 2 3 4 6 9 10 11 12 13 14 1
0 8 1 2 3 4 7 9 10 11 12 13 14 0
0 8 1 2 3 5 6 7 9 10 11 12 13 0
0 8 1 2 3 5 6 7 9 10 11 12 14 0
0 8 1 2 3 5 6 7 9 10 11 13 14 0
0 8 1 2 3 5 6 7 9 10 12 13 14 0
0 8 1 2 3 5 6 7 9 11 12 13 14 1
0 8 1 2 3 5 6 7 10 11 12 13 14 0
0 8 1 2 3 5 6 9 10 11 12 13 14 0
0 8 1 2 3 5 7 9 10 11 12 13 14 0
0 8 1 2 3 6 7 9 10 11 12 13 14 1
0 8 1 2 4 5 6 7 9 10 11 12 13 0
0 8 1 2 4 5 6 7 9 10 11 12 14 0
0 8 1 2 4 5 6 7 9 10 11 13 14 0
0 8 1 2 4 5 6 7 9 10 12 13 14 1
0 8 1 2 4 5 6 7 9 11 12 13 14 0
0 8 1 2 4 5 6 7 10 11 12 13 14 0
0 8 1 2 4 5 6 9 10 11 12 13 14 1
0 8 1 2 4 5 7 9 10 11 12 13 14 0
0 8 1 2 4 6 7 9 10 11 12 13 14 0
0 8 1 2 5 6 7 9 10 11 12 13 14 0
0 8 1 3 4 5 6 7 9 10 11 12 13 0
0 8 1 3 4 5 6 7 9 10 11 12 14 0
0 8 1 3 4 5 6 7 9 10 11 13 14 0
0 8 1 3 4 5 6 7 9 10 12 13 14 0
0 8 1 3 4 5 6 7 9 11 12 13 14 0
0 8 1 3 4 5 6 7 10 11 12 13 14 0
0 8 1 3 4 5 6 9 10 11 12 13 14 0
0 8 1 3 4 5 7 9 10 11 12 13 14 0
0 8 1 3 4 6 7 9 10 11 12 13 14 1
0 8 1 3 5 6 7 9 10 11 12 13 14 0
0 8 1 4 5 6 7 9 10 11 12 13 14 1
0 8 2 3 4 5 6 7 9 10 11 12 13 0
0 8 2 3 4 5 6 7 9 10 11 12 14 1
0 8 2 3 4 5 6 7 9 10 11 13 14 1
0 8 2 3 4 5 6 7 9 10 12 13 14 0
0 8 2 3 4 5 6 7 9 11 12 13 14 0
0 8 2 3 4 5 6 7 10 11 12 13 14 0
0 8 2 3 4 5 6 9 10 11 12 13 14 1
0 8 2 3 4 5 7 9 10 11 12 13 14 0
0 8 2 3 4 6 7 9 10 11 12 13 14 0
0 8 2 3 5 6 7 9 10 11 12 13 14 0
0 8 2 4 5 6 7 9 10 11 12 13 14 0
0 8 3 4 5 6 7 9 10 11 12 13 14 1
