0 8 1 2 2
0 8 1 3 1.90693
0 8 1 4 2.19089
0 8 1 5 1.90693
0 8 1 6 2.28446
0 8 1 7 2
0 8 1 9 2.3094
0 8 1 10 2.28446
0 8 1 11 2.19089
0 8 1 12 2.38048
0 8 1 13 2.38048
0 8 1 14 2.3094
0 8 2 3 1.96214
0 8 2 4 2.09069
0 8 2 5 1.96214
0 8 2 6 2.1391
0 8 2 7 1.62019
0 8 2 9 2.1557
0 8 2 10 2.1391
0 8 2 11 2.09069
0 8 2 12 2.16025
0 8 2 13 2.16025
0 8 2 14 2.1557
0 8 3 4 2.28709
0 8 3 5 2
0 8 3 6 2.389
0 8 3 7 1.96214
0 8 3 9 2.389
0 8 3 10 2.35488
0 8 3 11 2.389
0 8 3 12 2.28446
0 8 3 13 2.28446
0 8 3 14 2.37697
0 8 4 5 2.389
0 8 4 6 2.66231
0 8 4 7 2.09069
0 8 4 9 2.67435
0 8 4 10 2.68408
0 8 4 11 2.61406
0 8 4 12 2.64575
0 8 4 13 2.64575
0 8 4 14 2.68408
0 8 5 6 2.35488
0 8 5 7 1.96214
0 8 5 9 2.37697
0 8 5 10 2.389
0 8 5 11 2.28709
0 8 5 12 2.28446
0 8 5 13 2.28446
0 8 5 14 2.389
0 8 6 7 2.1391
0 8 6 9 2.7314
0 8 6 10 2.71163
0 8 6 11 2.68408
0 8 6 12 2.65417
0 8 6 13 2.65417
0 8 6 14 2.72172
0 8 7 9 2.1557
0 8 7 10 2.1391
0 8 7 11 2.09069
0 8 7 12 2.16025
0 8 7 13 2.16025
0 8 7 14 2.1557
0 8 9 10 2.72172
0 8 9 11 2.68408
0 8 9 12 2.67706
0 8 9 13 2.67706
0 8 9 14 2.7338
0 8 10 11 2.66231
0 8 10 12 2.65417
0 8 10 13 2.65417
0 8 10 14 2.7314
0 8 11 12 2.64575
0 8 11 13 2.64575
0 8 11 14 2.67435
0 8 12 13 2.63923
0 8 12 14 2.67706
0 8 13 14 2.67706
