0 8 1 2 3 1.73205
0 8 1 2 4 1.81265
0 8 1 2 5 1.73205
0 8 1 2 6 2
0 8 1 2 7 1.62019
0 8 1 2 9 2
0 8 1 2 10 2
0 8 1 2 11 1.81265
0 8 1 2 12 2
0 8 1 2 13 2
0 8 1 2 14 2
0 8 1 3 4 1.41421
0 8 1 3 5 1.41421
0 8 1 3 6 1.90693
0 8 1 3 7 1.73205
0 8 1 3 9 1.90693
0 8 1 3 10 1.73205
0 8 1 3 11 1.90693
0 8 1 3 12 1.90693
0 8 1 3 13 1.90693
0 8 1 3 14 1.85164
0 8 1 4 5 1.90693
0 8 1 4 6 2.13664
0 8 1 4 7 1.81265
0 8 1 4 9 2.16025
0 8 1 4 10 2.19089
0 8 1 4 11 2
0 8 1 4 12 2.19089
0 8 1 4 13 2.19089
0 8 1 4 14 2.19089
0 8 1 5 6 1.73205
0 8 1 5 7 1.73205
0 8 1 5 9 1.85164
0 8 1 5 10 1.90693
0 8 1 5 11 1.41421
0 8 1 5 12 1.90693
0 8 1 5 13 1.90693
0 8 1 5 14 1.90693
0 8 1 6 7 2
0 8 1 6 9 2.28446
0 8 1 6 10 2.23607
0 8 1 6 11 2.19089
0 8 1 6 12 2.28446
0 8 1 6 13 2.28446
0 8 1 6 14 2.26385
0 8 1 7 9 2
0 8 1 7 10 2
0 8 1 7 11 1.81265
0 8 1 7 12 2
0 8 1 7 13 2
0 8 1 7 14 2
0 8 1 9 10 2.26385
0 8 1 9 11 2.19089
0 8 1 9 12 2.3094
0 8 1 9 13 2.3094
0 8 1 9 14 2.3094
0 8 1 10 11 2.13664
0 8 1 10 12 2.28446
0 8 1 10 13 2.28446
0 8 1 10 14 2.28446
0 8 1 11 12 2.19089
0 8 1 11 13 2.19089
0 8 1 11 14 2.16025
0 8 1 12 13 2.38048
0 8 1 12 14 2.3094
0 8 1 13 14 2.3094
0 8 2 3 4 1.85164
0 8 2 3 5 1.73205
0 8 2 3 6 1.96214
0 8 2 3 7 1.62019
0 8 2 3 9 1.96214
0 8 2 3 10 1.90693
0 8 2 3 11 1.96214
0 8 2 3 12 2
0 8 2 3 13 2
0 8 2 3 14 1.93309
0 8 2 4 5 1.96214
0 8 2 4 6 2.04939
0 8 2 4 7 1.62019
0 8 2 4 9 2.08167
0 8 2 4 10 2.09069
0 8 2 4 11 2.00294
0 8 2 4 12 2
0 8 2 4 13 2
0 8 2 4 14 2.09069
0 8 2 5 6 1.90693
0 8 2 5 7 1.62019
0 8 2 5 9 1.93309
0 8 2 5 10 1.96214
0 8 2 5 11 1.85164
0 8 2 5 12 2
0 8 2 5 13 2
0 8 2 5 14 1.96214
0 8 2 6 7 1.62019
0 8 2 6 9 2.1391
0 8 2 6 10 2.10223
0 8 2 6 11 2.09069
0 8 2 6 12 2.08167
0 8 2 6 13 2.08167
0 8 2 6 14 2.12132
0 8 2 7 9 1.62019
0 8 2 7 10 1.62019
0 8 2 7 11 1.62019
0 8 2 7 12 1.62019
0 8 2 7 13 1.62019
0 8 2 7 14 1.62019
0 8 2 9 10 2.12132
0 8 2 9 11 2.09069
0 8 2 9 12 2.08167
0 8 2 9 13 2.08167
0 8 2 9 14 2.1391
0 8 2 10 11 2.04939
0 8 2 10 12 2.08167
0 8 2 10 13 2.08167
0 8 2 10 14 2.1391
0 8 2 11 12 2
0 8 2 11 13 2
0 8 2 11 14 2.08167
0 8 2 12 13 2.04742
0 8 2 12 14 2.08167
0 8 2 13 14 2.08167
0 8 3 4 5 2
0 8 3 4 6 2.28709
0 8 3 4 7 1.85164
0 8 3 4 9 2.28709
0 8 3 4 10 2.28709
0 8 3 4 11 2.28709
0 8 3 4 12 2.13664
0 8 3 4 13 2.13664
0 8 3 4 14 2.28709
0 8 3 5 6 2
0 8 3 5 7 1.73205
0 8 3 5 9 2
0 8 3 5 10 2
0 8 3 5 11 2
0 8 3 5 12 1.73205
0 8 3 5 13 1.73205
0 8 3 5 14 2
0 8 3 6 7 1.96214
0 8 3 6 9 2.389
0 8 3 6 10 2.35488
0 8 3 6 11 2.389
0 8 3 6 12 2.28446
0 8 3 6 13 2.28446
0 8 3 6 14 2.37697
0 8 3 7 9 1.96214
0 8 3 7 10 1.90693
0 8 3 7 11 1.96214
0 8 3 7 12 2
0 8 3 7 13 2
0 8 3 7 14 1.93309
0 8 3 9 10 2.35488
0 8 3 9 11 2.389
0 8 3 9 12 2.28446
0 8 3 9 13 2.28446
0 8 3 9 14 2.37697
0 8 3 10 11 2.35488
0 8 3 10 12 2.23607
0 8 3 10 13 2.23607
0 8 3 10 14 2.35488
0 8 3 11 12 2.28446
0 8 3 11 13 2.28446
0 8 3 11 14 2.37697
0 8 3 12 13 2.19089
0 8 3 12 14 2.26385
0 8 3 13 14 2.26385
0 8 4 5 6 2.35488
0 8 4 5 7 1.96214
0 8 4 5 9 2.37697
0 8 4 5 10 2.389
0 8 4 5 11 2.28709
0 8 4 5 12 2.28446
0 8 4 5 13 2.28446
0 8 4 5 14 2.389
0 8 4 6 7 2.04939
0 8 4 6 9 2.66231
0 8 4 6 10 2.66231
0 8 4 6 11 2.61406
0 8 4 6 12 2.58844
0 8 4 6 13 2.58844
0 8 4 6 14 2.66231
0 8 4 7 9 2.08167
0 8 4 7 10 2.09069
0 8 4 7 11 2.00294
0 8 4 7 12 2
0 8 4 7 13 2
0 8 4 7 14 2.09069
0 8 4 9 10 2.67435
0 8 4 9 11 2.61406
0 8 4 9 12 2.60419
0 8 4 9 13 2.60419
0 8 4 9 14 2.67435
0 8 4 10 11 2.61406
0 8 4 10 12 2.64575
0 8 4 10 13 2.64575
0 8 4 10 14 2.68408
0 8 4 11 12 2.52543
0 8 4 11 13 2.52543
0 8 4 11 14 2.61406
0 8 4 12 13 2.53899
0 8 4 12 14 2.64575
0 8 4 13 14 2.64575
0 8 5 6 7 1.90693
0 8 5 6 9 2.35488
0 8 5 6 10 2.35488
0 8 5 6 11 2.28709
0 8 5 6 12 2.23607
0 8 5 6 13 2.23607
0 8 5 6 14 2.35488
0 8 5 7 9 1.93309
0 8 5 7 10 1.96214
0 8 5 7 11 1.85164
0 8 5 7 12 2
0 8 5 7 13 2
0 8 5 7 14 1.96214
0 8 5 9 10 2.37697
0 8 5 9 11 2.28709
0 8 5 9 12 2.26385
0 8 5 9 13 2.26385
0 8 5 9 14 2.37697
0 8 5 10 11 2.28709
0 8 5 10 12 2.28446
0 8 5 10 13 2.28446
0 8 5 10 14 2.389
0 8 5 11 12 2.13664
0 8 5 11 13 2.13664
0 8 5 11 14 2.28709
0 8 5 12 13 2.19089
0 8 5 12 14 2.28446
0 8 5 13 14 2.28446
0 8 6 7 9 2.1391
0 8 6 7 10 2.10223
0 8 6 7 11 2.09069
0 8 6 7 12 2.08167
0 8 6 7 13 2.08167
0 8 6 7 14 2.12132
0 8 6 9 10 2.71163
0 8 6 9 11 2.68408
0 8 6 9 12 2.65417
0 8 6 9 13 2.65417
0 8 6 9 14 2.72172
0 8 6 10 11 2.66231
0 8 6 10 12 2.64575
0 8 6 10 13 2.64575
0 8 6 10 14 2.71163
0 8 6 11 12 2.64575
0 8 6 11 13 2.64575
0 8 6 11 14 2.67435
0 8 6 12 13 2.64575
0 8 6 12 14 2.66288
0 8 6 13 14 2.66288
0 8 7 9 10 2.12132
0 8 7 9 11 2.09069
0 8 7 9 12 2.08167
0 8 7 9 13 2.08167
0 8 7 9 14 2.1391
0 8 7 10 11 2.04939
0 8 7 10 12 2.08167
0 8 7 10 13 2.08167
0 8 7 10 14 2.1391
0 8 7 11 12 2
0 8 7 11 13 2
0 8 7 11 14 2.08167
0 8 7 12 13 2.04742
0 8 7 12 14 2.08167
0 8 7 13 14 2.08167
0 8 9 10 11 2.66231
0 8 9 10 12 2.66288
0 8 9 10 13 2.66288
0 8 9 10 14 2.72172
0 8 9 11 12 2.64575
0 8 9 11 13 2.64575
0 8 9 11 14 2.67435
0 8 9 12 13 2.62912
0 8 9 12 14 2.67842
0 8 9 13 14 2.67842
0 8 10 11 12 2.58844
0 8 10 11 13 2.58844
0 8 10 11 14 2.66231
0 8 10 12 13 2.64575
0 8 10 12 14 2.65417
0 8 10 13 14 2.65417
0 8 11 12 13 2.53899
0 8 11 12 14 2.60419
0 8 11 13 14 2.60419
0 8 12 13 14 2.62912
