4 11 0 1 2
4 11 0 2 2.23846
4 11 0 3 2.49313
4 11 0 5 2.49313
4 11 0 6 2.73434
4 11 0 7 2.23846
4 11 0 8 2.61406
4 11 0 9 2.73434
4 11 0 10 2.71343
4 11 0 12 2.62202
4 11 0 13 2.62202
4 11 0 14 2.72385
4 11 1 2 1.41421
4 11 1 3 1.41421
4 11 1 5 1.41421
4 11 1 6 2
4 11 1 7 1.41421
4 11 1 8 2
4 11 1 9 2
4 11 1 10 2
4 11 1 12 2
4 11 1 13 2
4 11 1 14 2
4 11 2 3 2.23607
4 11 2 5 2.23607
4 11 2 6 2.28239
4 11 2 7 2
4 11 2 8 2.04939
4 11 2 9 2.28239
4 11 2 10 2.22354
4 11 2 12 2.12132
4 11 2 13 2.08167
4 11 2 14 2.26779
4 11 3 5 2.35584
4 11 3 6 2.53859
4 11 3 7 2.23607
4 11 3 8 2.32266
4 11 3 9 2.53859
4 11 3 10 2.48193
4 11 3 12 2.36827
4 11 3 13 2.33699
4 11 3 14 2.50805
4 11 5 6 2.53859
4 11 5 7 2.23607
4 11 5 8 2.32266
4 11 5 9 2.53859
4 11 5 10 2.48193
4 11 5 12 2.36827
4 11 5 13 2.33699
4 11 5 14 2.50805
4 11 6 7 2.28239
4 11 6 8 2.62216
4 11 6 9 2.74169
4 11 6 10 2.72385
4 11 6 12 2.6176
4 11 6 13 2.62202
4 11 6 14 2.74037
4 11 7 8 2.04939
4 11 7 9 2.28239
4 11 7 10 2.22354
4 11 7 12 2.12132
4 11 7 13 2.08167
4 11 7 14 2.26779
4 11 8 9 2.62216
4 11 8 10 2.62216
4 11 8 12 2.53722
4 11 8 13 2.52543
4 11 8 14 2.62216
4 11 9 10 2.72385
4 11 9 12 2.6176
4 11 9 13 2.62202
4 11 9 14 2.74037
4 11 10 12 2.62216
4 11 10 13 2.61406
4 11 10 14 2.72385
4 11 12 13 2.53899
4 11 12 14 2.61652
4 11 13 14 2.62216
