4 11 0 1 2 3 1.41421
4 11 0 1 2 5 1.41421
4 11 0 1 2 6 1.41421
4 11 0 1 2 7 1.41421
4 11 0 1 2 8 1.41421
4 11 0 1 2 9 1.41421
4 11 0 1 2 10 1.41421
4 11 0 1 2 12 1.41421
4 11 0 1 2 13 1.41421
4 11 0 1 2 14 1.41421
4 11 0 1 3 5 1.41421
4 11 0 1 3 6 1.41421
4 11 0 1 3 7 1.41421
4 11 0 1 3 8 1.41421
4 11 0 1 3 9 1.41421
4 11 0 1 3 10 1.41421
4 11 0 1 3 12 1.41421
4 11 0 1 3 13 1.41421
4 11 0 1 3 14 1.41421
4 11 0 1 5 6 1.41421
4 11 0 1 5 7 1.41421
4 11 0 1 5 8 1.41421
4 11 0 1 5 9 1.41421
4 11 0 1 5 10 1.41421
4 11 0 1 5 12 1.41421
4 11 0 1 5 13 1.41421
4 11 0 1 5 14 1.41421
4 11 0 1 6 7 1.41421
4 11 0 1 6 8 2
4 11 0 1 6 9 2
4 11 0 1 6 10 2
4 11 0 1 6 12 2
4 11 0 1 6 13 2
4 11 0 1 6 14 2
4 11 0 1 7 8 1.41421
4 11 0 1 7 9 1.41421
4 11 0 1 7 10 1.41421
4 11 0 1 7 12 1.41421
4 11 0 1 7 13 1.41421
4 11 0 1 7 14 1.41421
4 11 0 1 8 9 2
4 11 0 1 8 10 2
4 11 0 1 8 12 2
4 11 0 1 8 13 2
4 11 0 1 8 14 2
4 11 0 1 9 10 2
4 11 0 1 9 12 2
4 11 0 1 9 13 2
4 11 0 1 9 14 2
4 11 0 1 10 12 2
4 11 0 1 10 13 2
4 11 0 1 10 14 2
4 11 0 1 12 13 2
4 11 0 1 12 14 2
4 11 0 1 13 14 2
4 11 0 2 3 5 2.10357
4 11 0 2 3 6 2.16556
4 11 0 2 3 7 1.90693
4 11 0 2 3 8 1.85164
4 11 0 2 3 9 2.16556
4 11 0 2 3 10 2.07802
4 11 0 2 3 12 2
4 11 0 2 3 13 2
4 11 0 2 3 14 2.13809
4 11 0 2 5 6 2.16556
4 11 0 2 5 7 1.90693
4 11 0 2 5 8 1.85164
4 11 0 2 5 9 2.16556
4 11 0 2 5 10 2.07802
4 11 0 2 5 12 2
4 11 0 2 5 13 2
4 11 0 2 5 14 2.13809
4 11 0 2 6 7 1.90693
4 11 0 2 6 8 2.00294
4 11 0 2 6 9 2.23846
4 11 0 2 6 10 2.17945
4 11 0 2 6 12 2.08167
4 11 0 2 6 13 2.08167
4 11 0 2 6 14 2.22354
4 11 0 2 7 8 1.41421
4 11 0 2 7 9 1.90693
4 11 0 2 7 10 1.73205
4 11 0 2 7 12 1.73205
4 11 0 2 7 13 1.73205
4 11 0 2 7 14 1.85164
4 11 0 2 8 9 2.00294
4 11 0 2 8 10 2.00294
4 11 0 2 8 12 1.85164
4 11 0 2 8 13 1.85164
4 11 0 2 8 14 2.00294
4 11 0 2 9 10 2.17945
4 11 0 2 9 12 2.08167
4 11 0 2 9 13 2.08167
4 11 0 2 9 14 2.22354
4 11 0 2 10 12 2.00294
4 11 0 2 10 13 2.00294
4 11 0 2 10 14 2.17945
4 11 0 2 12 13 1.93309
4 11 0 2 12 14 2.04939
4 11 0 2 13 14 2.04939
4 11 0 3 5 6 2.29907
4 11 0 3 5 7 2.10357
4 11 0 3 5 8 2
4 11 0 3 5 9 2.29907
4 11 0 3 5 10 2.23607
4 11 0 3 5 12 2.10357
4 11 0 3 5 13 2.10357
4 11 0 3 5 14 2.29129
4 11 0 3 6 7 2.16556
4 11 0 3 6 8 2.28709
4 11 0 3 6 9 2.49313
4 11 0 3 6 10 2.44831
4 11 0 3 6 12 2.33699
4 11 0 3 6 13 2.33699
4 11 0 3 6 14 2.48193
4 11 0 3 7 8 1.85164
4 11 0 3 7 9 2.16556
4 11 0 3 7 10 2.07802
4 11 0 3 7 12 2
4 11 0 3 7 13 2
4 11 0 3 7 14 2.13809
4 11 0 3 8 9 2.28709
4 11 0 3 8 10 2.28709
4 11 0 3 8 12 2.13664
4 11 0 3 8 13 2.13664
4 11 0 3 8 14 2.28709
4 11 0 3 9 10 2.44831
4 11 0 3 9 12 2.33699
4 11 0 3 9 13 2.33699
4 11 0 3 9 14 2.48193
4 11 0 3 10 12 2.28709
4 11 0 3 10 13 2.28709
4 11 0 3 10 14 2.44831
4 11 0 3 12 13 2.19089
4 11 0 3 12 14 2.32266
4 11 0 3 13 14 2.32266
4 11 0 5 6 7 2.16556
4 11 0 5 6 8 2.28709
4 11 0 5 6 9 2.49313
4 11 0 5 6 10 2.44831
4 11 0 5 6 12 2.33699
4 11 0 5 6 13 2.33699
4 11 0 5 6 14 2.48193
4 11 0 5 7 8 1.85164
4 11 0 5 7 9 2.16556
4 11 0 5 7 10 2.07802
4 11 0 5 7 12 2
4 11 0 5 7 13 2
4 11 0 5 7 14 2.13809
4 11 0 5 8 9 2.28709
4 11 0 5 8 10 2.28709
4 11 0 5 8 12 2.13664
4 11 0 5 8 13 2.13664
4 11 0 5 8 14 2.28709
4 11 0 5 9 10 2.44831
4 11 0 5 9 12 2.33699
4 11 0 5 9 13 2.33699
4 11 0 5 9 14 2.48193
4 11 0 5 10 12 2.28709
4 11 0 5 10 13 2.28709
4 11 0 5 10 14 2.44831
4 11 0 5 12 13 2.19089
4 11 0 5 12 14 2.32266
4 11 0 5 13 14 2.32266
4 11 0 6 7 8 2.00294
4 11 0 6 7 9 2.23846
4 11 0 6 7 10 2.17945
4 11 0 6 7 12 2.08167
4 11 0 6 7 13 2.08167
4 11 0 6 7 14 2.22354
4 11 0 6 8 9 2.61406
4 11 0 6 8 10 2.61406
4 11 0 6 8 12 2.52543
4 11 0 6 8 13 2.52543
4 11 0 6 8 14 2.61406
4 11 0 6 9 10 2.71343
4 11 0 6 9 12 2.62202
4 11 0 6 9 13 2.62202
4 11 0 6 9 14 2.72385
4 11 0 6 10 12 2.61406
4 11 0 6 10 13 2.61406
4 11 0 6 10 14 2.71343
4 11 0 6 12 13 2.53899
4 11 0 6 12 14 2.62216
4 11 0 6 13 14 2.62216
4 11 0 7 8 9 2.00294
4 11 0 7 8 10 2.00294
4 11 0 7 8 12 1.85164
4 11 0 7 8 13 1.85164
4 11 0 7 8 14 2.00294
4 11 0 7 9 10 2.17945
4 11 0 7 9 12 2.08167
4 11 0 7 9 13 2.08167
4 11 0 7 9 14 2.22354
4 11 0 7 10 12 2.00294
4 11 0 7 10 13 2.00294
4 11 0 7 10 14 2.17945
4 11 0 7 12 13 1.93309
4 11 0 7 12 14 2.04939
4 11 0 7 13 14 2.04939
4 11 0 8 9 10 2.61406
4 11 0 8 9 12 2.52543
4 11 0 8 9 13 2.52543
4 11 0 8 9 14 2.61406
4 11 0 8 10 12 2.52543
4 11 0 8 10 13 2.52543
4 11 0 8 10 14 2.61406
4 11 0 8 12 13 2.44949
4 11 0 8 12 14 2.52543
4 11 0 8 13 14 2.52543
4 11 0 9 10 12 2.61406
4 11 0 9 10 13 2.61406
4 11 0 9 10 14 2.71343
4 11 0 9 12 13 2.53899
4 11 0 9 12 14 2.62216
4 11 0 9 13 14 2.62216
4 11 0 10 12 13 2.52543
4 11 0 10 12 14 2.61406
4 11 0 10 13 14 2.61406
4 11 0 12 13 14 2.53722
4 11 1 2 3 5 1.41421
4 11 1 2 3 6 1.41421
4 11 1 2 3 7 1.41421
4 11 1 2 3 8 1
4 11 1 2 3 9 1.41421
4 11 1 2 3 10 1
4 11 1 2 3 12 1.41421
4 11 1 2 3 13 1.41421
4 11 1 2 3 14 1
4 11 1 2 5 6 1.41421
4 11 1 2 5 7 1.41421
4 11 1 2 5 8 1
4 11 1 2 5 9 1.41421
4 11 1 2 5 10 1
4 11 1 2 5 12 1.41421
4 11 1 2 5 13 1.41421
4 11 1 2 5 14 1
4 11 1 2 6 7 1.41421
4 11 1 2 6 8 1.41421
4 11 1 2 6 9 1.41421
4 11 1 2 6 10 1.41421
4 11 1 2 6 12 1.41421
4 11 1 2 6 13 1.41421
4 11 1 2 6 14 1.41421
4 11 1 2 7 8 1
4 11 1 2 7 9 1.41421
4 11 1 2 7 10 1
4 11 1 2 7 12 1.41421
4 11 1 2 7 13 1.41421
4 11 1 2 7 14 1
4 11 1 2 8 9 1.41421
4 11 1 2 8 10 1.41421
4 11 1 2 8 12 1.41421
4 11 1 2 8 13 1.41421
4 11 1 2 8 14 1.41421
4 11 1 2 9 10 1.41421
4 11 1 2 9 12 1.41421
4 11 1 2 9 13 1.41421
4 11 1 2 9 14 1.41421
4 11 1 2 10 12 1.41421
4 11 1 2 10 13 1.41421
4 11 1 2 10 14 1.41421
4 11 1 2 12 13 1.41421
4 11 1 2 12 14 1.41421
4 11 1 2 13 14 1.41421
4 11 1 3 5 6 1.41421
4 11 1 3 5 7 1.41421
4 11 1 3 5 8 1
4 11 1 3 5 9 1.41421
4 11 1 3 5 10 1
4 11 1 3 5 12 1.41421
4 11 1 3 5 13 1.41421
4 11 1 3 5 14 1
4 11 1 3 6 7 1.41421
4 11 1 3 6 8 1.41421
4 11 1 3 6 9 1.41421
4 11 1 3 6 10 1.41421
4 11 1 3 6 12 1.41421
4 11 1 3 6 13 1.41421
4 11 1 3 6 14 1.41421
4 11 1 3 7 8 1
4 11 1 3 7 9 1.41421
4 11 1 3 7 10 1
4 11 1 3 7 12 1.41421
4 11 1 3 7 13 1.41421
4 11 1 3 7 14 1
4 11 1 3 8 9 1.41421
4 11 1 3 8 10 1.41421
4 11 1 3 8 12 1.41421
4 11 1 3 8 13 1.41421
4 11 1 3 8 14 1.41421
4 11 1 3 9 10 1.41421
4 11 1 3 9 12 1.41421
4 11 1 3 9 13 1.41421
4 11 1 3 9 14 1.41421
4 11 1 3 10 12 1.41421
4 11 1 3 10 13 1.41421
4 11 1 3 10 14 1.41421
4 11 1 3 12 13 1.41421
4 11 1 3 12 14 1.41421
4 11 1 3 13 14 1.41421
4 11 1 5 6 7 1.41421
4 11 1 5 6 8 1.41421
4 11 1 5 6 9 1.41421
4 11 1 5 6 10 1.41421
4 11 1 5 6 12 1.41421
4 11 1 5 6 13 1.41421
4 11 1 5 6 14 1.41421
4 11 1 5 7 8 1
4 11 1 5 7 9 1.41421
4 11 1 5 7 10 1
4 11 1 5 7 12 1.41421
4 11 1 5 7 13 1.41421
4 11 1 5 7 14 1
4 11 1 5 8 9 1.41421
4 11 1 5 8 10 1.41421
4 11 1 5 8 12 1.41421
4 11 1 5 8 13 1.41421
4 11 1 5 8 14 1.41421
4 11 1 5 9 10 1.41421
4 11 1 5 9 12 1.41421
4 11 1 5 9 13 1.41421
4 11 1 5 9 14 1.41421
4 11 1 5 10 12 1.41421
4 11 1 5 10 13 1.41421
4 11 1 5 10 14 1.41421
4 11 1 5 12 13 1.41421
4 11 1 5 12 14 1.41421
4 11 1 5 13 14 1.41421
4 11 1 6 7 8 1.41421
4 11 1 6 7 9 1.41421
4 11 1 6 7 10 1.41421
4 11 1 6 7 12 1.41421
4 11 1 6 7 13 1.41421
4 11 1 6 7 14 1.41421
4 11 1 6 8 9 2
4 11 1 6 8 10 2
4 11 1 6 8 12 2
4 11 1 6 8 13 2
4 11 1 6 8 14 2
4 11 1 6 9 10 2
4 11 1 6 9 12 2
4 11 1 6 9 13 2
4 11 1 6 9 14 2
4 11 1 6 10 12 2
4 11 1 6 10 13 2
4 11 1 6 10 14 2
4 11 1 6 12 13 2
4 11 1 6 12 14 2
4 11 1 6 13 14 2
4 11 1 7 8 9 1.41421
4 11 1 7 8 10 1.41421
4 11 1 7 8 12 1.41421
4 11 1 7 8 13 1.41421
4 11 1 7 8 14 1.41421
4 11 1 7 9 10 1.41421
4 11 1 7 9 12 1.41421
4 11 1 7 9 13 1.41421
4 11 1 7 9 14 1.41421
4 11 1 7 10 12 1.41421
4 11 1 7 10 13 1.41421
4 11 1 7 10 14 1.41421
4 11 1 7 12 13 1.41421
4 11 1 7 12 14 1.41421
4 11 1 7 13 14 1.41421
4 11 1 8 9 10 2
4 11 1 8 9 12 2
4 11 1 8 9 13 2
4 11 1 8 9 14 2
4 11 1 8 10 12 2
4 11 1 8 10 13 2
4 11 1 8 10 14 2
4 11 1 8 12 13 2
4 11 1 8 12 14 2
4 11 1 8 13 14 2
4 11 1 9 10 12 2
4 11 1 9 10 13 2
4 11 1 9 10 14 2
4 11 1 9 12 13 2
4 11 1 9 12 14 2
4 11 1 9 13 14 2
4 11 1 10 12 13 2
4 11 1 10 12 14 2
4 11 1 10 13 14 2
4 11 1 12 13 14 2
4 11 2 3 5 6 2.16556
4 11 2 3 5 7 2
4 11 2 3 5 8 1.85164
4 11 2 3 5 9 2.16556
4 11 2 3 5 10 2.07802
4 11 2 3 5 12 2
4 11 2 3 5 13 1.90693
4 11 2 3 5 14 2.13809
4 11 2 3 6 7 2
4 11 2 3 6 8 1.93309
4 11 2 3 6 9 2.23607
4 11 2 3 6 10 2.13809
4 11 2 3 6 12 2.0381
4 11 2 3 6 13 2
4 11 2 3 6 14 2.18955
4 11 2 3 7 8 1.62019
4 11 2 3 7 9 2
4 11 2 3 7 10 1.85164
4 11 2 3 7 12 1.81265
4 11 2 3 7 13 1.73205
4 11 2 3 7 14 1.93309
4 11 2 3 8 9 1.93309
4 11 2 3 8 10 1.93309
4 11 2 3 8 12 1.73205
4 11 2 3 8 13 1.62019
4 11 2 3 8 14 1.93309
4 11 2 3 9 10 2.13809
4 11 2 3 9 12 2.0381
4 11 2 3 9 13 2
4 11 2 3 9 14 2.18955
4 11 2 3 10 12 1.93309
4 11 2 3 10 13 1.85164
4 11 2 3 10 14 2.13809
4 11 2 3 12 13 1.81265
4 11 2 3 12 14 2
4 11 2 3 13 14 1.93309
4 11 2 5 6 7 2
4 11 2 5 6 8 1.93309
4 11 2 5 6 9 2.23607
4 11 2 5 6 10 2.13809
4 11 2 5 6 12 2.0381
4 11 2 5 6 13 2
4 11 2 5 6 14 2.18955
4 11 2 5 7 8 1.62019
4 11 2 5 7 9 2
4 11 2 5 7 10 1.85164
4 11 2 5 7 12 1.81265
4 11 2 5 7 13 1.73205
4 11 2 5 7 14 1.93309
4 11 2 5 8 9 1.93309
4 11 2 5 8 10 1.93309
4 11 2 5 8 12 1.73205
4 11 2 5 8 13 1.62019
4 11 2 5 8 14 1.93309
4 11 2 5 9 10 2.13809
4 11 2 5 9 12 2.0381
4 11 2 5 9 13 2
4 11 2 5 9 14 2.18955
4 11 2 5 10 12 1.93309
4 11 2 5 10 13 1.85164
4 11 2 5 10 14 2.13809
4 11 2 5 12 13 1.81265
4 11 2 5 12 14 2
4 11 2 5 13 14 1.93309
4 11 2 6 7 8 1.62019
4 11 2 6 7 9 2
4 11 2 6 7 10 1.85164
4 11 2 6 7 12 1.81265
4 11 2 6 7 13 1.73205
4 11 2 6 7 14 1.93309
4 11 2 6 8 9 2.04939
4 11 2 6 8 10 2.04939
4 11 2 6 8 12 1.90693
4 11 2 6 8 13 1.85164
4 11 2 6 8 14 2.04939
4 11 2 6 9 10 2.22354
4 11 2 6 9 12 2.12132
4 11 2 6 9 13 2.08167
4 11 2 6 9 14 2.26779
4 11 2 6 10 12 2.04939
4 11 2 6 10 13 2.00294
4 11 2 6 10 14 2.22354
4 11 2 6 12 13 1.93309
4 11 2 6 12 14 2.10223
4 11 2 6 13 14 2.04939
4 11 2 7 8 9 1.62019
4 11 2 7 8 10 1.62019
4 11 2 7 8 12 1.41421
4 11 2 7 8 13 1
4 11 2 7 8 14 1.62019
4 11 2 7 9 10 1.85164
4 11 2 7 9 12 1.81265
4 11 2 7 9 13 1.73205
4 11 2 7 9 14 1.93309
4 11 2 7 10 12 1.62019
4 11 2 7 10 13 1.41421
4 11 2 7 10 14 1.85164
4 11 2 7 12 13 1.62019
4 11 2 7 12 14 1.73205
4 11 2 7 13 14 1.62019
4 11 2 8 9 10 2.04939
4 11 2 8 9 12 1.90693
4 11 2 8 9 13 1.85164
4 11 2 8 9 14 2.04939
4 11 2 8 10 12 1.90693
4 11 2 8 10 13 1.85164
4 11 2 8 10 14 2.04939
4 11 2 8 12 13 1.73205
4 11 2 8 12 14 1.90693
4 11 2 8 13 14 1.85164
4 11 2 9 10 12 2.04939
4 11 2 9 10 13 2.00294
4 11 2 9 10 14 2.22354
4 11 2 9 12 13 1.93309
4 11 2 9 12 14 2.10223
4 11 2 9 13 14 2.04939
4 11 2 10 12 13 1.85164
4 11 2 10 12 14 2.04939
4 11 2 10 13 14 2.00294
4 11 2 12 13 14 1.90693
4 11 3 5 6 7 2.16556
4 11 3 5 6 8 2.07802
4 11 3 5 6 9 2.35584
4 11 3 5 6 10 2.29129
4 11 3 5 6 12 2.16556
4 11 3 5 6 13 2.10357
4 11 3 5 6 14 2.33699
4 11 3 5 7 8 1.85164
4 11 3 5 7 9 2.16556
4 11 3 5 7 10 2.07802
4 11 3 5 7 12 2
4 11 3 5 7 13 1.90693
4 11 3 5 7 14 2.13809
4 11 3 5 8 9 2.07802
4 11 3 5 8 10 2.07802
4 11 3 5 8 12 1.85164
4 11 3 5 8 13 1.73205
4 11 3 5 8 14 2.07802
4 11 3 5 9 10 2.29129
4 11 3 5 9 12 2.16556
4 11 3 5 9 13 2.10357
4 11 3 5 9 14 2.33699
4 11 3 5 10 12 2.07802
4 11 3 5 10 13 2
4 11 3 5 10 14 2.29129
4 11 3 5 12 13 1.90693
4 11 3 5 12 14 2.13809
4 11 3 5 13 14 2.07802
4 11 3 6 7 8 1.93309
4 11 3 6 7 9 2.23607
4 11 3 6 7 10 2.13809
4 11 3 6 7 12 2.0381
4 11 3 6 7 13 2
4 11 3 6 7 14 2.18955
4 11 3 6 8 9 2.32266
4 11 3 6 8 10 2.32266
4 11 3 6 8 12 2.16025
4 11 3 6 8 13 2.13664
4 11 3 6 8 14 2.32266
4 11 3 6 9 10 2.48193
4 11 3 6 9 12 2.36827
4 11 3 6 9 13 2.33699
4 11 3 6 9 14 2.50805
4 11 3 6 10 12 2.32266
4 11 3 6 10 13 2.28709
4 11 3 6 10 14 2.48193
4 11 3 6 12 13 2.19089
4 11 3 6 12 14 2.34521
4 11 3 6 13 14 2.32266
4 11 3 7 8 9 1.93309
4 11 3 7 8 10 1.93309
4 11 3 7 8 12 1.73205
4 11 3 7 8 13 1.62019
4 11 3 7 8 14 1.93309
4 11 3 7 9 10 2.13809
4 11 3 7 9 12 2.0381
4 11 3 7 9 13 2
4 11 3 7 9 14 2.18955
4 11 3 7 10 12 1.93309
4 11 3 7 10 13 1.85164
4 11 3 7 10 14 2.13809
4 11 3 7 12 13 1.81265
4 11 3 7 12 14 2
4 11 3 7 13 14 1.93309
4 11 3 8 9 10 2.32266
4 11 3 8 9 12 2.16025
4 11 3 8 9 13 2.13664
4 11 3 8 9 14 2.32266
4 11 3 8 10 12 2.16025
4 11 3 8 10 13 2.13664
4 11 3 8 10 14 2.32266
4 11 3 8 12 13 2
4 11 3 8 12 14 2.16025
4 11 3 8 13 14 2.13664
4 11 3 9 10 12 2.32266
4 11 3 9 10 13 2.28709
4 11 3 9 10 14 2.48193
4 11 3 9 12 13 2.19089
4 11 3 9 12 14 2.34521
4 11 3 9 13 14 2.32266
4 11 3 10 12 13 2.13664
4 11 3 10 12 14 2.32266
4 11 3 10 13 14 2.28709
4 11 3 12 13 14 2.16025
4 11 5 6 7 8 1.93309
4 11 5 6 7 9 2.23607
4 11 5 6 7 10 2.13809
4 11 5 6 7 12 2.0381
4 11 5 6 7 13 2
4 11 5 6 7 14 2.18955
4 11 5 6 8 9 2.32266
4 11 5 6 8 10 2.32266
4 11 5 6 8 12 2.16025
4 11 5 6 8 13 2.13664
4 11 5 6 8 14 2.32266
4 11 5 6 9 10 2.48193
4 11 5 6 9 12 2.36827
4 11 5 6 9 13 2.33699
4 11 5 6 9 14 2.50805
4 11 5 6 10 12 2.32266
4 11 5 6 10 13 2.28709
4 11 5 6 10 14 2.48193
4 11 5 6 12 13 2.19089
4 11 5 6 12 14 2.34521
4 11 5 6 13 14 2.32266
4 11 5 7 8 9 1.93309
4 11 5 7 8 10 1.93309
4 11 5 7 8 12 1.73205
4 11 5 7 8 13 1.62019
4 11 5 7 8 14 1.93309
4 11 5 7 9 10 2.13809
4 11 5 7 9 12 2.0381
4 11 5 7 9 13 2
4 11 5 7 9 14 2.18955
4 11 5 7 10 12 1.93309
4 11 5 7 10 13 1.85164
4 11 5 7 10 14 2.13809
4 11 5 7 12 13 1.81265
4 11 5 7 12 14 2
4 11 5 7 13 14 1.93309
4 11 5 8 9 10 2.32266
4 11 5 8 9 12 2.16025
4 11 5 8 9 13 2.13664
4 11 5 8 9 14 2.32266
4 11 5 8 10 12 2.16025
4 11 5 8 10 13 2.13664
4 11 5 8 10 14 2.32266
4 11 5 8 12 13 2
4 11 5 8 12 14 2.16025
4 11 5 8 13 14 2.13664
4 11 5 9 10 12 2.32266
4 11 5 9 10 13 2.28709
4 11 5 9 10 14 2.48193
4 11 5 9 12 13 2.19089
4 11 5 9 12 14 2.34521
4 11 5 9 13 14 2.32266
4 11 5 10 12 13 2.13664
4 11 5 10 12 14 2.32266
4 11 5 10 13 14 2.28709
4 11 5 12 13 14 2.16025
4 11 6 7 8 9 2.04939
4 11 6 7 8 10 2.04939
4 11 6 7 8 12 1.90693
4 11 6 7 8 13 1.85164
4 11 6 7 8 14 2.04939
4 11 6 7 9 10 2.22354
4 11 6 7 9 12 2.12132
4 11 6 7 9 13 2.08167
4 11 6 7 9 14 2.26779
4 11 6 7 10 12 2.04939
4 11 6 7 10 13 2.00294
4 11 6 7 10 14 2.22354
4 11 6 7 12 13 1.93309
4 11 6 7 12 14 2.10223
4 11 6 7 13 14 2.04939
4 11 6 8 9 10 2.62216
4 11 6 8 9 12 2.53722
4 11 6 8 9 13 2.52543
4 11 6 8 9 14 2.62216
4 11 6 8 10 12 2.53722
4 11 6 8 10 13 2.52543
4 11 6 8 10 14 2.62216
4 11 6 8 12 13 2.44949
4 11 6 8 12 14 2.53722
4 11 6 8 13 14 2.52543
4 11 6 9 10 12 2.62216
4 11 6 9 10 13 2.61406
4 11 6 9 10 14 2.72385
4 11 6 9 12 13 2.53899
4 11 6 9 12 14 2.61652
4 11 6 9 13 14 2.62216
4 11 6 10 12 13 2.52543
4 11 6 10 12 14 2.62216
4 11 6 10 13 14 2.61406
4 11 6 12 13 14 2.53722
4 11 7 8 9 10 2.04939
4 11 7 8 9 12 1.90693
4 11 7 8 9 13 1.85164
4 11 7 8 9 14 2.04939
4 11 7 8 10 12 1.90693
4 11 7 8 10 13 1.85164
4 11 7 8 10 14 2.04939
4 11 7 8 12 13 1.73205
4 11 7 8 12 14 1.90693
4 11 7 8 13 14 1.85164
4 11 7 9 10 12 2.04939
4 11 7 9 10 13 2.00294
4 11 7 9 10 14 2.22354
4 11 7 9 12 13 1.93309
4 11 7 9 12 14 2.10223
4 11 7 9 13 14 2.04939
4 11 7 10 12 13 1.85164
4 11 7 10 12 14 2.04939
4 11 7 10 13 14 2.00294
4 11 7 12 13 14 1.90693
4 11 8 9 10 12 2.53722
4 11 8 9 10 13 2.52543
4 11 8 9 10 14 2.62216
4 11 8 9 12 13 2.44949
4 11 8 9 12 14 2.53722
4 11 8 9 13 14 2.52543
4 11 8 10 12 13 2.44949
4 11 8 10 12 14 2.53722
4 11 8 10 13 14 2.52543
4 11 8 12 13 14 2.44949
4 11 9 10 12 13 2.52543
4 11 9 10 12 14 2.62216
4 11 9 10 13 14 2.61406
4 11 9 12 13 14 2.53722
4 11 10 12 13 14 2.52543
