0 1
1 2
2 0
3 1
3 0
4 1
4 2
5 2
5 1
6 4
6 3
7 2
7 6
8 3
8 1
9 3
9 6
10 4
10 1
11 2
11 9
12 2
12 0
13 10
13 9
14 11
14 5
15 2
15 10
16 7
16 2
17 11
17 9
18 5
18 14
19 10
19 5
20 6
20 2
21 1
21 6
22 3
22 5
23 6
23 14
24 13
24 1
25 23
25 20
26 6
26 1
27 2
27 15
28 6
28 20
29 7
29 0
30 7
30 2
31 20
31 26
32 1
32 2
33 6
33 10
34 0
34 2
35 10
35 7
36 2
36 21
37 3
37 36
38 26
38 2
39 10
39 11
40 30
40 17
41 20
41 31
42 2
42 19
43 17
43 11
44 20
44 19
45 2
45 41
46 1
46 20
47 32
47 30
48 41
48 20
49 36
49 32
50 6
50 45
51 2
51 7
52 31
52 20
53 0
53 31
54 10
54 2
55 16
55 25
56 2
56 1
57 34
57 14
58 33
58 37
59 34
59 14
60 31
60 25
61 28
61 4
62 1
62 50
63 49
63 60
64 5
64 28
65 17
65 30
66 0
66 59
67 2
67 41
68 21
68 18
69 50
69 11
70 1
70 23
71 32
71 48
72 6
72 0
73 2
73 61
74 16
74 41
75 19
75 50
76 36
76 2
77 3
77 2
78 20
78 53
79 2
79 10
80 56
80 2
81 4
81 77
82 6
82 75
83 23
83 6
84 76
84 37
85 20
85 37
86 40
86 11
87 3
87 6
88 3
88 85
89 50
89 83
90 10
90 55
91 0
91 21
92 58
92 54
93 6
93 78
94 11
94 32
95 70
95 31
96 20
96 42
97 3
97 1
98 40
98 29
99 54
99 72
100 40
100 93
101 61
101 6
102 6
102 61
103 22
103 37
104 15
104 47
105 36
105 31
106 68
106 11
107 61
107 1
108 11
108 64
109 92
109 53
110 95
110 2
111 33
111 36
112 74
112 109
113 24
113 54
114 84
114 38
115 101
115 38
116 19
116 37
117 1
117 6
118 40
118 41
119 71
119 20
120 20
120 7
121 31
121 62
122 45
122 14
123 14
123 17
124 60
124 6
125 56
125 12
126 34
126 1
127 75
127 31
128 30
128 73
129 124
129 40
130 54
130 42
131 110
131 93
132 127
132 11
133 32
133 19
134 81
134 2
135 18
135 6
136 14
136 74
137 113
137 15
138 116
138 105
139 131
139 16
140 61
140 41
141 14
141 9
142 19
142 5
143 6
143 7
144 16
144 113
145 116
145 41
146 12
146 6
147 32
147 18
148 75
148 59
149 8
149 74
150 7
150 2
151 120
151 75
152 75
152 41
153 25
153 125
154 110
154 33
155 21
155 27
156 73
156 99
157 59
157 64
158 10
158 3
159 58
159 125
160 22
160 41
161 3
161 84
162 91
162 11
163 18
163 118
164 2
164 82
165 79
165 19
166 5
166 3
167 6
167 69
168 101
168 9
169 103
169 17
170 161
170 4
171 6
171 105
172 7
172 1
173 3
173 7
174 37
174 133
175 49
175 64
176 26
176 0
177 145
177 19
178 1
178 152
179 138
179 20
180 143
180 88
181 54
181 0
182 20
182 16
183 109
183 17
184 121
184 116
185 6
185 140
186 31
186 84
187 125
187 19
188 33
188 10
189 45
189 136
190 6
190 38
191 111
191 135
192 2
192 156
193 1
193 13
194 143
194 4
195 6
195 41
196 86
196 39
197 108
197 79
198 181
198 104
199 29
199 20
200 41
200 1
201 38
201 18
202 141
202 75
203 19
203 25
204 136
204 10
205 113
205 22
206 15
206 1
207 173
207 98
208 192
208 20
209 1
209 3
210 91
210 38
211 19
211 178
212 34
212 99
213 84
213 60
214 54
214 159
215 54
215 62
216 14
216 20
217 19
217 2
218 4
218 105
219 199
219 1
220 1
220 181
221 145
221 184
222 148
222 68
223 162
223 104
224 0
224 2
225 68
225 144
226 52
226 4
227 2
227 21
228 102
228 111
229 178
229 31
230 95
230 2
231 10
231 6
232 162
232 25
233 185
233 226
234 209
234 30
235 225
235 208
236 3
236 34
237 1
237 20
238 181
238 23
239 192
239 154
240 24
240 0
241 113
241 89
242 84
242 16
243 108
243 175
244 40
244 2
245 7
245 31
246 10
246 6
247 20
247 32
248 120
248 79
249 187
249 74
250 2
250 79
251 19
251 1
252 4
252 210
253 1
253 235
254 2
254 210
255 18
255 78
256 120
256 66
257 208
257 1
258 48
258 218
259 187
259 7
260 41
260 3
261 31
261 35
262 131
262 91
263 11
263 28
264 108
264 120
265 14
265 74
266 31
266 44
267 195
267 147
268 1
268 260
269 11
269 114
270 269
270 19
271 260
271 1
272 195
272 250
273 104
273 19
274 271
274 1
275 0
275 144
276 113
276 74
277 158
277 165
278 5
278 273
279 27
279 2
280 62
280 37
281 215
281 226
282 271
282 33
283 133
283 7
284 80
284 32
285 145
285 20
286 224
286 19
287 271
287 144
288 157
288 31
289 113
289 24
290 162
290 114
291 122
291 83
292 106
292 41
293 33
293 192
294 30
294 168
295 90
295 223
296 134
296 1
297 124
297 195
298 0
298 253
299 221
299 138
300 111
300 101
301 60
301 94
302 231
302 93
303 76
303 109
304 40
304 157
305 20
305 31
306 107
306 1
307 13
307 31
308 297
308 79
309 80
309 14
310 179
310 120
311 31
311 216
312 40
312 109
313 287
313 159
314 103
314 36
315 197
315 38
316 209
316 221
317 131
317 31
318 88
318 41
319 294
319 252
320 19
320 15
321 125
321 5
322 21
322 12
323 310
323 110
324 239
324 128
325 246
325 12
326 79
326 85
327 73
327 250
328 187
328 94
329 19
329 124
330 20
330 54
331 7
331 184
332 58
332 8
333 79
333 6
334 19
334 189
335 33
335 6
336 85
336 33
337 0
337 82
338 50
338 197
339 209
339 2
340 1
340 27
341 188
341 182
342 25
342 124
343 274
343 7
344 9
344 256
345 57
345 167
346 212
346 52
347 131
347 10
348 88
348 209
349 220
349 327
350 2
350 89
351 21
351 330
352 11
352 56
353 198
353 6
354 27
354 74
355 222
355 12
356 45
356 37
357 118
357 235
358 5
358 279
359 89
359 189
360 19
360 1
361 355
361 38
362 287
362 58
363 33
363 313
364 112
364 187
365 99
365 29
366 150
366 31
367 141
367 327
368 158
368 179
369 233
369 221
370 7
370 27
371 8
371 202
372 71
372 341
373 202
373 133
374 20
374 37
375 245
375 2
376 4
376 83
377 114
377 120
378 6
378 1
379 19
379 7
380 317
380 186
381 149
381 179
382 291
382 310
383 179
383 26
384 11
384 1
385 57
385 30
386 16
386 38
387 148
387 0
388 195
388 340
389 1
389 41
390 9
390 241
391 41
391 327
392 1
392 19
393 161
393 34
394 32
394 85
395 161
395 41
396 111
396 6
397 327
397 28
398 111
398 201
399 310
399 378
400 131
400 101
401 157
401 194
402 98
402 343
403 104
403 375
404 102
404 111
405 1
405 335
406 7
406 222
407 64
407 111
408 3
408 19
409 159
409 37
410 135
410 178
411 203
411 6
412 94
412 187
413 383
413 80
414 67
414 22
415 138
415 125
416 181
416 136
417 284
417 256
418 18
418 84
419 31
419 267
420 250
420 228
421 175
421 38
422 217
422 409
423 61
423 6
424 0
424 6
425 316
425 390
426 366
426 1
427 41
427 90
428 147
428 264
429 106
429 6
430 212
430 2
431 15
431 1
432 122
432 7
433 269
433 355
434 389
434 1
435 136
435 2
436 67
436 77
437 205
437 208
438 31
438 240
439 6
439 124
440 125
440 61
441 17
441 104
442 29
442 2
443 42
443 194
444 181
444 141
445 293
445 43
446 41
446 10
447 256
447 378
448 79
448 9
449 31
449 37
450 6
450 131
451 120
451 33
452 204
452 116
453 147
453 100
454 1
454 94
455 20
455 255
456 99
456 128
457 2
457 1
458 31
458 69
459 19
459 38
460 17
460 204
461 156
461 256
462 40
462 408
463 1
463 12
464 81
464 195
465 344
465 20
466 84
466 293
467 2
467 79
468 1
468 109
469 438
469 79
470 11
470 26
471 110
471 163
472 62
472 237
473 1
473 356
474 432
474 214
475 11
475 313
476 58
476 225
477 151
477 89
478 363
478 100
479 393
479 182
480 471
480 27
481 4
481 327
482 411
482 91
483 2
483 6
484 430
484 161
485 407
485 335
486 9
486 75
487 12
487 279
488 224
488 40
489 380
489 7
490 155
490 64
491 190
491 413
492 124
492 6
493 6
493 43
494 4
494 73
495 164
495 11
496 164
496 149
497 282
497 10
498 350
498 2
499 315
499 75
500 194
500 41
501 54
501 3
502 234
502 100
503 307
503 37
504 188
504 311
505 1
505 25
506 152
506 136
507 224
507 467
508 223
508 221
509 498
509 369
510 478
510 94
511 316
511 34
512 113
512 315
513 287
513 384
514 21
514 246
515 299
515 59
516 2
516 110
517 46
517 194
518 33
518 14
519 507
519 307
520 74
520 504
521 227
521 109
522 75
522 36
523 40
523 430
524 192
524 322
525 56
525 20
526 2
526 1
527 6
527 58
528 12
528 507
529 160
529 433
530 19
530 474
531 58
531 413
532 10
532 124
533 127
533 17
534 293
534 332
535 101
535 190
536 102
536 168
537 20
537 479
538 417
538 125
539 127
539 85
540 2
540 400
541 434
541 20
542 136
542 2
543 365
543 10
544 152
544 7
545 63
545 360
546 19
546 341
547 1
547 190
548 311
548 355
549 6
549 3
550 102
550 282
551 301
551 17
552 2
552 85
553 104
553 19
554 355
554 10
555 416
555 545
556 19
556 347
557 471
557 124
558 174
558 2
559 242
559 10
560 4
560 10
561 7
561 262
562 474
562 380
563 2
563 20
564 38
564 494
565 16
565 41
566 399
566 6
567 31
567 125
568 13
568 151
569 481
569 11
570 455
570 84
571 567
571 19
572 32
572 375
573 28
573 167
574 310
574 221
575 398
575 345
576 386
576 504
577 229
577 6
578 209
578 31
579 565
579 553
580 239
580 256
581 64
581 434
582 104
582 19
583 435
583 324
584 16
584 539
585 218
585 477
586 443
586 2
587 6
587 81
588 403
588 194
589 19
589 37
590 355
590 558
591 96
591 419
592 148
592 102
593 491
593 36
594 68
594 585
595 118
595 592
596 19
596 31
597 471
597 552
598 1
598 178
599 510
599 441
600 493
600 76
601 104
601 591
602 342
602 42
603 475
603 0
604 315
604 31
605 11
605 458
606 219
606 191
607 41
607 217
608 1
608 290
609 18
609 73
610 540
610 354
611 62
611 9
612 249
612 149
613 315
613 154
614 6
614 10
615 77
615 283
616 111
616 62
617 20
617 106
618 64
618 6
619 175
619 4
620 6
620 590
621 474
621 74
622 57
622 363
623 508
623 373
624 79
624 109
625 141
625 191
626 414
626 27
627 195
627 522
628 253
628 327
629 9
629 45
630 138
630 542
631 412
631 106
632 2
632 0
633 461
633 37
634 41
634 452
635 192
635 36
636 458
636 320
637 20
637 262
638 522
638 309
639 181
639 2
640 134
640 307
641 141
641 41
642 17
642 632
643 257
643 110
644 208
644 356
645 94
645 15
646 277
646 400
647 310
647 20
648 76
648 628
649 18
649 233
650 387
650 40
651 6
651 431
652 0
652 255
653 270
653 365
654 31
654 531
655 596
655 417
656 228
656 238
657 86
657 122
658 223
658 125
659 9
659 0
660 287
660 85
661 294
661 78
662 2
662 6
663 17
663 28
664 38
664 389
665 630
665 217
666 9
666 522
667 471
667 590
668 503
668 27
669 596
669 3
670 162
670 19
671 460
671 22
672 211
672 38
673 142
673 570
674 1
674 238
675 129
675 408
676 181
676 520
677 206
677 439
678 433
678 86
679 397
679 178
680 24
680 141
681 127
681 408
682 410
682 408
683 38
683 20
684 245
684 60
685 8
685 109
686 470
686 6
687 408
687 33
688 592
688 135
689 278
689 2
690 131
690 365
691 1
691 188
692 279
692 123
693 19
693 379
694 191
694 71
695 282
695 340
696 672
696 104
697 538
697 61
698 52
698 298
699 301
699 531
700 50
700 30
701 20
701 18
702 468
702 244
703 71
703 540
704 523
704 646
705 6
705 390
706 129
706 439
707 84
707 9
708 377
708 79
709 602
709 542
710 456
710 219
711 149
711 271
712 209
712 334
713 482
713 463
714 270
714 120
715 221
715 394
716 1
716 621
717 643
717 18
718 609
718 621
719 38
719 264
720 450
720 265
721 11
721 321
722 307
722 107
723 0
723 6
724 545
724 73
725 474
725 530
726 1
726 626
727 83
727 42
728 88
728 364
729 120
729 181
730 349
730 530
731 38
731 677
732 84
732 199
733 145
733 113
734 257
734 8
735 37
735 182
736 553
736 527
737 686
737 401
738 543
738 512
739 271
739 315
740 504
740 482
741 66
741 420
742 20
742 70
743 331
743 322
744 519
744 422
745 586
745 672
746 60
746 4
747 125
747 460
748 11
748 43
749 213
749 55
750 526
750 4
751 68
751 526
752 34
752 562
753 195
753 269
754 628
754 116
755 407
755 149
756 20
756 408
757 204
757 705
758 183
758 514
759 363
759 648
760 33
760 271
761 125
761 314
762 1
762 10
763 521
763 1
764 159
764 551
765 2
765 31
766 61
766 279
767 235
767 448
768 691
768 744
769 467
769 47
770 216
770 23
771 415
771 470
772 175
772 62
773 14
773 3
774 694
774 20
775 331
775 12
776 458
776 414
777 509
777 307
778 21
778 514
779 154
779 614
780 279
780 666
781 237
781 83
782 250
782 17
783 192
783 9
784 393
784 98
785 18
785 434
786 299
786 123
787 582
787 390
788 73
788 734
789 70
789 4
790 784
790 415
791 6
791 4
792 278
792 199
793 124
793 2
794 404
794 298
795 86
795 181
796 14
796 125
797 330
797 662
798 421
798 0
799 450
799 58
800 396
800 138
801 749
801 2
802 8
802 261
803 71
803 271
804 305
804 10
805 6
805 291
806 572
806 604
807 157
807 175
808 38
808 2
809 116
809 127
810 14
810 12
811 7
811 83
812 410
812 163
813 2
813 406
814 11
814 629
815 6
815 98
816 527
816 136
817 2
817 643
818 481
818 396
819 805
819 155
820 217
820 721
821 426
821 316
822 52
822 1
823 176
823 123
824 125
824 31
825 479
825 783
826 148
826 626
827 7
827 98
828 41
828 202
829 523
829 540
830 220
830 315
831 59
831 791
832 152
832 37
833 29
833 300
834 70
834 45
835 377
835 628
836 350
836 261
837 182
837 19
838 628
838 350
839 314
839 162
840 712
840 512
841 115
841 21
842 615
842 749
843 19
843 21
844 500
844 490
845 25
845 420
846 158
846 827
847 341
847 41
848 157
848 22
849 577
849 28
850 19
850 66
851 633
851 287
852 503
852 355
853 488
853 370
854 86
854 628
855 31
855 86
856 14
856 112
857 467
857 407
858 164
858 154
859 15
859 694
860 361
860 802
861 199
861 647
862 269
862 220
863 356
863 78
864 226
864 377
865 260
865 705
866 216
866 320
867 721
867 237
868 38
868 182
869 330
869 95
870 20
870 184
871 319
871 64
872 208
872 556
873 452
873 50
874 653
874 540
875 416
875 167
876 2
876 132
877 73
877 322
878 37
878 445
879 373
879 390
880 298
880 308
881 545
881 217
882 830
882 38
883 6
883 194
884 221
884 430
885 80
885 848
886 1
886 274
887 6
887 133
888 1
888 432
889 16
889 41
890 216
890 664
891 102
891 124
892 125
892 368
893 527
893 447
894 3
894 169
895 835
895 38
896 7
896 153
897 74
897 598
898 41
898 6
899 324
899 450
900 434
900 522
901 839
901 408
902 144
902 2
903 32
903 142
904 554
904 651
905 149
905 322
906 354
906 221
907 646
907 125
908 522
908 141
909 44
909 886
910 83
910 342
911 3
911 404
912 807
912 587
913 162
913 6
914 899
914 113
915 113
915 635
916 52
916 859
917 4
917 892
918 43
918 790
919 554
919 4
920 6
920 247
921 391
921 614
922 558
922 145
923 253
923 620
924 844
924 543
925 141
925 317
926 128
926 327
927 91
927 107
928 308
928 835
929 775
929 5
930 7
930 1
931 6
931 574
932 181
932 131
933 603
933 506
934 141
934 28
935 6
935 7
936 184
936 301
937 189
937 31
938 88
938 37
939 471
939 527
940 98
940 217
941 14
941 2
942 373
942 439
943 318
943 433
944 784
944 362
945 814
945 79
946 161
946 693
947 933
947 605
948 428
948 448
949 93
949 61
950 2
950 587
951 74
951 194
952 732
952 625
953 37
953 382
954 58
954 177
955 11
955 78
956 558
956 738
957 104
957 178
958 698
958 720
959 222
959 542
960 154
960 124
961 163
961 540
962 673
962 50
963 123
963 154
964 276
964 182
965 505
965 431
966 264
966 678
967 187
967 696
968 1
968 845
969 74
969 19
970 0
970 33
971 386
971 149
972 474
972 7
973 602
973 447
974 455
974 172
975 261
975 19
976 812
976 719
977 71
977 839
978 442
978 383
979 9
979 229
980 181
980 109
981 525
981 106
982 2
982 89
983 128
983 283
984 359
984 113
985 962
985 639
986 142
986 3
987 447
987 2
988 694
988 0
989 7
989 124
990 7
990 581
991 32
991 487
992 482
992 63
993 442
993 4
994 8
994 808
995 76
995 786
996 737
996 2
997 380
997 239
998 500
998 145
999 1
999 414
