2
1
6
15
17
19
10
4
3
14
68
11
52
0
35
40
23
58
8
16
33
41
104
45
12
5
13
28
53
106
36
50
25
7
204
24
92
75
80
77
32
119
56
30
60
235
138
244
274
91
463
148
9
55
171
64
86
48
82
309
102
70
88
61
117
156
21
217
115
318
207
281
257
37
155
405
31
121
258
241
197
205
215
290
83
178
137
127
114
26
162
74
51
153
34
507
192
377
130
221
120
198
69
110
254
146
18
250
157
85
380
97
46
96
100
176
184
189
268
210
185
27
54
332
187
107
214
165
310
65
609
540
20
79
364
22
286
108
242
287
367
123
57
131
657
575
434
260
141
103
789
218
133
613
326
586
626
382
90
229
491
280
433
188
252
179
253
47
206
394
183
38
169
335
831
525
518
438
72
152
340
448
757
42
458
233
415
339
116
319
177
726
453
404
441
315
347
209
709
412
270
308
407
81
342
923
256
389
694
195
168
381
633
462
285
175
398
111
485
362
703
527
482
230
348
791
202
249
474
247
766
301
429
395
237
761
369
457
505
71
191
802
216
43
437
643
126
129
87
419
89
255
618
688
681
147
273
161
67
391
240
275
732
350
447
109
282
239
164
266
734
379
105
346
595
142
436
49
702
213
160
555
554
424
302
150
63
289
542
749
295
501
472
186
428
390
277
731
592
225
294
422
637
666
644
747
219
577
284
650
421
872
243
151
128
770
538
99
853
182
300
366
524
673
588
425
112
443
655
844
978
435
489
388
691
661
487
797
571
333
84
748
656
468
511
403
603
683
417
220
714
746
641
248
314
95
758
368
741
728
297
495
514
227
325
145
593
431
154
760
594
707
307
549
223
521
201
781
172
231
561
530
738
635
502
236
700
194
620
835
392
170
677
234
830
449
265
291
504
98
444
200
817
134
767
956
858
324
94
627
76
568
439
226
459
735
173
852
144
360
774
470
303
948
957
411
353
385
343
196
589
372
387
582
634
409
356
904
513
306
232
262
557
649
720
378
358
93
193
597
578
39
608
788
384
519
580
744
883
800
629
228
545
532
361
481
292
59
66
317
305
245
321
445
612
786
135
125
199
334
136
480
450
535
541
606
579
622
158
78
331
373
569
251
402
259
479
662
625
856
488
548
840
508
570
118
456
471
336
238
740
724
692
355
945
583
849
828
942
520
911
708
623
754
921
101
584
669
996
664
999
552
863
977
536
212
717
607
560
357
924
675
922
888
166
630
322
995
762
949
648
729
598
529
500
451
283
338
658
810
497
968
965
952
466
610
881
715
803
938
590
953
989
341
181
29
826
621
386
777
537
328
772
972
705
671
929
498
352
910
62
566
432
344
769
477
763
712
167
895
596
632
876
452
985
806
836
960
73
615
420
730
190
278
523
651
517
467
396
690
298
647
602
801
600
867
370
818
941
506
855
492
345
574
880
320
870
469
873
920
587
323
795
163
486
423
893
812
682
963
793
909
829
687
898
725
979
865
203
509
809
406
798
616
927
496
617
973
430
408
864
869
993
222
668
932
742
416
464
819
897
546
401
410
804
710
947
713
961
970
440
553
935
936
534
604
907
967
969
868
354
832
745
113
461
850
499
312
642
900
780
887
645
279
857
984
522
823
986
875
946
605
771
899
861
413
750
783
631
316
672
987
926
667
526
699
955
719
208
515
640
944
981
503
551
759
843
139
764
878
330
224
775
866
351
476
446
454
756
533
686
211
652
934
787
992
670
455
556
778
890
663
906
782
807
460
733
559
813
805
567
933
839
159
975
976
676
296
937
365
816
860
928
833
930
958
847
619
418
914
931
550
913
624
442
638
792
991
901
743
842
974
862
288
871
980
854
363
564
510
659
919
665
704
271
796
696
180
988
917
903
246
646
393
484
723
943
706
722
859
132
572
768
516
851
565
563
374
892
752
820
684
494
427
894
263
721
799
276
685
143
426
902
896
680
737
939
891
267
915
547
585
814
272
834
846
359
614
884
874
773
543
838
399
490
531
889
827
327
711
124
824
727
697
837
841
576
815
400
299
886
994
581
716
918
718
473
925
539
908
916
845
882
636
982
269
591
784
660
313
483
329
573
493
337
679
639
293
544
825
562
879
998
964
558
375
698
954
674
693
528
122
414
475
848
628
808
261
376
599
349
140
653
776
966
601
997
689
371
397
174
678
794
822
790
304
821
971
739
465
695
751
785
990
951
736
383
478
149
811
940
701
311
264
905
611
765
753
912
44
950
877
779
959
983
512
755
885
962
654
