2.14697 170
393 55 400 142 365 301 224 122 545 105 167 190 226 163 158 118 458 558 147 108 482 467 81 380 204 363 377 430 350 504 447 373 191 450 414 253 433 123 70 434 148 99 159 216 269 128 390 133 199 80 184 179 93 144 13 250 43 88 175 208 89 279 540 256 52 59 68 42 78 310 628 106 474 76 101 157 307 29 26 138 287 91 127 471 522 192 178 86 355 187 217 209 98 162 22 315 145 60 110 102 45 71 94 154 182 62 8 136 327 149 194 195 85 408 83 271 28 50 73 64 25 15 27 30 221 34 131 111 141 120 75 109 54 36 58 16 61 104 12 84 113 21 181 5 74 40 18 32 124 17 79 33 125 9 14 37 38 4 11 3 0 10 41 7 31 20 19 6 1 2 
3.22045 67
138 192 355 98 116 102 45 71 154 136 327 149 194 85 83 271 50 73 64 25 27 30 221 34 131 111 141 120 75 109 54 36 58 16 61 104 84 113 21 181 5 74 40 18 32 124 17 79 33 125 9 14 37 38 4 11 3 0 10 41 7 31 20 19 6 1 2 
4.29393 29
61 113 21 181 74 40 18 32 17 79 33 125 9 14 37 38 4 11 3 0 10 41 7 31 20 19 6 1 2 
5.36742 13
14 11 3 0 10 41 7 31 20 19 6 1 2 
6.4409 8
10 7 31 20 19 6 1 2 
7.51438 4
19 6 1 2 
8.58787 3
6 1 2 
9.66135 2
1 2 
