2.14697 171
106 149 408 471 527 540 8 43 63 81 86 88 127 167 175 182 187 199 202 204 209 213 223 279 298 299 310 378 390 413 430 433 439 450 458 474 504 522 542 628 42 67 71 85 94 98 104 109 118 124 128 141 157 158 162 165 181 188 191 194 217 221 239 256 269 307 315 317 327 350 355 363 365 389 393 558 22 27 40 60 89 91 101 102 111 114 120 122 131 135 136 145 147 154 178 184 195 216 224 226 250 467 15 17 25 30 38 52 74 79 83 84 93 108 110 133 138 148 159 208 225 255 287 32 58 59 62 64 68 75 76 78 125 192 271 12 16 18 19 33 34 37 50 56 70 113 7 36 45 73 13 14 21 41 54 61 72 5 10 11 28 31 9 20 26 6 3 4 0 1 2 
3.22045 79
202 257 261 293 94 104 109 124 181 221 311 327 355 27 40 91 101 111 120 131 136 154 178 179 184 467 17 25 38 74 79 83 84 287 32 58 59 62 64 68 75 105 116 125 192 271 12 16 18 19 33 34 37 50 56 113 7 36 45 73 99 14 21 41 54 61 5 10 11 31 9 20 26 6 3 4 0 1 2 
4.29393 39
17 30 38 138 152 32 58 64 125 271 12 16 18 19 33 37 50 53 113 7 23 73 14 21 41 61 72 10 11 28 31 9 20 6 3 4 0 1 2 
5.36742 13
19 7 41 5 10 11 31 20 6 3 0 1 2 
6.4409 10
19 9 20 26 6 3 4 0 1 2 
7.51438 6
26 6 3 4 1 2 
8.58787 3
6 1 2 
9.66135 2
1 2 
