2
1
0
4
3
6
26
20
9
31
28
11
10
5
72
61
54
41
21
14
13
99
73
45
36
24
23
7
260
156
113
70
56
53
50
37
34
33
19
18
16
12
271
192
144
125
116
105
95
78
76
75
68
64
62
59
58
32
287
255
225
208
159
152
148
140
138
133
121
110
108
93
84
83
79
74
52
38
30
25
17
15
467
455
313
250
235
226
224
222
216
197
195
185
184
179
178
174
161
154
147
145
143
136
135
131
122
120
114
111
102
101
92
91
89
80
66
60
48
47
40
29
27
22
570
558
507
475
470
432
409
393
389
383
365
363
355
350
327
317
315
311
307
284
269
267
256
253
245
241
239
233
228
221
217
214
212
211
210
203
194
191
189
188
186
181
168
165
162
158
157
155
151
150
142
141
128
124
118
109
104
103
100
98
94
85
77
71
69
67
49
42
35
784
694
686
673
672
629
628
603
590
543
542
522
519
512
506
504
500
498
490
478
477
474
461
458
450
443
439
434
433
431
430
422
420
419
417
415
414
413
411
410
401
400
390
380
379
378
377
375
369
368
366
360
347
342
334
331
324
321
314
310
301
299
298
297
294
293
291
283
279
277
274
273
270
265
264
261
257
252
246
240
229
227
223
220
218
213
209
206
204
202
201
199
190
187
182
175
167
163
127
123
112
96
88
86
82
81
63
57
55
43
8
962
933
899
892
886
859
848
845
844
839
835
830
827
814
812
808
807
805
802
791
790
786
783
775
749
744
738
737
734
732
721
720
719
712
705
698
696
693
691
678
677
666
664
662
653
651
648
647
646
643
639
635
633
632
630
626
625
621
620
615
614
609
605
604
602
598
596
592
591
587
586
585
582
581
577
574
572
567
565
562
556
554
553
552
551
545
540
539
538
531
530
527
526
525
523
521
520
514
510
509
508
505
503
494
493
491
488
487
482
481
479
471
468
463
460
456
452
448
447
445
442
441
438
435
428
426
421
416
412
408
407
406
404
403
399
398
397
396
394
391
387
386
384
382
373
370
364
362
361
359
356
354
349
345
344
343
341
340
335
332
330
322
320
319
318
316
309
308
305
300
290
282
278
276
262
249
247
244
242
238
237
234
231
219
215
205
198
183
177
176
173
172
169
164
160
153
149
134
132
129
115
107
106
90
46
44
39
999
998
997
996
995
994
993
992
991
990
989
988
987
986
985
984
983
982
981
980
979
978
977
976
975
974
973
972
971
970
969
968
967
966
965
964
963
961
960
959
958
957
956
955
954
953
952
951
950
949
948
947
946
945
944
943
942
941
940
939
938
937
936
935
934
932
931
930
929
928
927
926
925
924
923
922
921
920
919
918
917
916
915
914
913
912
911
910
909
908
907
906
905
904
903
902
901
900
898
897
896
895
894
893
891
890
889
888
887
885
884
883
882
881
880
879
878
877
876
875
874
873
872
871
870
869
868
867
866
865
864
863
862
861
860
858
857
856
855
854
853
852
851
850
849
847
846
843
842
841
840
838
837
836
834
833
832
831
829
828
826
825
824
823
822
821
820
819
818
817
816
815
813
811
810
809
806
804
803
801
800
799
798
797
796
795
794
793
792
789
788
787
785
782
781
780
779
778
777
776
774
773
772
771
770
769
768
767
766
765
764
763
762
761
760
759
758
757
756
755
754
753
752
751
750
748
747
746
745
743
742
741
740
739
736
735
733
731
730
729
728
727
726
725
724
723
722
718
717
716
715
714
713
711
710
709
708
707
706
704
703
702
701
700
699
697
695
692
690
689
688
687
685
684
683
682
681
680
679
676
675
674
671
670
669
668
667
665
663
661
660
659
658
657
656
655
654
652
650
649
645
644
642
641
640
638
637
636
634
631
627
624
623
622
619
618
617
616
613
612
611
610
608
607
606
601
600
599
597
595
594
593
589
588
584
583
580
579
578
576
575
573
571
569
568
566
564
563
561
560
559
557
555
550
549
548
547
546
544
541
537
536
535
534
533
532
529
528
524
518
517
516
515
513
511
502
501
499
497
496
495
492
489
486
485
484
483
480
476
473
472
469
466
465
464
462
459
457
454
453
451
449
446
444
440
437
436
429
427
425
424
423
418
405
402
395
392
388
385
381
376
374
372
371
367
358
357
353
352
351
348
346
339
338
337
336
333
329
328
326
325
323
312
306
304
303
302
296
295
292
289
288
286
285
281
280
275
272
268
266
263
259
258
254
251
248
243
236
232
230
207
200
196
193
180
171
170
166
146
139
137
130
126
119
117
97
87
65
51
