0.574576 9 
0 1 2 3 4 6 7 8 14 
0.574576 9 
0 1 2 4 6 7 8 11 14 
0.574576 9 
0 1 2 4 7 8 9 11 14 
0.574576 9 
0 1 3 4 5 8 9 11 14 
0.574576 9 
1 2 3 4 6 7 8 13 14 
0.574576 9 
1 2 4 6 7 8 11 13 14 
0.574576 9 
1 2 4 7 8 9 11 13 14 
0.574576 9 
1 3 4 5 8 9 11 13 14 
0.574576 9 
2 3 4 6 7 8 10 12 13 
0.574576 9 
2 3 4 6 7 8 12 13 14 
0.574576 9 
2 3 5 6 7 8 10 12 13 
0.574576 9 
2 4 6 7 8 10 11 12 13 
0.574576 9 
2 4 6 7 8 11 12 13 14 
0.574576 9 
2 4 7 8 9 10 11 12 13 
0.574576 9 
2 4 7 8 9 11 12 13 14 
0.574576 9 
2 5 6 7 8 10 11 12 13 
0.574576 9 
2 5 7 8 9 10 11 12 13 
0.861864 9 
0 1 2 3 4 6 7 8 14 
0.861864 9 
0 1 2 4 6 7 8 11 14 
0.861864 9 
0 1 2 4 7 8 9 11 14 
0.861864 9 
0 1 3 4 5 8 9 11 14 
0.861864 9 
1 2 3 4 6 7 8 13 14 
0.861864 9 
1 2 4 6 7 8 11 13 14 
0.861864 9 
1 2 4 7 8 9 11 13 14 
0.861864 9 
1 3 4 5 8 9 11 13 14 
0.861864 9 
2 3 4 6 7 8 10 12 13 
0.861864 9 
2 3 4 6 7 8 12 13 14 
0.861864 9 
2 3 5 6 7 8 10 12 13 
0.861864 9 
2 4 6 7 8 10 11 12 13 
0.861864 9 
2 4 6 7 8 11 12 13 14 
0.861864 9 
2 4 7 8 9 10 11 12 13 
0.861864 9 
2 4 7 8 9 11 12 13 14 
0.861864 9 
2 5 6 7 8 10 11 12 13 
0.861864 9 
2 5 7 8 9 10 11 12 13 
1.14915 9 
0 2 3 5 7 8 9 12 14 
1.43644 7 
2 3 4 7 12 13 14 
1.43644 7 
2 4 6 7 12 13 14 
1.43644 7 
2 4 7 9 12 13 14 
1.43644 7 
2 4 7 11 12 13 14 
1.72373 7 
2 3 4 5 12 13 14 
1.72373 7 
3 4 5 7 12 13 14 
2.01102 7 
0 2 4 5 6 12 14 
2.01102 7 
0 2 4 5 9 12 14 
2.01102 7 
0 4 5 6 7 12 14 
2.01102 7 
0 4 5 7 9 12 14 
2.2983 5 
0 3 4 5 14 
2.2983 5 
0 3 4 10 12 
2.2983 5 
0 5 10 11 12 
2.2983 5 
4 5 6 12 13 
2.2983 5 
5 6 12 13 14 
2.58559 4 
4 8 11 12 
2.58559 4 
4 8 11 13 
2.58559 4 
4 8 12 13 
2.58559 4 
4 11 12 13 
2.58559 4 
8 11 12 13 
