6 13 0 1 2.44949
6 13 0 2 2.27798
6 13 0 3 2.50333
6 13 0 4 2.67896
6 13 0 5 2.42997
6 13 0 7 2.27798
6 13 0 8 2.65417
6 13 0 9 2.77833
6 13 0 10 2.71163
6 13 0 11 2.74064
6 13 0 12 2.71341
6 13 0 14 2.76353
6 13 1 2 1.96214
6 13 1 3 2
6 13 1 4 2.13664
6 13 1 5 1.73205
6 13 1 7 1.96214
6 13 1 8 2.28446
6 13 1 9 2.44949
6 13 1 10 2.23607
6 13 1 11 2.23607
6 13 1 12 2.44949
6 13 1 14 2.28446
6 13 2 3 2.16025
6 13 2 4 2.16025
6 13 2 5 2.08738
6 13 2 7 2
6 13 2 8 2.08167
6 13 2 9 2.27798
6 13 2 10 2.10223
6 13 2 11 2.2563
6 13 2 12 2.19644
6 13 2 14 2.23607
6 13 3 4 2.33699
6 13 3 5 2.15297
6 13 3 7 2.16025
6 13 3 8 2.28446
6 13 3 9 2.50333
6 13 3 10 2.35488
6 13 3 11 2.50333
6 13 3 12 2.44949
6 13 3 14 2.46311
6 13 4 5 2.40426
6 13 4 7 2.16025
6 13 4 8 2.58844
6 13 4 9 2.67896
6 13 4 10 2.66231
6 13 4 11 2.62202
6 13 4 12 2.64575
6 13 4 14 2.68164
6 13 5 7 2.08738
6 13 5 8 2.23607
6 13 5 9 2.42997
6 13 5 10 2.35488
6 13 5 11 2.39046
6 13 5 12 2.44949
6 13 5 14 2.40426
6 13 7 8 2.08167
6 13 7 9 2.27798
6 13 7 10 2.10223
6 13 7 11 2.2563
6 13 7 12 2.19644
6 13 7 14 2.23607
6 13 8 9 2.65417
6 13 8 10 2.64575
6 13 8 11 2.64575
6 13 8 12 2.64575
6 13 8 14 2.66288
6 13 9 10 2.71163
6 13 9 11 2.74064
6 13 9 12 2.71341
6 13 9 14 2.76353
6 13 10 11 2.66231
6 13 10 12 2.64575
6 13 10 14 2.71163
6 13 11 12 2.68949
6 13 11 14 2.72279
6 13 12 14 2.70157
