6 13 0 1 2 1.96214
6 13 0 1 3 2
6 13 0 1 4 2.13664
6 13 0 1 5 1.73205
6 13 0 1 7 1.96214
6 13 0 1 8 2.28446
6 13 0 1 9 2.44949
6 13 0 1 10 2.23607
6 13 0 1 11 2.23607
6 13 0 1 12 2.44949
6 13 0 1 14 2.28446
6 13 0 2 3 2.16025
6 13 0 2 4 2.16025
6 13 0 2 5 2.08738
6 13 0 2 7 2
6 13 0 2 8 2.08167
6 13 0 2 9 2.27798
6 13 0 2 10 2.10223
6 13 0 2 11 2.2563
6 13 0 2 12 2.19644
6 13 0 2 14 2.23607
6 13 0 3 4 2.33699
6 13 0 3 5 2.15297
6 13 0 3 7 2.16025
6 13 0 3 8 2.28446
6 13 0 3 9 2.50333
6 13 0 3 10 2.35488
6 13 0 3 11 2.50333
6 13 0 3 12 2.44949
6 13 0 3 14 2.46311
6 13 0 4 5 2.40426
6 13 0 4 7 2.16025
6 13 0 4 8 2.58844
6 13 0 4 9 2.67896
6 13 0 4 10 2.66231
6 13 0 4 11 2.62202
6 13 0 4 12 2.64575
6 13 0 4 14 2.68164
6 13 0 5 7 2.08738
6 13 0 5 8 2.23607
6 13 0 5 9 2.42997
6 13 0 5 10 2.35488
6 13 0 5 11 2.39046
6 13 0 5 12 2.44949
6 13 0 5 14 2.40426
6 13 0 7 8 2.08167
6 13 0 7 9 2.27798
6 13 0 7 10 2.10223
6 13 0 7 11 2.2563
6 13 0 7 12 2.19644
6 13 0 7 14 2.23607
6 13 0 8 9 2.65417
6 13 0 8 10 2.64575
6 13 0 8 11 2.64575
6 13 0 8 12 2.64575
6 13 0 8 14 2.66288
6 13 0 9 10 2.71163
6 13 0 9 11 2.74064
6 13 0 9 12 2.71341
6 13 0 9 14 2.76353
6 13 0 10 11 2.66231
6 13 0 10 12 2.64575
6 13 0 10 14 2.71163
6 13 0 11 12 2.68949
6 13 0 11 14 2.72279
6 13 0 12 14 2.70157
6 13 1 2 3 1.90693
6 13 1 2 4 1.62019
6 13 1 2 5 1.73205
6 13 1 2 7 1.85164
6 13 1 2 8 2
6 13 1 2 9 1.96214
6 13 1 2 10 1.73205
6 13 1 2 11 1.93309
6 13 1 2 12 1.96214
6 13 1 2 14 2
6 13 1 3 4 1.41421
6 13 1 3 5 1.73205
6 13 1 3 7 1.90693
6 13 1 3 8 1.90693
6 13 1 3 9 2
6 13 1 3 10 1.73205
6 13 1 3 11 2
6 13 1 3 12 2
6 13 1 3 14 1.90693
6 13 1 4 5 1.73205
6 13 1 4 7 1.62019
6 13 1 4 8 2.13664
6 13 1 4 9 2.13664
6 13 1 4 10 2.13664
6 13 1 4 11 2
6 13 1 4 12 2.13664
6 13 1 4 14 2.13664
6 13 1 5 7 1.73205
6 13 1 5 8 1.73205
6 13 1 5 9 1.73205
6 13 1 5 10 1.73205
6 13 1 5 11 1.73205
6 13 1 5 12 1.73205
6 13 1 5 14 1.73205
6 13 1 7 8 2
6 13 1 7 9 1.96214
6 13 1 7 10 1.73205
6 13 1 7 11 1.93309
6 13 1 7 12 1.96214
6 13 1 7 14 2
6 13 1 8 9 2.28446
6 13 1 8 10 2.23607
6 13 1 8 11 2.19089
6 13 1 8 12 2.28446
6 13 1 8 14 2.26385
6 13 1 9 10 2.23607
6 13 1 9 11 2.23607
6 13 1 9 12 2.44949
6 13 1 9 14 2.28446
6 13 1 10 11 2.13664
6 13 1 10 12 2.23607
6 13 1 10 14 2.23607
6 13 1 11 12 2.23607
6 13 1 11 14 2.19089
6 13 1 12 14 2.28446
6 13 2 3 4 2
6 13 2 3 5 2
6 13 2 3 7 2
6 13 2 3 8 2
6 13 2 3 9 2.16025
6 13 2 3 10 1.90693
6 13 2 3 11 2.16025
6 13 2 3 12 2.10639
6 13 2 3 14 2.10639
6 13 2 4 5 2.01187
6 13 2 4 7 1.73205
6 13 2 4 8 1.93309
6 13 2 4 9 2.16025
6 13 2 4 10 2.04939
6 13 2 4 11 2.08167
6 13 2 4 12 2
6 13 2 4 14 2.09938
6 13 2 5 7 1.90693
6 13 2 5 8 1.73205
6 13 2 5 9 2.08738
6 13 2 5 10 1.90693
6 13 2 5 11 2.04939
6 13 2 5 12 1.96214
6 13 2 5 14 2.01187
6 13 2 7 8 1.62019
6 13 2 7 9 2
6 13 2 7 10 1.41421
6 13 2 7 11 2
6 13 2 7 12 1.93309
6 13 2 7 14 1.81265
6 13 2 8 9 2.08167
6 13 2 8 10 2
6 13 2 8 11 2
6 13 2 8 12 2
6 13 2 8 14 2.0381
6 13 2 9 10 2.10223
6 13 2 9 11 2.2563
6 13 2 9 12 2.19644
6 13 2 9 14 2.23607
6 13 2 10 11 2.04939
6 13 2 10 12 2
6 13 2 10 14 2.10223
6 13 2 11 12 2.173
6 13 2 11 14 2.19745
6 13 2 12 14 2.16025
6 13 3 4 5 2.10357
6 13 3 4 7 2
6 13 3 4 8 2.13664
6 13 3 4 9 2.33699
6 13 3 4 10 2.28709
6 13 3 4 11 2.33699
6 13 3 4 12 2.19089
6 13 3 4 14 2.32266
6 13 3 5 7 2
6 13 3 5 8 1.73205
6 13 3 5 9 2.15297
6 13 3 5 10 2
6 13 3 5 11 2.15297
6 13 3 5 12 2
6 13 3 5 14 2.10357
6 13 3 7 8 2
6 13 3 7 9 2.16025
6 13 3 7 10 1.90693
6 13 3 7 11 2.16025
6 13 3 7 12 2.10639
6 13 3 7 14 2.10639
6 13 3 8 9 2.28446
6 13 3 8 10 2.23607
6 13 3 8 11 2.28446
6 13 3 8 12 2.19089
6 13 3 8 14 2.26385
6 13 3 9 10 2.35488
6 13 3 9 11 2.50333
6 13 3 9 12 2.44949
6 13 3 9 14 2.46311
6 13 3 10 11 2.35488
6 13 3 10 12 2.23607
6 13 3 10 14 2.35488
6 13 3 11 12 2.44949
6 13 3 11 14 2.46311
6 13 3 12 14 2.38048
6 13 4 5 7 2.01187
6 13 4 5 8 2.23607
6 13 4 5 9 2.40426
6 13 4 5 10 2.35488
6 13 4 5 11 2.33699
6 13 4 5 12 2.28446
6 13 4 5 14 2.39046
6 13 4 7 8 1.93309
6 13 4 7 9 2.16025
6 13 4 7 10 2.04939
6 13 4 7 11 2.08167
6 13 4 7 12 2
6 13 4 7 14 2.09938
6 13 4 8 9 2.58844
6 13 4 8 10 2.58844
6 13 4 8 11 2.52543
6 13 4 8 12 2.52543
6 13 4 8 14 2.58844
6 13 4 9 10 2.66231
6 13 4 9 11 2.62202
6 13 4 9 12 2.64575
6 13 4 9 14 2.68164
6 13 4 10 11 2.61406
6 13 4 10 12 2.58844
6 13 4 10 14 2.66231
6 13 4 11 12 2.53899
6 13 4 11 14 2.62216
6 13 4 12 14 2.60419
6 13 5 7 8 1.73205
6 13 5 7 9 2.08738
6 13 5 7 10 1.90693
6 13 5 7 11 2.04939
6 13 5 7 12 1.96214
6 13 5 7 14 2.01187
6 13 5 8 9 2.23607
6 13 5 8 10 2.23607
6 13 5 8 11 2.13664
6 13 5 8 12 2.13664
6 13 5 8 14 2.23607
6 13 5 9 10 2.35488
6 13 5 9 11 2.39046
6 13 5 9 12 2.44949
6 13 5 9 14 2.40426
6 13 5 10 11 2.28709
6 13 5 10 12 2.23607
6 13 5 10 14 2.35488
6 13 5 11 12 2.23607
6 13 5 11 14 2.33699
6 13 5 12 14 2.28446
6 13 7 8 9 2.08167
6 13 7 8 10 2
6 13 7 8 11 2
6 13 7 8 12 2
6 13 7 8 14 2.0381
6 13 7 9 10 2.10223
6 13 7 9 11 2.2563
6 13 7 9 12 2.19644
6 13 7 9 14 2.23607
6 13 7 10 11 2.04939
6 13 7 10 12 2
6 13 7 10 14 2.10223
6 13 7 11 12 2.173
6 13 7 11 14 2.19745
6 13 7 12 14 2.16025
6 13 8 9 10 2.64575
6 13 8 9 11 2.64575
6 13 8 9 12 2.64575
6 13 8 9 14 2.66288
6 13 8 10 11 2.58844
6 13 8 10 12 2.58844
6 13 8 10 14 2.64575
6 13 8 11 12 2.53899
6 13 8 11 14 2.60419
6 13 8 12 14 2.60419
6 13 9 10 11 2.66231
6 13 9 10 12 2.64575
6 13 9 10 14 2.71163
6 13 9 11 12 2.68949
6 13 9 11 14 2.72279
6 13 9 12 14 2.70157
6 13 10 11 12 2.58844
6 13 10 11 14 2.66231
6 13 10 12 14 2.64575
6 13 11 12 14 2.65875
