0 11 1 2 3 4 5 6 7 8 9 10 12 0
0 11 1 2 3 4 5 6 7 8 9 10 13 0
0 11 1 2 3 4 5 6 7 8 9 10 14 0
0 11 1 2 3 4 5 6 7 8 9 12 13 1
0 11 1 2 3 4 5 6 7 8 9 12 14 0
0 11 1 2 3 4 5 6 7 8 9 13 14 0
0 11 1 2 3 4 5 6 7 8 10 12 13 0
0 11 1 2 3 4 5 6 7 8 10 12 14 0
0 11 1 2 3 4 5 6 7 8 10 13 14 0
0 11 1 2 3 4 5 6 7 8 12 13 14 0
0 11 1 2 3 4 5 6 7 9 10 12 13 0
0 11 1 2 3 4 5 6 7 9 10 12 14 0
0 11 1 2 3 4 5 6 7 9 10 13 14 0
0 11 1 2 3 4 5 6 7 9 12 13 14 1
0 11 1 2 3 4 5 6 7 10 12 13 14 0
0 11 1 2 3 4 5 6 8 9 10 12 13 0
0 11 1 2 3 4 5 6 8 9 10 12 14 0
0 11 1 2 3 4 5 6 8 9 10 13 14 0
0 11 1 2 3 4 5 6 8 9 12 13 14 0
0 11 1 2 3 4 5 6 8 10 12 13 14 0
0 11 1 2 3 4 5 6 9 10 12 13 14 0
0 11 1 2 3 4 5 7 8 9 10 12 13 0
0 11 1 2 3 4 5 7 8 9 10 12 14 0
0 11 1 2 3 4 5 7 8 9 10 13 14 0
0 11 1 2 3 4 5 7 8 9 12 13 14 0
0 11 1 2 3 4 5 7 8 10 12 13 14 1
0 11 1 2 3 4 5 7 9 10 12 13 14 0
0 11 1 2 3 4 5 8 9 10 12 13 14 0
0 11 1 2 3 4 6 7 8 9 10 12 13 0
0 11 1 2 3 4 6 7 8 9 10 12 14 0
0 11 1 2 3 4 6 7 8 9 10 13 14 0
0 11 1 2 3 4 6 7 8 9 12 13 14 0
0 11 1 2 3 4 6 7 8 10 12 13 14 0
0 11 1 2 3 4 6 7 9 10 12 13 14 0
0 11 1 2 3 4 6 8 9 10 12 13 14 1
0 11 1 2 3 4 7 8 9 10 12 13 14 0
0 11 1 2 3 5 6 7 8 9 10 12 13 0
0 11 1 2 3 5 6 7 8 9 10 12 14 0
0 11 1 2 3 5 6 7 8 9 10 13 14 0
0 11 1 2 3 5 6 7 8 9 12 13 14 1
0 11 1 2 3 5 6 7 8 10 12 13 14 0
0 11 1 2 3 5 6 7 9 10 12 13 14 0
0 11 1 2 3 5 6 8 9 10 12 13 14 0
0 11 1 2 3 5 7 8 9 10 12 13 14 0
0 11 1 2 3 6 7 8 9 10 12 13 14 1
0 11 1 2 4 5 6 7 8 9 10 12 13 0
0 11 1 2 4 5 6 7 8 9 10 12 14 0
0 11 1 2 4 5 6 7 8 9 10 13 14 0
0 11 1 2 4 5 6 7 8 9 12 13 14 0
0 11 1 2 4 5 6 7 8 10 12 13 14 0
0 11 1 2 4 5 6 7 9 10 12 13 14 0
0 11 1 2 4 5 6 8 9 10 12 13 14 1
0 11 1 2 4 5 7 8 9 10 12 13 14 0
0 11 1 2 4 6 7 8 9 10 12 13 14 0
0 11 1 2 5 6 7 8 9 10 12 13 14 0
0 11 1 3 4 5 6 7 8 9 10 12 13 0
0 11 1 3 4 5 6 7 8 9 10 12 14 0
0 11 1 3 4 5 6 7 8 9 10 13 14 0
0 11 1 3 4 5 6 7 8 9 12 13 14 0
0 11 1 3 4 5 6 7 8 10 12 13 14 0
0 11 1 3 4 5 6 7 9 10 12 13 14 0
0 11 1 3 4 5 6 8 9 10 12 13 14 0
0 11 1 3 4 5 7 8 9 10 12 13 14 0
0 11 1 3 4 6 7 8 9 10 12 13 14 1
0 11 1 3 5 6 7 8 9 10 12 13 14 0
0 11 1 4 5 6 7 8 9 10 12 13 14 1
0 11 2 3 4 5 6 7 8 9 10 12 13 0
0 11 2 3 4 5 6 7 8 9 10 12 14 1
0 11 2 3 4 5 6 7 8 9 10 13 14 1
0 11 2 3 4 5 6 7 8 9 12 13 14 0
0 11 2 3 4 5 6 7 8 10 12 13 14 0
0 11 2 3 4 5 6 7 9 10 12 13 14 1
0 11 2 3 4 5 6 8 9 10 12 13 14 1
0 11 2 3 4 5 7 8 9 10 12 13 14 0
0 11 2 3 4 6 7 8 9 10 12 13 14 0
0 11 2 3 5 6 7 8 9 10 12 13 14 0
0 11 2 4 5 6 7 8 9 10 12 13 14 0
0 11 3 4 5 6 7 8 9 10 12 13 14 1
