0 11 1 2 1.93309
0 11 1 3 2
0 11 1 4 2
0 11 1 5 1.73205
0 11 1 6 2.23607
0 11 1 7 1.93309
0 11 1 8 2.19089
0 11 1 9 2.23607
0 11 1 10 2.13664
0 11 1 12 2.23607
0 11 1 13 2.23607
0 11 1 14 2.19089
0 11 2 3 2.27913
0 11 2 4 2.23846
0 11 2 5 2.19034
0 11 2 6 2.35855
0 11 2 7 2.04939
0 11 2 8 2.09069
0 11 2 9 2.35855
0 11 2 10 2.21037
0 11 2 12 2.2563
0 11 2 13 2.2563
0 11 2 14 2.31349
0 11 3 4 2.49313
0 11 3 5 2.32279
0 11 3 6 2.60641
0 11 3 7 2.27913
0 11 3 8 2.389
0 11 3 9 2.60641
0 11 3 10 2.49516
0 11 3 12 2.50333
0 11 3 13 2.50333
0 11 3 14 2.58404
0 11 4 5 2.49313
0 11 4 6 2.73434
0 11 4 7 2.23846
0 11 4 8 2.61406
0 11 4 9 2.73434
0 11 4 10 2.71343
0 11 4 12 2.62202
0 11 4 13 2.62202
0 11 4 14 2.72385
0 11 5 6 2.51151
0 11 5 7 2.19034
0 11 5 8 2.28709
0 11 5 9 2.51151
0 11 5 10 2.44831
0 11 5 12 2.39046
0 11 5 13 2.39046
0 11 5 14 2.49313
0 11 6 7 2.35855
0 11 6 8 2.68408
0 11 6 9 2.82373
0 11 6 10 2.75936
0 11 6 12 2.74064
0 11 6 13 2.74064
0 11 6 14 2.80938
0 11 7 8 2.09069
0 11 7 9 2.35855
0 11 7 10 2.21037
0 11 7 12 2.2563
0 11 7 13 2.2563
0 11 7 14 2.31349
0 11 8 9 2.68408
0 11 8 10 2.66231
0 11 8 12 2.64575
0 11 8 13 2.64575
0 11 8 14 2.67435
0 11 9 10 2.75936
0 11 9 12 2.74064
0 11 9 13 2.74064
0 11 9 14 2.80938
0 11 10 12 2.66231
0 11 10 13 2.66231
0 11 10 14 2.75936
0 11 12 13 2.68949
0 11 12 14 2.72279
0 11 13 14 2.72279
