0 11 1 2 3 1.90693
0 11 1 2 4 1.41421
0 11 1 2 5 1.73205
0 11 1 2 6 1.93309
0 11 1 2 7 1.85164
0 11 1 2 8 1.81265
0 11 1 2 9 1.93309
0 11 1 2 10 1.62019
0 11 1 2 12 1.93309
0 11 1 2 13 1.93309
0 11 1 2 14 1.81265
0 11 1 3 4 1.41421
0 11 1 3 5 1.73205
0 11 1 3 6 2
0 11 1 3 7 1.90693
0 11 1 3 8 1.90693
0 11 1 3 9 2
0 11 1 3 10 1.73205
0 11 1 3 12 2
0 11 1 3 13 2
0 11 1 3 14 1.90693
0 11 1 4 5 1.41421
0 11 1 4 6 2
0 11 1 4 7 1.41421
0 11 1 4 8 2
0 11 1 4 9 2
0 11 1 4 10 2
0 11 1 4 12 2
0 11 1 4 13 2
0 11 1 4 14 2
0 11 1 5 6 1.73205
0 11 1 5 7 1.73205
0 11 1 5 8 1.41421
0 11 1 5 9 1.73205
0 11 1 5 10 1.41421
0 11 1 5 12 1.73205
0 11 1 5 13 1.73205
0 11 1 5 14 1.41421
0 11 1 6 7 1.93309
0 11 1 6 8 2.19089
0 11 1 6 9 2.23607
0 11 1 6 10 2.13664
0 11 1 6 12 2.23607
0 11 1 6 13 2.23607
0 11 1 6 14 2.19089
0 11 1 7 8 1.81265
0 11 1 7 9 1.93309
0 11 1 7 10 1.62019
0 11 1 7 12 1.93309
0 11 1 7 13 1.93309
0 11 1 7 14 1.81265
0 11 1 8 9 2.19089
0 11 1 8 10 2.13664
0 11 1 8 12 2.19089
0 11 1 8 13 2.19089
0 11 1 8 14 2.16025
0 11 1 9 10 2.13664
0 11 1 9 12 2.23607
0 11 1 9 13 2.23607
0 11 1 9 14 2.19089
0 11 1 10 12 2.13664
0 11 1 10 13 2.13664
0 11 1 10 14 2.13664
0 11 1 12 13 2.23607
0 11 1 12 14 2.19089
0 11 1 13 14 2.19089
0 11 2 3 4 2.16556
0 11 2 3 5 2.15297
0 11 2 3 6 2.27913
0 11 2 3 7 2.04939
0 11 2 3 8 1.96214
0 11 2 3 9 2.27913
0 11 2 3 10 2.10357
0 11 2 3 12 2.16025
0 11 2 3 13 2.16025
0 11 2 3 14 2.24038
0 11 2 4 5 2.16556
0 11 2 4 6 2.23846
0 11 2 4 7 1.90693
0 11 2 4 8 2.00294
0 11 2 4 9 2.23846
0 11 2 4 10 2.17945
0 11 2 4 12 2.08167
0 11 2 4 13 2.08167
0 11 2 4 14 2.22354
0 11 2 5 6 2.19034
0 11 2 5 7 2
0 11 2 5 8 1.85164
0 11 2 5 9 2.19034
0 11 2 5 10 2.07802
0 11 2 5 12 2.04939
0 11 2 5 13 2.04939
0 11 2 5 14 2.16556
0 11 2 6 7 2.04939
0 11 2 6 8 2.09069
0 11 2 6 9 2.35855
0 11 2 6 10 2.21037
0 11 2 6 12 2.2563
0 11 2 6 13 2.2563
0 11 2 6 14 2.31349
0 11 2 7 8 1.62019
0 11 2 7 9 2.04939
0 11 2 7 10 1.73205
0 11 2 7 12 2
0 11 2 7 13 2
0 11 2 7 14 1.93309
0 11 2 8 9 2.09069
0 11 2 8 10 2.04939
0 11 2 8 12 2
0 11 2 8 13 2
0 11 2 8 14 2.08167
0 11 2 9 10 2.21037
0 11 2 9 12 2.2563
0 11 2 9 13 2.2563
0 11 2 9 14 2.31349
0 11 2 10 12 2.04939
0 11 2 10 13 2.04939
0 11 2 10 14 2.21037
0 11 2 12 13 2.173
0 11 2 12 14 2.19745
0 11 2 13 14 2.19745
0 11 3 4 5 2.29907
0 11 3 4 6 2.49313
0 11 3 4 7 2.16556
0 11 3 4 8 2.28709
0 11 3 4 9 2.49313
0 11 3 4 10 2.44831
0 11 3 4 12 2.33699
0 11 3 4 13 2.33699
0 11 3 4 14 2.48193
0 11 3 5 6 2.32279
0 11 3 5 7 2.15297
0 11 3 5 8 2
0 11 3 5 9 2.32279
0 11 3 5 10 2.23607
0 11 3 5 12 2.15297
0 11 3 5 13 2.15297
0 11 3 5 14 2.29907
0 11 3 6 7 2.27913
0 11 3 6 8 2.389
0 11 3 6 9 2.60641
0 11 3 6 10 2.49516
0 11 3 6 12 2.50333
0 11 3 6 13 2.50333
0 11 3 6 14 2.58404
0 11 3 7 8 1.96214
0 11 3 7 9 2.27913
0 11 3 7 10 2.10357
0 11 3 7 12 2.16025
0 11 3 7 13 2.16025
0 11 3 7 14 2.24038
0 11 3 8 9 2.389
0 11 3 8 10 2.35488
0 11 3 8 12 2.28446
0 11 3 8 13 2.28446
0 11 3 8 14 2.37697
0 11 3 9 10 2.49516
0 11 3 9 12 2.50333
0 11 3 9 13 2.50333
0 11 3 9 14 2.58404
0 11 3 10 12 2.35488
0 11 3 10 13 2.35488
0 11 3 10 14 2.49516
0 11 3 12 13 2.44949
0 11 3 12 14 2.46311
0 11 3 13 14 2.46311
0 11 4 5 6 2.49313
0 11 4 5 7 2.16556
0 11 4 5 8 2.28709
0 11 4 5 9 2.49313
0 11 4 5 10 2.44831
0 11 4 5 12 2.33699
0 11 4 5 13 2.33699
0 11 4 5 14 2.48193
0 11 4 6 7 2.23846
0 11 4 6 8 2.61406
0 11 4 6 9 2.73434
0 11 4 6 10 2.71343
0 11 4 6 12 2.62202
0 11 4 6 13 2.62202
0 11 4 6 14 2.72385
0 11 4 7 8 2.00294
0 11 4 7 9 2.23846
0 11 4 7 10 2.17945
0 11 4 7 12 2.08167
0 11 4 7 13 2.08167
0 11 4 7 14 2.22354
0 11 4 8 9 2.61406
0 11 4 8 10 2.61406
0 11 4 8 12 2.52543
0 11 4 8 13 2.52543
0 11 4 8 14 2.61406
0 11 4 9 10 2.71343
0 11 4 9 12 2.62202
0 11 4 9 13 2.62202
0 11 4 9 14 2.72385
0 11 4 10 12 2.61406
0 11 4 10 13 2.61406
0 11 4 10 14 2.71343
0 11 4 12 13 2.53899
0 11 4 12 14 2.62216
0 11 4 13 14 2.62216
0 11 5 6 7 2.19034
0 11 5 6 8 2.28709
0 11 5 6 9 2.51151
0 11 5 6 10 2.44831
0 11 5 6 12 2.39046
0 11 5 6 13 2.39046
0 11 5 6 14 2.49313
0 11 5 7 8 1.85164
0 11 5 7 9 2.19034
0 11 5 7 10 2.07802
0 11 5 7 12 2.04939
0 11 5 7 13 2.04939
0 11 5 7 14 2.16556
0 11 5 8 9 2.28709
0 11 5 8 10 2.28709
0 11 5 8 12 2.13664
0 11 5 8 13 2.13664
0 11 5 8 14 2.28709
0 11 5 9 10 2.44831
0 11 5 9 12 2.39046
0 11 5 9 13 2.39046
0 11 5 9 14 2.49313
0 11 5 10 12 2.28709
0 11 5 10 13 2.28709
0 11 5 10 14 2.44831
0 11 5 12 13 2.23607
0 11 5 12 14 2.33699
0 11 5 13 14 2.33699
0 11 6 7 8 2.09069
0 11 6 7 9 2.35855
0 11 6 7 10 2.21037
0 11 6 7 12 2.2563
0 11 6 7 13 2.2563
0 11 6 7 14 2.31349
0 11 6 8 9 2.68408
0 11 6 8 10 2.66231
0 11 6 8 12 2.64575
0 11 6 8 13 2.64575
0 11 6 8 14 2.67435
0 11 6 9 10 2.75936
0 11 6 9 12 2.74064
0 11 6 9 13 2.74064
0 11 6 9 14 2.80938
0 11 6 10 12 2.66231
0 11 6 10 13 2.66231
0 11 6 10 14 2.75936
0 11 6 12 13 2.68949
0 11 6 12 14 2.72279
0 11 6 13 14 2.72279
0 11 7 8 9 2.09069
0 11 7 8 10 2.04939
0 11 7 8 12 2
0 11 7 8 13 2
0 11 7 8 14 2.08167
0 11 7 9 10 2.21037
0 11 7 9 12 2.2563
0 11 7 9 13 2.2563
0 11 7 9 14 2.31349
0 11 7 10 12 2.04939
0 11 7 10 13 2.04939
0 11 7 10 14 2.21037
0 11 7 12 13 2.173
0 11 7 12 14 2.19745
0 11 7 13 14 2.19745
0 11 8 9 10 2.66231
0 11 8 9 12 2.64575
0 11 8 9 13 2.64575
0 11 8 9 14 2.67435
0 11 8 10 12 2.58844
0 11 8 10 13 2.58844
0 11 8 10 14 2.66231
0 11 8 12 13 2.53899
0 11 8 12 14 2.60419
0 11 8 13 14 2.60419
0 11 9 10 12 2.66231
0 11 9 10 13 2.66231
0 11 9 10 14 2.75936
0 11 9 12 13 2.68949
0 11 9 12 14 2.72279
0 11 9 13 14 2.72279
0 11 10 12 13 2.58844
0 11 10 12 14 2.66231
0 11 10 13 14 2.66231
0 11 12 13 14 2.65875
