4 12 0 1 2 3 5 6 7 8 9 10 11 0
4 12 0 1 2 3 5 6 7 8 9 10 13 0
4 12 0 1 2 3 5 6 7 8 9 10 14 0
4 12 0 1 2 3 5 6 7 8 9 11 13 1
4 12 0 1 2 3 5 6 7 8 9 11 14 0
4 12 0 1 2 3 5 6 7 8 9 13 14 0
4 12 0 1 2 3 5 6 7 8 10 11 13 0
4 12 0 1 2 3 5 6 7 8 10 11 14 0
4 12 0 1 2 3 5 6 7 8 10 13 14 0
4 12 0 1 2 3 5 6 7 8 11 13 14 0
4 12 0 1 2 3 5 6 7 9 10 11 13 0
4 12 0 1 2 3 5 6 7 9 10 11 14 0
4 12 0 1 2 3 5 6 7 9 10 13 14 0
4 12 0 1 2 3 5 6 7 9 11 13 14 1
4 12 0 1 2 3 5 6 7 10 11 13 14 0
4 12 0 1 2 3 5 6 8 9 10 11 13 0
4 12 0 1 2 3 5 6 8 9 10 11 14 0
4 12 0 1 2 3 5 6 8 9 10 13 14 0
4 12 0 1 2 3 5 6 8 9 11 13 14 0
4 12 0 1 2 3 5 6 8 10 11 13 14 0
4 12 0 1 2 3 5 6 9 10 11 13 14 0
4 12 0 1 2 3 5 7 8 9 10 11 13 0
4 12 0 1 2 3 5 7 8 9 10 11 14 0
4 12 0 1 2 3 5 7 8 9 10 13 14 1
4 12 0 1 2 3 5 7 8 9 11 13 14 0
4 12 0 1 2 3 5 7 8 10 11 13 14 1
4 12 0 1 2 3 5 7 9 10 11 13 14 0
4 12 0 1 2 3 5 8 9 10 11 13 14 0
4 12 0 1 2 3 6 7 8 9 10 11 13 0
4 12 0 1 2 3 6 7 8 9 10 11 14 0
4 12 0 1 2 3 6 7 8 9 10 13 14 0
4 12 0 1 2 3 6 7 8 9 11 13 14 0
4 12 0 1 2 3 6 7 8 10 11 13 14 0
4 12 0 1 2 3 6 7 9 10 11 13 14 0
4 12 0 1 2 3 6 8 9 10 11 13 14 1
4 12 0 1 2 3 7 8 9 10 11 13 14 0
4 12 0 1 2 5 6 7 8 9 10 11 13 0
4 12 0 1 2 5 6 7 8 9 10 11 14 0
4 12 0 1 2 5 6 7 8 9 10 13 14 1
4 12 0 1 2 5 6 7 8 9 11 13 14 0
4 12 0 1 2 5 6 7 8 10 11 13 14 0
4 12 0 1 2 5 6 7 9 10 11 13 14 0
4 12 0 1 2 5 6 8 9 10 11 13 14 1
4 12 0 1 2 5 7 8 9 10 11 13 14 0
4 12 0 1 2 6 7 8 9 10 11 13 14 0
4 12 0 1 3 5 6 7 8 9 10 11 13 0
4 12 0 1 3 5 6 7 8 9 10 11 14 0
4 12 0 1 3 5 6 7 8 9 10 13 14 0
4 12 0 1 3 5 6 7 8 9 11 13 14 0
4 12 0 1 3 5 6 7 8 10 11 13 14 0
4 12 0 1 3 5 6 7 9 10 11 13 14 0
4 12 0 1 3 5 6 8 9 10 11 13 14 0
4 12 0 1 3 5 7 8 9 10 11 13 14 0
4 12 0 1 3 6 7 8 9 10 11 13 14 1
4 12 0 1 5 6 7 8 9 10 11 13 14 1
4 12 0 2 3 5 6 7 8 9 10 11 13 0
4 12 0 2 3 5 6 7 8 9 10 11 14 1
4 12 0 2 3 5 6 7 8 9 10 13 14 0
4 12 0 2 3 5 6 7 8 9 11 13 14 0
4 12 0 2 3 5 6 7 8 10 11 13 14 0
4 12 0 2 3 5 6 7 9 10 11 13 14 1
4 12 0 2 3 5 6 8 9 10 11 13 14 1
4 12 0 2 3 5 7 8 9 10 11 13 14 0
4 12 0 2 3 6 7 8 9 10 11 13 14 0
4 12 0 2 5 6 7 8 9 10 11 13 14 0
4 12 0 3 5 6 7 8 9 10 11 13 14 1
4 12 1 2 3 5 6 7 8 9 10 11 13 0
4 12 1 2 3 5 6 7 8 9 10 11 14 1
4 12 1 2 3 5 6 7 8 9 10 13 14 0
4 12 1 2 3 5 6 7 8 9 11 13 14 0
4 12 1 2 3 5 6 7 8 10 11 13 14 0
4 12 1 2 3 5 6 7 9 10 11 13 14 0
4 12 1 2 3 5 6 8 9 10 11 13 14 0
4 12 1 2 3 5 7 8 9 10 11 13 14 0
4 12 1 2 3 6 7 8 9 10 11 13 14 0
4 12 1 2 5 6 7 8 9 10 11 13 14 0
4 12 1 3 5 6 7 8 9 10 11 13 14 0
4 12 2 3 5 6 7 8 9 10 11 13 14 0
