6 9 0 1 2.44949
6 9 0 2 2.39792
6 9 0 3 2.60641
6 9 0 4 2.77146
6 9 0 5 2.59808
6 9 0 7 2.39792
6 9 0 8 2.7314
6 9 0 10 2.79903
6 9 0 11 2.82373
6 9 0 12 2.77833
6 9 0 13 2.77833
6 9 0 14 2.84346
6 9 1 2 1.96214
6 9 1 3 2
6 9 1 4 2.13664
6 9 1 5 1.73205
6 9 1 7 1.96214
6 9 1 8 2.28446
6 9 1 10 2.23607
6 9 1 11 2.23607
6 9 1 12 2.44949
6 9 1 13 2.44949
6 9 1 14 2.28446
6 9 2 3 2.326
6 9 2 4 2.34521
6 9 2 5 2.25948
6 9 2 7 2.08167
6 9 2 8 2.1693
6 9 2 10 2.26855
6 9 2 11 2.38791
6 9 2 12 2.29989
6 9 2 13 2.27798
6 9 2 14 2.36834
6 9 3 4 2.53859
6 9 3 5 2.37
6 9 3 7 2.326
6 9 3 8 2.42507
6 9 3 10 2.52678
6 9 3 11 2.63095
6 9 3 12 2.51916
6 9 3 13 2.50333
6 9 3 14 2.60951
6 9 4 5 2.55604
6 9 4 7 2.34521
6 9 4 8 2.68164
6 9 4 10 2.77498
6 9 4 11 2.74169
6 9 4 12 2.67169
6 9 4 13 2.67896
6 9 4 14 2.77991
6 9 5 7 2.25948
6 9 5 8 2.39046
6 9 5 10 2.52678
6 9 5 11 2.56038
6 9 5 12 2.44949
6 9 5 13 2.42997
6 9 5 14 2.55604
6 9 7 8 2.1693
6 9 7 10 2.26855
6 9 7 11 2.38791
6 9 7 12 2.29989
6 9 7 13 2.27798
6 9 7 14 2.36834
6 9 8 10 2.72185
6 9 8 11 2.69472
6 9 8 12 2.67706
6 9 8 13 2.65417
6 9 8 14 2.73139
6 9 10 11 2.77498
6 9 10 12 2.72185
6 9 10 13 2.71163
6 9 10 14 2.81268
6 9 11 12 2.73861
6 9 11 13 2.74064
6 9 11 14 2.81356
6 9 12 13 2.71341
6 9 12 14 2.77498
6 9 13 14 2.76353
