6 9 0 1 2 1.96214
6 9 0 1 3 2
6 9 0 1 4 2.13664
6 9 0 1 5 1.73205
6 9 0 1 7 1.96214
6 9 0 1 8 2.28446
6 9 0 1 10 2.23607
6 9 0 1 11 2.23607
6 9 0 1 12 2.44949
6 9 0 1 13 2.44949
6 9 0 1 14 2.28446
6 9 0 2 3 2.27913
6 9 0 2 4 2.27689
6 9 0 2 5 2.21303
6 9 0 2 7 2.04939
6 9 0 2 8 2.1391
6 9 0 2 10 2.23607
6 9 0 2 11 2.35855
6 9 0 2 12 2.27798
6 9 0 2 13 2.27798
6 9 0 2 14 2.34521
6 9 0 3 4 2.49313
6 9 0 3 5 2.32279
6 9 0 3 7 2.27913
6 9 0 3 8 2.389
6 9 0 3 10 2.49516
6 9 0 3 11 2.60641
6 9 0 3 12 2.50333
6 9 0 3 13 2.50333
6 9 0 3 14 2.58404
6 9 0 4 5 2.57391
6 9 0 4 7 2.27689
6 9 0 4 8 2.66231
6 9 0 4 10 2.75936
6 9 0 4 11 2.73434
6 9 0 4 12 2.67896
6 9 0 4 13 2.67896
6 9 0 4 14 2.77498
6 9 0 5 7 2.21303
6 9 0 5 8 2.35488
6 9 0 5 10 2.49516
6 9 0 5 11 2.51151
6 9 0 5 12 2.42997
6 9 0 5 13 2.42997
6 9 0 5 14 2.57391
6 9 0 7 8 2.1391
6 9 0 7 10 2.23607
6 9 0 7 11 2.35855
6 9 0 7 12 2.27798
6 9 0 7 13 2.27798
6 9 0 7 14 2.34521
6 9 0 8 10 2.71163
6 9 0 8 11 2.68408
6 9 0 8 12 2.65417
6 9 0 8 13 2.65417
6 9 0 8 14 2.72172
6 9 0 10 11 2.75936
6 9 0 10 12 2.71163
6 9 0 10 13 2.71163
6 9 0 10 14 2.79903
6 9 0 11 12 2.74064
6 9 0 11 13 2.74064
6 9 0 11 14 2.80938
6 9 0 12 13 2.71341
6 9 0 12 14 2.76353
6 9 0 13 14 2.76353
6 9 1 2 3 1.90693
6 9 1 2 4 1.62019
6 9 1 2 5 1.73205
6 9 1 2 7 1.85164
6 9 1 2 8 2
6 9 1 2 10 1.73205
6 9 1 2 11 1.93309
6 9 1 2 12 1.96214
6 9 1 2 13 1.96214
6 9 1 2 14 2
6 9 1 3 4 1.41421
6 9 1 3 5 1.73205
6 9 1 3 7 1.90693
6 9 1 3 8 1.90693
6 9 1 3 10 1.73205
6 9 1 3 11 2
6 9 1 3 12 2
6 9 1 3 13 2
6 9 1 3 14 1.90693
6 9 1 4 5 1.73205
6 9 1 4 7 1.62019
6 9 1 4 8 2.13664
6 9 1 4 10 2.13664
6 9 1 4 11 2
6 9 1 4 12 2.13664
6 9 1 4 13 2.13664
6 9 1 4 14 2.13664
6 9 1 5 7 1.73205
6 9 1 5 8 1.73205
6 9 1 5 10 1.73205
6 9 1 5 11 1.73205
6 9 1 5 12 1.73205
6 9 1 5 13 1.73205
6 9 1 5 14 1.73205
6 9 1 7 8 2
6 9 1 7 10 1.73205
6 9 1 7 11 1.93309
6 9 1 7 12 1.96214
6 9 1 7 13 1.96214
6 9 1 7 14 2
6 9 1 8 10 2.23607
6 9 1 8 11 2.19089
6 9 1 8 12 2.28446
6 9 1 8 13 2.28446
6 9 1 8 14 2.26385
6 9 1 10 11 2.13664
6 9 1 10 12 2.23607
6 9 1 10 13 2.23607
6 9 1 10 14 2.23607
6 9 1 11 12 2.23607
6 9 1 11 13 2.23607
6 9 1 11 14 2.19089
6 9 1 12 13 2.44949
6 9 1 12 14 2.28446
6 9 1 13 14 2.28446
6 9 2 3 4 2.23607
6 9 2 3 5 2.19034
6 9 2 3 7 2.08167
6 9 2 3 8 2.02367
6 9 2 3 10 2.16556
6 9 2 3 11 2.326
6 9 2 3 12 2.20605
6 9 2 3 13 2.16025
6 9 2 3 14 2.27837
6 9 2 4 5 2.22985
6 9 2 4 7 2
6 9 2 4 8 2.09938
6 9 2 4 10 2.2514
6 9 2 4 11 2.28239
6 9 2 4 12 2.15322
6 9 2 4 13 2.16025
6 9 2 4 14 2.29256
6 9 2 5 7 2.04939
6 9 2 5 8 2
6 9 2 5 10 2.16556
6 9 2 5 11 2.24649
6 9 2 5 12 2.12916
6 9 2 5 13 2.08738
6 9 2 5 14 2.22985
6 9 2 7 8 1.62019
6 9 2 7 10 1.85164
6 9 2 7 11 2.08167
6 9 2 7 12 2
6 9 2 7 13 2
6 9 2 7 14 2
6 9 2 8 10 2.13809
6 9 2 8 11 2.14154
6 9 2 8 12 2.08167
6 9 2 8 13 2.08167
6 9 2 8 14 2.15322
6 9 2 10 11 2.2514
6 9 2 10 12 2.13809
6 9 2 10 13 2.10223
6 9 2 10 14 2.26855
6 9 2 11 12 2.27761
6 9 2 11 13 2.2563
6 9 2 11 14 2.34937
6 9 2 12 13 2.19644
6 9 2 12 14 2.24846
6 9 2 13 14 2.23607
6 9 3 4 5 2.35584
6 9 3 4 7 2.23607
6 9 3 4 8 2.32266
6 9 3 4 10 2.48193
6 9 3 4 11 2.53859
6 9 3 4 12 2.36827
6 9 3 4 13 2.33699
6 9 3 4 14 2.50805
6 9 3 5 7 2.19034
6 9 3 5 8 2.07802
6 9 3 5 10 2.29129
6 9 3 5 11 2.37
6 9 3 5 12 2.19034
6 9 3 5 13 2.15297
6 9 3 5 14 2.35584
6 9 3 7 8 2.02367
6 9 3 7 10 2.16556
6 9 3 7 11 2.326
6 9 3 7 12 2.20605
6 9 3 7 13 2.16025
6 9 3 7 14 2.27837
6 9 3 8 10 2.39046
6 9 3 8 11 2.42507
6 9 3 8 12 2.3094
6 9 3 8 13 2.28446
6 9 3 8 14 2.40662
6 9 3 10 11 2.52678
6 9 3 10 12 2.39046
6 9 3 10 13 2.35488
6 9 3 10 14 2.52678
6 9 3 11 12 2.51916
6 9 3 11 13 2.50333
6 9 3 11 14 2.60951
6 9 3 12 13 2.44949
6 9 3 12 14 2.5
6 9 3 13 14 2.46311
6 9 4 5 7 2.22985
6 9 4 5 8 2.39046
6 9 4 5 10 2.52678
6 9 4 5 11 2.53859
6 9 4 5 12 2.42487
6 9 4 5 13 2.40426
6 9 4 5 14 2.56038
6 9 4 7 8 2.09938
6 9 4 7 10 2.2514
6 9 4 7 11 2.28239
6 9 4 7 12 2.15322
6 9 4 7 13 2.16025
6 9 4 7 14 2.29256
6 9 4 8 10 2.68164
6 9 4 8 11 2.62216
6 9 4 8 12 2.60419
6 9 4 8 13 2.58844
6 9 4 8 14 2.68164
6 9 4 10 11 2.72385
6 9 4 10 12 2.68164
6 9 4 10 13 2.66231
6 9 4 10 14 2.77498
6 9 4 11 12 2.6176
6 9 4 11 13 2.62202
6 9 4 11 14 2.74037
6 9 4 12 13 2.64575
6 9 4 12 14 2.64575
6 9 4 13 14 2.68164
6 9 5 7 8 2
6 9 5 7 10 2.16556
6 9 5 7 11 2.24649
6 9 5 7 12 2.12916
6 9 5 7 13 2.08738
6 9 5 7 14 2.22985
6 9 5 8 10 2.39046
6 9 5 8 11 2.32266
6 9 5 8 12 2.26385
6 9 5 8 13 2.23607
6 9 5 8 14 2.39046
6 9 5 10 11 2.48193
6 9 5 10 12 2.39046
6 9 5 10 13 2.35488
6 9 5 10 14 2.52678
6 9 5 11 12 2.39792
6 9 5 11 13 2.39046
6 9 5 11 14 2.53859
6 9 5 12 13 2.44949
6 9 5 12 14 2.42487
6 9 5 13 14 2.40426
6 9 7 8 10 2.13809
6 9 7 8 11 2.14154
6 9 7 8 12 2.08167
6 9 7 8 13 2.08167
6 9 7 8 14 2.15322
6 9 7 10 11 2.2514
6 9 7 10 12 2.13809
6 9 7 10 13 2.10223
6 9 7 10 14 2.26855
6 9 7 11 12 2.27761
6 9 7 11 13 2.2563
6 9 7 11 14 2.34937
6 9 7 12 13 2.19644
6 9 7 12 14 2.24846
6 9 7 13 14 2.23607
6 9 8 10 11 2.68164
6 9 8 10 12 2.66288
6 9 8 10 13 2.64575
6 9 8 10 14 2.72185
6 9 8 11 12 2.62912
6 9 8 11 13 2.64575
6 9 8 11 14 2.69077
6 9 8 12 13 2.64575
6 9 8 12 14 2.67842
6 9 8 13 14 2.66288
6 9 10 11 12 2.68164
6 9 10 11 13 2.66231
6 9 10 11 14 2.77498
6 9 10 12 13 2.64575
6 9 10 12 14 2.72185
6 9 10 13 14 2.71163
6 9 11 12 13 2.68949
6 9 11 12 14 2.71649
6 9 11 13 14 2.72279
6 9 12 13 14 2.70157
