6 9 0 1 2 3 4 1.41421
6 9 0 1 2 3 5 1.73205
6 9 0 1 2 3 7 1.85164
6 9 0 1 2 3 8 1.73205
6 9 0 1 2 3 10 1.41421
6 9 0 1 2 3 11 1.90693
6 9 0 1 2 3 12 1.90693
6 9 0 1 2 3 13 1.90693
6 9 0 1 2 3 14 1.73205
6 9 0 1 2 4 5 1.41421
6 9 0 1 2 4 7 1.41421
6 9 0 1 2 4 8 1.62019
6 9 0 1 2 4 10 1.62019
6 9 0 1 2 4 11 1.41421
6 9 0 1 2 4 12 1.62019
6 9 0 1 2 4 13 1.62019
6 9 0 1 2 4 14 1.62019
6 9 0 1 2 5 7 1.73205
6 9 0 1 2 5 8 1.41421
6 9 0 1 2 5 10 1.41421
6 9 0 1 2 5 11 1.73205
6 9 0 1 2 5 12 1.73205
6 9 0 1 2 5 13 1.73205
6 9 0 1 2 5 14 1.41421
6 9 0 1 2 7 8 1.62019
6 9 0 1 2 7 10 1
6 9 0 1 2 7 11 1.85164
6 9 0 1 2 7 12 1.85164
6 9 0 1 2 7 13 1.85164
6 9 0 1 2 7 14 1.62019
6 9 0 1 2 8 10 1.73205
6 9 0 1 2 8 11 1.81265
6 9 0 1 2 8 12 2
6 9 0 1 2 8 13 2
6 9 0 1 2 8 14 1.81265
6 9 0 1 2 10 11 1.62019
6 9 0 1 2 10 12 1.73205
6 9 0 1 2 10 13 1.73205
6 9 0 1 2 10 14 1.73205
6 9 0 1 2 11 12 1.93309
6 9 0 1 2 11 13 1.93309
6 9 0 1 2 11 14 1.81265
6 9 0 1 2 12 13 1.96214
6 9 0 1 2 12 14 2
6 9 0 1 2 13 14 2
6 9 0 1 3 4 5 1.41421
6 9 0 1 3 4 7 1.41421
6 9 0 1 3 4 8 1.41421
6 9 0 1 3 4 10 1.41421
6 9 0 1 3 4 11 1.41421
6 9 0 1 3 4 12 1.41421
6 9 0 1 3 4 13 1.41421
6 9 0 1 3 4 14 1.41421
6 9 0 1 3 5 7 1.73205
6 9 0 1 3 5 8 1.41421
6 9 0 1 3 5 10 0
6 9 0 1 3 5 11 1.73205
6 9 0 1 3 5 12 1.73205
6 9 0 1 3 5 13 1.73205
6 9 0 1 3 5 14 1.41421
6 9 0 1 3 7 8 1.73205
6 9 0 1 3 7 10 1.41421
6 9 0 1 3 7 11 1.90693
6 9 0 1 3 7 12 1.90693
6 9 0 1 3 7 13 1.90693
6 9 0 1 3 7 14 1.73205
6 9 0 1 3 8 10 1.73205
6 9 0 1 3 8 11 1.90693
6 9 0 1 3 8 12 1.90693
6 9 0 1 3 8 13 1.90693
6 9 0 1 3 8 14 1.85164
6 9 0 1 3 10 11 1.73205
6 9 0 1 3 10 12 1.73205
6 9 0 1 3 10 13 1.73205
6 9 0 1 3 10 14 1.73205
6 9 0 1 3 11 12 2
6 9 0 1 3 11 13 2
6 9 0 1 3 11 14 1.90693
6 9 0 1 3 12 13 2
6 9 0 1 3 12 14 1.90693
6 9 0 1 3 13 14 1.90693
6 9 0 1 4 5 7 1.41421
6 9 0 1 4 5 8 1.73205
6 9 0 1 4 5 10 1.73205
6 9 0 1 4 5 11 1.41421
6 9 0 1 4 5 12 1.73205
6 9 0 1 4 5 13 1.73205
6 9 0 1 4 5 14 1.73205
6 9 0 1 4 7 8 1.62019
6 9 0 1 4 7 10 1.62019
6 9 0 1 4 7 11 1.41421
6 9 0 1 4 7 12 1.62019
6 9 0 1 4 7 13 1.62019
6 9 0 1 4 7 14 1.62019
6 9 0 1 4 8 10 2.13664
6 9 0 1 4 8 11 2
6 9 0 1 4 8 12 2.13664
6 9 0 1 4 8 13 2.13664
6 9 0 1 4 8 14 2.13664
6 9 0 1 4 10 11 2
6 9 0 1 4 10 12 2.13664
6 9 0 1 4 10 13 2.13664
6 9 0 1 4 10 14 2.13664
6 9 0 1 4 11 12 2
6 9 0 1 4 11 13 2
6 9 0 1 4 11 14 2
6 9 0 1 4 12 13 2.13664
6 9 0 1 4 12 14 2.13664
6 9 0 1 4 13 14 2.13664
6 9 0 1 5 7 8 1.41421
6 9 0 1 5 7 10 1.41421
6 9 0 1 5 7 11 1.73205
6 9 0 1 5 7 12 1.73205
6 9 0 1 5 7 13 1.73205
6 9 0 1 5 7 14 1.41421
6 9 0 1 5 8 10 1.73205
6 9 0 1 5 8 11 1.41421
6 9 0 1 5 8 12 1.73205
6 9 0 1 5 8 13 1.73205
6 9 0 1 5 8 14 1.73205
6 9 0 1 5 10 11 1.41421
6 9 0 1 5 10 12 1.73205
6 9 0 1 5 10 13 1.73205
6 9 0 1 5 10 14 1.73205
6 9 0 1 5 11 12 1.73205
6 9 0 1 5 11 13 1.73205
6 9 0 1 5 11 14 1.41421
6 9 0 1 5 12 13 1.73205
6 9 0 1 5 12 14 1.73205
6 9 0 1 5 13 14 1.73205
6 9 0 1 7 8 10 1.73205
6 9 0 1 7 8 11 1.81265
6 9 0 1 7 8 12 2
6 9 0 1 7 8 13 2
6 9 0 1 7 8 14 1.81265
6 9 0 1 7 10 11 1.62019
6 9 0 1 7 10 12 1.73205
6 9 0 1 7 10 13 1.73205
6 9 0 1 7 10 14 1.73205
6 9 0 1 7 11 12 1.93309
6 9 0 1 7 11 13 1.93309
6 9 0 1 7 11 14 1.81265
6 9 0 1 7 12 13 1.96214
6 9 0 1 7 12 14 2
6 9 0 1 7 13 14 2
6 9 0 1 8 10 11 2.13664
6 9 0 1 8 10 12 2.23607
6 9 0 1 8 10 13 2.23607
6 9 0 1 8 10 14 2.23607
6 9 0 1 8 11 12 2.19089
6 9 0 1 8 11 13 2.19089
6 9 0 1 8 11 14 2.16025
6 9 0 1 8 12 13 2.28446
6 9 0 1 8 12 14 2.26385
6 9 0 1 8 13 14 2.26385
6 9 0 1 10 11 12 2.13664
6 9 0 1 10 11 13 2.13664
6 9 0 1 10 11 14 2.13664
6 9 0 1 10 12 13 2.23607
6 9 0 1 10 12 14 2.23607
6 9 0 1 10 13 14 2.23607
6 9 0 1 11 12 13 2.23607
6 9 0 1 11 12 14 2.19089
6 9 0 1 11 13 14 2.19089
6 9 0 1 12 13 14 2.28446
6 9 0 2 3 4 5 2.10357
6 9 0 2 3 4 7 1.90693
6 9 0 2 3 4 8 1.85164
6 9 0 2 3 4 10 2.07802
6 9 0 2 3 4 11 2.16556
6 9 0 2 3 4 12 2
6 9 0 2 3 4 13 2
6 9 0 2 3 4 14 2.13809
6 9 0 2 3 5 7 2
6 9 0 2 3 5 8 1.73205
6 9 0 2 3 5 10 2
6 9 0 2 3 5 11 2.15297
6 9 0 2 3 5 12 2
6 9 0 2 3 5 13 2
6 9 0 2 3 5 14 2.10357
6 9 0 2 3 7 8 1.62019
6 9 0 2 3 7 10 1.73205
6 9 0 2 3 7 11 2.04939
6 9 0 2 3 7 12 2
6 9 0 2 3 7 13 2
6 9 0 2 3 7 14 1.93309
6 9 0 2 3 8 10 1.90693
6 9 0 2 3 8 11 1.96214
6 9 0 2 3 8 12 2
6 9 0 2 3 8 13 2
6 9 0 2 3 8 14 1.93309
6 9 0 2 3 10 11 2.10357
6 9 0 2 3 10 12 1.90693
6 9 0 2 3 10 13 1.90693
6 9 0 2 3 10 14 2.10357
6 9 0 2 3 11 12 2.16025
6 9 0 2 3 11 13 2.16025
6 9 0 2 3 11 14 2.24038
6 9 0 2 3 12 13 2.10639
6 9 0 2 3 12 14 2.10639
6 9 0 2 3 13 14 2.10639
6 9 0 2 4 5 7 1.90693
6 9 0 2 4 5 8 1.90693
6 9 0 2 4 5 10 2.10357
6 9 0 2 4 5 11 2.16556
6 9 0 2 4 5 12 2.01187
6 9 0 2 4 5 13 2.01187
6 9 0 2 4 5 14 2.16556
6 9 0 2 4 7 8 1.41421
6 9 0 2 4 7 10 1.73205
6 9 0 2 4 7 11 1.90693
6 9 0 2 4 7 12 1.73205
6 9 0 2 4 7 13 1.73205
6 9 0 2 4 7 14 1.85164
6 9 0 2 4 8 10 2.04939
6 9 0 2 4 8 11 2.00294
6 9 0 2 4 8 12 1.93309
6 9 0 2 4 8 13 1.93309
6 9 0 2 4 8 14 2.04939
6 9 0 2 4 10 11 2.17945
6 9 0 2 4 10 12 2.04939
6 9 0 2 4 10 13 2.04939
6 9 0 2 4 10 14 2.21037
6 9 0 2 4 11 12 2.08167
6 9 0 2 4 11 13 2.08167
6 9 0 2 4 11 14 2.22354
6 9 0 2 4 12 13 2
6 9 0 2 4 12 14 2.09938
6 9 0 2 4 13 14 2.09938
6 9 0 2 5 7 8 1.41421
6 9 0 2 5 7 10 1.73205
6 9 0 2 5 7 11 2
6 9 0 2 5 7 12 1.90693
6 9 0 2 5 7 13 1.90693
6 9 0 2 5 7 14 1.90693
6 9 0 2 5 8 10 1.90693
6 9 0 2 5 8 11 1.85164
6 9 0 2 5 8 12 1.73205
6 9 0 2 5 8 13 1.73205
6 9 0 2 5 8 14 1.90693
6 9 0 2 5 10 11 2.07802
6 9 0 2 5 10 12 1.90693
6 9 0 2 5 10 13 1.90693
6 9 0 2 5 10 14 2.10357
6 9 0 2 5 11 12 2.04939
6 9 0 2 5 11 13 2.04939
6 9 0 2 5 11 14 2.16556
6 9 0 2 5 12 13 1.96214
6 9 0 2 5 12 14 2.01187
6 9 0 2 5 13 14 2.01187
6 9 0 2 7 8 10 1.41421
6 9 0 2 7 8 11 1.62019
6 9 0 2 7 8 12 1.62019
6 9 0 2 7 8 13 1.62019
6 9 0 2 7 8 14 1.41421
6 9 0 2 7 10 11 1.73205
6 9 0 2 7 10 12 1.41421
6 9 0 2 7 10 13 1.41421
6 9 0 2 7 10 14 1.73205
6 9 0 2 7 11 12 2
6 9 0 2 7 11 13 2
6 9 0 2 7 11 14 1.93309
6 9 0 2 7 12 13 1.93309
6 9 0 2 7 12 14 1.81265
6 9 0 2 7 13 14 1.81265
6 9 0 2 8 10 11 2.04939
6 9 0 2 8 10 12 2
6 9 0 2 8 10 13 2
6 9 0 2 8 10 14 2.10223
6 9 0 2 8 11 12 2
6 9 0 2 8 11 13 2
6 9 0 2 8 11 14 2.08167
6 9 0 2 8 12 13 2
6 9 0 2 8 12 14 2.0381
6 9 0 2 8 13 14 2.0381
6 9 0 2 10 11 12 2.04939
6 9 0 2 10 11 13 2.04939
6 9 0 2 10 11 14 2.21037
6 9 0 2 10 12 13 2
6 9 0 2 10 12 14 2.10223
6 9 0 2 10 13 14 2.10223
6 9 0 2 11 12 13 2.173
6 9 0 2 11 12 14 2.19745
6 9 0 2 11 13 14 2.19745
6 9 0 2 12 13 14 2.16025
6 9 0 3 4 5 7 2.10357
6 9 0 3 4 5 8 2
6 9 0 3 4 5 10 2.23607
6 9 0 3 4 5 11 2.29907
6 9 0 3 4 5 12 2.10357
6 9 0 3 4 5 13 2.10357
6 9 0 3 4 5 14 2.29129
6 9 0 3 4 7 8 1.85164
6 9 0 3 4 7 10 2.07802
6 9 0 3 4 7 11 2.16556
6 9 0 3 4 7 12 2
6 9 0 3 4 7 13 2
6 9 0 3 4 7 14 2.13809
6 9 0 3 4 8 10 2.28709
6 9 0 3 4 8 11 2.28709
6 9 0 3 4 8 12 2.13664
6 9 0 3 4 8 13 2.13664
6 9 0 3 4 8 14 2.28709
6 9 0 3 4 10 11 2.44831
6 9 0 3 4 10 12 2.28709
6 9 0 3 4 10 13 2.28709
6 9 0 3 4 10 14 2.44831
6 9 0 3 4 11 12 2.33699
6 9 0 3 4 11 13 2.33699
6 9 0 3 4 11 14 2.48193
6 9 0 3 4 12 13 2.19089
6 9 0 3 4 12 14 2.32266
6 9 0 3 4 13 14 2.32266
6 9 0 3 5 7 8 1.73205
6 9 0 3 5 7 10 2
6 9 0 3 5 7 11 2.15297
6 9 0 3 5 7 12 2
6 9 0 3 5 7 13 2
6 9 0 3 5 7 14 2.10357
6 9 0 3 5 8 10 2
6 9 0 3 5 8 11 2
6 9 0 3 5 8 12 1.73205
6 9 0 3 5 8 13 1.73205
6 9 0 3 5 8 14 2
6 9 0 3 5 10 11 2.23607
6 9 0 3 5 10 12 2
6 9 0 3 5 10 13 2
6 9 0 3 5 10 14 2.23607
6 9 0 3 5 11 12 2.15297
6 9 0 3 5 11 13 2.15297
6 9 0 3 5 11 14 2.29907
6 9 0 3 5 12 13 2
6 9 0 3 5 12 14 2.10357
6 9 0 3 5 13 14 2.10357
6 9 0 3 7 8 10 1.90693
6 9 0 3 7 8 11 1.96214
6 9 0 3 7 8 12 2
6 9 0 3 7 8 13 2
6 9 0 3 7 8 14 1.93309
6 9 0 3 7 10 11 2.10357
6 9 0 3 7 10 12 1.90693
6 9 0 3 7 10 13 1.90693
6 9 0 3 7 10 14 2.10357
6 9 0 3 7 11 12 2.16025
6 9 0 3 7 11 13 2.16025
6 9 0 3 7 11 14 2.24038
6 9 0 3 7 12 13 2.10639
6 9 0 3 7 12 14 2.10639
6 9 0 3 7 13 14 2.10639
6 9 0 3 8 10 11 2.35488
6 9 0 3 8 10 12 2.23607
6 9 0 3 8 10 13 2.23607
6 9 0 3 8 10 14 2.35488
6 9 0 3 8 11 12 2.28446
6 9 0 3 8 11 13 2.28446
6 9 0 3 8 11 14 2.37697
6 9 0 3 8 12 13 2.19089
6 9 0 3 8 12 14 2.26385
6 9 0 3 8 13 14 2.26385
6 9 0 3 10 11 12 2.35488
6 9 0 3 10 11 13 2.35488
6 9 0 3 10 11 14 2.49516
6 9 0 3 10 12 13 2.23607
6 9 0 3 10 12 14 2.35488
6 9 0 3 10 13 14 2.35488
6 9 0 3 11 12 13 2.44949
6 9 0 3 11 12 14 2.46311
6 9 0 3 11 13 14 2.46311
6 9 0 3 12 13 14 2.38048
6 9 0 4 5 7 8 1.90693
6 9 0 4 5 7 10 2.10357
6 9 0 4 5 7 11 2.16556
6 9 0 4 5 7 12 2.01187
6 9 0 4 5 7 13 2.01187
6 9 0 4 5 7 14 2.16556
6 9 0 4 5 8 10 2.35488
6 9 0 4 5 8 11 2.28709
6 9 0 4 5 8 12 2.23607
6 9 0 4 5 8 13 2.23607
6 9 0 4 5 8 14 2.35488
6 9 0 4 5 10 11 2.44831
6 9 0 4 5 10 12 2.35488
6 9 0 4 5 10 13 2.35488
6 9 0 4 5 10 14 2.49516
6 9 0 4 5 11 12 2.33699
6 9 0 4 5 11 13 2.33699
6 9 0 4 5 11 14 2.48193
6 9 0 4 5 12 13 2.28446
6 9 0 4 5 12 14 2.39046
6 9 0 4 5 13 14 2.39046
6 9 0 4 7 8 10 2.04939
6 9 0 4 7 8 11 2.00294
6 9 0 4 7 8 12 1.93309
6 9 0 4 7 8 13 1.93309
6 9 0 4 7 8 14 2.04939
6 9 0 4 7 10 11 2.17945
6 9 0 4 7 10 12 2.04939
6 9 0 4 7 10 13 2.04939
6 9 0 4 7 10 14 2.21037
6 9 0 4 7 11 12 2.08167
6 9 0 4 7 11 13 2.08167
6 9 0 4 7 11 14 2.22354
6 9 0 4 7 12 13 2
6 9 0 4 7 12 14 2.09938
6 9 0 4 7 13 14 2.09938
6 9 0 4 8 10 11 2.61406
6 9 0 4 8 10 12 2.58844
6 9 0 4 8 10 13 2.58844
6 9 0 4 8 10 14 2.66231
6 9 0 4 8 11 12 2.52543
6 9 0 4 8 11 13 2.52543
6 9 0 4 8 11 14 2.61406
6 9 0 4 8 12 13 2.52543
6 9 0 4 8 12 14 2.58844
6 9 0 4 8 13 14 2.58844
6 9 0 4 10 11 12 2.61406
6 9 0 4 10 11 13 2.61406
6 9 0 4 10 11 14 2.71343
6 9 0 4 10 12 13 2.58844
6 9 0 4 10 12 14 2.66231
6 9 0 4 10 13 14 2.66231
6 9 0 4 11 12 13 2.53899
6 9 0 4 11 12 14 2.62216
6 9 0 4 11 13 14 2.62216
6 9 0 4 12 13 14 2.60419
6 9 0 5 7 8 10 1.90693
6 9 0 5 7 8 11 1.85164
6 9 0 5 7 8 12 1.73205
6 9 0 5 7 8 13 1.73205
6 9 0 5 7 8 14 1.90693
6 9 0 5 7 10 11 2.07802
6 9 0 5 7 10 12 1.90693
6 9 0 5 7 10 13 1.90693
6 9 0 5 7 10 14 2.10357
6 9 0 5 7 11 12 2.04939
6 9 0 5 7 11 13 2.04939
6 9 0 5 7 11 14 2.16556
6 9 0 5 7 12 13 1.96214
6 9 0 5 7 12 14 2.01187
6 9 0 5 7 13 14 2.01187
6 9 0 5 8 10 11 2.28709
6 9 0 5 8 10 12 2.23607
6 9 0 5 8 10 13 2.23607
6 9 0 5 8 10 14 2.35488
6 9 0 5 8 11 12 2.13664
6 9 0 5 8 11 13 2.13664
6 9 0 5 8 11 14 2.28709
6 9 0 5 8 12 13 2.13664
6 9 0 5 8 12 14 2.23607
6 9 0 5 8 13 14 2.23607
6 9 0 5 10 11 12 2.28709
6 9 0 5 10 11 13 2.28709
6 9 0 5 10 11 14 2.44831
6 9 0 5 10 12 13 2.23607
6 9 0 5 10 12 14 2.35488
6 9 0 5 10 13 14 2.35488
6 9 0 5 11 12 13 2.23607
6 9 0 5 11 12 14 2.33699
6 9 0 5 11 13 14 2.33699
6 9 0 5 12 13 14 2.28446
6 9 0 7 8 10 11 2.04939
6 9 0 7 8 10 12 2
6 9 0 7 8 10 13 2
6 9 0 7 8 10 14 2.10223
6 9 0 7 8 11 12 2
6 9 0 7 8 11 13 2
6 9 0 7 8 11 14 2.08167
6 9 0 7 8 12 13 2
6 9 0 7 8 12 14 2.0381
6 9 0 7 8 13 14 2.0381
6 9 0 7 10 11 12 2.04939
6 9 0 7 10 11 13 2.04939
6 9 0 7 10 11 14 2.21037
6 9 0 7 10 12 13 2
6 9 0 7 10 12 14 2.10223
6 9 0 7 10 13 14 2.10223
6 9 0 7 11 12 13 2.173
6 9 0 7 11 12 14 2.19745
6 9 0 7 11 13 14 2.19745
6 9 0 7 12 13 14 2.16025
6 9 0 8 10 11 12 2.58844
6 9 0 8 10 11 13 2.58844
6 9 0 8 10 11 14 2.66231
6 9 0 8 10 12 13 2.58844
6 9 0 8 10 12 14 2.64575
6 9 0 8 10 13 14 2.64575
6 9 0 8 11 12 13 2.53899
6 9 0 8 11 12 14 2.60419
6 9 0 8 11 13 14 2.60419
6 9 0 8 12 13 14 2.60419
6 9 0 10 11 12 13 2.58844
6 9 0 10 11 12 14 2.66231
6 9 0 10 11 13 14 2.66231
6 9 0 10 12 13 14 2.64575
6 9 0 11 12 13 14 2.65875
6 9 1 2 3 4 5 1.41421
6 9 1 2 3 4 7 1.41421
6 9 1 2 3 4 8 1
6 9 1 2 3 4 10 1
6 9 1 2 3 4 11 1.41421
6 9 1 2 3 4 12 1.41421
6 9 1 2 3 4 13 1.41421
6 9 1 2 3 4 14 1
6 9 1 2 3 5 7 1.73205
6 9 1 2 3 5 8 1.41421
6 9 1 2 3 5 10 1
6 9 1 2 3 5 11 1.73205
6 9 1 2 3 5 12 1.73205
6 9 1 2 3 5 13 1.73205
6 9 1 2 3 5 14 1.41421
6 9 1 2 3 7 8 1.62019
6 9 1 2 3 7 10 1
6 9 1 2 3 7 11 1.85164
6 9 1 2 3 7 12 1.85164
6 9 1 2 3 7 13 1.85164
6 9 1 2 3 7 14 1.62019
6 9 1 2 3 8 10 1.41421
6 9 1 2 3 8 11 1.73205
6 9 1 2 3 8 12 1.73205
6 9 1 2 3 8 13 1.73205
6 9 1 2 3 8 14 1.62019
6 9 1 2 3 10 11 1.41421
6 9 1 2 3 10 12 1.41421
6 9 1 2 3 10 13 1.41421
6 9 1 2 3 10 14 1.41421
6 9 1 2 3 11 12 1.90693
6 9 1 2 3 11 13 1.90693
6 9 1 2 3 11 14 1.73205
6 9 1 2 3 12 13 1.90693
6 9 1 2 3 12 14 1.73205
6 9 1 2 3 13 14 1.73205
6 9 1 2 4 5 7 1.41421
6 9 1 2 4 5 8 1.41421
6 9 1 2 4 5 10 1.41421
6 9 1 2 4 5 11 1.41421
6 9 1 2 4 5 12 1.41421
6 9 1 2 4 5 13 1.41421
6 9 1 2 4 5 14 1.41421
6 9 1 2 4 7 8 1
6 9 1 2 4 7 10 1
6 9 1 2 4 7 11 1.41421
6 9 1 2 4 7 12 1.41421
6 9 1 2 4 7 13 1.41421
6 9 1 2 4 7 14 1
6 9 1 2 4 8 10 1.62019
6 9 1 2 4 8 11 1.41421
6 9 1 2 4 8 12 1.62019
6 9 1 2 4 8 13 1.62019
6 9 1 2 4 8 14 1.62019
6 9 1 2 4 10 11 1.41421
6 9 1 2 4 10 12 1.62019
6 9 1 2 4 10 13 1.62019
6 9 1 2 4 10 14 1.62019
6 9 1 2 4 11 12 1.41421
6 9 1 2 4 11 13 1.41421
6 9 1 2 4 11 14 1.41421
6 9 1 2 4 12 13 1.62019
6 9 1 2 4 12 14 1.62019
6 9 1 2 4 13 14 1.62019
6 9 1 2 5 7 8 1.41421
6 9 1 2 5 7 10 1
6 9 1 2 5 7 11 1.73205
6 9 1 2 5 7 12 1.73205
6 9 1 2 5 7 13 1.73205
6 9 1 2 5 7 14 1.41421
6 9 1 2 5 8 10 1.41421
6 9 1 2 5 8 11 1.41421
6 9 1 2 5 8 12 1.41421
6 9 1 2 5 8 13 1.41421
6 9 1 2 5 8 14 1.41421
6 9 1 2 5 10 11 1
6 9 1 2 5 10 12 1.41421
6 9 1 2 5 10 13 1.41421
6 9 1 2 5 10 14 1.41421
6 9 1 2 5 11 12 1.73205
6 9 1 2 5 11 13 1.73205
6 9 1 2 5 11 14 1.41421
6 9 1 2 5 12 13 1.73205
6 9 1 2 5 12 14 1.41421
6 9 1 2 5 13 14 1.41421
6 9 1 2 7 8 10 1
6 9 1 2 7 8 11 1.62019
6 9 1 2 7 8 12 1.62019
6 9 1 2 7 8 13 1.62019
6 9 1 2 7 8 14 1.41421
6 9 1 2 7 10 11 1
6 9 1 2 7 10 12 1
6 9 1 2 7 10 13 1
6 9 1 2 7 10 14 1
6 9 1 2 7 11 12 1.85164
6 9 1 2 7 11 13 1.85164
6 9 1 2 7 11 14 1.62019
6 9 1 2 7 12 13 1.85164
6 9 1 2 7 12 14 1.62019
6 9 1 2 7 13 14 1.62019
6 9 1 2 8 10 11 1.62019
6 9 1 2 8 10 12 1.73205
6 9 1 2 8 10 13 1.73205
6 9 1 2 8 10 14 1.73205
6 9 1 2 8 11 12 1.81265
6 9 1 2 8 11 13 1.81265
6 9 1 2 8 11 14 1.73205
6 9 1 2 8 12 13 2
6 9 1 2 8 12 14 1.81265
6 9 1 2 8 13 14 1.81265
6 9 1 2 10 11 12 1.62019
6 9 1 2 10 11 13 1.62019
6 9 1 2 10 11 14 1.62019
6 9 1 2 10 12 13 1.73205
6 9 1 2 10 12 14 1.73205
6 9 1 2 10 13 14 1.73205
6 9 1 2 11 12 13 1.93309
6 9 1 2 11 12 14 1.81265
6 9 1 2 11 13 14 1.81265
6 9 1 2 12 13 14 2
6 9 1 3 4 5 7 1.41421
6 9 1 3 4 5 8 1
6 9 1 3 4 5 10 1
6 9 1 3 4 5 11 1.41421
6 9 1 3 4 5 12 1.41421
6 9 1 3 4 5 13 1.41421
6 9 1 3 4 5 14 1
6 9 1 3 4 7 8 1
6 9 1 3 4 7 10 1
6 9 1 3 4 7 11 1.41421
6 9 1 3 4 7 12 1.41421
6 9 1 3 4 7 13 1.41421
6 9 1 3 4 7 14 1
6 9 1 3 4 8 10 1.41421
6 9 1 3 4 8 11 1.41421
6 9 1 3 4 8 12 1.41421
6 9 1 3 4 8 13 1.41421
6 9 1 3 4 8 14 1.41421
6 9 1 3 4 10 11 1.41421
6 9 1 3 4 10 12 1.41421
6 9 1 3 4 10 13 1.41421
6 9 1 3 4 10 14 1.41421
6 9 1 3 4 11 12 1.41421
6 9 1 3 4 11 13 1.41421
6 9 1 3 4 11 14 1.41421
6 9 1 3 4 12 13 1.41421
6 9 1 3 4 12 14 1.41421
6 9 1 3 4 13 14 1.41421
6 9 1 3 5 7 8 1.41421
6 9 1 3 5 7 10 1
6 9 1 3 5 7 11 1.73205
6 9 1 3 5 7 12 1.73205
6 9 1 3 5 7 13 1.73205
6 9 1 3 5 7 14 1.41421
6 9 1 3 5 8 10 1
6 9 1 3 5 8 11 1.41421
6 9 1 3 5 8 12 1.41421
6 9 1 3 5 8 13 1.41421
6 9 1 3 5 8 14 1
6 9 1 3 5 10 11 1
6 9 1 3 5 10 12 1
6 9 1 3 5 10 13 0
6 9 1 3 5 10 14 1
6 9 1 3 5 11 12 1.73205
6 9 1 3 5 11 13 1.73205
6 9 1 3 5 11 14 1.41421
6 9 1 3 5 12 13 1.73205
6 9 1 3 5 12 14 1.41421
6 9 1 3 5 13 14 1.41421
6 9 1 3 7 8 10 1.41421
6 9 1 3 7 8 11 1.73205
6 9 1 3 7 8 12 1.73205
6 9 1 3 7 8 13 1.73205
6 9 1 3 7 8 14 1.62019
6 9 1 3 7 10 11 1.41421
6 9 1 3 7 10 12 1.41421
6 9 1 3 7 10 13 1.41421
6 9 1 3 7 10 14 1.41421
6 9 1 3 7 11 12 1.90693
6 9 1 3 7 11 13 1.90693
6 9 1 3 7 11 14 1.73205
6 9 1 3 7 12 13 1.90693
6 9 1 3 7 12 14 1.73205
6 9 1 3 7 13 14 1.73205
6 9 1 3 8 10 11 1.73205
6 9 1 3 8 10 12 1.73205
6 9 1 3 8 10 13 1.73205
6 9 1 3 8 10 14 1.73205
6 9 1 3 8 11 12 1.90693
6 9 1 3 8 11 13 1.90693
6 9 1 3 8 11 14 1.85164
6 9 1 3 8 12 13 1.90693
6 9 1 3 8 12 14 1.85164
6 9 1 3 8 13 14 1.85164
6 9 1 3 10 11 12 1.73205
6 9 1 3 10 11 13 1.73205
6 9 1 3 10 11 14 1.73205
6 9 1 3 10 12 13 1.73205
6 9 1 3 10 12 14 1.73205
6 9 1 3 10 13 14 1.73205
6 9 1 3 11 12 13 2
6 9 1 3 11 12 14 1.90693
6 9 1 3 11 13 14 1.90693
6 9 1 3 12 13 14 1.90693
6 9 1 4 5 7 8 1.41421
6 9 1 4 5 7 10 1.41421
6 9 1 4 5 7 11 1.41421
6 9 1 4 5 7 12 1.41421
6 9 1 4 5 7 13 1.41421
6 9 1 4 5 7 14 1.41421
6 9 1 4 5 8 10 1.73205
6 9 1 4 5 8 11 1.41421
6 9 1 4 5 8 12 1.73205
6 9 1 4 5 8 13 1.73205
6 9 1 4 5 8 14 1.73205
6 9 1 4 5 10 11 1.41421
6 9 1 4 5 10 12 1.73205
6 9 1 4 5 10 13 1.73205
6 9 1 4 5 10 14 1.73205
6 9 1 4 5 11 12 1.41421
6 9 1 4 5 11 13 1.41421
6 9 1 4 5 11 14 1.41421
6 9 1 4 5 12 13 1.73205
6 9 1 4 5 12 14 1.73205
6 9 1 4 5 13 14 1.73205
6 9 1 4 7 8 10 1.62019
6 9 1 4 7 8 11 1.41421
6 9 1 4 7 8 12 1.62019
6 9 1 4 7 8 13 1.62019
6 9 1 4 7 8 14 1.62019
6 9 1 4 7 10 11 1.41421
6 9 1 4 7 10 12 1.62019
6 9 1 4 7 10 13 1.62019
6 9 1 4 7 10 14 1.62019
6 9 1 4 7 11 12 1.41421
6 9 1 4 7 11 13 1.41421
6 9 1 4 7 11 14 1.41421
6 9 1 4 7 12 13 1.62019
6 9 1 4 7 12 14 1.62019
6 9 1 4 7 13 14 1.62019
6 9 1 4 8 10 11 2
6 9 1 4 8 10 12 2.13664
6 9 1 4 8 10 13 2.13664
6 9 1 4 8 10 14 2.13664
6 9 1 4 8 11 12 2
6 9 1 4 8 11 13 2
6 9 1 4 8 11 14 2
6 9 1 4 8 12 13 2.13664
6 9 1 4 8 12 14 2.13664
6 9 1 4 8 13 14 2.13664
6 9 1 4 10 11 12 2
6 9 1 4 10 11 13 2
6 9 1 4 10 11 14 2
6 9 1 4 10 12 13 2.13664
6 9 1 4 10 12 14 2.13664
6 9 1 4 10 13 14 2.13664
6 9 1 4 11 12 13 2
6 9 1 4 11 12 14 2
6 9 1 4 11 13 14 2
6 9 1 4 12 13 14 2.13664
6 9 1 5 7 8 10 1.41421
6 9 1 5 7 8 11 1.41421
6 9 1 5 7 8 12 1.41421
6 9 1 5 7 8 13 1.41421
6 9 1 5 7 8 14 1.41421
6 9 1 5 7 10 11 1
6 9 1 5 7 10 12 1.41421
6 9 1 5 7 10 13 1.41421
6 9 1 5 7 10 14 1.41421
6 9 1 5 7 11 12 1.73205
6 9 1 5 7 11 13 1.73205
6 9 1 5 7 11 14 1.41421
6 9 1 5 7 12 13 1.73205
6 9 1 5 7 12 14 1.41421
6 9 1 5 7 13 14 1.41421
6 9 1 5 8 10 11 1.41421
6 9 1 5 8 10 12 1.73205
6 9 1 5 8 10 13 1.73205
6 9 1 5 8 10 14 1.73205
6 9 1 5 8 11 12 1.41421
6 9 1 5 8 11 13 1.41421
6 9 1 5 8 11 14 1.41421
6 9 1 5 8 12 13 1.73205
6 9 1 5 8 12 14 1.73205
6 9 1 5 8 13 14 1.73205
6 9 1 5 10 11 12 1.41421
6 9 1 5 10 11 13 1.41421
6 9 1 5 10 11 14 1.41421
6 9 1 5 10 12 13 1.73205
6 9 1 5 10 12 14 1.73205
6 9 1 5 10 13 14 1.73205
6 9 1 5 11 12 13 1.73205
6 9 1 5 11 12 14 1.41421
6 9 1 5 11 13 14 1.41421
6 9 1 5 12 13 14 1.73205
6 9 1 7 8 10 11 1.62019
6 9 1 7 8 10 12 1.73205
6 9 1 7 8 10 13 1.73205
6 9 1 7 8 10 14 1.73205
6 9 1 7 8 11 12 1.81265
6 9 1 7 8 11 13 1.81265
6 9 1 7 8 11 14 1.73205
6 9 1 7 8 12 13 2
6 9 1 7 8 12 14 1.81265
6 9 1 7 8 13 14 1.81265
6 9 1 7 10 11 12 1.62019
6 9 1 7 10 11 13 1.62019
6 9 1 7 10 11 14 1.62019
6 9 1 7 10 12 13 1.73205
6 9 1 7 10 12 14 1.73205
6 9 1 7 10 13 14 1.73205
6 9 1 7 11 12 13 1.93309
6 9 1 7 11 12 14 1.81265
6 9 1 7 11 13 14 1.81265
6 9 1 7 12 13 14 2
6 9 1 8 10 11 12 2.13664
6 9 1 8 10 11 13 2.13664
6 9 1 8 10 11 14 2.13664
6 9 1 8 10 12 13 2.23607
6 9 1 8 10 12 14 2.23607
6 9 1 8 10 13 14 2.23607
6 9 1 8 11 12 13 2.19089
6 9 1 8 11 12 14 2.16025
6 9 1 8 11 13 14 2.16025
6 9 1 8 12 13 14 2.26385
6 9 1 10 11 12 13 2.13664
6 9 1 10 11 12 14 2.13664
6 9 1 10 11 13 14 2.13664
6 9 1 10 12 13 14 2.23607
6 9 1 11 12 13 14 2.19089
6 9 2 3 4 5 7 2
6 9 2 3 4 5 8 1.85164
6 9 2 3 4 5 10 2.07802
6 9 2 3 4 5 11 2.16556
6 9 2 3 4 5 12 2
6 9 2 3 4 5 13 1.90693
6 9 2 3 4 5 14 2.13809
6 9 2 3 4 7 8 1.62019
6 9 2 3 4 7 10 1.85164
6 9 2 3 4 7 11 2
6 9 2 3 4 7 12 1.81265
6 9 2 3 4 7 13 1.73205
6 9 2 3 4 7 14 1.93309
6 9 2 3 4 8 10 1.93309
6 9 2 3 4 8 11 1.93309
6 9 2 3 4 8 12 1.73205
6 9 2 3 4 8 13 1.62019
6 9 2 3 4 8 14 1.93309
6 9 2 3 4 10 11 2.13809
6 9 2 3 4 10 12 1.93309
6 9 2 3 4 10 13 1.85164
6 9 2 3 4 10 14 2.13809
6 9 2 3 4 11 12 2.0381
6 9 2 3 4 11 13 2
6 9 2 3 4 11 14 2.18955
6 9 2 3 4 12 13 1.81265
6 9 2 3 4 12 14 2
6 9 2 3 4 13 14 1.93309
6 9 2 3 5 7 8 1.62019
6 9 2 3 5 7 10 1.85164
6 9 2 3 5 7 11 2.04939
6 9 2 3 5 7 12 1.93309
6 9 2 3 5 7 13 1.90693
6 9 2 3 5 7 14 2
6 9 2 3 5 8 10 1.85164
6 9 2 3 5 8 11 1.85164
6 9 2 3 5 8 12 1.62019
6 9 2 3 5 8 13 1.41421
6 9 2 3 5 8 14 1.85164
6 9 2 3 5 10 11 2.07802
6 9 2 3 5 10 12 1.85164
6 9 2 3 5 10 13 1.73205
6 9 2 3 5 10 14 2.07802
6 9 2 3 5 11 12 2.04939
6 9 2 3 5 11 13 2
6 9 2 3 5 11 14 2.16556
6 9 2 3 5 12 13 1.90693
6 9 2 3 5 12 14 2
6 9 2 3 5 13 14 1.90693
6 9 2 3 7 8 10 1.62019
6 9 2 3 7 8 11 1.62019
6 9 2 3 7 8 12 1.62019
6 9 2 3 7 8 13 1.62019
6 9 2 3 7 8 14 1.62019
6 9 2 3 7 10 11 1.85164
6 9 2 3 7 10 12 1.62019
6 9 2 3 7 10 13 1.41421
6 9 2 3 7 10 14 1.85164
6 9 2 3 7 11 12 2
6 9 2 3 7 11 13 2
6 9 2 3 7 11 14 2
6 9 2 3 7 12 13 1.93309
6 9 2 3 7 12 14 2
6 9 2 3 7 13 14 1.81265
6 9 2 3 8 10 11 2
6 9 2 3 8 10 12 1.81265
6 9 2 3 8 10 13 1.73205
6 9 2 3 8 10 14 2
6 9 2 3 8 11 12 2
6 9 2 3 8 11 13 2
6 9 2 3 8 11 14 2
6 9 2 3 8 12 13 1.81265
6 9 2 3 8 12 14 2
6 9 2 3 8 13 14 1.81265
6 9 2 3 10 11 12 2
6 9 2 3 10 11 13 1.90693
6 9 2 3 10 11 14 2.16556
6 9 2 3 10 12 13 1.73205
6 9 2 3 10 12 14 2
6 9 2 3 10 13 14 1.90693
6 9 2 3 11 12 13 2.10639
6 9 2 3 11 12 14 2.16025
6 9 2 3 11 13 14 2.10639
6 9 2 3 12 13 14 2
6 9 2 4 5 7 8 1.62019
6 9 2 4 5 7 10 1.85164
6 9 2 4 5 7 11 2
6 9 2 4 5 7 12 1.81265
6 9 2 4 5 7 13 1.73205
6 9 2 4 5 7 14 1.93309
6 9 2 4 5 8 10 2
6 9 2 4 5 8 11 1.93309
6 9 2 4 5 8 12 1.81265
6 9 2 4 5 8 13 1.73205
6 9 2 4 5 8 14 2
6 9 2 4 5 10 11 2.13809
6 9 2 4 5 10 12 2
6 9 2 4 5 10 13 1.90693
6 9 2 4 5 10 14 2.16556
6 9 2 4 5 11 12 2.0381
6 9 2 4 5 11 13 2
6 9 2 4 5 11 14 2.18955
6 9 2 4 5 12 13 2
6 9 2 4 5 12 14 2.0381
6 9 2 4 5 13 14 2
6 9 2 4 7 8 10 1.62019
6 9 2 4 7 8 11 1.62019
6 9 2 4 7 8 12 1.41421
6 9 2 4 7 8 13 1
6 9 2 4 7 8 14 1.62019
6 9 2 4 7 10 11 1.85164
6 9 2 4 7 10 12 1.62019
6 9 2 4 7 10 13 1.41421
6 9 2 4 7 10 14 1.85164
6 9 2 4 7 11 12 1.81265
6 9 2 4 7 11 13 1.73205
6 9 2 4 7 11 14 1.93309
6 9 2 4 7 12 13 1.62019
6 9 2 4 7 12 14 1.73205
6 9 2 4 7 13 14 1.62019
6 9 2 4 8 10 11 2.04939
6 9 2 4 8 10 12 2
6 9 2 4 8 10 13 1.93309
6 9 2 4 8 10 14 2.09938
6 9 2 4 8 11 12 1.90693
6 9 2 4 8 11 13 1.85164
6 9 2 4 8 11 14 2.04939
6 9 2 4 8 12 13 1.85164
6 9 2 4 8 12 14 2
6 9 2 4 8 13 14 1.93309
6 9 2 4 10 11 12 2.04939
6 9 2 4 10 11 13 2.00294
6 9 2 4 10 11 14 2.22354
6 9 2 4 10 12 13 1.93309
6 9 2 4 10 12 14 2.09938
6 9 2 4 10 13 14 2.04939
6 9 2 4 11 12 13 1.93309
6 9 2 4 11 12 14 2.10223
6 9 2 4 11 13 14 2.04939
6 9 2 4 12 13 14 2
6 9 2 5 7 8 10 1.62019
6 9 2 5 7 8 11 1.62019
6 9 2 5 7 8 12 1.41421
6 9 2 5 7 8 13 1.41421
6 9 2 5 7 8 14 1.62019
6 9 2 5 7 10 11 1.85164
6 9 2 5 7 10 12 1.62019
6 9 2 5 7 10 13 1.41421
6 9 2 5 7 10 14 1.85164
6 9 2 5 7 11 12 1.93309
6 9 2 5 7 11 13 1.90693
6 9 2 5 7 11 14 2
6 9 2 5 7 12 13 1.85164
6 9 2 5 7 12 14 1.81265
6 9 2 5 7 13 14 1.73205
6 9 2 5 8 10 11 1.93309
6 9 2 5 8 10 12 1.81265
6 9 2 5 8 10 13 1.73205
6 9 2 5 8 10 14 2
6 9 2 5 8 11 12 1.73205
6 9 2 5 8 11 13 1.62019
6 9 2 5 8 11 14 1.93309
6 9 2 5 8 12 13 1.62019
6 9 2 5 8 12 14 1.81265
6 9 2 5 8 13 14 1.73205
6 9 2 5 10 11 12 1.93309
6 9 2 5 10 11 13 1.85164
6 9 2 5 10 11 14 2.13809
6 9 2 5 10 12 13 1.73205
6 9 2 5 10 12 14 2
6 9 2 5 10 13 14 1.90693
6 9 2 5 11 12 13 1.93309
6 9 2 5 11 12 14 2.0381
6 9 2 5 11 13 14 2
6 9 2 5 12 13 14 2
6 9 2 7 8 10 11 1.62019
6 9 2 7 8 10 12 1.41421
6 9 2 7 8 10 13 1
6 9 2 7 8 10 14 1.62019
6 9 2 7 8 11 12 1.62019
6 9 2 7 8 11 13 1.62019
6 9 2 7 8 11 14 1.62019
6 9 2 7 8 12 13 1.62019
6 9 2 7 8 12 14 1.41421
6 9 2 7 8 13 14 1.41421
6 9 2 7 10 11 12 1.62019
6 9 2 7 10 11 13 1.41421
6 9 2 7 10 11 14 1.85164
6 9 2 7 10 12 13 1
6 9 2 7 10 12 14 1.62019
6 9 2 7 10 13 14 1.41421
6 9 2 7 11 12 13 1.93309
6 9 2 7 11 12 14 2
6 9 2 7 11 13 14 1.81265
6 9 2 7 12 13 14 1.73205
6 9 2 8 10 11 12 2
6 9 2 8 10 11 13 1.93309
6 9 2 8 10 11 14 2.09938
6 9 2 8 10 12 13 1.93309
6 9 2 8 10 12 14 2.0381
6 9 2 8 10 13 14 2
6 9 2 8 11 12 13 1.93309
6 9 2 8 11 12 14 2.01187
6 9 2 8 11 13 14 2
6 9 2 8 12 13 14 2
6 9 2 10 11 12 13 1.93309
6 9 2 10 11 12 14 2.09938
6 9 2 10 11 13 14 2.04939
6 9 2 10 12 13 14 2
6 9 2 11 12 13 14 2.10639
6 9 3 4 5 7 8 1.85164
6 9 3 4 5 7 10 2.07802
6 9 3 4 5 7 11 2.16556
6 9 3 4 5 7 12 2
6 9 3 4 5 7 13 1.90693
6 9 3 4 5 7 14 2.13809
6 9 3 4 5 8 10 2.07802
6 9 3 4 5 8 11 2.07802
6 9 3 4 5 8 12 1.85164
6 9 3 4 5 8 13 1.73205
6 9 3 4 5 8 14 2.07802
6 9 3 4 5 10 11 2.29129
6 9 3 4 5 10 12 2.07802
6 9 3 4 5 10 13 2
6 9 3 4 5 10 14 2.29129
6 9 3 4 5 11 12 2.16556
6 9 3 4 5 11 13 2.10357
6 9 3 4 5 11 14 2.33699
6 9 3 4 5 12 13 1.90693
6 9 3 4 5 12 14 2.13809
6 9 3 4 5 13 14 2.07802
6 9 3 4 7 8 10 1.93309
6 9 3 4 7 8 11 1.93309
6 9 3 4 7 8 12 1.73205
6 9 3 4 7 8 13 1.62019
6 9 3 4 7 8 14 1.93309
6 9 3 4 7 10 11 2.13809
6 9 3 4 7 10 12 1.93309
6 9 3 4 7 10 13 1.85164
6 9 3 4 7 10 14 2.13809
6 9 3 4 7 11 12 2.0381
6 9 3 4 7 11 13 2
6 9 3 4 7 11 14 2.18955
6 9 3 4 7 12 13 1.81265
6 9 3 4 7 12 14 2
6 9 3 4 7 13 14 1.93309
6 9 3 4 8 10 11 2.32266
6 9 3 4 8 10 12 2.16025
6 9 3 4 8 10 13 2.13664
6 9 3 4 8 10 14 2.32266
6 9 3 4 8 11 12 2.16025
6 9 3 4 8 11 13 2.13664
6 9 3 4 8 11 14 2.32266
6 9 3 4 8 12 13 2
6 9 3 4 8 12 14 2.16025
6 9 3 4 8 13 14 2.13664
6 9 3 4 10 11 12 2.32266
6 9 3 4 10 11 13 2.28709
6 9 3 4 10 11 14 2.48193
6 9 3 4 10 12 13 2.13664
6 9 3 4 10 12 14 2.32266
6 9 3 4 10 13 14 2.28709
6 9 3 4 11 12 13 2.19089
6 9 3 4 11 12 14 2.34521
6 9 3 4 11 13 14 2.32266
6 9 3 4 12 13 14 2.16025
6 9 3 5 7 8 10 1.85164
6 9 3 5 7 8 11 1.85164
6 9 3 5 7 8 12 1.62019
6 9 3 5 7 8 13 1.41421
6 9 3 5 7 8 14 1.85164
6 9 3 5 7 10 11 2.07802
6 9 3 5 7 10 12 1.85164
6 9 3 5 7 10 13 1.73205
6 9 3 5 7 10 14 2.07802
6 9 3 5 7 11 12 2.04939
6 9 3 5 7 11 13 2
6 9 3 5 7 11 14 2.16556
6 9 3 5 7 12 13 1.90693
6 9 3 5 7 12 14 2
6 9 3 5 7 13 14 1.90693
6 9 3 5 8 10 11 2.07802
6 9 3 5 8 10 12 1.85164
6 9 3 5 8 10 13 1.73205
6 9 3 5 8 10 14 2.07802
6 9 3 5 8 11 12 1.85164
6 9 3 5 8 11 13 1.73205
6 9 3 5 8 11 14 2.07802
6 9 3 5 8 12 13 1.41421
6 9 3 5 8 12 14 1.85164
6 9 3 5 8 13 14 1.73205
6 9 3 5 10 11 12 2.07802
6 9 3 5 10 11 13 2
6 9 3 5 10 11 14 2.29129
6 9 3 5 10 12 13 1.73205
6 9 3 5 10 12 14 2.07802
6 9 3 5 10 13 14 2
6 9 3 5 11 12 13 2
6 9 3 5 11 12 14 2.16556
6 9 3 5 11 13 14 2.10357
6 9 3 5 12 13 14 1.90693
6 9 3 7 8 10 11 2
6 9 3 7 8 10 12 1.81265
6 9 3 7 8 10 13 1.73205
6 9 3 7 8 10 14 2
6 9 3 7 8 11 12 2
6 9 3 7 8 11 13 2
6 9 3 7 8 11 14 2
6 9 3 7 8 12 13 1.81265
6 9 3 7 8 12 14 2
6 9 3 7 8 13 14 1.81265
6 9 3 7 10 11 12 2
6 9 3 7 10 11 13 1.90693
6 9 3 7 10 11 14 2.16556
6 9 3 7 10 12 13 1.73205
6 9 3 7 10 12 14 2
6 9 3 7 10 13 14 1.90693
6 9 3 7 11 12 13 2.10639
6 9 3 7 11 12 14 2.16025
6 9 3 7 11 13 14 2.10639
6 9 3 7 12 13 14 2
6 9 3 8 10 11 12 2.26385
6 9 3 8 10 11 13 2.23607
6 9 3 8 10 11 14 2.39046
6 9 3 8 10 12 13 2.13664
6 9 3 8 10 12 14 2.26385
6 9 3 8 10 13 14 2.23607
6 9 3 8 11 12 13 2.19089
6 9 3 8 11 12 14 2.3094
6 9 3 8 11 13 14 2.26385
6 9 3 8 12 13 14 2.16025
6 9 3 10 11 12 13 2.23607
6 9 3 10 11 12 14 2.39046
6 9 3 10 11 13 14 2.35488
6 9 3 10 12 13 14 2.23607
6 9 3 11 12 13 14 2.38048
6 9 4 5 7 8 10 2
6 9 4 5 7 8 11 1.93309
6 9 4 5 7 8 12 1.81265
6 9 4 5 7 8 13 1.73205
6 9 4 5 7 8 14 2
6 9 4 5 7 10 11 2.13809
6 9 4 5 7 10 12 2
6 9 4 5 7 10 13 1.90693
6 9 4 5 7 10 14 2.16556
6 9 4 5 7 11 12 2.0381
6 9 4 5 7 11 13 2
6 9 4 5 7 11 14 2.18955
6 9 4 5 7 12 13 2
6 9 4 5 7 12 14 2.0381
6 9 4 5 7 13 14 2
6 9 4 5 8 10 11 2.32266
6 9 4 5 8 10 12 2.26385
6 9 4 5 8 10 13 2.23607
6 9 4 5 8 10 14 2.39046
6 9 4 5 8 11 12 2.16025
6 9 4 5 8 11 13 2.13664
6 9 4 5 8 11 14 2.32266
6 9 4 5 8 12 13 2.13664
6 9 4 5 8 12 14 2.26385
6 9 4 5 8 13 14 2.23607
6 9 4 5 10 11 12 2.32266
6 9 4 5 10 11 13 2.28709
6 9 4 5 10 11 14 2.48193
6 9 4 5 10 12 13 2.23607
6 9 4 5 10 12 14 2.39046
6 9 4 5 10 13 14 2.35488
6 9 4 5 11 12 13 2.19089
6 9 4 5 11 12 14 2.34521
6 9 4 5 11 13 14 2.32266
6 9 4 5 12 13 14 2.26385
6 9 4 7 8 10 11 2.04939
6 9 4 7 8 10 12 2
6 9 4 7 8 10 13 1.93309
6 9 4 7 8 10 14 2.09938
6 9 4 7 8 11 12 1.90693
6 9 4 7 8 11 13 1.85164
6 9 4 7 8 11 14 2.04939
6 9 4 7 8 12 13 1.85164
6 9 4 7 8 12 14 2
6 9 4 7 8 13 14 1.93309
6 9 4 7 10 11 12 2.04939
6 9 4 7 10 11 13 2.00294
6 9 4 7 10 11 14 2.22354
6 9 4 7 10 12 13 1.93309
6 9 4 7 10 12 14 2.09938
6 9 4 7 10 13 14 2.04939
6 9 4 7 11 12 13 1.93309
6 9 4 7 11 12 14 2.10223
6 9 4 7 11 13 14 2.04939
6 9 4 7 12 13 14 2
6 9 4 8 10 11 12 2.53722
6 9 4 8 10 11 13 2.52543
6 9 4 8 10 11 14 2.62216
6 9 4 8 10 12 13 2.52543
6 9 4 8 10 12 14 2.60419
6 9 4 8 10 13 14 2.58844
6 9 4 8 11 12 13 2.44949
6 9 4 8 11 12 14 2.53722
6 9 4 8 11 13 14 2.52543
6 9 4 8 12 13 14 2.52543
6 9 4 10 11 12 13 2.52543
6 9 4 10 11 12 14 2.62216
6 9 4 10 11 13 14 2.61406
6 9 4 10 12 13 14 2.58844
6 9 4 11 12 13 14 2.53722
6 9 5 7 8 10 11 1.93309
6 9 5 7 8 10 12 1.81265
6 9 5 7 8 10 13 1.73205
6 9 5 7 8 10 14 2
6 9 5 7 8 11 12 1.73205
6 9 5 7 8 11 13 1.62019
6 9 5 7 8 11 14 1.93309
6 9 5 7 8 12 13 1.62019
6 9 5 7 8 12 14 1.81265
6 9 5 7 8 13 14 1.73205
6 9 5 7 10 11 12 1.93309
6 9 5 7 10 11 13 1.85164
6 9 5 7 10 11 14 2.13809
6 9 5 7 10 12 13 1.73205
6 9 5 7 10 12 14 2
6 9 5 7 10 13 14 1.90693
6 9 5 7 11 12 13 1.93309
6 9 5 7 11 12 14 2.0381
6 9 5 7 11 13 14 2
6 9 5 7 12 13 14 2
6 9 5 8 10 11 12 2.16025
6 9 5 8 10 11 13 2.13664
6 9 5 8 10 11 14 2.32266
6 9 5 8 10 12 13 2.13664
6 9 5 8 10 12 14 2.26385
6 9 5 8 10 13 14 2.23607
6 9 5 8 11 12 13 2
6 9 5 8 11 12 14 2.16025
6 9 5 8 11 13 14 2.13664
6 9 5 8 12 13 14 2.13664
6 9 5 10 11 12 13 2.13664
6 9 5 10 11 12 14 2.32266
6 9 5 10 11 13 14 2.28709
6 9 5 10 12 13 14 2.23607
6 9 5 11 12 13 14 2.19089
6 9 7 8 10 11 12 2
6 9 7 8 10 11 13 1.93309
6 9 7 8 10 11 14 2.09938
6 9 7 8 10 12 13 1.93309
6 9 7 8 10 12 14 2.0381
6 9 7 8 10 13 14 2
6 9 7 8 11 12 13 1.93309
6 9 7 8 11 12 14 2.01187
6 9 7 8 11 13 14 2
6 9 7 8 12 13 14 2
6 9 7 10 11 12 13 1.93309
6 9 7 10 11 12 14 2.09938
6 9 7 10 11 13 14 2.04939
6 9 7 10 12 13 14 2
6 9 7 11 12 13 14 2.10639
6 9 8 10 11 12 13 2.52543
6 9 8 10 11 12 14 2.60419
6 9 8 10 11 13 14 2.58844
6 9 8 10 12 13 14 2.58844
6 9 8 11 12 13 14 2.53722
6 9 10 11 12 13 14 2.58844
