2 3 0 1 4 5 6 7 8 9 10 11 12 0
2 3 0 1 4 5 6 7 8 9 10 11 13 0
2 3 0 1 4 5 6 7 8 9 10 11 14 0
2 3 0 1 4 5 6 7 8 9 10 12 13 0
2 3 0 1 4 5 6 7 8 9 10 12 14 0
2 3 0 1 4 5 6 7 8 9 10 13 14 0
2 3 0 1 4 5 6 7 8 9 11 12 13 1
2 3 0 1 4 5 6 7 8 9 11 12 14 0
2 3 0 1 4 5 6 7 8 9 11 13 14 0
2 3 0 1 4 5 6 7 8 9 12 13 14 0
2 3 0 1 4 5 6 7 8 10 11 12 13 0
2 3 0 1 4 5 6 7 8 10 11 12 14 0
2 3 0 1 4 5 6 7 8 10 11 13 14 0
2 3 0 1 4 5 6 7 8 10 12 13 14 0
2 3 0 1 4 5 6 7 8 11 12 13 14 0
2 3 0 1 4 5 6 7 9 10 11 12 13 0
2 3 0 1 4 5 6 7 9 10 11 12 14 0
2 3 0 1 4 5 6 7 9 10 11 13 14 0
2 3 0 1 4 5 6 7 9 10 12 13 14 0
2 3 0 1 4 5 6 7 9 11 12 13 14 1
2 3 0 1 4 5 6 7 10 11 12 13 14 0
2 3 0 1 4 5 6 8 9 10 11 12 13 0
2 3 0 1 4 5 6 8 9 10 11 12 14 0
2 3 0 1 4 5 6 8 9 10 11 13 14 0
2 3 0 1 4 5 6 8 9 10 12 13 14 0
2 3 0 1 4 5 6 8 9 11 12 13 14 0
2 3 0 1 4 5 6 8 10 11 12 13 14 0
2 3 0 1 4 5 6 9 10 11 12 13 14 0
2 3 0 1 4 5 7 8 9 10 11 12 13 0
2 3 0 1 4 5 7 8 9 10 11 12 14 0
2 3 0 1 4 5 7 8 9 10 11 13 14 0
2 3 0 1 4 5 7 8 9 10 12 13 14 1
2 3 0 1 4 5 7 8 9 11 12 13 14 0
2 3 0 1 4 5 7 8 10 11 12 13 14 1
2 3 0 1 4 5 7 9 10 11 12 13 14 0
2 3 0 1 4 5 8 9 10 11 12 13 14 0
2 3 0 1 4 6 7 8 9 10 11 12 13 0
2 3 0 1 4 6 7 8 9 10 11 12 14 0
2 3 0 1 4 6 7 8 9 10 11 13 14 0
2 3 0 1 4 6 7 8 9 10 12 13 14 0
2 3 0 1 4 6 7 8 9 11 12 13 14 0
2 3 0 1 4 6 7 8 10 11 12 13 14 0
2 3 0 1 4 6 7 9 10 11 12 13 14 0
2 3 0 1 4 6 8 9 10 11 12 13 14 1
2 3 0 1 4 7 8 9 10 11 12 13 14 0
2 3 0 1 5 6 7 8 9 10 11 12 13 0
2 3 0 1 5 6 7 8 9 10 11 12 14 0
2 3 0 1 5 6 7 8 9 10 11 13 14 0
2 3 0 1 5 6 7 8 9 10 12 13 14 0
2 3 0 1 5 6 7 8 9 11 12 13 14 1
2 3 0 1 5 6 7 8 10 11 12 13 14 0
2 3 0 1 5 6 7 9 10 11 12 13 14 0
2 3 0 1 5 6 8 9 10 11 12 13 14 0
2 3 0 1 5 7 8 9 10 11 12 13 14 0
2 3 0 1 6 7 8 9 10 11 12 13 14 1
2 3 0 4 5 6 7 8 9 10 11 12 13 0
2 3 0 4 5 6 7 8 9 10 11 12 14 1
2 3 0 4 5 6 7 8 9 10 11 13 14 1
2 3 0 4 5 6 7 8 9 10 12 13 14 0
2 3 0 4 5 6 7 8 9 11 12 13 14 0
2 3 0 4 5 6 7 8 10 11 12 13 14 0
2 3 0 4 5 6 7 9 10 11 12 13 14 1
2 3 0 4 5 6 8 9 10 11 12 13 14 1
2 3 0 4 5 7 8 9 10 11 12 13 14 0
2 3 0 4 6 7 8 9 10 11 12 13 14 0
2 3 0 5 6 7 8 9 10 11 12 13 14 0
2 3 1 4 5 6 7 8 9 10 11 12 13 0
2 3 1 4 5 6 7 8 9 10 11 12 14 1
2 3 1 4 5 6 7 8 9 10 11 13 14 0
2 3 1 4 5 6 7 8 9 10 12 13 14 0
2 3 1 4 5 6 7 8 9 11 12 13 14 0
2 3 1 4 5 6 7 8 10 11 12 13 14 0
2 3 1 4 5 6 7 9 10 11 12 13 14 0
2 3 1 4 5 6 8 9 10 11 12 13 14 0
2 3 1 4 5 7 8 9 10 11 12 13 14 0
2 3 1 4 6 7 8 9 10 11 12 13 14 0
2 3 1 5 6 7 8 9 10 11 12 13 14 0
2 3 4 5 6 7 8 9 10 11 12 13 14 0
