2 3 0 1 1.90693
2 3 0 4 2.16556
2 3 0 5 2.15297
2 3 0 6 2.27913
2 3 0 7 2.04939
2 3 0 8 1.96214
2 3 0 9 2.27913
2 3 0 10 2.10357
2 3 0 11 2.27913
2 3 0 12 2.16025
2 3 0 13 2.16025
2 3 0 14 2.24038
2 3 1 4 1.41421
2 3 1 5 1.73205
2 3 1 6 1.90693
2 3 1 7 1.85164
2 3 1 8 1.73205
2 3 1 9 1.90693
2 3 1 10 1.41421
2 3 1 11 1.90693
2 3 1 12 1.90693
2 3 1 13 1.90693
2 3 1 14 1.73205
2 3 4 5 2.16556
2 3 4 6 2.23607
2 3 4 7 2
2 3 4 8 1.93309
2 3 4 9 2.23607
2 3 4 10 2.13809
2 3 4 11 2.23607
2 3 4 12 2.0381
2 3 4 13 2
2 3 4 14 2.18955
2 3 5 6 2.19034
2 3 5 7 2.04939
2 3 5 8 1.85164
2 3 5 9 2.19034
2 3 5 10 2.07802
2 3 5 11 2.19034
2 3 5 12 2.04939
2 3 5 13 2
2 3 5 14 2.16556
2 3 6 7 2.08167
2 3 6 8 2.02367
2 3 6 9 2.326
2 3 6 10 2.16556
2 3 6 11 2.326
2 3 6 12 2.20605
2 3 6 13 2.16025
2 3 6 14 2.27837
2 3 7 8 1.62019
2 3 7 9 2.08167
2 3 7 10 1.85164
2 3 7 11 2.08167
2 3 7 12 2
2 3 7 13 2
2 3 7 14 2
2 3 8 9 2.02367
2 3 8 10 2
2 3 8 11 2.02367
2 3 8 12 2
2 3 8 13 2
2 3 8 14 2
2 3 9 10 2.16556
2 3 9 11 2.326
2 3 9 12 2.20605
2 3 9 13 2.16025
2 3 9 14 2.27837
2 3 10 11 2.16556
2 3 10 12 2
2 3 10 13 1.90693
2 3 10 14 2.16556
2 3 11 12 2.20605
2 3 11 13 2.16025
2 3 11 14 2.27837
2 3 12 13 2.10639
2 3 12 14 2.16025
2 3 13 14 2.10639
