5 7 0 1 2 3 4 6 8 9 10 11 12 0
5 7 0 1 2 3 4 6 8 9 10 11 13 0
5 7 0 1 2 3 4 6 8 9 10 11 14 0
5 7 0 1 2 3 4 6 8 9 10 12 13 0
5 7 0 1 2 3 4 6 8 9 10 12 14 0
5 7 0 1 2 3 4 6 8 9 10 13 14 0
5 7 0 1 2 3 4 6 8 9 11 12 13 1
5 7 0 1 2 3 4 6 8 9 11 12 14 0
5 7 0 1 2 3 4 6 8 9 11 13 14 0
5 7 0 1 2 3 4 6 8 9 12 13 14 0
5 7 0 1 2 3 4 6 8 10 11 12 13 0
5 7 0 1 2 3 4 6 8 10 11 12 14 0
5 7 0 1 2 3 4 6 8 10 11 13 14 0
5 7 0 1 2 3 4 6 8 10 12 13 14 0
5 7 0 1 2 3 4 6 8 11 12 13 14 0
5 7 0 1 2 3 4 6 9 10 11 12 13 0
5 7 0 1 2 3 4 6 9 10 11 12 14 0
5 7 0 1 2 3 4 6 9 10 11 13 14 0
5 7 0 1 2 3 4 6 9 10 12 13 14 0
5 7 0 1 2 3 4 6 9 11 12 13 14 1
5 7 0 1 2 3 4 6 10 11 12 13 14 0
5 7 0 1 2 3 4 8 9 10 11 12 13 0
5 7 0 1 2 3 4 8 9 10 11 12 14 0
5 7 0 1 2 3 4 8 9 10 11 13 14 0
5 7 0 1 2 3 4 8 9 10 12 13 14 1
5 7 0 1 2 3 4 8 9 11 12 13 14 0
5 7 0 1 2 3 4 8 10 11 12 13 14 1
5 7 0 1 2 3 4 9 10 11 12 13 14 0
5 7 0 1 2 3 6 8 9 10 11 12 13 0
5 7 0 1 2 3 6 8 9 10 11 12 14 0
5 7 0 1 2 3 6 8 9 10 11 13 14 0
5 7 0 1 2 3 6 8 9 10 12 13 14 0
5 7 0 1 2 3 6 8 9 11 12 13 14 1
5 7 0 1 2 3 6 8 10 11 12 13 14 0
5 7 0 1 2 3 6 9 10 11 12 13 14 0
5 7 0 1 2 3 8 9 10 11 12 13 14 0
5 7 0 1 2 4 6 8 9 10 11 12 13 0
5 7 0 1 2 4 6 8 9 10 11 12 14 0
5 7 0 1 2 4 6 8 9 10 11 13 14 0
5 7 0 1 2 4 6 8 9 10 12 13 14 1
5 7 0 1 2 4 6 8 9 11 12 13 14 0
5 7 0 1 2 4 6 8 10 11 12 13 14 0
5 7 0 1 2 4 6 9 10 11 12 13 14 0
5 7 0 1 2 4 8 9 10 11 12 13 14 0
5 7 0 1 2 6 8 9 10 11 12 13 14 0
5 7 0 1 3 4 6 8 9 10 11 12 13 0
5 7 0 1 3 4 6 8 9 10 11 12 14 0
5 7 0 1 3 4 6 8 9 10 11 13 14 0
5 7 0 1 3 4 6 8 9 10 12 13 14 0
5 7 0 1 3 4 6 8 9 11 12 13 14 0
5 7 0 1 3 4 6 8 10 11 12 13 14 0
5 7 0 1 3 4 6 9 10 11 12 13 14 0
5 7 0 1 3 4 8 9 10 11 12 13 14 0
5 7 0 1 3 6 8 9 10 11 12 13 14 0
5 7 0 1 4 6 8 9 10 11 12 13 14 1
5 7 0 2 3 4 6 8 9 10 11 12 13 0
5 7 0 2 3 4 6 8 9 10 11 12 14 1
5 7 0 2 3 4 6 8 9 10 11 13 14 1
5 7 0 2 3 4 6 8 9 10 12 13 14 0
5 7 0 2 3 4 6 8 9 11 12 13 14 0
5 7 0 2 3 4 6 8 10 11 12 13 14 0
5 7 0 2 3 4 6 9 10 11 12 13 14 1
5 7 0 2 3 4 8 9 10 11 12 13 14 0
5 7 0 2 3 6 8 9 10 11 12 13 14 0
5 7 0 2 4 6 8 9 10 11 12 13 14 0
5 7 0 3 4 6 8 9 10 11 12 13 14 1
5 7 1 2 3 4 6 8 9 10 11 12 13 0
5 7 1 2 3 4 6 8 9 10 11 12 14 1
5 7 1 2 3 4 6 8 9 10 11 13 14 0
5 7 1 2 3 4 6 8 9 10 12 13 14 0
5 7 1 2 3 4 6 8 9 11 12 13 14 0
5 7 1 2 3 4 6 8 10 11 12 13 14 0
5 7 1 2 3 4 6 9 10 11 12 13 14 0
5 7 1 2 3 4 8 9 10 11 12 13 14 0
5 7 1 2 3 6 8 9 10 11 12 13 14 0
5 7 1 2 4 6 8 9 10 11 12 13 14 0
5 7 1 3 4 6 8 9 10 11 12 13 14 0
5 7 2 3 4 6 8 9 10 11 12 13 14 0
