5 7 0 1 1.73205
5 7 0 2 2
5 7 0 3 2.15297
5 7 0 4 2.22159
5 7 0 6 2.21303
5 7 0 8 1.96214
5 7 0 9 2.21986
5 7 0 10 2.12993
5 7 0 11 2.19034
5 7 0 12 2.08484
5 7 0 13 2.08484
5 7 0 14 2.22159
5 7 1 2 1.73205
5 7 1 3 1.73205
5 7 1 4 1.73205
5 7 1 6 1.73205
5 7 1 8 1.73205
5 7 1 9 1.73205
5 7 1 10 1.73205
5 7 1 11 1.73205
5 7 1 12 1.73205
5 7 1 13 1.73205
5 7 1 14 1.73205
5 7 2 3 2.04939
5 7 2 4 2
5 7 2 6 2.04939
5 7 2 8 1.62019
5 7 2 9 2.04939
5 7 2 10 1.85164
5 7 2 11 2.04939
5 7 2 12 1.93309
5 7 2 13 1.90693
5 7 2 14 2
5 7 3 4 2.16556
5 7 3 6 2.19034
5 7 3 8 1.85164
5 7 3 9 2.19034
5 7 3 10 2.07802
5 7 3 11 2.19034
5 7 3 12 2.04939
5 7 3 13 2
5 7 3 14 2.16556
5 7 4 6 2.22985
5 7 4 8 2.02367
5 7 4 9 2.29907
5 7 4 10 2.19848
5 7 4 11 2.23607
5 7 4 12 2.08683
5 7 4 13 2.05603
5 7 4 14 2.23607
5 7 6 8 2
5 7 6 9 2.25948
5 7 6 10 2.16556
5 7 6 11 2.24649
5 7 6 12 2.12916
5 7 6 13 2.08738
5 7 6 14 2.22985
5 7 8 9 2
5 7 8 10 2.02367
5 7 8 11 1.93309
5 7 8 12 2
5 7 8 13 2
5 7 8 14 2.02367
5 7 9 10 2.17626
5 7 9 11 2.24649
5 7 9 12 2.12303
5 7 9 13 2.08296
5 7 9 14 2.29907
5 7 10 11 2.13809
5 7 10 12 2.02367
5 7 10 13 1.96214
5 7 10 14 2.19848
5 7 11 12 2.081
5 7 11 13 2.04939
5 7 11 14 2.23607
5 7 12 13 1.97531
5 7 12 14 2.08683
5 7 13 14 2.05603
