338 766
825 510
306 638
719 490
746 267
303 148
920 490
424 774
136 807
752 673
489 645
413 485
531 687
742 825
716 837
768 361
336 222
565 896
327 878
423 991
384 148
131 844
719 22
279 556
974 116
343 869
173 473
212 629
810 977
39 641
949 553
188 673
898 590
195 649
129 677
180 326
680 918
8 831
252 461
198 283
432 282
899 13
378 659
387 736
841 385
278 759
948 794
112 385
170 469
666 70
709 270
58 307
665 104
41 233
790 888
214 472
219 706
109 960
600 120
218 366
82 14
787 502
993 347
187 494
765 306
368 975
678 581
846 576
125 667
417 857
447 0
766 909
551 399
228 932
122 752
687 292
590 213
419 972
303 59
591 69
725 12
488 561
674 815
102 822
861 989
895 72
1 323
123 37
91 98
608 141
704 631
35 233
527 837
32 857
763 20
260 87
813 241
140 274
146 759
69 391
649 150
903 812
77 601
774 822
92 686
172 197
944 718
690 585
998 857
712 357
763 658
736 783
874 492
690 931
173 944
819 304
864 806
708 635
600 160
471 152
325 417
499 755
739 296
221 682
225 990
533 41
784 6
412 590
509 446
476 395
573 758
317 673
451 285
389 513
902 894
742 660
524 925
824 722
131 797
395 250
932 588
648 786
954 514
547 325
303 422
95 250
872 661
147 590
99 734
842 136
107 147
561 315
336 280
613 619
832 475
220 928
925 663
385 283
881 109
957 82
628 238
232 908
473 9
900 2
497 751
915 122
460 330
934 222
536 650
806 181
828 301
956 831
397 384
967 65
106 113
164 922
372 670
99 26
592 947
15 845
601 533
93 492
687 4
724 473
649 677
397 678
369 760
359 822
732 579
385 957
363 149
529 82
281 242
659 670
78 227
659 475
596 171
586 558
176 566
222 640
796 381
418 390
986 385
544 131
846 730
456 329
672 624
11 814
181 476
997 86
265 261
452 414
240 785
784 371
306 426
539 420
259 447
649 390
250 617
454 819
350 359
448 283
458 211
961 887
618 763
77 818
916 334
841 408
9 749
252 148
581 850
438 832
989 86
905 215
523 52
473 598
737 102
432 426
456 883
970 206
716 841
791 298
623 723
444 828
912 938
256 315
627 835
634 687
770 979
403 562
9 588
489 377
462 164
487 27
733 776
635 556
572 367
977 880
874 589
962 505
427 18
635 408
396 255
348 705
918 555
182 97
214 442
225 198
65 345
467 4
806 282
546 8
977 777
253 260
45 221
389 376
736 589
38 471
904 828
254 96
217 458
270 746
625 997
925 516
41 742
415 839
381 844
909 358
353 48
694 551
33 331
348 489
190 256
536 238
527 398
158 47
505 369
296 256
546 704
838 163
49 862
515 215
515 708
982 955
370 153
23 89
392 613
718 495
41 747
595 779
921 433
275 242
681 297
648 940
720 858
522 467
946 537
787 581
330 629
398 464
684 409
277 601
80 202
817 736
216 196
237 893
903 569
541 60
364 385
730 534
832 364
505 443
168 258
943 79
537 606
610 853
676 335
951 862
979 626
797 548
617 703
844 987
211 725
807 115
845 463
742 791
957 290
936 545
387 133
387 968
238 458
38 328
370 152
23 298
338 29
771 203
659 275
636 303
951 71
937 913
588 422
61 563
432 890
400 583
176 223
675 640
196 894
869 54
937 832
225 914
452 277
618 574
304 548
848 72
380 328
692 551
635 966
733 472
306 150
634 157
461 111
291 351
911 254
225 113
763 392
45 907
320 193
341 4
445 181
152 225
546 75
206 226
877 265
87 426
924 757
22 228
629 926
454 280
400 647
433 274
31 358
396 948
352 170
532 515
705 407
55 521
6 925
454 676
553 720
622 12
274 409
568 783
661 130
897 839
552 453
689 578
371 563
27 264
302 942
746 26
514 362
597 877
742 950
84 548
713 68
239 137
945 101
125 698
454 414
632 262
353 808
681 710
685 494
535 712
150 300
582 155
782 36
718 926
359 513
837 633
877 794
14 620
579 560
729 685
565 846
107 675
30 459
526 951
466 920
588 627
576 630
972 39
72 984
790 0
121 440
726 464
826 914
788 469
806 658
480 980
622 942
353 515
825 170
988 844
352 699
192 744
251 249
226 694
54 903
607 558
404 801
915 623
935 651
865 826
896 630
237 755
236 516
542 638
245 318
230 442
500 502
695 933
657 78
52 472
746 495
690 678
102 190
821 641
235 119
838 494
484 342
959 436
71 45
156 930
382 123
945 489
978 563
794 6
707 337
482 136
190 132
486 608
954 882
676 117
592 285
280 680
254 123
320 129
481 647
73 605
338 873
970 556
696 64
713 407
816 690
818 890
193 730
324 272
595 330
213 872
478 912
920 871
72 680
530 196
983 48
930 936
920 233
854 725
800 24
173 259
467 156
552 459
16 650
408 721
257 49
537 41
737 128
761 263
867 247
476 342
524 607
85 355
669 713
567 392
573 820
276 299
638 360
392 347
683 878
111 392
383 888
231 196
419 853
762 783
87 903
531 75
510 495
872 878
750 183
923 542
206 738
242 1
373 301
32 718
357 18
419 429
256 722
109 479
182 108
915 423
437 34
454 9
508 752
258 451
583 829
22 743
516 907
328 244
852 609
408 624
992 668
152 990
524 331
320 976
888 791
757 586
354 643
118 768
249 589
550 979
434 634
267 414
18 405
802 890
338 698
547 927
768 320
301 298
195 165
677 670
355 984
563 266
988 462
744 208
258 931
911 570
297 256
627 322
244 964
206 524
447 539
216 991
556 662
351 420
554 190
366 161
967 662
989 795
673 947
81 383
676 510
552 397
243 96
481 421
61 853
247 566
245 101
995 178
583 73
470 785
237 565
8 68
741 947
560 498
789 919
235 875
926 999
612 218
121 945
558 894
840 407
683 411
280 592
578 671
77 303
409 393
914 989
8 711
132 121
537 720
717 607
154 210
272 868
413 215
719 176
906 400
326 933
459 701
755 815
850 858
629 371
80 616
309 289
450 144
969 988
900 906
699 689
826 46
674 830
885 13
212 619
574 954
460 642
270 754
756 845
250 775
303 961
426 383
827 694
359 509
17 305
348 207
665 566
467 288
906 545
302 188
787 679
800 371
909 758
773 252
118 152
512 275
602 693
607 35
294 492
105 268
855 246
117 474
75 554
621 159
374 184
280 10
617 551
527 781
918 607
573 379
976 50
426 708
854 637
793 14
691 369
568 884
587 140
276 679
959 630
389 142
283 800
885 957
677 317
154 715
352 336
146 705
66 705
294 968
270 118
621 928
611 492
776 609
767 472
637 415
184 281
739 242
978 394
59 129
393 735
986 575
588 74
17 416
338 605
263 121
392 63
839 310
248 789
491 564
994 154
912 873
470 916
602 544
555 89
991 740
387 527
882 535
576 841
319 488
870 19
942 580
37 951
181 766
594 574
510 655
722 924
474 389
314 708
339 12
546 448
822 882
150 605
543 982
515 208
200 799
695 958
77 56
951 939
955 554
456 399
990 935
834 755
400 716
446 508
162 647
696 557
309 562
892 610
605 536
426 105
688 100
214 165
408 428
779 74
501 553
116 846
314 850
106 385
29 678
709 241
143 647
563 845
148 481
655 628
511 126
438 653
194 615
507 423
603 769
88 127
593 612
577 386
501 817
974 326
559 465
787 570
354 861
509 956
822 942
649 960
544 264
167 253
894 100
184 154
110 947
771 163
473 926
678 96
664 233
48 465
78 873
122 790
386 653
669 172
35 307
112 684
14 223
603 453
996 771
322 284
380 427
690 314
290 21
979 255
869 175
692 199
857 950
375 425
356 67
198 353
56 702
119 664
708 879
685 406
717 736
509 882
548 187
208 764
925 175
809 805
16 88
831 460
237 608
489 322
99 461
642 74
185 373
398 75
274 704
791 258
851 842
934 652
303 614
55 648
38 433
595 280
877 515
909 92
764 95
44 461
398 981
675 141
355 140
169 867
253 724
593 730
603 143
488 759
271 131
796 10
806 493
677 512
707 444
890 447
860 114
348 21
743 341
548 125
835 944
234 293
692 888
43 4
64 714
768 208
443 866
314 592
670 739
660 12
406 628
33 772
711 22
292 757
634 263
331 281
609 886
986 804
679 114
864 984
25 417
406 772
493 63
281 813
276 847
578 49
972 147
820 305
252 46
925 849
303 388
446 156
755 60
525 309
685 159
197 876
185 735
183 366
25 412
989 701
186 494
307 588
265 212
983 388
128 568
818 934
159 587
543 637
794 973
806 122
289 488
696 955
2 41
163 508
1 126
647 702
761 288
613 213
787 78
776 928
133 891
294 433
305 746
124 847
4 347
494 464
381 804
973 992
275 127
988 798
165 270
213 308
858 365
140 575
747 242
526 323
439 323
25 482
856 43
802 41
965 12
951 715
975 294
256 103
102 663
991 607
504 924
963 93
592 443
870 535
369 941
658 86
568 119
447 411
615 340
636 693
468 530
505 38
406 987
851 310
947 933
247 995
365 237
657 612
904 11
331 846
93 331
392 58
893 751
975 833
506 664
494 180
37 190
276 730
254 272
735 774
402 274
484 539
883 797
931 422
864 5
589 829
358 645
36 585
320 221
683 161
967 611
495 265
846 934
523 994
362 448
331 452
930 349
494 775
34 550
510 94
44 46
187 579
390 723
757 591
767 756
343 305
547 304
91 96
133 692
937 465
454 90
285 265
207 601
562 614
43 839
586 925
629 929
175 337
589 922
682 701
963 897
964 604
395 187
588 759
163 71
782 354
609 677
275 295
690 916
18 884
152 981
252 913
340 587
459 119
77 555
993 342
446 93
871 636
965 9
312 912
105 590
392 947
266 158
423 291
607 160
674 585
122 999
794 412
892 36
352 163
712 998
8 318
800 620
550 177
729 988
958 707
564 965
31 360
89 303
431 174
120 825
468 863
992 521
649 429
854 487
115 480
680 286
624 295
639 225
156 656
257 817
780 218
328 654
540 304
67 521
311 925
484 794
116 410
991 767
802 6
203 758
244 51
869 682
332 650
4 166
391 469
884 337
137 727
771 234
457 612
425 53
861 525
37 952
115 254
501 513
582 75
222 37
209 330
982 69
349 36
760 841
191 396
838 500
43 251
377 845
141 284
404 996
377 246
578 568
378 880
584 15
478 412
474 74
993 971
984 378
271 335
888 593
504 30
586 0
82 218
267 809
800 663
135 199
211 6
825 505
301 140
252 118
578 502
147 763
181 349
801 955
722 572
833 37
616 597
456 541
887 487
517 934
944 123
688 728
757 919
193 430
385 502
652 992
418 456
246 570
89 418
461 644
28 231
6 106
761 983
139 980
872 629
570 841
632 75
386 297
625 922
540 516
547 364
401 370
62 398
517 547
138 365
710 941
111 330
363 49
614 919
768 843
403 532
111 747
593 407
957 648
820 151
957 653
91 50
396 305
847 337
556 966
908 415
364 84
810 898
363 814
867 806
215 791
431 565
305 516
595 243
443 149
858 617
858 256
426 166
219 922
195 588
598 950
690 55
12 712
93 238
497 866
361 763
310 118
17 658
480 541
145 850
209 828
929 534
208 887
818 261
261 654
881 482
876 745
476 56
298 856
58 961
741 51
944 673
806 534
630 152
589 410
581 407
402 125
361 101
546 480
601 368
925 947
664 723
419 625
773 344
938 971
816 692
436 76
762 428
528 102
897 276
991 125
687 622
595 124
516 191
695 803
472 874
6 241
703 425
479 699
567 200
136 202
609 602
467 995
130 846
877 5
60 98
311 544
903 861
424 728
127 239
260 741
779 852
691 56
619 682
934 130
625 93
148 120
342 711
271 79
128 285
507 895
738 473
261 20
526 797
802 61
257 765
73 484
739 846
946 1
791 11
99 570
901 598
849 852
379 171
660 682
789 609
436 152
934 480
452 676
863 646
615 900
337 871
801 237
467 664
591 227
799 876
273 567
351 691
486 187
948 844
378 724
373 835
329 80
360 560
389 51
222 287
827 497
709 888
731 279
922 218
341 580
75 18
976 142
928 158
180 20
826 870
546 983
44 818
597 84
770 585
887 716
451 766
91 883
618 400
807 602
2 628
339 945
919 307
24 77
857 945
811 407
518 119
939 649
802 607
249 608
678 496
851 556
374 780
380 169
246 485
484 65
582 467
854 364
574 606
146 722
925 868
883 948
426 471
543 851
860 271
283 962
763 891
548 593
10 149
614 204
13 962
30 220
898 990
19 113
156 251
396 500
698 752
24 993
171 92
534 882
113 284
976 492
955 320
711 253
512 977
405 82
436 605
858 415
380 252
980 921
55 640
93 439
333 267
38 638
694 806
218 18
714 410
492 936
459 715
72 748
86 426
635 555
818 221
724 0
676 271
89 191
468 475
540 216
637 783
328 549
145 926
11 71
359 949
250 481
662 292
347 402
720 525
984 967
92 303
750 567
994 716
771 495
164 244
294 77
880 713
795 922
615 779
198 633
740 39
625 221
704 977
300 330
225 682
857 674
824 751
762 508
460 393
558 57
985 959
897 200
72 105
899 340
18 931
268 594
932 816
934 251
34 392
530 293
298 983
305 409
773 588
563 161
647 470
15 402
756 697
510 13
694 838
539 589
945 524
696 213
74 430
25 100
224 698
813 61
290 800
32 906
555 963
655 876
193 147
745 774
628 611
611 326
584 827
601 440
304 131
763 524
792 312
395 319
702 353
425 613
281 516
378 202
394 289
388 490
830 639
462 41
307 142
449 668
817 765
819 180
782 453
40 754
723 576
330 394
848 321
145 517
324 181
213 821
200 957
568 483
654 183
329 425
640 320
666 327
545 571
191 222
80 640
975 963
906 521
375 404
832 543
214 509
54 29
845 917
463 160
520 605
329 849
202 327
484 310
888 160
416 196
515 370
274 453
256 220
694 300
150 513
570 296
610 919
102 751
87 228
427 166
437 340
215 829
957 57
821 740
870 308
695 737
497 615
723 327
292 566
301 610
62 310
584 23
405 929
601 273
963 88
752 980
769 96
833 158
186 268
315 107
770 571
793 394
187 89
397 565
40 0
264 627
297 619
940 124
617 616
200 845
296 678
490 301
51 31
557 567
525 700
614 951
312 411
783 213
429 189
195 428
431 302
494 310
275 66
921 875
274 478
390 678
260 230
46 901
275 142
719 206
798 219
54 864
840 318
645 333
4 780
844 754
378 885
303 695
676 618
593 901
762 631
136 481
182 779
19 969
491 637
693 510
670 163
983 321
844 784
674 281
622 585
770 89
520 259
185 480
740 144
87 750
112 129
581 342
320 270
356 130
14 801
476 436
508 29
58 325
846 838
373 72
94 499
964 854
62 102
900 119
870 744
566 617
104 607
762 135
834 62
910 39
155 366
796 396
624 355
471 562
122 114
416 756
505 276
761 796
549 415
47 230
780 315
754 706
490 294
342 41
482 290
396 267
268 518
205 524
758 990
593 435
628 330
47 828
154 76
872 498
207 869
64 744
953 866
53 807
213 923
497 904
911 968
263 947
991 827
883 345
924 98
19 516
3 698
601 774
255 133
227 870
446 585
863 852
637 855
106 977
448 457
272 952
57 588
470 377
106 912
922 590
764 487
916 643
968 902
353 204
505 589
564 142
989 221
345 368
923 163
685 237
119 684
379 71
818 869
924 994
276 947
276 739
394 184
947 862
648 922
564 532
889 954
811 376
125 425
609 359
333 109
725 333
759 520
741 308
694 992
784 272
538 467
949 604
910 237
657 973
231 497
113 693
761 302
155 207
505 854
422 576
750 767
653 273
663 792
198 468
416 529
11 32
548 510
378 689
855 347
869 916
269 268
623 361
297 84
68 501
248 392
155 725
824 495
194 232
522 644
311 609
83 742
190 973
27 158
792 64
948 626
644 100
408 240
362 994
860 641
804 799
19 776
791 834
556 922
263 269
83 658
781 824
552 978
766 86
671 303
486 683
400 522
872 969
848 95
471 434
513 987
686 251
133 528
996 465
178 737
191 388
206 797
688 342
344 556
633 962
386 769
793 557
564 434
170 745
539 64
208 202
937 637
858 235
806 579
872 595
939 24
905 493
393 872
841 744
631 814
861 955
354 36
354 831
145 583
270 758
977 881
292 531
497 687
629 818
951 647
178 141
31 94
35 724
949 682
413 335
515 948
439 480
579 418
700 923
432 647
485 702
439 15
756 359
445 772
721 19
878 791
469 344
444 529
8 101
291 814
622 745
98 561
979 103
746 333
216 40
618 421
833 368
472 32
731 715
284 211
543 678
316 194
649 394
621 71
167 82
777 798
216 691
946 964
193 586
658 999
978 877
865 564
236 527
428 63
906 963
566 899
493 863
186 71
6 570
770 356
614 363
281 356
289 629
714 175
548 978
198 934
764 179
208 669
175 961
506 371
637 176
745 513
213 606
92 705
814 884
54 158
561 307
751 952
511 155
83 567
566 718
212 34
201 198
463 408
414 52
506 346
367 292
905 41
332 35
417 330
983 545
332 669
393 298
296 10
664 982
196 472
335 61
184 367
671 886
585 466
390 204
847 850
176 414
109 918
717 195
278 656
666 760
541 675
419 722
551 384
431 378
760 139
790 32
663 882
626 695
279 563
227 973
443 250
102 50
651 66
940 663
731 489
377 443
128 523
34 405
581 694
237 931
336 477
654 214
497 555
511 822
429 701
917 971
88 995
635 878
519 988
496 765
485 201
994 937
967 987
227 553
124 478
465 508
594 800
640 118
842 481
459 775
935 746
922 790
998 290
261 479
254 594
550 934
670 201
422 528
62 535
701 966
143 788
401 63
728 988
825 188
950 53
981 922
835 541
180 518
265 534
176 431
169 60
183 231
346 984
336 384
580 613
34 493
710 313
104 970
684 639
866 35
768 611
695 501
595 233
375 907
305 834
704 902
366 357
840 326
11 89
127 868
833 312
399 426
643 683
525 541
355 259
988 331
83 713
660 221
791 90
24 542
970 822
244 324
941 377
689 671
276 634
156 885
125 645
603 744
307 570
674 510
479 12
