2.14697 164
477 430 123 522 455 24 452 179 812 507 233 81 110 482 434 76 94 345 261 602 420 157 45 558 527 88 127 458 106 380 646 479 301 199 89 191 43 91 86 100 470 749 122 377 28 504 324 70 208 184 148 545 99 145 120 209 279 187 175 162 42 628 283 216 80 22 136 64 264 383 365 363 307 355 256 36 52 192 298 25 414 159 102 101 195 138 30 235 50 78 54 58 111 310 149 68 131 269 113 540 287 221 15 11 5 27 17 327 83 154 373 61 390 474 73 12 62 34 217 21 16 471 32 60 315 75 84 9 178 74 104 85 18 8 194 79 181 38 141 4 161 109 40 408 341 71 271 98 33 0 125 14 41 37 31 20 10 19 124 7 2 1 6 3 
3.22045 72
22 64 264 355 256 36 189 192 25 138 30 235 50 54 58 111 310 131 269 113 221 11 27 17 327 83 373 61 73 12 34 21 16 471 32 60 315 75 84 9 74 104 18 8 194 79 181 38 141 4 109 40 408 71 271 98 33 0 125 14 41 37 31 20 10 19 124 7 2 1 6 3 
4.29393 34
11 5 21 75 9 74 104 18 181 38 141 4 161 109 40 71 271 98 33 0 125 14 41 37 31 20 10 19 124 7 2 1 6 3 
5.36742 33
60 75 84 9 74 104 85 18 79 181 38 141 4 109 40 71 271 33 0 125 14 41 37 31 20 10 19 124 7 2 1 6 3 
6.4409 7
31 20 19 2 1 6 3 
7.51438 4
19 2 1 6 
8.58787 3
2 1 6 
9.66135 2
1 6 
