2 4 0 1 1.81265
2 4 0 3 2.16556
2 4 0 5 2.22159
2 4 0 6 2.27689
2 4 0 7 1.90693
2 4 0 8 2.09069
2 4 0 9 2.27907
2 4 0 10 2.22892
2 4 0 11 2.23846
2 4 0 12 2.14542
2 4 0 13 2.14542
2 4 0 14 2.27395
2 4 1 3 1.41421
2 4 1 5 1.73205
2 4 1 6 1.62019
2 4 1 7 1.62019
2 4 1 8 1.81265
2 4 1 9 1.73205
2 4 1 10 1.81265
2 4 1 11 1.41421
2 4 1 12 1.81265
2 4 1 13 1.81265
2 4 1 14 1.81265
2 4 3 5 2.16556
2 4 3 6 2.23607
2 4 3 7 2
2 4 3 8 1.93309
2 4 3 9 2.23607
2 4 3 10 2.13809
2 4 3 11 2.23607
2 4 3 12 2.0381
2 4 3 13 2
2 4 3 14 2.18955
2 4 5 6 2.22985
2 4 5 7 2
2 4 5 8 2.02367
2 4 5 9 2.29907
2 4 5 10 2.19848
2 4 5 11 2.23607
2 4 5 12 2.08683
2 4 5 13 2.05603
2 4 5 14 2.23607
2 4 6 7 2
2 4 6 8 2.09938
2 4 6 9 2.34521
2 4 6 10 2.2514
2 4 6 11 2.28239
2 4 6 12 2.15322
2 4 6 13 2.16025
2 4 6 14 2.29256
2 4 7 8 1.62019
2 4 7 9 2
2 4 7 10 1.85164
2 4 7 11 2
2 4 7 12 1.81265
2 4 7 13 1.73205
2 4 7 14 1.93309
2 4 8 9 2.16025
2 4 8 10 2.14154
2 4 8 11 2.04939
2 4 8 12 2.04495
2 4 8 13 2
2 4 8 14 2.14154
2 4 9 10 2.26747
2 4 9 11 2.28239
2 4 9 12 2.17607
2 4 9 13 2.13535
2 4 9 14 2.30079
2 4 10 11 2.22354
2 4 10 12 2.14154
2 4 10 13 2.09069
2 4 10 14 2.27395
2 4 11 12 2.12132
2 4 11 13 2.08167
2 4 11 14 2.26779
2 4 12 13 2.04742
2 4 12 14 2.17562
2 4 13 14 2.14154
