8 9 0 1 2 3 4 5 6 7 10 0
8 9 0 1 2 3 4 5 6 7 11 1
8 9 0 1 2 3 4 5 6 7 12 1
8 9 0 1 2 3 4 5 6 7 13 1
8 9 0 1 2 3 4 5 6 7 14 0
8 9 0 1 2 3 4 5 6 10 11 0
8 9 0 1 2 3 4 5 6 10 12 0
8 9 0 1 2 3 4 5 6 10 13 0
8 9 0 1 2 3 4 5 6 10 14 0
8 9 0 1 2 3 4 5 6 11 12 1
8 9 0 1 2 3 4 5 6 11 13 1
8 9 0 1 2 3 4 5 6 11 14 0
8 9 0 1 2 3 4 5 6 12 13 1
8 9 0 1 2 3 4 5 6 12 14 0
8 9 0 1 2 3 4 5 6 13 14 0
8 9 0 1 2 3 4 5 7 10 11 0
8 9 0 1 2 3 4 5 7 10 12 1
8 9 0 1 2 3 4 5 7 10 13 1
8 9 0 1 2 3 4 5 7 10 14 1
8 9 0 1 2 3 4 5 7 11 12 1
8 9 0 1 2 3 4 5 7 11 13 1
8 9 0 1 2 3 4 5 7 11 14 0
8 9 0 1 2 3 4 5 7 12 13 1
8 9 0 1 2 3 4 5 7 12 14 1
8 9 0 1 2 3 4 5 7 13 14 1
8 9 0 1 2 3 4 5 10 11 12 0
8 9 0 1 2 3 4 5 10 11 13 0
8 9 0 1 2 3 4 5 10 11 14 0
8 9 0 1 2 3 4 5 10 12 13 1
8 9 0 1 2 3 4 5 10 12 14 1
8 9 0 1 2 3 4 5 10 13 14 1
8 9 0 1 2 3 4 5 11 12 13 1
8 9 0 1 2 3 4 5 11 12 14 0
8 9 0 1 2 3 4 5 11 13 14 0
8 9 0 1 2 3 4 5 12 13 14 1
8 9 0 1 2 3 4 6 7 10 11 0
8 9 0 1 2 3 4 6 7 10 12 0
8 9 0 1 2 3 4 6 7 10 13 0
8 9 0 1 2 3 4 6 7 10 14 0
8 9 0 1 2 3 4 6 7 11 12 1
8 9 0 1 2 3 4 6 7 11 13 1
8 9 0 1 2 3 4 6 7 11 14 0
8 9 0 1 2 3 4 6 7 12 13 1
8 9 0 1 2 3 4 6 7 12 14 0
8 9 0 1 2 3 4 6 7 13 14 0
8 9 0 1 2 3 4 6 10 11 12 1
8 9 0 1 2 3 4 6 10 11 13 1
8 9 0 1 2 3 4 6 10 11 14 1
8 9 0 1 2 3 4 6 10 12 13 1
8 9 0 1 2 3 4 6 10 12 14 1
8 9 0 1 2 3 4 6 10 13 14 1
8 9 0 1 2 3 4 6 11 12 13 1
8 9 0 1 2 3 4 6 11 12 14 1
8 9 0 1 2 3 4 6 11 13 14 1
8 9 0 1 2 3 4 6 12 13 14 1
8 9 0 1 2 3 4 7 10 11 12 0
8 9 0 1 2 3 4 7 10 11 13 0
8 9 0 1 2 3 4 7 10 11 14 0
8 9 0 1 2 3 4 7 10 12 13 1
8 9 0 1 2 3 4 7 10 12 14 1
8 9 0 1 2 3 4 7 10 13 14 1
8 9 0 1 2 3 4 7 11 12 13 1
8 9 0 1 2 3 4 7 11 12 14 0
8 9 0 1 2 3 4 7 11 13 14 0
8 9 0 1 2 3 4 7 12 13 14 1
8 9 0 1 2 3 4 10 11 12 13 1
8 9 0 1 2 3 4 10 11 12 14 1
8 9 0 1 2 3 4 10 11 13 14 1
8 9 0 1 2 3 4 10 12 13 14 1
8 9 0 1 2 3 4 11 12 13 14 1
8 9 0 1 2 3 5 6 7 10 11 0
8 9 0 1 2 3 5 6 7 10 12 0
8 9 0 1 2 3 5 6 7 10 13 0
8 9 0 1 2 3 5 6 7 10 14 0
8 9 0 1 2 3 5 6 7 11 12 1.41421
8 9 0 1 2 3 5 6 7 11 13 1.41421
8 9 0 1 2 3 5 6 7 11 14 1
8 9 0 1 2 3 5 6 7 12 13 1.41421
8 9 0 1 2 3 5 6 7 12 14 1
8 9 0 1 2 3 5 6 7 13 14 1
8 9 0 1 2 3 5 6 10 11 12 0
8 9 0 1 2 3 5 6 10 11 13 0
8 9 0 1 2 3 5 6 10 11 14 0
8 9 0 1 2 3 5 6 10 12 13 0
8 9 0 1 2 3 5 6 10 12 14 0
8 9 0 1 2 3 5 6 10 13 14 0
8 9 0 1 2 3 5 6 11 12 13 1.41421
8 9 0 1 2 3 5 6 11 12 14 1
8 9 0 1 2 3 5 6 11 13 14 1
8 9 0 1 2 3 5 6 12 13 14 1
8 9 0 1 2 3 5 7 10 11 12 0
8 9 0 1 2 3 5 7 10 11 13 0
8 9 0 1 2 3 5 7 10 11 14 0
8 9 0 1 2 3 5 7 10 12 13 1
8 9 0 1 2 3 5 7 10 12 14 1
8 9 0 1 2 3 5 7 10 13 14 1
8 9 0 1 2 3 5 7 11 12 13 1.41421
8 9 0 1 2 3 5 7 11 12 14 1
8 9 0 1 2 3 5 7 11 13 14 1
8 9 0 1 2 3 5 7 12 13 14 1
8 9 0 1 2 3 5 10 11 12 13 0
8 9 0 1 2 3 5 10 11 12 14 0
8 9 0 1 2 3 5 10 11 13 14 0
8 9 0 1 2 3 5 10 12 13 14 1
8 9 0 1 2 3 5 11 12 13 14 1
8 9 0 1 2 3 6 7 10 11 12 1
8 9 0 1 2 3 6 7 10 11 13 1
8 9 0 1 2 3 6 7 10 11 14 1
8 9 0 1 2 3 6 7 10 12 13 1
8 9 0 1 2 3 6 7 10 12 14 1
8 9 0 1 2 3 6 7 10 13 14 1
8 9 0 1 2 3 6 7 11 12 13 1.62019
8 9 0 1 2 3 6 7 11 12 14 1.41421
8 9 0 1 2 3 6 7 11 13 14 1.41421
8 9 0 1 2 3 6 7 12 13 14 1.41421
8 9 0 1 2 3 6 10 11 12 13 1.41421
8 9 0 1 2 3 6 10 11 12 14 1.41421
8 9 0 1 2 3 6 10 11 13 14 1.41421
8 9 0 1 2 3 6 10 12 13 14 1.41421
8 9 0 1 2 3 6 11 12 13 14 1.62019
8 9 0 1 2 3 7 10 11 12 13 1
8 9 0 1 2 3 7 10 11 12 14 1
8 9 0 1 2 3 7 10 11 13 14 1
8 9 0 1 2 3 7 10 12 13 14 1
8 9 0 1 2 3 7 11 12 13 14 1.41421
8 9 0 1 2 3 10 11 12 13 14 1.41421
8 9 0 1 2 4 5 6 7 10 11 0
8 9 0 1 2 4 5 6 7 10 12 1
8 9 0 1 2 4 5 6 7 10 13 1
8 9 0 1 2 4 5 6 7 10 14 1
8 9 0 1 2 4 5 6 7 11 12 1
8 9 0 1 2 4 5 6 7 11 13 1
8 9 0 1 2 4 5 6 7 11 14 0
8 9 0 1 2 4 5 6 7 12 13 1
8 9 0 1 2 4 5 6 7 12 14 1
8 9 0 1 2 4 5 6 7 13 14 1
8 9 0 1 2 4 5 6 10 11 12 1
8 9 0 1 2 4 5 6 10 11 13 1
8 9 0 1 2 4 5 6 10 11 14 1
8 9 0 1 2 4 5 6 10 12 13 1.41421
8 9 0 1 2 4 5 6 10 12 14 1.41421
8 9 0 1 2 4 5 6 10 13 14 1.41421
8 9 0 1 2 4 5 6 11 12 13 1
8 9 0 1 2 4 5 6 11 12 14 1
8 9 0 1 2 4 5 6 11 13 14 1
8 9 0 1 2 4 5 6 12 13 14 1.41421
8 9 0 1 2 4 5 7 10 11 12 0
8 9 0 1 2 4 5 7 10 11 13 0
8 9 0 1 2 4 5 7 10 11 14 0
8 9 0 1 2 4 5 7 10 12 13 1.41421
8 9 0 1 2 4 5 7 10 12 14 1.41421
8 9 0 1 2 4 5 7 10 13 14 1.41421
8 9 0 1 2 4 5 7 11 12 13 1
8 9 0 1 2 4 5 7 11 12 14 0
8 9 0 1 2 4 5 7 11 13 14 0
8 9 0 1 2 4 5 7 12 13 14 1.41421
8 9 0 1 2 4 5 10 11 12 13 1
8 9 0 1 2 4 5 10 11 12 14 1
8 9 0 1 2 4 5 10 11 13 14 1
8 9 0 1 2 4 5 10 12 13 14 1.62019
8 9 0 1 2 4 5 11 12 13 14 1
8 9 0 1 2 4 6 7 10 11 12 0
8 9 0 1 2 4 6 7 10 11 13 0
8 9 0 1 2 4 6 7 10 11 14 0
8 9 0 1 2 4 6 7 10 12 13 1
8 9 0 1 2 4 6 7 10 12 14 1
8 9 0 1 2 4 6 7 10 13 14 1
8 9 0 1 2 4 6 7 11 12 13 1
8 9 0 1 2 4 6 7 11 12 14 0
8 9 0 1 2 4 6 7 11 13 14 0
8 9 0 1 2 4 6 7 12 13 14 1
8 9 0 1 2 4 6 10 11 12 13 1.41421
8 9 0 1 2 4 6 10 11 12 14 1.41421
8 9 0 1 2 4 6 10 11 13 14 1.41421
8 9 0 1 2 4 6 10 12 13 14 1.62019
8 9 0 1 2 4 6 11 12 13 14 1.41421
8 9 0 1 2 4 7 10 11 12 13 0
8 9 0 1 2 4 7 10 11 12 14 0
8 9 0 1 2 4 7 10 11 13 14 0
8 9 0 1 2 4 7 10 12 13 14 1.41421
8 9 0 1 2 4 7 11 12 13 14 0
8 9 0 1 2 4 10 11 12 13 14 1.41421
8 9 0 1 2 5 6 7 10 11 12 0
8 9 0 1 2 5 6 7 10 11 13 0
8 9 0 1 2 5 6 7 10 11 14 0
8 9 0 1 2 5 6 7 10 12 13 1
8 9 0 1 2 5 6 7 10 12 14 1
8 9 0 1 2 5 6 7 10 13 14 1
8 9 0 1 2 5 6 7 11 12 13 1.41421
8 9 0 1 2 5 6 7 11 12 14 1
8 9 0 1 2 5 6 7 11 13 14 1
8 9 0 1 2 5 6 7 12 13 14 1
8 9 0 1 2 5 6 10 11 12 13 1
8 9 0 1 2 5 6 10 11 12 14 1
8 9 0 1 2 5 6 10 11 13 14 1
8 9 0 1 2 5 6 10 12 13 14 1.41421
8 9 0 1 2 5 6 11 12 13 14 1
8 9 0 1 2 5 7 10 11 12 13 0
8 9 0 1 2 5 7 10 11 12 14 0
8 9 0 1 2 5 7 10 11 13 14 0
8 9 0 1 2 5 7 10 12 13 14 1.41421
8 9 0 1 2 5 7 11 12 13 14 1
8 9 0 1 2 5 10 11 12 13 14 1
8 9 0 1 2 6 7 10 11 12 13 1
8 9 0 1 2 6 7 10 11 12 14 1
8 9 0 1 2 6 7 10 11 13 14 1
8 9 0 1 2 6 7 10 12 13 14 1
8 9 0 1 2 6 7 11 12 13 14 1.41421
8 9 0 1 2 6 10 11 12 13 14 1.62019
8 9 0 1 2 7 10 11 12 13 14 1
8 9 0 1 3 4 5 6 7 10 11 0
8 9 0 1 3 4 5 6 7 10 12 0
8 9 0 1 3 4 5 6 7 10 13 0
8 9 0 1 3 4 5 6 7 10 14 0
8 9 0 1 3 4 5 6 7 11 12 1
8 9 0 1 3 4 5 6 7 11 13 1
8 9 0 1 3 4 5 6 7 11 14 0
8 9 0 1 3 4 5 6 7 12 13 1
8 9 0 1 3 4 5 6 7 12 14 0
8 9 0 1 3 4 5 6 7 13 14 0
8 9 0 1 3 4 5 6 10 11 12 0
8 9 0 1 3 4 5 6 10 11 13 0
8 9 0 1 3 4 5 6 10 11 14 0
8 9 0 1 3 4 5 6 10 12 13 0
8 9 0 1 3 4 5 6 10 12 14 0
8 9 0 1 3 4 5 6 10 13 14 0
8 9 0 1 3 4 5 6 11 12 13 1
8 9 0 1 3 4 5 6 11 12 14 0
8 9 0 1 3 4 5 6 11 13 14 0
8 9 0 1 3 4 5 6 12 13 14 0
8 9 0 1 3 4 5 7 10 11 12 0
8 9 0 1 3 4 5 7 10 11 13 0
8 9 0 1 3 4 5 7 10 11 14 0
8 9 0 1 3 4 5 7 10 12 13 1
8 9 0 1 3 4 5 7 10 12 14 1
8 9 0 1 3 4 5 7 10 13 14 1
8 9 0 1 3 4 5 7 11 12 13 1
8 9 0 1 3 4 5 7 11 12 14 0
8 9 0 1 3 4 5 7 11 13 14 0
8 9 0 1 3 4 5 7 12 13 14 1
8 9 0 1 3 4 5 10 11 12 13 0
8 9 0 1 3 4 5 10 11 12 14 0
8 9 0 1 3 4 5 10 11 13 14 0
8 9 0 1 3 4 5 10 12 13 14 1
8 9 0 1 3 4 5 11 12 13 14 0
8 9 0 1 3 4 6 7 10 11 12 1
8 9 0 1 3 4 6 7 10 11 13 1
8 9 0 1 3 4 6 7 10 11 14 1
8 9 0 1 3 4 6 7 10 12 13 1
8 9 0 1 3 4 6 7 10 12 14 1
8 9 0 1 3 4 6 7 10 13 14 1
8 9 0 1 3 4 6 7 11 12 13 1
8 9 0 1 3 4 6 7 11 12 14 1
8 9 0 1 3 4 6 7 11 13 14 1
8 9 0 1 3 4 6 7 12 13 14 1
8 9 0 1 3 4 6 10 11 12 13 1.41421
8 9 0 1 3 4 6 10 11 12 14 1.41421
8 9 0 1 3 4 6 10 11 13 14 1.41421
8 9 0 1 3 4 6 10 12 13 14 1.41421
8 9 0 1 3 4 6 11 12 13 14 1.41421
8 9 0 1 3 4 7 10 11 12 13 1
8 9 0 1 3 4 7 10 11 12 14 1
8 9 0 1 3 4 7 10 11 13 14 1
8 9 0 1 3 4 7 10 12 13 14 1
8 9 0 1 3 4 7 11 12 13 14 1
8 9 0 1 3 4 10 11 12 13 14 1.41421
8 9 0 1 3 5 6 7 10 11 12 0
8 9 0 1 3 5 6 7 10 11 13 0
8 9 0 1 3 5 6 7 10 11 14 0
8 9 0 1 3 5 6 7 10 12 13 0
8 9 0 1 3 5 6 7 10 12 14 0
8 9 0 1 3 5 6 7 10 13 14 0
8 9 0 1 3 5 6 7 11 12 13 1.41421
8 9 0 1 3 5 6 7 11 12 14 1
8 9 0 1 3 5 6 7 11 13 14 1
8 9 0 1 3 5 6 7 12 13 14 1
8 9 0 1 3 5 6 10 11 12 13 0
8 9 0 1 3 5 6 10 11 12 14 0
8 9 0 1 3 5 6 10 11 13 14 0
8 9 0 1 3 5 6 10 12 13 14 0
8 9 0 1 3 5 6 11 12 13 14 1
8 9 0 1 3 5 7 10 11 12 13 0
8 9 0 1 3 5 7 10 11 12 14 0
8 9 0 1 3 5 7 10 11 13 14 0
8 9 0 1 3 5 7 10 12 13 14 1
8 9 0 1 3 5 7 11 12 13 14 1
8 9 0 1 3 5 10 11 12 13 14 0
8 9 0 1 3 6 7 10 11 12 13 1.41421
8 9 0 1 3 6 7 10 11 12 14 1.41421
8 9 0 1 3 6 7 10 11 13 14 1.41421
8 9 0 1 3 6 7 10 12 13 14 1.41421
8 9 0 1 3 6 7 11 12 13 14 1.62019
8 9 0 1 3 6 10 11 12 13 14 1.73205
8 9 0 1 3 7 10 11 12 13 14 1.41421
8 9 0 1 4 5 6 7 10 11 12 1
8 9 0 1 4 5 6 7 10 11 13 1
8 9 0 1 4 5 6 7 10 11 14 1
8 9 0 1 4 5 6 7 10 12 13 1.41421
8 9 0 1 4 5 6 7 10 12 14 1.41421
8 9 0 1 4 5 6 7 10 13 14 1.41421
8 9 0 1 4 5 6 7 11 12 13 1
8 9 0 1 4 5 6 7 11 12 14 1
8 9 0 1 4 5 6 7 11 13 14 1
8 9 0 1 4 5 6 7 12 13 14 1.41421
8 9 0 1 4 5 6 10 11 12 13 1.41421
8 9 0 1 4 5 6 10 11 12 14 1.41421
8 9 0 1 4 5 6 10 11 13 14 1.41421
8 9 0 1 4 5 6 10 12 13 14 1.73205
8 9 0 1 4 5 6 11 12 13 14 1.41421
8 9 0 1 4 5 7 10 11 12 13 1
8 9 0 1 4 5 7 10 11 12 14 1
8 9 0 1 4 5 7 10 11 13 14 1
8 9 0 1 4 5 7 10 12 13 14 1.62019
8 9 0 1 4 5 7 11 12 13 14 1
8 9 0 1 4 5 10 11 12 13 14 1.41421
8 9 0 1 4 6 7 10 11 12 13 1.41421
8 9 0 1 4 6 7 10 11 12 14 1.41421
8 9 0 1 4 6 7 10 11 13 14 1.41421
8 9 0 1 4 6 7 10 12 13 14 1.62019
8 9 0 1 4 6 7 11 12 13 14 1.41421
8 9 0 1 4 6 10 11 12 13 14 2
8 9 0 1 4 7 10 11 12 13 14 1.41421
8 9 0 1 5 6 7 10 11 12 13 1
8 9 0 1 5 6 7 10 11 12 14 1
8 9 0 1 5 6 7 10 11 13 14 1
8 9 0 1 5 6 7 10 12 13 14 1.41421
8 9 0 1 5 6 7 11 12 13 14 1
8 9 0 1 5 6 10 11 12 13 14 1.41421
8 9 0 1 5 7 10 11 12 13 14 1
8 9 0 1 6 7 10 11 12 13 14 1.62019
8 9 0 2 3 4 5 6 7 10 11 1.41421
8 9 0 2 3 4 5 6 7 10 12 1
8 9 0 2 3 4 5 6 7 10 13 1
8 9 0 2 3 4 5 6 7 10 14 1.41421
8 9 0 2 3 4 5 6 7 11 12 1
8 9 0 2 3 4 5 6 7 11 13 1
8 9 0 2 3 4 5 6 7 11 14 1.41421
8 9 0 2 3 4 5 6 7 12 13 1
8 9 0 2 3 4 5 6 7 12 14 1
8 9 0 2 3 4 5 6 7 13 14 1
8 9 0 2 3 4 5 6 10 11 12 1.41421
8 9 0 2 3 4 5 6 10 11 13 1.41421
8 9 0 2 3 4 5 6 10 11 14 1.73205
8 9 0 2 3 4 5 6 10 12 13 1
8 9 0 2 3 4 5 6 10 12 14 1.41421
8 9 0 2 3 4 5 6 10 13 14 1.41421
8 9 0 2 3 4 5 6 11 12 13 1
8 9 0 2 3 4 5 6 11 12 14 1.41421
8 9 0 2 3 4 5 6 11 13 14 1.41421
8 9 0 2 3 4 5 6 12 13 14 1
8 9 0 2 3 4 5 7 10 11 12 1
8 9 0 2 3 4 5 7 10 11 13 1
8 9 0 2 3 4 5 7 10 11 14 1.41421
8 9 0 2 3 4 5 7 10 12 13 1
8 9 0 2 3 4 5 7 10 12 14 1
8 9 0 2 3 4 5 7 10 13 14 1
8 9 0 2 3 4 5 7 11 12 13 1
8 9 0 2 3 4 5 7 11 12 14 1
8 9 0 2 3 4 5 7 11 13 14 1
8 9 0 2 3 4 5 7 12 13 14 1
8 9 0 2 3 4 5 10 11 12 13 1
8 9 0 2 3 4 5 10 11 12 14 1.41421
8 9 0 2 3 4 5 10 11 13 14 1.41421
8 9 0 2 3 4 5 10 12 13 14 1
8 9 0 2 3 4 5 11 12 13 14 1
8 9 0 2 3 4 6 7 10 11 12 1
8 9 0 2 3 4 6 7 10 11 13 1
8 9 0 2 3 4 6 7 10 11 14 1.41421
8 9 0 2 3 4 6 7 10 12 13 0
8 9 0 2 3 4 6 7 10 12 14 1
8 9 0 2 3 4 6 7 10 13 14 1
8 9 0 2 3 4 6 7 11 12 13 1
8 9 0 2 3 4 6 7 11 12 14 1
8 9 0 2 3 4 6 7 11 13 14 1
8 9 0 2 3 4 6 7 12 13 14 0
8 9 0 2 3 4 6 10 11 12 13 1.41421
8 9 0 2 3 4 6 10 11 12 14 1.62019
8 9 0 2 3 4 6 10 11 13 14 1.62019
8 9 0 2 3 4 6 10 12 13 14 1.41421
8 9 0 2 3 4 6 11 12 13 14 1.41421
8 9 0 2 3 4 7 10 11 12 13 0
8 9 0 2 3 4 7 10 11 12 14 1
8 9 0 2 3 4 7 10 11 13 14 1
8 9 0 2 3 4 7 10 12 13 14 1
8 9 0 2 3 4 7 11 12 13 14 0
8 9 0 2 3 4 10 11 12 13 14 1.41421
8 9 0 2 3 5 6 7 10 11 12 1
8 9 0 2 3 5 6 7 10 11 13 1
8 9 0 2 3 5 6 7 10 11 14 1.41421
8 9 0 2 3 5 6 7 10 12 13 0
8 9 0 2 3 5 6 7 10 12 14 1
8 9 0 2 3 5 6 7 10 13 14 1
8 9 0 2 3 5 6 7 11 12 13 1.41421
8 9 0 2 3 5 6 7 11 12 14 1
8 9 0 2 3 5 6 7 11 13 14 1
8 9 0 2 3 5 6 7 12 13 14 1
8 9 0 2 3 5 6 10 11 12 13 1
8 9 0 2 3 5 6 10 11 12 14 1.41421
8 9 0 2 3 5 6 10 11 13 14 1.41421
8 9 0 2 3 5 6 10 12 13 14 1
8 9 0 2 3 5 6 11 12 13 14 1
8 9 0 2 3 5 7 10 11 12 13 0
8 9 0 2 3 5 7 10 11 12 14 1
8 9 0 2 3 5 7 10 11 13 14 1
8 9 0 2 3 5 7 10 12 13 14 1
8 9 0 2 3 5 7 11 12 13 14 1
8 9 0 2 3 5 10 11 12 13 14 1
8 9 0 2 3 6 7 10 11 12 13 1
8 9 0 2 3 6 7 10 11 12 14 1
8 9 0 2 3 6 7 10 11 13 14 1
8 9 0 2 3 6 7 10 12 13 14 1
8 9 0 2 3 6 7 11 12 13 14 1.41421
8 9 0 2 3 6 10 11 12 13 14 1.62019
8 9 0 2 3 7 10 11 12 13 14 1
8 9 0 2 4 5 6 7 10 11 12 1
8 9 0 2 4 5 6 7 10 11 13 1
8 9 0 2 4 5 6 7 10 11 14 1.41421
8 9 0 2 4 5 6 7 10 12 13 1
8 9 0 2 4 5 6 7 10 12 14 1
8 9 0 2 4 5 6 7 10 13 14 1
8 9 0 2 4 5 6 7 11 12 13 1
8 9 0 2 4 5 6 7 11 12 14 1
8 9 0 2 4 5 6 7 11 13 14 1
8 9 0 2 4 5 6 7 12 13 14 1
8 9 0 2 4 5 6 10 11 12 13 1.41421
8 9 0 2 4 5 6 10 11 12 14 1.62019
8 9 0 2 4 5 6 10 11 13 14 1.62019
8 9 0 2 4 5 6 10 12 13 14 1.62019
8 9 0 2 4 5 6 11 12 13 14 1.41421
8 9 0 2 4 5 7 10 11 12 13 0
8 9 0 2 4 5 7 10 11 12 14 1
8 9 0 2 4 5 7 10 11 13 14 1
8 9 0 2 4 5 7 10 12 13 14 1.41421
8 9 0 2 4 5 7 11 12 13 14 0
8 9 0 2 4 5 10 11 12 13 14 1.41421
8 9 0 2 4 6 7 10 11 12 13 0
8 9 0 2 4 6 7 10 11 12 14 1
8 9 0 2 4 6 7 10 11 13 14 1
8 9 0 2 4 6 7 10 12 13 14 1
8 9 0 2 4 6 7 11 12 13 14 0
8 9 0 2 4 6 10 11 12 13 14 1.73205
8 9 0 2 4 7 10 11 12 13 14 0
8 9 0 2 5 6 7 10 11 12 13 0
8 9 0 2 5 6 7 10 11 12 14 1
8 9 0 2 5 6 7 10 11 13 14 1
8 9 0 2 5 6 7 10 12 13 14 1
8 9 0 2 5 6 7 11 12 13 14 1
8 9 0 2 5 6 10 11 12 13 14 1.41421
8 9 0 2 5 7 10 11 12 13 14 0
8 9 0 2 6 7 10 11 12 13 14 1
8 9 0 3 4 5 6 7 10 11 12 1.41421
8 9 0 3 4 5 6 7 10 11 13 1.41421
8 9 0 3 4 5 6 7 10 11 14 1.73205
8 9 0 3 4 5 6 7 10 12 13 1
8 9 0 3 4 5 6 7 10 12 14 1.41421
8 9 0 3 4 5 6 7 10 13 14 1.41421
8 9 0 3 4 5 6 7 11 12 13 1
8 9 0 3 4 5 6 7 11 12 14 1.41421
8 9 0 3 4 5 6 7 11 13 14 1.41421
8 9 0 3 4 5 6 7 12 13 14 1
8 9 0 3 4 5 6 10 11 12 13 1.41421
8 9 0 3 4 5 6 10 11 12 14 1.73205
8 9 0 3 4 5 6 10 11 13 14 1.73205
8 9 0 3 4 5 6 10 12 13 14 1.41421
8 9 0 3 4 5 6 11 12 13 14 1.41421
8 9 0 3 4 5 7 10 11 12 13 1
8 9 0 3 4 5 7 10 11 12 14 1.41421
8 9 0 3 4 5 7 10 11 13 14 1.41421
8 9 0 3 4 5 7 10 12 13 14 1
8 9 0 3 4 5 7 11 12 13 14 1
8 9 0 3 4 5 10 11 12 13 14 1.41421
8 9 0 3 4 6 7 10 11 12 13 1.41421
8 9 0 3 4 6 7 10 11 12 14 1.62019
8 9 0 3 4 6 7 10 11 13 14 1.62019
8 9 0 3 4 6 7 10 12 13 14 1.41421
8 9 0 3 4 6 7 11 12 13 14 1.41421
8 9 0 3 4 6 10 11 12 13 14 2
8 9 0 3 4 7 10 11 12 13 14 1.41421
8 9 0 3 5 6 7 10 11 12 13 1
8 9 0 3 5 6 7 10 11 12 14 1.41421
8 9 0 3 5 6 7 10 11 13 14 1.41421
8 9 0 3 5 6 7 10 12 13 14 1
8 9 0 3 5 6 7 11 12 13 14 1
8 9 0 3 5 6 10 11 12 13 14 1.41421
8 9 0 3 5 7 10 11 12 13 14 1
8 9 0 3 6 7 10 11 12 13 14 1.62019
8 9 0 4 5 6 7 10 11 12 13 1.41421
8 9 0 4 5 6 7 10 11 12 14 1.62019
8 9 0 4 5 6 7 10 11 13 14 1.62019
8 9 0 4 5 6 7 10 12 13 14 1.62019
8 9 0 4 5 6 7 11 12 13 14 1.41421
8 9 0 4 5 6 10 11 12 13 14 2
8 9 0 4 5 7 10 11 12 13 14 1.41421
8 9 0 4 6 7 10 11 12 13 14 1.73205
8 9 0 5 6 7 10 11 12 13 14 1.41421
8 9 1 2 3 4 5 6 7 10 11 1
8 9 1 2 3 4 5 6 7 10 12 1
8 9 1 2 3 4 5 6 7 10 13 0
8 9 1 2 3 4 5 6 7 10 14 1
8 9 1 2 3 4 5 6 7 11 12 1
8 9 1 2 3 4 5 6 7 11 13 1
8 9 1 2 3 4 5 6 7 11 14 1
8 9 1 2 3 4 5 6 7 12 13 1
8 9 1 2 3 4 5 6 7 12 14 1
8 9 1 2 3 4 5 6 7 13 14 0
8 9 1 2 3 4 5 6 10 11 12 1
8 9 1 2 3 4 5 6 10 11 13 0
8 9 1 2 3 4 5 6 10 11 14 1
8 9 1 2 3 4 5 6 10 12 13 0
8 9 1 2 3 4 5 6 10 12 14 1
8 9 1 2 3 4 5 6 10 13 14 0
8 9 1 2 3 4 5 6 11 12 13 1
8 9 1 2 3 4 5 6 11 12 14 1
8 9 1 2 3 4 5 6 11 13 14 0
8 9 1 2 3 4 5 6 12 13 14 0
8 9 1 2 3 4 5 7 10 11 12 1
8 9 1 2 3 4 5 7 10 11 13 0
8 9 1 2 3 4 5 7 10 11 14 1
8 9 1 2 3 4 5 7 10 12 13 1
8 9 1 2 3 4 5 7 10 12 14 1
8 9 1 2 3 4 5 7 10 13 14 1
8 9 1 2 3 4 5 7 11 12 13 1
8 9 1 2 3 4 5 7 11 12 14 1
8 9 1 2 3 4 5 7 11 13 14 0
8 9 1 2 3 4 5 7 12 13 14 1
8 9 1 2 3 4 5 10 11 12 13 0
8 9 1 2 3 4 5 10 11 12 14 1
8 9 1 2 3 4 5 10 11 13 14 0
8 9 1 2 3 4 5 10 12 13 14 1
8 9 1 2 3 4 5 11 12 13 14 0
8 9 1 2 3 4 6 7 10 11 12 1
8 9 1 2 3 4 6 7 10 11 13 0
8 9 1 2 3 4 6 7 10 11 14 1
8 9 1 2 3 4 6 7 10 12 13 0
8 9 1 2 3 4 6 7 10 12 14 1
8 9 1 2 3 4 6 7 10 13 14 0
8 9 1 2 3 4 6 7 11 12 13 1
8 9 1 2 3 4 6 7 11 12 14 1
8 9 1 2 3 4 6 7 11 13 14 0
8 9 1 2 3 4 6 7 12 13 14 0
8 9 1 2 3 4 6 10 11 12 13 1
8 9 1 2 3 4 6 10 11 12 14 1
8 9 1 2 3 4 6 10 11 13 14 1
8 9 1 2 3 4 6 10 12 13 14 1
8 9 1 2 3 4 6 11 12 13 14 1
8 9 1 2 3 4 7 10 11 12 13 0
8 9 1 2 3 4 7 10 11 12 14 1
8 9 1 2 3 4 7 10 11 13 14 0
8 9 1 2 3 4 7 10 12 13 14 1
8 9 1 2 3 4 7 11 12 13 14 0
8 9 1 2 3 4 10 11 12 13 14 1
8 9 1 2 3 5 6 7 10 11 12 1
8 9 1 2 3 5 6 7 10 11 13 0
8 9 1 2 3 5 6 7 10 11 14 1
8 9 1 2 3 5 6 7 10 12 13 0
8 9 1 2 3 5 6 7 10 12 14 1
8 9 1 2 3 5 6 7 10 13 14 0
8 9 1 2 3 5 6 7 11 12 13 1.41421
8 9 1 2 3 5 6 7 11 12 14 1
8 9 1 2 3 5 6 7 11 13 14 1
8 9 1 2 3 5 6 7 12 13 14 1
8 9 1 2 3 5 6 10 11 12 13 0
8 9 1 2 3 5 6 10 11 12 14 1
8 9 1 2 3 5 6 10 11 13 14 0
8 9 1 2 3 5 6 10 12 13 14 0
8 9 1 2 3 5 6 11 12 13 14 1
8 9 1 2 3 5 7 10 11 12 13 0
8 9 1 2 3 5 7 10 11 12 14 1
8 9 1 2 3 5 7 10 11 13 14 0
8 9 1 2 3 5 7 10 12 13 14 1
8 9 1 2 3 5 7 11 12 13 14 1
8 9 1 2 3 5 10 11 12 13 14 0
8 9 1 2 3 6 7 10 11 12 13 1
8 9 1 2 3 6 7 10 11 12 14 1
8 9 1 2 3 6 7 10 11 13 14 1
8 9 1 2 3 6 7 10 12 13 14 1
8 9 1 2 3 6 7 11 12 13 14 1.41421
8 9 1 2 3 6 10 11 12 13 14 1.41421
8 9 1 2 3 7 10 11 12 13 14 1
8 9 1 2 4 5 6 7 10 11 12 1
8 9 1 2 4 5 6 7 10 11 13 0
8 9 1 2 4 5 6 7 10 11 14 1
8 9 1 2 4 5 6 7 10 12 13 1
8 9 1 2 4 5 6 7 10 12 14 1
8 9 1 2 4 5 6 7 10 13 14 1
8 9 1 2 4 5 6 7 11 12 13 1
8 9 1 2 4 5 6 7 11 12 14 1
8 9 1 2 4 5 6 7 11 13 14 0
8 9 1 2 4 5 6 7 12 13 14 1
8 9 1 2 4 5 6 10 11 12 13 1
8 9 1 2 4 5 6 10 11 12 14 1
8 9 1 2 4 5 6 10 11 13 14 1
8 9 1 2 4 5 6 10 12 13 14 1.41421
8 9 1 2 4 5 6 11 12 13 14 1
8 9 1 2 4 5 7 10 11 12 13 0
8 9 1 2 4 5 7 10 11 12 14 1
8 9 1 2 4 5 7 10 11 13 14 0
8 9 1 2 4 5 7 10 12 13 14 1.41421
8 9 1 2 4 5 7 11 12 13 14 0
8 9 1 2 4 5 10 11 12 13 14 1
8 9 1 2 4 6 7 10 11 12 13 0
8 9 1 2 4 6 7 10 11 12 14 1
8 9 1 2 4 6 7 10 11 13 14 0
8 9 1 2 4 6 7 10 12 13 14 1
8 9 1 2 4 6 7 11 12 13 14 0
8 9 1 2 4 6 10 11 12 13 14 1.41421
8 9 1 2 4 7 10 11 12 13 14 0
8 9 1 2 5 6 7 10 11 12 13 0
8 9 1 2 5 6 7 10 11 12 14 1
8 9 1 2 5 6 7 10 11 13 14 0
8 9 1 2 5 6 7 10 12 13 14 1
8 9 1 2 5 6 7 11 12 13 14 1
8 9 1 2 5 6 10 11 12 13 14 1
8 9 1 2 5 7 10 11 12 13 14 0
8 9 1 2 6 7 10 11 12 13 14 1
8 9 1 3 4 5 6 7 10 11 12 1
8 9 1 3 4 5 6 7 10 11 13 0
8 9 1 3 4 5 6 7 10 11 14 1
8 9 1 3 4 5 6 7 10 12 13 0
8 9 1 3 4 5 6 7 10 12 14 1
8 9 1 3 4 5 6 7 10 13 14 0
8 9 1 3 4 5 6 7 11 12 13 1
8 9 1 3 4 5 6 7 11 12 14 1
8 9 1 3 4 5 6 7 11 13 14 0
8 9 1 3 4 5 6 7 12 13 14 0
8 9 1 3 4 5 6 10 11 12 13 0
8 9 1 3 4 5 6 10 11 12 14 1
8 9 1 3 4 5 6 10 11 13 14 0
8 9 1 3 4 5 6 10 12 13 14 0
8 9 1 3 4 5 6 11 12 13 14 0
8 9 1 3 4 5 7 10 11 12 13 0
8 9 1 3 4 5 7 10 11 12 14 1
8 9 1 3 4 5 7 10 11 13 14 0
8 9 1 3 4 5 7 10 12 13 14 1
8 9 1 3 4 5 7 11 12 13 14 0
8 9 1 3 4 5 10 11 12 13 14 0
8 9 1 3 4 6 7 10 11 12 13 1
8 9 1 3 4 6 7 10 11 12 14 1
8 9 1 3 4 6 7 10 11 13 14 1
8 9 1 3 4 6 7 10 12 13 14 1
8 9 1 3 4 6 7 11 12 13 14 1
8 9 1 3 4 6 10 11 12 13 14 1.41421
8 9 1 3 4 7 10 11 12 13 14 1
8 9 1 3 5 6 7 10 11 12 13 0
8 9 1 3 5 6 7 10 11 12 14 1
8 9 1 3 5 6 7 10 11 13 14 0
8 9 1 3 5 6 7 10 12 13 14 0
8 9 1 3 5 6 7 11 12 13 14 1
8 9 1 3 5 6 10 11 12 13 14 0
8 9 1 3 5 7 10 11 12 13 14 0
8 9 1 3 6 7 10 11 12 13 14 1.41421
8 9 1 4 5 6 7 10 11 12 13 1
8 9 1 4 5 6 7 10 11 12 14 1
8 9 1 4 5 6 7 10 11 13 14 1
8 9 1 4 5 6 7 10 12 13 14 1.41421
8 9 1 4 5 6 7 11 12 13 14 1
8 9 1 4 5 6 10 11 12 13 14 1.41421
8 9 1 4 5 7 10 11 12 13 14 1
8 9 1 4 6 7 10 11 12 13 14 1.41421
8 9 1 5 6 7 10 11 12 13 14 1
8 9 2 3 4 5 6 7 10 11 12 1.41421
8 9 2 3 4 5 6 7 10 11 13 1
8 9 2 3 4 5 6 7 10 11 14 1.62019
8 9 2 3 4 5 6 7 10 12 13 0
8 9 2 3 4 5 6 7 10 12 14 1.41421
8 9 2 3 4 5 6 7 10 13 14 1
8 9 2 3 4 5 6 7 11 12 13 1
8 9 2 3 4 5 6 7 11 12 14 1.41421
8 9 2 3 4 5 6 7 11 13 14 1
8 9 2 3 4 5 6 7 12 13 14 0
8 9 2 3 4 5 6 10 11 12 13 1
8 9 2 3 4 5 6 10 11 12 14 1.62019
8 9 2 3 4 5 6 10 11 13 14 1.41421
8 9 2 3 4 5 6 10 12 13 14 1
8 9 2 3 4 5 6 11 12 13 14 1
8 9 2 3 4 5 7 10 11 12 13 0
8 9 2 3 4 5 7 10 11 12 14 1.41421
8 9 2 3 4 5 7 10 11 13 14 1
8 9 2 3 4 5 7 10 12 13 14 1
8 9 2 3 4 5 7 11 12 13 14 0
8 9 2 3 4 5 10 11 12 13 14 1
8 9 2 3 4 6 7 10 11 12 13 0
8 9 2 3 4 6 7 10 11 12 14 1.41421
8 9 2 3 4 6 7 10 11 13 14 1
8 9 2 3 4 6 7 10 12 13 14 0
8 9 2 3 4 6 7 11 12 13 14 0
8 9 2 3 4 6 10 11 12 13 14 1.41421
8 9 2 3 4 7 10 11 12 13 14 0
8 9 2 3 5 6 7 10 11 12 13 0
8 9 2 3 5 6 7 10 11 12 14 1.41421
8 9 2 3 5 6 7 10 11 13 14 1
8 9 2 3 5 6 7 10 12 13 14 0
8 9 2 3 5 6 7 11 12 13 14 1
8 9 2 3 5 6 10 11 12 13 14 1
8 9 2 3 5 7 10 11 12 13 14 0
8 9 2 3 6 7 10 11 12 13 14 1
8 9 2 4 5 6 7 10 11 12 13 0
8 9 2 4 5 6 7 10 11 12 14 1.41421
8 9 2 4 5 6 7 10 11 13 14 1
8 9 2 4 5 6 7 10 12 13 14 1
8 9 2 4 5 6 7 11 12 13 14 0
8 9 2 4 5 6 10 11 12 13 14 1.41421
8 9 2 4 5 7 10 11 12 13 14 0
8 9 2 4 6 7 10 11 12 13 14 0
8 9 2 5 6 7 10 11 12 13 14 0
8 9 3 4 5 6 7 10 11 12 13 1
8 9 3 4 5 6 7 10 11 12 14 1.62019
8 9 3 4 5 6 7 10 11 13 14 1.41421
8 9 3 4 5 6 7 10 12 13 14 1
8 9 3 4 5 6 7 11 12 13 14 1
8 9 3 4 5 6 10 11 12 13 14 1.41421
8 9 3 4 5 7 10 11 12 13 14 1
8 9 3 4 6 7 10 11 12 13 14 1.41421
8 9 3 5 6 7 10 11 12 13 14 1
8 9 4 5 6 7 10 11 12 13 14 1.41421
