3 14 0 1 2 4 5 6 7 8 9 10 11 0
3 14 0 1 2 4 5 6 7 8 9 10 12 0
3 14 0 1 2 4 5 6 7 8 9 10 13 0
3 14 0 1 2 4 5 6 7 8 9 11 12 0
3 14 0 1 2 4 5 6 7 8 9 11 13 0
3 14 0 1 2 4 5 6 7 8 9 12 13 0
3 14 0 1 2 4 5 6 7 8 10 11 12 0
3 14 0 1 2 4 5 6 7 8 10 11 13 0
3 14 0 1 2 4 5 6 7 8 10 12 13 0
3 14 0 1 2 4 5 6 7 8 11 12 13 0
3 14 0 1 2 4 5 6 7 9 10 11 12 0
3 14 0 1 2 4 5 6 7 9 10 11 13 0
3 14 0 1 2 4 5 6 7 9 10 12 13 0
3 14 0 1 2 4 5 6 7 9 11 12 13 1
3 14 0 1 2 4 5 6 7 10 11 12 13 0
3 14 0 1 2 4 5 6 8 9 10 11 12 0
3 14 0 1 2 4 5 6 8 9 10 11 13 0
3 14 0 1 2 4 5 6 8 9 10 12 13 0
3 14 0 1 2 4 5 6 8 9 11 12 13 0
3 14 0 1 2 4 5 6 8 10 11 12 13 0
3 14 0 1 2 4 5 6 9 10 11 12 13 0
3 14 0 1 2 4 5 7 8 9 10 11 12 0
3 14 0 1 2 4 5 7 8 9 10 11 13 0
3 14 0 1 2 4 5 7 8 9 10 12 13 1
3 14 0 1 2 4 5 7 8 9 11 12 13 0
3 14 0 1 2 4 5 7 8 10 11 12 13 1
3 14 0 1 2 4 5 7 9 10 11 12 13 0
3 14 0 1 2 4 5 8 9 10 11 12 13 0
3 14 0 1 2 4 6 7 8 9 10 11 12 0
3 14 0 1 2 4 6 7 8 9 10 11 13 0
3 14 0 1 2 4 6 7 8 9 10 12 13 0
3 14 0 1 2 4 6 7 8 9 11 12 13 0
3 14 0 1 2 4 6 7 8 10 11 12 13 0
3 14 0 1 2 4 6 7 9 10 11 12 13 0
3 14 0 1 2 4 6 8 9 10 11 12 13 1
3 14 0 1 2 4 7 8 9 10 11 12 13 0
3 14 0 1 2 5 6 7 8 9 10 11 12 0
3 14 0 1 2 5 6 7 8 9 10 11 13 0
3 14 0 1 2 5 6 7 8 9 10 12 13 0
3 14 0 1 2 5 6 7 8 9 11 12 13 1
3 14 0 1 2 5 6 7 8 10 11 12 13 0
3 14 0 1 2 5 6 7 9 10 11 12 13 0
3 14 0 1 2 5 6 8 9 10 11 12 13 0
3 14 0 1 2 5 7 8 9 10 11 12 13 0
3 14 0 1 2 6 7 8 9 10 11 12 13 1
3 14 0 1 4 5 6 7 8 9 10 11 12 0
3 14 0 1 4 5 6 7 8 9 10 11 13 0
3 14 0 1 4 5 6 7 8 9 10 12 13 0
3 14 0 1 4 5 6 7 8 9 11 12 13 0
3 14 0 1 4 5 6 7 8 10 11 12 13 0
3 14 0 1 4 5 6 7 9 10 11 12 13 0
3 14 0 1 4 5 6 8 9 10 11 12 13 0
3 14 0 1 4 5 7 8 9 10 11 12 13 0
3 14 0 1 4 6 7 8 9 10 11 12 13 1
3 14 0 1 5 6 7 8 9 10 11 12 13 0
3 14 0 2 4 5 6 7 8 9 10 11 12 1
3 14 0 2 4 5 6 7 8 9 10 11 13 1
3 14 0 2 4 5 6 7 8 9 10 12 13 0
3 14 0 2 4 5 6 7 8 9 11 12 13 0
3 14 0 2 4 5 6 7 8 10 11 12 13 0
3 14 0 2 4 5 6 7 9 10 11 12 13 1
3 14 0 2 4 5 6 8 9 10 11 12 13 1
3 14 0 2 4 5 7 8 9 10 11 12 13 0
3 14 0 2 4 6 7 8 9 10 11 12 13 0
3 14 0 2 5 6 7 8 9 10 11 12 13 0
3 14 0 4 5 6 7 8 9 10 11 12 13 1
3 14 1 2 4 5 6 7 8 9 10 11 12 1
3 14 1 2 4 5 6 7 8 9 10 11 13 0
3 14 1 2 4 5 6 7 8 9 10 12 13 0
3 14 1 2 4 5 6 7 8 9 11 12 13 0
3 14 1 2 4 5 6 7 8 10 11 12 13 0
3 14 1 2 4 5 6 7 9 10 11 12 13 0
3 14 1 2 4 5 6 8 9 10 11 12 13 0
3 14 1 2 4 5 7 8 9 10 11 12 13 0
3 14 1 2 4 6 7 8 9 10 11 12 13 0
3 14 1 2 5 6 7 8 9 10 11 12 13 0
3 14 1 4 5 6 7 8 9 10 11 12 13 0
3 14 2 4 5 6 7 8 9 10 11 12 13 0
