3 14 0 1 2 1.73205
3 14 0 1 4 1.41421
3 14 0 1 5 1.41421
3 14 0 1 6 1.90693
3 14 0 1 7 1.73205
3 14 0 1 8 1.85164
3 14 0 1 9 1.90693
3 14 0 1 10 1.73205
3 14 0 1 11 1.90693
3 14 0 1 12 1.90693
3 14 0 1 13 1.90693
3 14 0 2 4 2.13809
3 14 0 2 5 2.10357
3 14 0 2 6 2.24038
3 14 0 2 7 1.93309
3 14 0 2 8 1.93309
3 14 0 2 9 2.24038
3 14 0 2 10 2.10357
3 14 0 2 11 2.24038
3 14 0 2 12 2.10639
3 14 0 2 13 2.10639
3 14 0 4 5 2.29129
3 14 0 4 6 2.48193
3 14 0 4 7 2.13809
3 14 0 4 8 2.28709
3 14 0 4 9 2.48193
3 14 0 4 10 2.44831
3 14 0 4 11 2.48193
3 14 0 4 12 2.32266
3 14 0 4 13 2.32266
3 14 0 5 6 2.29907
3 14 0 5 7 2.10357
3 14 0 5 8 2
3 14 0 5 9 2.29907
3 14 0 5 10 2.23607
3 14 0 5 11 2.29907
3 14 0 5 12 2.10357
3 14 0 5 13 2.10357
3 14 0 6 7 2.24038
3 14 0 6 8 2.37697
3 14 0 6 9 2.58404
3 14 0 6 10 2.49516
3 14 0 6 11 2.58404
3 14 0 6 12 2.46311
3 14 0 6 13 2.46311
3 14 0 7 8 1.93309
3 14 0 7 9 2.24038
3 14 0 7 10 2.10357
3 14 0 7 11 2.24038
3 14 0 7 12 2.10639
3 14 0 7 13 2.10639
3 14 0 8 9 2.37697
3 14 0 8 10 2.35488
3 14 0 8 11 2.37697
3 14 0 8 12 2.26385
3 14 0 8 13 2.26385
3 14 0 9 10 2.49516
3 14 0 9 11 2.58404
3 14 0 9 12 2.46311
3 14 0 9 13 2.46311
3 14 0 10 11 2.49516
3 14 0 10 12 2.35488
3 14 0 10 13 2.35488
3 14 0 11 12 2.46311
3 14 0 11 13 2.46311
3 14 0 12 13 2.38048
3 14 1 2 4 1.41421
3 14 1 2 5 1.41421
3 14 1 2 6 1.73205
3 14 1 2 7 1.62019
3 14 1 2 8 1.62019
3 14 1 2 9 1.73205
3 14 1 2 10 1.41421
3 14 1 2 11 1.73205
3 14 1 2 12 1.73205
3 14 1 2 13 1.73205
3 14 1 4 5 1.41421
3 14 1 4 6 1.41421
3 14 1 4 7 1.41421
3 14 1 4 8 1.41421
3 14 1 4 9 1.41421
3 14 1 4 10 1.41421
3 14 1 4 11 1.41421
3 14 1 4 12 1.41421
3 14 1 4 13 1.41421
3 14 1 5 6 1.41421
3 14 1 5 7 1.41421
3 14 1 5 8 1.41421
3 14 1 5 9 1.41421
3 14 1 5 10 1.41421
3 14 1 5 11 1.41421
3 14 1 5 12 1.41421
3 14 1 5 13 1.41421
3 14 1 6 7 1.73205
3 14 1 6 8 1.85164
3 14 1 6 9 1.90693
3 14 1 6 10 1.73205
3 14 1 6 11 1.90693
3 14 1 6 12 1.90693
3 14 1 6 13 1.90693
3 14 1 7 8 1.62019
3 14 1 7 9 1.73205
3 14 1 7 10 1.41421
3 14 1 7 11 1.73205
3 14 1 7 12 1.73205
3 14 1 7 13 1.73205
3 14 1 8 9 1.85164
3 14 1 8 10 1.73205
3 14 1 8 11 1.85164
3 14 1 8 12 1.85164
3 14 1 8 13 1.85164
3 14 1 9 10 1.73205
3 14 1 9 11 1.90693
3 14 1 9 12 1.90693
3 14 1 9 13 1.90693
3 14 1 10 11 1.73205
3 14 1 10 12 1.73205
3 14 1 10 13 1.73205
3 14 1 11 12 1.90693
3 14 1 11 13 1.90693
3 14 1 12 13 1.90693
3 14 2 4 5 2.13809
3 14 2 4 6 2.18955
3 14 2 4 7 1.93309
3 14 2 4 8 1.93309
3 14 2 4 9 2.18955
3 14 2 4 10 2.13809
3 14 2 4 11 2.18955
3 14 2 4 12 2
3 14 2 4 13 1.93309
3 14 2 5 6 2.16556
3 14 2 5 7 2
3 14 2 5 8 1.85164
3 14 2 5 9 2.16556
3 14 2 5 10 2.07802
3 14 2 5 11 2.16556
3 14 2 5 12 2
3 14 2 5 13 1.90693
3 14 2 6 7 2
3 14 2 6 8 2
3 14 2 6 9 2.27837
3 14 2 6 10 2.16556
3 14 2 6 11 2.27837
3 14 2 6 12 2.16025
3 14 2 6 13 2.10639
3 14 2 7 8 1.62019
3 14 2 7 9 2
3 14 2 7 10 1.85164
3 14 2 7 11 2
3 14 2 7 12 2
3 14 2 7 13 1.81265
3 14 2 8 9 2
3 14 2 8 10 2
3 14 2 8 11 2
3 14 2 8 12 2
3 14 2 8 13 1.81265
3 14 2 9 10 2.16556
3 14 2 9 11 2.27837
3 14 2 9 12 2.16025
3 14 2 9 13 2.10639
3 14 2 10 11 2.16556
3 14 2 10 12 2
3 14 2 10 13 1.90693
3 14 2 11 12 2.16025
3 14 2 11 13 2.10639
3 14 2 12 13 2
3 14 4 5 6 2.33699
3 14 4 5 7 2.13809
3 14 4 5 8 2.07802
3 14 4 5 9 2.33699
3 14 4 5 10 2.29129
3 14 4 5 11 2.33699
3 14 4 5 12 2.13809
3 14 4 5 13 2.07802
3 14 4 6 7 2.18955
3 14 4 6 8 2.32266
3 14 4 6 9 2.50805
3 14 4 6 10 2.48193
3 14 4 6 11 2.50805
3 14 4 6 12 2.34521
3 14 4 6 13 2.32266
3 14 4 7 8 1.93309
3 14 4 7 9 2.18955
3 14 4 7 10 2.13809
3 14 4 7 11 2.18955
3 14 4 7 12 2
3 14 4 7 13 1.93309
3 14 4 8 9 2.32266
3 14 4 8 10 2.32266
3 14 4 8 11 2.32266
3 14 4 8 12 2.16025
3 14 4 8 13 2.13664
3 14 4 9 10 2.48193
3 14 4 9 11 2.50805
3 14 4 9 12 2.34521
3 14 4 9 13 2.32266
3 14 4 10 11 2.48193
3 14 4 10 12 2.32266
3 14 4 10 13 2.28709
3 14 4 11 12 2.34521
3 14 4 11 13 2.32266
3 14 4 12 13 2.16025
3 14 5 6 7 2.16556
3 14 5 6 8 2.07802
3 14 5 6 9 2.35584
3 14 5 6 10 2.29129
3 14 5 6 11 2.35584
3 14 5 6 12 2.16556
3 14 5 6 13 2.10357
3 14 5 7 8 1.85164
3 14 5 7 9 2.16556
3 14 5 7 10 2.07802
3 14 5 7 11 2.16556
3 14 5 7 12 2
3 14 5 7 13 1.90693
3 14 5 8 9 2.07802
3 14 5 8 10 2.07802
3 14 5 8 11 2.07802
3 14 5 8 12 1.85164
3 14 5 8 13 1.73205
3 14 5 9 10 2.29129
3 14 5 9 11 2.35584
3 14 5 9 12 2.16556
3 14 5 9 13 2.10357
3 14 5 10 11 2.29129
3 14 5 10 12 2.07802
3 14 5 10 13 2
3 14 5 11 12 2.16556
3 14 5 11 13 2.10357
3 14 5 12 13 1.90693
3 14 6 7 8 2
3 14 6 7 9 2.27837
3 14 6 7 10 2.16556
3 14 6 7 11 2.27837
3 14 6 7 12 2.16025
3 14 6 7 13 2.10639
3 14 6 8 9 2.40662
3 14 6 8 10 2.39046
3 14 6 8 11 2.40662
3 14 6 8 12 2.3094
3 14 6 8 13 2.26385
3 14 6 9 10 2.52678
3 14 6 9 11 2.60951
3 14 6 9 12 2.5
3 14 6 9 13 2.46311
3 14 6 10 11 2.52678
3 14 6 10 12 2.39046
3 14 6 10 13 2.35488
3 14 6 11 12 2.5
3 14 6 11 13 2.46311
3 14 6 12 13 2.38048
3 14 7 8 9 2
3 14 7 8 10 2
3 14 7 8 11 2
3 14 7 8 12 2
3 14 7 8 13 1.81265
3 14 7 9 10 2.16556
3 14 7 9 11 2.27837
3 14 7 9 12 2.16025
3 14 7 9 13 2.10639
3 14 7 10 11 2.16556
3 14 7 10 12 2
3 14 7 10 13 1.90693
3 14 7 11 12 2.16025
3 14 7 11 13 2.10639
3 14 7 12 13 2
3 14 8 9 10 2.39046
3 14 8 9 11 2.40662
3 14 8 9 12 2.3094
3 14 8 9 13 2.26385
3 14 8 10 11 2.39046
3 14 8 10 12 2.26385
3 14 8 10 13 2.23607
3 14 8 11 12 2.3094
3 14 8 11 13 2.26385
3 14 8 12 13 2.16025
3 14 9 10 11 2.52678
3 14 9 10 12 2.39046
3 14 9 10 13 2.35488
3 14 9 11 12 2.5
3 14 9 11 13 2.46311
3 14 9 12 13 2.38048
3 14 10 11 12 2.39046
3 14 10 11 13 2.35488
3 14 10 12 13 2.23607
3 14 11 12 13 2.38048
