12 14 0 1 2.38048
12 14 0 2 2.24812
12 14 0 3 2.46311
12 14 0 4 2.69472
12 14 0 5 2.43521
12 14 0 6 2.76353
12 14 0 7 2.24812
12 14 0 8 2.67706
12 14 0 9 2.76677
12 14 0 10 2.7314
12 14 0 11 2.72279
12 14 0 13 2.71042
12 14 1 2 2
12 14 1 3 1.90693
12 14 1 4 2.19089
12 14 1 5 1.90693
12 14 1 6 2.28446
12 14 1 7 2
12 14 1 8 2.3094
12 14 1 9 2.3094
12 14 1 10 2.28446
12 14 1 11 2.19089
12 14 1 13 2.38048
12 14 2 3 2.16025
12 14 2 4 2.17562
12 14 2 5 2.08683
12 14 2 6 2.24846
12 14 2 7 2
12 14 2 8 2.10442
12 14 2 9 2.26608
12 14 2 10 2.1693
12 14 2 11 2.23607
12 14 2 13 2.23607
12 14 3 4 2.34521
12 14 3 5 2.16556
12 14 3 6 2.5
12 14 3 7 2.16025
12 14 3 8 2.3094
12 14 3 9 2.5
12 14 3 10 2.39046
12 14 3 11 2.5
12 14 3 13 2.38048
12 14 4 5 2.44949
12 14 4 6 2.64575
12 14 4 7 2.17562
12 14 4 8 2.62912
12 14 4 9 2.68594
12 14 4 10 2.69472
12 14 4 11 2.61652
12 14 4 13 2.62912
12 14 5 6 2.42487
12 14 5 7 2.08683
12 14 5 8 2.3094
12 14 5 9 2.44114
12 14 5 10 2.42507
12 14 5 11 2.36827
12 14 5 13 2.38048
12 14 6 7 2.24846
12 14 6 8 2.67842
12 14 6 9 2.77498
12 14 6 10 2.72185
12 14 6 11 2.71649
12 14 6 13 2.70157
12 14 7 8 2.10442
12 14 7 9 2.26608
12 14 7 10 2.1693
12 14 7 11 2.23607
12 14 7 13 2.23607
12 14 8 9 2.67814
12 14 8 10 2.67706
12 14 8 11 2.61861
12 14 8 13 2.62912
12 14 9 10 2.73139
12 14 9 11 2.71649
12 14 9 13 2.70663
12 14 10 11 2.68164
12 14 10 13 2.65417
12 14 11 13 2.65875
