12 14 0 1 2 3 4 1.41421
12 14 0 1 2 3 5 1.41421
12 14 0 1 2 3 6 1.73205
12 14 0 1 2 3 7 1.62019
12 14 0 1 2 3 8 1.62019
12 14 0 1 2 3 9 1.73205
12 14 0 1 2 3 10 1.41421
12 14 0 1 2 3 11 1.73205
12 14 0 1 2 3 13 1.73205
12 14 0 1 2 4 5 1.73205
12 14 0 1 2 4 6 1.62019
12 14 0 1 2 4 7 1.62019
12 14 0 1 2 4 8 1.81265
12 14 0 1 2 4 9 1.73205
12 14 0 1 2 4 10 1.81265
12 14 0 1 2 4 11 1.41421
12 14 0 1 2 4 13 1.81265
12 14 0 1 2 5 6 1.41421
12 14 0 1 2 5 7 1.62019
12 14 0 1 2 5 8 1.73205
12 14 0 1 2 5 9 1.62019
12 14 0 1 2 5 10 1.73205
12 14 0 1 2 5 11 1.41421
12 14 0 1 2 5 13 1.73205
12 14 0 1 2 6 7 1.62019
12 14 0 1 2 6 8 1.81265
12 14 0 1 2 6 9 2
12 14 0 1 2 6 10 1.73205
12 14 0 1 2 6 11 1.81265
12 14 0 1 2 6 13 2
12 14 0 1 2 7 8 1.62019
12 14 0 1 2 7 9 1.62019
12 14 0 1 2 7 10 1.62019
12 14 0 1 2 7 11 1.62019
12 14 0 1 2 7 13 1.62019
12 14 0 1 2 8 9 2
12 14 0 1 2 8 10 2
12 14 0 1 2 8 11 1.73205
12 14 0 1 2 8 13 2
12 14 0 1 2 9 10 1.81265
12 14 0 1 2 9 11 1.81265
12 14 0 1 2 9 13 2
12 14 0 1 2 10 11 1.62019
12 14 0 1 2 10 13 2
12 14 0 1 2 11 13 1.81265
12 14 0 1 3 4 5 1.41421
12 14 0 1 3 4 6 1.41421
12 14 0 1 3 4 7 1.41421
12 14 0 1 3 4 8 1.41421
12 14 0 1 3 4 9 1.41421
12 14 0 1 3 4 10 1.41421
12 14 0 1 3 4 11 1.41421
12 14 0 1 3 4 13 1.41421
12 14 0 1 3 5 6 1.41421
12 14 0 1 3 5 7 1.41421
12 14 0 1 3 5 8 1.41421
12 14 0 1 3 5 9 1.41421
12 14 0 1 3 5 10 1.41421
12 14 0 1 3 5 11 1.41421
12 14 0 1 3 5 13 1.41421
12 14 0 1 3 6 7 1.73205
12 14 0 1 3 6 8 1.85164
12 14 0 1 3 6 9 1.90693
12 14 0 1 3 6 10 1.73205
12 14 0 1 3 6 11 1.90693
12 14 0 1 3 6 13 1.90693
12 14 0 1 3 7 8 1.62019
12 14 0 1 3 7 9 1.73205
12 14 0 1 3 7 10 1.41421
12 14 0 1 3 7 11 1.73205
12 14 0 1 3 7 13 1.73205
12 14 0 1 3 8 9 1.85164
12 14 0 1 3 8 10 1.73205
12 14 0 1 3 8 11 1.85164
12 14 0 1 3 8 13 1.85164
12 14 0 1 3 9 10 1.73205
12 14 0 1 3 9 11 1.90693
12 14 0 1 3 9 13 1.90693
12 14 0 1 3 10 11 1.73205
12 14 0 1 3 10 13 1.73205
12 14 0 1 3 11 13 1.90693
12 14 0 1 4 5 6 1.73205
12 14 0 1 4 5 7 1.73205
12 14 0 1 4 5 8 1.90693
12 14 0 1 4 5 9 1.85164
12 14 0 1 4 5 10 1.90693
12 14 0 1 4 5 11 1.41421
12 14 0 1 4 5 13 1.90693
12 14 0 1 4 6 7 1.62019
12 14 0 1 4 6 8 2.13664
12 14 0 1 4 6 9 2.13664
12 14 0 1 4 6 10 2.13664
12 14 0 1 4 6 11 2
12 14 0 1 4 6 13 2.13664
12 14 0 1 4 7 8 1.81265
12 14 0 1 4 7 9 1.73205
12 14 0 1 4 7 10 1.81265
12 14 0 1 4 7 11 1.41421
12 14 0 1 4 7 13 1.81265
12 14 0 1 4 8 9 2.16025
12 14 0 1 4 8 10 2.19089
12 14 0 1 4 8 11 2
12 14 0 1 4 8 13 2.19089
12 14 0 1 4 9 10 2.16025
12 14 0 1 4 9 11 2
12 14 0 1 4 9 13 2.16025
12 14 0 1 4 10 11 2
12 14 0 1 4 10 13 2.19089
12 14 0 1 4 11 13 2
12 14 0 1 5 6 7 1.41421
12 14 0 1 5 6 8 1.73205
12 14 0 1 5 6 9 1.73205
12 14 0 1 5 6 10 1.73205
12 14 0 1 5 6 11 1.41421
12 14 0 1 5 6 13 1.73205
12 14 0 1 5 7 8 1.73205
12 14 0 1 5 7 9 1.62019
12 14 0 1 5 7 10 1.73205
12 14 0 1 5 7 11 1.41421
12 14 0 1 5 7 13 1.73205
12 14 0 1 5 8 9 1.85164
12 14 0 1 5 8 10 1.90693
12 14 0 1 5 8 11 1.41421
12 14 0 1 5 8 13 1.90693
12 14 0 1 5 9 10 1.85164
12 14 0 1 5 9 11 1.41421
12 14 0 1 5 9 13 1.85164
12 14 0 1 5 10 11 1.41421
12 14 0 1 5 10 13 1.90693
12 14 0 1 5 11 13 1.41421
12 14 0 1 6 7 8 1.81265
12 14 0 1 6 7 9 2
12 14 0 1 6 7 10 1.73205
12 14 0 1 6 7 11 1.81265
12 14 0 1 6 7 13 2
12 14 0 1 6 8 9 2.26385
12 14 0 1 6 8 10 2.23607
12 14 0 1 6 8 11 2.16025
12 14 0 1 6 8 13 2.26385
12 14 0 1 6 9 10 2.23607
12 14 0 1 6 9 11 2.19089
12 14 0 1 6 9 13 2.28446
12 14 0 1 6 10 11 2.13664
12 14 0 1 6 10 13 2.23607
12 14 0 1 6 11 13 2.19089
12 14 0 1 7 8 9 2
12 14 0 1 7 8 10 2
12 14 0 1 7 8 11 1.73205
12 14 0 1 7 8 13 2
12 14 0 1 7 9 10 1.81265
12 14 0 1 7 9 11 1.81265
12 14 0 1 7 9 13 2
12 14 0 1 7 10 11 1.62019
12 14 0 1 7 10 13 2
12 14 0 1 7 11 13 1.81265
12 14 0 1 8 9 10 2.26385
12 14 0 1 8 9 11 2.16025
12 14 0 1 8 9 13 2.3094
12 14 0 1 8 10 11 2.13664
12 14 0 1 8 10 13 2.28446
12 14 0 1 8 11 13 2.16025
12 14 0 1 9 10 11 2.13664
12 14 0 1 9 10 13 2.26385
12 14 0 1 9 11 13 2.19089
12 14 0 1 10 11 13 2.13664
12 14 0 2 3 4 5 1.85164
12 14 0 2 3 4 6 1.93309
12 14 0 2 3 4 7 1.62019
12 14 0 2 3 4 8 1.62019
12 14 0 2 3 4 9 1.93309
12 14 0 2 3 4 10 1.85164
12 14 0 2 3 4 11 1.93309
12 14 0 2 3 4 13 1.73205
12 14 0 2 3 5 6 1.90693
12 14 0 2 3 5 7 1.73205
12 14 0 2 3 5 8 1.41421
12 14 0 2 3 5 9 1.90693
12 14 0 2 3 5 10 1.73205
12 14 0 2 3 5 11 1.90693
12 14 0 2 3 5 13 1.73205
12 14 0 2 3 6 7 1.81265
12 14 0 2 3 6 8 1.81265
12 14 0 2 3 6 9 2.10639
12 14 0 2 3 6 10 1.90693
12 14 0 2 3 6 11 2.10639
12 14 0 2 3 6 13 2
12 14 0 2 3 7 8 1.41421
12 14 0 2 3 7 9 1.81265
12 14 0 2 3 7 10 1.41421
12 14 0 2 3 7 11 1.81265
12 14 0 2 3 7 13 1.73205
12 14 0 2 3 8 9 1.81265
12 14 0 2 3 8 10 1.73205
12 14 0 2 3 8 11 1.81265
12 14 0 2 3 8 13 1.73205
12 14 0 2 3 9 10 1.90693
12 14 0 2 3 9 11 2.10639
12 14 0 2 3 9 13 2
12 14 0 2 3 10 11 1.90693
12 14 0 2 3 10 13 1.73205
12 14 0 2 3 11 13 2
12 14 0 2 4 5 6 2
12 14 0 2 4 5 7 1.62019
12 14 0 2 4 5 8 2
12 14 0 2 4 5 9 2
12 14 0 2 4 5 10 1.96214
12 14 0 2 4 5 11 1.93309
12 14 0 2 4 5 13 2
12 14 0 2 4 6 7 1.62019
12 14 0 2 4 6 8 1.93309
12 14 0 2 4 6 9 2.09938
12 14 0 2 4 6 10 2.04939
12 14 0 2 4 6 11 2.04939
12 14 0 2 4 6 13 2
12 14 0 2 4 7 8 1.62019
12 14 0 2 4 7 9 1.62019
12 14 0 2 4 7 10 1.62019
12 14 0 2 4 7 11 1.62019
12 14 0 2 4 7 13 1.62019
12 14 0 2 4 8 9 2
12 14 0 2 4 8 10 2
12 14 0 2 4 8 11 1.85164
12 14 0 2 4 8 13 1.93309
12 14 0 2 4 9 10 2.08167
12 14 0 2 4 9 11 2.04939
12 14 0 2 4 9 13 2.01187
12 14 0 2 4 10 11 2.00294
12 14 0 2 4 10 13 2
12 14 0 2 4 11 13 1.90693
12 14 0 2 5 6 7 1.73205
12 14 0 2 5 6 8 1.73205
12 14 0 2 5 6 9 2.01187
12 14 0 2 5 6 10 1.90693
12 14 0 2 5 6 11 2
12 14 0 2 5 6 13 2
12 14 0 2 5 7 8 1.62019
12 14 0 2 5 7 9 1.73205
12 14 0 2 5 7 10 1.62019
12 14 0 2 5 7 11 1.73205
12 14 0 2 5 7 13 1.62019
12 14 0 2 5 8 9 1.81265
12 14 0 2 5 8 10 2
12 14 0 2 5 8 11 1.62019
12 14 0 2 5 8 13 1.81265
12 14 0 2 5 9 10 1.93309
12 14 0 2 5 9 11 2
12 14 0 2 5 9 13 2
12 14 0 2 5 10 11 1.85164
12 14 0 2 5 10 13 2
12 14 0 2 5 11 13 1.81265
12 14 0 2 6 7 8 1.41421
12 14 0 2 6 7 9 1.81265
12 14 0 2 6 7 10 1.41421
12 14 0 2 6 7 11 1.81265
12 14 0 2 6 7 13 1.73205
12 14 0 2 6 8 9 2.0381
12 14 0 2 6 8 10 2
12 14 0 2 6 8 11 2
12 14 0 2 6 8 13 2
12 14 0 2 6 9 10 2.10223
12 14 0 2 6 9 11 2.19745
12 14 0 2 6 9 13 2.16025
12 14 0 2 6 10 11 2.04939
12 14 0 2 6 10 13 2
12 14 0 2 6 11 13 2.10639
12 14 0 2 7 8 9 1.41421
12 14 0 2 7 8 10 1.62019
12 14 0 2 7 8 11 1.41421
12 14 0 2 7 8 13 1.62019
12 14 0 2 7 9 10 1.41421
12 14 0 2 7 9 11 1.81265
12 14 0 2 7 9 13 1.73205
12 14 0 2 7 10 11 1.41421
12 14 0 2 7 10 13 1.62019
12 14 0 2 7 11 13 1.73205
12 14 0 2 8 9 10 2.0381
12 14 0 2 8 9 11 2
12 14 0 2 8 9 13 2.01187
12 14 0 2 8 10 11 1.93309
12 14 0 2 8 10 13 2
12 14 0 2 8 11 13 1.90693
12 14 0 2 9 10 11 2.04939
12 14 0 2 9 10 13 2.0381
12 14 0 2 9 11 13 2.10639
12 14 0 2 10 11 13 1.93309
12 14 0 3 4 5 6 2.07802
12 14 0 3 4 5 7 1.85164
12 14 0 3 4 5 8 1.73205
12 14 0 3 4 5 9 2.07802
12 14 0 3 4 5 10 2
12 14 0 3 4 5 11 2.07802
12 14 0 3 4 5 13 1.85164
12 14 0 3 4 6 7 1.93309
12 14 0 3 4 6 8 2.13664
12 14 0 3 4 6 9 2.32266
12 14 0 3 4 6 10 2.28709
12 14 0 3 4 6 11 2.32266
12 14 0 3 4 6 13 2.16025
12 14 0 3 4 7 8 1.62019
12 14 0 3 4 7 9 1.93309
12 14 0 3 4 7 10 1.85164
12 14 0 3 4 7 11 1.93309
12 14 0 3 4 7 13 1.73205
12 14 0 3 4 8 9 2.13664
12 14 0 3 4 8 10 2.13664
12 14 0 3 4 8 11 2.13664
12 14 0 3 4 8 13 2
12 14 0 3 4 9 10 2.28709
12 14 0 3 4 9 11 2.32266
12 14 0 3 4 9 13 2.16025
12 14 0 3 4 10 11 2.28709
12 14 0 3 4 10 13 2.13664
12 14 0 3 4 11 13 2.16025
12 14 0 3 5 6 7 1.90693
12 14 0 3 5 6 8 1.73205
12 14 0 3 5 6 9 2.10357
12 14 0 3 5 6 10 2
12 14 0 3 5 6 11 2.10357
12 14 0 3 5 6 13 1.90693
12 14 0 3 5 7 8 1.41421
12 14 0 3 5 7 9 1.90693
12 14 0 3 5 7 10 1.73205
12 14 0 3 5 7 11 1.90693
12 14 0 3 5 7 13 1.73205
12 14 0 3 5 8 9 1.73205
12 14 0 3 5 8 10 1.73205
12 14 0 3 5 8 11 1.73205
12 14 0 3 5 8 13 1.41421
12 14 0 3 5 9 10 2
12 14 0 3 5 9 11 2.10357
12 14 0 3 5 9 13 1.90693
12 14 0 3 5 10 11 2
12 14 0 3 5 10 13 1.73205
12 14 0 3 5 11 13 1.90693
12 14 0 3 6 7 8 1.81265
12 14 0 3 6 7 9 2.10639
12 14 0 3 6 7 10 1.90693
12 14 0 3 6 7 11 2.10639
12 14 0 3 6 7 13 2
12 14 0 3 6 8 9 2.26385
12 14 0 3 6 8 10 2.23607
12 14 0 3 6 8 11 2.26385
12 14 0 3 6 8 13 2.16025
12 14 0 3 6 9 10 2.35488
12 14 0 3 6 9 11 2.46311
12 14 0 3 6 9 13 2.38048
12 14 0 3 6 10 11 2.35488
12 14 0 3 6 10 13 2.23607
12 14 0 3 6 11 13 2.38048
12 14 0 3 7 8 9 1.81265
12 14 0 3 7 8 10 1.73205
12 14 0 3 7 8 11 1.81265
12 14 0 3 7 8 13 1.73205
12 14 0 3 7 9 10 1.90693
12 14 0 3 7 9 11 2.10639
12 14 0 3 7 9 13 2
12 14 0 3 7 10 11 1.90693
12 14 0 3 7 10 13 1.73205
12 14 0 3 7 11 13 2
12 14 0 3 8 9 10 2.23607
12 14 0 3 8 9 11 2.26385
12 14 0 3 8 9 13 2.16025
12 14 0 3 8 10 11 2.23607
12 14 0 3 8 10 13 2.13664
12 14 0 3 8 11 13 2.16025
12 14 0 3 9 10 11 2.35488
12 14 0 3 9 10 13 2.23607
12 14 0 3 9 11 13 2.38048
12 14 0 3 10 11 13 2.23607
12 14 0 4 5 6 7 2
12 14 0 4 5 6 8 2.23607
12 14 0 4 5 6 9 2.39046
12 14 0 4 5 6 10 2.35488
12 14 0 4 5 6 11 2.32266
12 14 0 4 5 6 13 2.26385
12 14 0 4 5 7 8 2
12 14 0 4 5 7 9 2
12 14 0 4 5 7 10 1.96214
12 14 0 4 5 7 11 1.93309
12 14 0 4 5 7 13 2
12 14 0 4 5 8 9 2.26385
12 14 0 4 5 8 10 2.28446
12 14 0 4 5 8 11 2.13664
12 14 0 4 5 8 13 2.19089
12 14 0 4 5 9 10 2.37697
12 14 0 4 5 9 11 2.32266
12 14 0 4 5 9 13 2.3094
12 14 0 4 5 10 11 2.28709
12 14 0 4 5 10 13 2.28446
12 14 0 4 5 11 13 2.16025
12 14 0 4 6 7 8 1.93309
12 14 0 4 6 7 9 2.09938
12 14 0 4 6 7 10 2.04939
12 14 0 4 6 7 11 2.04939
12 14 0 4 6 7 13 2
12 14 0 4 6 8 9 2.58844
12 14 0 4 6 8 10 2.58844
12 14 0 4 6 8 11 2.52543
12 14 0 4 6 8 13 2.52543
12 14 0 4 6 9 10 2.66231
12 14 0 4 6 9 11 2.62216
12 14 0 4 6 9 13 2.60419
12 14 0 4 6 10 11 2.61406
12 14 0 4 6 10 13 2.58844
12 14 0 4 6 11 13 2.53722
12 14 0 4 7 8 9 2
12 14 0 4 7 8 10 2
12 14 0 4 7 8 11 1.85164
12 14 0 4 7 8 13 1.93309
12 14 0 4 7 9 10 2.08167
12 14 0 4 7 9 11 2.04939
12 14 0 4 7 9 13 2.01187
12 14 0 4 7 10 11 2.00294
12 14 0 4 7 10 13 2
12 14 0 4 7 11 13 1.90693
12 14 0 4 8 9 10 2.60419
12 14 0 4 8 9 11 2.52543
12 14 0 4 8 9 13 2.53722
12 14 0 4 8 10 11 2.52543
12 14 0 4 8 10 13 2.53899
12 14 0 4 8 11 13 2.44949
12 14 0 4 9 10 11 2.61406
12 14 0 4 9 10 13 2.60419
12 14 0 4 9 11 13 2.53722
12 14 0 4 10 11 13 2.52543
12 14 0 5 6 7 8 1.73205
12 14 0 5 6 7 9 2.01187
12 14 0 5 6 7 10 1.90693
12 14 0 5 6 7 11 2
12 14 0 5 6 7 13 2
12 14 0 5 6 8 9 2.23607
12 14 0 5 6 8 10 2.23607
12 14 0 5 6 8 11 2.13664
12 14 0 5 6 8 13 2.13664
12 14 0 5 6 9 10 2.35488
12 14 0 5 6 9 11 2.33699
12 14 0 5 6 9 13 2.28446
12 14 0 5 6 10 11 2.28709
12 14 0 5 6 10 13 2.23607
12 14 0 5 6 11 13 2.19089
12 14 0 5 7 8 9 1.81265
12 14 0 5 7 8 10 2
12 14 0 5 7 8 11 1.62019
12 14 0 5 7 8 13 1.81265
12 14 0 5 7 9 10 1.93309
12 14 0 5 7 9 11 2
12 14 0 5 7 9 13 2
12 14 0 5 7 10 11 1.85164
12 14 0 5 7 10 13 2
12 14 0 5 7 11 13 1.81265
12 14 0 5 8 9 10 2.26385
12 14 0 5 8 9 11 2.13664
12 14 0 5 8 9 13 2.16025
12 14 0 5 8 10 11 2.13664
12 14 0 5 8 10 13 2.19089
12 14 0 5 8 11 13 2
12 14 0 5 9 10 11 2.28709
12 14 0 5 9 10 13 2.26385
12 14 0 5 9 11 13 2.19089
12 14 0 5 10 11 13 2.13664
12 14 0 6 7 8 9 2.0381
12 14 0 6 7 8 10 2
12 14 0 6 7 8 11 2
12 14 0 6 7 8 13 2
12 14 0 6 7 9 10 2.10223
12 14 0 6 7 9 11 2.19745
12 14 0 6 7 9 13 2.16025
12 14 0 6 7 10 11 2.04939
12 14 0 6 7 10 13 2
12 14 0 6 7 11 13 2.10639
12 14 0 6 8 9 10 2.64575
12 14 0 6 8 9 11 2.60419
12 14 0 6 8 9 13 2.60419
12 14 0 6 8 10 11 2.58844
12 14 0 6 8 10 13 2.58844
12 14 0 6 8 11 13 2.53722
12 14 0 6 9 10 11 2.66231
12 14 0 6 9 10 13 2.64575
12 14 0 6 9 11 13 2.65875
12 14 0 6 10 11 13 2.58844
12 14 0 7 8 9 10 2.0381
12 14 0 7 8 9 11 2
12 14 0 7 8 9 13 2.01187
12 14 0 7 8 10 11 1.93309
12 14 0 7 8 10 13 2
12 14 0 7 8 11 13 1.90693
12 14 0 7 9 10 11 2.04939
12 14 0 7 9 10 13 2.0381
12 14 0 7 9 11 13 2.10639
12 14 0 7 10 11 13 1.93309
12 14 0 8 9 10 11 2.58844
12 14 0 8 9 10 13 2.60419
12 14 0 8 9 11 13 2.53722
12 14 0 8 10 11 13 2.52543
12 14 0 9 10 11 13 2.58844
12 14 1 2 3 4 5 1.41421
12 14 1 2 3 4 6 1
12 14 1 2 3 4 7 1.41421
12 14 1 2 3 4 8 1.41421
12 14 1 2 3 4 9 1
12 14 1 2 3 4 10 1.41421
12 14 1 2 3 4 11 1
12 14 1 2 3 4 13 1.41421
12 14 1 2 3 5 6 1.41421
12 14 1 2 3 5 7 1.41421
12 14 1 2 3 5 8 1.41421
12 14 1 2 3 5 9 1.41421
12 14 1 2 3 5 10 1.41421
12 14 1 2 3 5 11 1.41421
12 14 1 2 3 5 13 1.41421
12 14 1 2 3 6 7 1.62019
12 14 1 2 3 6 8 1.62019
12 14 1 2 3 6 9 1.73205
12 14 1 2 3 6 10 1.41421
12 14 1 2 3 6 11 1.73205
12 14 1 2 3 6 13 1.73205
12 14 1 2 3 7 8 1.41421
12 14 1 2 3 7 9 1.62019
12 14 1 2 3 7 10 1.41421
12 14 1 2 3 7 11 1.62019
12 14 1 2 3 7 13 1.62019
12 14 1 2 3 8 9 1.62019
12 14 1 2 3 8 10 1.41421
12 14 1 2 3 8 11 1.62019
12 14 1 2 3 8 13 1.62019
12 14 1 2 3 9 10 1.41421
12 14 1 2 3 9 11 1.73205
12 14 1 2 3 9 13 1.73205
12 14 1 2 3 10 11 1.41421
12 14 1 2 3 10 13 1.41421
12 14 1 2 3 11 13 1.73205
12 14 1 2 4 5 6 1.41421
12 14 1 2 4 5 7 1.62019
12 14 1 2 4 5 8 1.73205
12 14 1 2 4 5 9 1.62019
12 14 1 2 4 5 10 1.73205
12 14 1 2 4 5 11 1
12 14 1 2 4 5 13 1.73205
12 14 1 2 4 6 7 1
12 14 1 2 4 6 8 1.62019
12 14 1 2 4 6 9 1.62019
12 14 1 2 4 6 10 1.62019
12 14 1 2 4 6 11 1.41421
12 14 1 2 4 6 13 1.62019
12 14 1 2 4 7 8 1.62019
12 14 1 2 4 7 9 1.41421
12 14 1 2 4 7 10 1.62019
12 14 1 2 4 7 11 1
12 14 1 2 4 7 13 1.62019
12 14 1 2 4 8 9 1.73205
12 14 1 2 4 8 10 1.81265
12 14 1 2 4 8 11 1.41421
12 14 1 2 4 8 13 1.81265
12 14 1 2 4 9 10 1.73205
12 14 1 2 4 9 11 1.41421
12 14 1 2 4 9 13 1.73205
12 14 1 2 4 10 11 1.41421
12 14 1 2 4 10 13 1.81265
12 14 1 2 4 11 13 1.41421
12 14 1 2 5 6 7 1.41421
12 14 1 2 5 6 8 1.41421
12 14 1 2 5 6 9 1.41421
12 14 1 2 5 6 10 1.41421
12 14 1 2 5 6 11 1.41421
12 14 1 2 5 6 13 1.41421
12 14 1 2 5 7 8 1.62019
12 14 1 2 5 7 9 1.41421
12 14 1 2 5 7 10 1.62019
12 14 1 2 5 7 11 1.41421
12 14 1 2 5 7 13 1.62019
12 14 1 2 5 8 9 1.62019
12 14 1 2 5 8 10 1.73205
12 14 1 2 5 8 11 1
12 14 1 2 5 8 13 1.73205
12 14 1 2 5 9 10 1.62019
12 14 1 2 5 9 11 1.41421
12 14 1 2 5 9 13 1.62019
12 14 1 2 5 10 11 1
12 14 1 2 5 10 13 1.73205
12 14 1 2 5 11 13 1.41421
12 14 1 2 6 7 8 1.41421
12 14 1 2 6 7 9 1.62019
12 14 1 2 6 7 10 1
12 14 1 2 6 7 11 1.62019
12 14 1 2 6 7 13 1.62019
12 14 1 2 6 8 9 1.81265
12 14 1 2 6 8 10 1.73205
12 14 1 2 6 8 11 1.73205
12 14 1 2 6 8 13 1.81265
12 14 1 2 6 9 10 1.73205
12 14 1 2 6 9 11 1.81265
12 14 1 2 6 9 13 2
12 14 1 2 6 10 11 1.62019
12 14 1 2 6 10 13 1.73205
12 14 1 2 6 11 13 1.81265
12 14 1 2 7 8 9 1.41421
12 14 1 2 7 8 10 1.62019
12 14 1 2 7 8 11 1.41421
12 14 1 2 7 8 13 1.62019
12 14 1 2 7 9 10 1.41421
12 14 1 2 7 9 11 1.62019
12 14 1 2 7 9 13 1.62019
12 14 1 2 7 10 11 1
12 14 1 2 7 10 13 1.62019
12 14 1 2 7 11 13 1.62019
12 14 1 2 8 9 10 1.81265
12 14 1 2 8 9 11 1.73205
12 14 1 2 8 9 13 2
12 14 1 2 8 10 11 1.62019
12 14 1 2 8 10 13 2
12 14 1 2 8 11 13 1.73205
12 14 1 2 9 10 11 1.62019
12 14 1 2 9 10 13 1.81265
12 14 1 2 9 11 13 1.81265
12 14 1 2 10 11 13 1.62019
12 14 1 3 4 5 6 1
12 14 1 3 4 5 7 1.41421
12 14 1 3 4 5 8 1.41421
12 14 1 3 4 5 9 1
12 14 1 3 4 5 10 1.41421
12 14 1 3 4 5 11 1
12 14 1 3 4 5 13 1.41421
12 14 1 3 4 6 7 1
12 14 1 3 4 6 8 1.41421
12 14 1 3 4 6 9 1.41421
12 14 1 3 4 6 10 1.41421
12 14 1 3 4 6 11 1.41421
12 14 1 3 4 6 13 1.41421
12 14 1 3 4 7 8 1.41421
12 14 1 3 4 7 9 1
12 14 1 3 4 7 10 1.41421
12 14 1 3 4 7 11 1
12 14 1 3 4 7 13 1.41421
12 14 1 3 4 8 9 1.41421
12 14 1 3 4 8 10 1.41421
12 14 1 3 4 8 11 1.41421
12 14 1 3 4 8 13 1.41421
12 14 1 3 4 9 10 1.41421
12 14 1 3 4 9 11 1.41421
12 14 1 3 4 9 13 1.41421
12 14 1 3 4 10 11 1.41421
12 14 1 3 4 10 13 1.41421
12 14 1 3 4 11 13 1.41421
12 14 1 3 5 6 7 1.41421
12 14 1 3 5 6 8 1
12 14 1 3 5 6 9 1.41421
12 14 1 3 5 6 10 1
12 14 1 3 5 6 11 1.41421
12 14 1 3 5 6 13 1.41421
12 14 1 3 5 7 8 1.41421
12 14 1 3 5 7 9 1.41421
12 14 1 3 5 7 10 1.41421
12 14 1 3 5 7 11 1.41421
12 14 1 3 5 7 13 1.41421
12 14 1 3 5 8 9 1
12 14 1 3 5 8 10 1.41421
12 14 1 3 5 8 11 1
12 14 1 3 5 8 13 1.41421
12 14 1 3 5 9 10 1
12 14 1 3 5 9 11 1.41421
12 14 1 3 5 9 13 1.41421
12 14 1 3 5 10 11 1
12 14 1 3 5 10 13 1.41421
12 14 1 3 5 11 13 1.41421
12 14 1 3 6 7 8 1.62019
12 14 1 3 6 7 9 1.73205
12 14 1 3 6 7 10 1.41421
12 14 1 3 6 7 11 1.73205
12 14 1 3 6 7 13 1.73205
12 14 1 3 6 8 9 1.85164
12 14 1 3 6 8 10 1.73205
12 14 1 3 6 8 11 1.85164
12 14 1 3 6 8 13 1.85164
12 14 1 3 6 9 10 1.73205
12 14 1 3 6 9 11 1.90693
12 14 1 3 6 9 13 1.90693
12 14 1 3 6 10 11 1.73205
12 14 1 3 6 10 13 1.73205
12 14 1 3 6 11 13 1.90693
12 14 1 3 7 8 9 1.62019
12 14 1 3 7 8 10 1.41421
12 14 1 3 7 8 11 1.62019
12 14 1 3 7 8 13 1.62019
12 14 1 3 7 9 10 1.41421
12 14 1 3 7 9 11 1.73205
12 14 1 3 7 9 13 1.73205
12 14 1 3 7 10 11 1.41421
12 14 1 3 7 10 13 1.41421
12 14 1 3 7 11 13 1.73205
12 14 1 3 8 9 10 1.73205
12 14 1 3 8 9 11 1.85164
12 14 1 3 8 9 13 1.85164
12 14 1 3 8 10 11 1.73205
12 14 1 3 8 10 13 1.73205
12 14 1 3 8 11 13 1.85164
12 14 1 3 9 10 11 1.73205
12 14 1 3 9 10 13 1.73205
12 14 1 3 9 11 13 1.90693
12 14 1 3 10 11 13 1.73205
12 14 1 4 5 6 7 1.41421
12 14 1 4 5 6 8 1.73205
12 14 1 4 5 6 9 1.73205
12 14 1 4 5 6 10 1.73205
12 14 1 4 5 6 11 1.41421
12 14 1 4 5 6 13 1.73205
12 14 1 4 5 7 8 1.73205
12 14 1 4 5 7 9 1.62019
12 14 1 4 5 7 10 1.73205
12 14 1 4 5 7 11 1
12 14 1 4 5 7 13 1.73205
12 14 1 4 5 8 9 1.85164
12 14 1 4 5 8 10 1.90693
12 14 1 4 5 8 11 1.41421
12 14 1 4 5 8 13 1.90693
12 14 1 4 5 9 10 1.85164
12 14 1 4 5 9 11 1.41421
12 14 1 4 5 9 13 1.85164
12 14 1 4 5 10 11 1.41421
12 14 1 4 5 10 13 1.90693
12 14 1 4 5 11 13 1.41421
12 14 1 4 6 7 8 1.62019
12 14 1 4 6 7 9 1.62019
12 14 1 4 6 7 10 1.62019
12 14 1 4 6 7 11 1.41421
12 14 1 4 6 7 13 1.62019
12 14 1 4 6 8 9 2.13664
12 14 1 4 6 8 10 2.13664
12 14 1 4 6 8 11 2
12 14 1 4 6 8 13 2.13664
12 14 1 4 6 9 10 2.13664
12 14 1 4 6 9 11 2
12 14 1 4 6 9 13 2.13664
12 14 1 4 6 10 11 2
12 14 1 4 6 10 13 2.13664
12 14 1 4 6 11 13 2
12 14 1 4 7 8 9 1.73205
12 14 1 4 7 8 10 1.81265
12 14 1 4 7 8 11 1.41421
12 14 1 4 7 8 13 1.81265
12 14 1 4 7 9 10 1.73205
12 14 1 4 7 9 11 1.41421
12 14 1 4 7 9 13 1.73205
12 14 1 4 7 10 11 1.41421
12 14 1 4 7 10 13 1.81265
12 14 1 4 7 11 13 1.41421
12 14 1 4 8 9 10 2.16025
12 14 1 4 8 9 11 2
12 14 1 4 8 9 13 2.16025
12 14 1 4 8 10 11 2
12 14 1 4 8 10 13 2.19089
12 14 1 4 8 11 13 2
12 14 1 4 9 10 11 2
12 14 1 4 9 10 13 2.16025
12 14 1 4 9 11 13 2
12 14 1 4 10 11 13 2
12 14 1 5 6 7 8 1.41421
12 14 1 5 6 7 9 1.41421
12 14 1 5 6 7 10 1.41421
12 14 1 5 6 7 11 1.41421
12 14 1 5 6 7 13 1.41421
12 14 1 5 6 8 9 1.73205
12 14 1 5 6 8 10 1.73205
12 14 1 5 6 8 11 1.41421
12 14 1 5 6 8 13 1.73205
12 14 1 5 6 9 10 1.73205
12 14 1 5 6 9 11 1.41421
12 14 1 5 6 9 13 1.73205
12 14 1 5 6 10 11 1.41421
12 14 1 5 6 10 13 1.73205
12 14 1 5 6 11 13 1.41421
12 14 1 5 7 8 9 1.62019
12 14 1 5 7 8 10 1.73205
12 14 1 5 7 8 11 1
12 14 1 5 7 8 13 1.73205
12 14 1 5 7 9 10 1.62019
12 14 1 5 7 9 11 1.41421
12 14 1 5 7 9 13 1.62019
12 14 1 5 7 10 11 1
12 14 1 5 7 10 13 1.73205
12 14 1 5 7 11 13 1.41421
12 14 1 5 8 9 10 1.85164
12 14 1 5 8 9 11 1.41421
12 14 1 5 8 9 13 1.85164
12 14 1 5 8 10 11 1.41421
12 14 1 5 8 10 13 1.90693
12 14 1 5 8 11 13 1.41421
12 14 1 5 9 10 11 1.41421
12 14 1 5 9 10 13 1.85164
12 14 1 5 9 11 13 1.41421
12 14 1 5 10 11 13 1.41421
12 14 1 6 7 8 9 1.81265
12 14 1 6 7 8 10 1.73205
12 14 1 6 7 8 11 1.73205
12 14 1 6 7 8 13 1.81265
12 14 1 6 7 9 10 1.73205
12 14 1 6 7 9 11 1.81265
12 14 1 6 7 9 13 2
12 14 1 6 7 10 11 1.62019
12 14 1 6 7 10 13 1.73205
12 14 1 6 7 11 13 1.81265
12 14 1 6 8 9 10 2.23607
12 14 1 6 8 9 11 2.16025
12 14 1 6 8 9 13 2.26385
12 14 1 6 8 10 11 2.13664
12 14 1 6 8 10 13 2.23607
12 14 1 6 8 11 13 2.16025
12 14 1 6 9 10 11 2.13664
12 14 1 6 9 10 13 2.23607
12 14 1 6 9 11 13 2.19089
12 14 1 6 10 11 13 2.13664
12 14 1 7 8 9 10 1.81265
12 14 1 7 8 9 11 1.73205
12 14 1 7 8 9 13 2
12 14 1 7 8 10 11 1.62019
12 14 1 7 8 10 13 2
12 14 1 7 8 11 13 1.73205
12 14 1 7 9 10 11 1.62019
12 14 1 7 9 10 13 1.81265
12 14 1 7 9 11 13 1.81265
12 14 1 7 10 11 13 1.62019
12 14 1 8 9 10 11 2.13664
12 14 1 8 9 10 13 2.26385
12 14 1 8 9 11 13 2.16025
12 14 1 8 10 11 13 2.13664
12 14 1 9 10 11 13 2.13664
12 14 2 3 4 5 6 1.93309
12 14 2 3 4 5 7 1.73205
12 14 2 3 4 5 8 1.62019
12 14 2 3 4 5 9 1.93309
12 14 2 3 4 5 10 1.85164
12 14 2 3 4 5 11 1.93309
12 14 2 3 4 5 13 1.62019
12 14 2 3 4 6 7 1.73205
12 14 2 3 4 6 8 1.73205
12 14 2 3 4 6 9 2
12 14 2 3 4 6 10 1.93309
12 14 2 3 4 6 11 2
12 14 2 3 4 6 13 1.73205
12 14 2 3 4 7 8 1.41421
12 14 2 3 4 7 9 1.73205
12 14 2 3 4 7 10 1.62019
12 14 2 3 4 7 11 1.73205
12 14 2 3 4 7 13 1.41421
12 14 2 3 4 8 9 1.73205
12 14 2 3 4 8 10 1.73205
12 14 2 3 4 8 11 1.73205
12 14 2 3 4 8 13 1.41421
12 14 2 3 4 9 10 1.93309
12 14 2 3 4 9 11 2
12 14 2 3 4 9 13 1.73205
12 14 2 3 4 10 11 1.93309
12 14 2 3 4 10 13 1.62019
12 14 2 3 4 11 13 1.73205
12 14 2 3 5 6 7 1.81265
12 14 2 3 5 6 8 1.62019
12 14 2 3 5 6 9 2
12 14 2 3 5 6 10 1.85164
12 14 2 3 5 6 11 2
12 14 2 3 5 6 13 1.73205
12 14 2 3 5 7 8 1.41421
12 14 2 3 5 7 9 1.81265
12 14 2 3 5 7 10 1.62019
12 14 2 3 5 7 11 1.81265
12 14 2 3 5 7 13 1.62019
12 14 2 3 5 8 9 1.62019
12 14 2 3 5 8 10 1.62019
12 14 2 3 5 8 11 1.62019
12 14 2 3 5 8 13 1.41421
12 14 2 3 5 9 10 1.85164
12 14 2 3 5 9 11 2
12 14 2 3 5 9 13 1.73205
12 14 2 3 5 10 11 1.85164
12 14 2 3 5 10 13 1.41421
12 14 2 3 5 11 13 1.73205
12 14 2 3 6 7 8 1.41421
12 14 2 3 6 7 9 2
12 14 2 3 6 7 10 1.62019
12 14 2 3 6 7 11 2
12 14 2 3 6 7 13 1.73205
12 14 2 3 6 8 9 2
12 14 2 3 6 8 10 1.81265
12 14 2 3 6 8 11 2
12 14 2 3 6 8 13 1.73205
12 14 2 3 6 9 10 2
12 14 2 3 6 9 11 2.16025
12 14 2 3 6 9 13 2
12 14 2 3 6 10 11 2
12 14 2 3 6 10 13 1.73205
12 14 2 3 6 11 13 2
12 14 2 3 7 8 9 1.41421
12 14 2 3 7 8 10 1.41421
12 14 2 3 7 8 11 1.41421
12 14 2 3 7 8 13 1.41421
12 14 2 3 7 9 10 1.62019
12 14 2 3 7 9 11 2
12 14 2 3 7 9 13 1.73205
12 14 2 3 7 10 11 1.62019
12 14 2 3 7 10 13 1.41421
12 14 2 3 7 11 13 1.73205
12 14 2 3 8 9 10 1.81265
12 14 2 3 8 9 11 2
12 14 2 3 8 9 13 1.73205
12 14 2 3 8 10 11 1.81265
12 14 2 3 8 10 13 1.62019
12 14 2 3 8 11 13 1.73205
12 14 2 3 9 10 11 2
12 14 2 3 9 10 13 1.73205
12 14 2 3 9 11 13 2
12 14 2 3 10 11 13 1.73205
12 14 2 4 5 6 7 1.73205
12 14 2 4 5 6 8 1.81265
12 14 2 4 5 6 9 2.0381
12 14 2 4 5 6 10 2
12 14 2 4 5 6 11 2
12 14 2 4 5 6 13 1.81265
12 14 2 4 5 7 8 1.62019
12 14 2 4 5 7 9 1.73205
12 14 2 4 5 7 10 1.62019
12 14 2 4 5 7 11 1.73205
12 14 2 4 5 7 13 1.62019
12 14 2 4 5 8 9 2
12 14 2 4 5 8 10 2
12 14 2 4 5 8 11 1.73205
12 14 2 4 5 8 13 1.81265
12 14 2 4 5 9 10 2
12 14 2 4 5 9 11 2
12 14 2 4 5 9 13 2
12 14 2 4 5 10 11 1.93309
12 14 2 4 5 10 13 2
12 14 2 4 5 11 13 1.73205
12 14 2 4 6 7 8 1.41421
12 14 2 4 6 7 9 1.73205
12 14 2 4 6 7 10 1.62019
12 14 2 4 6 7 11 1.73205
12 14 2 4 6 7 13 1.41421
12 14 2 4 6 8 9 2
12 14 2 4 6 8 10 2
12 14 2 4 6 8 11 1.90693
12 14 2 4 6 8 13 1.85164
12 14 2 4 6 9 10 2.09938
12 14 2 4 6 9 11 2.10223
12 14 2 4 6 9 13 2
12 14 2 4 6 10 11 2.04939
12 14 2 4 6 10 13 1.93309
12 14 2 4 6 11 13 1.90693
12 14 2 4 7 8 9 1.41421
12 14 2 4 7 8 10 1.62019
12 14 2 4 7 8 11 1.41421
12 14 2 4 7 8 13 1.62019
12 14 2 4 7 9 10 1.62019
12 14 2 4 7 9 11 1.73205
12 14 2 4 7 9 13 1.41421
12 14 2 4 7 10 11 1.62019
12 14 2 4 7 10 13 1.62019
12 14 2 4 7 11 13 1.41421
12 14 2 4 8 9 10 2.01187
12 14 2 4 8 9 11 1.90693
12 14 2 4 8 9 13 1.90693
12 14 2 4 8 10 11 1.90693
12 14 2 4 8 10 13 1.93309
12 14 2 4 8 11 13 1.73205
12 14 2 4 9 10 11 2.04939
12 14 2 4 9 10 13 2
12 14 2 4 9 11 13 1.90693
12 14 2 4 10 11 13 1.85164
12 14 2 5 6 7 8 1.41421
12 14 2 5 6 7 9 1.81265
12 14 2 5 6 7 10 1.62019
12 14 2 5 6 7 11 1.81265
12 14 2 5 6 7 13 1.62019
12 14 2 5 6 8 9 1.81265
12 14 2 5 6 8 10 1.81265
12 14 2 5 6 8 11 1.73205
12 14 2 5 6 8 13 1.62019
12 14 2 5 6 9 10 2
12 14 2 5 6 9 11 2.0381
12 14 2 5 6 9 13 2
12 14 2 5 6 10 11 1.93309
12 14 2 5 6 10 13 1.73205
12 14 2 5 6 11 13 1.81265
12 14 2 5 7 8 9 1.41421
12 14 2 5 7 8 10 1.62019
12 14 2 5 7 8 11 1.41421
12 14 2 5 7 8 13 1.62019
12 14 2 5 7 9 10 1.62019
12 14 2 5 7 9 11 1.81265
12 14 2 5 7 9 13 1.62019
12 14 2 5 7 10 11 1.62019
12 14 2 5 7 10 13 1.62019
12 14 2 5 7 11 13 1.62019
12 14 2 5 8 9 10 2
12 14 2 5 8 9 11 1.73205
12 14 2 5 8 9 13 1.73205
12 14 2 5 8 10 11 1.73205
12 14 2 5 8 10 13 1.81265
12 14 2 5 8 11 13 1.41421
12 14 2 5 9 10 11 1.93309
12 14 2 5 9 10 13 1.81265
12 14 2 5 9 11 13 1.81265
12 14 2 5 10 11 13 1.62019
12 14 2 6 7 8 9 1.41421
12 14 2 6 7 8 10 1.41421
12 14 2 6 7 8 11 1.41421
12 14 2 6 7 8 13 1.41421
12 14 2 6 7 9 10 1.62019
12 14 2 6 7 9 11 2
12 14 2 6 7 9 13 1.73205
12 14 2 6 7 10 11 1.62019
12 14 2 6 7 10 13 1
12 14 2 6 7 11 13 1.73205
12 14 2 6 8 9 10 2.0381
12 14 2 6 8 9 11 2.01187
12 14 2 6 8 9 13 2
12 14 2 6 8 10 11 2
12 14 2 6 8 10 13 1.93309
12 14 2 6 8 11 13 1.90693
12 14 2 6 9 10 11 2.09938
12 14 2 6 9 10 13 2
12 14 2 6 9 11 13 2.10639
12 14 2 6 10 11 13 1.93309
12 14 2 7 8 9 10 1.41421
12 14 2 7 8 9 11 1.41421
12 14 2 7 8 9 13 1.41421
12 14 2 7 8 10 11 1.41421
12 14 2 7 8 10 13 1.62019
12 14 2 7 8 11 13 1.41421
12 14 2 7 9 10 11 1.62019
12 14 2 7 9 10 13 1.41421
12 14 2 7 9 11 13 1.73205
12 14 2 7 10 11 13 1
12 14 2 8 9 10 11 2
12 14 2 8 9 10 13 2
12 14 2 8 9 11 13 1.90693
12 14 2 8 10 11 13 1.85164
12 14 2 9 10 11 13 1.93309
12 14 3 4 5 6 7 1.93309
12 14 3 4 5 6 8 1.85164
12 14 3 4 5 6 9 2.13809
12 14 3 4 5 6 10 2.07802
12 14 3 4 5 6 11 2.13809
12 14 3 4 5 6 13 1.85164
12 14 3 4 5 7 8 1.62019
12 14 3 4 5 7 9 1.93309
12 14 3 4 5 7 10 1.85164
12 14 3 4 5 7 11 1.93309
12 14 3 4 5 7 13 1.62019
12 14 3 4 5 8 9 1.85164
12 14 3 4 5 8 10 1.85164
12 14 3 4 5 8 11 1.85164
12 14 3 4 5 8 13 1.41421
12 14 3 4 5 9 10 2.07802
12 14 3 4 5 9 11 2.13809
12 14 3 4 5 9 13 1.85164
12 14 3 4 5 10 11 2.07802
12 14 3 4 5 10 13 1.73205
12 14 3 4 5 11 13 1.85164
12 14 3 4 6 7 8 1.73205
12 14 3 4 6 7 9 2
12 14 3 4 6 7 10 1.93309
12 14 3 4 6 7 11 2
12 14 3 4 6 7 13 1.73205
12 14 3 4 6 8 9 2.16025
12 14 3 4 6 8 10 2.16025
12 14 3 4 6 8 11 2.16025
12 14 3 4 6 8 13 2
12 14 3 4 6 9 10 2.32266
12 14 3 4 6 9 11 2.34521
12 14 3 4 6 9 13 2.16025
12 14 3 4 6 10 11 2.32266
12 14 3 4 6 10 13 2.13664
12 14 3 4 6 11 13 2.16025
12 14 3 4 7 8 9 1.73205
12 14 3 4 7 8 10 1.73205
12 14 3 4 7 8 11 1.73205
12 14 3 4 7 8 13 1.41421
12 14 3 4 7 9 10 1.93309
12 14 3 4 7 9 11 2
12 14 3 4 7 9 13 1.73205
12 14 3 4 7 10 11 1.93309
12 14 3 4 7 10 13 1.62019
12 14 3 4 7 11 13 1.73205
12 14 3 4 8 9 10 2.16025
12 14 3 4 8 9 11 2.16025
12 14 3 4 8 9 13 2
12 14 3 4 8 10 11 2.16025
12 14 3 4 8 10 13 2
12 14 3 4 8 11 13 2
12 14 3 4 9 10 11 2.32266
12 14 3 4 9 10 13 2.13664
12 14 3 4 9 11 13 2.16025
12 14 3 4 10 11 13 2.13664
12 14 3 5 6 7 8 1.62019
12 14 3 5 6 7 9 2
12 14 3 5 6 7 10 1.85164
12 14 3 5 6 7 11 2
12 14 3 5 6 7 13 1.73205
12 14 3 5 6 8 9 1.85164
12 14 3 5 6 8 10 1.85164
12 14 3 5 6 8 11 1.85164
12 14 3 5 6 8 13 1.41421
12 14 3 5 6 9 10 2.07802
12 14 3 5 6 9 11 2.16556
12 14 3 5 6 9 13 1.90693
12 14 3 5 6 10 11 2.07802
12 14 3 5 6 10 13 1.73205
12 14 3 5 6 11 13 1.90693
12 14 3 5 7 8 9 1.62019
12 14 3 5 7 8 10 1.62019
12 14 3 5 7 8 11 1.62019
12 14 3 5 7 8 13 1.41421
12 14 3 5 7 9 10 1.85164
12 14 3 5 7 9 11 2
12 14 3 5 7 9 13 1.73205
12 14 3 5 7 10 11 1.85164
12 14 3 5 7 10 13 1.41421
12 14 3 5 7 11 13 1.73205
12 14 3 5 8 9 10 1.85164
12 14 3 5 8 9 11 1.85164
12 14 3 5 8 9 13 1.41421
12 14 3 5 8 10 11 1.85164
12 14 3 5 8 10 13 1.41421
12 14 3 5 8 11 13 1.41421
12 14 3 5 9 10 11 2.07802
12 14 3 5 9 10 13 1.73205
12 14 3 5 9 11 13 1.90693
12 14 3 5 10 11 13 1.73205
12 14 3 6 7 8 9 2
12 14 3 6 7 8 10 1.81265
12 14 3 6 7 8 11 2
12 14 3 6 7 8 13 1.73205
12 14 3 6 7 9 10 2
12 14 3 6 7 9 11 2.16025
12 14 3 6 7 9 13 2
12 14 3 6 7 10 11 2
12 14 3 6 7 10 13 1.73205
12 14 3 6 7 11 13 2
12 14 3 6 8 9 10 2.26385
12 14 3 6 8 9 11 2.3094
12 14 3 6 8 9 13 2.16025
12 14 3 6 8 10 11 2.26385
12 14 3 6 8 10 13 2.13664
12 14 3 6 8 11 13 2.16025
12 14 3 6 9 10 11 2.39046
12 14 3 6 9 10 13 2.23607
12 14 3 6 9 11 13 2.38048
12 14 3 6 10 11 13 2.23607
12 14 3 7 8 9 10 1.81265
12 14 3 7 8 9 11 2
12 14 3 7 8 9 13 1.73205
12 14 3 7 8 10 11 1.81265
12 14 3 7 8 10 13 1.62019
12 14 3 7 8 11 13 1.73205
12 14 3 7 9 10 11 2
12 14 3 7 9 10 13 1.73205
12 14 3 7 9 11 13 2
12 14 3 7 10 11 13 1.73205
12 14 3 8 9 10 11 2.26385
12 14 3 8 9 10 13 2.13664
12 14 3 8 9 11 13 2.16025
12 14 3 8 10 11 13 2.13664
12 14 3 9 10 11 13 2.23607
12 14 4 5 6 7 8 1.81265
12 14 4 5 6 7 9 2.0381
12 14 4 5 6 7 10 2
12 14 4 5 6 7 11 2
12 14 4 5 6 7 13 1.81265
12 14 4 5 6 8 9 2.26385
12 14 4 5 6 8 10 2.26385
12 14 4 5 6 8 11 2.16025
12 14 4 5 6 8 13 2.13664
12 14 4 5 6 9 10 2.39046
12 14 4 5 6 9 11 2.34521
12 14 4 5 6 9 13 2.26385
12 14 4 5 6 10 11 2.32266
12 14 4 5 6 10 13 2.23607
12 14 4 5 6 11 13 2.16025
12 14 4 5 7 8 9 2
12 14 4 5 7 8 10 2
12 14 4 5 7 8 11 1.73205
12 14 4 5 7 8 13 1.81265
12 14 4 5 7 9 10 2
12 14 4 5 7 9 11 2
12 14 4 5 7 9 13 2
12 14 4 5 7 10 11 1.93309
12 14 4 5 7 10 13 2
12 14 4 5 7 11 13 1.73205
12 14 4 5 8 9 10 2.3094
12 14 4 5 8 9 11 2.16025
12 14 4 5 8 9 13 2.16025
12 14 4 5 8 10 11 2.16025
12 14 4 5 8 10 13 2.19089
12 14 4 5 8 11 13 2
12 14 4 5 9 10 11 2.32266
12 14 4 5 9 10 13 2.26385
12 14 4 5 9 11 13 2.16025
12 14 4 5 10 11 13 2.13664
12 14 4 6 7 8 9 2
12 14 4 6 7 8 10 2
12 14 4 6 7 8 11 1.90693
12 14 4 6 7 8 13 1.85164
12 14 4 6 7 9 10 2.09938
12 14 4 6 7 9 11 2.10223
12 14 4 6 7 9 13 2
12 14 4 6 7 10 11 2.04939
12 14 4 6 7 10 13 1.93309
12 14 4 6 7 11 13 1.90693
12 14 4 6 8 9 10 2.60419
12 14 4 6 8 9 11 2.53722
12 14 4 6 8 9 13 2.52543
12 14 4 6 8 10 11 2.53722
12 14 4 6 8 10 13 2.52543
12 14 4 6 8 11 13 2.44949
12 14 4 6 9 10 11 2.62216
12 14 4 6 9 10 13 2.58844
12 14 4 6 9 11 13 2.53722
12 14 4 6 10 11 13 2.52543
12 14 4 7 8 9 10 2.01187
12 14 4 7 8 9 11 1.90693
12 14 4 7 8 9 13 1.90693
12 14 4 7 8 10 11 1.90693
12 14 4 7 8 10 13 1.93309
12 14 4 7 8 11 13 1.73205
12 14 4 7 9 10 11 2.04939
12 14 4 7 9 10 13 2
12 14 4 7 9 11 13 1.90693
12 14 4 7 10 11 13 1.85164
12 14 4 8 9 10 11 2.53722
12 14 4 8 9 10 13 2.53722
12 14 4 8 9 11 13 2.44949
12 14 4 8 10 11 13 2.44949
12 14 4 9 10 11 13 2.52543
12 14 5 6 7 8 9 1.81265
12 14 5 6 7 8 10 1.81265
12 14 5 6 7 8 11 1.73205
12 14 5 6 7 8 13 1.62019
12 14 5 6 7 9 10 2
12 14 5 6 7 9 11 2.0381
12 14 5 6 7 9 13 2
12 14 5 6 7 10 11 1.93309
12 14 5 6 7 10 13 1.73205
12 14 5 6 7 11 13 1.81265
12 14 5 6 8 9 10 2.26385
12 14 5 6 8 9 11 2.16025
12 14 5 6 8 9 13 2.13664
12 14 5 6 8 10 11 2.16025
12 14 5 6 8 10 13 2.13664
12 14 5 6 8 11 13 2
12 14 5 6 9 10 11 2.32266
12 14 5 6 9 10 13 2.23607
12 14 5 6 9 11 13 2.19089
12 14 5 6 10 11 13 2.13664
12 14 5 7 8 9 10 2
12 14 5 7 8 9 11 1.73205
12 14 5 7 8 9 13 1.73205
12 14 5 7 8 10 11 1.73205
12 14 5 7 8 10 13 1.81265
12 14 5 7 8 11 13 1.41421
12 14 5 7 9 10 11 1.93309
12 14 5 7 9 10 13 1.81265
12 14 5 7 9 11 13 1.81265
12 14 5 7 10 11 13 1.62019
12 14 5 8 9 10 11 2.16025
12 14 5 8 9 10 13 2.16025
12 14 5 8 9 11 13 2
12 14 5 8 10 11 13 2
12 14 5 9 10 11 13 2.13664
12 14 6 7 8 9 10 2.0381
12 14 6 7 8 9 11 2.01187
12 14 6 7 8 9 13 2
12 14 6 7 8 10 11 2
12 14 6 7 8 10 13 1.93309
12 14 6 7 8 11 13 1.90693
12 14 6 7 9 10 11 2.09938
12 14 6 7 9 10 13 2
12 14 6 7 9 11 13 2.10639
12 14 6 7 10 11 13 1.93309
12 14 6 8 9 10 11 2.60419
12 14 6 8 9 10 13 2.58844
12 14 6 8 9 11 13 2.53722
12 14 6 8 10 11 13 2.52543
12 14 6 9 10 11 13 2.58844
12 14 7 8 9 10 11 2
12 14 7 8 9 10 13 2
12 14 7 8 9 11 13 1.90693
12 14 7 8 10 11 13 1.85164
12 14 7 9 10 11 13 1.93309
12 14 8 9 10 11 13 2.52543
