0 13 1 2 3 4 5 6 1.41421
0 13 1 2 3 4 5 7 1.41421
0 13 1 2 3 4 5 8 1.41421
0 13 1 2 3 4 5 9 1.41421
0 13 1 2 3 4 5 10 1.41421
0 13 1 2 3 4 5 11 1.41421
0 13 1 2 3 4 5 12 1.41421
0 13 1 2 3 4 5 14 1.41421
0 13 1 2 3 4 6 7 1.41421
0 13 1 2 3 4 6 8 1
0 13 1 2 3 4 6 9 1.41421
0 13 1 2 3 4 6 10 1
0 13 1 2 3 4 6 11 1.41421
0 13 1 2 3 4 6 12 1.41421
0 13 1 2 3 4 6 14 1
0 13 1 2 3 4 7 8 1.41421
0 13 1 2 3 4 7 9 1.41421
0 13 1 2 3 4 7 10 1.41421
0 13 1 2 3 4 7 11 1.41421
0 13 1 2 3 4 7 12 1.41421
0 13 1 2 3 4 7 14 1.41421
0 13 1 2 3 4 8 9 1
0 13 1 2 3 4 8 10 1.41421
0 13 1 2 3 4 8 11 1
0 13 1 2 3 4 8 12 1.41421
0 13 1 2 3 4 8 14 1.41421
0 13 1 2 3 4 9 10 1
0 13 1 2 3 4 9 11 1.41421
0 13 1 2 3 4 9 12 1.41421
0 13 1 2 3 4 9 14 1
0 13 1 2 3 4 10 11 1
0 13 1 2 3 4 10 12 1.41421
0 13 1 2 3 4 10 14 1.41421
0 13 1 2 3 4 11 12 1.41421
0 13 1 2 3 4 11 14 1
0 13 1 2 3 4 12 14 1.41421
0 13 1 2 3 5 6 7 1.73205
0 13 1 2 3 5 6 8 1.41421
0 13 1 2 3 5 6 9 1.73205
0 13 1 2 3 5 6 10 0
0 13 1 2 3 5 6 11 1.73205
0 13 1 2 3 5 6 12 1.73205
0 13 1 2 3 5 6 14 1.41421
0 13 1 2 3 5 7 8 1.41421
0 13 1 2 3 5 7 9 1.73205
0 13 1 2 3 5 7 10 1.41421
0 13 1 2 3 5 7 11 1.73205
0 13 1 2 3 5 7 12 1.73205
0 13 1 2 3 5 7 14 1.41421
0 13 1 2 3 5 8 9 1.41421
0 13 1 2 3 5 8 10 1.41421
0 13 1 2 3 5 8 11 1.41421
0 13 1 2 3 5 8 12 1.41421
0 13 1 2 3 5 8 14 1.41421
0 13 1 2 3 5 9 10 1
0 13 1 2 3 5 9 11 1.73205
0 13 1 2 3 5 9 12 1.73205
0 13 1 2 3 5 9 14 1.41421
0 13 1 2 3 5 10 11 1
0 13 1 2 3 5 10 12 1.41421
0 13 1 2 3 5 10 14 1.41421
0 13 1 2 3 5 11 12 1.73205
0 13 1 2 3 5 11 14 1.41421
0 13 1 2 3 5 12 14 1.41421
0 13 1 2 3 6 7 8 1.62019
0 13 1 2 3 6 7 9 1.85164
0 13 1 2 3 6 7 10 1
0 13 1 2 3 6 7 11 1.85164
0 13 1 2 3 6 7 12 1.85164
0 13 1 2 3 6 7 14 1.62019
0 13 1 2 3 6 8 9 1.73205
0 13 1 2 3 6 8 10 1.41421
0 13 1 2 3 6 8 11 1.73205
0 13 1 2 3 6 8 12 1.73205
0 13 1 2 3 6 8 14 1.62019
0 13 1 2 3 6 9 10 1.41421
0 13 1 2 3 6 9 11 1.90693
0 13 1 2 3 6 9 12 1.90693
0 13 1 2 3 6 9 14 1.73205
0 13 1 2 3 6 10 11 1.41421
0 13 1 2 3 6 10 12 1.41421
0 13 1 2 3 6 10 14 1.41421
0 13 1 2 3 6 11 12 1.90693
0 13 1 2 3 6 11 14 1.73205
0 13 1 2 3 6 12 14 1.73205
0 13 1 2 3 7 8 9 1.62019
0 13 1 2 3 7 8 10 1.41421
0 13 1 2 3 7 8 11 1.62019
0 13 1 2 3 7 8 12 1.62019
0 13 1 2 3 7 8 14 1.41421
0 13 1 2 3 7 9 10 1
0 13 1 2 3 7 9 11 1.85164
0 13 1 2 3 7 9 12 1.85164
0 13 1 2 3 7 9 14 1.62019
0 13 1 2 3 7 10 11 1
0 13 1 2 3 7 10 12 1.41421
0 13 1 2 3 7 10 14 1.41421
0 13 1 2 3 7 11 12 1.85164
0 13 1 2 3 7 11 14 1.62019
0 13 1 2 3 7 12 14 1.62019
0 13 1 2 3 8 9 10 1.41421
0 13 1 2 3 8 9 11 1.73205
0 13 1 2 3 8 9 12 1.73205
0 13 1 2 3 8 9 14 1.62019
0 13 1 2 3 8 10 11 1.41421
0 13 1 2 3 8 10 12 1.41421
0 13 1 2 3 8 10 14 1.41421
0 13 1 2 3 8 11 12 1.73205
0 13 1 2 3 8 11 14 1.62019
0 13 1 2 3 8 12 14 1.62019
0 13 1 2 3 9 10 11 1.41421
0 13 1 2 3 9 10 12 1.41421
0 13 1 2 3 9 10 14 1.41421
0 13 1 2 3 9 11 12 1.90693
0 13 1 2 3 9 11 14 1.73205
0 13 1 2 3 9 12 14 1.73205
0 13 1 2 3 10 11 12 1.41421
0 13 1 2 3 10 11 14 1.41421
0 13 1 2 3 10 12 14 1.41421
0 13 1 2 3 11 12 14 1.73205
0 13 1 2 4 5 6 7 1.41421
0 13 1 2 4 5 6 8 1.41421
0 13 1 2 4 5 6 9 1.41421
0 13 1 2 4 5 6 10 1.41421
0 13 1 2 4 5 6 11 1.41421
0 13 1 2 4 5 6 12 1.41421
0 13 1 2 4 5 6 14 1.41421
0 13 1 2 4 5 7 8 1.62019
0 13 1 2 4 5 7 9 1.41421
0 13 1 2 4 5 7 10 1.62019
0 13 1 2 4 5 7 11 1.41421
0 13 1 2 4 5 7 12 1.62019
0 13 1 2 4 5 7 14 1.62019
0 13 1 2 4 5 8 9 1.62019
0 13 1 2 4 5 8 10 1.73205
0 13 1 2 4 5 8 11 1
0 13 1 2 4 5 8 12 1.73205
0 13 1 2 4 5 8 14 1.73205
0 13 1 2 4 5 9 10 1.62019
0 13 1 2 4 5 9 11 1.41421
0 13 1 2 4 5 9 12 1.62019
0 13 1 2 4 5 9 14 1.62019
0 13 1 2 4 5 10 11 1
0 13 1 2 4 5 10 12 1.73205
0 13 1 2 4 5 10 14 1.73205
0 13 1 2 4 5 11 12 1.41421
0 13 1 2 4 5 11 14 1
0 13 1 2 4 5 12 14 1.73205
0 13 1 2 4 6 7 8 1
0 13 1 2 4 6 7 9 1.41421
0 13 1 2 4 6 7 10 1
0 13 1 2 4 6 7 11 1.41421
0 13 1 2 4 6 7 12 1.41421
0 13 1 2 4 6 7 14 1
0 13 1 2 4 6 8 9 1.62019
0 13 1 2 4 6 8 10 1.62019
0 13 1 2 4 6 8 11 1.41421
0 13 1 2 4 6 8 12 1.62019
0 13 1 2 4 6 8 14 1.62019
0 13 1 2 4 6 9 10 1.62019
0 13 1 2 4 6 9 11 1.41421
0 13 1 2 4 6 9 12 1.62019
0 13 1 2 4 6 9 14 1.62019
0 13 1 2 4 6 10 11 1.41421
0 13 1 2 4 6 10 12 1.62019
0 13 1 2 4 6 10 14 1.62019
0 13 1 2 4 6 11 12 1.41421
0 13 1 2 4 6 11 14 1.41421
0 13 1 2 4 6 12 14 1.62019
0 13 1 2 4 7 8 9 1.41421
0 13 1 2 4 7 8 10 1.62019
0 13 1 2 4 7 8 11 1
0 13 1 2 4 7 8 12 1.62019
0 13 1 2 4 7 8 14 1.62019
0 13 1 2 4 7 9 10 1.41421
0 13 1 2 4 7 9 11 1.41421
0 13 1 2 4 7 9 12 1.41421
0 13 1 2 4 7 9 14 1.41421
0 13 1 2 4 7 10 11 1
0 13 1 2 4 7 10 12 1.62019
0 13 1 2 4 7 10 14 1.62019
0 13 1 2 4 7 11 12 1.41421
0 13 1 2 4 7 11 14 1
0 13 1 2 4 7 12 14 1.62019
0 13 1 2 4 8 9 10 1.73205
0 13 1 2 4 8 9 11 1.41421
0 13 1 2 4 8 9 12 1.73205
0 13 1 2 4 8 9 14 1.73205
0 13 1 2 4 8 10 11 1.41421
0 13 1 2 4 8 10 12 1.81265
0 13 1 2 4 8 10 14 1.81265
0 13 1 2 4 8 11 12 1.41421
0 13 1 2 4 8 11 14 1.41421
0 13 1 2 4 8 12 14 1.81265
0 13 1 2 4 9 10 11 1.41421
0 13 1 2 4 9 10 12 1.73205
0 13 1 2 4 9 10 14 1.73205
0 13 1 2 4 9 11 12 1.41421
0 13 1 2 4 9 11 14 1.41421
0 13 1 2 4 9 12 14 1.73205
0 13 1 2 4 10 11 12 1.41421
0 13 1 2 4 10 11 14 1.41421
0 13 1 2 4 10 12 14 1.81265
0 13 1 2 4 11 12 14 1.41421
0 13 1 2 5 6 7 8 1.41421
0 13 1 2 5 6 7 9 1.73205
0 13 1 2 5 6 7 10 1
0 13 1 2 5 6 7 11 1.73205
0 13 1 2 5 6 7 12 1.73205
0 13 1 2 5 6 7 14 1.41421
0 13 1 2 5 6 8 9 1.41421
0 13 1 2 5 6 8 10 1.41421
0 13 1 2 5 6 8 11 1.41421
0 13 1 2 5 6 8 12 1.41421
0 13 1 2 5 6 8 14 1.41421
0 13 1 2 5 6 9 10 1.41421
0 13 1 2 5 6 9 11 1.73205
0 13 1 2 5 6 9 12 1.73205
0 13 1 2 5 6 9 14 1.41421
0 13 1 2 5 6 10 11 1
0 13 1 2 5 6 10 12 1.41421
0 13 1 2 5 6 10 14 1.41421
0 13 1 2 5 6 11 12 1.73205
0 13 1 2 5 6 11 14 1.41421
0 13 1 2 5 6 12 14 1.41421
0 13 1 2 5 7 8 9 1.41421
0 13 1 2 5 7 8 10 1.62019
0 13 1 2 5 7 8 11 1.41421
0 13 1 2 5 7 8 12 1.62019
0 13 1 2 5 7 8 14 1.62019
0 13 1 2 5 7 9 10 1.41421
0 13 1 2 5 7 9 11 1.73205
0 13 1 2 5 7 9 12 1.73205
0 13 1 2 5 7 9 14 1.41421
0 13 1 2 5 7 10 11 1
0 13 1 2 5 7 10 12 1.62019
0 13 1 2 5 7 10 14 1.62019
0 13 1 2 5 7 11 12 1.73205
0 13 1 2 5 7 11 14 1.41421
0 13 1 2 5 7 12 14 1.62019
0 13 1 2 5 8 9 10 1.62019
0 13 1 2 5 8 9 11 1.41421
0 13 1 2 5 8 9 12 1.62019
0 13 1 2 5 8 9 14 1.62019
0 13 1 2 5 8 10 11 1
0 13 1 2 5 8 10 12 1.73205
0 13 1 2 5 8 10 14 1.73205
0 13 1 2 5 8 11 12 1.41421
0 13 1 2 5 8 11 14 1
0 13 1 2 5 8 12 14 1.73205
0 13 1 2 5 9 10 11 1
0 13 1 2 5 9 10 12 1.62019
0 13 1 2 5 9 10 14 1.62019
0 13 1 2 5 9 11 12 1.73205
0 13 1 2 5 9 11 14 1.41421
0 13 1 2 5 9 12 14 1.62019
0 13 1 2 5 10 11 12 1
0 13 1 2 5 10 11 14 1
0 13 1 2 5 10 12 14 1.73205
0 13 1 2 5 11 12 14 1.41421
0 13 1 2 6 7 8 9 1.62019
0 13 1 2 6 7 8 10 1
0 13 1 2 6 7 8 11 1.62019
0 13 1 2 6 7 8 12 1.62019
0 13 1 2 6 7 8 14 1.41421
0 13 1 2 6 7 9 10 1
0 13 1 2 6 7 9 11 1.85164
0 13 1 2 6 7 9 12 1.85164
0 13 1 2 6 7 9 14 1.62019
0 13 1 2 6 7 10 11 1
0 13 1 2 6 7 10 12 1
0 13 1 2 6 7 10 14 1
0 13 1 2 6 7 11 12 1.85164
0 13 1 2 6 7 11 14 1.62019
0 13 1 2 6 7 12 14 1.62019
0 13 1 2 6 8 9 10 1.73205
0 13 1 2 6 8 9 11 1.81265
0 13 1 2 6 8 9 12 2
0 13 1 2 6 8 9 14 1.81265
0 13 1 2 6 8 10 11 1.62019
0 13 1 2 6 8 10 12 1.73205
0 13 1 2 6 8 10 14 1.73205
0 13 1 2 6 8 11 12 1.81265
0 13 1 2 6 8 11 14 1.73205
0 13 1 2 6 8 12 14 1.81265
0 13 1 2 6 9 10 11 1.62019
0 13 1 2 6 9 10 12 1.73205
0 13 1 2 6 9 10 14 1.73205
0 13 1 2 6 9 11 12 1.93309
0 13 1 2 6 9 11 14 1.81265
0 13 1 2 6 9 12 14 2
0 13 1 2 6 10 11 12 1.62019
0 13 1 2 6 10 11 14 1.62019
0 13 1 2 6 10 12 14 1.73205
0 13 1 2 6 11 12 14 1.81265
0 13 1 2 7 8 9 10 1.41421
0 13 1 2 7 8 9 11 1.62019
0 13 1 2 7 8 9 12 1.62019
0 13 1 2 7 8 9 14 1.41421
0 13 1 2 7 8 10 11 1
0 13 1 2 7 8 10 12 1.62019
0 13 1 2 7 8 10 14 1.62019
0 13 1 2 7 8 11 12 1.62019
0 13 1 2 7 8 11 14 1.41421
0 13 1 2 7 8 12 14 1.62019
0 13 1 2 7 9 10 11 1
0 13 1 2 7 9 10 12 1.41421
0 13 1 2 7 9 10 14 1.41421
0 13 1 2 7 9 11 12 1.85164
0 13 1 2 7 9 11 14 1.62019
0 13 1 2 7 9 12 14 1.62019
0 13 1 2 7 10 11 12 1
0 13 1 2 7 10 11 14 1
0 13 1 2 7 10 12 14 1.62019
0 13 1 2 7 11 12 14 1.62019
0 13 1 2 8 9 10 11 1.62019
0 13 1 2 8 9 10 12 1.81265
0 13 1 2 8 9 10 14 1.81265
0 13 1 2 8 9 11 12 1.81265
0 13 1 2 8 9 11 14 1.73205
0 13 1 2 8 9 12 14 2
0 13 1 2 8 10 11 12 1.62019
0 13 1 2 8 10 11 14 1.62019
0 13 1 2 8 10 12 14 2
0 13 1 2 8 11 12 14 1.73205
0 13 1 2 9 10 11 12 1.62019
0 13 1 2 9 10 11 14 1.62019
0 13 1 2 9 10 12 14 1.81265
0 13 1 2 9 11 12 14 1.81265
0 13 1 2 10 11 12 14 1.62019
0 13 1 3 4 5 6 7 1.41421
0 13 1 3 4 5 6 8 1
0 13 1 3 4 5 6 9 1.41421
0 13 1 3 4 5 6 10 0
0 13 1 3 4 5 6 11 1.41421
0 13 1 3 4 5 6 12 1.41421
0 13 1 3 4 5 6 14 1
0 13 1 3 4 5 7 8 1.41421
0 13 1 3 4 5 7 9 1.41421
0 13 1 3 4 5 7 10 1.41421
0 13 1 3 4 5 7 11 1.41421
0 13 1 3 4 5 7 12 1.41421
0 13 1 3 4 5 7 14 1.41421
0 13 1 3 4 5 8 9 1
0 13 1 3 4 5 8 10 1.41421
0 13 1 3 4 5 8 11 1
0 13 1 3 4 5 8 12 1.41421
0 13 1 3 4 5 8 14 1.41421
0 13 1 3 4 5 9 10 1
0 13 1 3 4 5 9 11 1.41421
0 13 1 3 4 5 9 12 1.41421
0 13 1 3 4 5 9 14 1
0 13 1 3 4 5 10 11 1
0 13 1 3 4 5 10 12 1.41421
0 13 1 3 4 5 10 14 1.41421
0 13 1 3 4 5 11 12 1.41421
0 13 1 3 4 5 11 14 1
0 13 1 3 4 5 12 14 1.41421
0 13 1 3 4 6 7 8 1
0 13 1 3 4 6 7 9 1.41421
0 13 1 3 4 6 7 10 1
0 13 1 3 4 6 7 11 1.41421
0 13 1 3 4 6 7 12 1.41421
0 13 1 3 4 6 7 14 1
0 13 1 3 4 6 8 9 1.41421
0 13 1 3 4 6 8 10 1.41421
0 13 1 3 4 6 8 11 1.41421
0 13 1 3 4 6 8 12 1.41421
0 13 1 3 4 6 8 14 1.41421
0 13 1 3 4 6 9 10 1.41421
0 13 1 3 4 6 9 11 1.41421
0 13 1 3 4 6 9 12 1.41421
0 13 1 3 4 6 9 14 1.41421
0 13 1 3 4 6 10 11 1.41421
0 13 1 3 4 6 10 12 1.41421
0 13 1 3 4 6 10 14 1.41421
0 13 1 3 4 6 11 12 1.41421
0 13 1 3 4 6 11 14 1.41421
0 13 1 3 4 6 12 14 1.41421
0 13 1 3 4 7 8 9 1
0 13 1 3 4 7 8 10 1.41421
0 13 1 3 4 7 8 11 1
0 13 1 3 4 7 8 12 1.41421
0 13 1 3 4 7 8 14 1.41421
0 13 1 3 4 7 9 10 1
0 13 1 3 4 7 9 11 1.41421
0 13 1 3 4 7 9 12 1.41421
0 13 1 3 4 7 9 14 1
0 13 1 3 4 7 10 11 1
0 13 1 3 4 7 10 12 1.41421
0 13 1 3 4 7 10 14 1.41421
0 13 1 3 4 7 11 12 1.41421
0 13 1 3 4 7 11 14 1
0 13 1 3 4 7 12 14 1.41421
0 13 1 3 4 8 9 10 1.41421
0 13 1 3 4 8 9 11 1.41421
0 13 1 3 4 8 9 12 1.41421
0 13 1 3 4 8 9 14 1.41421
0 13 1 3 4 8 10 11 1.41421
0 13 1 3 4 8 10 12 1.41421
0 13 1 3 4 8 10 14 1.41421
0 13 1 3 4 8 11 12 1.41421
0 13 1 3 4 8 11 14 1.41421
0 13 1 3 4 8 12 14 1.41421
0 13 1 3 4 9 10 11 1.41421
0 13 1 3 4 9 10 12 1.41421
0 13 1 3 4 9 10 14 1.41421
0 13 1 3 4 9 11 12 1.41421
0 13 1 3 4 9 11 14 1.41421
0 13 1 3 4 9 12 14 1.41421
0 13 1 3 4 10 11 12 1.41421
0 13 1 3 4 10 11 14 1.41421
0 13 1 3 4 10 12 14 1.41421
0 13 1 3 4 11 12 14 1.41421
0 13 1 3 5 6 7 8 1.41421
0 13 1 3 5 6 7 9 1.73205
0 13 1 3 5 6 7 10 0
0 13 1 3 5 6 7 11 1.73205
0 13 1 3 5 6 7 12 1.73205
0 13 1 3 5 6 7 14 1.41421
0 13 1 3 5 6 8 9 1.41421
0 13 1 3 5 6 8 10 0
0 13 1 3 5 6 8 11 1.41421
0 13 1 3 5 6 8 12 1.41421
0 13 1 3 5 6 8 14 1
0 13 1 3 5 6 9 10 0
0 13 1 3 5 6 9 11 1.73205
0 13 1 3 5 6 9 12 1.73205
0 13 1 3 5 6 9 14 1.41421
0 13 1 3 5 6 10 11 0
0 13 1 3 5 6 10 12 0
0 13 1 3 5 6 10 14 0
0 13 1 3 5 6 11 12 1.73205
0 13 1 3 5 6 11 14 1.41421
0 13 1 3 5 6 12 14 1.41421
0 13 1 3 5 7 8 9 1.41421
0 13 1 3 5 7 8 10 1.41421
0 13 1 3 5 7 8 11 1.41421
0 13 1 3 5 7 8 12 1.41421
0 13 1 3 5 7 8 14 1.41421
0 13 1 3 5 7 9 10 1
0 13 1 3 5 7 9 11 1.73205
0 13 1 3 5 7 9 12 1.73205
0 13 1 3 5 7 9 14 1.41421
0 13 1 3 5 7 10 11 1
0 13 1 3 5 7 10 12 1.41421
0 13 1 3 5 7 10 14 1.41421
0 13 1 3 5 7 11 12 1.73205
0 13 1 3 5 7 11 14 1.41421
0 13 1 3 5 7 12 14 1.41421
0 13 1 3 5 8 9 10 1
0 13 1 3 5 8 9 11 1.41421
0 13 1 3 5 8 9 12 1.41421
0 13 1 3 5 8 9 14 1
0 13 1 3 5 8 10 11 1
0 13 1 3 5 8 10 12 1.41421
0 13 1 3 5 8 10 14 1.41421
0 13 1 3 5 8 11 12 1.41421
0 13 1 3 5 8 11 14 1
0 13 1 3 5 8 12 14 1.41421
0 13 1 3 5 9 10 11 0
0 13 1 3 5 9 10 12 1
0 13 1 3 5 9 10 14 1
0 13 1 3 5 9 11 12 1.73205
0 13 1 3 5 9 11 14 1.41421
0 13 1 3 5 9 12 14 1.41421
0 13 1 3 5 10 11 12 1
0 13 1 3 5 10 11 14 1
0 13 1 3 5 10 12 14 1.41421
0 13 1 3 5 11 12 14 1.41421
0 13 1 3 6 7 8 9 1.73205
0 13 1 3 6 7 8 10 1.41421
0 13 1 3 6 7 8 11 1.73205
0 13 1 3 6 7 8 12 1.73205
0 13 1 3 6 7 8 14 1.62019
0 13 1 3 6 7 9 10 1.41421
0 13 1 3 6 7 9 11 1.90693
0 13 1 3 6 7 9 12 1.90693
0 13 1 3 6 7 9 14 1.73205
0 13 1 3 6 7 10 11 1.41421
0 13 1 3 6 7 10 12 1.41421
0 13 1 3 6 7 10 14 1.41421
0 13 1 3 6 7 11 12 1.90693
0 13 1 3 6 7 11 14 1.73205
0 13 1 3 6 7 12 14 1.73205
0 13 1 3 6 8 9 10 1.73205
0 13 1 3 6 8 9 11 1.90693
0 13 1 3 6 8 9 12 1.90693
0 13 1 3 6 8 9 14 1.85164
0 13 1 3 6 8 10 11 1.73205
0 13 1 3 6 8 10 12 1.73205
0 13 1 3 6 8 10 14 1.73205
0 13 1 3 6 8 11 12 1.90693
0 13 1 3 6 8 11 14 1.85164
0 13 1 3 6 8 12 14 1.85164
0 13 1 3 6 9 10 11 1.73205
0 13 1 3 6 9 10 12 1.73205
0 13 1 3 6 9 10 14 1.73205
0 13 1 3 6 9 11 12 2
0 13 1 3 6 9 11 14 1.90693
0 13 1 3 6 9 12 14 1.90693
0 13 1 3 6 10 11 12 1.73205
0 13 1 3 6 10 11 14 1.73205
0 13 1 3 6 10 12 14 1.73205
0 13 1 3 6 11 12 14 1.90693
0 13 1 3 7 8 9 10 1.41421
0 13 1 3 7 8 9 11 1.73205
0 13 1 3 7 8 9 12 1.73205
0 13 1 3 7 8 9 14 1.62019
0 13 1 3 7 8 10 11 1.41421
0 13 1 3 7 8 10 12 1.41421
0 13 1 3 7 8 10 14 1.41421
0 13 1 3 7 8 11 12 1.73205
0 13 1 3 7 8 11 14 1.62019
0 13 1 3 7 8 12 14 1.62019
0 13 1 3 7 9 10 11 1.41421
0 13 1 3 7 9 10 12 1.41421
0 13 1 3 7 9 10 14 1.41421
0 13 1 3 7 9 11 12 1.90693
0 13 1 3 7 9 11 14 1.73205
0 13 1 3 7 9 12 14 1.73205
0 13 1 3 7 10 11 12 1.41421
0 13 1 3 7 10 11 14 1.41421
0 13 1 3 7 10 12 14 1.41421
0 13 1 3 7 11 12 14 1.73205
0 13 1 3 8 9 10 11 1.73205
0 13 1 3 8 9 10 12 1.73205
0 13 1 3 8 9 10 14 1.73205
0 13 1 3 8 9 11 12 1.90693
0 13 1 3 8 9 11 14 1.85164
0 13 1 3 8 9 12 14 1.85164
0 13 1 3 8 10 11 12 1.73205
0 13 1 3 8 10 11 14 1.73205
0 13 1 3 8 10 12 14 1.73205
0 13 1 3 8 11 12 14 1.85164
0 13 1 3 9 10 11 12 1.73205
0 13 1 3 9 10 11 14 1.73205
0 13 1 3 9 10 12 14 1.73205
0 13 1 3 9 11 12 14 1.90693
0 13 1 3 10 11 12 14 1.73205
0 13 1 4 5 6 7 8 1.41421
0 13 1 4 5 6 7 9 1.41421
0 13 1 4 5 6 7 10 1.41421
0 13 1 4 5 6 7 11 1.41421
0 13 1 4 5 6 7 12 1.41421
0 13 1 4 5 6 7 14 1.41421
0 13 1 4 5 6 8 9 1.73205
0 13 1 4 5 6 8 10 1.73205
0 13 1 4 5 6 8 11 1.41421
0 13 1 4 5 6 8 12 1.73205
0 13 1 4 5 6 8 14 1.73205
0 13 1 4 5 6 9 10 1.73205
0 13 1 4 5 6 9 11 1.41421
0 13 1 4 5 6 9 12 1.73205
0 13 1 4 5 6 9 14 1.73205
0 13 1 4 5 6 10 11 1.41421
0 13 1 4 5 6 10 12 1.73205
0 13 1 4 5 6 10 14 1.73205
0 13 1 4 5 6 11 12 1.41421
0 13 1 4 5 6 11 14 1.41421
0 13 1 4 5 6 12 14 1.73205
0 13 1 4 5 7 8 9 1.62019
0 13 1 4 5 7 8 10 1.73205
0 13 1 4 5 7 8 11 1
0 13 1 4 5 7 8 12 1.73205
0 13 1 4 5 7 8 14 1.73205
0 13 1 4 5 7 9 10 1.62019
0 13 1 4 5 7 9 11 1.41421
0 13 1 4 5 7 9 12 1.62019
0 13 1 4 5 7 9 14 1.62019
0 13 1 4 5 7 10 11 1
0 13 1 4 5 7 10 12 1.73205
0 13 1 4 5 7 10 14 1.73205
0 13 1 4 5 7 11 12 1.41421
0 13 1 4 5 7 11 14 1
0 13 1 4 5 7 12 14 1.73205
0 13 1 4 5 8 9 10 1.85164
0 13 1 4 5 8 9 11 1.41421
0 13 1 4 5 8 9 12 1.85164
0 13 1 4 5 8 9 14 1.85164
0 13 1 4 5 8 10 11 1.41421
0 13 1 4 5 8 10 12 1.90693
0 13 1 4 5 8 10 14 1.90693
0 13 1 4 5 8 11 12 1.41421
0 13 1 4 5 8 11 14 1.41421
0 13 1 4 5 8 12 14 1.90693
0 13 1 4 5 9 10 11 1.41421
0 13 1 4 5 9 10 12 1.85164
0 13 1 4 5 9 10 14 1.85164
0 13 1 4 5 9 11 12 1.41421
0 13 1 4 5 9 11 14 1.41421
0 13 1 4 5 9 12 14 1.85164
0 13 1 4 5 10 11 12 1.41421
0 13 1 4 5 10 11 14 1.41421
0 13 1 4 5 10 12 14 1.90693
0 13 1 4 5 11 12 14 1.41421
0 13 1 4 6 7 8 9 1.62019
0 13 1 4 6 7 8 10 1.62019
0 13 1 4 6 7 8 11 1.41421
0 13 1 4 6 7 8 12 1.62019
0 13 1 4 6 7 8 14 1.62019
0 13 1 4 6 7 9 10 1.62019
0 13 1 4 6 7 9 11 1.41421
0 13 1 4 6 7 9 12 1.62019
0 13 1 4 6 7 9 14 1.62019
0 13 1 4 6 7 10 11 1.41421
0 13 1 4 6 7 10 12 1.62019
0 13 1 4 6 7 10 14 1.62019
0 13 1 4 6 7 11 12 1.41421
0 13 1 4 6 7 11 14 1.41421
0 13 1 4 6 7 12 14 1.62019
0 13 1 4 6 8 9 10 2.13664
0 13 1 4 6 8 9 11 2
0 13 1 4 6 8 9 12 2.13664
0 13 1 4 6 8 9 14 2.13664
0 13 1 4 6 8 10 11 2
0 13 1 4 6 8 10 12 2.13664
0 13 1 4 6 8 10 14 2.13664
0 13 1 4 6 8 11 12 2
0 13 1 4 6 8 11 14 2
0 13 1 4 6 8 12 14 2.13664
0 13 1 4 6 9 10 11 2
0 13 1 4 6 9 10 12 2.13664
0 13 1 4 6 9 10 14 2.13664
0 13 1 4 6 9 11 12 2
0 13 1 4 6 9 11 14 2
0 13 1 4 6 9 12 14 2.13664
0 13 1 4 6 10 11 12 2
0 13 1 4 6 10 11 14 2
0 13 1 4 6 10 12 14 2.13664
0 13 1 4 6 11 12 14 2
0 13 1 4 7 8 9 10 1.73205
0 13 1 4 7 8 9 11 1.41421
0 13 1 4 7 8 9 12 1.73205
0 13 1 4 7 8 9 14 1.73205
0 13 1 4 7 8 10 11 1.41421
0 13 1 4 7 8 10 12 1.81265
0 13 1 4 7 8 10 14 1.81265
0 13 1 4 7 8 11 12 1.41421
0 13 1 4 7 8 11 14 1.41421
0 13 1 4 7 8 12 14 1.81265
0 13 1 4 7 9 10 11 1.41421
0 13 1 4 7 9 10 12 1.73205
0 13 1 4 7 9 10 14 1.73205
0 13 1 4 7 9 11 12 1.41421
0 13 1 4 7 9 11 14 1.41421
0 13 1 4 7 9 12 14 1.73205
0 13 1 4 7 10 11 12 1.41421
0 13 1 4 7 10 11 14 1.41421
0 13 1 4 7 10 12 14 1.81265
0 13 1 4 7 11 12 14 1.41421
0 13 1 4 8 9 10 11 2
0 13 1 4 8 9 10 12 2.16025
0 13 1 4 8 9 10 14 2.16025
0 13 1 4 8 9 11 12 2
0 13 1 4 8 9 11 14 2
0 13 1 4 8 9 12 14 2.16025
0 13 1 4 8 10 11 12 2
0 13 1 4 8 10 11 14 2
0 13 1 4 8 10 12 14 2.19089
0 13 1 4 8 11 12 14 2
0 13 1 4 9 10 11 12 2
0 13 1 4 9 10 11 14 2
0 13 1 4 9 10 12 14 2.16025
0 13 1 4 9 11 12 14 2
0 13 1 4 10 11 12 14 2
0 13 1 5 6 7 8 9 1.41421
0 13 1 5 6 7 8 10 1.41421
0 13 1 5 6 7 8 11 1.41421
0 13 1 5 6 7 8 12 1.41421
0 13 1 5 6 7 8 14 1.41421
0 13 1 5 6 7 9 10 1.41421
0 13 1 5 6 7 9 11 1.73205
0 13 1 5 6 7 9 12 1.73205
0 13 1 5 6 7 9 14 1.41421
0 13 1 5 6 7 10 11 1
0 13 1 5 6 7 10 12 1.41421
0 13 1 5 6 7 10 14 1.41421
0 13 1 5 6 7 11 12 1.73205
0 13 1 5 6 7 11 14 1.41421
0 13 1 5 6 7 12 14 1.41421
0 13 1 5 6 8 9 10 1.73205
0 13 1 5 6 8 9 11 1.41421
0 13 1 5 6 8 9 12 1.73205
0 13 1 5 6 8 9 14 1.73205
0 13 1 5 6 8 10 11 1.41421
0 13 1 5 6 8 10 12 1.73205
0 13 1 5 6 8 10 14 1.73205
0 13 1 5 6 8 11 12 1.41421
0 13 1 5 6 8 11 14 1.41421
0 13 1 5 6 8 12 14 1.73205
0 13 1 5 6 9 10 11 1.41421
0 13 1 5 6 9 10 12 1.73205
0 13 1 5 6 9 10 14 1.73205
0 13 1 5 6 9 11 12 1.73205
0 13 1 5 6 9 11 14 1.41421
0 13 1 5 6 9 12 14 1.73205
0 13 1 5 6 10 11 12 1.41421
0 13 1 5 6 10 11 14 1.41421
0 13 1 5 6 10 12 14 1.73205
0 13 1 5 6 11 12 14 1.41421
0 13 1 5 7 8 9 10 1.62019
0 13 1 5 7 8 9 11 1.41421
0 13 1 5 7 8 9 12 1.62019
0 13 1 5 7 8 9 14 1.62019
0 13 1 5 7 8 10 11 1
0 13 1 5 7 8 10 12 1.73205
0 13 1 5 7 8 10 14 1.73205
0 13 1 5 7 8 11 12 1.41421
0 13 1 5 7 8 11 14 1
0 13 1 5 7 8 12 14 1.73205
0 13 1 5 7 9 10 11 1
0 13 1 5 7 9 10 12 1.62019
0 13 1 5 7 9 10 14 1.62019
0 13 1 5 7 9 11 12 1.73205
0 13 1 5 7 9 11 14 1.41421
0 13 1 5 7 9 12 14 1.62019
0 13 1 5 7 10 11 12 1
0 13 1 5 7 10 11 14 1
0 13 1 5 7 10 12 14 1.73205
0 13 1 5 7 11 12 14 1.41421
0 13 1 5 8 9 10 11 1.41421
0 13 1 5 8 9 10 12 1.85164
0 13 1 5 8 9 10 14 1.85164
0 13 1 5 8 9 11 12 1.41421
0 13 1 5 8 9 11 14 1.41421
0 13 1 5 8 9 12 14 1.85164
0 13 1 5 8 10 11 12 1.41421
0 13 1 5 8 10 11 14 1.41421
0 13 1 5 8 10 12 14 1.90693
0 13 1 5 8 11 12 14 1.41421
0 13 1 5 9 10 11 12 1.41421
0 13 1 5 9 10 11 14 1.41421
0 13 1 5 9 10 12 14 1.85164
0 13 1 5 9 11 12 14 1.41421
0 13 1 5 10 11 12 14 1.41421
0 13 1 6 7 8 9 10 1.73205
0 13 1 6 7 8 9 11 1.81265
0 13 1 6 7 8 9 12 2
0 13 1 6 7 8 9 14 1.81265
0 13 1 6 7 8 10 11 1.62019
0 13 1 6 7 8 10 12 1.73205
0 13 1 6 7 8 10 14 1.73205
0 13 1 6 7 8 11 12 1.81265
0 13 1 6 7 8 11 14 1.73205
0 13 1 6 7 8 12 14 1.81265
0 13 1 6 7 9 10 11 1.62019
0 13 1 6 7 9 10 12 1.73205
0 13 1 6 7 9 10 14 1.73205
0 13 1 6 7 9 11 12 1.93309
0 13 1 6 7 9 11 14 1.81265
0 13 1 6 7 9 12 14 2
0 13 1 6 7 10 11 12 1.62019
0 13 1 6 7 10 11 14 1.62019
0 13 1 6 7 10 12 14 1.73205
0 13 1 6 7 11 12 14 1.81265
0 13 1 6 8 9 10 11 2.13664
0 13 1 6 8 9 10 12 2.23607
0 13 1 6 8 9 10 14 2.23607
0 13 1 6 8 9 11 12 2.19089
0 13 1 6 8 9 11 14 2.16025
0 13 1 6 8 9 12 14 2.26385
0 13 1 6 8 10 11 12 2.13664
0 13 1 6 8 10 11 14 2.13664
0 13 1 6 8 10 12 14 2.23607
0 13 1 6 8 11 12 14 2.16025
0 13 1 6 9 10 11 12 2.13664
0 13 1 6 9 10 11 14 2.13664
0 13 1 6 9 10 12 14 2.23607
0 13 1 6 9 11 12 14 2.19089
0 13 1 6 10 11 12 14 2.13664
0 13 1 7 8 9 10 11 1.62019
0 13 1 7 8 9 10 12 1.81265
0 13 1 7 8 9 10 14 1.81265
0 13 1 7 8 9 11 12 1.81265
0 13 1 7 8 9 11 14 1.73205
0 13 1 7 8 9 12 14 2
0 13 1 7 8 10 11 12 1.62019
0 13 1 7 8 10 11 14 1.62019
0 13 1 7 8 10 12 14 2
0 13 1 7 8 11 12 14 1.73205
0 13 1 7 9 10 11 12 1.62019
0 13 1 7 9 10 11 14 1.62019
0 13 1 7 9 10 12 14 1.81265
0 13 1 7 9 11 12 14 1.81265
0 13 1 7 10 11 12 14 1.62019
0 13 1 8 9 10 11 12 2.13664
0 13 1 8 9 10 11 14 2.13664
0 13 1 8 9 10 12 14 2.26385
0 13 1 8 9 11 12 14 2.16025
0 13 1 8 10 11 12 14 2.13664
0 13 1 9 10 11 12 14 2.13664
0 13 2 3 4 5 6 7 1.73205
0 13 2 3 4 5 6 8 1.41421
0 13 2 3 4 5 6 9 1.90693
0 13 2 3 4 5 6 10 1.73205
0 13 2 3 4 5 6 11 1.90693
0 13 2 3 4 5 6 12 1.73205
0 13 2 3 4 5 6 14 1.85164
0 13 2 3 4 5 7 8 1.41421
0 13 2 3 4 5 7 9 1.73205
0 13 2 3 4 5 7 10 1.41421
0 13 2 3 4 5 7 11 1.73205
0 13 2 3 4 5 7 12 1.62019
0 13 2 3 4 5 7 14 1.62019
0 13 2 3 4 5 8 9 1.41421
0 13 2 3 4 5 8 10 1.41421
0 13 2 3 4 5 8 11 1.41421
0 13 2 3 4 5 8 12 1.41421
0 13 2 3 4 5 8 14 1.41421
0 13 2 3 4 5 9 10 1.73205
0 13 2 3 4 5 9 11 1.90693
0 13 2 3 4 5 9 12 1.73205
0 13 2 3 4 5 9 14 1.85164
0 13 2 3 4 5 10 11 1.73205
0 13 2 3 4 5 10 12 1.41421
0 13 2 3 4 5 10 14 1.73205
0 13 2 3 4 5 11 12 1.73205
0 13 2 3 4 5 11 14 1.85164
0 13 2 3 4 5 12 14 1.62019
0 13 2 3 4 6 7 8 1
0 13 2 3 4 6 7 9 1.73205
0 13 2 3 4 6 7 10 1.41421
0 13 2 3 4 6 7 11 1.73205
0 13 2 3 4 6 7 12 1.62019
0 13 2 3 4 6 7 14 1.62019
0 13 2 3 4 6 8 9 1.62019
0 13 2 3 4 6 8 10 1.62019
0 13 2 3 4 6 8 11 1.62019
0 13 2 3 4 6 8 12 1.41421
0 13 2 3 4 6 8 14 1.62019
0 13 2 3 4 6 9 10 1.85164
0 13 2 3 4 6 9 11 2
0 13 2 3 4 6 9 12 1.81265
0 13 2 3 4 6 9 14 1.93309
0 13 2 3 4 6 10 11 1.85164
0 13 2 3 4 6 10 12 1.62019
0 13 2 3 4 6 10 14 1.85164
0 13 2 3 4 6 11 12 1.81265
0 13 2 3 4 6 11 14 1.93309
0 13 2 3 4 6 12 14 1.73205
0 13 2 3 4 7 8 9 1
0 13 2 3 4 7 8 10 1.41421
0 13 2 3 4 7 8 11 1
0 13 2 3 4 7 8 12 1.41421
0 13 2 3 4 7 8 14 1.41421
0 13 2 3 4 7 9 10 1.41421
0 13 2 3 4 7 9 11 1.73205
0 13 2 3 4 7 9 12 1.62019
0 13 2 3 4 7 9 14 1.62019
0 13 2 3 4 7 10 11 1.41421
0 13 2 3 4 7 10 12 1.41421
0 13 2 3 4 7 10 14 1.41421
0 13 2 3 4 7 11 12 1.62019
0 13 2 3 4 7 11 14 1.62019
0 13 2 3 4 7 12 14 1.41421
0 13 2 3 4 8 9 10 1.62019
0 13 2 3 4 8 9 11 1.62019
0 13 2 3 4 8 9 12 1.41421
0 13 2 3 4 8 9 14 1.62019
0 13 2 3 4 8 10 11 1.62019
0 13 2 3 4 8 10 12 1.41421
0 13 2 3 4 8 10 14 1.62019
0 13 2 3 4 8 11 12 1.41421
0 13 2 3 4 8 11 14 1.62019
0 13 2 3 4 8 12 14 1.41421
0 13 2 3 4 9 10 11 1.85164
0 13 2 3 4 9 10 12 1.62019
0 13 2 3 4 9 10 14 1.85164
0 13 2 3 4 9 11 12 1.81265
0 13 2 3 4 9 11 14 1.93309
0 13 2 3 4 9 12 14 1.73205
0 13 2 3 4 10 11 12 1.62019
0 13 2 3 4 10 11 14 1.85164
0 13 2 3 4 10 12 14 1.62019
0 13 2 3 4 11 12 14 1.73205
0 13 2 3 5 6 7 8 1.41421
0 13 2 3 5 6 7 9 1.90693
0 13 2 3 5 6 7 10 1.41421
0 13 2 3 5 6 7 11 1.90693
0 13 2 3 5 6 7 12 1.85164
0 13 2 3 5 6 7 14 1.73205
0 13 2 3 5 6 8 9 1.41421
0 13 2 3 5 6 8 10 1.41421
0 13 2 3 5 6 8 11 1.41421
0 13 2 3 5 6 8 12 1.41421
0 13 2 3 5 6 8 14 1.41421
0 13 2 3 5 6 9 10 1.73205
0 13 2 3 5 6 9 11 2
0 13 2 3 5 6 9 12 1.90693
0 13 2 3 5 6 9 14 1.90693
0 13 2 3 5 6 10 11 1.73205
0 13 2 3 5 6 10 12 1.41421
0 13 2 3 5 6 10 14 1.73205
0 13 2 3 5 6 11 12 1.90693
0 13 2 3 5 6 11 14 1.90693
0 13 2 3 5 6 12 14 1.73205
0 13 2 3 5 7 8 9 1.41421
0 13 2 3 5 7 8 10 1.41421
0 13 2 3 5 7 8 11 1.41421
0 13 2 3 5 7 8 12 1.41421
0 13 2 3 5 7 8 14 1.41421
0 13 2 3 5 7 9 10 1.41421
0 13 2 3 5 7 9 11 1.90693
0 13 2 3 5 7 9 12 1.85164
0 13 2 3 5 7 9 14 1.73205
0 13 2 3 5 7 10 11 1.41421
0 13 2 3 5 7 10 12 1.41421
0 13 2 3 5 7 10 14 1.41421
0 13 2 3 5 7 11 12 1.85164
0 13 2 3 5 7 11 14 1.73205
0 13 2 3 5 7 12 14 1.62019
0 13 2 3 5 8 9 10 1.41421
0 13 2 3 5 8 9 11 1.41421
0 13 2 3 5 8 9 12 1.41421
0 13 2 3 5 8 9 14 1.41421
0 13 2 3 5 8 10 11 1.41421
0 13 2 3 5 8 10 12 1.41421
0 13 2 3 5 8 10 14 1.41421
0 13 2 3 5 8 11 12 1.41421
0 13 2 3 5 8 11 14 1.41421
0 13 2 3 5 8 12 14 1.41421
0 13 2 3 5 9 10 11 1.73205
0 13 2 3 5 9 10 12 1.41421
0 13 2 3 5 9 10 14 1.73205
0 13 2 3 5 9 11 12 1.90693
0 13 2 3 5 9 11 14 1.90693
0 13 2 3 5 9 12 14 1.73205
0 13 2 3 5 10 11 12 1.41421
0 13 2 3 5 10 11 14 1.73205
0 13 2 3 5 10 12 14 1.41421
0 13 2 3 5 11 12 14 1.73205
0 13 2 3 6 7 8 9 1.62019
0 13 2 3 6 7 8 10 1
0 13 2 3 6 7 8 11 1.62019
0 13 2 3 6 7 8 12 1.62019
0 13 2 3 6 7 8 14 1.41421
0 13 2 3 6 7 9 10 1.41421
0 13 2 3 6 7 9 11 2
0 13 2 3 6 7 9 12 1.93309
0 13 2 3 6 7 9 14 1.81265
0 13 2 3 6 7 10 11 1.41421
0 13 2 3 6 7 10 12 1
0 13 2 3 6 7 10 14 1.41421
0 13 2 3 6 7 11 12 1.93309
0 13 2 3 6 7 11 14 1.81265
0 13 2 3 6 7 12 14 1.73205
0 13 2 3 6 8 9 10 1.73205
0 13 2 3 6 8 9 11 2
0 13 2 3 6 8 9 12 1.81265
0 13 2 3 6 8 9 14 1.81265
0 13 2 3 6 8 10 11 1.73205
0 13 2 3 6 8 10 12 1.62019
0 13 2 3 6 8 10 14 1.73205
0 13 2 3 6 8 11 12 1.81265
0 13 2 3 6 8 11 14 1.81265
0 13 2 3 6 8 12 14 1.73205
0 13 2 3 6 9 10 11 1.90693
0 13 2 3 6 9 10 12 1.73205
0 13 2 3 6 9 10 14 1.90693
0 13 2 3 6 9 11 12 2.10639
0 13 2 3 6 9 11 14 2.10639
0 13 2 3 6 9 12 14 2
0 13 2 3 6 10 11 12 1.73205
0 13 2 3 6 10 11 14 1.90693
0 13 2 3 6 10 12 14 1.73205
0 13 2 3 6 11 12 14 2
0 13 2 3 7 8 9 10 1
0 13 2 3 7 8 9 11 1.62019
0 13 2 3 7 8 9 12 1.62019
0 13 2 3 7 8 9 14 1.41421
0 13 2 3 7 8 10 11 1
0 13 2 3 7 8 10 12 1.41421
0 13 2 3 7 8 10 14 1.41421
0 13 2 3 7 8 11 12 1.62019
0 13 2 3 7 8 11 14 1.41421
0 13 2 3 7 8 12 14 1.41421
0 13 2 3 7 9 10 11 1.41421
0 13 2 3 7 9 10 12 1
0 13 2 3 7 9 10 14 1.41421
0 13 2 3 7 9 11 12 1.93309
0 13 2 3 7 9 11 14 1.81265
0 13 2 3 7 9 12 14 1.73205
0 13 2 3 7 10 11 12 1
0 13 2 3 7 10 11 14 1.41421
0 13 2 3 7 10 12 14 1.41421
0 13 2 3 7 11 12 14 1.73205
0 13 2 3 8 9 10 11 1.73205
0 13 2 3 8 9 10 12 1.62019
0 13 2 3 8 9 10 14 1.73205
0 13 2 3 8 9 11 12 1.81265
0 13 2 3 8 9 11 14 1.81265
0 13 2 3 8 9 12 14 1.73205
0 13 2 3 8 10 11 12 1.62019
0 13 2 3 8 10 11 14 1.73205
0 13 2 3 8 10 12 14 1.62019
0 13 2 3 8 11 12 14 1.73205
0 13 2 3 9 10 11 12 1.73205
0 13 2 3 9 10 11 14 1.90693
0 13 2 3 9 10 12 14 1.73205
0 13 2 3 9 11 12 14 2
0 13 2 3 10 11 12 14 1.73205
0 13 2 4 5 6 7 8 1
0 13 2 4 5 6 7 9 1.73205
0 13 2 4 5 6 7 10 1.41421
0 13 2 4 5 6 7 11 1.73205
0 13 2 4 5 6 7 12 1.62019
0 13 2 4 5 6 7 14 1.62019
0 13 2 4 5 6 8 9 1.73205
0 13 2 4 5 6 8 10 1.73205
0 13 2 4 5 6 8 11 1.62019
0 13 2 4 5 6 8 12 1.62019
0 13 2 4 5 6 8 14 1.73205
0 13 2 4 5 6 9 10 1.90693
0 13 2 4 5 6 9 11 2
0 13 2 4 5 6 9 12 2
0 13 2 4 5 6 9 14 2
0 13 2 4 5 6 10 11 1.85164
0 13 2 4 5 6 10 12 1.73205
0 13 2 4 5 6 10 14 1.90693
0 13 2 4 5 6 11 12 1.81265
0 13 2 4 5 6 11 14 1.93309
0 13 2 4 5 6 12 14 1.81265
0 13 2 4 5 7 8 9 1.41421
0 13 2 4 5 7 8 10 1.62019
0 13 2 4 5 7 8 11 1
0 13 2 4 5 7 8 12 1.62019
0 13 2 4 5 7 8 14 1.62019
0 13 2 4 5 7 9 10 1.41421
0 13 2 4 5 7 9 11 1.73205
0 13 2 4 5 7 9 12 1.62019
0 13 2 4 5 7 9 14 1.62019
0 13 2 4 5 7 10 11 1.41421
0 13 2 4 5 7 10 12 1.62019
0 13 2 4 5 7 10 14 1.62019
0 13 2 4 5 7 11 12 1.62019
0 13 2 4 5 7 11 14 1.62019
0 13 2 4 5 7 12 14 1.62019
0 13 2 4 5 8 9 10 1.81265
0 13 2 4 5 8 9 11 1.62019
0 13 2 4 5 8 9 12 1.73205
0 13 2 4 5 8 9 14 1.81265
0 13 2 4 5 8 10 11 1.62019
0 13 2 4 5 8 10 12 1.81265
0 13 2 4 5 8 10 14 2
0 13 2 4 5 8 11 12 1.41421
0 13 2 4 5 8 11 14 1.62019
0 13 2 4 5 8 12 14 1.81265
0 13 2 4 5 9 10 11 1.85164
0 13 2 4 5 9 10 12 1.81265
0 13 2 4 5 9 10 14 1.93309
0 13 2 4 5 9 11 12 1.81265
0 13 2 4 5 9 11 14 1.93309
0 13 2 4 5 9 12 14 2
0 13 2 4 5 10 11 12 1.62019
0 13 2 4 5 10 11 14 1.85164
0 13 2 4 5 10 12 14 2
0 13 2 4 5 11 12 14 1.73205
0 13 2 4 6 7 8 9 1
0 13 2 4 6 7 8 10 1
0 13 2 4 6 7 8 11 1
0 13 2 4 6 7 8 12 1
0 13 2 4 6 7 8 14 1
0 13 2 4 6 7 9 10 1.41421
0 13 2 4 6 7 9 11 1.73205
0 13 2 4 6 7 9 12 1.62019
0 13 2 4 6 7 9 14 1.62019
0 13 2 4 6 7 10 11 1.41421
0 13 2 4 6 7 10 12 1
0 13 2 4 6 7 10 14 1.41421
0 13 2 4 6 7 11 12 1.62019
0 13 2 4 6 7 11 14 1.62019
0 13 2 4 6 7 12 14 1.41421
0 13 2 4 6 8 9 10 1.93309
0 13 2 4 6 8 9 11 1.85164
0 13 2 4 6 8 9 12 1.85164
0 13 2 4 6 8 9 14 1.93309
0 13 2 4 6 8 10 11 1.85164
0 13 2 4 6 8 10 12 1.85164
0 13 2 4 6 8 10 14 1.93309
0 13 2 4 6 8 11 12 1.73205
0 13 2 4 6 8 11 14 1.85164
0 13 2 4 6 8 12 14 1.85164
0 13 2 4 6 9 10 11 2.00294
0 13 2 4 6 9 10 12 1.93309
0 13 2 4 6 9 10 14 2.04939
0 13 2 4 6 9 11 12 1.93309
0 13 2 4 6 9 11 14 2.04939
0 13 2 4 6 9 12 14 2
0 13 2 4 6 10 11 12 1.85164
0 13 2 4 6 10 11 14 2.00294
0 13 2 4 6 10 12 14 1.93309
0 13 2 4 6 11 12 14 1.90693
0 13 2 4 7 8 9 10 1.41421
0 13 2 4 7 8 9 11 1
0 13 2 4 7 8 9 12 1.41421
0 13 2 4 7 8 9 14 1.41421
0 13 2 4 7 8 10 11 1
0 13 2 4 7 8 10 12 1.62019
0 13 2 4 7 8 10 14 1.62019
0 13 2 4 7 8 11 12 1
0 13 2 4 7 8 11 14 1
0 13 2 4 7 8 12 14 1.62019
0 13 2 4 7 9 10 11 1.41421
0 13 2 4 7 9 10 12 1.41421
0 13 2 4 7 9 10 14 1.41421
0 13 2 4 7 9 11 12 1.62019
0 13 2 4 7 9 11 14 1.62019
0 13 2 4 7 9 12 14 1.41421
0 13 2 4 7 10 11 12 1
0 13 2 4 7 10 11 14 1.41421
0 13 2 4 7 10 12 14 1.62019
0 13 2 4 7 11 12 14 1.41421
0 13 2 4 8 9 10 11 1.85164
0 13 2 4 8 9 10 12 1.90693
0 13 2 4 8 9 10 14 2
0 13 2 4 8 9 11 12 1.73205
0 13 2 4 8 9 11 14 1.85164
0 13 2 4 8 9 12 14 1.90693
0 13 2 4 8 10 11 12 1.73205
0 13 2 4 8 10 11 14 1.85164
0 13 2 4 8 10 12 14 1.93309
0 13 2 4 8 11 12 14 1.73205
0 13 2 4 9 10 11 12 1.85164
0 13 2 4 9 10 11 14 2.00294
0 13 2 4 9 10 12 14 2
0 13 2 4 9 11 12 14 1.90693
0 13 2 4 10 11 12 14 1.85164
0 13 2 5 6 7 8 9 1.41421
0 13 2 5 6 7 8 10 1
0 13 2 5 6 7 8 11 1.41421
0 13 2 5 6 7 8 12 1.41421
0 13 2 5 6 7 8 14 1
0 13 2 5 6 7 9 10 1.41421
0 13 2 5 6 7 9 11 1.90693
0 13 2 5 6 7 9 12 1.85164
0 13 2 5 6 7 9 14 1.73205
0 13 2 5 6 7 10 11 1.41421
0 13 2 5 6 7 10 12 1
0 13 2 5 6 7 10 14 1.41421
0 13 2 5 6 7 11 12 1.85164
0 13 2 5 6 7 11 14 1.73205
0 13 2 5 6 7 12 14 1.62019
0 13 2 5 6 8 9 10 1.73205
0 13 2 5 6 8 9 11 1.62019
0 13 2 5 6 8 9 12 1.62019
0 13 2 5 6 8 9 14 1.73205
0 13 2 5 6 8 10 11 1.62019
0 13 2 5 6 8 10 12 1.62019
0 13 2 5 6 8 10 14 1.73205
0 13 2 5 6 8 11 12 1.41421
0 13 2 5 6 8 11 14 1.62019
0 13 2 5 6 8 12 14 1.62019
0 13 2 5 6 9 10 11 1.85164
0 13 2 5 6 9 10 12 1.73205
0 13 2 5 6 9 10 14 1.90693
0 13 2 5 6 9 11 12 1.93309
0 13 2 5 6 9 11 14 2
0 13 2 5 6 9 12 14 2
0 13 2 5 6 10 11 12 1.62019
0 13 2 5 6 10 11 14 1.85164
0 13 2 5 6 10 12 14 1.73205
0 13 2 5 6 11 12 14 1.81265
0 13 2 5 7 8 9 10 1.41421
0 13 2 5 7 8 9 11 1.41421
0 13 2 5 7 8 9 12 1.41421
0 13 2 5 7 8 9 14 1.41421
0 13 2 5 7 8 10 11 1
0 13 2 5 7 8 10 12 1.62019
0 13 2 5 7 8 10 14 1.62019
0 13 2 5 7 8 11 12 1.41421
0 13 2 5 7 8 11 14 1
0 13 2 5 7 8 12 14 1.62019
0 13 2 5 7 9 10 11 1.41421
0 13 2 5 7 9 10 12 1.41421
0 13 2 5 7 9 10 14 1.41421
0 13 2 5 7 9 11 12 1.85164
0 13 2 5 7 9 11 14 1.73205
0 13 2 5 7 9 12 14 1.62019
0 13 2 5 7 10 11 12 1
0 13 2 5 7 10 11 14 1.41421
0 13 2 5 7 10 12 14 1.62019
0 13 2 5 7 11 12 14 1.62019
0 13 2 5 8 9 10 11 1.62019
0 13 2 5 8 9 10 12 1.73205
0 13 2 5 8 9 10 14 1.81265
0 13 2 5 8 9 11 12 1.41421
0 13 2 5 8 9 11 14 1.62019
0 13 2 5 8 9 12 14 1.73205
0 13 2 5 8 10 11 12 1.41421
0 13 2 5 8 10 11 14 1.62019
0 13 2 5 8 10 12 14 1.81265
0 13 2 5 8 11 12 14 1.41421
0 13 2 5 9 10 11 12 1.62019
0 13 2 5 9 10 11 14 1.85164
0 13 2 5 9 10 12 14 1.81265
0 13 2 5 9 11 12 14 1.81265
0 13 2 5 10 11 12 14 1.62019
0 13 2 6 7 8 9 10 1
0 13 2 6 7 8 9 11 1.62019
0 13 2 6 7 8 9 12 1.62019
0 13 2 6 7 8 9 14 1.41421
0 13 2 6 7 8 10 11 1
0 13 2 6 7 8 10 12 1
0 13 2 6 7 8 10 14 1
0 13 2 6 7 8 11 12 1.62019
0 13 2 6 7 8 11 14 1.41421
0 13 2 6 7 8 12 14 1.41421
0 13 2 6 7 9 10 11 1.41421
0 13 2 6 7 9 10 12 1
0 13 2 6 7 9 10 14 1.41421
0 13 2 6 7 9 11 12 1.93309
0 13 2 6 7 9 11 14 1.81265
0 13 2 6 7 9 12 14 1.73205
0 13 2 6 7 10 11 12 1
0 13 2 6 7 10 11 14 1.41421
0 13 2 6 7 10 12 14 1
0 13 2 6 7 11 12 14 1.73205
0 13 2 6 8 9 10 11 1.93309
0 13 2 6 8 9 10 12 1.93309
0 13 2 6 8 9 10 14 2
0 13 2 6 8 9 11 12 1.93309
0 13 2 6 8 9 11 14 2
0 13 2 6 8 9 12 14 2
0 13 2 6 8 10 11 12 1.85164
0 13 2 6 8 10 11 14 1.93309
0 13 2 6 8 10 12 14 1.93309
0 13 2 6 8 11 12 14 1.90693
0 13 2 6 9 10 11 12 1.93309
0 13 2 6 9 10 11 14 2.04939
0 13 2 6 9 10 12 14 2
0 13 2 6 9 11 12 14 2.10639
0 13 2 6 10 11 12 14 1.93309
0 13 2 7 8 9 10 11 1
0 13 2 7 8 9 10 12 1.41421
0 13 2 7 8 9 10 14 1.41421
0 13 2 7 8 9 11 12 1.62019
0 13 2 7 8 9 11 14 1.41421
0 13 2 7 8 9 12 14 1.41421
0 13 2 7 8 10 11 12 1
0 13 2 7 8 10 11 14 1
0 13 2 7 8 10 12 14 1.62019
0 13 2 7 8 11 12 14 1.41421
0 13 2 7 9 10 11 12 1
0 13 2 7 9 10 11 14 1.41421
0 13 2 7 9 10 12 14 1.41421
0 13 2 7 9 11 12 14 1.73205
0 13 2 7 10 11 12 14 1
0 13 2 8 9 10 11 12 1.85164
0 13 2 8 9 10 11 14 1.93309
0 13 2 8 9 10 12 14 2
0 13 2 8 9 11 12 14 1.90693
0 13 2 8 10 11 12 14 1.85164
0 13 2 9 10 11 12 14 1.93309
0 13 3 4 5 6 7 8 1.41421
0 13 3 4 5 6 7 9 1.90693
0 13 3 4 5 6 7 10 1.73205
0 13 3 4 5 6 7 11 1.90693
0 13 3 4 5 6 7 12 1.73205
0 13 3 4 5 6 7 14 1.85164
0 13 3 4 5 6 8 9 1.73205
0 13 3 4 5 6 8 10 1.73205
0 13 3 4 5 6 8 11 1.73205
0 13 3 4 5 6 8 12 1.41421
0 13 3 4 5 6 8 14 1.73205
0 13 3 4 5 6 9 10 2
0 13 3 4 5 6 9 11 2.10357
0 13 3 4 5 6 9 12 1.90693
0 13 3 4 5 6 9 14 2.07802
0 13 3 4 5 6 10 11 2
0 13 3 4 5 6 10 12 1.73205
0 13 3 4 5 6 10 14 2
0 13 3 4 5 6 11 12 1.90693
0 13 3 4 5 6 11 14 2.07802
0 13 3 4 5 6 12 14 1.85164
0 13 3 4 5 7 8 9 1.41421
0 13 3 4 5 7 8 10 1.41421
0 13 3 4 5 7 8 11 1.41421
0 13 3 4 5 7 8 12 1.41421
0 13 3 4 5 7 8 14 1.41421
0 13 3 4 5 7 9 10 1.73205
0 13 3 4 5 7 9 11 1.90693
0 13 3 4 5 7 9 12 1.73205
0 13 3 4 5 7 9 14 1.85164
0 13 3 4 5 7 10 11 1.73205
0 13 3 4 5 7 10 12 1.41421
0 13 3 4 5 7 10 14 1.73205
0 13 3 4 5 7 11 12 1.73205
0 13 3 4 5 7 11 14 1.85164
0 13 3 4 5 7 12 14 1.62019
0 13 3 4 5 8 9 10 1.73205
0 13 3 4 5 8 9 11 1.73205
0 13 3 4 5 8 9 12 1.41421
0 13 3 4 5 8 9 14 1.73205
0 13 3 4 5 8 10 11 1.73205
0 13 3 4 5 8 10 12 1.41421
0 13 3 4 5 8 10 14 1.73205
0 13 3 4 5 8 11 12 1.41421
0 13 3 4 5 8 11 14 1.73205
0 13 3 4 5 8 12 14 1.41421
0 13 3 4 5 9 10 11 2
0 13 3 4 5 9 10 12 1.73205
0 13 3 4 5 9 10 14 2
0 13 3 4 5 9 11 12 1.90693
0 13 3 4 5 9 11 14 2.07802
0 13 3 4 5 9 12 14 1.85164
0 13 3 4 5 10 11 12 1.73205
0 13 3 4 5 10 11 14 2
0 13 3 4 5 10 12 14 1.73205
0 13 3 4 5 11 12 14 1.85164
0 13 3 4 6 7 8 9 1.62019
0 13 3 4 6 7 8 10 1.62019
0 13 3 4 6 7 8 11 1.62019
0 13 3 4 6 7 8 12 1.41421
0 13 3 4 6 7 8 14 1.62019
0 13 3 4 6 7 9 10 1.85164
0 13 3 4 6 7 9 11 2
0 13 3 4 6 7 9 12 1.81265
0 13 3 4 6 7 9 14 1.93309
0 13 3 4 6 7 10 11 1.85164
0 13 3 4 6 7 10 12 1.62019
0 13 3 4 6 7 10 14 1.85164
0 13 3 4 6 7 11 12 1.81265
0 13 3 4 6 7 11 14 1.93309
0 13 3 4 6 7 12 14 1.73205
0 13 3 4 6 8 9 10 2.13664
0 13 3 4 6 8 9 11 2.13664
0 13 3 4 6 8 9 12 2
0 13 3 4 6 8 9 14 2.13664
0 13 3 4 6 8 10 11 2.13664
0 13 3 4 6 8 10 12 2
0 13 3 4 6 8 10 14 2.13664
0 13 3 4 6 8 11 12 2
0 13 3 4 6 8 11 14 2.13664
0 13 3 4 6 8 12 14 2
0 13 3 4 6 9 10 11 2.28709
0 13 3 4 6 9 10 12 2.13664
0 13 3 4 6 9 10 14 2.28709
0 13 3 4 6 9 11 12 2.19089
0 13 3 4 6 9 11 14 2.32266
0 13 3 4 6 9 12 14 2.16025
0 13 3 4 6 10 11 12 2.13664
0 13 3 4 6 10 11 14 2.28709
0 13 3 4 6 10 12 14 2.13664
0 13 3 4 6 11 12 14 2.16025
0 13 3 4 7 8 9 10 1.62019
0 13 3 4 7 8 9 11 1.62019
0 13 3 4 7 8 9 12 1.41421
0 13 3 4 7 8 9 14 1.62019
0 13 3 4 7 8 10 11 1.62019
0 13 3 4 7 8 10 12 1.41421
0 13 3 4 7 8 10 14 1.62019
0 13 3 4 7 8 11 12 1.41421
0 13 3 4 7 8 11 14 1.62019
0 13 3 4 7 8 12 14 1.41421
0 13 3 4 7 9 10 11 1.85164
0 13 3 4 7 9 10 12 1.62019
0 13 3 4 7 9 10 14 1.85164
0 13 3 4 7 9 11 12 1.81265
0 13 3 4 7 9 11 14 1.93309
0 13 3 4 7 9 12 14 1.73205
0 13 3 4 7 10 11 12 1.62019
0 13 3 4 7 10 11 14 1.85164
0 13 3 4 7 10 12 14 1.62019
0 13 3 4 7 11 12 14 1.73205
0 13 3 4 8 9 10 11 2.13664
0 13 3 4 8 9 10 12 2
0 13 3 4 8 9 10 14 2.13664
0 13 3 4 8 9 11 12 2
0 13 3 4 8 9 11 14 2.13664
0 13 3 4 8 9 12 14 2
0 13 3 4 8 10 11 12 2
0 13 3 4 8 10 11 14 2.13664
0 13 3 4 8 10 12 14 2
0 13 3 4 8 11 12 14 2
0 13 3 4 9 10 11 12 2.13664
0 13 3 4 9 10 11 14 2.28709
0 13 3 4 9 10 12 14 2.13664
0 13 3 4 9 11 12 14 2.16025
0 13 3 4 10 11 12 14 2.13664
0 13 3 5 6 7 8 9 1.41421
0 13 3 5 6 7 8 10 1.41421
0 13 3 5 6 7 8 11 1.41421
0 13 3 5 6 7 8 12 1.41421
0 13 3 5 6 7 8 14 1.41421
0 13 3 5 6 7 9 10 1.73205
0 13 3 5 6 7 9 11 2
0 13 3 5 6 7 9 12 1.90693
0 13 3 5 6 7 9 14 1.90693
0 13 3 5 6 7 10 11 1.73205
0 13 3 5 6 7 10 12 1.41421
0 13 3 5 6 7 10 14 1.73205
0 13 3 5 6 7 11 12 1.90693
0 13 3 5 6 7 11 14 1.90693
0 13 3 5 6 7 12 14 1.73205
0 13 3 5 6 8 9 10 1.73205
0 13 3 5 6 8 9 11 1.73205
0 13 3 5 6 8 9 12 1.41421
0 13 3 5 6 8 9 14 1.73205
0 13 3 5 6 8 10 11 1.73205
0 13 3 5 6 8 10 12 1.41421
0 13 3 5 6 8 10 14 1.73205
0 13 3 5 6 8 11 12 1.41421
0 13 3 5 6 8 11 14 1.73205
0 13 3 5 6 8 12 14 1.41421
0 13 3 5 6 9 10 11 2
0 13 3 5 6 9 10 12 1.73205
0 13 3 5 6 9 10 14 2
0 13 3 5 6 9 11 12 2
0 13 3 5 6 9 11 14 2.10357
0 13 3 5 6 9 12 14 1.90693
0 13 3 5 6 10 11 12 1.73205
0 13 3 5 6 10 11 14 2
0 13 3 5 6 10 12 14 1.73205
0 13 3 5 6 11 12 14 1.90693
0 13 3 5 7 8 9 10 1.41421
0 13 3 5 7 8 9 11 1.41421
0 13 3 5 7 8 9 12 1.41421
0 13 3 5 7 8 9 14 1.41421
0 13 3 5 7 8 10 11 1.41421
0 13 3 5 7 8 10 12 1.41421
0 13 3 5 7 8 10 14 1.41421
0 13 3 5 7 8 11 12 1.41421
0 13 3 5 7 8 11 14 1.41421
0 13 3 5 7 8 12 14 1.41421
0 13 3 5 7 9 10 11 1.73205
0 13 3 5 7 9 10 12 1.41421
0 13 3 5 7 9 10 14 1.73205
0 13 3 5 7 9 11 12 1.90693
0 13 3 5 7 9 11 14 1.90693
0 13 3 5 7 9 12 14 1.73205
0 13 3 5 7 10 11 12 1.41421
0 13 3 5 7 10 11 14 1.73205
0 13 3 5 7 10 12 14 1.41421
0 13 3 5 7 11 12 14 1.73205
0 13 3 5 8 9 10 11 1.73205
0 13 3 5 8 9 10 12 1.41421
0 13 3 5 8 9 10 14 1.73205
0 13 3 5 8 9 11 12 1.41421
0 13 3 5 8 9 11 14 1.73205
0 13 3 5 8 9 12 14 1.41421
0 13 3 5 8 10 11 12 1.41421
0 13 3 5 8 10 11 14 1.73205
0 13 3 5 8 10 12 14 1.41421
0 13 3 5 8 11 12 14 1.41421
0 13 3 5 9 10 11 12 1.73205
0 13 3 5 9 10 11 14 2
0 13 3 5 9 10 12 14 1.73205
0 13 3 5 9 11 12 14 1.90693
0 13 3 5 10 11 12 14 1.73205
0 13 3 6 7 8 9 10 1.73205
0 13 3 6 7 8 9 11 2
0 13 3 6 7 8 9 12 1.81265
0 13 3 6 7 8 9 14 1.81265
0 13 3 6 7 8 10 11 1.73205
0 13 3 6 7 8 10 12 1.62019
0 13 3 6 7 8 10 14 1.73205
0 13 3 6 7 8 11 12 1.81265
0 13 3 6 7 8 11 14 1.81265
0 13 3 6 7 8 12 14 1.73205
0 13 3 6 7 9 10 11 1.90693
0 13 3 6 7 9 10 12 1.73205
0 13 3 6 7 9 10 14 1.90693
0 13 3 6 7 9 11 12 2.10639
0 13 3 6 7 9 11 14 2.10639
0 13 3 6 7 9 12 14 2
0 13 3 6 7 10 11 12 1.73205
0 13 3 6 7 10 11 14 1.90693
0 13 3 6 7 10 12 14 1.73205
0 13 3 6 7 11 12 14 2
0 13 3 6 8 9 10 11 2.23607
0 13 3 6 8 9 10 12 2.13664
0 13 3 6 8 9 10 14 2.23607
0 13 3 6 8 9 11 12 2.19089
0 13 3 6 8 9 11 14 2.26385
0 13 3 6 8 9 12 14 2.16025
0 13 3 6 8 10 11 12 2.13664
0 13 3 6 8 10 11 14 2.23607
0 13 3 6 8 10 12 14 2.13664
0 13 3 6 8 11 12 14 2.16025
0 13 3 6 9 10 11 12 2.23607
0 13 3 6 9 10 11 14 2.35488
0 13 3 6 9 10 12 14 2.23607
0 13 3 6 9 11 12 14 2.38048
0 13 3 6 10 11 12 14 2.23607
0 13 3 7 8 9 10 11 1.73205
0 13 3 7 8 9 10 12 1.62019
0 13 3 7 8 9 10 14 1.73205
0 13 3 7 8 9 11 12 1.81265
0 13 3 7 8 9 11 14 1.81265
0 13 3 7 8 9 12 14 1.73205
0 13 3 7 8 10 11 12 1.62019
0 13 3 7 8 10 11 14 1.73205
0 13 3 7 8 10 12 14 1.62019
0 13 3 7 8 11 12 14 1.73205
0 13 3 7 9 10 11 12 1.73205
0 13 3 7 9 10 11 14 1.90693
0 13 3 7 9 10 12 14 1.73205
0 13 3 7 9 11 12 14 2
0 13 3 7 10 11 12 14 1.73205
0 13 3 8 9 10 11 12 2.13664
0 13 3 8 9 10 11 14 2.23607
0 13 3 8 9 10 12 14 2.13664
0 13 3 8 9 11 12 14 2.16025
0 13 3 8 10 11 12 14 2.13664
0 13 3 9 10 11 12 14 2.23607
0 13 4 5 6 7 8 9 1.73205
0 13 4 5 6 7 8 10 1.73205
0 13 4 5 6 7 8 11 1.62019
0 13 4 5 6 7 8 12 1.62019
0 13 4 5 6 7 8 14 1.73205
0 13 4 5 6 7 9 10 1.90693
0 13 4 5 6 7 9 11 2
0 13 4 5 6 7 9 12 2
0 13 4 5 6 7 9 14 2
0 13 4 5 6 7 10 11 1.85164
0 13 4 5 6 7 10 12 1.73205
0 13 4 5 6 7 10 14 1.90693
0 13 4 5 6 7 11 12 1.81265
0 13 4 5 6 7 11 14 1.93309
0 13 4 5 6 7 12 14 1.81265
0 13 4 5 6 8 9 10 2.23607
0 13 4 5 6 8 9 11 2.13664
0 13 4 5 6 8 9 12 2.13664
0 13 4 5 6 8 9 14 2.23607
0 13 4 5 6 8 10 11 2.13664
0 13 4 5 6 8 10 12 2.13664
0 13 4 5 6 8 10 14 2.23607
0 13 4 5 6 8 11 12 2
0 13 4 5 6 8 11 14 2.13664
0 13 4 5 6 8 12 14 2.13664
0 13 4 5 6 9 10 11 2.28709
0 13 4 5 6 9 10 12 2.23607
0 13 4 5 6 9 10 14 2.35488
0 13 4 5 6 9 11 12 2.19089
0 13 4 5 6 9 11 14 2.32266
0 13 4 5 6 9 12 14 2.26385
0 13 4 5 6 10 11 12 2.13664
0 13 4 5 6 10 11 14 2.28709
0 13 4 5 6 10 12 14 2.23607
0 13 4 5 6 11 12 14 2.16025
0 13 4 5 7 8 9 10 1.81265
0 13 4 5 7 8 9 11 1.62019
0 13 4 5 7 8 9 12 1.73205
0 13 4 5 7 8 9 14 1.81265
0 13 4 5 7 8 10 11 1.62019
0 13 4 5 7 8 10 12 1.81265
0 13 4 5 7 8 10 14 2
0 13 4 5 7 8 11 12 1.41421
0 13 4 5 7 8 11 14 1.62019
0 13 4 5 7 8 12 14 1.81265
0 13 4 5 7 9 10 11 1.85164
0 13 4 5 7 9 10 12 1.81265
0 13 4 5 7 9 10 14 1.93309
0 13 4 5 7 9 11 12 1.81265
0 13 4 5 7 9 11 14 1.93309
0 13 4 5 7 9 12 14 2
0 13 4 5 7 10 11 12 1.62019
0 13 4 5 7 10 11 14 1.85164
0 13 4 5 7 10 12 14 2
0 13 4 5 7 11 12 14 1.73205
0 13 4 5 8 9 10 11 2.13664
0 13 4 5 8 9 10 12 2.16025
0 13 4 5 8 9 10 14 2.26385
0 13 4 5 8 9 11 12 2
0 13 4 5 8 9 11 14 2.13664
0 13 4 5 8 9 12 14 2.16025
0 13 4 5 8 10 11 12 2
0 13 4 5 8 10 11 14 2.13664
0 13 4 5 8 10 12 14 2.19089
0 13 4 5 8 11 12 14 2
0 13 4 5 9 10 11 12 2.13664
0 13 4 5 9 10 11 14 2.28709
0 13 4 5 9 10 12 14 2.26385
0 13 4 5 9 11 12 14 2.16025
0 13 4 5 10 11 12 14 2.13664
0 13 4 6 7 8 9 10 1.93309
0 13 4 6 7 8 9 11 1.85164
0 13 4 6 7 8 9 12 1.85164
0 13 4 6 7 8 9 14 1.93309
0 13 4 6 7 8 10 11 1.85164
0 13 4 6 7 8 10 12 1.85164
0 13 4 6 7 8 10 14 1.93309
0 13 4 6 7 8 11 12 1.73205
0 13 4 6 7 8 11 14 1.85164
0 13 4 6 7 8 12 14 1.85164
0 13 4 6 7 9 10 11 2.00294
0 13 4 6 7 9 10 12 1.93309
0 13 4 6 7 9 10 14 2.04939
0 13 4 6 7 9 11 12 1.93309
0 13 4 6 7 9 11 14 2.04939
0 13 4 6 7 9 12 14 2
0 13 4 6 7 10 11 12 1.85164
0 13 4 6 7 10 11 14 2.00294
0 13 4 6 7 10 12 14 1.93309
0 13 4 6 7 11 12 14 1.90693
0 13 4 6 8 9 10 11 2.52543
0 13 4 6 8 9 10 12 2.52543
0 13 4 6 8 9 10 14 2.58844
0 13 4 6 8 9 11 12 2.44949
0 13 4 6 8 9 11 14 2.52543
0 13 4 6 8 9 12 14 2.52543
0 13 4 6 8 10 11 12 2.44949
0 13 4 6 8 10 11 14 2.52543
0 13 4 6 8 10 12 14 2.52543
0 13 4 6 8 11 12 14 2.44949
0 13 4 6 9 10 11 12 2.52543
0 13 4 6 9 10 11 14 2.61406
0 13 4 6 9 10 12 14 2.58844
0 13 4 6 9 11 12 14 2.53722
0 13 4 6 10 11 12 14 2.52543
0 13 4 7 8 9 10 11 1.85164
0 13 4 7 8 9 10 12 1.90693
0 13 4 7 8 9 10 14 2
0 13 4 7 8 9 11 12 1.73205
0 13 4 7 8 9 11 14 1.85164
0 13 4 7 8 9 12 14 1.90693
0 13 4 7 8 10 11 12 1.73205
0 13 4 7 8 10 11 14 1.85164
0 13 4 7 8 10 12 14 1.93309
0 13 4 7 8 11 12 14 1.73205
0 13 4 7 9 10 11 12 1.85164
0 13 4 7 9 10 11 14 2.00294
0 13 4 7 9 10 12 14 2
0 13 4 7 9 11 12 14 1.90693
0 13 4 7 10 11 12 14 1.85164
0 13 4 8 9 10 11 12 2.44949
0 13 4 8 9 10 11 14 2.52543
0 13 4 8 9 10 12 14 2.53722
0 13 4 8 9 11 12 14 2.44949
0 13 4 8 10 11 12 14 2.44949
0 13 4 9 10 11 12 14 2.52543
0 13 5 6 7 8 9 10 1.73205
0 13 5 6 7 8 9 11 1.62019
0 13 5 6 7 8 9 12 1.62019
0 13 5 6 7 8 9 14 1.73205
0 13 5 6 7 8 10 11 1.62019
0 13 5 6 7 8 10 12 1.62019
0 13 5 6 7 8 10 14 1.73205
0 13 5 6 7 8 11 12 1.41421
0 13 5 6 7 8 11 14 1.62019
0 13 5 6 7 8 12 14 1.62019
0 13 5 6 7 9 10 11 1.85164
0 13 5 6 7 9 10 12 1.73205
0 13 5 6 7 9 10 14 1.90693
0 13 5 6 7 9 11 12 1.93309
0 13 5 6 7 9 11 14 2
0 13 5 6 7 9 12 14 2
0 13 5 6 7 10 11 12 1.62019
0 13 5 6 7 10 11 14 1.85164
0 13 5 6 7 10 12 14 1.73205
0 13 5 6 7 11 12 14 1.81265
0 13 5 6 8 9 10 11 2.13664
0 13 5 6 8 9 10 12 2.13664
0 13 5 6 8 9 10 14 2.23607
0 13 5 6 8 9 11 12 2
0 13 5 6 8 9 11 14 2.13664
0 13 5 6 8 9 12 14 2.13664
0 13 5 6 8 10 11 12 2
0 13 5 6 8 10 11 14 2.13664
0 13 5 6 8 10 12 14 2.13664
0 13 5 6 8 11 12 14 2
0 13 5 6 9 10 11 12 2.13664
0 13 5 6 9 10 11 14 2.28709
0 13 5 6 9 10 12 14 2.23607
0 13 5 6 9 11 12 14 2.19089
0 13 5 6 10 11 12 14 2.13664
0 13 5 7 8 9 10 11 1.62019
0 13 5 7 8 9 10 12 1.73205
0 13 5 7 8 9 10 14 1.81265
0 13 5 7 8 9 11 12 1.41421
0 13 5 7 8 9 11 14 1.62019
0 13 5 7 8 9 12 14 1.73205
0 13 5 7 8 10 11 12 1.41421
0 13 5 7 8 10 11 14 1.62019
0 13 5 7 8 10 12 14 1.81265
0 13 5 7 8 11 12 14 1.41421
0 13 5 7 9 10 11 12 1.62019
0 13 5 7 9 10 11 14 1.85164
0 13 5 7 9 10 12 14 1.81265
0 13 5 7 9 11 12 14 1.81265
0 13 5 7 10 11 12 14 1.62019
0 13 5 8 9 10 11 12 2
0 13 5 8 9 10 11 14 2.13664
0 13 5 8 9 10 12 14 2.16025
0 13 5 8 9 11 12 14 2
0 13 5 8 10 11 12 14 2
0 13 5 9 10 11 12 14 2.13664
0 13 6 7 8 9 10 11 1.93309
0 13 6 7 8 9 10 12 1.93309
0 13 6 7 8 9 10 14 2
0 13 6 7 8 9 11 12 1.93309
0 13 6 7 8 9 11 14 2
0 13 6 7 8 9 12 14 2
0 13 6 7 8 10 11 12 1.85164
0 13 6 7 8 10 11 14 1.93309
0 13 6 7 8 10 12 14 1.93309
0 13 6 7 8 11 12 14 1.90693
0 13 6 7 9 10 11 12 1.93309
0 13 6 7 9 10 11 14 2.04939
0 13 6 7 9 10 12 14 2
0 13 6 7 9 11 12 14 2.10639
0 13 6 7 10 11 12 14 1.93309
0 13 6 8 9 10 11 12 2.52543
0 13 6 8 9 10 11 14 2.58844
0 13 6 8 9 10 12 14 2.58844
0 13 6 8 9 11 12 14 2.53722
0 13 6 8 10 11 12 14 2.52543
0 13 6 9 10 11 12 14 2.58844
0 13 7 8 9 10 11 12 1.85164
0 13 7 8 9 10 11 14 1.93309
0 13 7 8 9 10 12 14 2
0 13 7 8 9 11 12 14 1.90693
0 13 7 8 10 11 12 14 1.85164
0 13 7 9 10 11 12 14 1.93309
0 13 8 9 10 11 12 14 2.52543
