1 3 0 2 1.90693
1 3 0 4 1.41421
1 3 0 5 1.73205
1 3 0 6 2
1 3 0 7 1.90693
1 3 0 8 1.90693
1 3 0 9 2
1 3 0 10 1.73205
1 3 0 11 2
1 3 0 12 2
1 3 0 13 2
1 3 0 14 1.90693
1 3 2 4 1.41421
1 3 2 5 1.73205
1 3 2 6 1.90693
1 3 2 7 1.85164
1 3 2 8 1.73205
1 3 2 9 1.90693
1 3 2 10 1.41421
1 3 2 11 1.90693
1 3 2 12 1.90693
1 3 2 13 1.90693
1 3 2 14 1.73205
1 3 4 5 1.41421
1 3 4 6 1.41421
1 3 4 7 1.41421
1 3 4 8 1.41421
1 3 4 9 1.41421
1 3 4 10 1.41421
1 3 4 11 1.41421
1 3 4 12 1.41421
1 3 4 13 1.41421
1 3 4 14 1.41421
1 3 5 6 1.73205
1 3 5 7 1.73205
1 3 5 8 1.41421
1 3 5 9 1.73205
1 3 5 10 1.41421
1 3 5 11 1.73205
1 3 5 12 1.73205
1 3 5 13 1.73205
1 3 5 14 1.41421
1 3 6 7 1.90693
1 3 6 8 1.90693
1 3 6 9 2
1 3 6 10 1.73205
1 3 6 11 2
1 3 6 12 2
1 3 6 13 2
1 3 6 14 1.90693
1 3 7 8 1.73205
1 3 7 9 1.90693
1 3 7 10 1.41421
1 3 7 11 1.90693
1 3 7 12 1.90693
1 3 7 13 1.90693
1 3 7 14 1.73205
1 3 8 9 1.90693
1 3 8 10 1.73205
1 3 8 11 1.90693
1 3 8 12 1.90693
1 3 8 13 1.90693
1 3 8 14 1.85164
1 3 9 10 1.73205
1 3 9 11 2
1 3 9 12 2
1 3 9 13 2
1 3 9 14 1.90693
1 3 10 11 1.73205
1 3 10 12 1.73205
1 3 10 13 1.73205
1 3 10 14 1.73205
1 3 11 12 2
1 3 11 13 2
1 3 11 14 1.90693
1 3 12 13 2
1 3 12 14 1.90693
1 3 13 14 1.90693
