4 10 0 1 2 3 5 6 7 8 9 11 0
4 10 0 1 2 3 5 6 7 8 9 12 0
4 10 0 1 2 3 5 6 7 8 9 13 0
4 10 0 1 2 3 5 6 7 8 9 14 0
4 10 0 1 2 3 5 6 7 8 11 12 0
4 10 0 1 2 3 5 6 7 8 11 13 0
4 10 0 1 2 3 5 6 7 8 11 14 0
4 10 0 1 2 3 5 6 7 8 12 13 0
4 10 0 1 2 3 5 6 7 8 12 14 0
4 10 0 1 2 3 5 6 7 8 13 14 0
4 10 0 1 2 3 5 6 7 9 11 12 0
4 10 0 1 2 3 5 6 7 9 11 13 0
4 10 0 1 2 3 5 6 7 9 11 14 0
4 10 0 1 2 3 5 6 7 9 12 13 0
4 10 0 1 2 3 5 6 7 9 12 14 0
4 10 0 1 2 3 5 6 7 9 13 14 0
4 10 0 1 2 3 5 6 7 11 12 13 0
4 10 0 1 2 3 5 6 7 11 12 14 0
4 10 0 1 2 3 5 6 7 11 13 14 0
4 10 0 1 2 3 5 6 7 12 13 14 0
4 10 0 1 2 3 5 6 8 9 11 12 0
4 10 0 1 2 3 5 6 8 9 11 13 0
4 10 0 1 2 3 5 6 8 9 11 14 0
4 10 0 1 2 3 5 6 8 9 12 13 0
4 10 0 1 2 3 5 6 8 9 12 14 0
4 10 0 1 2 3 5 6 8 9 13 14 0
4 10 0 1 2 3 5 6 8 11 12 13 0
4 10 0 1 2 3 5 6 8 11 12 14 0
4 10 0 1 2 3 5 6 8 11 13 14 0
4 10 0 1 2 3 5 6 8 12 13 14 0
4 10 0 1 2 3 5 6 9 11 12 13 0
4 10 0 1 2 3 5 6 9 11 12 14 0
4 10 0 1 2 3 5 6 9 11 13 14 0
4 10 0 1 2 3 5 6 9 12 13 14 0
4 10 0 1 2 3 5 6 11 12 13 14 0
4 10 0 1 2 3 5 7 8 9 11 12 0
4 10 0 1 2 3 5 7 8 9 11 13 0
4 10 0 1 2 3 5 7 8 9 11 14 0
4 10 0 1 2 3 5 7 8 9 12 13 1
4 10 0 1 2 3 5 7 8 9 12 14 1
4 10 0 1 2 3 5 7 8 9 13 14 1
4 10 0 1 2 3 5 7 8 11 12 13 1
4 10 0 1 2 3 5 7 8 11 12 14 1
4 10 0 1 2 3 5 7 8 11 13 14 1
4 10 0 1 2 3 5 7 8 12 13 14 1.41421
4 10 0 1 2 3 5 7 9 11 12 13 0
4 10 0 1 2 3 5 7 9 11 12 14 0
4 10 0 1 2 3 5 7 9 11 13 14 0
4 10 0 1 2 3 5 7 9 12 13 14 1
4 10 0 1 2 3 5 7 11 12 13 14 1
4 10 0 1 2 3 5 8 9 11 12 13 0
4 10 0 1 2 3 5 8 9 11 12 14 0
4 10 0 1 2 3 5 8 9 11 13 14 0
4 10 0 1 2 3 5 8 9 12 13 14 1
4 10 0 1 2 3 5 8 11 12 13 14 1
4 10 0 1 2 3 5 9 11 12 13 14 0
4 10 0 1 2 3 6 7 8 9 11 12 0
4 10 0 1 2 3 6 7 8 9 11 13 0
4 10 0 1 2 3 6 7 8 9 11 14 0
4 10 0 1 2 3 6 7 8 9 12 13 0
4 10 0 1 2 3 6 7 8 9 12 14 0
4 10 0 1 2 3 6 7 8 9 13 14 0
4 10 0 1 2 3 6 7 8 11 12 13 0
4 10 0 1 2 3 6 7 8 11 12 14 0
4 10 0 1 2 3 6 7 8 11 13 14 0
4 10 0 1 2 3 6 7 8 12 13 14 0
4 10 0 1 2 3 6 7 9 11 12 13 0
4 10 0 1 2 3 6 7 9 11 12 14 0
4 10 0 1 2 3 6 7 9 11 13 14 0
4 10 0 1 2 3 6 7 9 12 13 14 0
4 10 0 1 2 3 6 7 11 12 13 14 0
4 10 0 1 2 3 6 8 9 11 12 13 1
4 10 0 1 2 3 6 8 9 11 12 14 1
4 10 0 1 2 3 6 8 9 11 13 14 1
4 10 0 1 2 3 6 8 9 12 13 14 1
4 10 0 1 2 3 6 8 11 12 13 14 1
4 10 0 1 2 3 6 9 11 12 13 14 1
4 10 0 1 2 3 7 8 9 11 12 13 0
4 10 0 1 2 3 7 8 9 11 12 14 0
4 10 0 1 2 3 7 8 9 11 13 14 0
4 10 0 1 2 3 7 8 9 12 13 14 1
4 10 0 1 2 3 7 8 11 12 13 14 1
4 10 0 1 2 3 7 9 11 12 13 14 0
4 10 0 1 2 3 8 9 11 12 13 14 1
4 10 0 1 2 5 6 7 8 9 11 12 0
4 10 0 1 2 5 6 7 8 9 11 13 0
4 10 0 1 2 5 6 7 8 9 11 14 0
4 10 0 1 2 5 6 7 8 9 12 13 1
4 10 0 1 2 5 6 7 8 9 12 14 1
4 10 0 1 2 5 6 7 8 9 13 14 1
4 10 0 1 2 5 6 7 8 11 12 13 0
4 10 0 1 2 5 6 7 8 11 12 14 0
4 10 0 1 2 5 6 7 8 11 13 14 0
4 10 0 1 2 5 6 7 8 12 13 14 1
4 10 0 1 2 5 6 7 9 11 12 13 0
4 10 0 1 2 5 6 7 9 11 12 14 0
4 10 0 1 2 5 6 7 9 11 13 14 0
4 10 0 1 2 5 6 7 9 12 13 14 1
4 10 0 1 2 5 6 7 11 12 13 14 0
4 10 0 1 2 5 6 8 9 11 12 13 1
4 10 0 1 2 5 6 8 9 11 12 14 1
4 10 0 1 2 5 6 8 9 11 13 14 1
4 10 0 1 2 5 6 8 9 12 13 14 1.41421
4 10 0 1 2 5 6 8 11 12 13 14 1
4 10 0 1 2 5 6 9 11 12 13 14 1
4 10 0 1 2 5 7 8 9 11 12 13 0
4 10 0 1 2 5 7 8 9 11 12 14 0
4 10 0 1 2 5 7 8 9 11 13 14 0
4 10 0 1 2 5 7 8 9 12 13 14 1.41421
4 10 0 1 2 5 7 8 11 12 13 14 1
4 10 0 1 2 5 7 9 11 12 13 14 0
4 10 0 1 2 5 8 9 11 12 13 14 1
4 10 0 1 2 6 7 8 9 11 12 13 0
4 10 0 1 2 6 7 8 9 11 12 14 0
4 10 0 1 2 6 7 8 9 11 13 14 0
4 10 0 1 2 6 7 8 9 12 13 14 1
4 10 0 1 2 6 7 8 11 12 13 14 0
4 10 0 1 2 6 7 9 11 12 13 14 0
4 10 0 1 2 6 8 9 11 12 13 14 1.41421
4 10 0 1 2 7 8 9 11 12 13 14 0
4 10 0 1 3 5 6 7 8 9 11 12 0
4 10 0 1 3 5 6 7 8 9 11 13 0
4 10 0 1 3 5 6 7 8 9 11 14 0
4 10 0 1 3 5 6 7 8 9 12 13 0
4 10 0 1 3 5 6 7 8 9 12 14 0
4 10 0 1 3 5 6 7 8 9 13 14 0
4 10 0 1 3 5 6 7 8 11 12 13 0
4 10 0 1 3 5 6 7 8 11 12 14 0
4 10 0 1 3 5 6 7 8 11 13 14 0
4 10 0 1 3 5 6 7 8 12 13 14 0
4 10 0 1 3 5 6 7 9 11 12 13 0
4 10 0 1 3 5 6 7 9 11 12 14 0
4 10 0 1 3 5 6 7 9 11 13 14 0
4 10 0 1 3 5 6 7 9 12 13 14 0
4 10 0 1 3 5 6 7 11 12 13 14 0
4 10 0 1 3 5 6 8 9 11 12 13 0
4 10 0 1 3 5 6 8 9 11 12 14 0
4 10 0 1 3 5 6 8 9 11 13 14 0
4 10 0 1 3 5 6 8 9 12 13 14 0
4 10 0 1 3 5 6 8 11 12 13 14 0
4 10 0 1 3 5 6 9 11 12 13 14 0
4 10 0 1 3 5 7 8 9 11 12 13 0
4 10 0 1 3 5 7 8 9 11 12 14 0
4 10 0 1 3 5 7 8 9 11 13 14 0
4 10 0 1 3 5 7 8 9 12 13 14 1
4 10 0 1 3 5 7 8 11 12 13 14 1
4 10 0 1 3 5 7 9 11 12 13 14 0
4 10 0 1 3 5 8 9 11 12 13 14 0
4 10 0 1 3 6 7 8 9 11 12 13 1
4 10 0 1 3 6 7 8 9 11 12 14 1
4 10 0 1 3 6 7 8 9 11 13 14 1
4 10 0 1 3 6 7 8 9 12 13 14 1
4 10 0 1 3 6 7 8 11 12 13 14 1
4 10 0 1 3 6 7 9 11 12 13 14 1
4 10 0 1 3 6 8 9 11 12 13 14 1.41421
4 10 0 1 3 7 8 9 11 12 13 14 1
4 10 0 1 5 6 7 8 9 11 12 13 1
4 10 0 1 5 6 7 8 9 11 12 14 1
4 10 0 1 5 6 7 8 9 11 13 14 1
4 10 0 1 5 6 7 8 9 12 13 14 1.41421
4 10 0 1 5 6 7 8 11 12 13 14 1
4 10 0 1 5 6 7 9 11 12 13 14 1
4 10 0 1 5 6 8 9 11 12 13 14 1.41421
4 10 0 1 5 7 8 9 11 12 13 14 1
4 10 0 1 6 7 8 9 11 12 13 14 1.41421
4 10 0 2 3 5 6 7 8 9 11 12 1
4 10 0 2 3 5 6 7 8 9 11 13 1
4 10 0 2 3 5 6 7 8 9 11 14 1.41421
4 10 0 2 3 5 6 7 8 9 12 13 0
4 10 0 2 3 5 6 7 8 9 12 14 1
4 10 0 2 3 5 6 7 8 9 13 14 1
4 10 0 2 3 5 6 7 8 11 12 13 0
4 10 0 2 3 5 6 7 8 11 12 14 1
4 10 0 2 3 5 6 7 8 11 13 14 1
4 10 0 2 3 5 6 7 8 12 13 14 0
4 10 0 2 3 5 6 7 9 11 12 13 1
4 10 0 2 3 5 6 7 9 11 12 14 1.41421
4 10 0 2 3 5 6 7 9 11 13 14 1.41421
4 10 0 2 3 5 6 7 9 12 13 14 1
4 10 0 2 3 5 6 7 11 12 13 14 1
4 10 0 2 3 5 6 8 9 11 12 13 1
4 10 0 2 3 5 6 8 9 11 12 14 1.41421
4 10 0 2 3 5 6 8 9 11 13 14 1.41421
4 10 0 2 3 5 6 8 9 12 13 14 1
4 10 0 2 3 5 6 8 11 12 13 14 1
4 10 0 2 3 5 6 9 11 12 13 14 1.41421
4 10 0 2 3 5 7 8 9 11 12 13 0
4 10 0 2 3 5 7 8 9 11 12 14 1
4 10 0 2 3 5 7 8 9 11 13 14 1
4 10 0 2 3 5 7 8 9 12 13 14 1
4 10 0 2 3 5 7 8 11 12 13 14 1
4 10 0 2 3 5 7 9 11 12 13 14 1
4 10 0 2 3 5 8 9 11 12 13 14 1
4 10 0 2 3 6 7 8 9 11 12 13 0
4 10 0 2 3 6 7 8 9 11 12 14 1
4 10 0 2 3 6 7 8 9 11 13 14 1
4 10 0 2 3 6 7 8 9 12 13 14 0
4 10 0 2 3 6 7 8 11 12 13 14 0
4 10 0 2 3 6 7 9 11 12 13 14 1
4 10 0 2 3 6 8 9 11 12 13 14 1.41421
4 10 0 2 3 7 8 9 11 12 13 14 0
4 10 0 2 5 6 7 8 9 11 12 13 0
4 10 0 2 5 6 7 8 9 11 12 14 1
4 10 0 2 5 6 7 8 9 11 13 14 1
4 10 0 2 5 6 7 8 9 12 13 14 1
4 10 0 2 5 6 7 8 11 12 13 14 0
4 10 0 2 5 6 7 9 11 12 13 14 1
4 10 0 2 5 6 8 9 11 12 13 14 1.41421
4 10 0 2 5 7 8 9 11 12 13 14 0
4 10 0 2 6 7 8 9 11 12 13 14 0
4 10 0 3 5 6 7 8 9 11 12 13 1
4 10 0 3 5 6 7 8 9 11 12 14 1.41421
4 10 0 3 5 6 7 8 9 11 13 14 1.41421
4 10 0 3 5 6 7 8 9 12 13 14 1
4 10 0 3 5 6 7 8 11 12 13 14 1
4 10 0 3 5 6 7 9 11 12 13 14 1.41421
4 10 0 3 5 6 8 9 11 12 13 14 1.41421
4 10 0 3 5 7 8 9 11 12 13 14 1
4 10 0 3 6 7 8 9 11 12 13 14 1.41421
4 10 0 5 6 7 8 9 11 12 13 14 1.41421
4 10 1 2 3 5 6 7 8 9 11 12 1
4 10 1 2 3 5 6 7 8 9 11 13 0
4 10 1 2 3 5 6 7 8 9 11 14 1
4 10 1 2 3 5 6 7 8 9 12 13 0
4 10 1 2 3 5 6 7 8 9 12 14 1
4 10 1 2 3 5 6 7 8 9 13 14 0
4 10 1 2 3 5 6 7 8 11 12 13 0
4 10 1 2 3 5 6 7 8 11 12 14 1
4 10 1 2 3 5 6 7 8 11 13 14 0
4 10 1 2 3 5 6 7 8 12 13 14 0
4 10 1 2 3 5 6 7 9 11 12 13 0
4 10 1 2 3 5 6 7 9 11 12 14 1
4 10 1 2 3 5 6 7 9 11 13 14 0
4 10 1 2 3 5 6 7 9 12 13 14 0
4 10 1 2 3 5 6 7 11 12 13 14 0
4 10 1 2 3 5 6 8 9 11 12 13 0
4 10 1 2 3 5 6 8 9 11 12 14 1
4 10 1 2 3 5 6 8 9 11 13 14 0
4 10 1 2 3 5 6 8 9 12 13 14 0
4 10 1 2 3 5 6 8 11 12 13 14 0
4 10 1 2 3 5 6 9 11 12 13 14 0
4 10 1 2 3 5 7 8 9 11 12 13 0
4 10 1 2 3 5 7 8 9 11 12 14 1
4 10 1 2 3 5 7 8 9 11 13 14 0
4 10 1 2 3 5 7 8 9 12 13 14 1
4 10 1 2 3 5 7 8 11 12 13 14 1
4 10 1 2 3 5 7 9 11 12 13 14 0
4 10 1 2 3 5 8 9 11 12 13 14 0
4 10 1 2 3 6 7 8 9 11 12 13 0
4 10 1 2 3 6 7 8 9 11 12 14 1
4 10 1 2 3 6 7 8 9 11 13 14 0
4 10 1 2 3 6 7 8 9 12 13 14 0
4 10 1 2 3 6 7 8 11 12 13 14 0
4 10 1 2 3 6 7 9 11 12 13 14 0
4 10 1 2 3 6 8 9 11 12 13 14 1
4 10 1 2 3 7 8 9 11 12 13 14 0
4 10 1 2 5 6 7 8 9 11 12 13 0
4 10 1 2 5 6 7 8 9 11 12 14 1
4 10 1 2 5 6 7 8 9 11 13 14 0
4 10 1 2 5 6 7 8 9 12 13 14 1
4 10 1 2 5 6 7 8 11 12 13 14 0
4 10 1 2 5 6 7 9 11 12 13 14 0
4 10 1 2 5 6 8 9 11 12 13 14 1
4 10 1 2 5 7 8 9 11 12 13 14 0
4 10 1 2 6 7 8 9 11 12 13 14 0
4 10 1 3 5 6 7 8 9 11 12 13 0
4 10 1 3 5 6 7 8 9 11 12 14 1
4 10 1 3 5 6 7 8 9 11 13 14 0
4 10 1 3 5 6 7 8 9 12 13 14 0
4 10 1 3 5 6 7 8 11 12 13 14 0
4 10 1 3 5 6 7 9 11 12 13 14 0
4 10 1 3 5 6 8 9 11 12 13 14 0
4 10 1 3 5 7 8 9 11 12 13 14 0
4 10 1 3 6 7 8 9 11 12 13 14 1
4 10 1 5 6 7 8 9 11 12 13 14 1
4 10 2 3 5 6 7 8 9 11 12 13 0
4 10 2 3 5 6 7 8 9 11 12 14 1.41421
4 10 2 3 5 6 7 8 9 11 13 14 1
4 10 2 3 5 6 7 8 9 12 13 14 0
4 10 2 3 5 6 7 8 11 12 13 14 0
4 10 2 3 5 6 7 9 11 12 13 14 1
4 10 2 3 5 6 8 9 11 12 13 14 1
4 10 2 3 5 7 8 9 11 12 13 14 0
4 10 2 3 6 7 8 9 11 12 13 14 0
4 10 2 5 6 7 8 9 11 12 13 14 0
4 10 3 5 6 7 8 9 11 12 13 14 1
