1 8 0 2 2
1 8 0 3 1.90693
1 8 0 4 2.19089
1 8 0 5 1.90693
1 8 0 6 2.28446
1 8 0 7 2
1 8 0 9 2.3094
1 8 0 10 2.28446
1 8 0 11 2.19089
1 8 0 12 2.38048
1 8 0 13 2.38048
1 8 0 14 2.3094
1 8 2 3 1.73205
1 8 2 4 1.81265
1 8 2 5 1.73205
1 8 2 6 2
1 8 2 7 1.62019
1 8 2 9 2
1 8 2 10 2
1 8 2 11 1.81265
1 8 2 12 2
1 8 2 13 2
1 8 2 14 2
1 8 3 4 1.41421
1 8 3 5 1.41421
1 8 3 6 1.90693
1 8 3 7 1.73205
1 8 3 9 1.90693
1 8 3 10 1.73205
1 8 3 11 1.90693
1 8 3 12 1.90693
1 8 3 13 1.90693
1 8 3 14 1.85164
1 8 4 5 1.90693
1 8 4 6 2.13664
1 8 4 7 1.81265
1 8 4 9 2.16025
1 8 4 10 2.19089
1 8 4 11 2
1 8 4 12 2.19089
1 8 4 13 2.19089
1 8 4 14 2.19089
1 8 5 6 1.73205
1 8 5 7 1.73205
1 8 5 9 1.85164
1 8 5 10 1.90693
1 8 5 11 1.41421
1 8 5 12 1.90693
1 8 5 13 1.90693
1 8 5 14 1.90693
1 8 6 7 2
1 8 6 9 2.28446
1 8 6 10 2.23607
1 8 6 11 2.19089
1 8 6 12 2.28446
1 8 6 13 2.28446
1 8 6 14 2.26385
1 8 7 9 2
1 8 7 10 2
1 8 7 11 1.81265
1 8 7 12 2
1 8 7 13 2
1 8 7 14 2
1 8 9 10 2.26385
1 8 9 11 2.19089
1 8 9 12 2.3094
1 8 9 13 2.3094
1 8 9 14 2.3094
1 8 10 11 2.13664
1 8 10 12 2.28446
1 8 10 13 2.28446
1 8 10 14 2.28446
1 8 11 12 2.19089
1 8 11 13 2.19089
1 8 11 14 2.16025
1 8 12 13 2.38048
1 8 12 14 2.3094
1 8 13 14 2.3094
