2 13 0 1 3 4 5 6 7 1.41421
2 13 0 1 3 4 5 6 8 1
2 13 0 1 3 4 5 6 9 1.41421
2 13 0 1 3 4 5 6 10 0
2 13 0 1 3 4 5 6 11 1.41421
2 13 0 1 3 4 5 6 12 1.41421
2 13 0 1 3 4 5 6 14 1
2 13 0 1 3 4 5 7 8 1.41421
2 13 0 1 3 4 5 7 9 1.41421
2 13 0 1 3 4 5 7 10 1.41421
2 13 0 1 3 4 5 7 11 1.41421
2 13 0 1 3 4 5 7 12 1.41421
2 13 0 1 3 4 5 7 14 1.41421
2 13 0 1 3 4 5 8 9 1
2 13 0 1 3 4 5 8 10 1.41421
2 13 0 1 3 4 5 8 11 1
2 13 0 1 3 4 5 8 12 1.41421
2 13 0 1 3 4 5 8 14 1.41421
2 13 0 1 3 4 5 9 10 1
2 13 0 1 3 4 5 9 11 1.41421
2 13 0 1 3 4 5 9 12 1.41421
2 13 0 1 3 4 5 9 14 1
2 13 0 1 3 4 5 10 11 1
2 13 0 1 3 4 5 10 12 1.41421
2 13 0 1 3 4 5 10 14 1.41421
2 13 0 1 3 4 5 11 12 1.41421
2 13 0 1 3 4 5 11 14 1
2 13 0 1 3 4 5 12 14 1.41421
2 13 0 1 3 4 6 7 8 1
2 13 0 1 3 4 6 7 9 1.41421
2 13 0 1 3 4 6 7 10 0
2 13 0 1 3 4 6 7 11 1.41421
2 13 0 1 3 4 6 7 12 1.41421
2 13 0 1 3 4 6 7 14 1
2 13 0 1 3 4 6 8 9 1
2 13 0 1 3 4 6 8 10 1
2 13 0 1 3 4 6 8 11 1
2 13 0 1 3 4 6 8 12 1
2 13 0 1 3 4 6 8 14 1
2 13 0 1 3 4 6 9 10 1
2 13 0 1 3 4 6 9 11 1.41421
2 13 0 1 3 4 6 9 12 1.41421
2 13 0 1 3 4 6 9 14 1
2 13 0 1 3 4 6 10 11 1
2 13 0 1 3 4 6 10 12 1
2 13 0 1 3 4 6 10 14 1
2 13 0 1 3 4 6 11 12 1.41421
2 13 0 1 3 4 6 11 14 1
2 13 0 1 3 4 6 12 14 1
2 13 0 1 3 4 7 8 9 1
2 13 0 1 3 4 7 8 10 1.41421
2 13 0 1 3 4 7 8 11 1
2 13 0 1 3 4 7 8 12 1.41421
2 13 0 1 3 4 7 8 14 1.41421
2 13 0 1 3 4 7 9 10 1
2 13 0 1 3 4 7 9 11 1.41421
2 13 0 1 3 4 7 9 12 1.41421
2 13 0 1 3 4 7 9 14 1
2 13 0 1 3 4 7 10 11 1
2 13 0 1 3 4 7 10 12 1.41421
2 13 0 1 3 4 7 10 14 1.41421
2 13 0 1 3 4 7 11 12 1.41421
2 13 0 1 3 4 7 11 14 1
2 13 0 1 3 4 7 12 14 1.41421
2 13 0 1 3 4 8 9 10 1
2 13 0 1 3 4 8 9 11 1
2 13 0 1 3 4 8 9 12 1
2 13 0 1 3 4 8 9 14 1
2 13 0 1 3 4 8 10 11 1
2 13 0 1 3 4 8 10 12 1.41421
2 13 0 1 3 4 8 10 14 1.41421
2 13 0 1 3 4 8 11 12 1
2 13 0 1 3 4 8 11 14 1
2 13 0 1 3 4 8 12 14 1.41421
2 13 0 1 3 4 9 10 11 1
2 13 0 1 3 4 9 10 12 1
2 13 0 1 3 4 9 10 14 1
2 13 0 1 3 4 9 11 12 1.41421
2 13 0 1 3 4 9 11 14 1
2 13 0 1 3 4 9 12 14 1
2 13 0 1 3 4 10 11 12 1
2 13 0 1 3 4 10 11 14 1
2 13 0 1 3 4 10 12 14 1.41421
2 13 0 1 3 4 11 12 14 1
2 13 0 1 3 5 6 7 8 1.41421
2 13 0 1 3 5 6 7 9 1.73205
2 13 0 1 3 5 6 7 10 0
2 13 0 1 3 5 6 7 11 1.73205
2 13 0 1 3 5 6 7 12 1.73205
2 13 0 1 3 5 6 7 14 1.41421
2 13 0 1 3 5 6 8 9 1.41421
2 13 0 1 3 5 6 8 10 0
2 13 0 1 3 5 6 8 11 1.41421
2 13 0 1 3 5 6 8 12 1.41421
2 13 0 1 3 5 6 8 14 1
2 13 0 1 3 5 6 9 10 0
2 13 0 1 3 5 6 9 11 1.73205
2 13 0 1 3 5 6 9 12 1.73205
2 13 0 1 3 5 6 9 14 1.41421
2 13 0 1 3 5 6 10 11 0
2 13 0 1 3 5 6 10 12 0
2 13 0 1 3 5 6 10 14 0
2 13 0 1 3 5 6 11 12 1.73205
2 13 0 1 3 5 6 11 14 1.41421
2 13 0 1 3 5 6 12 14 1.41421
2 13 0 1 3 5 7 8 9 1.41421
2 13 0 1 3 5 7 8 10 1.41421
2 13 0 1 3 5 7 8 11 1.41421
2 13 0 1 3 5 7 8 12 1.41421
2 13 0 1 3 5 7 8 14 1.41421
2 13 0 1 3 5 7 9 10 1
2 13 0 1 3 5 7 9 11 1.73205
2 13 0 1 3 5 7 9 12 1.73205
2 13 0 1 3 5 7 9 14 1.41421
2 13 0 1 3 5 7 10 11 1
2 13 0 1 3 5 7 10 12 1.41421
2 13 0 1 3 5 7 10 14 1.41421
2 13 0 1 3 5 7 11 12 1.73205
2 13 0 1 3 5 7 11 14 1.41421
2 13 0 1 3 5 7 12 14 1.41421
2 13 0 1 3 5 8 9 10 1
2 13 0 1 3 5 8 9 11 1.41421
2 13 0 1 3 5 8 9 12 1.41421
2 13 0 1 3 5 8 9 14 1
2 13 0 1 3 5 8 10 11 1
2 13 0 1 3 5 8 10 12 1.41421
2 13 0 1 3 5 8 10 14 1.41421
2 13 0 1 3 5 8 11 12 1.41421
2 13 0 1 3 5 8 11 14 1
2 13 0 1 3 5 8 12 14 1.41421
2 13 0 1 3 5 9 10 11 0
2 13 0 1 3 5 9 10 12 1
2 13 0 1 3 5 9 10 14 1
2 13 0 1 3 5 9 11 12 1.73205
2 13 0 1 3 5 9 11 14 1.41421
2 13 0 1 3 5 9 12 14 1.41421
2 13 0 1 3 5 10 11 12 1
2 13 0 1 3 5 10 11 14 1
2 13 0 1 3 5 10 12 14 1.41421
2 13 0 1 3 5 11 12 14 1.41421
2 13 0 1 3 6 7 8 9 1.62019
2 13 0 1 3 6 7 8 10 1
2 13 0 1 3 6 7 8 11 1.62019
2 13 0 1 3 6 7 8 12 1.62019
2 13 0 1 3 6 7 8 14 1.41421
2 13 0 1 3 6 7 9 10 1
2 13 0 1 3 6 7 9 11 1.85164
2 13 0 1 3 6 7 9 12 1.85164
2 13 0 1 3 6 7 9 14 1.62019
2 13 0 1 3 6 7 10 11 1
2 13 0 1 3 6 7 10 12 1
2 13 0 1 3 6 7 10 14 1
2 13 0 1 3 6 7 11 12 1.85164
2 13 0 1 3 6 7 11 14 1.62019
2 13 0 1 3 6 7 12 14 1.62019
2 13 0 1 3 6 8 9 10 1.41421
2 13 0 1 3 6 8 9 11 1.73205
2 13 0 1 3 6 8 9 12 1.73205
2 13 0 1 3 6 8 9 14 1.62019
2 13 0 1 3 6 8 10 11 1.41421
2 13 0 1 3 6 8 10 12 1.41421
2 13 0 1 3 6 8 10 14 1.41421
2 13 0 1 3 6 8 11 12 1.73205
2 13 0 1 3 6 8 11 14 1.62019
2 13 0 1 3 6 8 12 14 1.62019
2 13 0 1 3 6 9 10 11 1.41421
2 13 0 1 3 6 9 10 12 1.41421
2 13 0 1 3 6 9 10 14 1.41421
2 13 0 1 3 6 9 11 12 1.90693
2 13 0 1 3 6 9 11 14 1.73205
2 13 0 1 3 6 9 12 14 1.73205
2 13 0 1 3 6 10 11 12 1.41421
2 13 0 1 3 6 10 11 14 1.41421
2 13 0 1 3 6 10 12 14 1.41421
2 13 0 1 3 6 11 12 14 1.73205
2 13 0 1 3 7 8 9 10 1
2 13 0 1 3 7 8 9 11 1.62019
2 13 0 1 3 7 8 9 12 1.62019
2 13 0 1 3 7 8 9 14 1.41421
2 13 0 1 3 7 8 10 11 1
2 13 0 1 3 7 8 10 12 1.41421
2 13 0 1 3 7 8 10 14 1.41421
2 13 0 1 3 7 8 11 12 1.62019
2 13 0 1 3 7 8 11 14 1.41421
2 13 0 1 3 7 8 12 14 1.41421
2 13 0 1 3 7 9 10 11 1
2 13 0 1 3 7 9 10 12 1
2 13 0 1 3 7 9 10 14 1
2 13 0 1 3 7 9 11 12 1.85164
2 13 0 1 3 7 9 11 14 1.62019
2 13 0 1 3 7 9 12 14 1.62019
2 13 0 1 3 7 10 11 12 1
2 13 0 1 3 7 10 11 14 1
2 13 0 1 3 7 10 12 14 1.41421
2 13 0 1 3 7 11 12 14 1.62019
2 13 0 1 3 8 9 10 11 1.41421
2 13 0 1 3 8 9 10 12 1.41421
2 13 0 1 3 8 9 10 14 1.41421
2 13 0 1 3 8 9 11 12 1.73205
2 13 0 1 3 8 9 11 14 1.62019
2 13 0 1 3 8 9 12 14 1.62019
2 13 0 1 3 8 10 11 12 1.41421
2 13 0 1 3 8 10 11 14 1.41421
2 13 0 1 3 8 10 12 14 1.41421
2 13 0 1 3 8 11 12 14 1.62019
2 13 0 1 3 9 10 11 12 1.41421
2 13 0 1 3 9 10 11 14 1.41421
2 13 0 1 3 9 10 12 14 1.41421
2 13 0 1 3 9 11 12 14 1.73205
2 13 0 1 3 10 11 12 14 1.41421
2 13 0 1 4 5 6 7 8 1
2 13 0 1 4 5 6 7 9 1.41421
2 13 0 1 4 5 6 7 10 1
2 13 0 1 4 5 6 7 11 1.41421
2 13 0 1 4 5 6 7 12 1.41421
2 13 0 1 4 5 6 7 14 1
2 13 0 1 4 5 6 8 9 1.41421
2 13 0 1 4 5 6 8 10 1.41421
2 13 0 1 4 5 6 8 11 1
2 13 0 1 4 5 6 8 12 1.41421
2 13 0 1 4 5 6 8 14 1.41421
2 13 0 1 4 5 6 9 10 1.41421
2 13 0 1 4 5 6 9 11 1.41421
2 13 0 1 4 5 6 9 12 1.41421
2 13 0 1 4 5 6 9 14 1.41421
2 13 0 1 4 5 6 10 11 1
2 13 0 1 4 5 6 10 12 1.41421
2 13 0 1 4 5 6 10 14 1.41421
2 13 0 1 4 5 6 11 12 1.41421
2 13 0 1 4 5 6 11 14 1
2 13 0 1 4 5 6 12 14 1.41421
2 13 0 1 4 5 7 8 9 1.41421
2 13 0 1 4 5 7 8 10 1.62019
2 13 0 1 4 5 7 8 11 1
2 13 0 1 4 5 7 8 12 1.62019
2 13 0 1 4 5 7 8 14 1.62019
2 13 0 1 4 5 7 9 10 1.41421
2 13 0 1 4 5 7 9 11 1.41421
2 13 0 1 4 5 7 9 12 1.41421
2 13 0 1 4 5 7 9 14 1.41421
2 13 0 1 4 5 7 10 11 1
2 13 0 1 4 5 7 10 12 1.62019
2 13 0 1 4 5 7 10 14 1.62019
2 13 0 1 4 5 7 11 12 1.41421
2 13 0 1 4 5 7 11 14 1
2 13 0 1 4 5 7 12 14 1.62019
2 13 0 1 4 5 8 9 10 1.62019
2 13 0 1 4 5 8 9 11 1
2 13 0 1 4 5 8 9 12 1.62019
2 13 0 1 4 5 8 9 14 1.62019
2 13 0 1 4 5 8 10 11 1
2 13 0 1 4 5 8 10 12 1.73205
2 13 0 1 4 5 8 10 14 1.73205
2 13 0 1 4 5 8 11 12 1
2 13 0 1 4 5 8 11 14 1
2 13 0 1 4 5 8 12 14 1.73205
2 13 0 1 4 5 9 10 11 1
2 13 0 1 4 5 9 10 12 1.62019
2 13 0 1 4 5 9 10 14 1.62019
2 13 0 1 4 5 9 11 12 1.41421
2 13 0 1 4 5 9 11 14 1
2 13 0 1 4 5 9 12 14 1.62019
2 13 0 1 4 5 10 11 12 1
2 13 0 1 4 5 10 11 14 1
2 13 0 1 4 5 10 12 14 1.73205
2 13 0 1 4 5 11 12 14 1
2 13 0 1 4 6 7 8 9 1
2 13 0 1 4 6 7 8 10 1
2 13 0 1 4 6 7 8 11 1
2 13 0 1 4 6 7 8 12 1
2 13 0 1 4 6 7 8 14 1
2 13 0 1 4 6 7 9 10 1
2 13 0 1 4 6 7 9 11 1.41421
2 13 0 1 4 6 7 9 12 1.41421
2 13 0 1 4 6 7 9 14 1
2 13 0 1 4 6 7 10 11 0
2 13 0 1 4 6 7 10 12 1
2 13 0 1 4 6 7 10 14 1
2 13 0 1 4 6 7 11 12 1.41421
2 13 0 1 4 6 7 11 14 1
2 13 0 1 4 6 7 12 14 1
2 13 0 1 4 6 8 9 10 1.62019
2 13 0 1 4 6 8 9 11 1.41421
2 13 0 1 4 6 8 9 12 1.62019
2 13 0 1 4 6 8 9 14 1.62019
2 13 0 1 4 6 8 10 11 1.41421
2 13 0 1 4 6 8 10 12 1.62019
2 13 0 1 4 6 8 10 14 1.62019
2 13 0 1 4 6 8 11 12 1.41421
2 13 0 1 4 6 8 11 14 1.41421
2 13 0 1 4 6 8 12 14 1.62019
2 13 0 1 4 6 9 10 11 1.41421
2 13 0 1 4 6 9 10 12 1.62019
2 13 0 1 4 6 9 10 14 1.62019
2 13 0 1 4 6 9 11 12 1.41421
2 13 0 1 4 6 9 11 14 1.41421
2 13 0 1 4 6 9 12 14 1.62019
2 13 0 1 4 6 10 11 12 1.41421
2 13 0 1 4 6 10 11 14 1.41421
2 13 0 1 4 6 10 12 14 1.62019
2 13 0 1 4 6 11 12 14 1.41421
2 13 0 1 4 7 8 9 10 1.41421
2 13 0 1 4 7 8 9 11 1
2 13 0 1 4 7 8 9 12 1.41421
2 13 0 1 4 7 8 9 14 1.41421
2 13 0 1 4 7 8 10 11 1
2 13 0 1 4 7 8 10 12 1.62019
2 13 0 1 4 7 8 10 14 1.62019
2 13 0 1 4 7 8 11 12 1
2 13 0 1 4 7 8 11 14 1
2 13 0 1 4 7 8 12 14 1.62019
2 13 0 1 4 7 9 10 11 0
2 13 0 1 4 7 9 10 12 1.41421
2 13 0 1 4 7 9 10 14 1.41421
2 13 0 1 4 7 9 11 12 1.41421
2 13 0 1 4 7 9 11 14 1
2 13 0 1 4 7 9 12 14 1.41421
2 13 0 1 4 7 10 11 12 1
2 13 0 1 4 7 10 11 14 1
2 13 0 1 4 7 10 12 14 1.62019
2 13 0 1 4 7 11 12 14 1
2 13 0 1 4 8 9 10 11 1.41421
2 13 0 1 4 8 9 10 12 1.73205
2 13 0 1 4 8 9 10 14 1.73205
2 13 0 1 4 8 9 11 12 1.41421
2 13 0 1 4 8 9 11 14 1.41421
2 13 0 1 4 8 9 12 14 1.73205
2 13 0 1 4 8 10 11 12 1.41421
2 13 0 1 4 8 10 11 14 1.41421
2 13 0 1 4 8 10 12 14 1.81265
2 13 0 1 4 8 11 12 14 1.41421
2 13 0 1 4 9 10 11 12 1.41421
2 13 0 1 4 9 10 11 14 1.41421
2 13 0 1 4 9 10 12 14 1.73205
2 13 0 1 4 9 11 12 14 1.41421
2 13 0 1 4 10 11 12 14 1.41421
2 13 0 1 5 6 7 8 9 1.41421
2 13 0 1 5 6 7 8 10 1
2 13 0 1 5 6 7 8 11 1.41421
2 13 0 1 5 6 7 8 12 1.41421
2 13 0 1 5 6 7 8 14 1
2 13 0 1 5 6 7 9 10 1
2 13 0 1 5 6 7 9 11 1.73205
2 13 0 1 5 6 7 9 12 1.73205
2 13 0 1 5 6 7 9 14 1.41421
2 13 0 1 5 6 7 10 11 0
2 13 0 1 5 6 7 10 12 1
2 13 0 1 5 6 7 10 14 1
2 13 0 1 5 6 7 11 12 1.73205
2 13 0 1 5 6 7 11 14 1.41421
2 13 0 1 5 6 7 12 14 1.41421
2 13 0 1 5 6 8 9 10 1.41421
2 13 0 1 5 6 8 9 11 1.41421
2 13 0 1 5 6 8 9 12 1.41421
2 13 0 1 5 6 8 9 14 1.41421
2 13 0 1 5 6 8 10 11 1
2 13 0 1 5 6 8 10 12 1.41421
2 13 0 1 5 6 8 10 14 1.41421
2 13 0 1 5 6 8 11 12 1.41421
2 13 0 1 5 6 8 11 14 1
2 13 0 1 5 6 8 12 14 1.41421
2 13 0 1 5 6 9 10 11 1
2 13 0 1 5 6 9 10 12 1.41421
2 13 0 1 5 6 9 10 14 1.41421
2 13 0 1 5 6 9 11 12 1.73205
2 13 0 1 5 6 9 11 14 1.41421
2 13 0 1 5 6 9 12 14 1.41421
2 13 0 1 5 6 10 11 12 1
2 13 0 1 5 6 10 11 14 1
2 13 0 1 5 6 10 12 14 1.41421
2 13 0 1 5 6 11 12 14 1.41421
2 13 0 1 5 7 8 9 10 1.41421
2 13 0 1 5 7 8 9 11 1.41421
2 13 0 1 5 7 8 9 12 1.41421
2 13 0 1 5 7 8 9 14 1.41421
2 13 0 1 5 7 8 10 11 1
2 13 0 1 5 7 8 10 12 1.62019
2 13 0 1 5 7 8 10 14 1.62019
2 13 0 1 5 7 8 11 12 1.41421
2 13 0 1 5 7 8 11 14 1
2 13 0 1 5 7 8 12 14 1.62019
2 13 0 1 5 7 9 10 11 0
2 13 0 1 5 7 9 10 12 1.41421
2 13 0 1 5 7 9 10 14 1.41421
2 13 0 1 5 7 9 11 12 1.73205
2 13 0 1 5 7 9 11 14 1.41421
2 13 0 1 5 7 9 12 14 1.41421
2 13 0 1 5 7 10 11 12 1
2 13 0 1 5 7 10 11 14 1
2 13 0 1 5 7 10 12 14 1.62019
2 13 0 1 5 7 11 12 14 1.41421
2 13 0 1 5 8 9 10 11 1
2 13 0 1 5 8 9 10 12 1.62019
2 13 0 1 5 8 9 10 14 1.62019
2 13 0 1 5 8 9 11 12 1.41421
2 13 0 1 5 8 9 11 14 1
2 13 0 1 5 8 9 12 14 1.62019
2 13 0 1 5 8 10 11 12 1
2 13 0 1 5 8 10 11 14 1
2 13 0 1 5 8 10 12 14 1.73205
2 13 0 1 5 8 11 12 14 1
2 13 0 1 5 9 10 11 12 1
2 13 0 1 5 9 10 11 14 1
2 13 0 1 5 9 10 12 14 1.62019
2 13 0 1 5 9 11 12 14 1.41421
2 13 0 1 5 10 11 12 14 1
2 13 0 1 6 7 8 9 10 1
2 13 0 1 6 7 8 9 11 1.62019
2 13 0 1 6 7 8 9 12 1.62019
2 13 0 1 6 7 8 9 14 1.41421
2 13 0 1 6 7 8 10 11 1
2 13 0 1 6 7 8 10 12 1
2 13 0 1 6 7 8 10 14 1
2 13 0 1 6 7 8 11 12 1.62019
2 13 0 1 6 7 8 11 14 1.41421
2 13 0 1 6 7 8 12 14 1.41421
2 13 0 1 6 7 9 10 11 1
2 13 0 1 6 7 9 10 12 1
2 13 0 1 6 7 9 10 14 1
2 13 0 1 6 7 9 11 12 1.85164
2 13 0 1 6 7 9 11 14 1.62019
2 13 0 1 6 7 9 12 14 1.62019
2 13 0 1 6 7 10 11 12 1
2 13 0 1 6 7 10 11 14 1
2 13 0 1 6 7 10 12 14 1
2 13 0 1 6 7 11 12 14 1.62019
2 13 0 1 6 8 9 10 11 1.62019
2 13 0 1 6 8 9 10 12 1.73205
2 13 0 1 6 8 9 10 14 1.73205
2 13 0 1 6 8 9 11 12 1.81265
2 13 0 1 6 8 9 11 14 1.73205
2 13 0 1 6 8 9 12 14 1.81265
2 13 0 1 6 8 10 11 12 1.62019
2 13 0 1 6 8 10 11 14 1.62019
2 13 0 1 6 8 10 12 14 1.73205
2 13 0 1 6 8 11 12 14 1.73205
2 13 0 1 6 9 10 11 12 1.62019
2 13 0 1 6 9 10 11 14 1.62019
2 13 0 1 6 9 10 12 14 1.73205
2 13 0 1 6 9 11 12 14 1.81265
2 13 0 1 6 10 11 12 14 1.62019
2 13 0 1 7 8 9 10 11 1
2 13 0 1 7 8 9 10 12 1.41421
2 13 0 1 7 8 9 10 14 1.41421
2 13 0 1 7 8 9 11 12 1.62019
2 13 0 1 7 8 9 11 14 1.41421
2 13 0 1 7 8 9 12 14 1.41421
2 13 0 1 7 8 10 11 12 1
2 13 0 1 7 8 10 11 14 1
2 13 0 1 7 8 10 12 14 1.62019
2 13 0 1 7 8 11 12 14 1.41421
2 13 0 1 7 9 10 11 12 1
2 13 0 1 7 9 10 11 14 1
2 13 0 1 7 9 10 12 14 1.41421
2 13 0 1 7 9 11 12 14 1.62019
2 13 0 1 7 10 11 12 14 1
2 13 0 1 8 9 10 11 12 1.62019
2 13 0 1 8 9 10 11 14 1.62019
2 13 0 1 8 9 10 12 14 1.81265
2 13 0 1 8 9 11 12 14 1.73205
2 13 0 1 8 10 11 12 14 1.62019
2 13 0 1 9 10 11 12 14 1.62019
2 13 0 3 4 5 6 7 8 1
2 13 0 3 4 5 6 7 9 1.73205
2 13 0 3 4 5 6 7 10 1.41421
2 13 0 3 4 5 6 7 11 1.73205
2 13 0 3 4 5 6 7 12 1.62019
2 13 0 3 4 5 6 7 14 1.62019
2 13 0 3 4 5 6 8 9 1.41421
2 13 0 3 4 5 6 8 10 1.41421
2 13 0 3 4 5 6 8 11 1.41421
2 13 0 3 4 5 6 8 12 1
2 13 0 3 4 5 6 8 14 1.41421
2 13 0 3 4 5 6 9 10 1.73205
2 13 0 3 4 5 6 9 11 1.90693
2 13 0 3 4 5 6 9 12 1.73205
2 13 0 3 4 5 6 9 14 1.85164
2 13 0 3 4 5 6 10 11 1.73205
2 13 0 3 4 5 6 10 12 1.41421
2 13 0 3 4 5 6 10 14 1.73205
2 13 0 3 4 5 6 11 12 1.73205
2 13 0 3 4 5 6 11 14 1.85164
2 13 0 3 4 5 6 12 14 1.62019
2 13 0 3 4 5 7 8 9 1
2 13 0 3 4 5 7 8 10 1.41421
2 13 0 3 4 5 7 8 11 1
2 13 0 3 4 5 7 8 12 1.41421
2 13 0 3 4 5 7 8 14 1.41421
2 13 0 3 4 5 7 9 10 1.41421
2 13 0 3 4 5 7 9 11 1.73205
2 13 0 3 4 5 7 9 12 1.62019
2 13 0 3 4 5 7 9 14 1.62019
2 13 0 3 4 5 7 10 11 1.41421
2 13 0 3 4 5 7 10 12 1.41421
2 13 0 3 4 5 7 10 14 1.41421
2 13 0 3 4 5 7 11 12 1.62019
2 13 0 3 4 5 7 11 14 1.62019
2 13 0 3 4 5 7 12 14 1.41421
2 13 0 3 4 5 8 9 10 1.41421
2 13 0 3 4 5 8 9 11 1.41421
2 13 0 3 4 5 8 9 12 1
2 13 0 3 4 5 8 9 14 1.41421
2 13 0 3 4 5 8 10 11 1.41421
2 13 0 3 4 5 8 10 12 1.41421
2 13 0 3 4 5 8 10 14 1.41421
2 13 0 3 4 5 8 11 12 1
2 13 0 3 4 5 8 11 14 1.41421
2 13 0 3 4 5 8 12 14 1.41421
2 13 0 3 4 5 9 10 11 1.73205
2 13 0 3 4 5 9 10 12 1.41421
2 13 0 3 4 5 9 10 14 1.73205
2 13 0 3 4 5 9 11 12 1.73205
2 13 0 3 4 5 9 11 14 1.85164
2 13 0 3 4 5 9 12 14 1.62019
2 13 0 3 4 5 10 11 12 1.41421
2 13 0 3 4 5 10 11 14 1.73205
2 13 0 3 4 5 10 12 14 1.41421
2 13 0 3 4 5 11 12 14 1.62019
2 13 0 3 4 6 7 8 9 1
2 13 0 3 4 6 7 8 10 1
2 13 0 3 4 6 7 8 11 1
2 13 0 3 4 6 7 8 12 1
2 13 0 3 4 6 7 8 14 1
2 13 0 3 4 6 7 9 10 1.41421
2 13 0 3 4 6 7 9 11 1.73205
2 13 0 3 4 6 7 9 12 1.62019
2 13 0 3 4 6 7 9 14 1.62019
2 13 0 3 4 6 7 10 11 1.41421
2 13 0 3 4 6 7 10 12 1
2 13 0 3 4 6 7 10 14 1.41421
2 13 0 3 4 6 7 11 12 1.62019
2 13 0 3 4 6 7 11 14 1.62019
2 13 0 3 4 6 7 12 14 1.41421
2 13 0 3 4 6 8 9 10 1.62019
2 13 0 3 4 6 8 9 11 1.62019
2 13 0 3 4 6 8 9 12 1.41421
2 13 0 3 4 6 8 9 14 1.62019
2 13 0 3 4 6 8 10 11 1.62019
2 13 0 3 4 6 8 10 12 1.41421
2 13 0 3 4 6 8 10 14 1.62019
2 13 0 3 4 6 8 11 12 1.41421
2 13 0 3 4 6 8 11 14 1.62019
2 13 0 3 4 6 8 12 14 1.41421
2 13 0 3 4 6 9 10 11 1.85164
2 13 0 3 4 6 9 10 12 1.62019
2 13 0 3 4 6 9 10 14 1.85164
2 13 0 3 4 6 9 11 12 1.81265
2 13 0 3 4 6 9 11 14 1.93309
2 13 0 3 4 6 9 12 14 1.73205
2 13 0 3 4 6 10 11 12 1.62019
2 13 0 3 4 6 10 11 14 1.85164
2 13 0 3 4 6 10 12 14 1.62019
2 13 0 3 4 6 11 12 14 1.73205
2 13 0 3 4 7 8 9 10 1
2 13 0 3 4 7 8 9 11 1
2 13 0 3 4 7 8 9 12 1
2 13 0 3 4 7 8 9 14 1
2 13 0 3 4 7 8 10 11 1
2 13 0 3 4 7 8 10 12 1.41421
2 13 0 3 4 7 8 10 14 1.41421
2 13 0 3 4 7 8 11 12 1
2 13 0 3 4 7 8 11 14 1
2 13 0 3 4 7 8 12 14 1.41421
2 13 0 3 4 7 9 10 11 1.41421
2 13 0 3 4 7 9 10 12 1
2 13 0 3 4 7 9 10 14 1.41421
2 13 0 3 4 7 9 11 12 1.62019
2 13 0 3 4 7 9 11 14 1.62019
2 13 0 3 4 7 9 12 14 1.41421
2 13 0 3 4 7 10 11 12 1
2 13 0 3 4 7 10 11 14 1.41421
2 13 0 3 4 7 10 12 14 1.41421
2 13 0 3 4 7 11 12 14 1.41421
2 13 0 3 4 8 9 10 11 1.62019
2 13 0 3 4 8 9 10 12 1.41421
2 13 0 3 4 8 9 10 14 1.62019
2 13 0 3 4 8 9 11 12 1.41421
2 13 0 3 4 8 9 11 14 1.62019
2 13 0 3 4 8 9 12 14 1.41421
2 13 0 3 4 8 10 11 12 1.41421
2 13 0 3 4 8 10 11 14 1.62019
2 13 0 3 4 8 10 12 14 1.41421
2 13 0 3 4 8 11 12 14 1.41421
2 13 0 3 4 9 10 11 12 1.62019
2 13 0 3 4 9 10 11 14 1.85164
2 13 0 3 4 9 10 12 14 1.62019
2 13 0 3 4 9 11 12 14 1.73205
2 13 0 3 4 10 11 12 14 1.62019
2 13 0 3 5 6 7 8 9 1.41421
2 13 0 3 5 6 7 8 10 1
2 13 0 3 5 6 7 8 11 1.41421
2 13 0 3 5 6 7 8 12 1.41421
2 13 0 3 5 6 7 8 14 1
2 13 0 3 5 6 7 9 10 1.41421
2 13 0 3 5 6 7 9 11 1.90693
2 13 0 3 5 6 7 9 12 1.85164
2 13 0 3 5 6 7 9 14 1.73205
2 13 0 3 5 6 7 10 11 1.41421
2 13 0 3 5 6 7 10 12 1
2 13 0 3 5 6 7 10 14 1.41421
2 13 0 3 5 6 7 11 12 1.85164
2 13 0 3 5 6 7 11 14 1.73205
2 13 0 3 5 6 7 12 14 1.62019
2 13 0 3 5 6 8 9 10 1.41421
2 13 0 3 5 6 8 9 11 1.41421
2 13 0 3 5 6 8 9 12 1.41421
2 13 0 3 5 6 8 9 14 1.41421
2 13 0 3 5 6 8 10 11 1.41421
2 13 0 3 5 6 8 10 12 1
2 13 0 3 5 6 8 10 14 1.41421
2 13 0 3 5 6 8 11 12 1.41421
2 13 0 3 5 6 8 11 14 1.41421
2 13 0 3 5 6 8 12 14 1
2 13 0 3 5 6 9 10 11 1.73205
2 13 0 3 5 6 9 10 12 1.41421
2 13 0 3 5 6 9 10 14 1.73205
2 13 0 3 5 6 9 11 12 1.90693
2 13 0 3 5 6 9 11 14 1.90693
2 13 0 3 5 6 9 12 14 1.73205
2 13 0 3 5 6 10 11 12 1.41421
2 13 0 3 5 6 10 11 14 1.73205
2 13 0 3 5 6 10 12 14 1.41421
2 13 0 3 5 6 11 12 14 1.73205
2 13 0 3 5 7 8 9 10 1
2 13 0 3 5 7 8 9 11 1.41421
2 13 0 3 5 7 8 9 12 1.41421
2 13 0 3 5 7 8 9 14 1
2 13 0 3 5 7 8 10 11 1
2 13 0 3 5 7 8 10 12 1.41421
2 13 0 3 5 7 8 10 14 1.41421
2 13 0 3 5 7 8 11 12 1.41421
2 13 0 3 5 7 8 11 14 1
2 13 0 3 5 7 8 12 14 1.41421
2 13 0 3 5 7 9 10 11 1.41421
2 13 0 3 5 7 9 10 12 1
2 13 0 3 5 7 9 10 14 1.41421
2 13 0 3 5 7 9 11 12 1.85164
2 13 0 3 5 7 9 11 14 1.73205
2 13 0 3 5 7 9 12 14 1.62019
2 13 0 3 5 7 10 11 12 1
2 13 0 3 5 7 10 11 14 1.41421
2 13 0 3 5 7 10 12 14 1.41421
2 13 0 3 5 7 11 12 14 1.62019
2 13 0 3 5 8 9 10 11 1.41421
2 13 0 3 5 8 9 10 12 1
2 13 0 3 5 8 9 10 14 1.41421
2 13 0 3 5 8 9 11 12 1.41421
2 13 0 3 5 8 9 11 14 1.41421
2 13 0 3 5 8 9 12 14 1
2 13 0 3 5 8 10 11 12 1
2 13 0 3 5 8 10 11 14 1.41421
2 13 0 3 5 8 10 12 14 1.41421
2 13 0 3 5 8 11 12 14 1
2 13 0 3 5 9 10 11 12 1.41421
2 13 0 3 5 9 10 11 14 1.73205
2 13 0 3 5 9 10 12 14 1.41421
2 13 0 3 5 9 11 12 14 1.73205
2 13 0 3 5 10 11 12 14 1.41421
2 13 0 3 6 7 8 9 10 1
2 13 0 3 6 7 8 9 11 1.62019
2 13 0 3 6 7 8 9 12 1.62019
2 13 0 3 6 7 8 9 14 1.41421
2 13 0 3 6 7 8 10 11 1
2 13 0 3 6 7 8 10 12 1
2 13 0 3 6 7 8 10 14 1
2 13 0 3 6 7 8 11 12 1.62019
2 13 0 3 6 7 8 11 14 1.41421
2 13 0 3 6 7 8 12 14 1.41421
2 13 0 3 6 7 9 10 11 1.41421
2 13 0 3 6 7 9 10 12 1
2 13 0 3 6 7 9 10 14 1.41421
2 13 0 3 6 7 9 11 12 1.93309
2 13 0 3 6 7 9 11 14 1.81265
2 13 0 3 6 7 9 12 14 1.73205
2 13 0 3 6 7 10 11 12 1
2 13 0 3 6 7 10 11 14 1.41421
2 13 0 3 6 7 10 12 14 1
2 13 0 3 6 7 11 12 14 1.73205
2 13 0 3 6 8 9 10 11 1.73205
2 13 0 3 6 8 9 10 12 1.62019
2 13 0 3 6 8 9 10 14 1.73205
2 13 0 3 6 8 9 11 12 1.81265
2 13 0 3 6 8 9 11 14 1.81265
2 13 0 3 6 8 9 12 14 1.73205
2 13 0 3 6 8 10 11 12 1.62019
2 13 0 3 6 8 10 11 14 1.73205
2 13 0 3 6 8 10 12 14 1.62019
2 13 0 3 6 8 11 12 14 1.73205
2 13 0 3 6 9 10 11 12 1.73205
2 13 0 3 6 9 10 11 14 1.90693
2 13 0 3 6 9 10 12 14 1.73205
2 13 0 3 6 9 11 12 14 2
2 13 0 3 6 10 11 12 14 1.73205
2 13 0 3 7 8 9 10 11 1
2 13 0 3 7 8 9 10 12 1
2 13 0 3 7 8 9 10 14 1
2 13 0 3 7 8 9 11 12 1.62019
2 13 0 3 7 8 9 11 14 1.41421
2 13 0 3 7 8 9 12 14 1.41421
2 13 0 3 7 8 10 11 12 1
2 13 0 3 7 8 10 11 14 1
2 13 0 3 7 8 10 12 14 1.41421
2 13 0 3 7 8 11 12 14 1.41421
2 13 0 3 7 9 10 11 12 1
2 13 0 3 7 9 10 11 14 1.41421
2 13 0 3 7 9 10 12 14 1
2 13 0 3 7 9 11 12 14 1.73205
2 13 0 3 7 10 11 12 14 1
2 13 0 3 8 9 10 11 12 1.62019
2 13 0 3 8 9 10 11 14 1.73205
2 13 0 3 8 9 10 12 14 1.62019
2 13 0 3 8 9 11 12 14 1.73205
2 13 0 3 8 10 11 12 14 1.62019
2 13 0 3 9 10 11 12 14 1.73205
2 13 0 4 5 6 7 8 9 1
2 13 0 4 5 6 7 8 10 1
2 13 0 4 5 6 7 8 11 1
2 13 0 4 5 6 7 8 12 1
2 13 0 4 5 6 7 8 14 1
2 13 0 4 5 6 7 9 10 1.41421
2 13 0 4 5 6 7 9 11 1.73205
2 13 0 4 5 6 7 9 12 1.62019
2 13 0 4 5 6 7 9 14 1.62019
2 13 0 4 5 6 7 10 11 1.41421
2 13 0 4 5 6 7 10 12 1
2 13 0 4 5 6 7 10 14 1.41421
2 13 0 4 5 6 7 11 12 1.62019
2 13 0 4 5 6 7 11 14 1.62019
2 13 0 4 5 6 7 12 14 1.41421
2 13 0 4 5 6 8 9 10 1.73205
2 13 0 4 5 6 8 9 11 1.62019
2 13 0 4 5 6 8 9 12 1.62019
2 13 0 4 5 6 8 9 14 1.73205
2 13 0 4 5 6 8 10 11 1.62019
2 13 0 4 5 6 8 10 12 1.62019
2 13 0 4 5 6 8 10 14 1.73205
2 13 0 4 5 6 8 11 12 1.41421
2 13 0 4 5 6 8 11 14 1.62019
2 13 0 4 5 6 8 12 14 1.62019
2 13 0 4 5 6 9 10 11 1.85164
2 13 0 4 5 6 9 10 12 1.73205
2 13 0 4 5 6 9 10 14 1.90693
2 13 0 4 5 6 9 11 12 1.81265
2 13 0 4 5 6 9 11 14 1.93309
2 13 0 4 5 6 9 12 14 1.81265
2 13 0 4 5 6 10 11 12 1.62019
2 13 0 4 5 6 10 11 14 1.85164
2 13 0 4 5 6 10 12 14 1.73205
2 13 0 4 5 6 11 12 14 1.73205
2 13 0 4 5 7 8 9 10 1.41421
2 13 0 4 5 7 8 9 11 1
2 13 0 4 5 7 8 9 12 1.41421
2 13 0 4 5 7 8 9 14 1.41421
2 13 0 4 5 7 8 10 11 1
2 13 0 4 5 7 8 10 12 1.62019
2 13 0 4 5 7 8 10 14 1.62019
2 13 0 4 5 7 8 11 12 1
2 13 0 4 5 7 8 11 14 1
2 13 0 4 5 7 8 12 14 1.62019
2 13 0 4 5 7 9 10 11 1.41421
2 13 0 4 5 7 9 10 12 1.41421
2 13 0 4 5 7 9 10 14 1.41421
2 13 0 4 5 7 9 11 12 1.62019
2 13 0 4 5 7 9 11 14 1.62019
2 13 0 4 5 7 9 12 14 1.41421
2 13 0 4 5 7 10 11 12 1
2 13 0 4 5 7 10 11 14 1.41421
2 13 0 4 5 7 10 12 14 1.62019
2 13 0 4 5 7 11 12 14 1.41421
2 13 0 4 5 8 9 10 11 1.62019
2 13 0 4 5 8 9 10 12 1.73205
2 13 0 4 5 8 9 10 14 1.81265
2 13 0 4 5 8 9 11 12 1.41421
2 13 0 4 5 8 9 11 14 1.62019
2 13 0 4 5 8 9 12 14 1.73205
2 13 0 4 5 8 10 11 12 1.41421
2 13 0 4 5 8 10 11 14 1.62019
2 13 0 4 5 8 10 12 14 1.81265
2 13 0 4 5 8 11 12 14 1.41421
2 13 0 4 5 9 10 11 12 1.62019
2 13 0 4 5 9 10 11 14 1.85164
2 13 0 4 5 9 10 12 14 1.81265
2 13 0 4 5 9 11 12 14 1.73205
2 13 0 4 5 10 11 12 14 1.62019
2 13 0 4 6 7 8 9 10 1
2 13 0 4 6 7 8 9 11 1
2 13 0 4 6 7 8 9 12 1
2 13 0 4 6 7 8 9 14 1
2 13 0 4 6 7 8 10 11 1
2 13 0 4 6 7 8 10 12 1
2 13 0 4 6 7 8 10 14 1
2 13 0 4 6 7 8 11 12 1
2 13 0 4 6 7 8 11 14 1
2 13 0 4 6 7 8 12 14 1
2 13 0 4 6 7 9 10 11 1.41421
2 13 0 4 6 7 9 10 12 1
2 13 0 4 6 7 9 10 14 1.41421
2 13 0 4 6 7 9 11 12 1.62019
2 13 0 4 6 7 9 11 14 1.62019
2 13 0 4 6 7 9 12 14 1.41421
2 13 0 4 6 7 10 11 12 1
2 13 0 4 6 7 10 11 14 1.41421
2 13 0 4 6 7 10 12 14 1
2 13 0 4 6 7 11 12 14 1.41421
2 13 0 4 6 8 9 10 11 1.85164
2 13 0 4 6 8 9 10 12 1.85164
2 13 0 4 6 8 9 10 14 1.93309
2 13 0 4 6 8 9 11 12 1.73205
2 13 0 4 6 8 9 11 14 1.85164
2 13 0 4 6 8 9 12 14 1.85164
2 13 0 4 6 8 10 11 12 1.73205
2 13 0 4 6 8 10 11 14 1.85164
2 13 0 4 6 8 10 12 14 1.85164
2 13 0 4 6 8 11 12 14 1.73205
2 13 0 4 6 9 10 11 12 1.85164
2 13 0 4 6 9 10 11 14 2.00294
2 13 0 4 6 9 10 12 14 1.93309
2 13 0 4 6 9 11 12 14 1.90693
2 13 0 4 6 10 11 12 14 1.85164
2 13 0 4 7 8 9 10 11 1
2 13 0 4 7 8 9 10 12 1.41421
2 13 0 4 7 8 9 10 14 1.41421
2 13 0 4 7 8 9 11 12 1
2 13 0 4 7 8 9 11 14 1
2 13 0 4 7 8 9 12 14 1.41421
2 13 0 4 7 8 10 11 12 1
2 13 0 4 7 8 10 11 14 1
2 13 0 4 7 8 10 12 14 1.62019
2 13 0 4 7 8 11 12 14 1
2 13 0 4 7 9 10 11 12 1
2 13 0 4 7 9 10 11 14 1.41421
2 13 0 4 7 9 10 12 14 1.41421
2 13 0 4 7 9 11 12 14 1.41421
2 13 0 4 7 10 11 12 14 1
2 13 0 4 8 9 10 11 12 1.73205
2 13 0 4 8 9 10 11 14 1.85164
2 13 0 4 8 9 10 12 14 1.90693
2 13 0 4 8 9 11 12 14 1.73205
2 13 0 4 8 10 11 12 14 1.73205
2 13 0 4 9 10 11 12 14 1.85164
2 13 0 5 6 7 8 9 10 1
2 13 0 5 6 7 8 9 11 1.41421
2 13 0 5 6 7 8 9 12 1.41421
2 13 0 5 6 7 8 9 14 1
2 13 0 5 6 7 8 10 11 1
2 13 0 5 6 7 8 10 12 1
2 13 0 5 6 7 8 10 14 1
2 13 0 5 6 7 8 11 12 1.41421
2 13 0 5 6 7 8 11 14 1
2 13 0 5 6 7 8 12 14 1
2 13 0 5 6 7 9 10 11 1.41421
2 13 0 5 6 7 9 10 12 1
2 13 0 5 6 7 9 10 14 1.41421
2 13 0 5 6 7 9 11 12 1.85164
2 13 0 5 6 7 9 11 14 1.73205
2 13 0 5 6 7 9 12 14 1.62019
2 13 0 5 6 7 10 11 12 1
2 13 0 5 6 7 10 11 14 1.41421
2 13 0 5 6 7 10 12 14 1
2 13 0 5 6 7 11 12 14 1.62019
2 13 0 5 6 8 9 10 11 1.62019
2 13 0 5 6 8 9 10 12 1.62019
2 13 0 5 6 8 9 10 14 1.73205
2 13 0 5 6 8 9 11 12 1.41421
2 13 0 5 6 8 9 11 14 1.62019
2 13 0 5 6 8 9 12 14 1.62019
2 13 0 5 6 8 10 11 12 1.41421
2 13 0 5 6 8 10 11 14 1.62019
2 13 0 5 6 8 10 12 14 1.62019
2 13 0 5 6 8 11 12 14 1.41421
2 13 0 5 6 9 10 11 12 1.62019
2 13 0 5 6 9 10 11 14 1.85164
2 13 0 5 6 9 10 12 14 1.73205
2 13 0 5 6 9 11 12 14 1.81265
2 13 0 5 6 10 11 12 14 1.62019
2 13 0 5 7 8 9 10 11 1
2 13 0 5 7 8 9 10 12 1.41421
2 13 0 5 7 8 9 10 14 1.41421
2 13 0 5 7 8 9 11 12 1.41421
2 13 0 5 7 8 9 11 14 1
2 13 0 5 7 8 9 12 14 1.41421
2 13 0 5 7 8 10 11 12 1
2 13 0 5 7 8 10 11 14 1
2 13 0 5 7 8 10 12 14 1.62019
2 13 0 5 7 8 11 12 14 1
2 13 0 5 7 9 10 11 12 1
2 13 0 5 7 9 10 11 14 1.41421
2 13 0 5 7 9 10 12 14 1.41421
2 13 0 5 7 9 11 12 14 1.62019
2 13 0 5 7 10 11 12 14 1
2 13 0 5 8 9 10 11 12 1.41421
2 13 0 5 8 9 10 11 14 1.62019
2 13 0 5 8 9 10 12 14 1.73205
2 13 0 5 8 9 11 12 14 1.41421
2 13 0 5 8 10 11 12 14 1.41421
2 13 0 5 9 10 11 12 14 1.62019
2 13 0 6 7 8 9 10 11 1
2 13 0 6 7 8 9 10 12 1
2 13 0 6 7 8 9 10 14 1
2 13 0 6 7 8 9 11 12 1.62019
2 13 0 6 7 8 9 11 14 1.41421
2 13 0 6 7 8 9 12 14 1.41421
2 13 0 6 7 8 10 11 12 1
2 13 0 6 7 8 10 11 14 1
2 13 0 6 7 8 10 12 14 1
2 13 0 6 7 8 11 12 14 1.41421
2 13 0 6 7 9 10 11 12 1
2 13 0 6 7 9 10 11 14 1.41421
2 13 0 6 7 9 10 12 14 1
2 13 0 6 7 9 11 12 14 1.73205
2 13 0 6 7 10 11 12 14 1
2 13 0 6 8 9 10 11 12 1.85164
2 13 0 6 8 9 10 11 14 1.93309
2 13 0 6 8 9 10 12 14 1.93309
2 13 0 6 8 9 11 12 14 1.90693
2 13 0 6 8 10 11 12 14 1.85164
2 13 0 6 9 10 11 12 14 1.93309
2 13 0 7 8 9 10 11 12 1
2 13 0 7 8 9 10 11 14 1
2 13 0 7 8 9 10 12 14 1.41421
2 13 0 7 8 9 11 12 14 1.41421
2 13 0 7 8 10 11 12 14 1
2 13 0 7 9 10 11 12 14 1
2 13 0 8 9 10 11 12 14 1.85164
2 13 1 3 4 5 6 7 8 1
2 13 1 3 4 5 6 7 9 1.41421
2 13 1 3 4 5 6 7 10 0
2 13 1 3 4 5 6 7 11 1.41421
2 13 1 3 4 5 6 7 12 1.41421
2 13 1 3 4 5 6 7 14 1
2 13 1 3 4 5 6 8 9 1
2 13 1 3 4 5 6 8 10 0
2 13 1 3 4 5 6 8 11 1
2 13 1 3 4 5 6 8 12 1
2 13 1 3 4 5 6 8 14 0
2 13 1 3 4 5 6 9 10 0
2 13 1 3 4 5 6 9 11 1.41421
2 13 1 3 4 5 6 9 12 1.41421
2 13 1 3 4 5 6 9 14 1
2 13 1 3 4 5 6 10 11 0
2 13 1 3 4 5 6 10 12 0
2 13 1 3 4 5 6 10 14 0
2 13 1 3 4 5 6 11 12 1.41421
2 13 1 3 4 5 6 11 14 1
2 13 1 3 4 5 6 12 14 1
2 13 1 3 4 5 7 8 9 1
2 13 1 3 4 5 7 8 10 1.41421
2 13 1 3 4 5 7 8 11 1
2 13 1 3 4 5 7 8 12 1.41421
2 13 1 3 4 5 7 8 14 1.41421
2 13 1 3 4 5 7 9 10 1
2 13 1 3 4 5 7 9 11 1.41421
2 13 1 3 4 5 7 9 12 1.41421
2 13 1 3 4 5 7 9 14 1
2 13 1 3 4 5 7 10 11 1
2 13 1 3 4 5 7 10 12 1.41421
2 13 1 3 4 5 7 10 14 1.41421
2 13 1 3 4 5 7 11 12 1.41421
2 13 1 3 4 5 7 11 14 1
2 13 1 3 4 5 7 12 14 1.41421
2 13 1 3 4 5 8 9 10 1
2 13 1 3 4 5 8 9 11 1
2 13 1 3 4 5 8 9 12 1
2 13 1 3 4 5 8 9 14 1
2 13 1 3 4 5 8 10 11 1
2 13 1 3 4 5 8 10 12 1.41421
2 13 1 3 4 5 8 10 14 1.41421
2 13 1 3 4 5 8 11 12 1
2 13 1 3 4 5 8 11 14 1
2 13 1 3 4 5 8 12 14 1.41421
2 13 1 3 4 5 9 10 11 0
2 13 1 3 4 5 9 10 12 1
2 13 1 3 4 5 9 10 14 1
2 13 1 3 4 5 9 11 12 1.41421
2 13 1 3 4 5 9 11 14 1
2 13 1 3 4 5 9 12 14 1
2 13 1 3 4 5 10 11 12 1
2 13 1 3 4 5 10 11 14 1
2 13 1 3 4 5 10 12 14 1.41421
2 13 1 3 4 5 11 12 14 1
2 13 1 3 4 6 7 8 9 1
2 13 1 3 4 6 7 8 10 0
2 13 1 3 4 6 7 8 11 1
2 13 1 3 4 6 7 8 12 1
2 13 1 3 4 6 7 8 14 0
2 13 1 3 4 6 7 9 10 0
2 13 1 3 4 6 7 9 11 1.41421
2 13 1 3 4 6 7 9 12 1.41421
2 13 1 3 4 6 7 9 14 1
2 13 1 3 4 6 7 10 11 0
2 13 1 3 4 6 7 10 12 0
2 13 1 3 4 6 7 10 14 0
2 13 1 3 4 6 7 11 12 1.41421
2 13 1 3 4 6 7 11 14 1
2 13 1 3 4 6 7 12 14 1
2 13 1 3 4 6 8 9 10 1
2 13 1 3 4 6 8 9 11 1
2 13 1 3 4 6 8 9 12 1
2 13 1 3 4 6 8 9 14 1
2 13 1 3 4 6 8 10 11 1
2 13 1 3 4 6 8 10 12 1
2 13 1 3 4 6 8 10 14 1
2 13 1 3 4 6 8 11 12 1
2 13 1 3 4 6 8 11 14 1
2 13 1 3 4 6 8 12 14 1
2 13 1 3 4 6 9 10 11 1
2 13 1 3 4 6 9 10 12 1
2 13 1 3 4 6 9 10 14 1
2 13 1 3 4 6 9 11 12 1.41421
2 13 1 3 4 6 9 11 14 1
2 13 1 3 4 6 9 12 14 1
2 13 1 3 4 6 10 11 12 1
2 13 1 3 4 6 10 11 14 1
2 13 1 3 4 6 10 12 14 1
2 13 1 3 4 6 11 12 14 1
2 13 1 3 4 7 8 9 10 1
2 13 1 3 4 7 8 9 11 1
2 13 1 3 4 7 8 9 12 1
2 13 1 3 4 7 8 9 14 1
2 13 1 3 4 7 8 10 11 1
2 13 1 3 4 7 8 10 12 1.41421
2 13 1 3 4 7 8 10 14 1.41421
2 13 1 3 4 7 8 11 12 1
2 13 1 3 4 7 8 11 14 1
2 13 1 3 4 7 8 12 14 1.41421
2 13 1 3 4 7 9 10 11 0
2 13 1 3 4 7 9 10 12 1
2 13 1 3 4 7 9 10 14 1
2 13 1 3 4 7 9 11 12 1.41421
2 13 1 3 4 7 9 11 14 1
2 13 1 3 4 7 9 12 14 1
2 13 1 3 4 7 10 11 12 1
2 13 1 3 4 7 10 11 14 1
2 13 1 3 4 7 10 12 14 1.41421
2 13 1 3 4 7 11 12 14 1
2 13 1 3 4 8 9 10 11 1
2 13 1 3 4 8 9 10 12 1
2 13 1 3 4 8 9 10 14 1
2 13 1 3 4 8 9 11 12 1
2 13 1 3 4 8 9 11 14 1
2 13 1 3 4 8 9 12 14 1
2 13 1 3 4 8 10 11 12 1
2 13 1 3 4 8 10 11 14 1
2 13 1 3 4 8 10 12 14 1.41421
2 13 1 3 4 8 11 12 14 1
2 13 1 3 4 9 10 11 12 1
2 13 1 3 4 9 10 11 14 1
2 13 1 3 4 9 10 12 14 1
2 13 1 3 4 9 11 12 14 1
2 13 1 3 4 10 11 12 14 1
2 13 1 3 5 6 7 8 9 1.41421
2 13 1 3 5 6 7 8 10 0
2 13 1 3 5 6 7 8 11 1.41421
2 13 1 3 5 6 7 8 12 1.41421
2 13 1 3 5 6 7 8 14 1
2 13 1 3 5 6 7 9 10 0
2 13 1 3 5 6 7 9 11 1.73205
2 13 1 3 5 6 7 9 12 1.73205
2 13 1 3 5 6 7 9 14 1.41421
2 13 1 3 5 6 7 10 11 0
2 13 1 3 5 6 7 10 12 0
2 13 1 3 5 6 7 10 14 0
2 13 1 3 5 6 7 11 12 1.73205
2 13 1 3 5 6 7 11 14 1.41421
2 13 1 3 5 6 7 12 14 1.41421
2 13 1 3 5 6 8 9 10 0
2 13 1 3 5 6 8 9 11 1.41421
2 13 1 3 5 6 8 9 12 1.41421
2 13 1 3 5 6 8 9 14 1
2 13 1 3 5 6 8 10 11 0
2 13 1 3 5 6 8 10 12 0
2 13 1 3 5 6 8 10 14 0
2 13 1 3 5 6 8 11 12 1.41421
2 13 1 3 5 6 8 11 14 1
2 13 1 3 5 6 8 12 14 1
2 13 1 3 5 6 9 10 11 0
2 13 1 3 5 6 9 10 12 0
2 13 1 3 5 6 9 10 14 0
2 13 1 3 5 6 9 11 12 1.73205
2 13 1 3 5 6 9 11 14 1.41421
2 13 1 3 5 6 9 12 14 1.41421
2 13 1 3 5 6 10 11 12 0
2 13 1 3 5 6 10 11 14 0
2 13 1 3 5 6 10 12 14 0
2 13 1 3 5 6 11 12 14 1.41421
2 13 1 3 5 7 8 9 10 1
2 13 1 3 5 7 8 9 11 1.41421
2 13 1 3 5 7 8 9 12 1.41421
2 13 1 3 5 7 8 9 14 1
2 13 1 3 5 7 8 10 11 1
2 13 1 3 5 7 8 10 12 1.41421
2 13 1 3 5 7 8 10 14 1.41421
2 13 1 3 5 7 8 11 12 1.41421
2 13 1 3 5 7 8 11 14 1
2 13 1 3 5 7 8 12 14 1.41421
2 13 1 3 5 7 9 10 11 0
2 13 1 3 5 7 9 10 12 1
2 13 1 3 5 7 9 10 14 1
2 13 1 3 5 7 9 11 12 1.73205
2 13 1 3 5 7 9 11 14 1.41421
2 13 1 3 5 7 9 12 14 1.41421
2 13 1 3 5 7 10 11 12 1
2 13 1 3 5 7 10 11 14 1
2 13 1 3 5 7 10 12 14 1.41421
2 13 1 3 5 7 11 12 14 1.41421
2 13 1 3 5 8 9 10 11 0
2 13 1 3 5 8 9 10 12 1
2 13 1 3 5 8 9 10 14 1
2 13 1 3 5 8 9 11 12 1.41421
2 13 1 3 5 8 9 11 14 1
2 13 1 3 5 8 9 12 14 1
2 13 1 3 5 8 10 11 12 1
2 13 1 3 5 8 10 11 14 1
2 13 1 3 5 8 10 12 14 1.41421
2 13 1 3 5 8 11 12 14 1
2 13 1 3 5 9 10 11 12 0
2 13 1 3 5 9 10 11 14 0
2 13 1 3 5 9 10 12 14 1
2 13 1 3 5 9 11 12 14 1.41421
2 13 1 3 5 10 11 12 14 1
2 13 1 3 6 7 8 9 10 1
2 13 1 3 6 7 8 9 11 1.62019
2 13 1 3 6 7 8 9 12 1.62019
2 13 1 3 6 7 8 9 14 1.41421
2 13 1 3 6 7 8 10 11 1
2 13 1 3 6 7 8 10 12 1
2 13 1 3 6 7 8 10 14 1
2 13 1 3 6 7 8 11 12 1.62019
2 13 1 3 6 7 8 11 14 1.41421
2 13 1 3 6 7 8 12 14 1.41421
2 13 1 3 6 7 9 10 11 1
2 13 1 3 6 7 9 10 12 1
2 13 1 3 6 7 9 10 14 1
2 13 1 3 6 7 9 11 12 1.85164
2 13 1 3 6 7 9 11 14 1.62019
2 13 1 3 6 7 9 12 14 1.62019
2 13 1 3 6 7 10 11 12 1
2 13 1 3 6 7 10 11 14 1
2 13 1 3 6 7 10 12 14 1
2 13 1 3 6 7 11 12 14 1.62019
2 13 1 3 6 8 9 10 11 1.41421
2 13 1 3 6 8 9 10 12 1.41421
2 13 1 3 6 8 9 10 14 1.41421
2 13 1 3 6 8 9 11 12 1.73205
2 13 1 3 6 8 9 11 14 1.62019
2 13 1 3 6 8 9 12 14 1.62019
2 13 1 3 6 8 10 11 12 1.41421
2 13 1 3 6 8 10 11 14 1.41421
2 13 1 3 6 8 10 12 14 1.41421
2 13 1 3 6 8 11 12 14 1.62019
2 13 1 3 6 9 10 11 12 1.41421
2 13 1 3 6 9 10 11 14 1.41421
2 13 1 3 6 9 10 12 14 1.41421
2 13 1 3 6 9 11 12 14 1.73205
2 13 1 3 6 10 11 12 14 1.41421
2 13 1 3 7 8 9 10 11 1
2 13 1 3 7 8 9 10 12 1
2 13 1 3 7 8 9 10 14 1
2 13 1 3 7 8 9 11 12 1.62019
2 13 1 3 7 8 9 11 14 1.41421
2 13 1 3 7 8 9 12 14 1.41421
2 13 1 3 7 8 10 11 12 1
2 13 1 3 7 8 10 11 14 1
2 13 1 3 7 8 10 12 14 1.41421
2 13 1 3 7 8 11 12 14 1.41421
2 13 1 3 7 9 10 11 12 1
2 13 1 3 7 9 10 11 14 1
2 13 1 3 7 9 10 12 14 1
2 13 1 3 7 9 11 12 14 1.62019
2 13 1 3 7 10 11 12 14 1
2 13 1 3 8 9 10 11 12 1.41421
2 13 1 3 8 9 10 11 14 1.41421
2 13 1 3 8 9 10 12 14 1.41421
2 13 1 3 8 9 11 12 14 1.62019
2 13 1 3 8 10 11 12 14 1.41421
2 13 1 3 9 10 11 12 14 1.41421
2 13 1 4 5 6 7 8 9 1
2 13 1 4 5 6 7 8 10 1
2 13 1 4 5 6 7 8 11 1
2 13 1 4 5 6 7 8 12 1
2 13 1 4 5 6 7 8 14 1
2 13 1 4 5 6 7 9 10 1
2 13 1 4 5 6 7 9 11 1.41421
2 13 1 4 5 6 7 9 12 1.41421
2 13 1 4 5 6 7 9 14 1
2 13 1 4 5 6 7 10 11 0
2 13 1 4 5 6 7 10 12 1
2 13 1 4 5 6 7 10 14 1
2 13 1 4 5 6 7 11 12 1.41421
2 13 1 4 5 6 7 11 14 1
2 13 1 4 5 6 7 12 14 1
2 13 1 4 5 6 8 9 10 1.41421
2 13 1 4 5 6 8 9 11 1
2 13 1 4 5 6 8 9 12 1.41421
2 13 1 4 5 6 8 9 14 1.41421
2 13 1 4 5 6 8 10 11 1
2 13 1 4 5 6 8 10 12 1.41421
2 13 1 4 5 6 8 10 14 1.41421
2 13 1 4 5 6 8 11 12 1
2 13 1 4 5 6 8 11 14 1
2 13 1 4 5 6 8 12 14 1.41421
2 13 1 4 5 6 9 10 11 1
2 13 1 4 5 6 9 10 12 1.41421
2 13 1 4 5 6 9 10 14 1.41421
2 13 1 4 5 6 9 11 12 1.41421
2 13 1 4 5 6 9 11 14 1
2 13 1 4 5 6 9 12 14 1.41421
2 13 1 4 5 6 10 11 12 1
2 13 1 4 5 6 10 11 14 1
2 13 1 4 5 6 10 12 14 1.41421
2 13 1 4 5 6 11 12 14 1
2 13 1 4 5 7 8 9 10 1.41421
2 13 1 4 5 7 8 9 11 1
2 13 1 4 5 7 8 9 12 1.41421
2 13 1 4 5 7 8 9 14 1.41421
2 13 1 4 5 7 8 10 11 1
2 13 1 4 5 7 8 10 12 1.62019
2 13 1 4 5 7 8 10 14 1.62019
2 13 1 4 5 7 8 11 12 1
2 13 1 4 5 7 8 11 14 1
2 13 1 4 5 7 8 12 14 1.62019
2 13 1 4 5 7 9 10 11 0
2 13 1 4 5 7 9 10 12 1.41421
2 13 1 4 5 7 9 10 14 1.41421
2 13 1 4 5 7 9 11 12 1.41421
2 13 1 4 5 7 9 11 14 1
2 13 1 4 5 7 9 12 14 1.41421
2 13 1 4 5 7 10 11 12 1
2 13 1 4 5 7 10 11 14 1
2 13 1 4 5 7 10 12 14 1.62019
2 13 1 4 5 7 11 12 14 1
2 13 1 4 5 8 9 10 11 1
2 13 1 4 5 8 9 10 12 1.62019
2 13 1 4 5 8 9 10 14 1.62019
2 13 1 4 5 8 9 11 12 1
2 13 1 4 5 8 9 11 14 1
2 13 1 4 5 8 9 12 14 1.62019
2 13 1 4 5 8 10 11 12 1
2 13 1 4 5 8 10 11 14 1
2 13 1 4 5 8 10 12 14 1.73205
2 13 1 4 5 8 11 12 14 1
2 13 1 4 5 9 10 11 12 1
2 13 1 4 5 9 10 11 14 1
2 13 1 4 5 9 10 12 14 1.62019
2 13 1 4 5 9 11 12 14 1
2 13 1 4 5 10 11 12 14 1
2 13 1 4 6 7 8 9 10 1
2 13 1 4 6 7 8 9 11 1
2 13 1 4 6 7 8 9 12 1
2 13 1 4 6 7 8 9 14 1
2 13 1 4 6 7 8 10 11 0
2 13 1 4 6 7 8 10 12 1
2 13 1 4 6 7 8 10 14 1
2 13 1 4 6 7 8 11 12 1
2 13 1 4 6 7 8 11 14 0
2 13 1 4 6 7 8 12 14 1
2 13 1 4 6 7 9 10 11 0
2 13 1 4 6 7 9 10 12 1
2 13 1 4 6 7 9 10 14 1
2 13 1 4 6 7 9 11 12 1.41421
2 13 1 4 6 7 9 11 14 1
2 13 1 4 6 7 9 12 14 1
2 13 1 4 6 7 10 11 12 0
2 13 1 4 6 7 10 11 14 0
2 13 1 4 6 7 10 12 14 1
2 13 1 4 6 7 11 12 14 1
2 13 1 4 6 8 9 10 11 1.41421
2 13 1 4 6 8 9 10 12 1.62019
2 13 1 4 6 8 9 10 14 1.62019
2 13 1 4 6 8 9 11 12 1.41421
2 13 1 4 6 8 9 11 14 1.41421
2 13 1 4 6 8 9 12 14 1.62019
2 13 1 4 6 8 10 11 12 1.41421
2 13 1 4 6 8 10 11 14 1.41421
2 13 1 4 6 8 10 12 14 1.62019
2 13 1 4 6 8 11 12 14 1.41421
2 13 1 4 6 9 10 11 12 1.41421
2 13 1 4 6 9 10 11 14 1.41421
2 13 1 4 6 9 10 12 14 1.62019
2 13 1 4 6 9 11 12 14 1.41421
2 13 1 4 6 10 11 12 14 1.41421
2 13 1 4 7 8 9 10 11 0
2 13 1 4 7 8 9 10 12 1.41421
2 13 1 4 7 8 9 10 14 1.41421
2 13 1 4 7 8 9 11 12 1
2 13 1 4 7 8 9 11 14 0
2 13 1 4 7 8 9 12 14 1.41421
2 13 1 4 7 8 10 11 12 1
2 13 1 4 7 8 10 11 14 1
2 13 1 4 7 8 10 12 14 1.62019
2 13 1 4 7 8 11 12 14 1
2 13 1 4 7 9 10 11 12 0
2 13 1 4 7 9 10 11 14 0
2 13 1 4 7 9 10 12 14 1.41421
2 13 1 4 7 9 11 12 14 1
2 13 1 4 7 10 11 12 14 1
2 13 1 4 8 9 10 11 12 1.41421
2 13 1 4 8 9 10 11 14 1.41421
2 13 1 4 8 9 10 12 14 1.73205
2 13 1 4 8 9 11 12 14 1.41421
2 13 1 4 8 10 11 12 14 1.41421
2 13 1 4 9 10 11 12 14 1.41421
2 13 1 5 6 7 8 9 10 1
2 13 1 5 6 7 8 9 11 1.41421
2 13 1 5 6 7 8 9 12 1.41421
2 13 1 5 6 7 8 9 14 1
2 13 1 5 6 7 8 10 11 0
2 13 1 5 6 7 8 10 12 1
2 13 1 5 6 7 8 10 14 1
2 13 1 5 6 7 8 11 12 1.41421
2 13 1 5 6 7 8 11 14 1
2 13 1 5 6 7 8 12 14 1
2 13 1 5 6 7 9 10 11 0
2 13 1 5 6 7 9 10 12 1
2 13 1 5 6 7 9 10 14 1
2 13 1 5 6 7 9 11 12 1.73205
2 13 1 5 6 7 9 11 14 1.41421
2 13 1 5 6 7 9 12 14 1.41421
2 13 1 5 6 7 10 11 12 0
2 13 1 5 6 7 10 11 14 0
2 13 1 5 6 7 10 12 14 1
2 13 1 5 6 7 11 12 14 1.41421
2 13 1 5 6 8 9 10 11 1
2 13 1 5 6 8 9 10 12 1.41421
2 13 1 5 6 8 9 10 14 1.41421
2 13 1 5 6 8 9 11 12 1.41421
2 13 1 5 6 8 9 11 14 1
2 13 1 5 6 8 9 12 14 1.41421
2 13 1 5 6 8 10 11 12 1
2 13 1 5 6 8 10 11 14 1
2 13 1 5 6 8 10 12 14 1.41421
2 13 1 5 6 8 11 12 14 1
2 13 1 5 6 9 10 11 12 1
2 13 1 5 6 9 10 11 14 1
2 13 1 5 6 9 10 12 14 1.41421
2 13 1 5 6 9 11 12 14 1.41421
2 13 1 5 6 10 11 12 14 1
2 13 1 5 7 8 9 10 11 0
2 13 1 5 7 8 9 10 12 1.41421
2 13 1 5 7 8 9 10 14 1.41421
2 13 1 5 7 8 9 11 12 1.41421
2 13 1 5 7 8 9 11 14 1
2 13 1 5 7 8 9 12 14 1.41421
2 13 1 5 7 8 10 11 12 1
2 13 1 5 7 8 10 11 14 1
2 13 1 5 7 8 10 12 14 1.62019
2 13 1 5 7 8 11 12 14 1
2 13 1 5 7 9 10 11 12 0
2 13 1 5 7 9 10 11 14 0
2 13 1 5 7 9 10 12 14 1.41421
2 13 1 5 7 9 11 12 14 1.41421
2 13 1 5 7 10 11 12 14 1
2 13 1 5 8 9 10 11 12 1
2 13 1 5 8 9 10 11 14 1
2 13 1 5 8 9 10 12 14 1.62019
2 13 1 5 8 9 11 12 14 1
2 13 1 5 8 10 11 12 14 1
2 13 1 5 9 10 11 12 14 1
2 13 1 6 7 8 9 10 11 1
2 13 1 6 7 8 9 10 12 1
2 13 1 6 7 8 9 10 14 1
2 13 1 6 7 8 9 11 12 1.62019
2 13 1 6 7 8 9 11 14 1.41421
2 13 1 6 7 8 9 12 14 1.41421
2 13 1 6 7 8 10 11 12 1
2 13 1 6 7 8 10 11 14 1
2 13 1 6 7 8 10 12 14 1
2 13 1 6 7 8 11 12 14 1.41421
2 13 1 6 7 9 10 11 12 1
2 13 1 6 7 9 10 11 14 1
2 13 1 6 7 9 10 12 14 1
2 13 1 6 7 9 11 12 14 1.62019
2 13 1 6 7 10 11 12 14 1
2 13 1 6 8 9 10 11 12 1.62019
2 13 1 6 8 9 10 11 14 1.62019
2 13 1 6 8 9 10 12 14 1.73205
2 13 1 6 8 9 11 12 14 1.73205
2 13 1 6 8 10 11 12 14 1.62019
2 13 1 6 9 10 11 12 14 1.62019
2 13 1 7 8 9 10 11 12 1
2 13 1 7 8 9 10 11 14 1
2 13 1 7 8 9 10 12 14 1.41421
2 13 1 7 8 9 11 12 14 1.41421
2 13 1 7 8 10 11 12 14 1
2 13 1 7 9 10 11 12 14 1
2 13 1 8 9 10 11 12 14 1.62019
2 13 3 4 5 6 7 8 9 1
2 13 3 4 5 6 7 8 10 1
2 13 3 4 5 6 7 8 11 1
2 13 3 4 5 6 7 8 12 1
2 13 3 4 5 6 7 8 14 1
2 13 3 4 5 6 7 9 10 1.41421
2 13 3 4 5 6 7 9 11 1.73205
2 13 3 4 5 6 7 9 12 1.62019
2 13 3 4 5 6 7 9 14 1.62019
2 13 3 4 5 6 7 10 11 1.41421
2 13 3 4 5 6 7 10 12 1
2 13 3 4 5 6 7 10 14 1.41421
2 13 3 4 5 6 7 11 12 1.62019
2 13 3 4 5 6 7 11 14 1.62019
2 13 3 4 5 6 7 12 14 1.41421
2 13 3 4 5 6 8 9 10 1.41421
2 13 3 4 5 6 8 9 11 1.41421
2 13 3 4 5 6 8 9 12 1
2 13 3 4 5 6 8 9 14 1.41421
2 13 3 4 5 6 8 10 11 1.41421
2 13 3 4 5 6 8 10 12 1
2 13 3 4 5 6 8 10 14 1.41421
2 13 3 4 5 6 8 11 12 1
2 13 3 4 5 6 8 11 14 1.41421
2 13 3 4 5 6 8 12 14 1
2 13 3 4 5 6 9 10 11 1.73205
2 13 3 4 5 6 9 10 12 1.41421
2 13 3 4 5 6 9 10 14 1.73205
2 13 3 4 5 6 9 11 12 1.73205
2 13 3 4 5 6 9 11 14 1.85164
2 13 3 4 5 6 9 12 14 1.62019
2 13 3 4 5 6 10 11 12 1.41421
2 13 3 4 5 6 10 11 14 1.73205
2 13 3 4 5 6 10 12 14 1.41421
2 13 3 4 5 6 11 12 14 1.62019
2 13 3 4 5 7 8 9 10 1
2 13 3 4 5 7 8 9 11 1
2 13 3 4 5 7 8 9 12 1
2 13 3 4 5 7 8 9 14 1
2 13 3 4 5 7 8 10 11 1
2 13 3 4 5 7 8 10 12 1.41421
2 13 3 4 5 7 8 10 14 1.41421
2 13 3 4 5 7 8 11 12 1
2 13 3 4 5 7 8 11 14 1
2 13 3 4 5 7 8 12 14 1.41421
2 13 3 4 5 7 9 10 11 1.41421
2 13 3 4 5 7 9 10 12 1
2 13 3 4 5 7 9 10 14 1.41421
2 13 3 4 5 7 9 11 12 1.62019
2 13 3 4 5 7 9 11 14 1.62019
2 13 3 4 5 7 9 12 14 1.41421
2 13 3 4 5 7 10 11 12 1
2 13 3 4 5 7 10 11 14 1.41421
2 13 3 4 5 7 10 12 14 1.41421
2 13 3 4 5 7 11 12 14 1.41421
2 13 3 4 5 8 9 10 11 1.41421
2 13 3 4 5 8 9 10 12 1
2 13 3 4 5 8 9 10 14 1.41421
2 13 3 4 5 8 9 11 12 1
2 13 3 4 5 8 9 11 14 1.41421
2 13 3 4 5 8 9 12 14 1
2 13 3 4 5 8 10 11 12 1
2 13 3 4 5 8 10 11 14 1.41421
2 13 3 4 5 8 10 12 14 1.41421
2 13 3 4 5 8 11 12 14 1
2 13 3 4 5 9 10 11 12 1.41421
2 13 3 4 5 9 10 11 14 1.73205
2 13 3 4 5 9 10 12 14 1.41421
2 13 3 4 5 9 11 12 14 1.62019
2 13 3 4 5 10 11 12 14 1.41421
2 13 3 4 6 7 8 9 10 1
2 13 3 4 6 7 8 9 11 1
2 13 3 4 6 7 8 9 12 1
2 13 3 4 6 7 8 9 14 1
2 13 3 4 6 7 8 10 11 1
2 13 3 4 6 7 8 10 12 0
2 13 3 4 6 7 8 10 14 1
2 13 3 4 6 7 8 11 12 1
2 13 3 4 6 7 8 11 14 1
2 13 3 4 6 7 8 12 14 0
2 13 3 4 6 7 9 10 11 1.41421
2 13 3 4 6 7 9 10 12 1
2 13 3 4 6 7 9 10 14 1.41421
2 13 3 4 6 7 9 11 12 1.62019
2 13 3 4 6 7 9 11 14 1.62019
2 13 3 4 6 7 9 12 14 1.41421
2 13 3 4 6 7 10 11 12 1
2 13 3 4 6 7 10 11 14 1.41421
2 13 3 4 6 7 10 12 14 1
2 13 3 4 6 7 11 12 14 1.41421
2 13 3 4 6 8 9 10 11 1.62019
2 13 3 4 6 8 9 10 12 1.41421
2 13 3 4 6 8 9 10 14 1.62019
2 13 3 4 6 8 9 11 12 1.41421
2 13 3 4 6 8 9 11 14 1.62019
2 13 3 4 6 8 9 12 14 1.41421
2 13 3 4 6 8 10 11 12 1.41421
2 13 3 4 6 8 10 11 14 1.62019
2 13 3 4 6 8 10 12 14 1.41421
2 13 3 4 6 8 11 12 14 1.41421
2 13 3 4 6 9 10 11 12 1.62019
2 13 3 4 6 9 10 11 14 1.85164
2 13 3 4 6 9 10 12 14 1.62019
2 13 3 4 6 9 11 12 14 1.73205
2 13 3 4 6 10 11 12 14 1.62019
2 13 3 4 7 8 9 10 11 1
2 13 3 4 7 8 9 10 12 1
2 13 3 4 7 8 9 10 14 1
2 13 3 4 7 8 9 11 12 1
2 13 3 4 7 8 9 11 14 1
2 13 3 4 7 8 9 12 14 1
2 13 3 4 7 8 10 11 12 1
2 13 3 4 7 8 10 11 14 1
2 13 3 4 7 8 10 12 14 1.41421
2 13 3 4 7 8 11 12 14 1
2 13 3 4 7 9 10 11 12 1
2 13 3 4 7 9 10 11 14 1.41421
2 13 3 4 7 9 10 12 14 1
2 13 3 4 7 9 11 12 14 1.41421
2 13 3 4 7 10 11 12 14 1
2 13 3 4 8 9 10 11 12 1.41421
2 13 3 4 8 9 10 11 14 1.62019
2 13 3 4 8 9 10 12 14 1.41421
2 13 3 4 8 9 11 12 14 1.41421
2 13 3 4 8 10 11 12 14 1.41421
2 13 3 4 9 10 11 12 14 1.62019
2 13 3 5 6 7 8 9 10 1
2 13 3 5 6 7 8 9 11 1.41421
2 13 3 5 6 7 8 9 12 1.41421
2 13 3 5 6 7 8 9 14 1
2 13 3 5 6 7 8 10 11 1
2 13 3 5 6 7 8 10 12 0
2 13 3 5 6 7 8 10 14 1
2 13 3 5 6 7 8 11 12 1.41421
2 13 3 5 6 7 8 11 14 1
2 13 3 5 6 7 8 12 14 1
2 13 3 5 6 7 9 10 11 1.41421
2 13 3 5 6 7 9 10 12 1
2 13 3 5 6 7 9 10 14 1.41421
2 13 3 5 6 7 9 11 12 1.85164
2 13 3 5 6 7 9 11 14 1.73205
2 13 3 5 6 7 9 12 14 1.62019
2 13 3 5 6 7 10 11 12 1
2 13 3 5 6 7 10 11 14 1.41421
2 13 3 5 6 7 10 12 14 1
2 13 3 5 6 7 11 12 14 1.62019
2 13 3 5 6 8 9 10 11 1.41421
2 13 3 5 6 8 9 10 12 1
2 13 3 5 6 8 9 10 14 1.41421
2 13 3 5 6 8 9 11 12 1.41421
2 13 3 5 6 8 9 11 14 1.41421
2 13 3 5 6 8 9 12 14 1
2 13 3 5 6 8 10 11 12 1
2 13 3 5 6 8 10 11 14 1.41421
2 13 3 5 6 8 10 12 14 1
2 13 3 5 6 8 11 12 14 1
2 13 3 5 6 9 10 11 12 1.41421
2 13 3 5 6 9 10 11 14 1.73205
2 13 3 5 6 9 10 12 14 1.41421
2 13 3 5 6 9 11 12 14 1.73205
2 13 3 5 6 10 11 12 14 1.41421
2 13 3 5 7 8 9 10 11 1
2 13 3 5 7 8 9 10 12 1
2 13 3 5 7 8 9 10 14 1
2 13 3 5 7 8 9 11 12 1.41421
2 13 3 5 7 8 9 11 14 1
2 13 3 5 7 8 9 12 14 1
2 13 3 5 7 8 10 11 12 1
2 13 3 5 7 8 10 11 14 1
2 13 3 5 7 8 10 12 14 1.41421
2 13 3 5 7 8 11 12 14 1
2 13 3 5 7 9 10 11 12 1
2 13 3 5 7 9 10 11 14 1.41421
2 13 3 5 7 9 10 12 14 1
2 13 3 5 7 9 11 12 14 1.62019
2 13 3 5 7 10 11 12 14 1
2 13 3 5 8 9 10 11 12 1
2 13 3 5 8 9 10 11 14 1.41421
2 13 3 5 8 9 10 12 14 1
2 13 3 5 8 9 11 12 14 1
2 13 3 5 8 10 11 12 14 1
2 13 3 5 9 10 11 12 14 1.41421
2 13 3 6 7 8 9 10 11 1
2 13 3 6 7 8 9 10 12 1
2 13 3 6 7 8 9 10 14 1
2 13 3 6 7 8 9 11 12 1.62019
2 13 3 6 7 8 9 11 14 1.41421
2 13 3 6 7 8 9 12 14 1.41421
2 13 3 6 7 8 10 11 12 1
2 13 3 6 7 8 10 11 14 1
2 13 3 6 7 8 10 12 14 1
2 13 3 6 7 8 11 12 14 1.41421
2 13 3 6 7 9 10 11 12 1
2 13 3 6 7 9 10 11 14 1.41421
2 13 3 6 7 9 10 12 14 1
2 13 3 6 7 9 11 12 14 1.73205
2 13 3 6 7 10 11 12 14 1
2 13 3 6 8 9 10 11 12 1.62019
2 13 3 6 8 9 10 11 14 1.73205
2 13 3 6 8 9 10 12 14 1.62019
2 13 3 6 8 9 11 12 14 1.73205
2 13 3 6 8 10 11 12 14 1.62019
2 13 3 6 9 10 11 12 14 1.73205
2 13 3 7 8 9 10 11 12 1
2 13 3 7 8 9 10 11 14 1
2 13 3 7 8 9 10 12 14 1
2 13 3 7 8 9 11 12 14 1.41421
2 13 3 7 8 10 11 12 14 1
2 13 3 7 9 10 11 12 14 1
2 13 3 8 9 10 11 12 14 1.62019
2 13 4 5 6 7 8 9 10 1
2 13 4 5 6 7 8 9 11 1
2 13 4 5 6 7 8 9 12 1
2 13 4 5 6 7 8 9 14 1
2 13 4 5 6 7 8 10 11 1
2 13 4 5 6 7 8 10 12 1
2 13 4 5 6 7 8 10 14 1
2 13 4 5 6 7 8 11 12 1
2 13 4 5 6 7 8 11 14 1
2 13 4 5 6 7 8 12 14 1
2 13 4 5 6 7 9 10 11 1.41421
2 13 4 5 6 7 9 10 12 1
2 13 4 5 6 7 9 10 14 1.41421
2 13 4 5 6 7 9 11 12 1.62019
2 13 4 5 6 7 9 11 14 1.62019
2 13 4 5 6 7 9 12 14 1.41421
2 13 4 5 6 7 10 11 12 1
2 13 4 5 6 7 10 11 14 1.41421
2 13 4 5 6 7 10 12 14 1
2 13 4 5 6 7 11 12 14 1.41421
2 13 4 5 6 8 9 10 11 1.62019
2 13 4 5 6 8 9 10 12 1.62019
2 13 4 5 6 8 9 10 14 1.73205
2 13 4 5 6 8 9 11 12 1.41421
2 13 4 5 6 8 9 11 14 1.62019
2 13 4 5 6 8 9 12 14 1.62019
2 13 4 5 6 8 10 11 12 1.41421
2 13 4 5 6 8 10 11 14 1.62019
2 13 4 5 6 8 10 12 14 1.62019
2 13 4 5 6 8 11 12 14 1.41421
2 13 4 5 6 9 10 11 12 1.62019
2 13 4 5 6 9 10 11 14 1.85164
2 13 4 5 6 9 10 12 14 1.73205
2 13 4 5 6 9 11 12 14 1.73205
2 13 4 5 6 10 11 12 14 1.62019
2 13 4 5 7 8 9 10 11 1
2 13 4 5 7 8 9 10 12 1.41421
2 13 4 5 7 8 9 10 14 1.41421
2 13 4 5 7 8 9 11 12 1
2 13 4 5 7 8 9 11 14 1
2 13 4 5 7 8 9 12 14 1.41421
2 13 4 5 7 8 10 11 12 1
2 13 4 5 7 8 10 11 14 1
2 13 4 5 7 8 10 12 14 1.62019
2 13 4 5 7 8 11 12 14 1
2 13 4 5 7 9 10 11 12 1
2 13 4 5 7 9 10 11 14 1.41421
2 13 4 5 7 9 10 12 14 1.41421
2 13 4 5 7 9 11 12 14 1.41421
2 13 4 5 7 10 11 12 14 1
2 13 4 5 8 9 10 11 12 1.41421
2 13 4 5 8 9 10 11 14 1.62019
2 13 4 5 8 9 10 12 14 1.73205
2 13 4 5 8 9 11 12 14 1.41421
2 13 4 5 8 10 11 12 14 1.41421
2 13 4 5 9 10 11 12 14 1.62019
2 13 4 6 7 8 9 10 11 1
2 13 4 6 7 8 9 10 12 1
2 13 4 6 7 8 9 10 14 1
2 13 4 6 7 8 9 11 12 1
2 13 4 6 7 8 9 11 14 1
2 13 4 6 7 8 9 12 14 1
2 13 4 6 7 8 10 11 12 0
2 13 4 6 7 8 10 11 14 1
2 13 4 6 7 8 10 12 14 1
2 13 4 6 7 8 11 12 14 0
2 13 4 6 7 9 10 11 12 1
2 13 4 6 7 9 10 11 14 1.41421
2 13 4 6 7 9 10 12 14 1
2 13 4 6 7 9 11 12 14 1.41421
2 13 4 6 7 10 11 12 14 1
2 13 4 6 8 9 10 11 12 1.73205
2 13 4 6 8 9 10 11 14 1.85164
2 13 4 6 8 9 10 12 14 1.85164
2 13 4 6 8 9 11 12 14 1.73205
2 13 4 6 8 10 11 12 14 1.73205
2 13 4 6 9 10 11 12 14 1.85164
2 13 4 7 8 9 10 11 12 0
2 13 4 7 8 9 10 11 14 1
2 13 4 7 8 9 10 12 14 1.41421
2 13 4 7 8 9 11 12 14 0
2 13 4 7 8 10 11 12 14 1
2 13 4 7 9 10 11 12 14 1
2 13 4 8 9 10 11 12 14 1.73205
2 13 5 6 7 8 9 10 11 1
2 13 5 6 7 8 9 10 12 1
2 13 5 6 7 8 9 10 14 1
2 13 5 6 7 8 9 11 12 1.41421
2 13 5 6 7 8 9 11 14 1
2 13 5 6 7 8 9 12 14 1
2 13 5 6 7 8 10 11 12 0
2 13 5 6 7 8 10 11 14 1
2 13 5 6 7 8 10 12 14 1
2 13 5 6 7 8 11 12 14 1
2 13 5 6 7 9 10 11 12 1
2 13 5 6 7 9 10 11 14 1.41421
2 13 5 6 7 9 10 12 14 1
2 13 5 6 7 9 11 12 14 1.62019
2 13 5 6 7 10 11 12 14 1
2 13 5 6 8 9 10 11 12 1.41421
2 13 5 6 8 9 10 11 14 1.62019
2 13 5 6 8 9 10 12 14 1.62019
2 13 5 6 8 9 11 12 14 1.41421
2 13 5 6 8 10 11 12 14 1.41421
2 13 5 6 9 10 11 12 14 1.62019
2 13 5 7 8 9 10 11 12 0
2 13 5 7 8 9 10 11 14 1
2 13 5 7 8 9 10 12 14 1.41421
2 13 5 7 8 9 11 12 14 1
2 13 5 7 8 10 11 12 14 1
2 13 5 7 9 10 11 12 14 1
2 13 5 8 9 10 11 12 14 1.41421
2 13 6 7 8 9 10 11 12 1
2 13 6 7 8 9 10 11 14 1
2 13 6 7 8 9 10 12 14 1
2 13 6 7 8 9 11 12 14 1.41421
2 13 6 7 8 10 11 12 14 1
2 13 6 7 9 10 11 12 14 1
2 13 6 8 9 10 11 12 14 1.85164
2 13 7 8 9 10 11 12 14 1
