1 12 0 2 3 4 5 6 7 8 9 10 0
1 12 0 2 3 4 5 6 7 8 9 11 1
1 12 0 2 3 4 5 6 7 8 9 13 1
1 12 0 2 3 4 5 6 7 8 9 14 0
1 12 0 2 3 4 5 6 7 8 10 11 0
1 12 0 2 3 4 5 6 7 8 10 13 0
1 12 0 2 3 4 5 6 7 8 10 14 0
1 12 0 2 3 4 5 6 7 8 11 13 1
1 12 0 2 3 4 5 6 7 8 11 14 0
1 12 0 2 3 4 5 6 7 8 13 14 0
1 12 0 2 3 4 5 6 7 9 10 11 0
1 12 0 2 3 4 5 6 7 9 10 13 0
1 12 0 2 3 4 5 6 7 9 10 14 0
1 12 0 2 3 4 5 6 7 9 11 13 1.41421
1 12 0 2 3 4 5 6 7 9 11 14 1
1 12 0 2 3 4 5 6 7 9 13 14 1
1 12 0 2 3 4 5 6 7 10 11 13 0
1 12 0 2 3 4 5 6 7 10 11 14 0
1 12 0 2 3 4 5 6 7 10 13 14 0
1 12 0 2 3 4 5 6 7 11 13 14 1
1 12 0 2 3 4 5 6 8 9 10 11 0
1 12 0 2 3 4 5 6 8 9 10 13 0
1 12 0 2 3 4 5 6 8 9 10 14 0
1 12 0 2 3 4 5 6 8 9 11 13 1
1 12 0 2 3 4 5 6 8 9 11 14 0
1 12 0 2 3 4 5 6 8 9 13 14 0
1 12 0 2 3 4 5 6 8 10 11 13 0
1 12 0 2 3 4 5 6 8 10 11 14 0
1 12 0 2 3 4 5 6 8 10 13 14 0
1 12 0 2 3 4 5 6 8 11 13 14 0
1 12 0 2 3 4 5 6 9 10 11 13 0
1 12 0 2 3 4 5 6 9 10 11 14 0
1 12 0 2 3 4 5 6 9 10 13 14 0
1 12 0 2 3 4 5 6 9 11 13 14 1
1 12 0 2 3 4 5 6 10 11 13 14 0
1 12 0 2 3 4 5 7 8 9 10 11 0
1 12 0 2 3 4 5 7 8 9 10 13 1
1 12 0 2 3 4 5 7 8 9 10 14 1
1 12 0 2 3 4 5 7 8 9 11 13 1
1 12 0 2 3 4 5 7 8 9 11 14 0
1 12 0 2 3 4 5 7 8 9 13 14 1
1 12 0 2 3 4 5 7 8 10 11 13 1
1 12 0 2 3 4 5 7 8 10 11 14 1
1 12 0 2 3 4 5 7 8 10 13 14 1.41421
1 12 0 2 3 4 5 7 8 11 13 14 1
1 12 0 2 3 4 5 7 9 10 11 13 0
1 12 0 2 3 4 5 7 9 10 11 14 0
1 12 0 2 3 4 5 7 9 10 13 14 1
1 12 0 2 3 4 5 7 9 11 13 14 1
1 12 0 2 3 4 5 7 10 11 13 14 1
1 12 0 2 3 4 5 8 9 10 11 13 0
1 12 0 2 3 4 5 8 9 10 11 14 0
1 12 0 2 3 4 5 8 9 10 13 14 1
1 12 0 2 3 4 5 8 9 11 13 14 0
1 12 0 2 3 4 5 8 10 11 13 14 1
1 12 0 2 3 4 5 9 10 11 13 14 0
1 12 0 2 3 4 6 7 8 9 10 11 0
1 12 0 2 3 4 6 7 8 9 10 13 0
1 12 0 2 3 4 6 7 8 9 10 14 0
1 12 0 2 3 4 6 7 8 9 11 13 1
1 12 0 2 3 4 6 7 8 9 11 14 0
1 12 0 2 3 4 6 7 8 9 13 14 0
1 12 0 2 3 4 6 7 8 10 11 13 0
1 12 0 2 3 4 6 7 8 10 11 14 0
1 12 0 2 3 4 6 7 8 10 13 14 0
1 12 0 2 3 4 6 7 8 11 13 14 0
1 12 0 2 3 4 6 7 9 10 11 13 0
1 12 0 2 3 4 6 7 9 10 11 14 0
1 12 0 2 3 4 6 7 9 10 13 14 0
1 12 0 2 3 4 6 7 9 11 13 14 1
1 12 0 2 3 4 6 7 10 11 13 14 0
1 12 0 2 3 4 6 8 9 10 11 13 1
1 12 0 2 3 4 6 8 9 10 11 14 1
1 12 0 2 3 4 6 8 9 10 13 14 1
1 12 0 2 3 4 6 8 9 11 13 14 1
1 12 0 2 3 4 6 8 10 11 13 14 1
1 12 0 2 3 4 6 9 10 11 13 14 1
1 12 0 2 3 4 7 8 9 10 11 13 0
1 12 0 2 3 4 7 8 9 10 11 14 0
1 12 0 2 3 4 7 8 9 10 13 14 1
1 12 0 2 3 4 7 8 9 11 13 14 0
1 12 0 2 3 4 7 8 10 11 13 14 1
1 12 0 2 3 4 7 9 10 11 13 14 0
1 12 0 2 3 4 8 9 10 11 13 14 1
1 12 0 2 3 5 6 7 8 9 10 11 0
1 12 0 2 3 5 6 7 8 9 10 13 0
1 12 0 2 3 5 6 7 8 9 10 14 0
1 12 0 2 3 5 6 7 8 9 11 13 1.41421
1 12 0 2 3 5 6 7 8 9 11 14 1
1 12 0 2 3 5 6 7 8 9 13 14 1
1 12 0 2 3 5 6 7 8 10 11 13 0
1 12 0 2 3 5 6 7 8 10 11 14 0
1 12 0 2 3 5 6 7 8 10 13 14 0
1 12 0 2 3 5 6 7 8 11 13 14 1
1 12 0 2 3 5 6 7 9 10 11 13 0
1 12 0 2 3 5 6 7 9 10 11 14 0
1 12 0 2 3 5 6 7 9 10 13 14 0
1 12 0 2 3 5 6 7 9 11 13 14 1.41421
1 12 0 2 3 5 6 7 10 11 13 14 0
1 12 0 2 3 5 6 8 9 10 11 13 0
1 12 0 2 3 5 6 8 9 10 11 14 0
1 12 0 2 3 5 6 8 9 10 13 14 0
1 12 0 2 3 5 6 8 9 11 13 14 1
1 12 0 2 3 5 6 8 10 11 13 14 0
1 12 0 2 3 5 6 9 10 11 13 14 0
1 12 0 2 3 5 7 8 9 10 11 13 0
1 12 0 2 3 5 7 8 9 10 11 14 0
1 12 0 2 3 5 7 8 9 10 13 14 1
1 12 0 2 3 5 7 8 9 11 13 14 1
1 12 0 2 3 5 7 8 10 11 13 14 1
1 12 0 2 3 5 7 9 10 11 13 14 0
1 12 0 2 3 5 8 9 10 11 13 14 0
1 12 0 2 3 6 7 8 9 10 11 13 1
1 12 0 2 3 6 7 8 9 10 11 14 1
1 12 0 2 3 6 7 8 9 10 13 14 1
1 12 0 2 3 6 7 8 9 11 13 14 1.41421
1 12 0 2 3 6 7 8 10 11 13 14 1
1 12 0 2 3 6 7 9 10 11 13 14 1
1 12 0 2 3 6 8 9 10 11 13 14 1.41421
1 12 0 2 3 7 8 9 10 11 13 14 1
1 12 0 2 4 5 6 7 8 9 10 11 0
1 12 0 2 4 5 6 7 8 9 10 13 1
1 12 0 2 4 5 6 7 8 9 10 14 1
1 12 0 2 4 5 6 7 8 9 11 13 1
1 12 0 2 4 5 6 7 8 9 11 14 0
1 12 0 2 4 5 6 7 8 9 13 14 1
1 12 0 2 4 5 6 7 8 10 11 13 0
1 12 0 2 4 5 6 7 8 10 11 14 0
1 12 0 2 4 5 6 7 8 10 13 14 1
1 12 0 2 4 5 6 7 8 11 13 14 0
1 12 0 2 4 5 6 7 9 10 11 13 0
1 12 0 2 4 5 6 7 9 10 11 14 0
1 12 0 2 4 5 6 7 9 10 13 14 1
1 12 0 2 4 5 6 7 9 11 13 14 1
1 12 0 2 4 5 6 7 10 11 13 14 0
1 12 0 2 4 5 6 8 9 10 11 13 1
1 12 0 2 4 5 6 8 9 10 11 14 1
1 12 0 2 4 5 6 8 9 10 13 14 1.41421
1 12 0 2 4 5 6 8 9 11 13 14 1
1 12 0 2 4 5 6 8 10 11 13 14 1
1 12 0 2 4 5 6 9 10 11 13 14 1
1 12 0 2 4 5 7 8 9 10 11 13 0
1 12 0 2 4 5 7 8 9 10 11 14 0
1 12 0 2 4 5 7 8 9 10 13 14 1.41421
1 12 0 2 4 5 7 8 9 11 13 14 0
1 12 0 2 4 5 7 8 10 11 13 14 1
1 12 0 2 4 5 7 9 10 11 13 14 0
1 12 0 2 4 5 8 9 10 11 13 14 1
1 12 0 2 4 6 7 8 9 10 11 13 0
1 12 0 2 4 6 7 8 9 10 11 14 0
1 12 0 2 4 6 7 8 9 10 13 14 1
1 12 0 2 4 6 7 8 9 11 13 14 0
1 12 0 2 4 6 7 8 10 11 13 14 0
1 12 0 2 4 6 7 9 10 11 13 14 0
1 12 0 2 4 6 8 9 10 11 13 14 1.41421
1 12 0 2 4 7 8 9 10 11 13 14 0
1 12 0 2 5 6 7 8 9 10 11 13 0
1 12 0 2 5 6 7 8 9 10 11 14 0
1 12 0 2 5 6 7 8 9 10 13 14 1
1 12 0 2 5 6 7 8 9 11 13 14 1
1 12 0 2 5 6 7 8 10 11 13 14 0
1 12 0 2 5 6 7 9 10 11 13 14 0
1 12 0 2 5 6 8 9 10 11 13 14 1
1 12 0 2 5 7 8 9 10 11 13 14 0
1 12 0 2 6 7 8 9 10 11 13 14 1
1 12 0 3 4 5 6 7 8 9 10 11 0
1 12 0 3 4 5 6 7 8 9 10 13 0
1 12 0 3 4 5 6 7 8 9 10 14 0
1 12 0 3 4 5 6 7 8 9 11 13 1
1 12 0 3 4 5 6 7 8 9 11 14 0
1 12 0 3 4 5 6 7 8 9 13 14 0
1 12 0 3 4 5 6 7 8 10 11 13 0
1 12 0 3 4 5 6 7 8 10 11 14 0
1 12 0 3 4 5 6 7 8 10 13 14 0
1 12 0 3 4 5 6 7 8 11 13 14 0
1 12 0 3 4 5 6 7 9 10 11 13 0
1 12 0 3 4 5 6 7 9 10 11 14 0
1 12 0 3 4 5 6 7 9 10 13 14 0
1 12 0 3 4 5 6 7 9 11 13 14 1
1 12 0 3 4 5 6 7 10 11 13 14 0
1 12 0 3 4 5 6 8 9 10 11 13 0
1 12 0 3 4 5 6 8 9 10 11 14 0
1 12 0 3 4 5 6 8 9 10 13 14 0
1 12 0 3 4 5 6 8 9 11 13 14 0
1 12 0 3 4 5 6 8 10 11 13 14 0
1 12 0 3 4 5 6 9 10 11 13 14 0
1 12 0 3 4 5 7 8 9 10 11 13 0
1 12 0 3 4 5 7 8 9 10 11 14 0
1 12 0 3 4 5 7 8 9 10 13 14 1
1 12 0 3 4 5 7 8 9 11 13 14 0
1 12 0 3 4 5 7 8 10 11 13 14 1
1 12 0 3 4 5 7 9 10 11 13 14 0
1 12 0 3 4 5 8 9 10 11 13 14 0
1 12 0 3 4 6 7 8 9 10 11 13 1
1 12 0 3 4 6 7 8 9 10 11 14 1
1 12 0 3 4 6 7 8 9 10 13 14 1
1 12 0 3 4 6 7 8 9 11 13 14 1
1 12 0 3 4 6 7 8 10 11 13 14 1
1 12 0 3 4 6 7 9 10 11 13 14 1
1 12 0 3 4 6 8 9 10 11 13 14 1.41421
1 12 0 3 4 7 8 9 10 11 13 14 1
1 12 0 3 5 6 7 8 9 10 11 13 0
1 12 0 3 5 6 7 8 9 10 11 14 0
1 12 0 3 5 6 7 8 9 10 13 14 0
1 12 0 3 5 6 7 8 9 11 13 14 1
1 12 0 3 5 6 7 8 10 11 13 14 0
1 12 0 3 5 6 7 9 10 11 13 14 0
1 12 0 3 5 6 8 9 10 11 13 14 0
1 12 0 3 5 7 8 9 10 11 13 14 0
1 12 0 3 6 7 8 9 10 11 13 14 1.41421
1 12 0 4 5 6 7 8 9 10 11 13 1
1 12 0 4 5 6 7 8 9 10 11 14 1
1 12 0 4 5 6 7 8 9 10 13 14 1.41421
1 12 0 4 5 6 7 8 9 11 13 14 1
1 12 0 4 5 6 7 8 10 11 13 14 1
1 12 0 4 5 6 7 9 10 11 13 14 1
1 12 0 4 5 6 8 9 10 11 13 14 1.41421
1 12 0 4 5 7 8 9 10 11 13 14 1
1 12 0 4 6 7 8 9 10 11 13 14 1.41421
1 12 0 5 6 7 8 9 10 11 13 14 1
1 12 2 3 4 5 6 7 8 9 10 11 1
1 12 2 3 4 5 6 7 8 9 10 13 0
1 12 2 3 4 5 6 7 8 9 10 14 1
1 12 2 3 4 5 6 7 8 9 11 13 1
1 12 2 3 4 5 6 7 8 9 11 14 1
1 12 2 3 4 5 6 7 8 9 13 14 0
1 12 2 3 4 5 6 7 8 10 11 13 0
1 12 2 3 4 5 6 7 8 10 11 14 1
1 12 2 3 4 5 6 7 8 10 13 14 0
1 12 2 3 4 5 6 7 8 11 13 14 0
1 12 2 3 4 5 6 7 9 10 11 13 0
1 12 2 3 4 5 6 7 9 10 11 14 1
1 12 2 3 4 5 6 7 9 10 13 14 0
1 12 2 3 4 5 6 7 9 11 13 14 1
1 12 2 3 4 5 6 7 10 11 13 14 0
1 12 2 3 4 5 6 8 9 10 11 13 0
1 12 2 3 4 5 6 8 9 10 11 14 1
1 12 2 3 4 5 6 8 9 10 13 14 0
1 12 2 3 4 5 6 8 9 11 13 14 0
1 12 2 3 4 5 6 8 10 11 13 14 0
1 12 2 3 4 5 6 9 10 11 13 14 0
1 12 2 3 4 5 7 8 9 10 11 13 0
1 12 2 3 4 5 7 8 9 10 11 14 1
1 12 2 3 4 5 7 8 9 10 13 14 1
1 12 2 3 4 5 7 8 9 11 13 14 0
1 12 2 3 4 5 7 8 10 11 13 14 1
1 12 2 3 4 5 7 9 10 11 13 14 0
1 12 2 3 4 5 8 9 10 11 13 14 0
1 12 2 3 4 6 7 8 9 10 11 13 0
1 12 2 3 4 6 7 8 9 10 11 14 1
1 12 2 3 4 6 7 8 9 10 13 14 0
1 12 2 3 4 6 7 8 9 11 13 14 0
1 12 2 3 4 6 7 8 10 11 13 14 0
1 12 2 3 4 6 7 9 10 11 13 14 0
1 12 2 3 4 6 8 9 10 11 13 14 1
1 12 2 3 4 7 8 9 10 11 13 14 0
1 12 2 3 5 6 7 8 9 10 11 13 0
1 12 2 3 5 6 7 8 9 10 11 14 1
1 12 2 3 5 6 7 8 9 10 13 14 0
1 12 2 3 5 6 7 8 9 11 13 14 1
1 12 2 3 5 6 7 8 10 11 13 14 0
1 12 2 3 5 6 7 9 10 11 13 14 0
1 12 2 3 5 6 8 9 10 11 13 14 0
1 12 2 3 5 7 8 9 10 11 13 14 0
1 12 2 3 6 7 8 9 10 11 13 14 1
1 12 2 4 5 6 7 8 9 10 11 13 0
1 12 2 4 5 6 7 8 9 10 11 14 1
1 12 2 4 5 6 7 8 9 10 13 14 1
1 12 2 4 5 6 7 8 9 11 13 14 0
1 12 2 4 5 6 7 8 10 11 13 14 0
1 12 2 4 5 6 7 9 10 11 13 14 0
1 12 2 4 5 6 8 9 10 11 13 14 1
1 12 2 4 5 7 8 9 10 11 13 14 0
1 12 2 4 6 7 8 9 10 11 13 14 0
1 12 2 5 6 7 8 9 10 11 13 14 0
1 12 3 4 5 6 7 8 9 10 11 13 0
1 12 3 4 5 6 7 8 9 10 11 14 1
1 12 3 4 5 6 7 8 9 10 13 14 0
1 12 3 4 5 6 7 8 9 11 13 14 0
1 12 3 4 5 6 7 8 10 11 13 14 0
1 12 3 4 5 6 7 9 10 11 13 14 0
1 12 3 4 5 6 8 9 10 11 13 14 0
1 12 3 4 5 7 8 9 10 11 13 14 0
1 12 3 4 6 7 8 9 10 11 13 14 1
1 12 3 5 6 7 8 9 10 11 13 14 0
1 12 4 5 6 7 8 9 10 11 13 14 1
