7 8 0 1 2
7 8 0 2 1.62019
7 8 0 3 1.96214
7 8 0 4 2.09069
7 8 0 5 1.96214
7 8 0 6 2.1391
7 8 0 9 2.1557
7 8 0 10 2.1391
7 8 0 11 2.09069
7 8 0 12 2.16025
7 8 0 13 2.16025
7 8 0 14 2.1557
7 8 1 2 1.62019
7 8 1 3 1.73205
7 8 1 4 1.81265
7 8 1 5 1.73205
7 8 1 6 2
7 8 1 9 2
7 8 1 10 2
7 8 1 11 1.81265
7 8 1 12 2
7 8 1 13 2
7 8 1 14 2
7 8 2 3 1.62019
7 8 2 4 1.62019
7 8 2 5 1.62019
7 8 2 6 1.62019
7 8 2 9 1.62019
7 8 2 10 1.62019
7 8 2 11 1.62019
7 8 2 12 1.62019
7 8 2 13 1.62019
7 8 2 14 1.62019
7 8 3 4 1.93309
7 8 3 5 1.85164
7 8 3 6 2.02367
7 8 3 9 2.02367
7 8 3 10 2
7 8 3 11 2.02367
7 8 3 12 2
7 8 3 13 2
7 8 3 14 2
7 8 4 5 2.02367
7 8 4 6 2.09938
7 8 4 9 2.16025
7 8 4 10 2.14154
7 8 4 11 2.04939
7 8 4 12 2.04495
7 8 4 13 2
7 8 4 14 2.14154
7 8 5 6 2
7 8 5 9 2
7 8 5 10 2.02367
7 8 5 11 1.93309
7 8 5 12 2
7 8 5 13 2
7 8 5 14 2.02367
7 8 6 9 2.1693
7 8 6 10 2.13809
7 8 6 11 2.14154
7 8 6 12 2.08167
7 8 6 13 2.08167
7 8 6 14 2.15322
7 8 9 10 2.15322
7 8 9 11 2.14154
7 8 9 12 2.10442
7 8 9 13 2.08167
7 8 9 14 2.1643
7 8 10 11 2.09938
7 8 10 12 2.08167
7 8 10 13 2.08167
7 8 10 14 2.1693
7 8 11 12 2.04495
7 8 11 13 2
7 8 11 14 2.16025
7 8 12 13 2.04742
7 8 12 14 2.10442
7 8 13 14 2.08167
