6 12 0 1 2 3 4 5 7 8 9 10 0
6 12 0 1 2 3 4 5 7 8 9 11 1
6 12 0 1 2 3 4 5 7 8 9 13 1
6 12 0 1 2 3 4 5 7 8 9 14 0
6 12 0 1 2 3 4 5 7 8 10 11 0
6 12 0 1 2 3 4 5 7 8 10 13 0
6 12 0 1 2 3 4 5 7 8 10 14 0
6 12 0 1 2 3 4 5 7 8 11 13 1
6 12 0 1 2 3 4 5 7 8 11 14 0
6 12 0 1 2 3 4 5 7 8 13 14 0
6 12 0 1 2 3 4 5 7 9 10 11 0
6 12 0 1 2 3 4 5 7 9 10 13 0
6 12 0 1 2 3 4 5 7 9 10 14 0
6 12 0 1 2 3 4 5 7 9 11 13 1.41421
6 12 0 1 2 3 4 5 7 9 11 14 1
6 12 0 1 2 3 4 5 7 9 13 14 1
6 12 0 1 2 3 4 5 7 10 11 13 0
6 12 0 1 2 3 4 5 7 10 11 14 0
6 12 0 1 2 3 4 5 7 10 13 14 0
6 12 0 1 2 3 4 5 7 11 13 14 1
6 12 0 1 2 3 4 5 8 9 10 11 0
6 12 0 1 2 3 4 5 8 9 10 13 0
6 12 0 1 2 3 4 5 8 9 10 14 0
6 12 0 1 2 3 4 5 8 9 11 13 1
6 12 0 1 2 3 4 5 8 9 11 14 0
6 12 0 1 2 3 4 5 8 9 13 14 0
6 12 0 1 2 3 4 5 8 10 11 13 0
6 12 0 1 2 3 4 5 8 10 11 14 0
6 12 0 1 2 3 4 5 8 10 13 14 0
6 12 0 1 2 3 4 5 8 11 13 14 0
6 12 0 1 2 3 4 5 9 10 11 13 0
6 12 0 1 2 3 4 5 9 10 11 14 0
6 12 0 1 2 3 4 5 9 10 13 14 0
6 12 0 1 2 3 4 5 9 11 13 14 1
6 12 0 1 2 3 4 5 10 11 13 14 0
6 12 0 1 2 3 4 7 8 9 10 11 0
6 12 0 1 2 3 4 7 8 9 10 13 0
6 12 0 1 2 3 4 7 8 9 10 14 0
6 12 0 1 2 3 4 7 8 9 11 13 1
6 12 0 1 2 3 4 7 8 9 11 14 0
6 12 0 1 2 3 4 7 8 9 13 14 0
6 12 0 1 2 3 4 7 8 10 11 13 0
6 12 0 1 2 3 4 7 8 10 11 14 0
6 12 0 1 2 3 4 7 8 10 13 14 0
6 12 0 1 2 3 4 7 8 11 13 14 0
6 12 0 1 2 3 4 7 9 10 11 13 0
6 12 0 1 2 3 4 7 9 10 11 14 0
6 12 0 1 2 3 4 7 9 10 13 14 0
6 12 0 1 2 3 4 7 9 11 13 14 1
6 12 0 1 2 3 4 7 10 11 13 14 0
6 12 0 1 2 3 4 8 9 10 11 13 1
6 12 0 1 2 3 4 8 9 10 11 14 1
6 12 0 1 2 3 4 8 9 10 13 14 1
6 12 0 1 2 3 4 8 9 11 13 14 1
6 12 0 1 2 3 4 8 10 11 13 14 1
6 12 0 1 2 3 4 9 10 11 13 14 1
6 12 0 1 2 3 5 7 8 9 10 11 0
6 12 0 1 2 3 5 7 8 9 10 13 0
6 12 0 1 2 3 5 7 8 9 10 14 0
6 12 0 1 2 3 5 7 8 9 11 13 1.41421
6 12 0 1 2 3 5 7 8 9 11 14 1
6 12 0 1 2 3 5 7 8 9 13 14 1
6 12 0 1 2 3 5 7 8 10 11 13 0
6 12 0 1 2 3 5 7 8 10 11 14 0
6 12 0 1 2 3 5 7 8 10 13 14 0
6 12 0 1 2 3 5 7 8 11 13 14 1
6 12 0 1 2 3 5 7 9 10 11 13 0
6 12 0 1 2 3 5 7 9 10 11 14 0
6 12 0 1 2 3 5 7 9 10 13 14 0
6 12 0 1 2 3 5 7 9 11 13 14 1.41421
6 12 0 1 2 3 5 7 10 11 13 14 0
6 12 0 1 2 3 5 8 9 10 11 13 0
6 12 0 1 2 3 5 8 9 10 11 14 0
6 12 0 1 2 3 5 8 9 10 13 14 0
6 12 0 1 2 3 5 8 9 11 13 14 1
6 12 0 1 2 3 5 8 10 11 13 14 0
6 12 0 1 2 3 5 9 10 11 13 14 0
6 12 0 1 2 3 7 8 9 10 11 13 1
6 12 0 1 2 3 7 8 9 10 11 14 1
6 12 0 1 2 3 7 8 9 10 13 14 1
6 12 0 1 2 3 7 8 9 11 13 14 1.41421
6 12 0 1 2 3 7 8 10 11 13 14 1
6 12 0 1 2 3 7 9 10 11 13 14 1
6 12 0 1 2 3 8 9 10 11 13 14 1.41421
6 12 0 1 2 4 5 7 8 9 10 11 0
6 12 0 1 2 4 5 7 8 9 10 13 1
6 12 0 1 2 4 5 7 8 9 10 14 1
6 12 0 1 2 4 5 7 8 9 11 13 1
6 12 0 1 2 4 5 7 8 9 11 14 0
6 12 0 1 2 4 5 7 8 9 13 14 1
6 12 0 1 2 4 5 7 8 10 11 13 0
6 12 0 1 2 4 5 7 8 10 11 14 0
6 12 0 1 2 4 5 7 8 10 13 14 1
6 12 0 1 2 4 5 7 8 11 13 14 0
6 12 0 1 2 4 5 7 9 10 11 13 0
6 12 0 1 2 4 5 7 9 10 11 14 0
6 12 0 1 2 4 5 7 9 10 13 14 1
6 12 0 1 2 4 5 7 9 11 13 14 1
6 12 0 1 2 4 5 7 10 11 13 14 0
6 12 0 1 2 4 5 8 9 10 11 13 1
6 12 0 1 2 4 5 8 9 10 11 14 1
6 12 0 1 2 4 5 8 9 10 13 14 1.41421
6 12 0 1 2 4 5 8 9 11 13 14 1
6 12 0 1 2 4 5 8 10 11 13 14 1
6 12 0 1 2 4 5 9 10 11 13 14 1
6 12 0 1 2 4 7 8 9 10 11 13 0
6 12 0 1 2 4 7 8 9 10 11 14 0
6 12 0 1 2 4 7 8 9 10 13 14 1
6 12 0 1 2 4 7 8 9 11 13 14 0
6 12 0 1 2 4 7 8 10 11 13 14 0
6 12 0 1 2 4 7 9 10 11 13 14 0
6 12 0 1 2 4 8 9 10 11 13 14 1.41421
6 12 0 1 2 5 7 8 9 10 11 13 0
6 12 0 1 2 5 7 8 9 10 11 14 0
6 12 0 1 2 5 7 8 9 10 13 14 1
6 12 0 1 2 5 7 8 9 11 13 14 1
6 12 0 1 2 5 7 8 10 11 13 14 0
6 12 0 1 2 5 7 9 10 11 13 14 0
6 12 0 1 2 5 8 9 10 11 13 14 1
6 12 0 1 2 7 8 9 10 11 13 14 1
6 12 0 1 3 4 5 7 8 9 10 11 0
6 12 0 1 3 4 5 7 8 9 10 13 0
6 12 0 1 3 4 5 7 8 9 10 14 0
6 12 0 1 3 4 5 7 8 9 11 13 1
6 12 0 1 3 4 5 7 8 9 11 14 0
6 12 0 1 3 4 5 7 8 9 13 14 0
6 12 0 1 3 4 5 7 8 10 11 13 0
6 12 0 1 3 4 5 7 8 10 11 14 0
6 12 0 1 3 4 5 7 8 10 13 14 0
6 12 0 1 3 4 5 7 8 11 13 14 0
6 12 0 1 3 4 5 7 9 10 11 13 0
6 12 0 1 3 4 5 7 9 10 11 14 0
6 12 0 1 3 4 5 7 9 10 13 14 0
6 12 0 1 3 4 5 7 9 11 13 14 1
6 12 0 1 3 4 5 7 10 11 13 14 0
6 12 0 1 3 4 5 8 9 10 11 13 0
6 12 0 1 3 4 5 8 9 10 11 14 0
6 12 0 1 3 4 5 8 9 10 13 14 0
6 12 0 1 3 4 5 8 9 11 13 14 0
6 12 0 1 3 4 5 8 10 11 13 14 0
6 12 0 1 3 4 5 9 10 11 13 14 0
6 12 0 1 3 4 7 8 9 10 11 13 1
6 12 0 1 3 4 7 8 9 10 11 14 1
6 12 0 1 3 4 7 8 9 10 13 14 1
6 12 0 1 3 4 7 8 9 11 13 14 1
6 12 0 1 3 4 7 8 10 11 13 14 1
6 12 0 1 3 4 7 9 10 11 13 14 1
6 12 0 1 3 4 8 9 10 11 13 14 1.41421
6 12 0 1 3 5 7 8 9 10 11 13 0
6 12 0 1 3 5 7 8 9 10 11 14 0
6 12 0 1 3 5 7 8 9 10 13 14 0
6 12 0 1 3 5 7 8 9 11 13 14 1
6 12 0 1 3 5 7 8 10 11 13 14 0
6 12 0 1 3 5 7 9 10 11 13 14 0
6 12 0 1 3 5 8 9 10 11 13 14 0
6 12 0 1 3 7 8 9 10 11 13 14 1.41421
6 12 0 1 4 5 7 8 9 10 11 13 1
6 12 0 1 4 5 7 8 9 10 11 14 1
6 12 0 1 4 5 7 8 9 10 13 14 1.41421
6 12 0 1 4 5 7 8 9 11 13 14 1
6 12 0 1 4 5 7 8 10 11 13 14 1
6 12 0 1 4 5 7 9 10 11 13 14 1
6 12 0 1 4 5 8 9 10 11 13 14 1.41421
6 12 0 1 4 7 8 9 10 11 13 14 1.41421
6 12 0 1 5 7 8 9 10 11 13 14 1
6 12 0 2 3 4 5 7 8 9 10 11 1
6 12 0 2 3 4 5 7 8 9 10 13 0
6 12 0 2 3 4 5 7 8 9 10 14 1
6 12 0 2 3 4 5 7 8 9 11 13 1
6 12 0 2 3 4 5 7 8 9 11 14 1
6 12 0 2 3 4 5 7 8 9 13 14 0
6 12 0 2 3 4 5 7 8 10 11 13 0
6 12 0 2 3 4 5 7 8 10 11 14 1
6 12 0 2 3 4 5 7 8 10 13 14 0
6 12 0 2 3 4 5 7 8 11 13 14 0
6 12 0 2 3 4 5 7 9 10 11 13 1
6 12 0 2 3 4 5 7 9 10 11 14 1.41421
6 12 0 2 3 4 5 7 9 10 13 14 1
6 12 0 2 3 4 5 7 9 11 13 14 1.41421
6 12 0 2 3 4 5 7 10 11 13 14 1
6 12 0 2 3 4 5 8 9 10 11 13 1
6 12 0 2 3 4 5 8 9 10 11 14 1.41421
6 12 0 2 3 4 5 8 9 10 13 14 1
6 12 0 2 3 4 5 8 9 11 13 14 1
6 12 0 2 3 4 5 8 10 11 13 14 1
6 12 0 2 3 4 5 9 10 11 13 14 1.41421
6 12 0 2 3 4 7 8 9 10 11 13 0
6 12 0 2 3 4 7 8 9 10 11 14 1
6 12 0 2 3 4 7 8 9 10 13 14 0
6 12 0 2 3 4 7 8 9 11 13 14 0
6 12 0 2 3 4 7 8 10 11 13 14 0
6 12 0 2 3 4 7 9 10 11 13 14 1
6 12 0 2 3 4 8 9 10 11 13 14 1.41421
6 12 0 2 3 5 7 8 9 10 11 13 0
6 12 0 2 3 5 7 8 9 10 11 14 1
6 12 0 2 3 5 7 8 9 10 13 14 0
6 12 0 2 3 5 7 8 9 11 13 14 1
6 12 0 2 3 5 7 8 10 11 13 14 0
6 12 0 2 3 5 7 9 10 11 13 14 1
6 12 0 2 3 5 8 9 10 11 13 14 1
6 12 0 2 3 7 8 9 10 11 13 14 1
6 12 0 2 4 5 7 8 9 10 11 13 0
6 12 0 2 4 5 7 8 9 10 11 14 1
6 12 0 2 4 5 7 8 9 10 13 14 1
6 12 0 2 4 5 7 8 9 11 13 14 0
6 12 0 2 4 5 7 8 10 11 13 14 0
6 12 0 2 4 5 7 9 10 11 13 14 1
6 12 0 2 4 5 8 9 10 11 13 14 1.41421
6 12 0 2 4 7 8 9 10 11 13 14 0
6 12 0 2 5 7 8 9 10 11 13 14 0
6 12 0 3 4 5 7 8 9 10 11 13 1
6 12 0 3 4 5 7 8 9 10 11 14 1.41421
6 12 0 3 4 5 7 8 9 10 13 14 1
6 12 0 3 4 5 7 8 9 11 13 14 1
6 12 0 3 4 5 7 8 10 11 13 14 1
6 12 0 3 4 5 7 9 10 11 13 14 1.41421
6 12 0 3 4 5 8 9 10 11 13 14 1.41421
6 12 0 3 4 7 8 9 10 11 13 14 1.41421
6 12 0 3 5 7 8 9 10 11 13 14 1
6 12 0 4 5 7 8 9 10 11 13 14 1.41421
6 12 1 2 3 4 5 7 8 9 10 11 1
6 12 1 2 3 4 5 7 8 9 10 13 0
6 12 1 2 3 4 5 7 8 9 10 14 1
6 12 1 2 3 4 5 7 8 9 11 13 1
6 12 1 2 3 4 5 7 8 9 11 14 1
6 12 1 2 3 4 5 7 8 9 13 14 0
6 12 1 2 3 4 5 7 8 10 11 13 0
6 12 1 2 3 4 5 7 8 10 11 14 1
6 12 1 2 3 4 5 7 8 10 13 14 0
6 12 1 2 3 4 5 7 8 11 13 14 0
6 12 1 2 3 4 5 7 9 10 11 13 0
6 12 1 2 3 4 5 7 9 10 11 14 1
6 12 1 2 3 4 5 7 9 10 13 14 0
6 12 1 2 3 4 5 7 9 11 13 14 1
6 12 1 2 3 4 5 7 10 11 13 14 0
6 12 1 2 3 4 5 8 9 10 11 13 0
6 12 1 2 3 4 5 8 9 10 11 14 1
6 12 1 2 3 4 5 8 9 10 13 14 0
6 12 1 2 3 4 5 8 9 11 13 14 0
6 12 1 2 3 4 5 8 10 11 13 14 0
6 12 1 2 3 4 5 9 10 11 13 14 0
6 12 1 2 3 4 7 8 9 10 11 13 0
6 12 1 2 3 4 7 8 9 10 11 14 1
6 12 1 2 3 4 7 8 9 10 13 14 0
6 12 1 2 3 4 7 8 9 11 13 14 0
6 12 1 2 3 4 7 8 10 11 13 14 0
6 12 1 2 3 4 7 9 10 11 13 14 0
6 12 1 2 3 4 8 9 10 11 13 14 1
6 12 1 2 3 5 7 8 9 10 11 13 0
6 12 1 2 3 5 7 8 9 10 11 14 1
6 12 1 2 3 5 7 8 9 10 13 14 0
6 12 1 2 3 5 7 8 9 11 13 14 1
6 12 1 2 3 5 7 8 10 11 13 14 0
6 12 1 2 3 5 7 9 10 11 13 14 0
6 12 1 2 3 5 8 9 10 11 13 14 0
6 12 1 2 3 7 8 9 10 11 13 14 1
6 12 1 2 4 5 7 8 9 10 11 13 0
6 12 1 2 4 5 7 8 9 10 11 14 1
6 12 1 2 4 5 7 8 9 10 13 14 1
6 12 1 2 4 5 7 8 9 11 13 14 0
6 12 1 2 4 5 7 8 10 11 13 14 0
6 12 1 2 4 5 7 9 10 11 13 14 0
6 12 1 2 4 5 8 9 10 11 13 14 1
6 12 1 2 4 7 8 9 10 11 13 14 0
6 12 1 2 5 7 8 9 10 11 13 14 0
6 12 1 3 4 5 7 8 9 10 11 13 0
6 12 1 3 4 5 7 8 9 10 11 14 1
6 12 1 3 4 5 7 8 9 10 13 14 0
6 12 1 3 4 5 7 8 9 11 13 14 0
6 12 1 3 4 5 7 8 10 11 13 14 0
6 12 1 3 4 5 7 9 10 11 13 14 0
6 12 1 3 4 5 8 9 10 11 13 14 0
6 12 1 3 4 7 8 9 10 11 13 14 1
6 12 1 3 5 7 8 9 10 11 13 14 0
6 12 1 4 5 7 8 9 10 11 13 14 1
6 12 2 3 4 5 7 8 9 10 11 13 0
6 12 2 3 4 5 7 8 9 10 11 14 1.41421
6 12 2 3 4 5 7 8 9 10 13 14 0
6 12 2 3 4 5 7 8 9 11 13 14 0
6 12 2 3 4 5 7 8 10 11 13 14 0
6 12 2 3 4 5 7 9 10 11 13 14 1
6 12 2 3 4 5 8 9 10 11 13 14 1
6 12 2 3 4 7 8 9 10 11 13 14 0
6 12 2 3 5 7 8 9 10 11 13 14 0
6 12 2 4 5 7 8 9 10 11 13 14 0
6 12 3 4 5 7 8 9 10 11 13 14 1
