10 11 0 1 2.13664
10 11 0 2 2.21037
10 11 0 3 2.49516
10 11 0 4 2.71343
10 11 0 5 2.44831
10 11 0 6 2.75936
10 11 0 7 2.21037
10 11 0 8 2.66231
10 11 0 9 2.75936
10 11 0 12 2.66231
10 11 0 13 2.66231
10 11 0 14 2.75936
10 11 1 2 1.62019
10 11 1 3 1.73205
10 11 1 4 2
10 11 1 5 1.41421
10 11 1 6 2.13664
10 11 1 7 1.62019
10 11 1 8 2.13664
10 11 1 9 2.13664
10 11 1 12 2.13664
10 11 1 13 2.13664
10 11 1 14 2.13664
10 11 2 3 2.16556
10 11 2 4 2.22354
10 11 2 5 2.13809
10 11 2 6 2.2514
10 11 2 7 1.85164
10 11 2 8 2.09938
10 11 2 9 2.2514
10 11 2 12 2.09938
10 11 2 13 2.04939
10 11 2 14 2.2514
10 11 3 4 2.48193
10 11 3 5 2.29129
10 11 3 6 2.52678
10 11 3 7 2.16556
10 11 3 8 2.39046
10 11 3 9 2.52678
10 11 3 12 2.39046
10 11 3 13 2.35488
10 11 3 14 2.52678
10 11 4 5 2.48193
10 11 4 6 2.72385
10 11 4 7 2.22354
10 11 4 8 2.62216
10 11 4 9 2.72385
10 11 4 12 2.62216
10 11 4 13 2.61406
10 11 4 14 2.72385
10 11 5 6 2.48193
10 11 5 7 2.13809
10 11 5 8 2.32266
10 11 5 9 2.48193
10 11 5 12 2.32266
10 11 5 13 2.28709
10 11 5 14 2.48193
10 11 6 7 2.2514
10 11 6 8 2.68164
10 11 6 9 2.77498
10 11 6 12 2.68164
10 11 6 13 2.66231
10 11 6 14 2.77498
10 11 7 8 2.09938
10 11 7 9 2.2514
10 11 7 12 2.09938
10 11 7 13 2.04939
10 11 7 14 2.2514
10 11 8 9 2.68164
10 11 8 12 2.60419
10 11 8 13 2.58844
10 11 8 14 2.68164
10 11 9 12 2.68164
10 11 9 13 2.66231
10 11 9 14 2.77498
10 11 12 13 2.58844
10 11 12 14 2.68164
10 11 13 14 2.66231
