10 11 0 1 2 3 4 1
10 11 0 1 2 3 5 1
10 11 0 1 2 3 6 1.41421
10 11 0 1 2 3 7 1
10 11 0 1 2 3 8 1.41421
10 11 0 1 2 3 9 1.41421
10 11 0 1 2 3 12 1.41421
10 11 0 1 2 3 13 1.41421
10 11 0 1 2 3 14 1.41421
10 11 0 1 2 4 5 1
10 11 0 1 2 4 6 1.41421
10 11 0 1 2 4 7 1
10 11 0 1 2 4 8 1.41421
10 11 0 1 2 4 9 1.41421
10 11 0 1 2 4 12 1.41421
10 11 0 1 2 4 13 1.41421
10 11 0 1 2 4 14 1.41421
10 11 0 1 2 5 6 1
10 11 0 1 2 5 7 1
10 11 0 1 2 5 8 1
10 11 0 1 2 5 9 1
10 11 0 1 2 5 12 1
10 11 0 1 2 5 13 1
10 11 0 1 2 5 14 1
10 11 0 1 2 6 7 1
10 11 0 1 2 6 8 1.62019
10 11 0 1 2 6 9 1.62019
10 11 0 1 2 6 12 1.62019
10 11 0 1 2 6 13 1.62019
10 11 0 1 2 6 14 1.62019
10 11 0 1 2 7 8 1
10 11 0 1 2 7 9 1
10 11 0 1 2 7 12 1
10 11 0 1 2 7 13 1
10 11 0 1 2 7 14 1
10 11 0 1 2 8 9 1.62019
10 11 0 1 2 8 12 1.62019
10 11 0 1 2 8 13 1.62019
10 11 0 1 2 8 14 1.62019
10 11 0 1 2 9 12 1.62019
10 11 0 1 2 9 13 1.62019
10 11 0 1 2 9 14 1.62019
10 11 0 1 2 12 13 1.62019
10 11 0 1 2 12 14 1.62019
10 11 0 1 2 13 14 1.62019
10 11 0 1 3 4 5 1
10 11 0 1 3 4 6 1.41421
10 11 0 1 3 4 7 1
10 11 0 1 3 4 8 1.41421
10 11 0 1 3 4 9 1.41421
10 11 0 1 3 4 12 1.41421
10 11 0 1 3 4 13 1.41421
10 11 0 1 3 4 14 1.41421
10 11 0 1 3 5 6 0
10 11 0 1 3 5 7 1
10 11 0 1 3 5 8 1
10 11 0 1 3 5 9 0
10 11 0 1 3 5 12 1
10 11 0 1 3 5 13 1
10 11 0 1 3 5 14 1
10 11 0 1 3 6 7 1.41421
10 11 0 1 3 6 8 1.73205
10 11 0 1 3 6 9 1.73205
10 11 0 1 3 6 12 1.73205
10 11 0 1 3 6 13 1.73205
10 11 0 1 3 6 14 1.73205
10 11 0 1 3 7 8 1.41421
10 11 0 1 3 7 9 1.41421
10 11 0 1 3 7 12 1.41421
10 11 0 1 3 7 13 1.41421
10 11 0 1 3 7 14 1.41421
10 11 0 1 3 8 9 1.73205
10 11 0 1 3 8 12 1.73205
10 11 0 1 3 8 13 1.73205
10 11 0 1 3 8 14 1.73205
10 11 0 1 3 9 12 1.73205
10 11 0 1 3 9 13 1.73205
10 11 0 1 3 9 14 1.73205
10 11 0 1 3 12 13 1.73205
10 11 0 1 3 12 14 1.73205
10 11 0 1 3 13 14 1.73205
10 11 0 1 4 5 6 1.41421
10 11 0 1 4 5 7 1
10 11 0 1 4 5 8 1.41421
10 11 0 1 4 5 9 1.41421
10 11 0 1 4 5 12 1.41421
10 11 0 1 4 5 13 1.41421
10 11 0 1 4 5 14 1.41421
10 11 0 1 4 6 7 1.41421
10 11 0 1 4 6 8 2
10 11 0 1 4 6 9 2
10 11 0 1 4 6 12 2
10 11 0 1 4 6 13 2
10 11 0 1 4 6 14 2
10 11 0 1 4 7 8 1.41421
10 11 0 1 4 7 9 1.41421
10 11 0 1 4 7 12 1.41421
10 11 0 1 4 7 13 1.41421
10 11 0 1 4 7 14 1.41421
10 11 0 1 4 8 9 2
10 11 0 1 4 8 12 2
10 11 0 1 4 8 13 2
10 11 0 1 4 8 14 2
10 11 0 1 4 9 12 2
10 11 0 1 4 9 13 2
10 11 0 1 4 9 14 2
10 11 0 1 4 12 13 2
10 11 0 1 4 12 14 2
10 11 0 1 4 13 14 2
10 11 0 1 5 6 7 1
10 11 0 1 5 6 8 1.41421
10 11 0 1 5 6 9 1.41421
10 11 0 1 5 6 12 1.41421
10 11 0 1 5 6 13 1.41421
10 11 0 1 5 6 14 1.41421
10 11 0 1 5 7 8 1
10 11 0 1 5 7 9 1
10 11 0 1 5 7 12 1
10 11 0 1 5 7 13 1
10 11 0 1 5 7 14 1
10 11 0 1 5 8 9 1.41421
10 11 0 1 5 8 12 1.41421
10 11 0 1 5 8 13 1.41421
10 11 0 1 5 8 14 1.41421
10 11 0 1 5 9 12 1.41421
10 11 0 1 5 9 13 1.41421
10 11 0 1 5 9 14 1.41421
10 11 0 1 5 12 13 1.41421
10 11 0 1 5 12 14 1.41421
10 11 0 1 5 13 14 1.41421
10 11 0 1 6 7 8 1.62019
10 11 0 1 6 7 9 1.62019
10 11 0 1 6 7 12 1.62019
10 11 0 1 6 7 13 1.62019
10 11 0 1 6 7 14 1.62019
10 11 0 1 6 8 9 2.13664
10 11 0 1 6 8 12 2.13664
10 11 0 1 6 8 13 2.13664
10 11 0 1 6 8 14 2.13664
10 11 0 1 6 9 12 2.13664
10 11 0 1 6 9 13 2.13664
10 11 0 1 6 9 14 2.13664
10 11 0 1 6 12 13 2.13664
10 11 0 1 6 12 14 2.13664
10 11 0 1 6 13 14 2.13664
10 11 0 1 7 8 9 1.62019
10 11 0 1 7 8 12 1.62019
10 11 0 1 7 8 13 1.62019
10 11 0 1 7 8 14 1.62019
10 11 0 1 7 9 12 1.62019
10 11 0 1 7 9 13 1.62019
10 11 0 1 7 9 14 1.62019
10 11 0 1 7 12 13 1.62019
10 11 0 1 7 12 14 1.62019
10 11 0 1 7 13 14 1.62019
10 11 0 1 8 9 12 2.13664
10 11 0 1 8 9 13 2.13664
10 11 0 1 8 9 14 2.13664
10 11 0 1 8 12 13 2.13664
10 11 0 1 8 12 14 2.13664
10 11 0 1 8 13 14 2.13664
10 11 0 1 9 12 13 2.13664
10 11 0 1 9 12 14 2.13664
10 11 0 1 9 13 14 2.13664
10 11 0 1 12 13 14 2.13664
10 11 0 2 3 4 5 2
10 11 0 2 3 4 6 2.07802
10 11 0 2 3 4 7 1.73205
10 11 0 2 3 4 8 1.85164
10 11 0 2 3 4 9 2.07802
10 11 0 2 3 4 12 1.85164
10 11 0 2 3 4 13 1.85164
10 11 0 2 3 4 14 2.07802
10 11 0 2 3 5 6 2
10 11 0 2 3 5 7 1.73205
10 11 0 2 3 5 8 1.73205
10 11 0 2 3 5 9 2
10 11 0 2 3 5 12 1.73205
10 11 0 2 3 5 13 1.73205
10 11 0 2 3 5 14 2
10 11 0 2 3 6 7 1.73205
10 11 0 2 3 6 8 1.90693
10 11 0 2 3 6 9 2.10357
10 11 0 2 3 6 12 1.90693
10 11 0 2 3 6 13 1.90693
10 11 0 2 3 6 14 2.10357
10 11 0 2 3 7 8 1.41421
10 11 0 2 3 7 9 1.73205
10 11 0 2 3 7 12 1.41421
10 11 0 2 3 7 13 1.41421
10 11 0 2 3 7 14 1.73205
10 11 0 2 3 8 9 1.90693
10 11 0 2 3 8 12 1.73205
10 11 0 2 3 8 13 1.73205
10 11 0 2 3 8 14 1.90693
10 11 0 2 3 9 12 1.90693
10 11 0 2 3 9 13 1.90693
10 11 0 2 3 9 14 2.10357
10 11 0 2 3 12 13 1.73205
10 11 0 2 3 12 14 1.90693
10 11 0 2 3 13 14 1.90693
10 11 0 2 4 5 6 2.07802
10 11 0 2 4 5 7 1.73205
10 11 0 2 4 5 8 1.85164
10 11 0 2 4 5 9 2.07802
10 11 0 2 4 5 12 1.85164
10 11 0 2 4 5 13 1.85164
10 11 0 2 4 5 14 2.07802
10 11 0 2 4 6 7 1.73205
10 11 0 2 4 6 8 2.00294
10 11 0 2 4 6 9 2.17945
10 11 0 2 4 6 12 2.00294
10 11 0 2 4 6 13 2.00294
10 11 0 2 4 6 14 2.17945
10 11 0 2 4 7 8 1.41421
10 11 0 2 4 7 9 1.73205
10 11 0 2 4 7 12 1.41421
10 11 0 2 4 7 13 1.41421
10 11 0 2 4 7 14 1.73205
10 11 0 2 4 8 9 2.00294
10 11 0 2 4 8 12 1.85164
10 11 0 2 4 8 13 1.85164
10 11 0 2 4 8 14 2.00294
10 11 0 2 4 9 12 2.00294
10 11 0 2 4 9 13 2.00294
10 11 0 2 4 9 14 2.17945
10 11 0 2 4 12 13 1.85164
10 11 0 2 4 12 14 2.00294
10 11 0 2 4 13 14 2.00294
10 11 0 2 5 6 7 1.73205
10 11 0 2 5 6 8 1.85164
10 11 0 2 5 6 9 2.07802
10 11 0 2 5 6 12 1.85164
10 11 0 2 5 6 13 1.85164
10 11 0 2 5 6 14 2.07802
10 11 0 2 5 7 8 1.41421
10 11 0 2 5 7 9 1.73205
10 11 0 2 5 7 12 1.41421
10 11 0 2 5 7 13 1.41421
10 11 0 2 5 7 14 1.73205
10 11 0 2 5 8 9 1.85164
10 11 0 2 5 8 12 1.62019
10 11 0 2 5 8 13 1.62019
10 11 0 2 5 8 14 1.85164
10 11 0 2 5 9 12 1.85164
10 11 0 2 5 9 13 1.85164
10 11 0 2 5 9 14 2.07802
10 11 0 2 5 12 13 1.62019
10 11 0 2 5 12 14 1.85164
10 11 0 2 5 13 14 1.85164
10 11 0 2 6 7 8 1.41421
10 11 0 2 6 7 9 1.73205
10 11 0 2 6 7 12 1.41421
10 11 0 2 6 7 13 1.41421
10 11 0 2 6 7 14 1.73205
10 11 0 2 6 8 9 2.04939
10 11 0 2 6 8 12 1.93309
10 11 0 2 6 8 13 1.93309
10 11 0 2 6 8 14 2.04939
10 11 0 2 6 9 12 2.04939
10 11 0 2 6 9 13 2.04939
10 11 0 2 6 9 14 2.21037
10 11 0 2 6 12 13 1.93309
10 11 0 2 6 12 14 2.04939
10 11 0 2 6 13 14 2.04939
10 11 0 2 7 8 9 1.41421
10 11 0 2 7 8 12 1
10 11 0 2 7 8 13 1
10 11 0 2 7 8 14 1.41421
10 11 0 2 7 9 12 1.41421
10 11 0 2 7 9 13 1.41421
10 11 0 2 7 9 14 1.73205
10 11 0 2 7 12 13 1
10 11 0 2 7 12 14 1.41421
10 11 0 2 7 13 14 1.41421
10 11 0 2 8 9 12 1.93309
10 11 0 2 8 9 13 1.93309
10 11 0 2 8 9 14 2.04939
10 11 0 2 8 12 13 1.85164
10 11 0 2 8 12 14 1.93309
10 11 0 2 8 13 14 1.93309
10 11 0 2 9 12 13 1.93309
10 11 0 2 9 12 14 2.04939
10 11 0 2 9 13 14 2.04939
10 11 0 2 12 13 14 1.93309
10 11 0 3 4 5 6 2.23607
10 11 0 3 4 5 7 2
10 11 0 3 4 5 8 2
10 11 0 3 4 5 9 2.23607
10 11 0 3 4 5 12 2
10 11 0 3 4 5 13 2
10 11 0 3 4 5 14 2.23607
10 11 0 3 4 6 7 2.07802
10 11 0 3 4 6 8 2.28709
10 11 0 3 4 6 9 2.44831
10 11 0 3 4 6 12 2.28709
10 11 0 3 4 6 13 2.28709
10 11 0 3 4 6 14 2.44831
10 11 0 3 4 7 8 1.85164
10 11 0 3 4 7 9 2.07802
10 11 0 3 4 7 12 1.85164
10 11 0 3 4 7 13 1.85164
10 11 0 3 4 7 14 2.07802
10 11 0 3 4 8 9 2.28709
10 11 0 3 4 8 12 2.13664
10 11 0 3 4 8 13 2.13664
10 11 0 3 4 8 14 2.28709
10 11 0 3 4 9 12 2.28709
10 11 0 3 4 9 13 2.28709
10 11 0 3 4 9 14 2.44831
10 11 0 3 4 12 13 2.13664
10 11 0 3 4 12 14 2.28709
10 11 0 3 4 13 14 2.28709
10 11 0 3 5 6 7 2
10 11 0 3 5 6 8 2
10 11 0 3 5 6 9 2.23607
10 11 0 3 5 6 12 2
10 11 0 3 5 6 13 2
10 11 0 3 5 6 14 2.23607
10 11 0 3 5 7 8 1.73205
10 11 0 3 5 7 9 2
10 11 0 3 5 7 12 1.73205
10 11 0 3 5 7 13 1.73205
10 11 0 3 5 7 14 2
10 11 0 3 5 8 9 2
10 11 0 3 5 8 12 1.73205
10 11 0 3 5 8 13 1.73205
10 11 0 3 5 8 14 2
10 11 0 3 5 9 12 2
10 11 0 3 5 9 13 2
10 11 0 3 5 9 14 2.23607
10 11 0 3 5 12 13 1.73205
10 11 0 3 5 12 14 2
10 11 0 3 5 13 14 2
10 11 0 3 6 7 8 1.90693
10 11 0 3 6 7 9 2.10357
10 11 0 3 6 7 12 1.90693
10 11 0 3 6 7 13 1.90693
10 11 0 3 6 7 14 2.10357
10 11 0 3 6 8 9 2.35488
10 11 0 3 6 8 12 2.23607
10 11 0 3 6 8 13 2.23607
10 11 0 3 6 8 14 2.35488
10 11 0 3 6 9 12 2.35488
10 11 0 3 6 9 13 2.35488
10 11 0 3 6 9 14 2.49516
10 11 0 3 6 12 13 2.23607
10 11 0 3 6 12 14 2.35488
10 11 0 3 6 13 14 2.35488
10 11 0 3 7 8 9 1.90693
10 11 0 3 7 8 12 1.73205
10 11 0 3 7 8 13 1.73205
10 11 0 3 7 8 14 1.90693
10 11 0 3 7 9 12 1.90693
10 11 0 3 7 9 13 1.90693
10 11 0 3 7 9 14 2.10357
10 11 0 3 7 12 13 1.73205
10 11 0 3 7 12 14 1.90693
10 11 0 3 7 13 14 1.90693
10 11 0 3 8 9 12 2.23607
10 11 0 3 8 9 13 2.23607
10 11 0 3 8 9 14 2.35488
10 11 0 3 8 12 13 2.13664
10 11 0 3 8 12 14 2.23607
10 11 0 3 8 13 14 2.23607
10 11 0 3 9 12 13 2.23607
10 11 0 3 9 12 14 2.35488
10 11 0 3 9 13 14 2.35488
10 11 0 3 12 13 14 2.23607
10 11 0 4 5 6 7 2.07802
10 11 0 4 5 6 8 2.28709
10 11 0 4 5 6 9 2.44831
10 11 0 4 5 6 12 2.28709
10 11 0 4 5 6 13 2.28709
10 11 0 4 5 6 14 2.44831
10 11 0 4 5 7 8 1.85164
10 11 0 4 5 7 9 2.07802
10 11 0 4 5 7 12 1.85164
10 11 0 4 5 7 13 1.85164
10 11 0 4 5 7 14 2.07802
10 11 0 4 5 8 9 2.28709
10 11 0 4 5 8 12 2.13664
10 11 0 4 5 8 13 2.13664
10 11 0 4 5 8 14 2.28709
10 11 0 4 5 9 12 2.28709
10 11 0 4 5 9 13 2.28709
10 11 0 4 5 9 14 2.44831
10 11 0 4 5 12 13 2.13664
10 11 0 4 5 12 14 2.28709
10 11 0 4 5 13 14 2.28709
10 11 0 4 6 7 8 2.00294
10 11 0 4 6 7 9 2.17945
10 11 0 4 6 7 12 2.00294
10 11 0 4 6 7 13 2.00294
10 11 0 4 6 7 14 2.17945
10 11 0 4 6 8 9 2.61406
10 11 0 4 6 8 12 2.52543
10 11 0 4 6 8 13 2.52543
10 11 0 4 6 8 14 2.61406
10 11 0 4 6 9 12 2.61406
10 11 0 4 6 9 13 2.61406
10 11 0 4 6 9 14 2.71343
10 11 0 4 6 12 13 2.52543
10 11 0 4 6 12 14 2.61406
10 11 0 4 6 13 14 2.61406
10 11 0 4 7 8 9 2.00294
10 11 0 4 7 8 12 1.85164
10 11 0 4 7 8 13 1.85164
10 11 0 4 7 8 14 2.00294
10 11 0 4 7 9 12 2.00294
10 11 0 4 7 9 13 2.00294
10 11 0 4 7 9 14 2.17945
10 11 0 4 7 12 13 1.85164
10 11 0 4 7 12 14 2.00294
10 11 0 4 7 13 14 2.00294
10 11 0 4 8 9 12 2.52543
10 11 0 4 8 9 13 2.52543
10 11 0 4 8 9 14 2.61406
10 11 0 4 8 12 13 2.44949
10 11 0 4 8 12 14 2.52543
10 11 0 4 8 13 14 2.52543
10 11 0 4 9 12 13 2.52543
10 11 0 4 9 12 14 2.61406
10 11 0 4 9 13 14 2.61406
10 11 0 4 12 13 14 2.52543
10 11 0 5 6 7 8 1.85164
10 11 0 5 6 7 9 2.07802
10 11 0 5 6 7 12 1.85164
10 11 0 5 6 7 13 1.85164
10 11 0 5 6 7 14 2.07802
10 11 0 5 6 8 9 2.28709
10 11 0 5 6 8 12 2.13664
10 11 0 5 6 8 13 2.13664
10 11 0 5 6 8 14 2.28709
10 11 0 5 6 9 12 2.28709
10 11 0 5 6 9 13 2.28709
10 11 0 5 6 9 14 2.44831
10 11 0 5 6 12 13 2.13664
10 11 0 5 6 12 14 2.28709
10 11 0 5 6 13 14 2.28709
10 11 0 5 7 8 9 1.85164
10 11 0 5 7 8 12 1.62019
10 11 0 5 7 8 13 1.62019
10 11 0 5 7 8 14 1.85164
10 11 0 5 7 9 12 1.85164
10 11 0 5 7 9 13 1.85164
10 11 0 5 7 9 14 2.07802
10 11 0 5 7 12 13 1.62019
10 11 0 5 7 12 14 1.85164
10 11 0 5 7 13 14 1.85164
10 11 0 5 8 9 12 2.13664
10 11 0 5 8 9 13 2.13664
10 11 0 5 8 9 14 2.28709
10 11 0 5 8 12 13 2
10 11 0 5 8 12 14 2.13664
10 11 0 5 8 13 14 2.13664
10 11 0 5 9 12 13 2.13664
10 11 0 5 9 12 14 2.28709
10 11 0 5 9 13 14 2.28709
10 11 0 5 12 13 14 2.13664
10 11 0 6 7 8 9 2.04939
10 11 0 6 7 8 12 1.93309
10 11 0 6 7 8 13 1.93309
10 11 0 6 7 8 14 2.04939
10 11 0 6 7 9 12 2.04939
10 11 0 6 7 9 13 2.04939
10 11 0 6 7 9 14 2.21037
10 11 0 6 7 12 13 1.93309
10 11 0 6 7 12 14 2.04939
10 11 0 6 7 13 14 2.04939
10 11 0 6 8 9 12 2.58844
10 11 0 6 8 9 13 2.58844
10 11 0 6 8 9 14 2.66231
10 11 0 6 8 12 13 2.52543
10 11 0 6 8 12 14 2.58844
10 11 0 6 8 13 14 2.58844
10 11 0 6 9 12 13 2.58844
10 11 0 6 9 12 14 2.66231
10 11 0 6 9 13 14 2.66231
10 11 0 6 12 13 14 2.58844
10 11 0 7 8 9 12 1.93309
10 11 0 7 8 9 13 1.93309
10 11 0 7 8 9 14 2.04939
10 11 0 7 8 12 13 1.85164
10 11 0 7 8 12 14 1.93309
10 11 0 7 8 13 14 1.93309
10 11 0 7 9 12 13 1.93309
10 11 0 7 9 12 14 2.04939
10 11 0 7 9 13 14 2.04939
10 11 0 7 12 13 14 1.93309
10 11 0 8 9 12 13 2.52543
10 11 0 8 9 12 14 2.58844
10 11 0 8 9 13 14 2.58844
10 11 0 8 12 13 14 2.52543
10 11 0 9 12 13 14 2.58844
10 11 1 2 3 4 5 1
10 11 1 2 3 4 6 1
10 11 1 2 3 4 7 1
10 11 1 2 3 4 8 1
10 11 1 2 3 4 9 1
10 11 1 2 3 4 12 1
10 11 1 2 3 4 13 1
10 11 1 2 3 4 14 1
10 11 1 2 3 5 6 1
10 11 1 2 3 5 7 1
10 11 1 2 3 5 8 1
10 11 1 2 3 5 9 1
10 11 1 2 3 5 12 1
10 11 1 2 3 5 13 1
10 11 1 2 3 5 14 1
10 11 1 2 3 6 7 1
10 11 1 2 3 6 8 1.41421
10 11 1 2 3 6 9 1.41421
10 11 1 2 3 6 12 1.41421
10 11 1 2 3 6 13 1.41421
10 11 1 2 3 6 14 1.41421
10 11 1 2 3 7 8 1
10 11 1 2 3 7 9 1
10 11 1 2 3 7 12 1
10 11 1 2 3 7 13 1
10 11 1 2 3 7 14 1
10 11 1 2 3 8 9 1.41421
10 11 1 2 3 8 12 1.41421
10 11 1 2 3 8 13 1.41421
10 11 1 2 3 8 14 1.41421
10 11 1 2 3 9 12 1.41421
10 11 1 2 3 9 13 1.41421
10 11 1 2 3 9 14 1.41421
10 11 1 2 3 12 13 1.41421
10 11 1 2 3 12 14 1.41421
10 11 1 2 3 13 14 1.41421
10 11 1 2 4 5 6 1
10 11 1 2 4 5 7 1
10 11 1 2 4 5 8 1
10 11 1 2 4 5 9 1
10 11 1 2 4 5 12 1
10 11 1 2 4 5 13 1
10 11 1 2 4 5 14 1
10 11 1 2 4 6 7 1
10 11 1 2 4 6 8 1.41421
10 11 1 2 4 6 9 1.41421
10 11 1 2 4 6 12 1.41421
10 11 1 2 4 6 13 1.41421
10 11 1 2 4 6 14 1.41421
10 11 1 2 4 7 8 1
10 11 1 2 4 7 9 1
10 11 1 2 4 7 12 1
10 11 1 2 4 7 13 1
10 11 1 2 4 7 14 1
10 11 1 2 4 8 9 1.41421
10 11 1 2 4 8 12 1.41421
10 11 1 2 4 8 13 1.41421
10 11 1 2 4 8 14 1.41421
10 11 1 2 4 9 12 1.41421
10 11 1 2 4 9 13 1.41421
10 11 1 2 4 9 14 1.41421
10 11 1 2 4 12 13 1.41421
10 11 1 2 4 12 14 1.41421
10 11 1 2 4 13 14 1.41421
10 11 1 2 5 6 7 1
10 11 1 2 5 6 8 1
10 11 1 2 5 6 9 1
10 11 1 2 5 6 12 1
10 11 1 2 5 6 13 1
10 11 1 2 5 6 14 1
10 11 1 2 5 7 8 1
10 11 1 2 5 7 9 1
10 11 1 2 5 7 12 1
10 11 1 2 5 7 13 1
10 11 1 2 5 7 14 1
10 11 1 2 5 8 9 1
10 11 1 2 5 8 12 1
10 11 1 2 5 8 13 1
10 11 1 2 5 8 14 1
10 11 1 2 5 9 12 1
10 11 1 2 5 9 13 1
10 11 1 2 5 9 14 1
10 11 1 2 5 12 13 1
10 11 1 2 5 12 14 1
10 11 1 2 5 13 14 1
10 11 1 2 6 7 8 1
10 11 1 2 6 7 9 1
10 11 1 2 6 7 12 1
10 11 1 2 6 7 13 1
10 11 1 2 6 7 14 1
10 11 1 2 6 8 9 1.62019
10 11 1 2 6 8 12 1.62019
10 11 1 2 6 8 13 1.62019
10 11 1 2 6 8 14 1.62019
10 11 1 2 6 9 12 1.62019
10 11 1 2 6 9 13 1.62019
10 11 1 2 6 9 14 1.62019
10 11 1 2 6 12 13 1.62019
10 11 1 2 6 12 14 1.62019
10 11 1 2 6 13 14 1.62019
10 11 1 2 7 8 9 1
10 11 1 2 7 8 12 1
10 11 1 2 7 8 13 1
10 11 1 2 7 8 14 1
10 11 1 2 7 9 12 1
10 11 1 2 7 9 13 1
10 11 1 2 7 9 14 1
10 11 1 2 7 12 13 1
10 11 1 2 7 12 14 1
10 11 1 2 7 13 14 1
10 11 1 2 8 9 12 1.62019
10 11 1 2 8 9 13 1.62019
10 11 1 2 8 9 14 1.62019
10 11 1 2 8 12 13 1.62019
10 11 1 2 8 12 14 1.62019
10 11 1 2 8 13 14 1.62019
10 11 1 2 9 12 13 1.62019
10 11 1 2 9 12 14 1.62019
10 11 1 2 9 13 14 1.62019
10 11 1 2 12 13 14 1.62019
10 11 1 3 4 5 6 1
10 11 1 3 4 5 7 1
10 11 1 3 4 5 8 1
10 11 1 3 4 5 9 1
10 11 1 3 4 5 12 1
10 11 1 3 4 5 13 1
10 11 1 3 4 5 14 1
10 11 1 3 4 6 7 1
10 11 1 3 4 6 8 1.41421
10 11 1 3 4 6 9 1.41421
10 11 1 3 4 6 12 1.41421
10 11 1 3 4 6 13 1.41421
10 11 1 3 4 6 14 1.41421
10 11 1 3 4 7 8 1
10 11 1 3 4 7 9 1
10 11 1 3 4 7 12 1
10 11 1 3 4 7 13 1
10 11 1 3 4 7 14 1
10 11 1 3 4 8 9 1.41421
10 11 1 3 4 8 12 1.41421
10 11 1 3 4 8 13 1.41421
10 11 1 3 4 8 14 1.41421
10 11 1 3 4 9 12 1.41421
10 11 1 3 4 9 13 1.41421
10 11 1 3 4 9 14 1.41421
10 11 1 3 4 12 13 1.41421
10 11 1 3 4 12 14 1.41421
10 11 1 3 4 13 14 1.41421
10 11 1 3 5 6 7 1
10 11 1 3 5 6 8 1
10 11 1 3 5 6 9 1
10 11 1 3 5 6 12 1
10 11 1 3 5 6 13 0
10 11 1 3 5 6 14 1
10 11 1 3 5 7 8 1
10 11 1 3 5 7 9 1
10 11 1 3 5 7 12 1
10 11 1 3 5 7 13 1
10 11 1 3 5 7 14 1
10 11 1 3 5 8 9 1
10 11 1 3 5 8 12 1
10 11 1 3 5 8 13 1
10 11 1 3 5 8 14 1
10 11 1 3 5 9 12 1
10 11 1 3 5 9 13 0
10 11 1 3 5 9 14 1
10 11 1 3 5 12 13 1
10 11 1 3 5 12 14 1
10 11 1 3 5 13 14 1
10 11 1 3 6 7 8 1.41421
10 11 1 3 6 7 9 1.41421
10 11 1 3 6 7 12 1.41421
10 11 1 3 6 7 13 1.41421
10 11 1 3 6 7 14 1.41421
10 11 1 3 6 8 9 1.73205
10 11 1 3 6 8 12 1.73205
10 11 1 3 6 8 13 1.73205
10 11 1 3 6 8 14 1.73205
10 11 1 3 6 9 12 1.73205
10 11 1 3 6 9 13 1.73205
10 11 1 3 6 9 14 1.73205
10 11 1 3 6 12 13 1.73205
10 11 1 3 6 12 14 1.73205
10 11 1 3 6 13 14 1.73205
10 11 1 3 7 8 9 1.41421
10 11 1 3 7 8 12 1.41421
10 11 1 3 7 8 13 1.41421
10 11 1 3 7 8 14 1.41421
10 11 1 3 7 9 12 1.41421
10 11 1 3 7 9 13 1.41421
10 11 1 3 7 9 14 1.41421
10 11 1 3 7 12 13 1.41421
10 11 1 3 7 12 14 1.41421
10 11 1 3 7 13 14 1.41421
10 11 1 3 8 9 12 1.73205
10 11 1 3 8 9 13 1.73205
10 11 1 3 8 9 14 1.73205
10 11 1 3 8 12 13 1.73205
10 11 1 3 8 12 14 1.73205
10 11 1 3 8 13 14 1.73205
10 11 1 3 9 12 13 1.73205
10 11 1 3 9 12 14 1.73205
10 11 1 3 9 13 14 1.73205
10 11 1 3 12 13 14 1.73205
10 11 1 4 5 6 7 1
10 11 1 4 5 6 8 1.41421
10 11 1 4 5 6 9 1.41421
10 11 1 4 5 6 12 1.41421
10 11 1 4 5 6 13 1.41421
10 11 1 4 5 6 14 1.41421
10 11 1 4 5 7 8 1
10 11 1 4 5 7 9 1
10 11 1 4 5 7 12 1
10 11 1 4 5 7 13 1
10 11 1 4 5 7 14 1
10 11 1 4 5 8 9 1.41421
10 11 1 4 5 8 12 1.41421
10 11 1 4 5 8 13 1.41421
10 11 1 4 5 8 14 1.41421
10 11 1 4 5 9 12 1.41421
10 11 1 4 5 9 13 1.41421
10 11 1 4 5 9 14 1.41421
10 11 1 4 5 12 13 1.41421
10 11 1 4 5 12 14 1.41421
10 11 1 4 5 13 14 1.41421
10 11 1 4 6 7 8 1.41421
10 11 1 4 6 7 9 1.41421
10 11 1 4 6 7 12 1.41421
10 11 1 4 6 7 13 1.41421
10 11 1 4 6 7 14 1.41421
10 11 1 4 6 8 9 2
10 11 1 4 6 8 12 2
10 11 1 4 6 8 13 2
10 11 1 4 6 8 14 2
10 11 1 4 6 9 12 2
10 11 1 4 6 9 13 2
10 11 1 4 6 9 14 2
10 11 1 4 6 12 13 2
10 11 1 4 6 12 14 2
10 11 1 4 6 13 14 2
10 11 1 4 7 8 9 1.41421
10 11 1 4 7 8 12 1.41421
10 11 1 4 7 8 13 1.41421
10 11 1 4 7 8 14 1.41421
10 11 1 4 7 9 12 1.41421
10 11 1 4 7 9 13 1.41421
10 11 1 4 7 9 14 1.41421
10 11 1 4 7 12 13 1.41421
10 11 1 4 7 12 14 1.41421
10 11 1 4 7 13 14 1.41421
10 11 1 4 8 9 12 2
10 11 1 4 8 9 13 2
10 11 1 4 8 9 14 2
10 11 1 4 8 12 13 2
10 11 1 4 8 12 14 2
10 11 1 4 8 13 14 2
10 11 1 4 9 12 13 2
10 11 1 4 9 12 14 2
10 11 1 4 9 13 14 2
10 11 1 4 12 13 14 2
10 11 1 5 6 7 8 1
10 11 1 5 6 7 9 1
10 11 1 5 6 7 12 1
10 11 1 5 6 7 13 1
10 11 1 5 6 7 14 1
10 11 1 5 6 8 9 1.41421
10 11 1 5 6 8 12 1.41421
10 11 1 5 6 8 13 1.41421
10 11 1 5 6 8 14 1.41421
10 11 1 5 6 9 12 1.41421
10 11 1 5 6 9 13 1.41421
10 11 1 5 6 9 14 1.41421
10 11 1 5 6 12 13 1.41421
10 11 1 5 6 12 14 1.41421
10 11 1 5 6 13 14 1.41421
10 11 1 5 7 8 9 1
10 11 1 5 7 8 12 1
10 11 1 5 7 8 13 1
10 11 1 5 7 8 14 1
10 11 1 5 7 9 12 1
10 11 1 5 7 9 13 1
10 11 1 5 7 9 14 1
10 11 1 5 7 12 13 1
10 11 1 5 7 12 14 1
10 11 1 5 7 13 14 1
10 11 1 5 8 9 12 1.41421
10 11 1 5 8 9 13 1.41421
10 11 1 5 8 9 14 1.41421
10 11 1 5 8 12 13 1.41421
10 11 1 5 8 12 14 1.41421
10 11 1 5 8 13 14 1.41421
10 11 1 5 9 12 13 1.41421
10 11 1 5 9 12 14 1.41421
10 11 1 5 9 13 14 1.41421
10 11 1 5 12 13 14 1.41421
10 11 1 6 7 8 9 1.62019
10 11 1 6 7 8 12 1.62019
10 11 1 6 7 8 13 1.62019
10 11 1 6 7 8 14 1.62019
10 11 1 6 7 9 12 1.62019
10 11 1 6 7 9 13 1.62019
10 11 1 6 7 9 14 1.62019
10 11 1 6 7 12 13 1.62019
10 11 1 6 7 12 14 1.62019
10 11 1 6 7 13 14 1.62019
10 11 1 6 8 9 12 2.13664
10 11 1 6 8 9 13 2.13664
10 11 1 6 8 9 14 2.13664
10 11 1 6 8 12 13 2.13664
10 11 1 6 8 12 14 2.13664
10 11 1 6 8 13 14 2.13664
10 11 1 6 9 12 13 2.13664
10 11 1 6 9 12 14 2.13664
10 11 1 6 9 13 14 2.13664
10 11 1 6 12 13 14 2.13664
10 11 1 7 8 9 12 1.62019
10 11 1 7 8 9 13 1.62019
10 11 1 7 8 9 14 1.62019
10 11 1 7 8 12 13 1.62019
10 11 1 7 8 12 14 1.62019
10 11 1 7 8 13 14 1.62019
10 11 1 7 9 12 13 1.62019
10 11 1 7 9 12 14 1.62019
10 11 1 7 9 13 14 1.62019
10 11 1 7 12 13 14 1.62019
10 11 1 8 9 12 13 2.13664
10 11 1 8 9 12 14 2.13664
10 11 1 8 9 13 14 2.13664
10 11 1 8 12 13 14 2.13664
10 11 1 9 12 13 14 2.13664
10 11 2 3 4 5 6 2.07802
10 11 2 3 4 5 7 1.85164
10 11 2 3 4 5 8 1.85164
10 11 2 3 4 5 9 2.07802
10 11 2 3 4 5 12 1.85164
10 11 2 3 4 5 13 1.73205
10 11 2 3 4 5 14 2.07802
10 11 2 3 4 6 7 1.85164
10 11 2 3 4 6 8 1.93309
10 11 2 3 4 6 9 2.13809
10 11 2 3 4 6 12 1.93309
10 11 2 3 4 6 13 1.85164
10 11 2 3 4 6 14 2.13809
10 11 2 3 4 7 8 1.62019
10 11 2 3 4 7 9 1.85164
10 11 2 3 4 7 12 1.62019
10 11 2 3 4 7 13 1.41421
10 11 2 3 4 7 14 1.85164
10 11 2 3 4 8 9 1.93309
10 11 2 3 4 8 12 1.73205
10 11 2 3 4 8 13 1.62019
10 11 2 3 4 8 14 1.93309
10 11 2 3 4 9 12 1.93309
10 11 2 3 4 9 13 1.85164
10 11 2 3 4 9 14 2.13809
10 11 2 3 4 12 13 1.62019
10 11 2 3 4 12 14 1.93309
10 11 2 3 4 13 14 1.85164
10 11 2 3 5 6 7 1.85164
10 11 2 3 5 6 8 1.85164
10 11 2 3 5 6 9 2.07802
10 11 2 3 5 6 12 1.85164
10 11 2 3 5 6 13 1.73205
10 11 2 3 5 6 14 2.07802
10 11 2 3 5 7 8 1.62019
10 11 2 3 5 7 9 1.85164
10 11 2 3 5 7 12 1.62019
10 11 2 3 5 7 13 1.41421
10 11 2 3 5 7 14 1.85164
10 11 2 3 5 8 9 1.85164
10 11 2 3 5 8 12 1.62019
10 11 2 3 5 8 13 1.41421
10 11 2 3 5 8 14 1.85164
10 11 2 3 5 9 12 1.85164
10 11 2 3 5 9 13 1.73205
10 11 2 3 5 9 14 2.07802
10 11 2 3 5 12 13 1.41421
10 11 2 3 5 12 14 1.85164
10 11 2 3 5 13 14 1.73205
10 11 2 3 6 7 8 1.62019
10 11 2 3 6 7 9 1.85164
10 11 2 3 6 7 12 1.62019
10 11 2 3 6 7 13 1.41421
10 11 2 3 6 7 14 1.85164
10 11 2 3 6 8 9 2
10 11 2 3 6 8 12 1.81265
10 11 2 3 6 8 13 1.73205
10 11 2 3 6 8 14 2
10 11 2 3 6 9 12 2
10 11 2 3 6 9 13 1.90693
10 11 2 3 6 9 14 2.16556
10 11 2 3 6 12 13 1.73205
10 11 2 3 6 12 14 2
10 11 2 3 6 13 14 1.90693
10 11 2 3 7 8 9 1.62019
10 11 2 3 7 8 12 1.41421
10 11 2 3 7 8 13 1
10 11 2 3 7 8 14 1.62019
10 11 2 3 7 9 12 1.62019
10 11 2 3 7 9 13 1.41421
10 11 2 3 7 9 14 1.85164
10 11 2 3 7 12 13 1
10 11 2 3 7 12 14 1.62019
10 11 2 3 7 13 14 1.41421
10 11 2 3 8 9 12 1.81265
10 11 2 3 8 9 13 1.73205
10 11 2 3 8 9 14 2
10 11 2 3 8 12 13 1.62019
10 11 2 3 8 12 14 1.81265
10 11 2 3 8 13 14 1.73205
10 11 2 3 9 12 13 1.73205
10 11 2 3 9 12 14 2
10 11 2 3 9 13 14 1.90693
10 11 2 3 12 13 14 1.73205
10 11 2 4 5 6 7 1.85164
10 11 2 4 5 6 8 1.93309
10 11 2 4 5 6 9 2.13809
10 11 2 4 5 6 12 1.93309
10 11 2 4 5 6 13 1.85164
10 11 2 4 5 6 14 2.13809
10 11 2 4 5 7 8 1.62019
10 11 2 4 5 7 9 1.85164
10 11 2 4 5 7 12 1.62019
10 11 2 4 5 7 13 1.41421
10 11 2 4 5 7 14 1.85164
10 11 2 4 5 8 9 1.93309
10 11 2 4 5 8 12 1.73205
10 11 2 4 5 8 13 1.62019
10 11 2 4 5 8 14 1.93309
10 11 2 4 5 9 12 1.93309
10 11 2 4 5 9 13 1.85164
10 11 2 4 5 9 14 2.13809
10 11 2 4 5 12 13 1.62019
10 11 2 4 5 12 14 1.93309
10 11 2 4 5 13 14 1.85164
10 11 2 4 6 7 8 1.62019
10 11 2 4 6 7 9 1.85164
10 11 2 4 6 7 12 1.62019
10 11 2 4 6 7 13 1.41421
10 11 2 4 6 7 14 1.85164
10 11 2 4 6 8 9 2.04939
10 11 2 4 6 8 12 1.90693
10 11 2 4 6 8 13 1.85164
10 11 2 4 6 8 14 2.04939
10 11 2 4 6 9 12 2.04939
10 11 2 4 6 9 13 2.00294
10 11 2 4 6 9 14 2.22354
10 11 2 4 6 12 13 1.85164
10 11 2 4 6 12 14 2.04939
10 11 2 4 6 13 14 2.00294
10 11 2 4 7 8 9 1.62019
10 11 2 4 7 8 12 1.41421
10 11 2 4 7 8 13 1
10 11 2 4 7 8 14 1.62019
10 11 2 4 7 9 12 1.62019
10 11 2 4 7 9 13 1.41421
10 11 2 4 7 9 14 1.85164
10 11 2 4 7 12 13 1
10 11 2 4 7 12 14 1.62019
10 11 2 4 7 13 14 1.41421
10 11 2 4 8 9 12 1.90693
10 11 2 4 8 9 13 1.85164
10 11 2 4 8 9 14 2.04939
10 11 2 4 8 12 13 1.73205
10 11 2 4 8 12 14 1.90693
10 11 2 4 8 13 14 1.85164
10 11 2 4 9 12 13 1.85164
10 11 2 4 9 12 14 2.04939
10 11 2 4 9 13 14 2.00294
10 11 2 4 12 13 14 1.85164
10 11 2 5 6 7 8 1.62019
10 11 2 5 6 7 9 1.85164
10 11 2 5 6 7 12 1.62019
10 11 2 5 6 7 13 1.41421
10 11 2 5 6 7 14 1.85164
10 11 2 5 6 8 9 1.93309
10 11 2 5 6 8 12 1.73205
10 11 2 5 6 8 13 1.62019
10 11 2 5 6 8 14 1.93309
10 11 2 5 6 9 12 1.93309
10 11 2 5 6 9 13 1.85164
10 11 2 5 6 9 14 2.13809
10 11 2 5 6 12 13 1.62019
10 11 2 5 6 12 14 1.93309
10 11 2 5 6 13 14 1.85164
10 11 2 5 7 8 9 1.62019
10 11 2 5 7 8 12 1.41421
10 11 2 5 7 8 13 1
10 11 2 5 7 8 14 1.62019
10 11 2 5 7 9 12 1.62019
10 11 2 5 7 9 13 1.41421
10 11 2 5 7 9 14 1.85164
10 11 2 5 7 12 13 1
10 11 2 5 7 12 14 1.62019
10 11 2 5 7 13 14 1.41421
10 11 2 5 8 9 12 1.73205
10 11 2 5 8 9 13 1.62019
10 11 2 5 8 9 14 1.93309
10 11 2 5 8 12 13 1.41421
10 11 2 5 8 12 14 1.73205
10 11 2 5 8 13 14 1.62019
10 11 2 5 9 12 13 1.62019
10 11 2 5 9 12 14 1.93309
10 11 2 5 9 13 14 1.85164
10 11 2 5 12 13 14 1.62019
10 11 2 6 7 8 9 1.62019
10 11 2 6 7 8 12 1.41421
10 11 2 6 7 8 13 1
10 11 2 6 7 8 14 1.62019
10 11 2 6 7 9 12 1.62019
10 11 2 6 7 9 13 1.41421
10 11 2 6 7 9 14 1.85164
10 11 2 6 7 12 13 1
10 11 2 6 7 12 14 1.62019
10 11 2 6 7 13 14 1.41421
10 11 2 6 8 9 12 2
10 11 2 6 8 9 13 1.93309
10 11 2 6 8 9 14 2.09938
10 11 2 6 8 12 13 1.85164
10 11 2 6 8 12 14 2
10 11 2 6 8 13 14 1.93309
10 11 2 6 9 12 13 1.93309
10 11 2 6 9 12 14 2.09938
10 11 2 6 9 13 14 2.04939
10 11 2 6 12 13 14 1.93309
10 11 2 7 8 9 12 1.41421
10 11 2 7 8 9 13 1
10 11 2 7 8 9 14 1.62019
10 11 2 7 8 12 13 1
10 11 2 7 8 12 14 1.41421
10 11 2 7 8 13 14 1
10 11 2 7 9 12 13 1
10 11 2 7 9 12 14 1.62019
10 11 2 7 9 13 14 1.41421
10 11 2 7 12 13 14 1
10 11 2 8 9 12 13 1.85164
10 11 2 8 9 12 14 2
10 11 2 8 9 13 14 1.93309
10 11 2 8 12 13 14 1.85164
10 11 2 9 12 13 14 1.93309
10 11 3 4 5 6 7 2.07802
10 11 3 4 5 6 8 2.07802
10 11 3 4 5 6 9 2.29129
10 11 3 4 5 6 12 2.07802
10 11 3 4 5 6 13 2
10 11 3 4 5 6 14 2.29129
10 11 3 4 5 7 8 1.85164
10 11 3 4 5 7 9 2.07802
10 11 3 4 5 7 12 1.85164
10 11 3 4 5 7 13 1.73205
10 11 3 4 5 7 14 2.07802
10 11 3 4 5 8 9 2.07802
10 11 3 4 5 8 12 1.85164
10 11 3 4 5 8 13 1.73205
10 11 3 4 5 8 14 2.07802
10 11 3 4 5 9 12 2.07802
10 11 3 4 5 9 13 2
10 11 3 4 5 9 14 2.29129
10 11 3 4 5 12 13 1.73205
10 11 3 4 5 12 14 2.07802
10 11 3 4 5 13 14 2
10 11 3 4 6 7 8 1.93309
10 11 3 4 6 7 9 2.13809
10 11 3 4 6 7 12 1.93309
10 11 3 4 6 7 13 1.85164
10 11 3 4 6 7 14 2.13809
10 11 3 4 6 8 9 2.32266
10 11 3 4 6 8 12 2.16025
10 11 3 4 6 8 13 2.13664
10 11 3 4 6 8 14 2.32266
10 11 3 4 6 9 12 2.32266
10 11 3 4 6 9 13 2.28709
10 11 3 4 6 9 14 2.48193
10 11 3 4 6 12 13 2.13664
10 11 3 4 6 12 14 2.32266
10 11 3 4 6 13 14 2.28709
10 11 3 4 7 8 9 1.93309
10 11 3 4 7 8 12 1.73205
10 11 3 4 7 8 13 1.62019
10 11 3 4 7 8 14 1.93309
10 11 3 4 7 9 12 1.93309
10 11 3 4 7 9 13 1.85164
10 11 3 4 7 9 14 2.13809
10 11 3 4 7 12 13 1.62019
10 11 3 4 7 12 14 1.93309
10 11 3 4 7 13 14 1.85164
10 11 3 4 8 9 12 2.16025
10 11 3 4 8 9 13 2.13664
10 11 3 4 8 9 14 2.32266
10 11 3 4 8 12 13 2
10 11 3 4 8 12 14 2.16025
10 11 3 4 8 13 14 2.13664
10 11 3 4 9 12 13 2.13664
10 11 3 4 9 12 14 2.32266
10 11 3 4 9 13 14 2.28709
10 11 3 4 12 13 14 2.13664
10 11 3 5 6 7 8 1.85164
10 11 3 5 6 7 9 2.07802
10 11 3 5 6 7 12 1.85164
10 11 3 5 6 7 13 1.73205
10 11 3 5 6 7 14 2.07802
10 11 3 5 6 8 9 2.07802
10 11 3 5 6 8 12 1.85164
10 11 3 5 6 8 13 1.73205
10 11 3 5 6 8 14 2.07802
10 11 3 5 6 9 12 2.07802
10 11 3 5 6 9 13 2
10 11 3 5 6 9 14 2.29129
10 11 3 5 6 12 13 1.73205
10 11 3 5 6 12 14 2.07802
10 11 3 5 6 13 14 2
10 11 3 5 7 8 9 1.85164
10 11 3 5 7 8 12 1.62019
10 11 3 5 7 8 13 1.41421
10 11 3 5 7 8 14 1.85164
10 11 3 5 7 9 12 1.85164
10 11 3 5 7 9 13 1.73205
10 11 3 5 7 9 14 2.07802
10 11 3 5 7 12 13 1.41421
10 11 3 5 7 12 14 1.85164
10 11 3 5 7 13 14 1.73205
10 11 3 5 8 9 12 1.85164
10 11 3 5 8 9 13 1.73205
10 11 3 5 8 9 14 2.07802
10 11 3 5 8 12 13 1.41421
10 11 3 5 8 12 14 1.85164
10 11 3 5 8 13 14 1.73205
10 11 3 5 9 12 13 1.73205
10 11 3 5 9 12 14 2.07802
10 11 3 5 9 13 14 2
10 11 3 5 12 13 14 1.73205
10 11 3 6 7 8 9 2
10 11 3 6 7 8 12 1.81265
10 11 3 6 7 8 13 1.73205
10 11 3 6 7 8 14 2
10 11 3 6 7 9 12 2
10 11 3 6 7 9 13 1.90693
10 11 3 6 7 9 14 2.16556
10 11 3 6 7 12 13 1.73205
10 11 3 6 7 12 14 2
10 11 3 6 7 13 14 1.90693
10 11 3 6 8 9 12 2.26385
10 11 3 6 8 9 13 2.23607
10 11 3 6 8 9 14 2.39046
10 11 3 6 8 12 13 2.13664
10 11 3 6 8 12 14 2.26385
10 11 3 6 8 13 14 2.23607
10 11 3 6 9 12 13 2.23607
10 11 3 6 9 12 14 2.39046
10 11 3 6 9 13 14 2.35488
10 11 3 6 12 13 14 2.23607
10 11 3 7 8 9 12 1.81265
10 11 3 7 8 9 13 1.73205
10 11 3 7 8 9 14 2
10 11 3 7 8 12 13 1.62019
10 11 3 7 8 12 14 1.81265
10 11 3 7 8 13 14 1.73205
10 11 3 7 9 12 13 1.73205
10 11 3 7 9 12 14 2
10 11 3 7 9 13 14 1.90693
10 11 3 7 12 13 14 1.73205
10 11 3 8 9 12 13 2.13664
10 11 3 8 9 12 14 2.26385
10 11 3 8 9 13 14 2.23607
10 11 3 8 12 13 14 2.13664
10 11 3 9 12 13 14 2.23607
10 11 4 5 6 7 8 1.93309
10 11 4 5 6 7 9 2.13809
10 11 4 5 6 7 12 1.93309
10 11 4 5 6 7 13 1.85164
10 11 4 5 6 7 14 2.13809
10 11 4 5 6 8 9 2.32266
10 11 4 5 6 8 12 2.16025
10 11 4 5 6 8 13 2.13664
10 11 4 5 6 8 14 2.32266
10 11 4 5 6 9 12 2.32266
10 11 4 5 6 9 13 2.28709
10 11 4 5 6 9 14 2.48193
10 11 4 5 6 12 13 2.13664
10 11 4 5 6 12 14 2.32266
10 11 4 5 6 13 14 2.28709
10 11 4 5 7 8 9 1.93309
10 11 4 5 7 8 12 1.73205
10 11 4 5 7 8 13 1.62019
10 11 4 5 7 8 14 1.93309
10 11 4 5 7 9 12 1.93309
10 11 4 5 7 9 13 1.85164
10 11 4 5 7 9 14 2.13809
10 11 4 5 7 12 13 1.62019
10 11 4 5 7 12 14 1.93309
10 11 4 5 7 13 14 1.85164
10 11 4 5 8 9 12 2.16025
10 11 4 5 8 9 13 2.13664
10 11 4 5 8 9 14 2.32266
10 11 4 5 8 12 13 2
10 11 4 5 8 12 14 2.16025
10 11 4 5 8 13 14 2.13664
10 11 4 5 9 12 13 2.13664
10 11 4 5 9 12 14 2.32266
10 11 4 5 9 13 14 2.28709
10 11 4 5 12 13 14 2.13664
10 11 4 6 7 8 9 2.04939
10 11 4 6 7 8 12 1.90693
10 11 4 6 7 8 13 1.85164
10 11 4 6 7 8 14 2.04939
10 11 4 6 7 9 12 2.04939
10 11 4 6 7 9 13 2.00294
10 11 4 6 7 9 14 2.22354
10 11 4 6 7 12 13 1.85164
10 11 4 6 7 12 14 2.04939
10 11 4 6 7 13 14 2.00294
10 11 4 6 8 9 12 2.53722
10 11 4 6 8 9 13 2.52543
10 11 4 6 8 9 14 2.62216
10 11 4 6 8 12 13 2.44949
10 11 4 6 8 12 14 2.53722
10 11 4 6 8 13 14 2.52543
10 11 4 6 9 12 13 2.52543
10 11 4 6 9 12 14 2.62216
10 11 4 6 9 13 14 2.61406
10 11 4 6 12 13 14 2.52543
10 11 4 7 8 9 12 1.90693
10 11 4 7 8 9 13 1.85164
10 11 4 7 8 9 14 2.04939
10 11 4 7 8 12 13 1.73205
10 11 4 7 8 12 14 1.90693
10 11 4 7 8 13 14 1.85164
10 11 4 7 9 12 13 1.85164
10 11 4 7 9 12 14 2.04939
10 11 4 7 9 13 14 2.00294
10 11 4 7 12 13 14 1.85164
10 11 4 8 9 12 13 2.44949
10 11 4 8 9 12 14 2.53722
10 11 4 8 9 13 14 2.52543
10 11 4 8 12 13 14 2.44949
10 11 4 9 12 13 14 2.52543
10 11 5 6 7 8 9 1.93309
10 11 5 6 7 8 12 1.73205
10 11 5 6 7 8 13 1.62019
10 11 5 6 7 8 14 1.93309
10 11 5 6 7 9 12 1.93309
10 11 5 6 7 9 13 1.85164
10 11 5 6 7 9 14 2.13809
10 11 5 6 7 12 13 1.62019
10 11 5 6 7 12 14 1.93309
10 11 5 6 7 13 14 1.85164
10 11 5 6 8 9 12 2.16025
10 11 5 6 8 9 13 2.13664
10 11 5 6 8 9 14 2.32266
10 11 5 6 8 12 13 2
10 11 5 6 8 12 14 2.16025
10 11 5 6 8 13 14 2.13664
10 11 5 6 9 12 13 2.13664
10 11 5 6 9 12 14 2.32266
10 11 5 6 9 13 14 2.28709
10 11 5 6 12 13 14 2.13664
10 11 5 7 8 9 12 1.73205
10 11 5 7 8 9 13 1.62019
10 11 5 7 8 9 14 1.93309
10 11 5 7 8 12 13 1.41421
10 11 5 7 8 12 14 1.73205
10 11 5 7 8 13 14 1.62019
10 11 5 7 9 12 13 1.62019
10 11 5 7 9 12 14 1.93309
10 11 5 7 9 13 14 1.85164
10 11 5 7 12 13 14 1.62019
10 11 5 8 9 12 13 2
10 11 5 8 9 12 14 2.16025
10 11 5 8 9 13 14 2.13664
10 11 5 8 12 13 14 2
10 11 5 9 12 13 14 2.13664
10 11 6 7 8 9 12 2
10 11 6 7 8 9 13 1.93309
10 11 6 7 8 9 14 2.09938
10 11 6 7 8 12 13 1.85164
10 11 6 7 8 12 14 2
10 11 6 7 8 13 14 1.93309
10 11 6 7 9 12 13 1.93309
10 11 6 7 9 12 14 2.09938
10 11 6 7 9 13 14 2.04939
10 11 6 7 12 13 14 1.93309
10 11 6 8 9 12 13 2.52543
10 11 6 8 9 12 14 2.60419
10 11 6 8 9 13 14 2.58844
10 11 6 8 12 13 14 2.52543
10 11 6 9 12 13 14 2.58844
10 11 7 8 9 12 13 1.85164
10 11 7 8 9 12 14 2
10 11 7 8 9 13 14 1.93309
10 11 7 8 12 13 14 1.85164
10 11 7 9 12 13 14 1.93309
10 11 8 9 12 13 14 2.52543
