10 11 0 1 2 3 4 5 6 7 0
10 11 0 1 2 3 4 5 6 8 0
10 11 0 1 2 3 4 5 6 9 0
10 11 0 1 2 3 4 5 6 12 0
10 11 0 1 2 3 4 5 6 13 0
10 11 0 1 2 3 4 5 6 14 0
10 11 0 1 2 3 4 5 7 8 1
10 11 0 1 2 3 4 5 7 9 0
10 11 0 1 2 3 4 5 7 12 1
10 11 0 1 2 3 4 5 7 13 1
10 11 0 1 2 3 4 5 7 14 1
10 11 0 1 2 3 4 5 8 9 0
10 11 0 1 2 3 4 5 8 12 1
10 11 0 1 2 3 4 5 8 13 1
10 11 0 1 2 3 4 5 8 14 1
10 11 0 1 2 3 4 5 9 12 0
10 11 0 1 2 3 4 5 9 13 0
10 11 0 1 2 3 4 5 9 14 0
10 11 0 1 2 3 4 5 12 13 1
10 11 0 1 2 3 4 5 12 14 1
10 11 0 1 2 3 4 5 13 14 1
10 11 0 1 2 3 4 6 7 8 0
10 11 0 1 2 3 4 6 7 9 0
10 11 0 1 2 3 4 6 7 12 0
10 11 0 1 2 3 4 6 7 13 0
10 11 0 1 2 3 4 6 7 14 0
10 11 0 1 2 3 4 6 8 9 1
10 11 0 1 2 3 4 6 8 12 1
10 11 0 1 2 3 4 6 8 13 1
10 11 0 1 2 3 4 6 8 14 1
10 11 0 1 2 3 4 6 9 12 1
10 11 0 1 2 3 4 6 9 13 1
10 11 0 1 2 3 4 6 9 14 1
10 11 0 1 2 3 4 6 12 13 1
10 11 0 1 2 3 4 6 12 14 1
10 11 0 1 2 3 4 6 13 14 1
10 11 0 1 2 3 4 7 8 9 0
10 11 0 1 2 3 4 7 8 12 1
10 11 0 1 2 3 4 7 8 13 1
10 11 0 1 2 3 4 7 8 14 1
10 11 0 1 2 3 4 7 9 12 0
10 11 0 1 2 3 4 7 9 13 0
10 11 0 1 2 3 4 7 9 14 0
10 11 0 1 2 3 4 7 12 13 1
10 11 0 1 2 3 4 7 12 14 1
10 11 0 1 2 3 4 7 13 14 1
10 11 0 1 2 3 4 8 9 12 1
10 11 0 1 2 3 4 8 9 13 1
10 11 0 1 2 3 4 8 9 14 1
10 11 0 1 2 3 4 8 12 13 1
10 11 0 1 2 3 4 8 12 14 1
10 11 0 1 2 3 4 8 13 14 1
10 11 0 1 2 3 4 9 12 13 1
10 11 0 1 2 3 4 9 12 14 1
10 11 0 1 2 3 4 9 13 14 1
10 11 0 1 2 3 4 12 13 14 1
10 11 0 1 2 3 5 6 7 8 0
10 11 0 1 2 3 5 6 7 9 0
10 11 0 1 2 3 5 6 7 12 0
10 11 0 1 2 3 5 6 7 13 0
10 11 0 1 2 3 5 6 7 14 0
10 11 0 1 2 3 5 6 8 9 0
10 11 0 1 2 3 5 6 8 12 0
10 11 0 1 2 3 5 6 8 13 0
10 11 0 1 2 3 5 6 8 14 0
10 11 0 1 2 3 5 6 9 12 0
10 11 0 1 2 3 5 6 9 13 0
10 11 0 1 2 3 5 6 9 14 0
10 11 0 1 2 3 5 6 12 13 0
10 11 0 1 2 3 5 6 12 14 0
10 11 0 1 2 3 5 6 13 14 0
10 11 0 1 2 3 5 7 8 9 0
10 11 0 1 2 3 5 7 8 12 1
10 11 0 1 2 3 5 7 8 13 1
10 11 0 1 2 3 5 7 8 14 1
10 11 0 1 2 3 5 7 9 12 0
10 11 0 1 2 3 5 7 9 13 0
10 11 0 1 2 3 5 7 9 14 0
10 11 0 1 2 3 5 7 12 13 1
10 11 0 1 2 3 5 7 12 14 1
10 11 0 1 2 3 5 7 13 14 1
10 11 0 1 2 3 5 8 9 12 0
10 11 0 1 2 3 5 8 9 13 0
10 11 0 1 2 3 5 8 9 14 0
10 11 0 1 2 3 5 8 12 13 1
10 11 0 1 2 3 5 8 12 14 1
10 11 0 1 2 3 5 8 13 14 1
10 11 0 1 2 3 5 9 12 13 0
10 11 0 1 2 3 5 9 12 14 0
10 11 0 1 2 3 5 9 13 14 0
10 11 0 1 2 3 5 12 13 14 1
10 11 0 1 2 3 6 7 8 9 1
10 11 0 1 2 3 6 7 8 12 1
10 11 0 1 2 3 6 7 8 13 1
10 11 0 1 2 3 6 7 8 14 1
10 11 0 1 2 3 6 7 9 12 1
10 11 0 1 2 3 6 7 9 13 1
10 11 0 1 2 3 6 7 9 14 1
10 11 0 1 2 3 6 7 12 13 1
10 11 0 1 2 3 6 7 12 14 1
10 11 0 1 2 3 6 7 13 14 1
10 11 0 1 2 3 6 8 9 12 1.41421
10 11 0 1 2 3 6 8 9 13 1.41421
10 11 0 1 2 3 6 8 9 14 1.41421
10 11 0 1 2 3 6 8 12 13 1.41421
10 11 0 1 2 3 6 8 12 14 1.41421
10 11 0 1 2 3 6 8 13 14 1.41421
10 11 0 1 2 3 6 9 12 13 1.41421
10 11 0 1 2 3 6 9 12 14 1.41421
10 11 0 1 2 3 6 9 13 14 1.41421
10 11 0 1 2 3 6 12 13 14 1.41421
10 11 0 1 2 3 7 8 9 12 1
10 11 0 1 2 3 7 8 9 13 1
10 11 0 1 2 3 7 8 9 14 1
10 11 0 1 2 3 7 8 12 13 1
10 11 0 1 2 3 7 8 12 14 1
10 11 0 1 2 3 7 8 13 14 1
10 11 0 1 2 3 7 9 12 13 1
10 11 0 1 2 3 7 9 12 14 1
10 11 0 1 2 3 7 9 13 14 1
10 11 0 1 2 3 7 12 13 14 1
10 11 0 1 2 3 8 9 12 13 1.41421
10 11 0 1 2 3 8 9 12 14 1.41421
10 11 0 1 2 3 8 9 13 14 1.41421
10 11 0 1 2 3 8 12 13 14 1.41421
10 11 0 1 2 3 9 12 13 14 1.41421
10 11 0 1 2 4 5 6 7 8 0
10 11 0 1 2 4 5 6 7 9 0
10 11 0 1 2 4 5 6 7 12 0
10 11 0 1 2 4 5 6 7 13 0
10 11 0 1 2 4 5 6 7 14 0
10 11 0 1 2 4 5 6 8 9 1
10 11 0 1 2 4 5 6 8 12 1
10 11 0 1 2 4 5 6 8 13 1
10 11 0 1 2 4 5 6 8 14 1
10 11 0 1 2 4 5 6 9 12 1
10 11 0 1 2 4 5 6 9 13 1
10 11 0 1 2 4 5 6 9 14 1
10 11 0 1 2 4 5 6 12 13 1
10 11 0 1 2 4 5 6 12 14 1
10 11 0 1 2 4 5 6 13 14 1
10 11 0 1 2 4 5 7 8 9 0
10 11 0 1 2 4 5 7 8 12 1
10 11 0 1 2 4 5 7 8 13 1
10 11 0 1 2 4 5 7 8 14 1
10 11 0 1 2 4 5 7 9 12 0
10 11 0 1 2 4 5 7 9 13 0
10 11 0 1 2 4 5 7 9 14 0
10 11 0 1 2 4 5 7 12 13 1
10 11 0 1 2 4 5 7 12 14 1
10 11 0 1 2 4 5 7 13 14 1
10 11 0 1 2 4 5 8 9 12 1
10 11 0 1 2 4 5 8 9 13 1
10 11 0 1 2 4 5 8 9 14 1
10 11 0 1 2 4 5 8 12 13 1
10 11 0 1 2 4 5 8 12 14 1
10 11 0 1 2 4 5 8 13 14 1
10 11 0 1 2 4 5 9 12 13 1
10 11 0 1 2 4 5 9 12 14 1
10 11 0 1 2 4 5 9 13 14 1
10 11 0 1 2 4 5 12 13 14 1
10 11 0 1 2 4 6 7 8 9 0
10 11 0 1 2 4 6 7 8 12 0
10 11 0 1 2 4 6 7 8 13 0
10 11 0 1 2 4 6 7 8 14 0
10 11 0 1 2 4 6 7 9 12 0
10 11 0 1 2 4 6 7 9 13 0
10 11 0 1 2 4 6 7 9 14 0
10 11 0 1 2 4 6 7 12 13 0
10 11 0 1 2 4 6 7 12 14 0
10 11 0 1 2 4 6 7 13 14 0
10 11 0 1 2 4 6 8 9 12 1.41421
10 11 0 1 2 4 6 8 9 13 1.41421
10 11 0 1 2 4 6 8 9 14 1.41421
10 11 0 1 2 4 6 8 12 13 1.41421
10 11 0 1 2 4 6 8 12 14 1.41421
10 11 0 1 2 4 6 8 13 14 1.41421
10 11 0 1 2 4 6 9 12 13 1.41421
10 11 0 1 2 4 6 9 12 14 1.41421
10 11 0 1 2 4 6 9 13 14 1.41421
10 11 0 1 2 4 6 12 13 14 1.41421
10 11 0 1 2 4 7 8 9 12 0
10 11 0 1 2 4 7 8 9 13 0
10 11 0 1 2 4 7 8 9 14 0
10 11 0 1 2 4 7 8 12 13 1
10 11 0 1 2 4 7 8 12 14 1
10 11 0 1 2 4 7 8 13 14 1
10 11 0 1 2 4 7 9 12 13 0
10 11 0 1 2 4 7 9 12 14 0
10 11 0 1 2 4 7 9 13 14 0
10 11 0 1 2 4 7 12 13 14 1
10 11 0 1 2 4 8 9 12 13 1.41421
10 11 0 1 2 4 8 9 12 14 1.41421
10 11 0 1 2 4 8 9 13 14 1.41421
10 11 0 1 2 4 8 12 13 14 1.41421
10 11 0 1 2 4 9 12 13 14 1.41421
10 11 0 1 2 5 6 7 8 9 0
10 11 0 1 2 5 6 7 8 12 0
10 11 0 1 2 5 6 7 8 13 0
10 11 0 1 2 5 6 7 8 14 0
10 11 0 1 2 5 6 7 9 12 0
10 11 0 1 2 5 6 7 9 13 0
10 11 0 1 2 5 6 7 9 14 0
10 11 0 1 2 5 6 7 12 13 0
10 11 0 1 2 5 6 7 12 14 0
10 11 0 1 2 5 6 7 13 14 0
10 11 0 1 2 5 6 8 9 12 1
10 11 0 1 2 5 6 8 9 13 1
10 11 0 1 2 5 6 8 9 14 1
10 11 0 1 2 5 6 8 12 13 1
10 11 0 1 2 5 6 8 12 14 1
10 11 0 1 2 5 6 8 13 14 1
10 11 0 1 2 5 6 9 12 13 1
10 11 0 1 2 5 6 9 12 14 1
10 11 0 1 2 5 6 9 13 14 1
10 11 0 1 2 5 6 12 13 14 1
10 11 0 1 2 5 7 8 9 12 0
10 11 0 1 2 5 7 8 9 13 0
10 11 0 1 2 5 7 8 9 14 0
10 11 0 1 2 5 7 8 12 13 1
10 11 0 1 2 5 7 8 12 14 1
10 11 0 1 2 5 7 8 13 14 1
10 11 0 1 2 5 7 9 12 13 0
10 11 0 1 2 5 7 9 12 14 0
10 11 0 1 2 5 7 9 13 14 0
10 11 0 1 2 5 7 12 13 14 1
10 11 0 1 2 5 8 9 12 13 1
10 11 0 1 2 5 8 9 12 14 1
10 11 0 1 2 5 8 9 13 14 1
10 11 0 1 2 5 8 12 13 14 1
10 11 0 1 2 5 9 12 13 14 1
10 11 0 1 2 6 7 8 9 12 1
10 11 0 1 2 6 7 8 9 13 1
10 11 0 1 2 6 7 8 9 14 1
10 11 0 1 2 6 7 8 12 13 1
10 11 0 1 2 6 7 8 12 14 1
10 11 0 1 2 6 7 8 13 14 1
10 11 0 1 2 6 7 9 12 13 1
10 11 0 1 2 6 7 9 12 14 1
10 11 0 1 2 6 7 9 13 14 1
10 11 0 1 2 6 7 12 13 14 1
10 11 0 1 2 6 8 9 12 13 1.62019
10 11 0 1 2 6 8 9 12 14 1.62019
10 11 0 1 2 6 8 9 13 14 1.62019
10 11 0 1 2 6 8 12 13 14 1.62019
10 11 0 1 2 6 9 12 13 14 1.62019
10 11 0 1 2 7 8 9 12 13 1
10 11 0 1 2 7 8 9 12 14 1
10 11 0 1 2 7 8 9 13 14 1
10 11 0 1 2 7 8 12 13 14 1
10 11 0 1 2 7 9 12 13 14 1
10 11 0 1 2 8 9 12 13 14 1.62019
10 11 0 1 3 4 5 6 7 8 0
10 11 0 1 3 4 5 6 7 9 0
10 11 0 1 3 4 5 6 7 12 0
10 11 0 1 3 4 5 6 7 13 0
10 11 0 1 3 4 5 6 7 14 0
10 11 0 1 3 4 5 6 8 9 0
10 11 0 1 3 4 5 6 8 12 0
10 11 0 1 3 4 5 6 8 13 0
10 11 0 1 3 4 5 6 8 14 0
10 11 0 1 3 4 5 6 9 12 0
10 11 0 1 3 4 5 6 9 13 0
10 11 0 1 3 4 5 6 9 14 0
10 11 0 1 3 4 5 6 12 13 0
10 11 0 1 3 4 5 6 12 14 0
10 11 0 1 3 4 5 6 13 14 0
10 11 0 1 3 4 5 7 8 9 0
10 11 0 1 3 4 5 7 8 12 1
10 11 0 1 3 4 5 7 8 13 1
10 11 0 1 3 4 5 7 8 14 1
10 11 0 1 3 4 5 7 9 12 0
10 11 0 1 3 4 5 7 9 13 0
10 11 0 1 3 4 5 7 9 14 0
10 11 0 1 3 4 5 7 12 13 1
10 11 0 1 3 4 5 7 12 14 1
10 11 0 1 3 4 5 7 13 14 1
10 11 0 1 3 4 5 8 9 12 0
10 11 0 1 3 4 5 8 9 13 0
10 11 0 1 3 4 5 8 9 14 0
10 11 0 1 3 4 5 8 12 13 1
10 11 0 1 3 4 5 8 12 14 1
10 11 0 1 3 4 5 8 13 14 1
10 11 0 1 3 4 5 9 12 13 0
10 11 0 1 3 4 5 9 12 14 0
10 11 0 1 3 4 5 9 13 14 0
10 11 0 1 3 4 5 12 13 14 1
10 11 0 1 3 4 6 7 8 9 1
10 11 0 1 3 4 6 7 8 12 1
10 11 0 1 3 4 6 7 8 13 1
10 11 0 1 3 4 6 7 8 14 1
10 11 0 1 3 4 6 7 9 12 1
10 11 0 1 3 4 6 7 9 13 1
10 11 0 1 3 4 6 7 9 14 1
10 11 0 1 3 4 6 7 12 13 1
10 11 0 1 3 4 6 7 12 14 1
10 11 0 1 3 4 6 7 13 14 1
10 11 0 1 3 4 6 8 9 12 1.41421
10 11 0 1 3 4 6 8 9 13 1.41421
10 11 0 1 3 4 6 8 9 14 1.41421
10 11 0 1 3 4 6 8 12 13 1.41421
10 11 0 1 3 4 6 8 12 14 1.41421
10 11 0 1 3 4 6 8 13 14 1.41421
10 11 0 1 3 4 6 9 12 13 1.41421
10 11 0 1 3 4 6 9 12 14 1.41421
10 11 0 1 3 4 6 9 13 14 1.41421
10 11 0 1 3 4 6 12 13 14 1.41421
10 11 0 1 3 4 7 8 9 12 1
10 11 0 1 3 4 7 8 9 13 1
10 11 0 1 3 4 7 8 9 14 1
10 11 0 1 3 4 7 8 12 13 1
10 11 0 1 3 4 7 8 12 14 1
10 11 0 1 3 4 7 8 13 14 1
10 11 0 1 3 4 7 9 12 13 1
10 11 0 1 3 4 7 9 12 14 1
10 11 0 1 3 4 7 9 13 14 1
10 11 0 1 3 4 7 12 13 14 1
10 11 0 1 3 4 8 9 12 13 1.41421
10 11 0 1 3 4 8 9 12 14 1.41421
10 11 0 1 3 4 8 9 13 14 1.41421
10 11 0 1 3 4 8 12 13 14 1.41421
10 11 0 1 3 4 9 12 13 14 1.41421
10 11 0 1 3 5 6 7 8 9 0
10 11 0 1 3 5 6 7 8 12 0
10 11 0 1 3 5 6 7 8 13 0
10 11 0 1 3 5 6 7 8 14 0
10 11 0 1 3 5 6 7 9 12 0
10 11 0 1 3 5 6 7 9 13 0
10 11 0 1 3 5 6 7 9 14 0
10 11 0 1 3 5 6 7 12 13 0
10 11 0 1 3 5 6 7 12 14 0
10 11 0 1 3 5 6 7 13 14 0
10 11 0 1 3 5 6 8 9 12 0
10 11 0 1 3 5 6 8 9 13 0
10 11 0 1 3 5 6 8 9 14 0
10 11 0 1 3 5 6 8 12 13 0
10 11 0 1 3 5 6 8 12 14 0
10 11 0 1 3 5 6 8 13 14 0
10 11 0 1 3 5 6 9 12 13 0
10 11 0 1 3 5 6 9 12 14 0
10 11 0 1 3 5 6 9 13 14 0
10 11 0 1 3 5 6 12 13 14 0
10 11 0 1 3 5 7 8 9 12 0
10 11 0 1 3 5 7 8 9 13 0
10 11 0 1 3 5 7 8 9 14 0
10 11 0 1 3 5 7 8 12 13 1
10 11 0 1 3 5 7 8 12 14 1
10 11 0 1 3 5 7 8 13 14 1
10 11 0 1 3 5 7 9 12 13 0
10 11 0 1 3 5 7 9 12 14 0
10 11 0 1 3 5 7 9 13 14 0
10 11 0 1 3 5 7 12 13 14 1
10 11 0 1 3 5 8 9 12 13 0
10 11 0 1 3 5 8 9 12 14 0
10 11 0 1 3 5 8 9 13 14 0
10 11 0 1 3 5 8 12 13 14 1
10 11 0 1 3 5 9 12 13 14 0
10 11 0 1 3 6 7 8 9 12 1.41421
10 11 0 1 3 6 7 8 9 13 1.41421
10 11 0 1 3 6 7 8 9 14 1.41421
10 11 0 1 3 6 7 8 12 13 1.41421
10 11 0 1 3 6 7 8 12 14 1.41421
10 11 0 1 3 6 7 8 13 14 1.41421
10 11 0 1 3 6 7 9 12 13 1.41421
10 11 0 1 3 6 7 9 12 14 1.41421
10 11 0 1 3 6 7 9 13 14 1.41421
10 11 0 1 3 6 7 12 13 14 1.41421
10 11 0 1 3 6 8 9 12 13 1.73205
10 11 0 1 3 6 8 9 12 14 1.73205
10 11 0 1 3 6 8 9 13 14 1.73205
10 11 0 1 3 6 8 12 13 14 1.73205
10 11 0 1 3 6 9 12 13 14 1.73205
10 11 0 1 3 7 8 9 12 13 1.41421
10 11 0 1 3 7 8 9 12 14 1.41421
10 11 0 1 3 7 8 9 13 14 1.41421
10 11 0 1 3 7 8 12 13 14 1.41421
10 11 0 1 3 7 9 12 13 14 1.41421
10 11 0 1 3 8 9 12 13 14 1.73205
10 11 0 1 4 5 6 7 8 9 1
10 11 0 1 4 5 6 7 8 12 1
10 11 0 1 4 5 6 7 8 13 1
10 11 0 1 4 5 6 7 8 14 1
10 11 0 1 4 5 6 7 9 12 1
10 11 0 1 4 5 6 7 9 13 1
10 11 0 1 4 5 6 7 9 14 1
10 11 0 1 4 5 6 7 12 13 1
10 11 0 1 4 5 6 7 12 14 1
10 11 0 1 4 5 6 7 13 14 1
10 11 0 1 4 5 6 8 9 12 1.41421
10 11 0 1 4 5 6 8 9 13 1.41421
10 11 0 1 4 5 6 8 9 14 1.41421
10 11 0 1 4 5 6 8 12 13 1.41421
10 11 0 1 4 5 6 8 12 14 1.41421
10 11 0 1 4 5 6 8 13 14 1.41421
10 11 0 1 4 5 6 9 12 13 1.41421
10 11 0 1 4 5 6 9 12 14 1.41421
10 11 0 1 4 5 6 9 13 14 1.41421
10 11 0 1 4 5 6 12 13 14 1.41421
10 11 0 1 4 5 7 8 9 12 1
10 11 0 1 4 5 7 8 9 13 1
10 11 0 1 4 5 7 8 9 14 1
10 11 0 1 4 5 7 8 12 13 1
10 11 0 1 4 5 7 8 12 14 1
10 11 0 1 4 5 7 8 13 14 1
10 11 0 1 4 5 7 9 12 13 1
10 11 0 1 4 5 7 9 12 14 1
10 11 0 1 4 5 7 9 13 14 1
10 11 0 1 4 5 7 12 13 14 1
10 11 0 1 4 5 8 9 12 13 1.41421
10 11 0 1 4 5 8 9 12 14 1.41421
10 11 0 1 4 5 8 9 13 14 1.41421
10 11 0 1 4 5 8 12 13 14 1.41421
10 11 0 1 4 5 9 12 13 14 1.41421
10 11 0 1 4 6 7 8 9 12 1.41421
10 11 0 1 4 6 7 8 9 13 1.41421
10 11 0 1 4 6 7 8 9 14 1.41421
10 11 0 1 4 6 7 8 12 13 1.41421
10 11 0 1 4 6 7 8 12 14 1.41421
10 11 0 1 4 6 7 8 13 14 1.41421
10 11 0 1 4 6 7 9 12 13 1.41421
10 11 0 1 4 6 7 9 12 14 1.41421
10 11 0 1 4 6 7 9 13 14 1.41421
10 11 0 1 4 6 7 12 13 14 1.41421
10 11 0 1 4 6 8 9 12 13 2
10 11 0 1 4 6 8 9 12 14 2
10 11 0 1 4 6 8 9 13 14 2
10 11 0 1 4 6 8 12 13 14 2
10 11 0 1 4 6 9 12 13 14 2
10 11 0 1 4 7 8 9 12 13 1.41421
10 11 0 1 4 7 8 9 12 14 1.41421
10 11 0 1 4 7 8 9 13 14 1.41421
10 11 0 1 4 7 8 12 13 14 1.41421
10 11 0 1 4 7 9 12 13 14 1.41421
10 11 0 1 4 8 9 12 13 14 2
10 11 0 1 5 6 7 8 9 12 1
10 11 0 1 5 6 7 8 9 13 1
10 11 0 1 5 6 7 8 9 14 1
10 11 0 1 5 6 7 8 12 13 1
10 11 0 1 5 6 7 8 12 14 1
10 11 0 1 5 6 7 8 13 14 1
10 11 0 1 5 6 7 9 12 13 1
10 11 0 1 5 6 7 9 12 14 1
10 11 0 1 5 6 7 9 13 14 1
10 11 0 1 5 6 7 12 13 14 1
10 11 0 1 5 6 8 9 12 13 1.41421
10 11 0 1 5 6 8 9 12 14 1.41421
10 11 0 1 5 6 8 9 13 14 1.41421
10 11 0 1 5 6 8 12 13 14 1.41421
10 11 0 1 5 6 9 12 13 14 1.41421
10 11 0 1 5 7 8 9 12 13 1
10 11 0 1 5 7 8 9 12 14 1
10 11 0 1 5 7 8 9 13 14 1
10 11 0 1 5 7 8 12 13 14 1
10 11 0 1 5 7 9 12 13 14 1
10 11 0 1 5 8 9 12 13 14 1.41421
10 11 0 1 6 7 8 9 12 13 1.62019
10 11 0 1 6 7 8 9 12 14 1.62019
10 11 0 1 6 7 8 9 13 14 1.62019
10 11 0 1 6 7 8 12 13 14 1.62019
10 11 0 1 6 7 9 12 13 14 1.62019
10 11 0 1 6 8 9 12 13 14 2.13664
10 11 0 1 7 8 9 12 13 14 1.62019
10 11 0 2 3 4 5 6 7 8 1.41421
10 11 0 2 3 4 5 6 7 9 1.73205
10 11 0 2 3 4 5 6 7 12 1.41421
10 11 0 2 3 4 5 6 7 13 1.41421
10 11 0 2 3 4 5 6 7 14 1.73205
10 11 0 2 3 4 5 6 8 9 1.73205
10 11 0 2 3 4 5 6 8 12 1.41421
10 11 0 2 3 4 5 6 8 13 1.41421
10 11 0 2 3 4 5 6 8 14 1.73205
10 11 0 2 3 4 5 6 9 12 1.73205
10 11 0 2 3 4 5 6 9 13 1.73205
10 11 0 2 3 4 5 6 9 14 2
10 11 0 2 3 4 5 6 12 13 1.41421
10 11 0 2 3 4 5 6 12 14 1.73205
10 11 0 2 3 4 5 6 13 14 1.73205
10 11 0 2 3 4 5 7 8 9 1.41421
10 11 0 2 3 4 5 7 8 12 1
10 11 0 2 3 4 5 7 8 13 1
10 11 0 2 3 4 5 7 8 14 1.41421
10 11 0 2 3 4 5 7 9 12 1.41421
10 11 0 2 3 4 5 7 9 13 1.41421
10 11 0 2 3 4 5 7 9 14 1.73205
10 11 0 2 3 4 5 7 12 13 1
10 11 0 2 3 4 5 7 12 14 1.41421
10 11 0 2 3 4 5 7 13 14 1.41421
10 11 0 2 3 4 5 8 9 12 1.41421
10 11 0 2 3 4 5 8 9 13 1.41421
10 11 0 2 3 4 5 8 9 14 1.73205
10 11 0 2 3 4 5 8 12 13 1
10 11 0 2 3 4 5 8 12 14 1.41421
10 11 0 2 3 4 5 8 13 14 1.41421
10 11 0 2 3 4 5 9 12 13 1.41421
10 11 0 2 3 4 5 9 12 14 1.73205
10 11 0 2 3 4 5 9 13 14 1.73205
10 11 0 2 3 4 5 12 13 14 1.41421
10 11 0 2 3 4 6 7 8 9 1.41421
10 11 0 2 3 4 6 7 8 12 1
10 11 0 2 3 4 6 7 8 13 1
10 11 0 2 3 4 6 7 8 14 1.41421
10 11 0 2 3 4 6 7 9 12 1.41421
10 11 0 2 3 4 6 7 9 13 1.41421
10 11 0 2 3 4 6 7 9 14 1.73205
10 11 0 2 3 4 6 7 12 13 1
10 11 0 2 3 4 6 7 12 14 1.41421
10 11 0 2 3 4 6 7 13 14 1.41421
10 11 0 2 3 4 6 8 9 12 1.62019
10 11 0 2 3 4 6 8 9 13 1.62019
10 11 0 2 3 4 6 8 9 14 1.85164
10 11 0 2 3 4 6 8 12 13 1.41421
10 11 0 2 3 4 6 8 12 14 1.62019
10 11 0 2 3 4 6 8 13 14 1.62019
10 11 0 2 3 4 6 9 12 13 1.62019
10 11 0 2 3 4 6 9 12 14 1.85164
10 11 0 2 3 4 6 9 13 14 1.85164
10 11 0 2 3 4 6 12 13 14 1.62019
10 11 0 2 3 4 7 8 9 12 1
10 11 0 2 3 4 7 8 9 13 1
10 11 0 2 3 4 7 8 9 14 1.41421
10 11 0 2 3 4 7 8 12 13 1
10 11 0 2 3 4 7 8 12 14 1
10 11 0 2 3 4 7 8 13 14 1
10 11 0 2 3 4 7 9 12 13 1
10 11 0 2 3 4 7 9 12 14 1.41421
10 11 0 2 3 4 7 9 13 14 1.41421
10 11 0 2 3 4 7 12 13 14 1
10 11 0 2 3 4 8 9 12 13 1.41421
10 11 0 2 3 4 8 9 12 14 1.62019
10 11 0 2 3 4 8 9 13 14 1.62019
10 11 0 2 3 4 8 12 13 14 1.41421
10 11 0 2 3 4 9 12 13 14 1.62019
10 11 0 2 3 5 6 7 8 9 1.41421
10 11 0 2 3 5 6 7 8 12 1
10 11 0 2 3 5 6 7 8 13 1
10 11 0 2 3 5 6 7 8 14 1.41421
10 11 0 2 3 5 6 7 9 12 1.41421
10 11 0 2 3 5 6 7 9 13 1.41421
10 11 0 2 3 5 6 7 9 14 1.73205
10 11 0 2 3 5 6 7 12 13 1
10 11 0 2 3 5 6 7 12 14 1.41421
10 11 0 2 3 5 6 7 13 14 1.41421
10 11 0 2 3 5 6 8 9 12 1.41421
10 11 0 2 3 5 6 8 9 13 1.41421
10 11 0 2 3 5 6 8 9 14 1.73205
10 11 0 2 3 5 6 8 12 13 1
10 11 0 2 3 5 6 8 12 14 1.41421
10 11 0 2 3 5 6 8 13 14 1.41421
10 11 0 2 3 5 6 9 12 13 1.41421
10 11 0 2 3 5 6 9 12 14 1.73205
10 11 0 2 3 5 6 9 13 14 1.73205
10 11 0 2 3 5 6 12 13 14 1.41421
10 11 0 2 3 5 7 8 9 12 1
10 11 0 2 3 5 7 8 9 13 1
10 11 0 2 3 5 7 8 9 14 1.41421
10 11 0 2 3 5 7 8 12 13 1
10 11 0 2 3 5 7 8 12 14 1
10 11 0 2 3 5 7 8 13 14 1
10 11 0 2 3 5 7 9 12 13 1
10 11 0 2 3 5 7 9 12 14 1.41421
10 11 0 2 3 5 7 9 13 14 1.41421
10 11 0 2 3 5 7 12 13 14 1
10 11 0 2 3 5 8 9 12 13 1
10 11 0 2 3 5 8 9 12 14 1.41421
10 11 0 2 3 5 8 9 13 14 1.41421
10 11 0 2 3 5 8 12 13 14 1
10 11 0 2 3 5 9 12 13 14 1.41421
10 11 0 2 3 6 7 8 9 12 1
10 11 0 2 3 6 7 8 9 13 1
10 11 0 2 3 6 7 8 9 14 1.41421
10 11 0 2 3 6 7 8 12 13 1
10 11 0 2 3 6 7 8 12 14 1
10 11 0 2 3 6 7 8 13 14 1
10 11 0 2 3 6 7 9 12 13 1
10 11 0 2 3 6 7 9 12 14 1.41421
10 11 0 2 3 6 7 9 13 14 1.41421
10 11 0 2 3 6 7 12 13 14 1
10 11 0 2 3 6 8 9 12 13 1.62019
10 11 0 2 3 6 8 9 12 14 1.73205
10 11 0 2 3 6 8 9 13 14 1.73205
10 11 0 2 3 6 8 12 13 14 1.62019
10 11 0 2 3 6 9 12 13 14 1.73205
10 11 0 2 3 7 8 9 12 13 1
10 11 0 2 3 7 8 9 12 14 1
10 11 0 2 3 7 8 9 13 14 1
10 11 0 2 3 7 8 12 13 14 1
10 11 0 2 3 7 9 12 13 14 1
10 11 0 2 3 8 9 12 13 14 1.62019
10 11 0 2 4 5 6 7 8 9 1.41421
10 11 0 2 4 5 6 7 8 12 1
10 11 0 2 4 5 6 7 8 13 1
10 11 0 2 4 5 6 7 8 14 1.41421
10 11 0 2 4 5 6 7 9 12 1.41421
10 11 0 2 4 5 6 7 9 13 1.41421
10 11 0 2 4 5 6 7 9 14 1.73205
10 11 0 2 4 5 6 7 12 13 1
10 11 0 2 4 5 6 7 12 14 1.41421
10 11 0 2 4 5 6 7 13 14 1.41421
10 11 0 2 4 5 6 8 9 12 1.62019
10 11 0 2 4 5 6 8 9 13 1.62019
10 11 0 2 4 5 6 8 9 14 1.85164
10 11 0 2 4 5 6 8 12 13 1.41421
10 11 0 2 4 5 6 8 12 14 1.62019
10 11 0 2 4 5 6 8 13 14 1.62019
10 11 0 2 4 5 6 9 12 13 1.62019
10 11 0 2 4 5 6 9 12 14 1.85164
10 11 0 2 4 5 6 9 13 14 1.85164
10 11 0 2 4 5 6 12 13 14 1.62019
10 11 0 2 4 5 7 8 9 12 1
10 11 0 2 4 5 7 8 9 13 1
10 11 0 2 4 5 7 8 9 14 1.41421
10 11 0 2 4 5 7 8 12 13 1
10 11 0 2 4 5 7 8 12 14 1
10 11 0 2 4 5 7 8 13 14 1
10 11 0 2 4 5 7 9 12 13 1
10 11 0 2 4 5 7 9 12 14 1.41421
10 11 0 2 4 5 7 9 13 14 1.41421
10 11 0 2 4 5 7 12 13 14 1
10 11 0 2 4 5 8 9 12 13 1.41421
10 11 0 2 4 5 8 9 12 14 1.62019
10 11 0 2 4 5 8 9 13 14 1.62019
10 11 0 2 4 5 8 12 13 14 1.41421
10 11 0 2 4 5 9 12 13 14 1.62019
10 11 0 2 4 6 7 8 9 12 1
10 11 0 2 4 6 7 8 9 13 1
10 11 0 2 4 6 7 8 9 14 1.41421
10 11 0 2 4 6 7 8 12 13 0
10 11 0 2 4 6 7 8 12 14 1
10 11 0 2 4 6 7 8 13 14 1
10 11 0 2 4 6 7 9 12 13 1
10 11 0 2 4 6 7 9 12 14 1.41421
10 11 0 2 4 6 7 9 13 14 1.41421
10 11 0 2 4 6 7 12 13 14 1
10 11 0 2 4 6 8 9 12 13 1.73205
10 11 0 2 4 6 8 9 12 14 1.85164
10 11 0 2 4 6 8 9 13 14 1.85164
10 11 0 2 4 6 8 12 13 14 1.73205
10 11 0 2 4 6 9 12 13 14 1.85164
10 11 0 2 4 7 8 9 12 13 0
10 11 0 2 4 7 8 9 12 14 1
10 11 0 2 4 7 8 9 13 14 1
10 11 0 2 4 7 8 12 13 14 1
10 11 0 2 4 7 9 12 13 14 1
10 11 0 2 4 8 9 12 13 14 1.73205
10 11 0 2 5 6 7 8 9 12 1
10 11 0 2 5 6 7 8 9 13 1
10 11 0 2 5 6 7 8 9 14 1.41421
10 11 0 2 5 6 7 8 12 13 0
10 11 0 2 5 6 7 8 12 14 1
10 11 0 2 5 6 7 8 13 14 1
10 11 0 2 5 6 7 9 12 13 1
10 11 0 2 5 6 7 9 12 14 1.41421
10 11 0 2 5 6 7 9 13 14 1.41421
10 11 0 2 5 6 7 12 13 14 1
10 11 0 2 5 6 8 9 12 13 1.41421
10 11 0 2 5 6 8 9 12 14 1.62019
10 11 0 2 5 6 8 9 13 14 1.62019
10 11 0 2 5 6 8 12 13 14 1.41421
10 11 0 2 5 6 9 12 13 14 1.62019
10 11 0 2 5 7 8 9 12 13 0
10 11 0 2 5 7 8 9 12 14 1
10 11 0 2 5 7 8 9 13 14 1
10 11 0 2 5 7 8 12 13 14 1
10 11 0 2 5 7 9 12 13 14 1
10 11 0 2 5 8 9 12 13 14 1.41421
10 11 0 2 6 7 8 9 12 13 1
10 11 0 2 6 7 8 9 12 14 1
10 11 0 2 6 7 8 9 13 14 1
10 11 0 2 6 7 8 12 13 14 1
10 11 0 2 6 7 9 12 13 14 1
10 11 0 2 6 8 9 12 13 14 1.85164
10 11 0 2 7 8 9 12 13 14 1
10 11 0 3 4 5 6 7 8 9 1.73205
10 11 0 3 4 5 6 7 8 12 1.41421
10 11 0 3 4 5 6 7 8 13 1.41421
10 11 0 3 4 5 6 7 8 14 1.73205
10 11 0 3 4 5 6 7 9 12 1.73205
10 11 0 3 4 5 6 7 9 13 1.73205
10 11 0 3 4 5 6 7 9 14 2
10 11 0 3 4 5 6 7 12 13 1.41421
10 11 0 3 4 5 6 7 12 14 1.73205
10 11 0 3 4 5 6 7 13 14 1.73205
10 11 0 3 4 5 6 8 9 12 1.73205
10 11 0 3 4 5 6 8 9 13 1.73205
10 11 0 3 4 5 6 8 9 14 2
10 11 0 3 4 5 6 8 12 13 1.41421
10 11 0 3 4 5 6 8 12 14 1.73205
10 11 0 3 4 5 6 8 13 14 1.73205
10 11 0 3 4 5 6 9 12 13 1.73205
10 11 0 3 4 5 6 9 12 14 2
10 11 0 3 4 5 6 9 13 14 2
10 11 0 3 4 5 6 12 13 14 1.73205
10 11 0 3 4 5 7 8 9 12 1.41421
10 11 0 3 4 5 7 8 9 13 1.41421
10 11 0 3 4 5 7 8 9 14 1.73205
10 11 0 3 4 5 7 8 12 13 1
10 11 0 3 4 5 7 8 12 14 1.41421
10 11 0 3 4 5 7 8 13 14 1.41421
10 11 0 3 4 5 7 9 12 13 1.41421
10 11 0 3 4 5 7 9 12 14 1.73205
10 11 0 3 4 5 7 9 13 14 1.73205
10 11 0 3 4 5 7 12 13 14 1.41421
10 11 0 3 4 5 8 9 12 13 1.41421
10 11 0 3 4 5 8 9 12 14 1.73205
10 11 0 3 4 5 8 9 13 14 1.73205
10 11 0 3 4 5 8 12 13 14 1.41421
10 11 0 3 4 5 9 12 13 14 1.73205
10 11 0 3 4 6 7 8 9 12 1.62019
10 11 0 3 4 6 7 8 9 13 1.62019
10 11 0 3 4 6 7 8 9 14 1.85164
10 11 0 3 4 6 7 8 12 13 1.41421
10 11 0 3 4 6 7 8 12 14 1.62019
10 11 0 3 4 6 7 8 13 14 1.62019
10 11 0 3 4 6 7 9 12 13 1.62019
10 11 0 3 4 6 7 9 12 14 1.85164
10 11 0 3 4 6 7 9 13 14 1.85164
10 11 0 3 4 6 7 12 13 14 1.62019
10 11 0 3 4 6 8 9 12 13 2
10 11 0 3 4 6 8 9 12 14 2.13664
10 11 0 3 4 6 8 9 13 14 2.13664
10 11 0 3 4 6 8 12 13 14 2
10 11 0 3 4 6 9 12 13 14 2.13664
10 11 0 3 4 7 8 9 12 13 1.41421
10 11 0 3 4 7 8 9 12 14 1.62019
10 11 0 3 4 7 8 9 13 14 1.62019
10 11 0 3 4 7 8 12 13 14 1.41421
10 11 0 3 4 7 9 12 13 14 1.62019
10 11 0 3 4 8 9 12 13 14 2
10 11 0 3 5 6 7 8 9 12 1.41421
10 11 0 3 5 6 7 8 9 13 1.41421
10 11 0 3 5 6 7 8 9 14 1.73205
10 11 0 3 5 6 7 8 12 13 1
10 11 0 3 5 6 7 8 12 14 1.41421
10 11 0 3 5 6 7 8 13 14 1.41421
10 11 0 3 5 6 7 9 12 13 1.41421
10 11 0 3 5 6 7 9 12 14 1.73205
10 11 0 3 5 6 7 9 13 14 1.73205
10 11 0 3 5 6 7 12 13 14 1.41421
10 11 0 3 5 6 8 9 12 13 1.41421
10 11 0 3 5 6 8 9 12 14 1.73205
10 11 0 3 5 6 8 9 13 14 1.73205
10 11 0 3 5 6 8 12 13 14 1.41421
10 11 0 3 5 6 9 12 13 14 1.73205
10 11 0 3 5 7 8 9 12 13 1
10 11 0 3 5 7 8 9 12 14 1.41421
10 11 0 3 5 7 8 9 13 14 1.41421
10 11 0 3 5 7 8 12 13 14 1
10 11 0 3 5 7 9 12 13 14 1.41421
10 11 0 3 5 8 9 12 13 14 1.41421
10 11 0 3 6 7 8 9 12 13 1.62019
10 11 0 3 6 7 8 9 12 14 1.73205
10 11 0 3 6 7 8 9 13 14 1.73205
10 11 0 3 6 7 8 12 13 14 1.62019
10 11 0 3 6 7 9 12 13 14 1.73205
10 11 0 3 6 8 9 12 13 14 2.13664
10 11 0 3 7 8 9 12 13 14 1.62019
10 11 0 4 5 6 7 8 9 12 1.62019
10 11 0 4 5 6 7 8 9 13 1.62019
10 11 0 4 5 6 7 8 9 14 1.85164
10 11 0 4 5 6 7 8 12 13 1.41421
10 11 0 4 5 6 7 8 12 14 1.62019
10 11 0 4 5 6 7 8 13 14 1.62019
10 11 0 4 5 6 7 9 12 13 1.62019
10 11 0 4 5 6 7 9 12 14 1.85164
10 11 0 4 5 6 7 9 13 14 1.85164
10 11 0 4 5 6 7 12 13 14 1.62019
10 11 0 4 5 6 8 9 12 13 2
10 11 0 4 5 6 8 9 12 14 2.13664
10 11 0 4 5 6 8 9 13 14 2.13664
10 11 0 4 5 6 8 12 13 14 2
10 11 0 4 5 6 9 12 13 14 2.13664
10 11 0 4 5 7 8 9 12 13 1.41421
10 11 0 4 5 7 8 9 12 14 1.62019
10 11 0 4 5 7 8 9 13 14 1.62019
10 11 0 4 5 7 8 12 13 14 1.41421
10 11 0 4 5 7 9 12 13 14 1.62019
10 11 0 4 5 8 9 12 13 14 2
10 11 0 4 6 7 8 9 12 13 1.73205
10 11 0 4 6 7 8 9 12 14 1.85164
10 11 0 4 6 7 8 9 13 14 1.85164
10 11 0 4 6 7 8 12 13 14 1.73205
10 11 0 4 6 7 9 12 13 14 1.85164
10 11 0 4 6 8 9 12 13 14 2.44949
10 11 0 4 7 8 9 12 13 14 1.73205
10 11 0 5 6 7 8 9 12 13 1.41421
10 11 0 5 6 7 8 9 12 14 1.62019
10 11 0 5 6 7 8 9 13 14 1.62019
10 11 0 5 6 7 8 12 13 14 1.41421
10 11 0 5 6 7 9 12 13 14 1.62019
10 11 0 5 6 8 9 12 13 14 2
10 11 0 5 7 8 9 12 13 14 1.41421
10 11 0 6 7 8 9 12 13 14 1.85164
10 11 1 2 3 4 5 6 7 8 1
10 11 1 2 3 4 5 6 7 9 1
10 11 1 2 3 4 5 6 7 12 1
10 11 1 2 3 4 5 6 7 13 0
10 11 1 2 3 4 5 6 7 14 1
10 11 1 2 3 4 5 6 8 9 1
10 11 1 2 3 4 5 6 8 12 1
10 11 1 2 3 4 5 6 8 13 0
10 11 1 2 3 4 5 6 8 14 1
10 11 1 2 3 4 5 6 9 12 1
10 11 1 2 3 4 5 6 9 13 0
10 11 1 2 3 4 5 6 9 14 1
10 11 1 2 3 4 5 6 12 13 0
10 11 1 2 3 4 5 6 12 14 1
10 11 1 2 3 4 5 6 13 14 0
10 11 1 2 3 4 5 7 8 9 1
10 11 1 2 3 4 5 7 8 12 1
10 11 1 2 3 4 5 7 8 13 1
10 11 1 2 3 4 5 7 8 14 1
10 11 1 2 3 4 5 7 9 12 1
10 11 1 2 3 4 5 7 9 13 0
10 11 1 2 3 4 5 7 9 14 1
10 11 1 2 3 4 5 7 12 13 1
10 11 1 2 3 4 5 7 12 14 1
10 11 1 2 3 4 5 7 13 14 1
10 11 1 2 3 4 5 8 9 12 1
10 11 1 2 3 4 5 8 9 13 0
10 11 1 2 3 4 5 8 9 14 1
10 11 1 2 3 4 5 8 12 13 1
10 11 1 2 3 4 5 8 12 14 1
10 11 1 2 3 4 5 8 13 14 1
10 11 1 2 3 4 5 9 12 13 0
10 11 1 2 3 4 5 9 12 14 1
10 11 1 2 3 4 5 9 13 14 0
10 11 1 2 3 4 5 12 13 14 1
10 11 1 2 3 4 6 7 8 9 1
10 11 1 2 3 4 6 7 8 12 1
10 11 1 2 3 4 6 7 8 13 0
10 11 1 2 3 4 6 7 8 14 1
10 11 1 2 3 4 6 7 9 12 1
10 11 1 2 3 4 6 7 9 13 0
10 11 1 2 3 4 6 7 9 14 1
10 11 1 2 3 4 6 7 12 13 0
10 11 1 2 3 4 6 7 12 14 1
10 11 1 2 3 4 6 7 13 14 0
10 11 1 2 3 4 6 8 9 12 1
10 11 1 2 3 4 6 8 9 13 1
10 11 1 2 3 4 6 8 9 14 1
10 11 1 2 3 4 6 8 12 13 1
10 11 1 2 3 4 6 8 12 14 1
10 11 1 2 3 4 6 8 13 14 1
10 11 1 2 3 4 6 9 12 13 1
10 11 1 2 3 4 6 9 12 14 1
10 11 1 2 3 4 6 9 13 14 1
10 11 1 2 3 4 6 12 13 14 1
10 11 1 2 3 4 7 8 9 12 1
10 11 1 2 3 4 7 8 9 13 0
10 11 1 2 3 4 7 8 9 14 1
10 11 1 2 3 4 7 8 12 13 1
10 11 1 2 3 4 7 8 12 14 1
10 11 1 2 3 4 7 8 13 14 1
10 11 1 2 3 4 7 9 12 13 0
10 11 1 2 3 4 7 9 12 14 1
10 11 1 2 3 4 7 9 13 14 0
10 11 1 2 3 4 7 12 13 14 1
10 11 1 2 3 4 8 9 12 13 1
10 11 1 2 3 4 8 9 12 14 1
10 11 1 2 3 4 8 9 13 14 1
10 11 1 2 3 4 8 12 13 14 1
10 11 1 2 3 4 9 12 13 14 1
10 11 1 2 3 5 6 7 8 9 1
10 11 1 2 3 5 6 7 8 12 1
10 11 1 2 3 5 6 7 8 13 0
10 11 1 2 3 5 6 7 8 14 1
10 11 1 2 3 5 6 7 9 12 1
10 11 1 2 3 5 6 7 9 13 0
10 11 1 2 3 5 6 7 9 14 1
10 11 1 2 3 5 6 7 12 13 0
10 11 1 2 3 5 6 7 12 14 1
10 11 1 2 3 5 6 7 13 14 0
10 11 1 2 3 5 6 8 9 12 1
10 11 1 2 3 5 6 8 9 13 0
10 11 1 2 3 5 6 8 9 14 1
10 11 1 2 3 5 6 8 12 13 0
10 11 1 2 3 5 6 8 12 14 1
10 11 1 2 3 5 6 8 13 14 0
10 11 1 2 3 5 6 9 12 13 0
10 11 1 2 3 5 6 9 12 14 1
10 11 1 2 3 5 6 9 13 14 0
10 11 1 2 3 5 6 12 13 14 0
10 11 1 2 3 5 7 8 9 12 1
10 11 1 2 3 5 7 8 9 13 0
10 11 1 2 3 5 7 8 9 14 1
10 11 1 2 3 5 7 8 12 13 1
10 11 1 2 3 5 7 8 12 14 1
10 11 1 2 3 5 7 8 13 14 1
10 11 1 2 3 5 7 9 12 13 0
10 11 1 2 3 5 7 9 12 14 1
10 11 1 2 3 5 7 9 13 14 0
10 11 1 2 3 5 7 12 13 14 1
10 11 1 2 3 5 8 9 12 13 0
10 11 1 2 3 5 8 9 12 14 1
10 11 1 2 3 5 8 9 13 14 0
10 11 1 2 3 5 8 12 13 14 1
10 11 1 2 3 5 9 12 13 14 0
10 11 1 2 3 6 7 8 9 12 1
10 11 1 2 3 6 7 8 9 13 1
10 11 1 2 3 6 7 8 9 14 1
10 11 1 2 3 6 7 8 12 13 1
10 11 1 2 3 6 7 8 12 14 1
10 11 1 2 3 6 7 8 13 14 1
10 11 1 2 3 6 7 9 12 13 1
10 11 1 2 3 6 7 9 12 14 1
10 11 1 2 3 6 7 9 13 14 1
10 11 1 2 3 6 7 12 13 14 1
10 11 1 2 3 6 8 9 12 13 1.41421
10 11 1 2 3 6 8 9 12 14 1.41421
10 11 1 2 3 6 8 9 13 14 1.41421
10 11 1 2 3 6 8 12 13 14 1.41421
10 11 1 2 3 6 9 12 13 14 1.41421
10 11 1 2 3 7 8 9 12 13 1
10 11 1 2 3 7 8 9 12 14 1
10 11 1 2 3 7 8 9 13 14 1
10 11 1 2 3 7 8 12 13 14 1
10 11 1 2 3 7 9 12 13 14 1
10 11 1 2 3 8 9 12 13 14 1.41421
10 11 1 2 4 5 6 7 8 9 1
10 11 1 2 4 5 6 7 8 12 1
10 11 1 2 4 5 6 7 8 13 0
10 11 1 2 4 5 6 7 8 14 1
10 11 1 2 4 5 6 7 9 12 1
10 11 1 2 4 5 6 7 9 13 0
10 11 1 2 4 5 6 7 9 14 1
10 11 1 2 4 5 6 7 12 13 0
10 11 1 2 4 5 6 7 12 14 1
10 11 1 2 4 5 6 7 13 14 0
10 11 1 2 4 5 6 8 9 12 1
10 11 1 2 4 5 6 8 9 13 1
10 11 1 2 4 5 6 8 9 14 1
10 11 1 2 4 5 6 8 12 13 1
10 11 1 2 4 5 6 8 12 14 1
10 11 1 2 4 5 6 8 13 14 1
10 11 1 2 4 5 6 9 12 13 1
10 11 1 2 4 5 6 9 12 14 1
10 11 1 2 4 5 6 9 13 14 1
10 11 1 2 4 5 6 12 13 14 1
10 11 1 2 4 5 7 8 9 12 1
10 11 1 2 4 5 7 8 9 13 0
10 11 1 2 4 5 7 8 9 14 1
10 11 1 2 4 5 7 8 12 13 1
10 11 1 2 4 5 7 8 12 14 1
10 11 1 2 4 5 7 8 13 14 1
10 11 1 2 4 5 7 9 12 13 0
10 11 1 2 4 5 7 9 12 14 1
10 11 1 2 4 5 7 9 13 14 0
10 11 1 2 4 5 7 12 13 14 1
10 11 1 2 4 5 8 9 12 13 1
10 11 1 2 4 5 8 9 12 14 1
10 11 1 2 4 5 8 9 13 14 1
10 11 1 2 4 5 8 12 13 14 1
10 11 1 2 4 5 9 12 13 14 1
10 11 1 2 4 6 7 8 9 12 1
10 11 1 2 4 6 7 8 9 13 0
10 11 1 2 4 6 7 8 9 14 1
10 11 1 2 4 6 7 8 12 13 0
10 11 1 2 4 6 7 8 12 14 1
10 11 1 2 4 6 7 8 13 14 0
10 11 1 2 4 6 7 9 12 13 0
10 11 1 2 4 6 7 9 12 14 1
10 11 1 2 4 6 7 9 13 14 0
10 11 1 2 4 6 7 12 13 14 0
10 11 1 2 4 6 8 9 12 13 1.41421
10 11 1 2 4 6 8 9 12 14 1.41421
10 11 1 2 4 6 8 9 13 14 1.41421
10 11 1 2 4 6 8 12 13 14 1.41421
10 11 1 2 4 6 9 12 13 14 1.41421
10 11 1 2 4 7 8 9 12 13 0
10 11 1 2 4 7 8 9 12 14 1
10 11 1 2 4 7 8 9 13 14 0
10 11 1 2 4 7 8 12 13 14 1
10 11 1 2 4 7 9 12 13 14 0
10 11 1 2 4 8 9 12 13 14 1.41421
10 11 1 2 5 6 7 8 9 12 1
10 11 1 2 5 6 7 8 9 13 0
10 11 1 2 5 6 7 8 9 14 1
10 11 1 2 5 6 7 8 12 13 0
10 11 1 2 5 6 7 8 12 14 1
10 11 1 2 5 6 7 8 13 14 0
10 11 1 2 5 6 7 9 12 13 0
10 11 1 2 5 6 7 9 12 14 1
10 11 1 2 5 6 7 9 13 14 0
10 11 1 2 5 6 7 12 13 14 0
10 11 1 2 5 6 8 9 12 13 1
10 11 1 2 5 6 8 9 12 14 1
10 11 1 2 5 6 8 9 13 14 1
10 11 1 2 5 6 8 12 13 14 1
10 11 1 2 5 6 9 12 13 14 1
10 11 1 2 5 7 8 9 12 13 0
10 11 1 2 5 7 8 9 12 14 1
10 11 1 2 5 7 8 9 13 14 0
10 11 1 2 5 7 8 12 13 14 1
10 11 1 2 5 7 9 12 13 14 0
10 11 1 2 5 8 9 12 13 14 1
10 11 1 2 6 7 8 9 12 13 1
10 11 1 2 6 7 8 9 12 14 1
10 11 1 2 6 7 8 9 13 14 1
10 11 1 2 6 7 8 12 13 14 1
10 11 1 2 6 7 9 12 13 14 1
10 11 1 2 6 8 9 12 13 14 1.62019
10 11 1 2 7 8 9 12 13 14 1
10 11 1 3 4 5 6 7 8 9 1
10 11 1 3 4 5 6 7 8 12 1
10 11 1 3 4 5 6 7 8 13 0
10 11 1 3 4 5 6 7 8 14 1
10 11 1 3 4 5 6 7 9 12 1
10 11 1 3 4 5 6 7 9 13 0
10 11 1 3 4 5 6 7 9 14 1
10 11 1 3 4 5 6 7 12 13 0
10 11 1 3 4 5 6 7 12 14 1
10 11 1 3 4 5 6 7 13 14 0
10 11 1 3 4 5 6 8 9 12 1
10 11 1 3 4 5 6 8 9 13 0
10 11 1 3 4 5 6 8 9 14 1
10 11 1 3 4 5 6 8 12 13 0
10 11 1 3 4 5 6 8 12 14 1
10 11 1 3 4 5 6 8 13 14 0
10 11 1 3 4 5 6 9 12 13 0
10 11 1 3 4 5 6 9 12 14 1
10 11 1 3 4 5 6 9 13 14 0
10 11 1 3 4 5 6 12 13 14 0
10 11 1 3 4 5 7 8 9 12 1
10 11 1 3 4 5 7 8 9 13 0
10 11 1 3 4 5 7 8 9 14 1
10 11 1 3 4 5 7 8 12 13 1
10 11 1 3 4 5 7 8 12 14 1
10 11 1 3 4 5 7 8 13 14 1
10 11 1 3 4 5 7 9 12 13 0
10 11 1 3 4 5 7 9 12 14 1
10 11 1 3 4 5 7 9 13 14 0
10 11 1 3 4 5 7 12 13 14 1
10 11 1 3 4 5 8 9 12 13 0
10 11 1 3 4 5 8 9 12 14 1
10 11 1 3 4 5 8 9 13 14 0
10 11 1 3 4 5 8 12 13 14 1
10 11 1 3 4 5 9 12 13 14 0
10 11 1 3 4 6 7 8 9 12 1
10 11 1 3 4 6 7 8 9 13 1
10 11 1 3 4 6 7 8 9 14 1
10 11 1 3 4 6 7 8 12 13 1
10 11 1 3 4 6 7 8 12 14 1
10 11 1 3 4 6 7 8 13 14 1
10 11 1 3 4 6 7 9 12 13 1
10 11 1 3 4 6 7 9 12 14 1
10 11 1 3 4 6 7 9 13 14 1
10 11 1 3 4 6 7 12 13 14 1
10 11 1 3 4 6 8 9 12 13 1.41421
10 11 1 3 4 6 8 9 12 14 1.41421
10 11 1 3 4 6 8 9 13 14 1.41421
10 11 1 3 4 6 8 12 13 14 1.41421
10 11 1 3 4 6 9 12 13 14 1.41421
10 11 1 3 4 7 8 9 12 13 1
10 11 1 3 4 7 8 9 12 14 1
10 11 1 3 4 7 8 9 13 14 1
10 11 1 3 4 7 8 12 13 14 1
10 11 1 3 4 7 9 12 13 14 1
10 11 1 3 4 8 9 12 13 14 1.41421
10 11 1 3 5 6 7 8 9 12 1
10 11 1 3 5 6 7 8 9 13 0
10 11 1 3 5 6 7 8 9 14 1
10 11 1 3 5 6 7 8 12 13 0
10 11 1 3 5 6 7 8 12 14 1
10 11 1 3 5 6 7 8 13 14 0
10 11 1 3 5 6 7 9 12 13 0
10 11 1 3 5 6 7 9 12 14 1
10 11 1 3 5 6 7 9 13 14 0
10 11 1 3 5 6 7 12 13 14 0
10 11 1 3 5 6 8 9 12 13 0
10 11 1 3 5 6 8 9 12 14 1
10 11 1 3 5 6 8 9 13 14 0
10 11 1 3 5 6 8 12 13 14 0
10 11 1 3 5 6 9 12 13 14 0
10 11 1 3 5 7 8 9 12 13 0
10 11 1 3 5 7 8 9 12 14 1
10 11 1 3 5 7 8 9 13 14 0
10 11 1 3 5 7 8 12 13 14 1
10 11 1 3 5 7 9 12 13 14 0
10 11 1 3 5 8 9 12 13 14 0
10 11 1 3 6 7 8 9 12 13 1.41421
10 11 1 3 6 7 8 9 12 14 1.41421
10 11 1 3 6 7 8 9 13 14 1.41421
10 11 1 3 6 7 8 12 13 14 1.41421
10 11 1 3 6 7 9 12 13 14 1.41421
10 11 1 3 6 8 9 12 13 14 1.73205
10 11 1 3 7 8 9 12 13 14 1.41421
10 11 1 4 5 6 7 8 9 12 1
10 11 1 4 5 6 7 8 9 13 1
10 11 1 4 5 6 7 8 9 14 1
10 11 1 4 5 6 7 8 12 13 1
10 11 1 4 5 6 7 8 12 14 1
10 11 1 4 5 6 7 8 13 14 1
10 11 1 4 5 6 7 9 12 13 1
10 11 1 4 5 6 7 9 12 14 1
10 11 1 4 5 6 7 9 13 14 1
10 11 1 4 5 6 7 12 13 14 1
10 11 1 4 5 6 8 9 12 13 1.41421
10 11 1 4 5 6 8 9 12 14 1.41421
10 11 1 4 5 6 8 9 13 14 1.41421
10 11 1 4 5 6 8 12 13 14 1.41421
10 11 1 4 5 6 9 12 13 14 1.41421
10 11 1 4 5 7 8 9 12 13 1
10 11 1 4 5 7 8 9 12 14 1
10 11 1 4 5 7 8 9 13 14 1
10 11 1 4 5 7 8 12 13 14 1
10 11 1 4 5 7 9 12 13 14 1
10 11 1 4 5 8 9 12 13 14 1.41421
10 11 1 4 6 7 8 9 12 13 1.41421
10 11 1 4 6 7 8 9 12 14 1.41421
10 11 1 4 6 7 8 9 13 14 1.41421
10 11 1 4 6 7 8 12 13 14 1.41421
10 11 1 4 6 7 9 12 13 14 1.41421
10 11 1 4 6 8 9 12 13 14 2
10 11 1 4 7 8 9 12 13 14 1.41421
10 11 1 5 6 7 8 9 12 13 1
10 11 1 5 6 7 8 9 12 14 1
10 11 1 5 6 7 8 9 13 14 1
10 11 1 5 6 7 8 12 13 14 1
10 11 1 5 6 7 9 12 13 14 1
10 11 1 5 6 8 9 12 13 14 1.41421
10 11 1 5 7 8 9 12 13 14 1
10 11 1 6 7 8 9 12 13 14 1.62019
10 11 2 3 4 5 6 7 8 9 1.62019
10 11 2 3 4 5 6 7 8 12 1.41421
10 11 2 3 4 5 6 7 8 13 1
10 11 2 3 4 5 6 7 8 14 1.62019
10 11 2 3 4 5 6 7 9 12 1.62019
10 11 2 3 4 5 6 7 9 13 1.41421
10 11 2 3 4 5 6 7 9 14 1.85164
10 11 2 3 4 5 6 7 12 13 1
10 11 2 3 4 5 6 7 12 14 1.62019
10 11 2 3 4 5 6 7 13 14 1.41421
10 11 2 3 4 5 6 8 9 12 1.62019
10 11 2 3 4 5 6 8 9 13 1.41421
10 11 2 3 4 5 6 8 9 14 1.85164
10 11 2 3 4 5 6 8 12 13 1
10 11 2 3 4 5 6 8 12 14 1.62019
10 11 2 3 4 5 6 8 13 14 1.41421
10 11 2 3 4 5 6 9 12 13 1.41421
10 11 2 3 4 5 6 9 12 14 1.85164
10 11 2 3 4 5 6 9 13 14 1.73205
10 11 2 3 4 5 6 12 13 14 1.41421
10 11 2 3 4 5 7 8 9 12 1.41421
10 11 2 3 4 5 7 8 9 13 1
10 11 2 3 4 5 7 8 9 14 1.62019
10 11 2 3 4 5 7 8 12 13 1
10 11 2 3 4 5 7 8 12 14 1.41421
10 11 2 3 4 5 7 8 13 14 1
10 11 2 3 4 5 7 9 12 13 1
10 11 2 3 4 5 7 9 12 14 1.62019
10 11 2 3 4 5 7 9 13 14 1.41421
10 11 2 3 4 5 7 12 13 14 1
10 11 2 3 4 5 8 9 12 13 1
10 11 2 3 4 5 8 9 12 14 1.62019
10 11 2 3 4 5 8 9 13 14 1.41421
10 11 2 3 4 5 8 12 13 14 1
10 11 2 3 4 5 9 12 13 14 1.41421
10 11 2 3 4 6 7 8 9 12 1.41421
10 11 2 3 4 6 7 8 9 13 1
10 11 2 3 4 6 7 8 9 14 1.62019
10 11 2 3 4 6 7 8 12 13 0
10 11 2 3 4 6 7 8 12 14 1.41421
10 11 2 3 4 6 7 8 13 14 1
10 11 2 3 4 6 7 9 12 13 1
10 11 2 3 4 6 7 9 12 14 1.62019
10 11 2 3 4 6 7 9 13 14 1.41421
10 11 2 3 4 6 7 12 13 14 1
10 11 2 3 4 6 8 9 12 13 1.41421
10 11 2 3 4 6 8 9 12 14 1.73205
10 11 2 3 4 6 8 9 13 14 1.62019
10 11 2 3 4 6 8 12 13 14 1.41421
10 11 2 3 4 6 9 12 13 14 1.62019
10 11 2 3 4 7 8 9 12 13 0
10 11 2 3 4 7 8 9 12 14 1.41421
10 11 2 3 4 7 8 9 13 14 1
10 11 2 3 4 7 8 12 13 14 1
10 11 2 3 4 7 9 12 13 14 1
10 11 2 3 4 8 9 12 13 14 1.41421
10 11 2 3 5 6 7 8 9 12 1.41421
10 11 2 3 5 6 7 8 9 13 1
10 11 2 3 5 6 7 8 9 14 1.62019
10 11 2 3 5 6 7 8 12 13 0
10 11 2 3 5 6 7 8 12 14 1.41421
10 11 2 3 5 6 7 8 13 14 1
10 11 2 3 5 6 7 9 12 13 1
10 11 2 3 5 6 7 9 12 14 1.62019
10 11 2 3 5 6 7 9 13 14 1.41421
10 11 2 3 5 6 7 12 13 14 1
10 11 2 3 5 6 8 9 12 13 1
10 11 2 3 5 6 8 9 12 14 1.62019
10 11 2 3 5 6 8 9 13 14 1.41421
10 11 2 3 5 6 8 12 13 14 1
10 11 2 3 5 6 9 12 13 14 1.41421
10 11 2 3 5 7 8 9 12 13 0
10 11 2 3 5 7 8 9 12 14 1.41421
10 11 2 3 5 7 8 9 13 14 1
10 11 2 3 5 7 8 12 13 14 1
10 11 2 3 5 7 9 12 13 14 1
10 11 2 3 5 8 9 12 13 14 1
10 11 2 3 6 7 8 9 12 13 1
10 11 2 3 6 7 8 9 12 14 1.41421
10 11 2 3 6 7 8 9 13 14 1
10 11 2 3 6 7 8 12 13 14 1
10 11 2 3 6 7 9 12 13 14 1
10 11 2 3 6 8 9 12 13 14 1.62019
10 11 2 3 7 8 9 12 13 14 1
10 11 2 4 5 6 7 8 9 12 1.41421
10 11 2 4 5 6 7 8 9 13 1
10 11 2 4 5 6 7 8 9 14 1.62019
10 11 2 4 5 6 7 8 12 13 0
10 11 2 4 5 6 7 8 12 14 1.41421
10 11 2 4 5 6 7 8 13 14 1
10 11 2 4 5 6 7 9 12 13 1
10 11 2 4 5 6 7 9 12 14 1.62019
10 11 2 4 5 6 7 9 13 14 1.41421
10 11 2 4 5 6 7 12 13 14 1
10 11 2 4 5 6 8 9 12 13 1.41421
10 11 2 4 5 6 8 9 12 14 1.73205
10 11 2 4 5 6 8 9 13 14 1.62019
10 11 2 4 5 6 8 12 13 14 1.41421
10 11 2 4 5 6 9 12 13 14 1.62019
10 11 2 4 5 7 8 9 12 13 0
10 11 2 4 5 7 8 9 12 14 1.41421
10 11 2 4 5 7 8 9 13 14 1
10 11 2 4 5 7 8 12 13 14 1
10 11 2 4 5 7 9 12 13 14 1
10 11 2 4 5 8 9 12 13 14 1.41421
10 11 2 4 6 7 8 9 12 13 0
10 11 2 4 6 7 8 9 12 14 1.41421
10 11 2 4 6 7 8 9 13 14 1
10 11 2 4 6 7 8 12 13 14 0
10 11 2 4 6 7 9 12 13 14 1
10 11 2 4 6 8 9 12 13 14 1.73205
10 11 2 4 7 8 9 12 13 14 0
10 11 2 5 6 7 8 9 12 13 0
10 11 2 5 6 7 8 9 12 14 1.41421
10 11 2 5 6 7 8 9 13 14 1
10 11 2 5 6 7 8 12 13 14 0
10 11 2 5 6 7 9 12 13 14 1
10 11 2 5 6 8 9 12 13 14 1.41421
10 11 2 5 7 8 9 12 13 14 0
10 11 2 6 7 8 9 12 13 14 1
10 11 3 4 5 6 7 8 9 12 1.62019
10 11 3 4 5 6 7 8 9 13 1.41421
10 11 3 4 5 6 7 8 9 14 1.85164
10 11 3 4 5 6 7 8 12 13 1
10 11 3 4 5 6 7 8 12 14 1.62019
10 11 3 4 5 6 7 8 13 14 1.41421
10 11 3 4 5 6 7 9 12 13 1.41421
10 11 3 4 5 6 7 9 12 14 1.85164
10 11 3 4 5 6 7 9 13 14 1.73205
10 11 3 4 5 6 7 12 13 14 1.41421
10 11 3 4 5 6 8 9 12 13 1.41421
10 11 3 4 5 6 8 9 12 14 1.85164
10 11 3 4 5 6 8 9 13 14 1.73205
10 11 3 4 5 6 8 12 13 14 1.41421
10 11 3 4 5 6 9 12 13 14 1.73205
10 11 3 4 5 7 8 9 12 13 1
10 11 3 4 5 7 8 9 12 14 1.62019
10 11 3 4 5 7 8 9 13 14 1.41421
10 11 3 4 5 7 8 12 13 14 1
10 11 3 4 5 7 9 12 13 14 1.41421
10 11 3 4 5 8 9 12 13 14 1.41421
10 11 3 4 6 7 8 9 12 13 1.41421
10 11 3 4 6 7 8 9 12 14 1.73205
10 11 3 4 6 7 8 9 13 14 1.62019
10 11 3 4 6 7 8 12 13 14 1.41421
10 11 3 4 6 7 9 12 13 14 1.62019
10 11 3 4 6 8 9 12 13 14 2
10 11 3 4 7 8 9 12 13 14 1.41421
10 11 3 5 6 7 8 9 12 13 1
10 11 3 5 6 7 8 9 12 14 1.62019
10 11 3 5 6 7 8 9 13 14 1.41421
10 11 3 5 6 7 8 12 13 14 1
10 11 3 5 6 7 9 12 13 14 1.41421
10 11 3 5 6 8 9 12 13 14 1.41421
10 11 3 5 7 8 9 12 13 14 1
10 11 3 6 7 8 9 12 13 14 1.62019
10 11 4 5 6 7 8 9 12 13 1.41421
10 11 4 5 6 7 8 9 12 14 1.73205
10 11 4 5 6 7 8 9 13 14 1.62019
10 11 4 5 6 7 8 12 13 14 1.41421
10 11 4 5 6 7 9 12 13 14 1.62019
10 11 4 5 6 8 9 12 13 14 2
10 11 4 5 7 8 9 12 13 14 1.41421
10 11 4 6 7 8 9 12 13 14 1.73205
10 11 5 6 7 8 9 12 13 14 1.41421
