5 11 0 1 1.73205
5 11 0 2 2.19034
5 11 0 3 2.32279
5 11 0 4 2.49313
5 11 0 6 2.51151
5 11 0 7 2.19034
5 11 0 8 2.28709
5 11 0 9 2.51151
5 11 0 10 2.44831
5 11 0 12 2.39046
5 11 0 13 2.39046
5 11 0 14 2.49313
5 11 1 2 1.73205
5 11 1 3 1.73205
5 11 1 4 1.41421
5 11 1 6 1.73205
5 11 1 7 1.73205
5 11 1 8 1.41421
5 11 1 9 1.73205
5 11 1 10 1.41421
5 11 1 12 1.73205
5 11 1 13 1.73205
5 11 1 14 1.41421
5 11 2 3 2.19034
5 11 2 4 2.23607
5 11 2 6 2.24649
5 11 2 7 2.04939
5 11 2 8 1.93309
5 11 2 9 2.24649
5 11 2 10 2.13809
5 11 2 12 2.081
5 11 2 13 2.04939
5 11 2 14 2.23607
5 11 3 4 2.35584
5 11 3 6 2.37
5 11 3 7 2.19034
5 11 3 8 2.07802
5 11 3 9 2.37
5 11 3 10 2.29129
5 11 3 12 2.19034
5 11 3 13 2.15297
5 11 3 14 2.35584
5 11 4 6 2.53859
5 11 4 7 2.23607
5 11 4 8 2.32266
5 11 4 9 2.53859
5 11 4 10 2.48193
5 11 4 12 2.36827
5 11 4 13 2.33699
5 11 4 14 2.50805
5 11 6 7 2.24649
5 11 6 8 2.32266
5 11 6 9 2.56038
5 11 6 10 2.48193
5 11 6 12 2.39792
5 11 6 13 2.39046
5 11 6 14 2.53859
5 11 7 8 1.93309
5 11 7 9 2.24649
5 11 7 10 2.13809
5 11 7 12 2.081
5 11 7 13 2.04939
5 11 7 14 2.23607
5 11 8 9 2.32266
5 11 8 10 2.32266
5 11 8 12 2.16025
5 11 8 13 2.13664
5 11 8 14 2.32266
5 11 9 10 2.48193
5 11 9 12 2.39792
5 11 9 13 2.39046
5 11 9 14 2.53859
5 11 10 12 2.32266
5 11 10 13 2.28709
5 11 10 14 2.48193
5 11 12 13 2.23607
5 11 12 14 2.36827
5 11 13 14 2.33699
