5 11 0 1 2 3 4 6 1.41421
5 11 0 1 2 3 4 7 1.41421
5 11 0 1 2 3 4 8 1
5 11 0 1 2 3 4 9 1.41421
5 11 0 1 2 3 4 10 1
5 11 0 1 2 3 4 12 1.41421
5 11 0 1 2 3 4 13 1.41421
5 11 0 1 2 3 4 14 1
5 11 0 1 2 3 6 7 1.73205
5 11 0 1 2 3 6 8 1.41421
5 11 0 1 2 3 6 9 1.73205
5 11 0 1 2 3 6 10 0
5 11 0 1 2 3 6 12 1.73205
5 11 0 1 2 3 6 13 1.73205
5 11 0 1 2 3 6 14 1.41421
5 11 0 1 2 3 7 8 1.41421
5 11 0 1 2 3 7 9 1.73205
5 11 0 1 2 3 7 10 1
5 11 0 1 2 3 7 12 1.73205
5 11 0 1 2 3 7 13 1.73205
5 11 0 1 2 3 7 14 1.41421
5 11 0 1 2 3 8 9 1.41421
5 11 0 1 2 3 8 10 1
5 11 0 1 2 3 8 12 1.41421
5 11 0 1 2 3 8 13 1.41421
5 11 0 1 2 3 8 14 1
5 11 0 1 2 3 9 10 0
5 11 0 1 2 3 9 12 1.73205
5 11 0 1 2 3 9 13 1.73205
5 11 0 1 2 3 9 14 1.41421
5 11 0 1 2 3 10 12 1
5 11 0 1 2 3 10 13 1
5 11 0 1 2 3 10 14 1
5 11 0 1 2 3 12 13 1.73205
5 11 0 1 2 3 12 14 1.41421
5 11 0 1 2 3 13 14 1.41421
5 11 0 1 2 4 6 7 1.41421
5 11 0 1 2 4 6 8 1
5 11 0 1 2 4 6 9 1.41421
5 11 0 1 2 4 6 10 1
5 11 0 1 2 4 6 12 1.41421
5 11 0 1 2 4 6 13 1.41421
5 11 0 1 2 4 6 14 1
5 11 0 1 2 4 7 8 1
5 11 0 1 2 4 7 9 1.41421
5 11 0 1 2 4 7 10 1
5 11 0 1 2 4 7 12 1.41421
5 11 0 1 2 4 7 13 1.41421
5 11 0 1 2 4 7 14 1
5 11 0 1 2 4 8 9 1
5 11 0 1 2 4 8 10 1
5 11 0 1 2 4 8 12 1
5 11 0 1 2 4 8 13 1
5 11 0 1 2 4 8 14 1
5 11 0 1 2 4 9 10 1
5 11 0 1 2 4 9 12 1.41421
5 11 0 1 2 4 9 13 1.41421
5 11 0 1 2 4 9 14 1
5 11 0 1 2 4 10 12 1
5 11 0 1 2 4 10 13 1
5 11 0 1 2 4 10 14 1
5 11 0 1 2 4 12 13 1.41421
5 11 0 1 2 4 12 14 1
5 11 0 1 2 4 13 14 1
5 11 0 1 2 6 7 8 1.41421
5 11 0 1 2 6 7 9 1.73205
5 11 0 1 2 6 7 10 0
5 11 0 1 2 6 7 12 1.73205
5 11 0 1 2 6 7 13 1.73205
5 11 0 1 2 6 7 14 1.41421
5 11 0 1 2 6 8 9 1.41421
5 11 0 1 2 6 8 10 1
5 11 0 1 2 6 8 12 1.41421
5 11 0 1 2 6 8 13 1.41421
5 11 0 1 2 6 8 14 1
5 11 0 1 2 6 9 10 1
5 11 0 1 2 6 9 12 1.73205
5 11 0 1 2 6 9 13 1.73205
5 11 0 1 2 6 9 14 1.41421
5 11 0 1 2 6 10 12 1
5 11 0 1 2 6 10 13 1
5 11 0 1 2 6 10 14 1
5 11 0 1 2 6 12 13 1.73205
5 11 0 1 2 6 12 14 1.41421
5 11 0 1 2 6 13 14 1.41421
5 11 0 1 2 7 8 9 1.41421
5 11 0 1 2 7 8 10 1
5 11 0 1 2 7 8 12 1.41421
5 11 0 1 2 7 8 13 1.41421
5 11 0 1 2 7 8 14 1
5 11 0 1 2 7 9 10 0
5 11 0 1 2 7 9 12 1.73205
5 11 0 1 2 7 9 13 1.73205
5 11 0 1 2 7 9 14 1.41421
5 11 0 1 2 7 10 12 1
5 11 0 1 2 7 10 13 1
5 11 0 1 2 7 10 14 1
5 11 0 1 2 7 12 13 1.73205
5 11 0 1 2 7 12 14 1.41421
5 11 0 1 2 7 13 14 1.41421
5 11 0 1 2 8 9 10 1
5 11 0 1 2 8 9 12 1.41421
5 11 0 1 2 8 9 13 1.41421
5 11 0 1 2 8 9 14 1
5 11 0 1 2 8 10 12 1
5 11 0 1 2 8 10 13 1
5 11 0 1 2 8 10 14 1
5 11 0 1 2 8 12 13 1.41421
5 11 0 1 2 8 12 14 1
5 11 0 1 2 8 13 14 1
5 11 0 1 2 9 10 12 1
5 11 0 1 2 9 10 13 1
5 11 0 1 2 9 10 14 1
5 11 0 1 2 9 12 13 1.73205
5 11 0 1 2 9 12 14 1.41421
5 11 0 1 2 9 13 14 1.41421
5 11 0 1 2 10 12 13 1
5 11 0 1 2 10 12 14 1
5 11 0 1 2 10 13 14 1
5 11 0 1 2 12 13 14 1.41421
5 11 0 1 3 4 6 7 1.41421
5 11 0 1 3 4 6 8 1
5 11 0 1 3 4 6 9 1.41421
5 11 0 1 3 4 6 10 0
5 11 0 1 3 4 6 12 1.41421
5 11 0 1 3 4 6 13 1.41421
5 11 0 1 3 4 6 14 1
5 11 0 1 3 4 7 8 1
5 11 0 1 3 4 7 9 1.41421
5 11 0 1 3 4 7 10 1
5 11 0 1 3 4 7 12 1.41421
5 11 0 1 3 4 7 13 1.41421
5 11 0 1 3 4 7 14 1
5 11 0 1 3 4 8 9 1
5 11 0 1 3 4 8 10 1
5 11 0 1 3 4 8 12 1
5 11 0 1 3 4 8 13 1
5 11 0 1 3 4 8 14 1
5 11 0 1 3 4 9 10 0
5 11 0 1 3 4 9 12 1.41421
5 11 0 1 3 4 9 13 1.41421
5 11 0 1 3 4 9 14 1
5 11 0 1 3 4 10 12 1
5 11 0 1 3 4 10 13 1
5 11 0 1 3 4 10 14 1
5 11 0 1 3 4 12 13 1.41421
5 11 0 1 3 4 12 14 1
5 11 0 1 3 4 13 14 1
5 11 0 1 3 6 7 8 1.41421
5 11 0 1 3 6 7 9 1.73205
5 11 0 1 3 6 7 10 0
5 11 0 1 3 6 7 12 1.73205
5 11 0 1 3 6 7 13 1.73205
5 11 0 1 3 6 7 14 1.41421
5 11 0 1 3 6 8 9 1.41421
5 11 0 1 3 6 8 10 0
5 11 0 1 3 6 8 12 1.41421
5 11 0 1 3 6 8 13 1.41421
5 11 0 1 3 6 8 14 1
5 11 0 1 3 6 9 10 0
5 11 0 1 3 6 9 12 1.73205
5 11 0 1 3 6 9 13 1.73205
5 11 0 1 3 6 9 14 1.41421
5 11 0 1 3 6 10 12 0
5 11 0 1 3 6 10 13 0
5 11 0 1 3 6 10 14 0
5 11 0 1 3 6 12 13 1.73205
5 11 0 1 3 6 12 14 1.41421
5 11 0 1 3 6 13 14 1.41421
5 11 0 1 3 7 8 9 1.41421
5 11 0 1 3 7 8 10 1
5 11 0 1 3 7 8 12 1.41421
5 11 0 1 3 7 8 13 1.41421
5 11 0 1 3 7 8 14 1
5 11 0 1 3 7 9 10 0
5 11 0 1 3 7 9 12 1.73205
5 11 0 1 3 7 9 13 1.73205
5 11 0 1 3 7 9 14 1.41421
5 11 0 1 3 7 10 12 1
5 11 0 1 3 7 10 13 1
5 11 0 1 3 7 10 14 1
5 11 0 1 3 7 12 13 1.73205
5 11 0 1 3 7 12 14 1.41421
5 11 0 1 3 7 13 14 1.41421
5 11 0 1 3 8 9 10 0
5 11 0 1 3 8 9 12 1.41421
5 11 0 1 3 8 9 13 1.41421
5 11 0 1 3 8 9 14 1
5 11 0 1 3 8 10 12 1
5 11 0 1 3 8 10 13 1
5 11 0 1 3 8 10 14 1
5 11 0 1 3 8 12 13 1.41421
5 11 0 1 3 8 12 14 1
5 11 0 1 3 8 13 14 1
5 11 0 1 3 9 10 12 0
5 11 0 1 3 9 10 13 0
5 11 0 1 3 9 10 14 0
5 11 0 1 3 9 12 13 1.73205
5 11 0 1 3 9 12 14 1.41421
5 11 0 1 3 9 13 14 1.41421
5 11 0 1 3 10 12 13 1
5 11 0 1 3 10 12 14 1
5 11 0 1 3 10 13 14 1
5 11 0 1 3 12 13 14 1.41421
5 11 0 1 4 6 7 8 1
5 11 0 1 4 6 7 9 1.41421
5 11 0 1 4 6 7 10 1
5 11 0 1 4 6 7 12 1.41421
5 11 0 1 4 6 7 13 1.41421
5 11 0 1 4 6 7 14 1
5 11 0 1 4 6 8 9 1.41421
5 11 0 1 4 6 8 10 1.41421
5 11 0 1 4 6 8 12 1.41421
5 11 0 1 4 6 8 13 1.41421
5 11 0 1 4 6 8 14 1.41421
5 11 0 1 4 6 9 10 1.41421
5 11 0 1 4 6 9 12 1.41421
5 11 0 1 4 6 9 13 1.41421
5 11 0 1 4 6 9 14 1.41421
5 11 0 1 4 6 10 12 1.41421
5 11 0 1 4 6 10 13 1.41421
5 11 0 1 4 6 10 14 1.41421
5 11 0 1 4 6 12 13 1.41421
5 11 0 1 4 6 12 14 1.41421
5 11 0 1 4 6 13 14 1.41421
5 11 0 1 4 7 8 9 1
5 11 0 1 4 7 8 10 1
5 11 0 1 4 7 8 12 1
5 11 0 1 4 7 8 13 1
5 11 0 1 4 7 8 14 1
5 11 0 1 4 7 9 10 1
5 11 0 1 4 7 9 12 1.41421
5 11 0 1 4 7 9 13 1.41421
5 11 0 1 4 7 9 14 1
5 11 0 1 4 7 10 12 1
5 11 0 1 4 7 10 13 1
5 11 0 1 4 7 10 14 1
5 11 0 1 4 7 12 13 1.41421
5 11 0 1 4 7 12 14 1
5 11 0 1 4 7 13 14 1
5 11 0 1 4 8 9 10 1.41421
5 11 0 1 4 8 9 12 1.41421
5 11 0 1 4 8 9 13 1.41421
5 11 0 1 4 8 9 14 1.41421
5 11 0 1 4 8 10 12 1.41421
5 11 0 1 4 8 10 13 1.41421
5 11 0 1 4 8 10 14 1.41421
5 11 0 1 4 8 12 13 1.41421
5 11 0 1 4 8 12 14 1.41421
5 11 0 1 4 8 13 14 1.41421
5 11 0 1 4 9 10 12 1.41421
5 11 0 1 4 9 10 13 1.41421
5 11 0 1 4 9 10 14 1.41421
5 11 0 1 4 9 12 13 1.41421
5 11 0 1 4 9 12 14 1.41421
5 11 0 1 4 9 13 14 1.41421
5 11 0 1 4 10 12 13 1.41421
5 11 0 1 4 10 12 14 1.41421
5 11 0 1 4 10 13 14 1.41421
5 11 0 1 4 12 13 14 1.41421
5 11 0 1 6 7 8 9 1.41421
5 11 0 1 6 7 8 10 1
5 11 0 1 6 7 8 12 1.41421
5 11 0 1 6 7 8 13 1.41421
5 11 0 1 6 7 8 14 1
5 11 0 1 6 7 9 10 1
5 11 0 1 6 7 9 12 1.73205
5 11 0 1 6 7 9 13 1.73205
5 11 0 1 6 7 9 14 1.41421
5 11 0 1 6 7 10 12 1
5 11 0 1 6 7 10 13 1
5 11 0 1 6 7 10 14 1
5 11 0 1 6 7 12 13 1.73205
5 11 0 1 6 7 12 14 1.41421
5 11 0 1 6 7 13 14 1.41421
5 11 0 1 6 8 9 10 1.41421
5 11 0 1 6 8 9 12 1.41421
5 11 0 1 6 8 9 13 1.41421
5 11 0 1 6 8 9 14 1.41421
5 11 0 1 6 8 10 12 1.41421
5 11 0 1 6 8 10 13 1.41421
5 11 0 1 6 8 10 14 1.41421
5 11 0 1 6 8 12 13 1.41421
5 11 0 1 6 8 12 14 1.41421
5 11 0 1 6 8 13 14 1.41421
5 11 0 1 6 9 10 12 1.41421
5 11 0 1 6 9 10 13 1.41421
5 11 0 1 6 9 10 14 1.41421
5 11 0 1 6 9 12 13 1.73205
5 11 0 1 6 9 12 14 1.41421
5 11 0 1 6 9 13 14 1.41421
5 11 0 1 6 10 12 13 1.41421
5 11 0 1 6 10 12 14 1.41421
5 11 0 1 6 10 13 14 1.41421
5 11 0 1 6 12 13 14 1.41421
5 11 0 1 7 8 9 10 1
5 11 0 1 7 8 9 12 1.41421
5 11 0 1 7 8 9 13 1.41421
5 11 0 1 7 8 9 14 1
5 11 0 1 7 8 10 12 1
5 11 0 1 7 8 10 13 1
5 11 0 1 7 8 10 14 1
5 11 0 1 7 8 12 13 1.41421
5 11 0 1 7 8 12 14 1
5 11 0 1 7 8 13 14 1
5 11 0 1 7 9 10 12 1
5 11 0 1 7 9 10 13 1
5 11 0 1 7 9 10 14 1
5 11 0 1 7 9 12 13 1.73205
5 11 0 1 7 9 12 14 1.41421
5 11 0 1 7 9 13 14 1.41421
5 11 0 1 7 10 12 13 1
5 11 0 1 7 10 12 14 1
5 11 0 1 7 10 13 14 1
5 11 0 1 7 12 13 14 1.41421
5 11 0 1 8 9 10 12 1.41421
5 11 0 1 8 9 10 13 1.41421
5 11 0 1 8 9 10 14 1.41421
5 11 0 1 8 9 12 13 1.41421
5 11 0 1 8 9 12 14 1.41421
5 11 0 1 8 9 13 14 1.41421
5 11 0 1 8 10 12 13 1.41421
5 11 0 1 8 10 12 14 1.41421
5 11 0 1 8 10 13 14 1.41421
5 11 0 1 8 12 13 14 1.41421
5 11 0 1 9 10 12 13 1.41421
5 11 0 1 9 10 12 14 1.41421
5 11 0 1 9 10 13 14 1.41421
5 11 0 1 9 12 13 14 1.41421
5 11 0 1 10 12 13 14 1.41421
5 11 0 2 3 4 6 7 1.90693
5 11 0 2 3 4 6 8 1.73205
5 11 0 2 3 4 6 9 2.10357
5 11 0 2 3 4 6 10 2
5 11 0 2 3 4 6 12 1.90693
5 11 0 2 3 4 6 13 1.90693
5 11 0 2 3 4 6 14 2.07802
5 11 0 2 3 4 7 8 1.41421
5 11 0 2 3 4 7 9 1.90693
5 11 0 2 3 4 7 10 1.73205
5 11 0 2 3 4 7 12 1.73205
5 11 0 2 3 4 7 13 1.73205
5 11 0 2 3 4 7 14 1.85164
5 11 0 2 3 4 8 9 1.73205
5 11 0 2 3 4 8 10 1.73205
5 11 0 2 3 4 8 12 1.41421
5 11 0 2 3 4 8 13 1.41421
5 11 0 2 3 4 8 14 1.73205
5 11 0 2 3 4 9 10 2
5 11 0 2 3 4 9 12 1.90693
5 11 0 2 3 4 9 13 1.90693
5 11 0 2 3 4 9 14 2.07802
5 11 0 2 3 4 10 12 1.73205
5 11 0 2 3 4 10 13 1.73205
5 11 0 2 3 4 10 14 2
5 11 0 2 3 4 12 13 1.73205
5 11 0 2 3 4 12 14 1.85164
5 11 0 2 3 4 13 14 1.85164
5 11 0 2 3 6 7 8 1.41421
5 11 0 2 3 6 7 9 2
5 11 0 2 3 6 7 10 1.73205
5 11 0 2 3 6 7 12 1.90693
5 11 0 2 3 6 7 13 1.90693
5 11 0 2 3 6 7 14 1.90693
5 11 0 2 3 6 8 9 1.73205
5 11 0 2 3 6 8 10 1.73205
5 11 0 2 3 6 8 12 1.41421
5 11 0 2 3 6 8 13 1.41421
5 11 0 2 3 6 8 14 1.73205
5 11 0 2 3 6 9 10 2
5 11 0 2 3 6 9 12 2
5 11 0 2 3 6 9 13 2
5 11 0 2 3 6 9 14 2.10357
5 11 0 2 3 6 10 12 1.73205
5 11 0 2 3 6 10 13 1.73205
5 11 0 2 3 6 10 14 2
5 11 0 2 3 6 12 13 1.90693
5 11 0 2 3 6 12 14 1.90693
5 11 0 2 3 6 13 14 1.90693
5 11 0 2 3 7 8 9 1.41421
5 11 0 2 3 7 8 10 1.41421
5 11 0 2 3 7 8 12 1.41421
5 11 0 2 3 7 8 13 1.41421
5 11 0 2 3 7 8 14 1.41421
5 11 0 2 3 7 9 10 1.73205
5 11 0 2 3 7 9 12 1.90693
5 11 0 2 3 7 9 13 1.90693
5 11 0 2 3 7 9 14 1.90693
5 11 0 2 3 7 10 12 1.41421
5 11 0 2 3 7 10 13 1.41421
5 11 0 2 3 7 10 14 1.73205
5 11 0 2 3 7 12 13 1.85164
5 11 0 2 3 7 12 14 1.73205
5 11 0 2 3 7 13 14 1.73205
5 11 0 2 3 8 9 10 1.73205
5 11 0 2 3 8 9 12 1.41421
5 11 0 2 3 8 9 13 1.41421
5 11 0 2 3 8 9 14 1.73205
5 11 0 2 3 8 10 12 1.41421
5 11 0 2 3 8 10 13 1.41421
5 11 0 2 3 8 10 14 1.73205
5 11 0 2 3 8 12 13 1.41421
5 11 0 2 3 8 12 14 1.41421
5 11 0 2 3 8 13 14 1.41421
5 11 0 2 3 9 10 12 1.73205
5 11 0 2 3 9 10 13 1.73205
5 11 0 2 3 9 10 14 2
5 11 0 2 3 9 12 13 1.90693
5 11 0 2 3 9 12 14 1.90693
5 11 0 2 3 9 13 14 1.90693
5 11 0 2 3 10 12 13 1.41421
5 11 0 2 3 10 12 14 1.73205
5 11 0 2 3 10 13 14 1.73205
5 11 0 2 3 12 13 14 1.73205
5 11 0 2 4 6 7 8 1.41421
5 11 0 2 4 6 7 9 1.90693
5 11 0 2 4 6 7 10 1.73205
5 11 0 2 4 6 7 12 1.73205
5 11 0 2 4 6 7 13 1.73205
5 11 0 2 4 6 7 14 1.85164
5 11 0 2 4 6 8 9 1.85164
5 11 0 2 4 6 8 10 1.85164
5 11 0 2 4 6 8 12 1.62019
5 11 0 2 4 6 8 13 1.62019
5 11 0 2 4 6 8 14 1.85164
5 11 0 2 4 6 9 10 2.07802
5 11 0 2 4 6 9 12 2
5 11 0 2 4 6 9 13 2
5 11 0 2 4 6 9 14 2.13809
5 11 0 2 4 6 10 12 1.85164
5 11 0 2 4 6 10 13 1.85164
5 11 0 2 4 6 10 14 2.07802
5 11 0 2 4 6 12 13 1.81265
5 11 0 2 4 6 12 14 1.93309
5 11 0 2 4 6 13 14 1.93309
5 11 0 2 4 7 8 9 1.41421
5 11 0 2 4 7 8 10 1.41421
5 11 0 2 4 7 8 12 1
5 11 0 2 4 7 8 13 1
5 11 0 2 4 7 8 14 1.41421
5 11 0 2 4 7 9 10 1.73205
5 11 0 2 4 7 9 12 1.73205
5 11 0 2 4 7 9 13 1.73205
5 11 0 2 4 7 9 14 1.85164
5 11 0 2 4 7 10 12 1.41421
5 11 0 2 4 7 10 13 1.41421
5 11 0 2 4 7 10 14 1.73205
5 11 0 2 4 7 12 13 1.62019
5 11 0 2 4 7 12 14 1.62019
5 11 0 2 4 7 13 14 1.62019
5 11 0 2 4 8 9 10 1.85164
5 11 0 2 4 8 9 12 1.62019
5 11 0 2 4 8 9 13 1.62019
5 11 0 2 4 8 9 14 1.85164
5 11 0 2 4 8 10 12 1.62019
5 11 0 2 4 8 10 13 1.62019
5 11 0 2 4 8 10 14 1.85164
5 11 0 2 4 8 12 13 1.41421
5 11 0 2 4 8 12 14 1.62019
5 11 0 2 4 8 13 14 1.62019
5 11 0 2 4 9 10 12 1.85164
5 11 0 2 4 9 10 13 1.85164
5 11 0 2 4 9 10 14 2.07802
5 11 0 2 4 9 12 13 1.81265
5 11 0 2 4 9 12 14 1.93309
5 11 0 2 4 9 13 14 1.93309
5 11 0 2 4 10 12 13 1.62019
5 11 0 2 4 10 12 14 1.85164
5 11 0 2 4 10 13 14 1.85164
5 11 0 2 4 12 13 14 1.73205
5 11 0 2 6 7 8 9 1.41421
5 11 0 2 6 7 8 10 1.41421
5 11 0 2 6 7 8 12 1.41421
5 11 0 2 6 7 8 13 1.41421
5 11 0 2 6 7 8 14 1.41421
5 11 0 2 6 7 9 10 1.73205
5 11 0 2 6 7 9 12 1.90693
5 11 0 2 6 7 9 13 1.90693
5 11 0 2 6 7 9 14 1.90693
5 11 0 2 6 7 10 12 1.41421
5 11 0 2 6 7 10 13 1.41421
5 11 0 2 6 7 10 14 1.73205
5 11 0 2 6 7 12 13 1.85164
5 11 0 2 6 7 12 14 1.73205
5 11 0 2 6 7 13 14 1.73205
5 11 0 2 6 8 9 10 1.85164
5 11 0 2 6 8 9 12 1.62019
5 11 0 2 6 8 9 13 1.62019
5 11 0 2 6 8 9 14 1.85164
5 11 0 2 6 8 10 12 1.62019
5 11 0 2 6 8 10 13 1.62019
5 11 0 2 6 8 10 14 1.85164
5 11 0 2 6 8 12 13 1.41421
5 11 0 2 6 8 12 14 1.62019
5 11 0 2 6 8 13 14 1.62019
5 11 0 2 6 9 10 12 1.85164
5 11 0 2 6 9 10 13 1.85164
5 11 0 2 6 9 10 14 2.07802
5 11 0 2 6 9 12 13 1.93309
5 11 0 2 6 9 12 14 2
5 11 0 2 6 9 13 14 2
5 11 0 2 6 10 12 13 1.62019
5 11 0 2 6 10 12 14 1.85164
5 11 0 2 6 10 13 14 1.85164
5 11 0 2 6 12 13 14 1.81265
5 11 0 2 7 8 9 10 1.41421
5 11 0 2 7 8 9 12 1.41421
5 11 0 2 7 8 9 13 1.41421
5 11 0 2 7 8 9 14 1.41421
5 11 0 2 7 8 10 12 1
5 11 0 2 7 8 10 13 1
5 11 0 2 7 8 10 14 1.41421
5 11 0 2 7 8 12 13 1.41421
5 11 0 2 7 8 12 14 1
5 11 0 2 7 8 13 14 1
5 11 0 2 7 9 10 12 1.41421
5 11 0 2 7 9 10 13 1.41421
5 11 0 2 7 9 10 14 1.73205
5 11 0 2 7 9 12 13 1.85164
5 11 0 2 7 9 12 14 1.73205
5 11 0 2 7 9 13 14 1.73205
5 11 0 2 7 10 12 13 1
5 11 0 2 7 10 12 14 1.41421
5 11 0 2 7 10 13 14 1.41421
5 11 0 2 7 12 13 14 1.62019
5 11 0 2 8 9 10 12 1.62019
5 11 0 2 8 9 10 13 1.62019
5 11 0 2 8 9 10 14 1.85164
5 11 0 2 8 9 12 13 1.41421
5 11 0 2 8 9 12 14 1.62019
5 11 0 2 8 9 13 14 1.62019
5 11 0 2 8 10 12 13 1.41421
5 11 0 2 8 10 12 14 1.62019
5 11 0 2 8 10 13 14 1.62019
5 11 0 2 8 12 13 14 1.41421
5 11 0 2 9 10 12 13 1.62019
5 11 0 2 9 10 12 14 1.85164
5 11 0 2 9 10 13 14 1.85164
5 11 0 2 9 12 13 14 1.81265
5 11 0 2 10 12 13 14 1.62019
5 11 0 3 4 6 7 8 1.73205
5 11 0 3 4 6 7 9 2.10357
5 11 0 3 4 6 7 10 2
5 11 0 3 4 6 7 12 1.90693
5 11 0 3 4 6 7 13 1.90693
5 11 0 3 4 6 7 14 2.07802
5 11 0 3 4 6 8 9 2
5 11 0 3 4 6 8 10 2
5 11 0 3 4 6 8 12 1.73205
5 11 0 3 4 6 8 13 1.73205
5 11 0 3 4 6 8 14 2
5 11 0 3 4 6 9 10 2.23607
5 11 0 3 4 6 9 12 2.10357
5 11 0 3 4 6 9 13 2.10357
5 11 0 3 4 6 9 14 2.29129
5 11 0 3 4 6 10 12 2
5 11 0 3 4 6 10 13 2
5 11 0 3 4 6 10 14 2.23607
5 11 0 3 4 6 12 13 1.90693
5 11 0 3 4 6 12 14 2.07802
5 11 0 3 4 6 13 14 2.07802
5 11 0 3 4 7 8 9 1.73205
5 11 0 3 4 7 8 10 1.73205
5 11 0 3 4 7 8 12 1.41421
5 11 0 3 4 7 8 13 1.41421
5 11 0 3 4 7 8 14 1.73205
5 11 0 3 4 7 9 10 2
5 11 0 3 4 7 9 12 1.90693
5 11 0 3 4 7 9 13 1.90693
5 11 0 3 4 7 9 14 2.07802
5 11 0 3 4 7 10 12 1.73205
5 11 0 3 4 7 10 13 1.73205
5 11 0 3 4 7 10 14 2
5 11 0 3 4 7 12 13 1.73205
5 11 0 3 4 7 12 14 1.85164
5 11 0 3 4 7 13 14 1.85164
5 11 0 3 4 8 9 10 2
5 11 0 3 4 8 9 12 1.73205
5 11 0 3 4 8 9 13 1.73205
5 11 0 3 4 8 9 14 2
5 11 0 3 4 8 10 12 1.73205
5 11 0 3 4 8 10 13 1.73205
5 11 0 3 4 8 10 14 2
5 11 0 3 4 8 12 13 1.41421
5 11 0 3 4 8 12 14 1.73205
5 11 0 3 4 8 13 14 1.73205
5 11 0 3 4 9 10 12 2
5 11 0 3 4 9 10 13 2
5 11 0 3 4 9 10 14 2.23607
5 11 0 3 4 9 12 13 1.90693
5 11 0 3 4 9 12 14 2.07802
5 11 0 3 4 9 13 14 2.07802
5 11 0 3 4 10 12 13 1.73205
5 11 0 3 4 10 12 14 2
5 11 0 3 4 10 13 14 2
5 11 0 3 4 12 13 14 1.85164
5 11 0 3 6 7 8 9 1.73205
5 11 0 3 6 7 8 10 1.73205
5 11 0 3 6 7 8 12 1.41421
5 11 0 3 6 7 8 13 1.41421
5 11 0 3 6 7 8 14 1.73205
5 11 0 3 6 7 9 10 2
5 11 0 3 6 7 9 12 2
5 11 0 3 6 7 9 13 2
5 11 0 3 6 7 9 14 2.10357
5 11 0 3 6 7 10 12 1.73205
5 11 0 3 6 7 10 13 1.73205
5 11 0 3 6 7 10 14 2
5 11 0 3 6 7 12 13 1.90693
5 11 0 3 6 7 12 14 1.90693
5 11 0 3 6 7 13 14 1.90693
5 11 0 3 6 8 9 10 2
5 11 0 3 6 8 9 12 1.73205
5 11 0 3 6 8 9 13 1.73205
5 11 0 3 6 8 9 14 2
5 11 0 3 6 8 10 12 1.73205
5 11 0 3 6 8 10 13 1.73205
5 11 0 3 6 8 10 14 2
5 11 0 3 6 8 12 13 1.41421
5 11 0 3 6 8 12 14 1.73205
5 11 0 3 6 8 13 14 1.73205
5 11 0 3 6 9 10 12 2
5 11 0 3 6 9 10 13 2
5 11 0 3 6 9 10 14 2.23607
5 11 0 3 6 9 12 13 2
5 11 0 3 6 9 12 14 2.10357
5 11 0 3 6 9 13 14 2.10357
5 11 0 3 6 10 12 13 1.73205
5 11 0 3 6 10 12 14 2
5 11 0 3 6 10 13 14 2
5 11 0 3 6 12 13 14 1.90693
5 11 0 3 7 8 9 10 1.73205
5 11 0 3 7 8 9 12 1.41421
5 11 0 3 7 8 9 13 1.41421
5 11 0 3 7 8 9 14 1.73205
5 11 0 3 7 8 10 12 1.41421
5 11 0 3 7 8 10 13 1.41421
5 11 0 3 7 8 10 14 1.73205
5 11 0 3 7 8 12 13 1.41421
5 11 0 3 7 8 12 14 1.41421
5 11 0 3 7 8 13 14 1.41421
5 11 0 3 7 9 10 12 1.73205
5 11 0 3 7 9 10 13 1.73205
5 11 0 3 7 9 10 14 2
5 11 0 3 7 9 12 13 1.90693
5 11 0 3 7 9 12 14 1.90693
5 11 0 3 7 9 13 14 1.90693
5 11 0 3 7 10 12 13 1.41421
5 11 0 3 7 10 12 14 1.73205
5 11 0 3 7 10 13 14 1.73205
5 11 0 3 7 12 13 14 1.73205
5 11 0 3 8 9 10 12 1.73205
5 11 0 3 8 9 10 13 1.73205
5 11 0 3 8 9 10 14 2
5 11 0 3 8 9 12 13 1.41421
5 11 0 3 8 9 12 14 1.73205
5 11 0 3 8 9 13 14 1.73205
5 11 0 3 8 10 12 13 1.41421
5 11 0 3 8 10 12 14 1.73205
5 11 0 3 8 10 13 14 1.73205
5 11 0 3 8 12 13 14 1.41421
5 11 0 3 9 10 12 13 1.73205
5 11 0 3 9 10 12 14 2
5 11 0 3 9 10 13 14 2
5 11 0 3 9 12 13 14 1.90693
5 11 0 3 10 12 13 14 1.73205
5 11 0 4 6 7 8 9 1.85164
5 11 0 4 6 7 8 10 1.85164
5 11 0 4 6 7 8 12 1.62019
5 11 0 4 6 7 8 13 1.62019
5 11 0 4 6 7 8 14 1.85164
5 11 0 4 6 7 9 10 2.07802
5 11 0 4 6 7 9 12 2
5 11 0 4 6 7 9 13 2
5 11 0 4 6 7 9 14 2.13809
5 11 0 4 6 7 10 12 1.85164
5 11 0 4 6 7 10 13 1.85164
5 11 0 4 6 7 10 14 2.07802
5 11 0 4 6 7 12 13 1.81265
5 11 0 4 6 7 12 14 1.93309
5 11 0 4 6 7 13 14 1.93309
5 11 0 4 6 8 9 10 2.28709
5 11 0 4 6 8 9 12 2.13664
5 11 0 4 6 8 9 13 2.13664
5 11 0 4 6 8 9 14 2.28709
5 11 0 4 6 8 10 12 2.13664
5 11 0 4 6 8 10 13 2.13664
5 11 0 4 6 8 10 14 2.28709
5 11 0 4 6 8 12 13 2
5 11 0 4 6 8 12 14 2.13664
5 11 0 4 6 8 13 14 2.13664
5 11 0 4 6 9 10 12 2.28709
5 11 0 4 6 9 10 13 2.28709
5 11 0 4 6 9 10 14 2.44831
5 11 0 4 6 9 12 13 2.19089
5 11 0 4 6 9 12 14 2.32266
5 11 0 4 6 9 13 14 2.32266
5 11 0 4 6 10 12 13 2.13664
5 11 0 4 6 10 12 14 2.28709
5 11 0 4 6 10 13 14 2.28709
5 11 0 4 6 12 13 14 2.16025
5 11 0 4 7 8 9 10 1.85164
5 11 0 4 7 8 9 12 1.62019
5 11 0 4 7 8 9 13 1.62019
5 11 0 4 7 8 9 14 1.85164
5 11 0 4 7 8 10 12 1.62019
5 11 0 4 7 8 10 13 1.62019
5 11 0 4 7 8 10 14 1.85164
5 11 0 4 7 8 12 13 1.41421
5 11 0 4 7 8 12 14 1.62019
5 11 0 4 7 8 13 14 1.62019
5 11 0 4 7 9 10 12 1.85164
5 11 0 4 7 9 10 13 1.85164
5 11 0 4 7 9 10 14 2.07802
5 11 0 4 7 9 12 13 1.81265
5 11 0 4 7 9 12 14 1.93309
5 11 0 4 7 9 13 14 1.93309
5 11 0 4 7 10 12 13 1.62019
5 11 0 4 7 10 12 14 1.85164
5 11 0 4 7 10 13 14 1.85164
5 11 0 4 7 12 13 14 1.73205
5 11 0 4 8 9 10 12 2.13664
5 11 0 4 8 9 10 13 2.13664
5 11 0 4 8 9 10 14 2.28709
5 11 0 4 8 9 12 13 2
5 11 0 4 8 9 12 14 2.13664
5 11 0 4 8 9 13 14 2.13664
5 11 0 4 8 10 12 13 2
5 11 0 4 8 10 12 14 2.13664
5 11 0 4 8 10 13 14 2.13664
5 11 0 4 8 12 13 14 2
5 11 0 4 9 10 12 13 2.13664
5 11 0 4 9 10 12 14 2.28709
5 11 0 4 9 10 13 14 2.28709
5 11 0 4 9 12 13 14 2.16025
5 11 0 4 10 12 13 14 2.13664
5 11 0 6 7 8 9 10 1.85164
5 11 0 6 7 8 9 12 1.62019
5 11 0 6 7 8 9 13 1.62019
5 11 0 6 7 8 9 14 1.85164
5 11 0 6 7 8 10 12 1.62019
5 11 0 6 7 8 10 13 1.62019
5 11 0 6 7 8 10 14 1.85164
5 11 0 6 7 8 12 13 1.41421
5 11 0 6 7 8 12 14 1.62019
5 11 0 6 7 8 13 14 1.62019
5 11 0 6 7 9 10 12 1.85164
5 11 0 6 7 9 10 13 1.85164
5 11 0 6 7 9 10 14 2.07802
5 11 0 6 7 9 12 13 1.93309
5 11 0 6 7 9 12 14 2
5 11 0 6 7 9 13 14 2
5 11 0 6 7 10 12 13 1.62019
5 11 0 6 7 10 12 14 1.85164
5 11 0 6 7 10 13 14 1.85164
5 11 0 6 7 12 13 14 1.81265
5 11 0 6 8 9 10 12 2.13664
5 11 0 6 8 9 10 13 2.13664
5 11 0 6 8 9 10 14 2.28709
5 11 0 6 8 9 12 13 2
5 11 0 6 8 9 12 14 2.13664
5 11 0 6 8 9 13 14 2.13664
5 11 0 6 8 10 12 13 2
5 11 0 6 8 10 12 14 2.13664
5 11 0 6 8 10 13 14 2.13664
5 11 0 6 8 12 13 14 2
5 11 0 6 9 10 12 13 2.13664
5 11 0 6 9 10 12 14 2.28709
5 11 0 6 9 10 13 14 2.28709
5 11 0 6 9 12 13 14 2.19089
5 11 0 6 10 12 13 14 2.13664
5 11 0 7 8 9 10 12 1.62019
5 11 0 7 8 9 10 13 1.62019
5 11 0 7 8 9 10 14 1.85164
5 11 0 7 8 9 12 13 1.41421
5 11 0 7 8 9 12 14 1.62019
5 11 0 7 8 9 13 14 1.62019
5 11 0 7 8 10 12 13 1.41421
5 11 0 7 8 10 12 14 1.62019
5 11 0 7 8 10 13 14 1.62019
5 11 0 7 8 12 13 14 1.41421
5 11 0 7 9 10 12 13 1.62019
5 11 0 7 9 10 12 14 1.85164
5 11 0 7 9 10 13 14 1.85164
5 11 0 7 9 12 13 14 1.81265
5 11 0 7 10 12 13 14 1.62019
5 11 0 8 9 10 12 13 2
5 11 0 8 9 10 12 14 2.13664
5 11 0 8 9 10 13 14 2.13664
5 11 0 8 9 12 13 14 2
5 11 0 8 10 12 13 14 2
5 11 0 9 10 12 13 14 2.13664
5 11 1 2 3 4 6 7 1.41421
5 11 1 2 3 4 6 8 1
5 11 1 2 3 4 6 9 1.41421
5 11 1 2 3 4 6 10 1
5 11 1 2 3 4 6 12 1.41421
5 11 1 2 3 4 6 13 1.41421
5 11 1 2 3 4 6 14 1
5 11 1 2 3 4 7 8 1
5 11 1 2 3 4 7 9 1.41421
5 11 1 2 3 4 7 10 1
5 11 1 2 3 4 7 12 1.41421
5 11 1 2 3 4 7 13 1.41421
5 11 1 2 3 4 7 14 1
5 11 1 2 3 4 8 9 1
5 11 1 2 3 4 8 10 1
5 11 1 2 3 4 8 12 1
5 11 1 2 3 4 8 13 1
5 11 1 2 3 4 8 14 1
5 11 1 2 3 4 9 10 1
5 11 1 2 3 4 9 12 1.41421
5 11 1 2 3 4 9 13 1.41421
5 11 1 2 3 4 9 14 1
5 11 1 2 3 4 10 12 1
5 11 1 2 3 4 10 13 1
5 11 1 2 3 4 10 14 1
5 11 1 2 3 4 12 13 1.41421
5 11 1 2 3 4 12 14 1
5 11 1 2 3 4 13 14 1
5 11 1 2 3 6 7 8 1.41421
5 11 1 2 3 6 7 9 1.73205
5 11 1 2 3 6 7 10 1
5 11 1 2 3 6 7 12 1.73205
5 11 1 2 3 6 7 13 1.73205
5 11 1 2 3 6 7 14 1.41421
5 11 1 2 3 6 8 9 1.41421
5 11 1 2 3 6 8 10 1
5 11 1 2 3 6 8 12 1.41421
5 11 1 2 3 6 8 13 1.41421
5 11 1 2 3 6 8 14 1
5 11 1 2 3 6 9 10 1
5 11 1 2 3 6 9 12 1.73205
5 11 1 2 3 6 9 13 1.73205
5 11 1 2 3 6 9 14 1.41421
5 11 1 2 3 6 10 12 1
5 11 1 2 3 6 10 13 0
5 11 1 2 3 6 10 14 1
5 11 1 2 3 6 12 13 1.73205
5 11 1 2 3 6 12 14 1.41421
5 11 1 2 3 6 13 14 1.41421
5 11 1 2 3 7 8 9 1.41421
5 11 1 2 3 7 8 10 1
5 11 1 2 3 7 8 12 1.41421
5 11 1 2 3 7 8 13 1.41421
5 11 1 2 3 7 8 14 1
5 11 1 2 3 7 9 10 1
5 11 1 2 3 7 9 12 1.73205
5 11 1 2 3 7 9 13 1.73205
5 11 1 2 3 7 9 14 1.41421
5 11 1 2 3 7 10 12 1
5 11 1 2 3 7 10 13 1
5 11 1 2 3 7 10 14 1
5 11 1 2 3 7 12 13 1.73205
5 11 1 2 3 7 12 14 1.41421
5 11 1 2 3 7 13 14 1.41421
5 11 1 2 3 8 9 10 1
5 11 1 2 3 8 9 12 1.41421
5 11 1 2 3 8 9 13 1.41421
5 11 1 2 3 8 9 14 1
5 11 1 2 3 8 10 12 1
5 11 1 2 3 8 10 13 1
5 11 1 2 3 8 10 14 1
5 11 1 2 3 8 12 13 1.41421
5 11 1 2 3 8 12 14 1
5 11 1 2 3 8 13 14 1
5 11 1 2 3 9 10 12 1
5 11 1 2 3 9 10 13 0
5 11 1 2 3 9 10 14 1
5 11 1 2 3 9 12 13 1.73205
5 11 1 2 3 9 12 14 1.41421
5 11 1 2 3 9 13 14 1.41421
5 11 1 2 3 10 12 13 1
5 11 1 2 3 10 12 14 1
5 11 1 2 3 10 13 14 1
5 11 1 2 3 12 13 14 1.41421
5 11 1 2 4 6 7 8 1
5 11 1 2 4 6 7 9 1.41421
5 11 1 2 4 6 7 10 1
5 11 1 2 4 6 7 12 1.41421
5 11 1 2 4 6 7 13 1.41421
5 11 1 2 4 6 7 14 1
5 11 1 2 4 6 8 9 1
5 11 1 2 4 6 8 10 1
5 11 1 2 4 6 8 12 1
5 11 1 2 4 6 8 13 1
5 11 1 2 4 6 8 14 1
5 11 1 2 4 6 9 10 1
5 11 1 2 4 6 9 12 1.41421
5 11 1 2 4 6 9 13 1.41421
5 11 1 2 4 6 9 14 1
5 11 1 2 4 6 10 12 1
5 11 1 2 4 6 10 13 1
5 11 1 2 4 6 10 14 1
5 11 1 2 4 6 12 13 1.41421
5 11 1 2 4 6 12 14 1
5 11 1 2 4 6 13 14 1
5 11 1 2 4 7 8 9 1
5 11 1 2 4 7 8 10 1
5 11 1 2 4 7 8 12 1
5 11 1 2 4 7 8 13 1
5 11 1 2 4 7 8 14 1
5 11 1 2 4 7 9 10 1
5 11 1 2 4 7 9 12 1.41421
5 11 1 2 4 7 9 13 1.41421
5 11 1 2 4 7 9 14 1
5 11 1 2 4 7 10 12 1
5 11 1 2 4 7 10 13 1
5 11 1 2 4 7 10 14 1
5 11 1 2 4 7 12 13 1.41421
5 11 1 2 4 7 12 14 1
5 11 1 2 4 7 13 14 1
5 11 1 2 4 8 9 10 1
5 11 1 2 4 8 9 12 1
5 11 1 2 4 8 9 13 1
5 11 1 2 4 8 9 14 1
5 11 1 2 4 8 10 12 1
5 11 1 2 4 8 10 13 1
5 11 1 2 4 8 10 14 1
5 11 1 2 4 8 12 13 1
5 11 1 2 4 8 12 14 1
5 11 1 2 4 8 13 14 1
5 11 1 2 4 9 10 12 1
5 11 1 2 4 9 10 13 1
5 11 1 2 4 9 10 14 1
5 11 1 2 4 9 12 13 1.41421
5 11 1 2 4 9 12 14 1
5 11 1 2 4 9 13 14 1
5 11 1 2 4 10 12 13 1
5 11 1 2 4 10 12 14 1
5 11 1 2 4 10 13 14 1
5 11 1 2 4 12 13 14 1
5 11 1 2 6 7 8 9 1.41421
5 11 1 2 6 7 8 10 1
5 11 1 2 6 7 8 12 1.41421
5 11 1 2 6 7 8 13 1.41421
5 11 1 2 6 7 8 14 1
5 11 1 2 6 7 9 10 1
5 11 1 2 6 7 9 12 1.73205
5 11 1 2 6 7 9 13 1.73205
5 11 1 2 6 7 9 14 1.41421
5 11 1 2 6 7 10 12 1
5 11 1 2 6 7 10 13 0
5 11 1 2 6 7 10 14 1
5 11 1 2 6 7 12 13 1.73205
5 11 1 2 6 7 12 14 1.41421
5 11 1 2 6 7 13 14 1.41421
5 11 1 2 6 8 9 10 1
5 11 1 2 6 8 9 12 1.41421
5 11 1 2 6 8 9 13 1.41421
5 11 1 2 6 8 9 14 1
5 11 1 2 6 8 10 12 1
5 11 1 2 6 8 10 13 1
5 11 1 2 6 8 10 14 1
5 11 1 2 6 8 12 13 1.41421
5 11 1 2 6 8 12 14 1
5 11 1 2 6 8 13 14 1
5 11 1 2 6 9 10 12 1
5 11 1 2 6 9 10 13 1
5 11 1 2 6 9 10 14 1
5 11 1 2 6 9 12 13 1.73205
5 11 1 2 6 9 12 14 1.41421
5 11 1 2 6 9 13 14 1.41421
5 11 1 2 6 10 12 13 1
5 11 1 2 6 10 12 14 1
5 11 1 2 6 10 13 14 1
5 11 1 2 6 12 13 14 1.41421
5 11 1 2 7 8 9 10 1
5 11 1 2 7 8 9 12 1.41421
5 11 1 2 7 8 9 13 1.41421
5 11 1 2 7 8 9 14 1
5 11 1 2 7 8 10 12 1
5 11 1 2 7 8 10 13 1
5 11 1 2 7 8 10 14 1
5 11 1 2 7 8 12 13 1.41421
5 11 1 2 7 8 12 14 1
5 11 1 2 7 8 13 14 1
5 11 1 2 7 9 10 12 1
5 11 1 2 7 9 10 13 0
5 11 1 2 7 9 10 14 1
5 11 1 2 7 9 12 13 1.73205
5 11 1 2 7 9 12 14 1.41421
5 11 1 2 7 9 13 14 1.41421
5 11 1 2 7 10 12 13 1
5 11 1 2 7 10 12 14 1
5 11 1 2 7 10 13 14 1
5 11 1 2 7 12 13 14 1.41421
5 11 1 2 8 9 10 12 1
5 11 1 2 8 9 10 13 1
5 11 1 2 8 9 10 14 1
5 11 1 2 8 9 12 13 1.41421
5 11 1 2 8 9 12 14 1
5 11 1 2 8 9 13 14 1
5 11 1 2 8 10 12 13 1
5 11 1 2 8 10 12 14 1
5 11 1 2 8 10 13 14 1
5 11 1 2 8 12 13 14 1
5 11 1 2 9 10 12 13 1
5 11 1 2 9 10 12 14 1
5 11 1 2 9 10 13 14 1
5 11 1 2 9 12 13 14 1.41421
5 11 1 2 10 12 13 14 1
5 11 1 3 4 6 7 8 1
5 11 1 3 4 6 7 9 1.41421
5 11 1 3 4 6 7 10 1
5 11 1 3 4 6 7 12 1.41421
5 11 1 3 4 6 7 13 1.41421
5 11 1 3 4 6 7 14 1
5 11 1 3 4 6 8 9 1
5 11 1 3 4 6 8 10 1
5 11 1 3 4 6 8 12 1
5 11 1 3 4 6 8 13 1
5 11 1 3 4 6 8 14 1
5 11 1 3 4 6 9 10 1
5 11 1 3 4 6 9 12 1.41421
5 11 1 3 4 6 9 13 1.41421
5 11 1 3 4 6 9 14 1
5 11 1 3 4 6 10 12 1
5 11 1 3 4 6 10 13 0
5 11 1 3 4 6 10 14 1
5 11 1 3 4 6 12 13 1.41421
5 11 1 3 4 6 12 14 1
5 11 1 3 4 6 13 14 1
5 11 1 3 4 7 8 9 1
5 11 1 3 4 7 8 10 1
5 11 1 3 4 7 8 12 1
5 11 1 3 4 7 8 13 1
5 11 1 3 4 7 8 14 1
5 11 1 3 4 7 9 10 1
5 11 1 3 4 7 9 12 1.41421
5 11 1 3 4 7 9 13 1.41421
5 11 1 3 4 7 9 14 1
5 11 1 3 4 7 10 12 1
5 11 1 3 4 7 10 13 1
5 11 1 3 4 7 10 14 1
5 11 1 3 4 7 12 13 1.41421
5 11 1 3 4 7 12 14 1
5 11 1 3 4 7 13 14 1
5 11 1 3 4 8 9 10 1
5 11 1 3 4 8 9 12 1
5 11 1 3 4 8 9 13 1
5 11 1 3 4 8 9 14 1
5 11 1 3 4 8 10 12 1
5 11 1 3 4 8 10 13 1
5 11 1 3 4 8 10 14 1
5 11 1 3 4 8 12 13 1
5 11 1 3 4 8 12 14 1
5 11 1 3 4 8 13 14 1
5 11 1 3 4 9 10 12 1
5 11 1 3 4 9 10 13 0
5 11 1 3 4 9 10 14 1
5 11 1 3 4 9 12 13 1.41421
5 11 1 3 4 9 12 14 1
5 11 1 3 4 9 13 14 1
5 11 1 3 4 10 12 13 1
5 11 1 3 4 10 12 14 1
5 11 1 3 4 10 13 14 1
5 11 1 3 4 12 13 14 1
5 11 1 3 6 7 8 9 1.41421
5 11 1 3 6 7 8 10 1
5 11 1 3 6 7 8 12 1.41421
5 11 1 3 6 7 8 13 1.41421
5 11 1 3 6 7 8 14 1
5 11 1 3 6 7 9 10 1
5 11 1 3 6 7 9 12 1.73205
5 11 1 3 6 7 9 13 1.73205
5 11 1 3 6 7 9 14 1.41421
5 11 1 3 6 7 10 12 1
5 11 1 3 6 7 10 13 0
5 11 1 3 6 7 10 14 1
5 11 1 3 6 7 12 13 1.73205
5 11 1 3 6 7 12 14 1.41421
5 11 1 3 6 7 13 14 1.41421
5 11 1 3 6 8 9 10 1
5 11 1 3 6 8 9 12 1.41421
5 11 1 3 6 8 9 13 1.41421
5 11 1 3 6 8 9 14 1
5 11 1 3 6 8 10 12 1
5 11 1 3 6 8 10 13 0
5 11 1 3 6 8 10 14 1
5 11 1 3 6 8 12 13 1.41421
5 11 1 3 6 8 12 14 1
5 11 1 3 6 8 13 14 1
5 11 1 3 6 9 10 12 1
5 11 1 3 6 9 10 13 0
5 11 1 3 6 9 10 14 1
5 11 1 3 6 9 12 13 1.73205
5 11 1 3 6 9 12 14 1.41421
5 11 1 3 6 9 13 14 1.41421
5 11 1 3 6 10 12 13 0
5 11 1 3 6 10 12 14 1
5 11 1 3 6 10 13 14 0
5 11 1 3 6 12 13 14 1.41421
5 11 1 3 7 8 9 10 1
5 11 1 3 7 8 9 12 1.41421
5 11 1 3 7 8 9 13 1.41421
5 11 1 3 7 8 9 14 1
5 11 1 3 7 8 10 12 1
5 11 1 3 7 8 10 13 1
5 11 1 3 7 8 10 14 1
5 11 1 3 7 8 12 13 1.41421
5 11 1 3 7 8 12 14 1
5 11 1 3 7 8 13 14 1
5 11 1 3 7 9 10 12 1
5 11 1 3 7 9 10 13 0
5 11 1 3 7 9 10 14 1
5 11 1 3 7 9 12 13 1.73205
5 11 1 3 7 9 12 14 1.41421
5 11 1 3 7 9 13 14 1.41421
5 11 1 3 7 10 12 13 1
5 11 1 3 7 10 12 14 1
5 11 1 3 7 10 13 14 1
5 11 1 3 7 12 13 14 1.41421
5 11 1 3 8 9 10 12 1
5 11 1 3 8 9 10 13 0
5 11 1 3 8 9 10 14 1
5 11 1 3 8 9 12 13 1.41421
5 11 1 3 8 9 12 14 1
5 11 1 3 8 9 13 14 1
5 11 1 3 8 10 12 13 1
5 11 1 3 8 10 12 14 1
5 11 1 3 8 10 13 14 1
5 11 1 3 8 12 13 14 1
5 11 1 3 9 10 12 13 0
5 11 1 3 9 10 12 14 1
5 11 1 3 9 10 13 14 0
5 11 1 3 9 12 13 14 1.41421
5 11 1 3 10 12 13 14 1
5 11 1 4 6 7 8 9 1
5 11 1 4 6 7 8 10 1
5 11 1 4 6 7 8 12 1
5 11 1 4 6 7 8 13 1
5 11 1 4 6 7 8 14 1
5 11 1 4 6 7 9 10 1
5 11 1 4 6 7 9 12 1.41421
5 11 1 4 6 7 9 13 1.41421
5 11 1 4 6 7 9 14 1
5 11 1 4 6 7 10 12 1
5 11 1 4 6 7 10 13 1
5 11 1 4 6 7 10 14 1
5 11 1 4 6 7 12 13 1.41421
5 11 1 4 6 7 12 14 1
5 11 1 4 6 7 13 14 1
5 11 1 4 6 8 9 10 1.41421
5 11 1 4 6 8 9 12 1.41421
5 11 1 4 6 8 9 13 1.41421
5 11 1 4 6 8 9 14 1.41421
5 11 1 4 6 8 10 12 1.41421
5 11 1 4 6 8 10 13 1.41421
5 11 1 4 6 8 10 14 1.41421
5 11 1 4 6 8 12 13 1.41421
5 11 1 4 6 8 12 14 1.41421
5 11 1 4 6 8 13 14 1.41421
5 11 1 4 6 9 10 12 1.41421
5 11 1 4 6 9 10 13 1.41421
5 11 1 4 6 9 10 14 1.41421
5 11 1 4 6 9 12 13 1.41421
5 11 1 4 6 9 12 14 1.41421
5 11 1 4 6 9 13 14 1.41421
5 11 1 4 6 10 12 13 1.41421
5 11 1 4 6 10 12 14 1.41421
5 11 1 4 6 10 13 14 1.41421
5 11 1 4 6 12 13 14 1.41421
5 11 1 4 7 8 9 10 1
5 11 1 4 7 8 9 12 1
5 11 1 4 7 8 9 13 1
5 11 1 4 7 8 9 14 1
5 11 1 4 7 8 10 12 1
5 11 1 4 7 8 10 13 1
5 11 1 4 7 8 10 14 1
5 11 1 4 7 8 12 13 1
5 11 1 4 7 8 12 14 1
5 11 1 4 7 8 13 14 1
5 11 1 4 7 9 10 12 1
5 11 1 4 7 9 10 13 1
5 11 1 4 7 9 10 14 1
5 11 1 4 7 9 12 13 1.41421
5 11 1 4 7 9 12 14 1
5 11 1 4 7 9 13 14 1
5 11 1 4 7 10 12 13 1
5 11 1 4 7 10 12 14 1
5 11 1 4 7 10 13 14 1
5 11 1 4 7 12 13 14 1
5 11 1 4 8 9 10 12 1.41421
5 11 1 4 8 9 10 13 1.41421
5 11 1 4 8 9 10 14 1.41421
5 11 1 4 8 9 12 13 1.41421
5 11 1 4 8 9 12 14 1.41421
5 11 1 4 8 9 13 14 1.41421
5 11 1 4 8 10 12 13 1.41421
5 11 1 4 8 10 12 14 1.41421
5 11 1 4 8 10 13 14 1.41421
5 11 1 4 8 12 13 14 1.41421
5 11 1 4 9 10 12 13 1.41421
5 11 1 4 9 10 12 14 1.41421
5 11 1 4 9 10 13 14 1.41421
5 11 1 4 9 12 13 14 1.41421
5 11 1 4 10 12 13 14 1.41421
5 11 1 6 7 8 9 10 1
5 11 1 6 7 8 9 12 1.41421
5 11 1 6 7 8 9 13 1.41421
5 11 1 6 7 8 9 14 1
5 11 1 6 7 8 10 12 1
5 11 1 6 7 8 10 13 1
5 11 1 6 7 8 10 14 1
5 11 1 6 7 8 12 13 1.41421
5 11 1 6 7 8 12 14 1
5 11 1 6 7 8 13 14 1
5 11 1 6 7 9 10 12 1
5 11 1 6 7 9 10 13 1
5 11 1 6 7 9 10 14 1
5 11 1 6 7 9 12 13 1.73205
5 11 1 6 7 9 12 14 1.41421
5 11 1 6 7 9 13 14 1.41421
5 11 1 6 7 10 12 13 1
5 11 1 6 7 10 12 14 1
5 11 1 6 7 10 13 14 1
5 11 1 6 7 12 13 14 1.41421
5 11 1 6 8 9 10 12 1.41421
5 11 1 6 8 9 10 13 1.41421
5 11 1 6 8 9 10 14 1.41421
5 11 1 6 8 9 12 13 1.41421
5 11 1 6 8 9 12 14 1.41421
5 11 1 6 8 9 13 14 1.41421
5 11 1 6 8 10 12 13 1.41421
5 11 1 6 8 10 12 14 1.41421
5 11 1 6 8 10 13 14 1.41421
5 11 1 6 8 12 13 14 1.41421
5 11 1 6 9 10 12 13 1.41421
5 11 1 6 9 10 12 14 1.41421
5 11 1 6 9 10 13 14 1.41421
5 11 1 6 9 12 13 14 1.41421
5 11 1 6 10 12 13 14 1.41421
5 11 1 7 8 9 10 12 1
5 11 1 7 8 9 10 13 1
5 11 1 7 8 9 10 14 1
5 11 1 7 8 9 12 13 1.41421
5 11 1 7 8 9 12 14 1
5 11 1 7 8 9 13 14 1
5 11 1 7 8 10 12 13 1
5 11 1 7 8 10 12 14 1
5 11 1 7 8 10 13 14 1
5 11 1 7 8 12 13 14 1
5 11 1 7 9 10 12 13 1
5 11 1 7 9 10 12 14 1
5 11 1 7 9 10 13 14 1
5 11 1 7 9 12 13 14 1.41421
5 11 1 7 10 12 13 14 1
5 11 1 8 9 10 12 13 1.41421
5 11 1 8 9 10 12 14 1.41421
5 11 1 8 9 10 13 14 1.41421
5 11 1 8 9 12 13 14 1.41421
5 11 1 8 10 12 13 14 1.41421
5 11 1 9 10 12 13 14 1.41421
5 11 2 3 4 6 7 8 1.62019
5 11 2 3 4 6 7 9 2
5 11 2 3 4 6 7 10 1.85164
5 11 2 3 4 6 7 12 1.81265
5 11 2 3 4 6 7 13 1.73205
5 11 2 3 4 6 7 14 1.93309
5 11 2 3 4 6 8 9 1.85164
5 11 2 3 4 6 8 10 1.85164
5 11 2 3 4 6 8 12 1.62019
5 11 2 3 4 6 8 13 1.41421
5 11 2 3 4 6 8 14 1.85164
5 11 2 3 4 6 9 10 2.07802
5 11 2 3 4 6 9 12 2
5 11 2 3 4 6 9 13 1.90693
5 11 2 3 4 6 9 14 2.13809
5 11 2 3 4 6 10 12 1.85164
5 11 2 3 4 6 10 13 1.73205
5 11 2 3 4 6 10 14 2.07802
5 11 2 3 4 6 12 13 1.73205
5 11 2 3 4 6 12 14 1.93309
5 11 2 3 4 6 13 14 1.85164
5 11 2 3 4 7 8 9 1.62019
5 11 2 3 4 7 8 10 1.62019
5 11 2 3 4 7 8 12 1.41421
5 11 2 3 4 7 8 13 1
5 11 2 3 4 7 8 14 1.62019
5 11 2 3 4 7 9 10 1.85164
5 11 2 3 4 7 9 12 1.81265
5 11 2 3 4 7 9 13 1.73205
5 11 2 3 4 7 9 14 1.93309
5 11 2 3 4 7 10 12 1.62019
5 11 2 3 4 7 10 13 1.41421
5 11 2 3 4 7 10 14 1.85164
5 11 2 3 4 7 12 13 1.62019
5 11 2 3 4 7 12 14 1.73205
5 11 2 3 4 7 13 14 1.62019
5 11 2 3 4 8 9 10 1.85164
5 11 2 3 4 8 9 12 1.62019
5 11 2 3 4 8 9 13 1.41421
5 11 2 3 4 8 9 14 1.85164
5 11 2 3 4 8 10 12 1.62019
5 11 2 3 4 8 10 13 1.41421
5 11 2 3 4 8 10 14 1.85164
5 11 2 3 4 8 12 13 1
5 11 2 3 4 8 12 14 1.62019
5 11 2 3 4 8 13 14 1.41421
5 11 2 3 4 9 10 12 1.85164
5 11 2 3 4 9 10 13 1.73205
5 11 2 3 4 9 10 14 2.07802
5 11 2 3 4 9 12 13 1.73205
5 11 2 3 4 9 12 14 1.93309
5 11 2 3 4 9 13 14 1.85164
5 11 2 3 4 10 12 13 1.41421
5 11 2 3 4 10 12 14 1.85164
5 11 2 3 4 10 13 14 1.73205
5 11 2 3 4 12 13 14 1.62019
5 11 2 3 6 7 8 9 1.62019
5 11 2 3 6 7 8 10 1.62019
5 11 2 3 6 7 8 12 1.41421
5 11 2 3 6 7 8 13 1.41421
5 11 2 3 6 7 8 14 1.62019
5 11 2 3 6 7 9 10 1.85164
5 11 2 3 6 7 9 12 1.93309
5 11 2 3 6 7 9 13 1.90693
5 11 2 3 6 7 9 14 2
5 11 2 3 6 7 10 12 1.62019
5 11 2 3 6 7 10 13 1.41421
5 11 2 3 6 7 10 14 1.85164
5 11 2 3 6 7 12 13 1.85164
5 11 2 3 6 7 12 14 1.81265
5 11 2 3 6 7 13 14 1.73205
5 11 2 3 6 8 9 10 1.85164
5 11 2 3 6 8 9 12 1.62019
5 11 2 3 6 8 9 13 1.41421
5 11 2 3 6 8 9 14 1.85164
5 11 2 3 6 8 10 12 1.62019
5 11 2 3 6 8 10 13 1.41421
5 11 2 3 6 8 10 14 1.85164
5 11 2 3 6 8 12 13 1.41421
5 11 2 3 6 8 12 14 1.62019
5 11 2 3 6 8 13 14 1.41421
5 11 2 3 6 9 10 12 1.85164
5 11 2 3 6 9 10 13 1.73205
5 11 2 3 6 9 10 14 2.07802
5 11 2 3 6 9 12 13 1.90693
5 11 2 3 6 9 12 14 2
5 11 2 3 6 9 13 14 1.90693
5 11 2 3 6 10 12 13 1.41421
5 11 2 3 6 10 12 14 1.85164
5 11 2 3 6 10 13 14 1.73205
5 11 2 3 6 12 13 14 1.73205
5 11 2 3 7 8 9 10 1.62019
5 11 2 3 7 8 9 12 1.41421
5 11 2 3 7 8 9 13 1.41421
5 11 2 3 7 8 9 14 1.62019
5 11 2 3 7 8 10 12 1.41421
5 11 2 3 7 8 10 13 1
5 11 2 3 7 8 10 14 1.62019
5 11 2 3 7 8 12 13 1.41421
5 11 2 3 7 8 12 14 1.41421
5 11 2 3 7 8 13 14 1
5 11 2 3 7 9 10 12 1.62019
5 11 2 3 7 9 10 13 1.41421
5 11 2 3 7 9 10 14 1.85164
5 11 2 3 7 9 12 13 1.85164
5 11 2 3 7 9 12 14 1.81265
5 11 2 3 7 9 13 14 1.73205
5 11 2 3 7 10 12 13 1
5 11 2 3 7 10 12 14 1.62019
5 11 2 3 7 10 13 14 1.41421
5 11 2 3 7 12 13 14 1.62019
5 11 2 3 8 9 10 12 1.62019
5 11 2 3 8 9 10 13 1.41421
5 11 2 3 8 9 10 14 1.85164
5 11 2 3 8 9 12 13 1.41421
5 11 2 3 8 9 12 14 1.62019
5 11 2 3 8 9 13 14 1.41421
5 11 2 3 8 10 12 13 1
5 11 2 3 8 10 12 14 1.62019
5 11 2 3 8 10 13 14 1.41421
5 11 2 3 8 12 13 14 1
5 11 2 3 9 10 12 13 1.41421
5 11 2 3 9 10 12 14 1.85164
5 11 2 3 9 10 13 14 1.73205
5 11 2 3 9 12 13 14 1.73205
5 11 2 3 10 12 13 14 1.41421
5 11 2 4 6 7 8 9 1.62019
5 11 2 4 6 7 8 10 1.62019
5 11 2 4 6 7 8 12 1.41421
5 11 2 4 6 7 8 13 1
5 11 2 4 6 7 8 14 1.62019
5 11 2 4 6 7 9 10 1.85164
5 11 2 4 6 7 9 12 1.81265
5 11 2 4 6 7 9 13 1.73205
5 11 2 4 6 7 9 14 1.93309
5 11 2 4 6 7 10 12 1.62019
5 11 2 4 6 7 10 13 1.41421
5 11 2 4 6 7 10 14 1.85164
5 11 2 4 6 7 12 13 1.62019
5 11 2 4 6 7 12 14 1.73205
5 11 2 4 6 7 13 14 1.62019
5 11 2 4 6 8 9 10 1.93309
5 11 2 4 6 8 9 12 1.73205
5 11 2 4 6 8 9 13 1.62019
5 11 2 4 6 8 9 14 1.93309
5 11 2 4 6 8 10 12 1.73205
5 11 2 4 6 8 10 13 1.62019
5 11 2 4 6 8 10 14 1.93309
5 11 2 4 6 8 12 13 1.41421
5 11 2 4 6 8 12 14 1.73205
5 11 2 4 6 8 13 14 1.62019
5 11 2 4 6 9 10 12 1.93309
5 11 2 4 6 9 10 13 1.85164
5 11 2 4 6 9 10 14 2.13809
5 11 2 4 6 9 12 13 1.81265
5 11 2 4 6 9 12 14 2
5 11 2 4 6 9 13 14 1.93309
5 11 2 4 6 10 12 13 1.62019
5 11 2 4 6 10 12 14 1.93309
5 11 2 4 6 10 13 14 1.85164
5 11 2 4 6 12 13 14 1.73205
5 11 2 4 7 8 9 10 1.62019
5 11 2 4 7 8 9 12 1.41421
5 11 2 4 7 8 9 13 1
5 11 2 4 7 8 9 14 1.62019
5 11 2 4 7 8 10 12 1.41421
5 11 2 4 7 8 10 13 1
5 11 2 4 7 8 10 14 1.62019
5 11 2 4 7 8 12 13 1
5 11 2 4 7 8 12 14 1.41421
5 11 2 4 7 8 13 14 1
5 11 2 4 7 9 10 12 1.62019
5 11 2 4 7 9 10 13 1.41421
5 11 2 4 7 9 10 14 1.85164
5 11 2 4 7 9 12 13 1.62019
5 11 2 4 7 9 12 14 1.73205
5 11 2 4 7 9 13 14 1.62019
5 11 2 4 7 10 12 13 1
5 11 2 4 7 10 12 14 1.62019
5 11 2 4 7 10 13 14 1.41421
5 11 2 4 7 12 13 14 1.41421
5 11 2 4 8 9 10 12 1.73205
5 11 2 4 8 9 10 13 1.62019
5 11 2 4 8 9 10 14 1.93309
5 11 2 4 8 9 12 13 1.41421
5 11 2 4 8 9 12 14 1.73205
5 11 2 4 8 9 13 14 1.62019
5 11 2 4 8 10 12 13 1.41421
5 11 2 4 8 10 12 14 1.73205
5 11 2 4 8 10 13 14 1.62019
5 11 2 4 8 12 13 14 1.41421
5 11 2 4 9 10 12 13 1.62019
5 11 2 4 9 10 12 14 1.93309
5 11 2 4 9 10 13 14 1.85164
5 11 2 4 9 12 13 14 1.73205
5 11 2 4 10 12 13 14 1.62019
5 11 2 6 7 8 9 10 1.62019
5 11 2 6 7 8 9 12 1.41421
5 11 2 6 7 8 9 13 1.41421
5 11 2 6 7 8 9 14 1.62019
5 11 2 6 7 8 10 12 1.41421
5 11 2 6 7 8 10 13 1
5 11 2 6 7 8 10 14 1.62019
5 11 2 6 7 8 12 13 1.41421
5 11 2 6 7 8 12 14 1.41421
5 11 2 6 7 8 13 14 1
5 11 2 6 7 9 10 12 1.62019
5 11 2 6 7 9 10 13 1.41421
5 11 2 6 7 9 10 14 1.85164
5 11 2 6 7 9 12 13 1.85164
5 11 2 6 7 9 12 14 1.81265
5 11 2 6 7 9 13 14 1.73205
5 11 2 6 7 10 12 13 1
5 11 2 6 7 10 12 14 1.62019
5 11 2 6 7 10 13 14 1.41421
5 11 2 6 7 12 13 14 1.62019
5 11 2 6 8 9 10 12 1.73205
5 11 2 6 8 9 10 13 1.62019
5 11 2 6 8 9 10 14 1.93309
5 11 2 6 8 9 12 13 1.41421
5 11 2 6 8 9 12 14 1.73205
5 11 2 6 8 9 13 14 1.62019
5 11 2 6 8 10 12 13 1.41421
5 11 2 6 8 10 12 14 1.73205
5 11 2 6 8 10 13 14 1.62019
5 11 2 6 8 12 13 14 1.41421
5 11 2 6 9 10 12 13 1.62019
5 11 2 6 9 10 12 14 1.93309
5 11 2 6 9 10 13 14 1.85164
5 11 2 6 9 12 13 14 1.81265
5 11 2 6 10 12 13 14 1.62019
5 11 2 7 8 9 10 12 1.41421
5 11 2 7 8 9 10 13 1
5 11 2 7 8 9 10 14 1.62019
5 11 2 7 8 9 12 13 1.41421
5 11 2 7 8 9 12 14 1.41421
5 11 2 7 8 9 13 14 1
5 11 2 7 8 10 12 13 1
5 11 2 7 8 10 12 14 1.41421
5 11 2 7 8 10 13 14 1
5 11 2 7 8 12 13 14 1
5 11 2 7 9 10 12 13 1
5 11 2 7 9 10 12 14 1.62019
5 11 2 7 9 10 13 14 1.41421
5 11 2 7 9 12 13 14 1.62019
5 11 2 7 10 12 13 14 1
5 11 2 8 9 10 12 13 1.41421
5 11 2 8 9 10 12 14 1.73205
5 11 2 8 9 10 13 14 1.62019
5 11 2 8 9 12 13 14 1.41421
5 11 2 8 10 12 13 14 1.41421
5 11 2 9 10 12 13 14 1.62019
5 11 3 4 6 7 8 9 1.85164
5 11 3 4 6 7 8 10 1.85164
5 11 3 4 6 7 8 12 1.62019
5 11 3 4 6 7 8 13 1.41421
5 11 3 4 6 7 8 14 1.85164
5 11 3 4 6 7 9 10 2.07802
5 11 3 4 6 7 9 12 2
5 11 3 4 6 7 9 13 1.90693
5 11 3 4 6 7 9 14 2.13809
5 11 3 4 6 7 10 12 1.85164
5 11 3 4 6 7 10 13 1.73205
5 11 3 4 6 7 10 14 2.07802
5 11 3 4 6 7 12 13 1.73205
5 11 3 4 6 7 12 14 1.93309
5 11 3 4 6 7 13 14 1.85164
5 11 3 4 6 8 9 10 2.07802
5 11 3 4 6 8 9 12 1.85164
5 11 3 4 6 8 9 13 1.73205
5 11 3 4 6 8 9 14 2.07802
5 11 3 4 6 8 10 12 1.85164
5 11 3 4 6 8 10 13 1.73205
5 11 3 4 6 8 10 14 2.07802
5 11 3 4 6 8 12 13 1.41421
5 11 3 4 6 8 12 14 1.85164
5 11 3 4 6 8 13 14 1.73205
5 11 3 4 6 9 10 12 2.07802
5 11 3 4 6 9 10 13 2
5 11 3 4 6 9 10 14 2.29129
5 11 3 4 6 9 12 13 1.90693
5 11 3 4 6 9 12 14 2.13809
5 11 3 4 6 9 13 14 2.07802
5 11 3 4 6 10 12 13 1.73205
5 11 3 4 6 10 12 14 2.07802
5 11 3 4 6 10 13 14 2
5 11 3 4 6 12 13 14 1.85164
5 11 3 4 7 8 9 10 1.85164
5 11 3 4 7 8 9 12 1.62019
5 11 3 4 7 8 9 13 1.41421
5 11 3 4 7 8 9 14 1.85164
5 11 3 4 7 8 10 12 1.62019
5 11 3 4 7 8 10 13 1.41421
5 11 3 4 7 8 10 14 1.85164
5 11 3 4 7 8 12 13 1
5 11 3 4 7 8 12 14 1.62019
5 11 3 4 7 8 13 14 1.41421
5 11 3 4 7 9 10 12 1.85164
5 11 3 4 7 9 10 13 1.73205
5 11 3 4 7 9 10 14 2.07802
5 11 3 4 7 9 12 13 1.73205
5 11 3 4 7 9 12 14 1.93309
5 11 3 4 7 9 13 14 1.85164
5 11 3 4 7 10 12 13 1.41421
5 11 3 4 7 10 12 14 1.85164
5 11 3 4 7 10 13 14 1.73205
5 11 3 4 7 12 13 14 1.62019
5 11 3 4 8 9 10 12 1.85164
5 11 3 4 8 9 10 13 1.73205
5 11 3 4 8 9 10 14 2.07802
5 11 3 4 8 9 12 13 1.41421
5 11 3 4 8 9 12 14 1.85164
5 11 3 4 8 9 13 14 1.73205
5 11 3 4 8 10 12 13 1.41421
5 11 3 4 8 10 12 14 1.85164
5 11 3 4 8 10 13 14 1.73205
5 11 3 4 8 12 13 14 1.41421
5 11 3 4 9 10 12 13 1.73205
5 11 3 4 9 10 12 14 2.07802
5 11 3 4 9 10 13 14 2
5 11 3 4 9 12 13 14 1.85164
5 11 3 4 10 12 13 14 1.73205
5 11 3 6 7 8 9 10 1.85164
5 11 3 6 7 8 9 12 1.62019
5 11 3 6 7 8 9 13 1.41421
5 11 3 6 7 8 9 14 1.85164
5 11 3 6 7 8 10 12 1.62019
5 11 3 6 7 8 10 13 1.41421
5 11 3 6 7 8 10 14 1.85164
5 11 3 6 7 8 12 13 1.41421
5 11 3 6 7 8 12 14 1.62019
5 11 3 6 7 8 13 14 1.41421
5 11 3 6 7 9 10 12 1.85164
5 11 3 6 7 9 10 13 1.73205
5 11 3 6 7 9 10 14 2.07802
5 11 3 6 7 9 12 13 1.90693
5 11 3 6 7 9 12 14 2
5 11 3 6 7 9 13 14 1.90693
5 11 3 6 7 10 12 13 1.41421
5 11 3 6 7 10 12 14 1.85164
5 11 3 6 7 10 13 14 1.73205
5 11 3 6 7 12 13 14 1.73205
5 11 3 6 8 9 10 12 1.85164
5 11 3 6 8 9 10 13 1.73205
5 11 3 6 8 9 10 14 2.07802
5 11 3 6 8 9 12 13 1.41421
5 11 3 6 8 9 12 14 1.85164
5 11 3 6 8 9 13 14 1.73205
5 11 3 6 8 10 12 13 1.41421
5 11 3 6 8 10 12 14 1.85164
5 11 3 6 8 10 13 14 1.73205
5 11 3 6 8 12 13 14 1.41421
5 11 3 6 9 10 12 13 1.73205
5 11 3 6 9 10 12 14 2.07802
5 11 3 6 9 10 13 14 2
5 11 3 6 9 12 13 14 1.90693
5 11 3 6 10 12 13 14 1.73205
5 11 3 7 8 9 10 12 1.62019
5 11 3 7 8 9 10 13 1.41421
5 11 3 7 8 9 10 14 1.85164
5 11 3 7 8 9 12 13 1.41421
5 11 3 7 8 9 12 14 1.62019
5 11 3 7 8 9 13 14 1.41421
5 11 3 7 8 10 12 13 1
5 11 3 7 8 10 12 14 1.62019
5 11 3 7 8 10 13 14 1.41421
5 11 3 7 8 12 13 14 1
5 11 3 7 9 10 12 13 1.41421
5 11 3 7 9 10 12 14 1.85164
5 11 3 7 9 10 13 14 1.73205
5 11 3 7 9 12 13 14 1.73205
5 11 3 7 10 12 13 14 1.41421
5 11 3 8 9 10 12 13 1.41421
5 11 3 8 9 10 12 14 1.85164
5 11 3 8 9 10 13 14 1.73205
5 11 3 8 9 12 13 14 1.41421
5 11 3 8 10 12 13 14 1.41421
5 11 3 9 10 12 13 14 1.73205
5 11 4 6 7 8 9 10 1.93309
5 11 4 6 7 8 9 12 1.73205
5 11 4 6 7 8 9 13 1.62019
5 11 4 6 7 8 9 14 1.93309
5 11 4 6 7 8 10 12 1.73205
5 11 4 6 7 8 10 13 1.62019
5 11 4 6 7 8 10 14 1.93309
5 11 4 6 7 8 12 13 1.41421
5 11 4 6 7 8 12 14 1.73205
5 11 4 6 7 8 13 14 1.62019
5 11 4 6 7 9 10 12 1.93309
5 11 4 6 7 9 10 13 1.85164
5 11 4 6 7 9 10 14 2.13809
5 11 4 6 7 9 12 13 1.81265
5 11 4 6 7 9 12 14 2
5 11 4 6 7 9 13 14 1.93309
5 11 4 6 7 10 12 13 1.62019
5 11 4 6 7 10 12 14 1.93309
5 11 4 6 7 10 13 14 1.85164
5 11 4 6 7 12 13 14 1.73205
5 11 4 6 8 9 10 12 2.16025
5 11 4 6 8 9 10 13 2.13664
5 11 4 6 8 9 10 14 2.32266
5 11 4 6 8 9 12 13 2
5 11 4 6 8 9 12 14 2.16025
5 11 4 6 8 9 13 14 2.13664
5 11 4 6 8 10 12 13 2
5 11 4 6 8 10 12 14 2.16025
5 11 4 6 8 10 13 14 2.13664
5 11 4 6 8 12 13 14 2
5 11 4 6 9 10 12 13 2.13664
5 11 4 6 9 10 12 14 2.32266
5 11 4 6 9 10 13 14 2.28709
5 11 4 6 9 12 13 14 2.16025
5 11 4 6 10 12 13 14 2.13664
5 11 4 7 8 9 10 12 1.73205
5 11 4 7 8 9 10 13 1.62019
5 11 4 7 8 9 10 14 1.93309
5 11 4 7 8 9 12 13 1.41421
5 11 4 7 8 9 12 14 1.73205
5 11 4 7 8 9 13 14 1.62019
5 11 4 7 8 10 12 13 1.41421
5 11 4 7 8 10 12 14 1.73205
5 11 4 7 8 10 13 14 1.62019
5 11 4 7 8 12 13 14 1.41421
5 11 4 7 9 10 12 13 1.62019
5 11 4 7 9 10 12 14 1.93309
5 11 4 7 9 10 13 14 1.85164
5 11 4 7 9 12 13 14 1.73205
5 11 4 7 10 12 13 14 1.62019
5 11 4 8 9 10 12 13 2
5 11 4 8 9 10 12 14 2.16025
5 11 4 8 9 10 13 14 2.13664
5 11 4 8 9 12 13 14 2
5 11 4 8 10 12 13 14 2
5 11 4 9 10 12 13 14 2.13664
5 11 6 7 8 9 10 12 1.73205
5 11 6 7 8 9 10 13 1.62019
5 11 6 7 8 9 10 14 1.93309
5 11 6 7 8 9 12 13 1.41421
5 11 6 7 8 9 12 14 1.73205
5 11 6 7 8 9 13 14 1.62019
5 11 6 7 8 10 12 13 1.41421
5 11 6 7 8 10 12 14 1.73205
5 11 6 7 8 10 13 14 1.62019
5 11 6 7 8 12 13 14 1.41421
5 11 6 7 9 10 12 13 1.62019
5 11 6 7 9 10 12 14 1.93309
5 11 6 7 9 10 13 14 1.85164
5 11 6 7 9 12 13 14 1.81265
5 11 6 7 10 12 13 14 1.62019
5 11 6 8 9 10 12 13 2
5 11 6 8 9 10 12 14 2.16025
5 11 6 8 9 10 13 14 2.13664
5 11 6 8 9 12 13 14 2
5 11 6 8 10 12 13 14 2
5 11 6 9 10 12 13 14 2.13664
5 11 7 8 9 10 12 13 1.41421
5 11 7 8 9 10 12 14 1.73205
5 11 7 8 9 10 13 14 1.62019
5 11 7 8 9 12 13 14 1.41421
5 11 7 8 10 12 13 14 1.41421
5 11 7 9 10 12 13 14 1.62019
5 11 8 9 10 12 13 14 2
