6 11 0 1 2 3 4 5 7 8 9 10 12 0
6 11 0 1 2 3 4 5 7 8 9 10 13 0
6 11 0 1 2 3 4 5 7 8 9 10 14 0
6 11 0 1 2 3 4 5 7 8 9 12 13 1
6 11 0 1 2 3 4 5 7 8 9 12 14 0
6 11 0 1 2 3 4 5 7 8 9 13 14 0
6 11 0 1 2 3 4 5 7 8 10 12 13 0
6 11 0 1 2 3 4 5 7 8 10 12 14 0
6 11 0 1 2 3 4 5 7 8 10 13 14 0
6 11 0 1 2 3 4 5 7 8 12 13 14 0
6 11 0 1 2 3 4 5 7 9 10 12 13 0
6 11 0 1 2 3 4 5 7 9 10 12 14 0
6 11 0 1 2 3 4 5 7 9 10 13 14 0
6 11 0 1 2 3 4 5 7 9 12 13 14 1
6 11 0 1 2 3 4 5 7 10 12 13 14 0
6 11 0 1 2 3 4 5 8 9 10 12 13 0
6 11 0 1 2 3 4 5 8 9 10 12 14 0
6 11 0 1 2 3 4 5 8 9 10 13 14 0
6 11 0 1 2 3 4 5 8 9 12 13 14 0
6 11 0 1 2 3 4 5 8 10 12 13 14 0
6 11 0 1 2 3 4 5 9 10 12 13 14 0
6 11 0 1 2 3 4 7 8 9 10 12 13 0
6 11 0 1 2 3 4 7 8 9 10 12 14 0
6 11 0 1 2 3 4 7 8 9 10 13 14 0
6 11 0 1 2 3 4 7 8 9 12 13 14 0
6 11 0 1 2 3 4 7 8 10 12 13 14 0
6 11 0 1 2 3 4 7 9 10 12 13 14 0
6 11 0 1 2 3 4 8 9 10 12 13 14 1
6 11 0 1 2 3 5 7 8 9 10 12 13 0
6 11 0 1 2 3 5 7 8 9 10 12 14 0
6 11 0 1 2 3 5 7 8 9 10 13 14 0
6 11 0 1 2 3 5 7 8 9 12 13 14 1
6 11 0 1 2 3 5 7 8 10 12 13 14 0
6 11 0 1 2 3 5 7 9 10 12 13 14 0
6 11 0 1 2 3 5 8 9 10 12 13 14 0
6 11 0 1 2 3 7 8 9 10 12 13 14 1
6 11 0 1 2 4 5 7 8 9 10 12 13 0
6 11 0 1 2 4 5 7 8 9 10 12 14 0
6 11 0 1 2 4 5 7 8 9 10 13 14 0
6 11 0 1 2 4 5 7 8 9 12 13 14 0
6 11 0 1 2 4 5 7 8 10 12 13 14 0
6 11 0 1 2 4 5 7 9 10 12 13 14 0
6 11 0 1 2 4 5 8 9 10 12 13 14 1
6 11 0 1 2 4 7 8 9 10 12 13 14 0
6 11 0 1 2 5 7 8 9 10 12 13 14 0
6 11 0 1 3 4 5 7 8 9 10 12 13 0
6 11 0 1 3 4 5 7 8 9 10 12 14 0
6 11 0 1 3 4 5 7 8 9 10 13 14 0
6 11 0 1 3 4 5 7 8 9 12 13 14 0
6 11 0 1 3 4 5 7 8 10 12 13 14 0
6 11 0 1 3 4 5 7 9 10 12 13 14 0
6 11 0 1 3 4 5 8 9 10 12 13 14 0
6 11 0 1 3 4 7 8 9 10 12 13 14 1
6 11 0 1 3 5 7 8 9 10 12 13 14 0
6 11 0 1 4 5 7 8 9 10 12 13 14 1
6 11 0 2 3 4 5 7 8 9 10 12 13 0
6 11 0 2 3 4 5 7 8 9 10 12 14 1
6 11 0 2 3 4 5 7 8 9 10 13 14 1
6 11 0 2 3 4 5 7 8 9 12 13 14 0
6 11 0 2 3 4 5 7 8 10 12 13 14 0
6 11 0 2 3 4 5 7 9 10 12 13 14 1
6 11 0 2 3 4 5 8 9 10 12 13 14 1
6 11 0 2 3 4 7 8 9 10 12 13 14 0
6 11 0 2 3 5 7 8 9 10 12 13 14 0
6 11 0 2 4 5 7 8 9 10 12 13 14 0
6 11 0 3 4 5 7 8 9 10 12 13 14 1
6 11 1 2 3 4 5 7 8 9 10 12 13 0
6 11 1 2 3 4 5 7 8 9 10 12 14 1
6 11 1 2 3 4 5 7 8 9 10 13 14 0
6 11 1 2 3 4 5 7 8 9 12 13 14 0
6 11 1 2 3 4 5 7 8 10 12 13 14 0
6 11 1 2 3 4 5 7 9 10 12 13 14 0
6 11 1 2 3 4 5 8 9 10 12 13 14 0
6 11 1 2 3 4 7 8 9 10 12 13 14 0
6 11 1 2 3 5 7 8 9 10 12 13 14 0
6 11 1 2 4 5 7 8 9 10 12 13 14 0
6 11 1 3 4 5 7 8 9 10 12 13 14 0
6 11 2 3 4 5 7 8 9 10 12 13 14 0
