6 11 0 1 2 3 1.90693
6 11 0 1 2 4 1.41421
6 11 0 1 2 5 1.73205
6 11 0 1 2 7 1.85164
6 11 0 1 2 8 1.81265
6 11 0 1 2 9 1.93309
6 11 0 1 2 10 1.62019
6 11 0 1 2 12 1.93309
6 11 0 1 2 13 1.93309
6 11 0 1 2 14 1.81265
6 11 0 1 3 4 1.41421
6 11 0 1 3 5 1.73205
6 11 0 1 3 7 1.90693
6 11 0 1 3 8 1.90693
6 11 0 1 3 9 2
6 11 0 1 3 10 1.73205
6 11 0 1 3 12 2
6 11 0 1 3 13 2
6 11 0 1 3 14 1.90693
6 11 0 1 4 5 1.41421
6 11 0 1 4 7 1.41421
6 11 0 1 4 8 2
6 11 0 1 4 9 2
6 11 0 1 4 10 2
6 11 0 1 4 12 2
6 11 0 1 4 13 2
6 11 0 1 4 14 2
6 11 0 1 5 7 1.73205
6 11 0 1 5 8 1.41421
6 11 0 1 5 9 1.73205
6 11 0 1 5 10 1.41421
6 11 0 1 5 12 1.73205
6 11 0 1 5 13 1.73205
6 11 0 1 5 14 1.41421
6 11 0 1 7 8 1.81265
6 11 0 1 7 9 1.93309
6 11 0 1 7 10 1.62019
6 11 0 1 7 12 1.93309
6 11 0 1 7 13 1.93309
6 11 0 1 7 14 1.81265
6 11 0 1 8 9 2.19089
6 11 0 1 8 10 2.13664
6 11 0 1 8 12 2.19089
6 11 0 1 8 13 2.19089
6 11 0 1 8 14 2.16025
6 11 0 1 9 10 2.13664
6 11 0 1 9 12 2.23607
6 11 0 1 9 13 2.23607
6 11 0 1 9 14 2.19089
6 11 0 1 10 12 2.13664
6 11 0 1 10 13 2.13664
6 11 0 1 10 14 2.13664
6 11 0 1 12 13 2.23607
6 11 0 1 12 14 2.19089
6 11 0 1 13 14 2.19089
6 11 0 2 3 4 2.16556
6 11 0 2 3 5 2.15297
6 11 0 2 3 7 2.04939
6 11 0 2 3 8 1.96214
6 11 0 2 3 9 2.27913
6 11 0 2 3 10 2.10357
6 11 0 2 3 12 2.16025
6 11 0 2 3 13 2.16025
6 11 0 2 3 14 2.24038
6 11 0 2 4 5 2.16556
6 11 0 2 4 7 1.90693
6 11 0 2 4 8 2.00294
6 11 0 2 4 9 2.23846
6 11 0 2 4 10 2.17945
6 11 0 2 4 12 2.08167
6 11 0 2 4 13 2.08167
6 11 0 2 4 14 2.22354
6 11 0 2 5 7 2
6 11 0 2 5 8 1.85164
6 11 0 2 5 9 2.19034
6 11 0 2 5 10 2.07802
6 11 0 2 5 12 2.04939
6 11 0 2 5 13 2.04939
6 11 0 2 5 14 2.16556
6 11 0 2 7 8 1.62019
6 11 0 2 7 9 2.04939
6 11 0 2 7 10 1.73205
6 11 0 2 7 12 2
6 11 0 2 7 13 2
6 11 0 2 7 14 1.93309
6 11 0 2 8 9 2.09069
6 11 0 2 8 10 2.04939
6 11 0 2 8 12 2
6 11 0 2 8 13 2
6 11 0 2 8 14 2.08167
6 11 0 2 9 10 2.21037
6 11 0 2 9 12 2.2563
6 11 0 2 9 13 2.2563
6 11 0 2 9 14 2.31349
6 11 0 2 10 12 2.04939
6 11 0 2 10 13 2.04939
6 11 0 2 10 14 2.21037
6 11 0 2 12 13 2.173
6 11 0 2 12 14 2.19745
6 11 0 2 13 14 2.19745
6 11 0 3 4 5 2.29907
6 11 0 3 4 7 2.16556
6 11 0 3 4 8 2.28709
6 11 0 3 4 9 2.49313
6 11 0 3 4 10 2.44831
6 11 0 3 4 12 2.33699
6 11 0 3 4 13 2.33699
6 11 0 3 4 14 2.48193
6 11 0 3 5 7 2.15297
6 11 0 3 5 8 2
6 11 0 3 5 9 2.32279
6 11 0 3 5 10 2.23607
6 11 0 3 5 12 2.15297
6 11 0 3 5 13 2.15297
6 11 0 3 5 14 2.29907
6 11 0 3 7 8 1.96214
6 11 0 3 7 9 2.27913
6 11 0 3 7 10 2.10357
6 11 0 3 7 12 2.16025
6 11 0 3 7 13 2.16025
6 11 0 3 7 14 2.24038
6 11 0 3 8 9 2.389
6 11 0 3 8 10 2.35488
6 11 0 3 8 12 2.28446
6 11 0 3 8 13 2.28446
6 11 0 3 8 14 2.37697
6 11 0 3 9 10 2.49516
6 11 0 3 9 12 2.50333
6 11 0 3 9 13 2.50333
6 11 0 3 9 14 2.58404
6 11 0 3 10 12 2.35488
6 11 0 3 10 13 2.35488
6 11 0 3 10 14 2.49516
6 11 0 3 12 13 2.44949
6 11 0 3 12 14 2.46311
6 11 0 3 13 14 2.46311
6 11 0 4 5 7 2.16556
6 11 0 4 5 8 2.28709
6 11 0 4 5 9 2.49313
6 11 0 4 5 10 2.44831
6 11 0 4 5 12 2.33699
6 11 0 4 5 13 2.33699
6 11 0 4 5 14 2.48193
6 11 0 4 7 8 2.00294
6 11 0 4 7 9 2.23846
6 11 0 4 7 10 2.17945
6 11 0 4 7 12 2.08167
6 11 0 4 7 13 2.08167
6 11 0 4 7 14 2.22354
6 11 0 4 8 9 2.61406
6 11 0 4 8 10 2.61406
6 11 0 4 8 12 2.52543
6 11 0 4 8 13 2.52543
6 11 0 4 8 14 2.61406
6 11 0 4 9 10 2.71343
6 11 0 4 9 12 2.62202
6 11 0 4 9 13 2.62202
6 11 0 4 9 14 2.72385
6 11 0 4 10 12 2.61406
6 11 0 4 10 13 2.61406
6 11 0 4 10 14 2.71343
6 11 0 4 12 13 2.53899
6 11 0 4 12 14 2.62216
6 11 0 4 13 14 2.62216
6 11 0 5 7 8 1.85164
6 11 0 5 7 9 2.19034
6 11 0 5 7 10 2.07802
6 11 0 5 7 12 2.04939
6 11 0 5 7 13 2.04939
6 11 0 5 7 14 2.16556
6 11 0 5 8 9 2.28709
6 11 0 5 8 10 2.28709
6 11 0 5 8 12 2.13664
6 11 0 5 8 13 2.13664
6 11 0 5 8 14 2.28709
6 11 0 5 9 10 2.44831
6 11 0 5 9 12 2.39046
6 11 0 5 9 13 2.39046
6 11 0 5 9 14 2.49313
6 11 0 5 10 12 2.28709
6 11 0 5 10 13 2.28709
6 11 0 5 10 14 2.44831
6 11 0 5 12 13 2.23607
6 11 0 5 12 14 2.33699
6 11 0 5 13 14 2.33699
6 11 0 7 8 9 2.09069
6 11 0 7 8 10 2.04939
6 11 0 7 8 12 2
6 11 0 7 8 13 2
6 11 0 7 8 14 2.08167
6 11 0 7 9 10 2.21037
6 11 0 7 9 12 2.2563
6 11 0 7 9 13 2.2563
6 11 0 7 9 14 2.31349
6 11 0 7 10 12 2.04939
6 11 0 7 10 13 2.04939
6 11 0 7 10 14 2.21037
6 11 0 7 12 13 2.173
6 11 0 7 12 14 2.19745
6 11 0 7 13 14 2.19745
6 11 0 8 9 10 2.66231
6 11 0 8 9 12 2.64575
6 11 0 8 9 13 2.64575
6 11 0 8 9 14 2.67435
6 11 0 8 10 12 2.58844
6 11 0 8 10 13 2.58844
6 11 0 8 10 14 2.66231
6 11 0 8 12 13 2.53899
6 11 0 8 12 14 2.60419
6 11 0 8 13 14 2.60419
6 11 0 9 10 12 2.66231
6 11 0 9 10 13 2.66231
6 11 0 9 10 14 2.75936
6 11 0 9 12 13 2.68949
6 11 0 9 12 14 2.72279
6 11 0 9 13 14 2.72279
6 11 0 10 12 13 2.58844
6 11 0 10 12 14 2.66231
6 11 0 10 13 14 2.66231
6 11 0 12 13 14 2.65875
6 11 1 2 3 4 1.41421
6 11 1 2 3 5 1.73205
6 11 1 2 3 7 1.85164
6 11 1 2 3 8 1.73205
6 11 1 2 3 9 1.90693
6 11 1 2 3 10 1.41421
6 11 1 2 3 12 1.90693
6 11 1 2 3 13 1.90693
6 11 1 2 3 14 1.73205
6 11 1 2 4 5 1.41421
6 11 1 2 4 7 1.41421
6 11 1 2 4 8 1.41421
6 11 1 2 4 9 1.41421
6 11 1 2 4 10 1.41421
6 11 1 2 4 12 1.41421
6 11 1 2 4 13 1.41421
6 11 1 2 4 14 1.41421
6 11 1 2 5 7 1.73205
6 11 1 2 5 8 1.41421
6 11 1 2 5 9 1.73205
6 11 1 2 5 10 1
6 11 1 2 5 12 1.73205
6 11 1 2 5 13 1.73205
6 11 1 2 5 14 1.41421
6 11 1 2 7 8 1.62019
6 11 1 2 7 9 1.85164
6 11 1 2 7 10 1
6 11 1 2 7 12 1.85164
6 11 1 2 7 13 1.85164
6 11 1 2 7 14 1.62019
6 11 1 2 8 9 1.81265
6 11 1 2 8 10 1.62019
6 11 1 2 8 12 1.81265
6 11 1 2 8 13 1.81265
6 11 1 2 8 14 1.73205
6 11 1 2 9 10 1.62019
6 11 1 2 9 12 1.93309
6 11 1 2 9 13 1.93309
6 11 1 2 9 14 1.81265
6 11 1 2 10 12 1.62019
6 11 1 2 10 13 1.62019
6 11 1 2 10 14 1.62019
6 11 1 2 12 13 1.93309
6 11 1 2 12 14 1.81265
6 11 1 2 13 14 1.81265
6 11 1 3 4 5 1.41421
6 11 1 3 4 7 1.41421
6 11 1 3 4 8 1.41421
6 11 1 3 4 9 1.41421
6 11 1 3 4 10 1.41421
6 11 1 3 4 12 1.41421
6 11 1 3 4 13 1.41421
6 11 1 3 4 14 1.41421
6 11 1 3 5 7 1.73205
6 11 1 3 5 8 1.41421
6 11 1 3 5 9 1.73205
6 11 1 3 5 10 1
6 11 1 3 5 12 1.73205
6 11 1 3 5 13 1.73205
6 11 1 3 5 14 1.41421
6 11 1 3 7 8 1.73205
6 11 1 3 7 9 1.90693
6 11 1 3 7 10 1.41421
6 11 1 3 7 12 1.90693
6 11 1 3 7 13 1.90693
6 11 1 3 7 14 1.73205
6 11 1 3 8 9 1.90693
6 11 1 3 8 10 1.73205
6 11 1 3 8 12 1.90693
6 11 1 3 8 13 1.90693
6 11 1 3 8 14 1.85164
6 11 1 3 9 10 1.73205
6 11 1 3 9 12 2
6 11 1 3 9 13 2
6 11 1 3 9 14 1.90693
6 11 1 3 10 12 1.73205
6 11 1 3 10 13 1.73205
6 11 1 3 10 14 1.73205
6 11 1 3 12 13 2
6 11 1 3 12 14 1.90693
6 11 1 3 13 14 1.90693
6 11 1 4 5 7 1.41421
6 11 1 4 5 8 1.41421
6 11 1 4 5 9 1.41421
6 11 1 4 5 10 1.41421
6 11 1 4 5 12 1.41421
6 11 1 4 5 13 1.41421
6 11 1 4 5 14 1.41421
6 11 1 4 7 8 1.41421
6 11 1 4 7 9 1.41421
6 11 1 4 7 10 1.41421
6 11 1 4 7 12 1.41421
6 11 1 4 7 13 1.41421
6 11 1 4 7 14 1.41421
6 11 1 4 8 9 2
6 11 1 4 8 10 2
6 11 1 4 8 12 2
6 11 1 4 8 13 2
6 11 1 4 8 14 2
6 11 1 4 9 10 2
6 11 1 4 9 12 2
6 11 1 4 9 13 2
6 11 1 4 9 14 2
6 11 1 4 10 12 2
6 11 1 4 10 13 2
6 11 1 4 10 14 2
6 11 1 4 12 13 2
6 11 1 4 12 14 2
6 11 1 4 13 14 2
6 11 1 5 7 8 1.41421
6 11 1 5 7 9 1.73205
6 11 1 5 7 10 1
6 11 1 5 7 12 1.73205
6 11 1 5 7 13 1.73205
6 11 1 5 7 14 1.41421
6 11 1 5 8 9 1.41421
6 11 1 5 8 10 1.41421
6 11 1 5 8 12 1.41421
6 11 1 5 8 13 1.41421
6 11 1 5 8 14 1.41421
6 11 1 5 9 10 1.41421
6 11 1 5 9 12 1.73205
6 11 1 5 9 13 1.73205
6 11 1 5 9 14 1.41421
6 11 1 5 10 12 1.41421
6 11 1 5 10 13 1.41421
6 11 1 5 10 14 1.41421
6 11 1 5 12 13 1.73205
6 11 1 5 12 14 1.41421
6 11 1 5 13 14 1.41421
6 11 1 7 8 9 1.81265
6 11 1 7 8 10 1.62019
6 11 1 7 8 12 1.81265
6 11 1 7 8 13 1.81265
6 11 1 7 8 14 1.73205
6 11 1 7 9 10 1.62019
6 11 1 7 9 12 1.93309
6 11 1 7 9 13 1.93309
6 11 1 7 9 14 1.81265
6 11 1 7 10 12 1.62019
6 11 1 7 10 13 1.62019
6 11 1 7 10 14 1.62019
6 11 1 7 12 13 1.93309
6 11 1 7 12 14 1.81265
6 11 1 7 13 14 1.81265
6 11 1 8 9 10 2.13664
6 11 1 8 9 12 2.19089
6 11 1 8 9 13 2.19089
6 11 1 8 9 14 2.16025
6 11 1 8 10 12 2.13664
6 11 1 8 10 13 2.13664
6 11 1 8 10 14 2.13664
6 11 1 8 12 13 2.19089
6 11 1 8 12 14 2.16025
6 11 1 8 13 14 2.16025
6 11 1 9 10 12 2.13664
6 11 1 9 10 13 2.13664
6 11 1 9 10 14 2.13664
6 11 1 9 12 13 2.23607
6 11 1 9 12 14 2.19089
6 11 1 9 13 14 2.19089
6 11 1 10 12 13 2.13664
6 11 1 10 12 14 2.13664
6 11 1 10 13 14 2.13664
6 11 1 12 13 14 2.19089
6 11 2 3 4 5 2.16556
6 11 2 3 4 7 2
6 11 2 3 4 8 1.93309
6 11 2 3 4 9 2.23607
6 11 2 3 4 10 2.13809
6 11 2 3 4 12 2.0381
6 11 2 3 4 13 2
6 11 2 3 4 14 2.18955
6 11 2 3 5 7 2.04939
6 11 2 3 5 8 1.85164
6 11 2 3 5 9 2.19034
6 11 2 3 5 10 2.07802
6 11 2 3 5 12 2.04939
6 11 2 3 5 13 2
6 11 2 3 5 14 2.16556
6 11 2 3 7 8 1.62019
6 11 2 3 7 9 2.08167
6 11 2 3 7 10 1.85164
6 11 2 3 7 12 2
6 11 2 3 7 13 2
6 11 2 3 7 14 2
6 11 2 3 8 9 2.02367
6 11 2 3 8 10 2
6 11 2 3 8 12 2
6 11 2 3 8 13 2
6 11 2 3 8 14 2
6 11 2 3 9 10 2.16556
6 11 2 3 9 12 2.20605
6 11 2 3 9 13 2.16025
6 11 2 3 9 14 2.27837
6 11 2 3 10 12 2
6 11 2 3 10 13 1.90693
6 11 2 3 10 14 2.16556
6 11 2 3 12 13 2.10639
6 11 2 3 12 14 2.16025
6 11 2 3 13 14 2.10639
6 11 2 4 5 7 2
6 11 2 4 5 8 1.93309
6 11 2 4 5 9 2.23607
6 11 2 4 5 10 2.13809
6 11 2 4 5 12 2.0381
6 11 2 4 5 13 2
6 11 2 4 5 14 2.18955
6 11 2 4 7 8 1.62019
6 11 2 4 7 9 2
6 11 2 4 7 10 1.85164
6 11 2 4 7 12 1.81265
6 11 2 4 7 13 1.73205
6 11 2 4 7 14 1.93309
6 11 2 4 8 9 2.04939
6 11 2 4 8 10 2.04939
6 11 2 4 8 12 1.90693
6 11 2 4 8 13 1.85164
6 11 2 4 8 14 2.04939
6 11 2 4 9 10 2.22354
6 11 2 4 9 12 2.12132
6 11 2 4 9 13 2.08167
6 11 2 4 9 14 2.26779
6 11 2 4 10 12 2.04939
6 11 2 4 10 13 2.00294
6 11 2 4 10 14 2.22354
6 11 2 4 12 13 1.93309
6 11 2 4 12 14 2.10223
6 11 2 4 13 14 2.04939
6 11 2 5 7 8 1.62019
6 11 2 5 7 9 2.04939
6 11 2 5 7 10 1.85164
6 11 2 5 7 12 1.93309
6 11 2 5 7 13 1.90693
6 11 2 5 7 14 2
6 11 2 5 8 9 1.93309
6 11 2 5 8 10 1.93309
6 11 2 5 8 12 1.73205
6 11 2 5 8 13 1.62019
6 11 2 5 8 14 1.93309
6 11 2 5 9 10 2.13809
6 11 2 5 9 12 2.081
6 11 2 5 9 13 2.04939
6 11 2 5 9 14 2.23607
6 11 2 5 10 12 1.93309
6 11 2 5 10 13 1.85164
6 11 2 5 10 14 2.13809
6 11 2 5 12 13 1.93309
6 11 2 5 12 14 2.0381
6 11 2 5 13 14 2
6 11 2 7 8 9 1.62019
6 11 2 7 8 10 1.62019
6 11 2 7 8 12 1.62019
6 11 2 7 8 13 1.62019
6 11 2 7 8 14 1.62019
6 11 2 7 9 10 1.85164
6 11 2 7 9 12 2
6 11 2 7 9 13 2
6 11 2 7 9 14 2
6 11 2 7 10 12 1.62019
6 11 2 7 10 13 1.41421
6 11 2 7 10 14 1.85164
6 11 2 7 12 13 1.93309
6 11 2 7 12 14 2
6 11 2 7 13 14 1.81265
6 11 2 8 9 10 2.09938
6 11 2 8 9 12 2.04495
6 11 2 8 9 13 2
6 11 2 8 9 14 2.16025
6 11 2 8 10 12 2
6 11 2 8 10 13 1.93309
6 11 2 8 10 14 2.09938
6 11 2 8 12 13 1.93309
6 11 2 8 12 14 2.01187
6 11 2 8 13 14 2
6 11 2 9 10 12 2.09938
6 11 2 9 10 13 2.04939
6 11 2 9 10 14 2.2514
6 11 2 9 12 13 2.173
6 11 2 9 12 14 2.23607
6 11 2 9 13 14 2.19745
6 11 2 10 12 13 1.93309
6 11 2 10 12 14 2.09938
6 11 2 10 13 14 2.04939
6 11 2 12 13 14 2.10639
6 11 3 4 5 7 2.16556
6 11 3 4 5 8 2.07802
6 11 3 4 5 9 2.35584
6 11 3 4 5 10 2.29129
6 11 3 4 5 12 2.16556
6 11 3 4 5 13 2.10357
6 11 3 4 5 14 2.33699
6 11 3 4 7 8 1.93309
6 11 3 4 7 9 2.23607
6 11 3 4 7 10 2.13809
6 11 3 4 7 12 2.0381
6 11 3 4 7 13 2
6 11 3 4 7 14 2.18955
6 11 3 4 8 9 2.32266
6 11 3 4 8 10 2.32266
6 11 3 4 8 12 2.16025
6 11 3 4 8 13 2.13664
6 11 3 4 8 14 2.32266
6 11 3 4 9 10 2.48193
6 11 3 4 9 12 2.36827
6 11 3 4 9 13 2.33699
6 11 3 4 9 14 2.50805
6 11 3 4 10 12 2.32266
6 11 3 4 10 13 2.28709
6 11 3 4 10 14 2.48193
6 11 3 4 12 13 2.19089
6 11 3 4 12 14 2.34521
6 11 3 4 13 14 2.32266
6 11 3 5 7 8 1.85164
6 11 3 5 7 9 2.19034
6 11 3 5 7 10 2.07802
6 11 3 5 7 12 2.04939
6 11 3 5 7 13 2
6 11 3 5 7 14 2.16556
6 11 3 5 8 9 2.07802
6 11 3 5 8 10 2.07802
6 11 3 5 8 12 1.85164
6 11 3 5 8 13 1.73205
6 11 3 5 8 14 2.07802
6 11 3 5 9 10 2.29129
6 11 3 5 9 12 2.19034
6 11 3 5 9 13 2.15297
6 11 3 5 9 14 2.35584
6 11 3 5 10 12 2.07802
6 11 3 5 10 13 2
6 11 3 5 10 14 2.29129
6 11 3 5 12 13 2
6 11 3 5 12 14 2.16556
6 11 3 5 13 14 2.10357
6 11 3 7 8 9 2.02367
6 11 3 7 8 10 2
6 11 3 7 8 12 2
6 11 3 7 8 13 2
6 11 3 7 8 14 2
6 11 3 7 9 10 2.16556
6 11 3 7 9 12 2.20605
6 11 3 7 9 13 2.16025
6 11 3 7 9 14 2.27837
6 11 3 7 10 12 2
6 11 3 7 10 13 1.90693
6 11 3 7 10 14 2.16556
6 11 3 7 12 13 2.10639
6 11 3 7 12 14 2.16025
6 11 3 7 13 14 2.10639
6 11 3 8 9 10 2.39046
6 11 3 8 9 12 2.3094
6 11 3 8 9 13 2.28446
6 11 3 8 9 14 2.40662
6 11 3 8 10 12 2.26385
6 11 3 8 10 13 2.23607
6 11 3 8 10 14 2.39046
6 11 3 8 12 13 2.19089
6 11 3 8 12 14 2.3094
6 11 3 8 13 14 2.26385
6 11 3 9 10 12 2.39046
6 11 3 9 10 13 2.35488
6 11 3 9 10 14 2.52678
6 11 3 9 12 13 2.44949
6 11 3 9 12 14 2.5
6 11 3 9 13 14 2.46311
6 11 3 10 12 13 2.23607
6 11 3 10 12 14 2.39046
6 11 3 10 13 14 2.35488
6 11 3 12 13 14 2.38048
6 11 4 5 7 8 1.93309
6 11 4 5 7 9 2.23607
6 11 4 5 7 10 2.13809
6 11 4 5 7 12 2.0381
6 11 4 5 7 13 2
6 11 4 5 7 14 2.18955
6 11 4 5 8 9 2.32266
6 11 4 5 8 10 2.32266
6 11 4 5 8 12 2.16025
6 11 4 5 8 13 2.13664
6 11 4 5 8 14 2.32266
6 11 4 5 9 10 2.48193
6 11 4 5 9 12 2.36827
6 11 4 5 9 13 2.33699
6 11 4 5 9 14 2.50805
6 11 4 5 10 12 2.32266
6 11 4 5 10 13 2.28709
6 11 4 5 10 14 2.48193
6 11 4 5 12 13 2.19089
6 11 4 5 12 14 2.34521
6 11 4 5 13 14 2.32266
6 11 4 7 8 9 2.04939
6 11 4 7 8 10 2.04939
6 11 4 7 8 12 1.90693
6 11 4 7 8 13 1.85164
6 11 4 7 8 14 2.04939
6 11 4 7 9 10 2.22354
6 11 4 7 9 12 2.12132
6 11 4 7 9 13 2.08167
6 11 4 7 9 14 2.26779
6 11 4 7 10 12 2.04939
6 11 4 7 10 13 2.00294
6 11 4 7 10 14 2.22354
6 11 4 7 12 13 1.93309
6 11 4 7 12 14 2.10223
6 11 4 7 13 14 2.04939
6 11 4 8 9 10 2.62216
6 11 4 8 9 12 2.53722
6 11 4 8 9 13 2.52543
6 11 4 8 9 14 2.62216
6 11 4 8 10 12 2.53722
6 11 4 8 10 13 2.52543
6 11 4 8 10 14 2.62216
6 11 4 8 12 13 2.44949
6 11 4 8 12 14 2.53722
6 11 4 8 13 14 2.52543
6 11 4 9 10 12 2.62216
6 11 4 9 10 13 2.61406
6 11 4 9 10 14 2.72385
6 11 4 9 12 13 2.53899
6 11 4 9 12 14 2.61652
6 11 4 9 13 14 2.62216
6 11 4 10 12 13 2.52543
6 11 4 10 12 14 2.62216
6 11 4 10 13 14 2.61406
6 11 4 12 13 14 2.53722
6 11 5 7 8 9 1.93309
6 11 5 7 8 10 1.93309
6 11 5 7 8 12 1.73205
6 11 5 7 8 13 1.62019
6 11 5 7 8 14 1.93309
6 11 5 7 9 10 2.13809
6 11 5 7 9 12 2.081
6 11 5 7 9 13 2.04939
6 11 5 7 9 14 2.23607
6 11 5 7 10 12 1.93309
6 11 5 7 10 13 1.85164
6 11 5 7 10 14 2.13809
6 11 5 7 12 13 1.93309
6 11 5 7 12 14 2.0381
6 11 5 7 13 14 2
6 11 5 8 9 10 2.32266
6 11 5 8 9 12 2.16025
6 11 5 8 9 13 2.13664
6 11 5 8 9 14 2.32266
6 11 5 8 10 12 2.16025
6 11 5 8 10 13 2.13664
6 11 5 8 10 14 2.32266
6 11 5 8 12 13 2
6 11 5 8 12 14 2.16025
6 11 5 8 13 14 2.13664
6 11 5 9 10 12 2.32266
6 11 5 9 10 13 2.28709
6 11 5 9 10 14 2.48193
6 11 5 9 12 13 2.23607
6 11 5 9 12 14 2.36827
6 11 5 9 13 14 2.33699
6 11 5 10 12 13 2.13664
6 11 5 10 12 14 2.32266
6 11 5 10 13 14 2.28709
6 11 5 12 13 14 2.19089
6 11 7 8 9 10 2.09938
6 11 7 8 9 12 2.04495
6 11 7 8 9 13 2
6 11 7 8 9 14 2.16025
6 11 7 8 10 12 2
6 11 7 8 10 13 1.93309
6 11 7 8 10 14 2.09938
6 11 7 8 12 13 1.93309
6 11 7 8 12 14 2.01187
6 11 7 8 13 14 2
6 11 7 9 10 12 2.09938
6 11 7 9 10 13 2.04939
6 11 7 9 10 14 2.2514
6 11 7 9 12 13 2.173
6 11 7 9 12 14 2.23607
6 11 7 9 13 14 2.19745
6 11 7 10 12 13 1.93309
6 11 7 10 12 14 2.09938
6 11 7 10 13 14 2.04939
6 11 7 12 13 14 2.10639
6 11 8 9 10 12 2.60419
6 11 8 9 10 13 2.58844
6 11 8 9 10 14 2.68164
6 11 8 9 12 13 2.53899
6 11 8 9 12 14 2.61861
6 11 8 9 13 14 2.60419
6 11 8 10 12 13 2.52543
6 11 8 10 12 14 2.60419
6 11 8 10 13 14 2.58844
6 11 8 12 13 14 2.53722
6 11 9 10 12 13 2.58844
6 11 9 10 12 14 2.68164
6 11 9 10 13 14 2.66231
6 11 9 12 13 14 2.65875
6 11 10 12 13 14 2.58844
