6 11 0 1 2 3 4 5 7 1.41421
6 11 0 1 2 3 4 5 8 1
6 11 0 1 2 3 4 5 9 1.41421
6 11 0 1 2 3 4 5 10 0
6 11 0 1 2 3 4 5 12 1.41421
6 11 0 1 2 3 4 5 13 1.41421
6 11 0 1 2 3 4 5 14 1
6 11 0 1 2 3 4 7 8 1
6 11 0 1 2 3 4 7 9 1.41421
6 11 0 1 2 3 4 7 10 0
6 11 0 1 2 3 4 7 12 1.41421
6 11 0 1 2 3 4 7 13 1.41421
6 11 0 1 2 3 4 7 14 1
6 11 0 1 2 3 4 8 9 1
6 11 0 1 2 3 4 8 10 1
6 11 0 1 2 3 4 8 12 1
6 11 0 1 2 3 4 8 13 1
6 11 0 1 2 3 4 8 14 1
6 11 0 1 2 3 4 9 10 1
6 11 0 1 2 3 4 9 12 1.41421
6 11 0 1 2 3 4 9 13 1.41421
6 11 0 1 2 3 4 9 14 1
6 11 0 1 2 3 4 10 12 1
6 11 0 1 2 3 4 10 13 1
6 11 0 1 2 3 4 10 14 1
6 11 0 1 2 3 4 12 13 1.41421
6 11 0 1 2 3 4 12 14 1
6 11 0 1 2 3 4 13 14 1
6 11 0 1 2 3 5 7 8 1.41421
6 11 0 1 2 3 5 7 9 1.73205
6 11 0 1 2 3 5 7 10 0
6 11 0 1 2 3 5 7 12 1.73205
6 11 0 1 2 3 5 7 13 1.73205
6 11 0 1 2 3 5 7 14 1.41421
6 11 0 1 2 3 5 8 9 1.41421
6 11 0 1 2 3 5 8 10 0
6 11 0 1 2 3 5 8 12 1.41421
6 11 0 1 2 3 5 8 13 1.41421
6 11 0 1 2 3 5 8 14 1
6 11 0 1 2 3 5 9 10 0
6 11 0 1 2 3 5 9 12 1.73205
6 11 0 1 2 3 5 9 13 1.73205
6 11 0 1 2 3 5 9 14 1.41421
6 11 0 1 2 3 5 10 12 0
6 11 0 1 2 3 5 10 13 0
6 11 0 1 2 3 5 10 14 0
6 11 0 1 2 3 5 12 13 1.73205
6 11 0 1 2 3 5 12 14 1.41421
6 11 0 1 2 3 5 13 14 1.41421
6 11 0 1 2 3 7 8 9 1.62019
6 11 0 1 2 3 7 8 10 1
6 11 0 1 2 3 7 8 12 1.62019
6 11 0 1 2 3 7 8 13 1.62019
6 11 0 1 2 3 7 8 14 1.41421
6 11 0 1 2 3 7 9 10 1
6 11 0 1 2 3 7 9 12 1.85164
6 11 0 1 2 3 7 9 13 1.85164
6 11 0 1 2 3 7 9 14 1.62019
6 11 0 1 2 3 7 10 12 1
6 11 0 1 2 3 7 10 13 1
6 11 0 1 2 3 7 10 14 1
6 11 0 1 2 3 7 12 13 1.85164
6 11 0 1 2 3 7 12 14 1.62019
6 11 0 1 2 3 7 13 14 1.62019
6 11 0 1 2 3 8 9 10 1.41421
6 11 0 1 2 3 8 9 12 1.73205
6 11 0 1 2 3 8 9 13 1.73205
6 11 0 1 2 3 8 9 14 1.62019
6 11 0 1 2 3 8 10 12 1.41421
6 11 0 1 2 3 8 10 13 1.41421
6 11 0 1 2 3 8 10 14 1.41421
6 11 0 1 2 3 8 12 13 1.73205
6 11 0 1 2 3 8 12 14 1.62019
6 11 0 1 2 3 8 13 14 1.62019
6 11 0 1 2 3 9 10 12 1.41421
6 11 0 1 2 3 9 10 13 1.41421
6 11 0 1 2 3 9 10 14 1.41421
6 11 0 1 2 3 9 12 13 1.90693
6 11 0 1 2 3 9 12 14 1.73205
6 11 0 1 2 3 9 13 14 1.73205
6 11 0 1 2 3 10 12 13 1.41421
6 11 0 1 2 3 10 12 14 1.41421
6 11 0 1 2 3 10 13 14 1.41421
6 11 0 1 2 3 12 13 14 1.73205
6 11 0 1 2 4 5 7 8 1
6 11 0 1 2 4 5 7 9 1.41421
6 11 0 1 2 4 5 7 10 0
6 11 0 1 2 4 5 7 12 1.41421
6 11 0 1 2 4 5 7 13 1.41421
6 11 0 1 2 4 5 7 14 1
6 11 0 1 2 4 5 8 9 1
6 11 0 1 2 4 5 8 10 1
6 11 0 1 2 4 5 8 12 1
6 11 0 1 2 4 5 8 13 1
6 11 0 1 2 4 5 8 14 1
6 11 0 1 2 4 5 9 10 1
6 11 0 1 2 4 5 9 12 1.41421
6 11 0 1 2 4 5 9 13 1.41421
6 11 0 1 2 4 5 9 14 1
6 11 0 1 2 4 5 10 12 1
6 11 0 1 2 4 5 10 13 1
6 11 0 1 2 4 5 10 14 1
6 11 0 1 2 4 5 12 13 1.41421
6 11 0 1 2 4 5 12 14 1
6 11 0 1 2 4 5 13 14 1
6 11 0 1 2 4 7 8 9 1
6 11 0 1 2 4 7 8 10 0
6 11 0 1 2 4 7 8 12 1
6 11 0 1 2 4 7 8 13 1
6 11 0 1 2 4 7 8 14 0
6 11 0 1 2 4 7 9 10 0
6 11 0 1 2 4 7 9 12 1.41421
6 11 0 1 2 4 7 9 13 1.41421
6 11 0 1 2 4 7 9 14 1
6 11 0 1 2 4 7 10 12 0
6 11 0 1 2 4 7 10 13 0
6 11 0 1 2 4 7 10 14 0
6 11 0 1 2 4 7 12 13 1.41421
6 11 0 1 2 4 7 12 14 1
6 11 0 1 2 4 7 13 14 1
6 11 0 1 2 4 8 9 10 1.41421
6 11 0 1 2 4 8 9 12 1.41421
6 11 0 1 2 4 8 9 13 1.41421
6 11 0 1 2 4 8 9 14 1.41421
6 11 0 1 2 4 8 10 12 1.41421
6 11 0 1 2 4 8 10 13 1.41421
6 11 0 1 2 4 8 10 14 1.41421
6 11 0 1 2 4 8 12 13 1.41421
6 11 0 1 2 4 8 12 14 1.41421
6 11 0 1 2 4 8 13 14 1.41421
6 11 0 1 2 4 9 10 12 1.41421
6 11 0 1 2 4 9 10 13 1.41421
6 11 0 1 2 4 9 10 14 1.41421
6 11 0 1 2 4 9 12 13 1.41421
6 11 0 1 2 4 9 12 14 1.41421
6 11 0 1 2 4 9 13 14 1.41421
6 11 0 1 2 4 10 12 13 1.41421
6 11 0 1 2 4 10 12 14 1.41421
6 11 0 1 2 4 10 13 14 1.41421
6 11 0 1 2 4 12 13 14 1.41421
6 11 0 1 2 5 7 8 9 1.41421
6 11 0 1 2 5 7 8 10 0
6 11 0 1 2 5 7 8 12 1.41421
6 11 0 1 2 5 7 8 13 1.41421
6 11 0 1 2 5 7 8 14 1
6 11 0 1 2 5 7 9 10 0
6 11 0 1 2 5 7 9 12 1.73205
6 11 0 1 2 5 7 9 13 1.73205
6 11 0 1 2 5 7 9 14 1.41421
6 11 0 1 2 5 7 10 12 0
6 11 0 1 2 5 7 10 13 0
6 11 0 1 2 5 7 10 14 0
6 11 0 1 2 5 7 12 13 1.73205
6 11 0 1 2 5 7 12 14 1.41421
6 11 0 1 2 5 7 13 14 1.41421
6 11 0 1 2 5 8 9 10 1
6 11 0 1 2 5 8 9 12 1.41421
6 11 0 1 2 5 8 9 13 1.41421
6 11 0 1 2 5 8 9 14 1
6 11 0 1 2 5 8 10 12 1
6 11 0 1 2 5 8 10 13 1
6 11 0 1 2 5 8 10 14 1
6 11 0 1 2 5 8 12 13 1.41421
6 11 0 1 2 5 8 12 14 1
6 11 0 1 2 5 8 13 14 1
6 11 0 1 2 5 9 10 12 1
6 11 0 1 2 5 9 10 13 1
6 11 0 1 2 5 9 10 14 1
6 11 0 1 2 5 9 12 13 1.73205
6 11 0 1 2 5 9 12 14 1.41421
6 11 0 1 2 5 9 13 14 1.41421
6 11 0 1 2 5 10 12 13 1
6 11 0 1 2 5 10 12 14 1
6 11 0 1 2 5 10 13 14 1
6 11 0 1 2 5 12 13 14 1.41421
6 11 0 1 2 7 8 9 10 1
6 11 0 1 2 7 8 9 12 1.62019
6 11 0 1 2 7 8 9 13 1.62019
6 11 0 1 2 7 8 9 14 1.41421
6 11 0 1 2 7 8 10 12 1
6 11 0 1 2 7 8 10 13 1
6 11 0 1 2 7 8 10 14 1
6 11 0 1 2 7 8 12 13 1.62019
6 11 0 1 2 7 8 12 14 1.41421
6 11 0 1 2 7 8 13 14 1.41421
6 11 0 1 2 7 9 10 12 1
6 11 0 1 2 7 9 10 13 1
6 11 0 1 2 7 9 10 14 1
6 11 0 1 2 7 9 12 13 1.85164
6 11 0 1 2 7 9 12 14 1.62019
6 11 0 1 2 7 9 13 14 1.62019
6 11 0 1 2 7 10 12 13 1
6 11 0 1 2 7 10 12 14 1
6 11 0 1 2 7 10 13 14 1
6 11 0 1 2 7 12 13 14 1.62019
6 11 0 1 2 8 9 10 12 1.62019
6 11 0 1 2 8 9 10 13 1.62019
6 11 0 1 2 8 9 10 14 1.62019
6 11 0 1 2 8 9 12 13 1.81265
6 11 0 1 2 8 9 12 14 1.73205
6 11 0 1 2 8 9 13 14 1.73205
6 11 0 1 2 8 10 12 13 1.62019
6 11 0 1 2 8 10 12 14 1.62019
6 11 0 1 2 8 10 13 14 1.62019
6 11 0 1 2 8 12 13 14 1.73205
6 11 0 1 2 9 10 12 13 1.62019
6 11 0 1 2 9 10 12 14 1.62019
6 11 0 1 2 9 10 13 14 1.62019
6 11 0 1 2 9 12 13 14 1.81265
6 11 0 1 2 10 12 13 14 1.62019
6 11 0 1 3 4 5 7 8 1
6 11 0 1 3 4 5 7 9 1.41421
6 11 0 1 3 4 5 7 10 0
6 11 0 1 3 4 5 7 12 1.41421
6 11 0 1 3 4 5 7 13 1.41421
6 11 0 1 3 4 5 7 14 1
6 11 0 1 3 4 5 8 9 1
6 11 0 1 3 4 5 8 10 0
6 11 0 1 3 4 5 8 12 1
6 11 0 1 3 4 5 8 13 1
6 11 0 1 3 4 5 8 14 0
6 11 0 1 3 4 5 9 10 0
6 11 0 1 3 4 5 9 12 1.41421
6 11 0 1 3 4 5 9 13 1.41421
6 11 0 1 3 4 5 9 14 1
6 11 0 1 3 4 5 10 12 0
6 11 0 1 3 4 5 10 13 0
6 11 0 1 3 4 5 10 14 0
6 11 0 1 3 4 5 12 13 1.41421
6 11 0 1 3 4 5 12 14 1
6 11 0 1 3 4 5 13 14 1
6 11 0 1 3 4 7 8 9 1
6 11 0 1 3 4 7 8 10 1
6 11 0 1 3 4 7 8 12 1
6 11 0 1 3 4 7 8 13 1
6 11 0 1 3 4 7 8 14 1
6 11 0 1 3 4 7 9 10 1
6 11 0 1 3 4 7 9 12 1.41421
6 11 0 1 3 4 7 9 13 1.41421
6 11 0 1 3 4 7 9 14 1
6 11 0 1 3 4 7 10 12 1
6 11 0 1 3 4 7 10 13 1
6 11 0 1 3 4 7 10 14 1
6 11 0 1 3 4 7 12 13 1.41421
6 11 0 1 3 4 7 12 14 1
6 11 0 1 3 4 7 13 14 1
6 11 0 1 3 4 8 9 10 1.41421
6 11 0 1 3 4 8 9 12 1.41421
6 11 0 1 3 4 8 9 13 1.41421
6 11 0 1 3 4 8 9 14 1.41421
6 11 0 1 3 4 8 10 12 1.41421
6 11 0 1 3 4 8 10 13 1.41421
6 11 0 1 3 4 8 10 14 1.41421
6 11 0 1 3 4 8 12 13 1.41421
6 11 0 1 3 4 8 12 14 1.41421
6 11 0 1 3 4 8 13 14 1.41421
6 11 0 1 3 4 9 10 12 1.41421
6 11 0 1 3 4 9 10 13 1.41421
6 11 0 1 3 4 9 10 14 1.41421
6 11 0 1 3 4 9 12 13 1.41421
6 11 0 1 3 4 9 12 14 1.41421
6 11 0 1 3 4 9 13 14 1.41421
6 11 0 1 3 4 10 12 13 1.41421
6 11 0 1 3 4 10 12 14 1.41421
6 11 0 1 3 4 10 13 14 1.41421
6 11 0 1 3 4 12 13 14 1.41421
6 11 0 1 3 5 7 8 9 1.41421
6 11 0 1 3 5 7 8 10 0
6 11 0 1 3 5 7 8 12 1.41421
6 11 0 1 3 5 7 8 13 1.41421
6 11 0 1 3 5 7 8 14 1
6 11 0 1 3 5 7 9 10 0
6 11 0 1 3 5 7 9 12 1.73205
6 11 0 1 3 5 7 9 13 1.73205
6 11 0 1 3 5 7 9 14 1.41421
6 11 0 1 3 5 7 10 12 0
6 11 0 1 3 5 7 10 13 0
6 11 0 1 3 5 7 10 14 0
6 11 0 1 3 5 7 12 13 1.73205
6 11 0 1 3 5 7 12 14 1.41421
6 11 0 1 3 5 7 13 14 1.41421
6 11 0 1 3 5 8 9 10 0
6 11 0 1 3 5 8 9 12 1.41421
6 11 0 1 3 5 8 9 13 1.41421
6 11 0 1 3 5 8 9 14 1
6 11 0 1 3 5 8 10 12 0
6 11 0 1 3 5 8 10 13 0
6 11 0 1 3 5 8 10 14 0
6 11 0 1 3 5 8 12 13 1.41421
6 11 0 1 3 5 8 12 14 1
6 11 0 1 3 5 8 13 14 1
6 11 0 1 3 5 9 10 12 0
6 11 0 1 3 5 9 10 13 0
6 11 0 1 3 5 9 10 14 0
6 11 0 1 3 5 9 12 13 1.73205
6 11 0 1 3 5 9 12 14 1.41421
6 11 0 1 3 5 9 13 14 1.41421
6 11 0 1 3 5 10 12 13 0
6 11 0 1 3 5 10 12 14 0
6 11 0 1 3 5 10 13 14 0
6 11 0 1 3 5 12 13 14 1.41421
6 11 0 1 3 7 8 9 10 1.41421
6 11 0 1 3 7 8 9 12 1.73205
6 11 0 1 3 7 8 9 13 1.73205
6 11 0 1 3 7 8 9 14 1.62019
6 11 0 1 3 7 8 10 12 1.41421
6 11 0 1 3 7 8 10 13 1.41421
6 11 0 1 3 7 8 10 14 1.41421
6 11 0 1 3 7 8 12 13 1.73205
6 11 0 1 3 7 8 12 14 1.62019
6 11 0 1 3 7 8 13 14 1.62019
6 11 0 1 3 7 9 10 12 1.41421
6 11 0 1 3 7 9 10 13 1.41421
6 11 0 1 3 7 9 10 14 1.41421
6 11 0 1 3 7 9 12 13 1.90693
6 11 0 1 3 7 9 12 14 1.73205
6 11 0 1 3 7 9 13 14 1.73205
6 11 0 1 3 7 10 12 13 1.41421
6 11 0 1 3 7 10 12 14 1.41421
6 11 0 1 3 7 10 13 14 1.41421
6 11 0 1 3 7 12 13 14 1.73205
6 11 0 1 3 8 9 10 12 1.73205
6 11 0 1 3 8 9 10 13 1.73205
6 11 0 1 3 8 9 10 14 1.73205
6 11 0 1 3 8 9 12 13 1.90693
6 11 0 1 3 8 9 12 14 1.85164
6 11 0 1 3 8 9 13 14 1.85164
6 11 0 1 3 8 10 12 13 1.73205
6 11 0 1 3 8 10 12 14 1.73205
6 11 0 1 3 8 10 13 14 1.73205
6 11 0 1 3 8 12 13 14 1.85164
6 11 0 1 3 9 10 12 13 1.73205
6 11 0 1 3 9 10 12 14 1.73205
6 11 0 1 3 9 10 13 14 1.73205
6 11 0 1 3 9 12 13 14 1.90693
6 11 0 1 3 10 12 13 14 1.73205
6 11 0 1 4 5 7 8 9 1
6 11 0 1 4 5 7 8 10 1
6 11 0 1 4 5 7 8 12 1
6 11 0 1 4 5 7 8 13 1
6 11 0 1 4 5 7 8 14 1
6 11 0 1 4 5 7 9 10 1
6 11 0 1 4 5 7 9 12 1.41421
6 11 0 1 4 5 7 9 13 1.41421
6 11 0 1 4 5 7 9 14 1
6 11 0 1 4 5 7 10 12 1
6 11 0 1 4 5 7 10 13 1
6 11 0 1 4 5 7 10 14 1
6 11 0 1 4 5 7 12 13 1.41421
6 11 0 1 4 5 7 12 14 1
6 11 0 1 4 5 7 13 14 1
6 11 0 1 4 5 8 9 10 1.41421
6 11 0 1 4 5 8 9 12 1.41421
6 11 0 1 4 5 8 9 13 1.41421
6 11 0 1 4 5 8 9 14 1.41421
6 11 0 1 4 5 8 10 12 1.41421
6 11 0 1 4 5 8 10 13 1.41421
6 11 0 1 4 5 8 10 14 1.41421
6 11 0 1 4 5 8 12 13 1.41421
6 11 0 1 4 5 8 12 14 1.41421
6 11 0 1 4 5 8 13 14 1.41421
6 11 0 1 4 5 9 10 12 1.41421
6 11 0 1 4 5 9 10 13 1.41421
6 11 0 1 4 5 9 10 14 1.41421
6 11 0 1 4 5 9 12 13 1.41421
6 11 0 1 4 5 9 12 14 1.41421
6 11 0 1 4 5 9 13 14 1.41421
6 11 0 1 4 5 10 12 13 1.41421
6 11 0 1 4 5 10 12 14 1.41421
6 11 0 1 4 5 10 13 14 1.41421
6 11 0 1 4 5 12 13 14 1.41421
6 11 0 1 4 7 8 9 10 1.41421
6 11 0 1 4 7 8 9 12 1.41421
6 11 0 1 4 7 8 9 13 1.41421
6 11 0 1 4 7 8 9 14 1.41421
6 11 0 1 4 7 8 10 12 1.41421
6 11 0 1 4 7 8 10 13 1.41421
6 11 0 1 4 7 8 10 14 1.41421
6 11 0 1 4 7 8 12 13 1.41421
6 11 0 1 4 7 8 12 14 1.41421
6 11 0 1 4 7 8 13 14 1.41421
6 11 0 1 4 7 9 10 12 1.41421
6 11 0 1 4 7 9 10 13 1.41421
6 11 0 1 4 7 9 10 14 1.41421
6 11 0 1 4 7 9 12 13 1.41421
6 11 0 1 4 7 9 12 14 1.41421
6 11 0 1 4 7 9 13 14 1.41421
6 11 0 1 4 7 10 12 13 1.41421
6 11 0 1 4 7 10 12 14 1.41421
6 11 0 1 4 7 10 13 14 1.41421
6 11 0 1 4 7 12 13 14 1.41421
6 11 0 1 4 8 9 10 12 2
6 11 0 1 4 8 9 10 13 2
6 11 0 1 4 8 9 10 14 2
6 11 0 1 4 8 9 12 13 2
6 11 0 1 4 8 9 12 14 2
6 11 0 1 4 8 9 13 14 2
6 11 0 1 4 8 10 12 13 2
6 11 0 1 4 8 10 12 14 2
6 11 0 1 4 8 10 13 14 2
6 11 0 1 4 8 12 13 14 2
6 11 0 1 4 9 10 12 13 2
6 11 0 1 4 9 10 12 14 2
6 11 0 1 4 9 10 13 14 2
6 11 0 1 4 9 12 13 14 2
6 11 0 1 4 10 12 13 14 2
6 11 0 1 5 7 8 9 10 1
6 11 0 1 5 7 8 9 12 1.41421
6 11 0 1 5 7 8 9 13 1.41421
6 11 0 1 5 7 8 9 14 1
6 11 0 1 5 7 8 10 12 1
6 11 0 1 5 7 8 10 13 1
6 11 0 1 5 7 8 10 14 1
6 11 0 1 5 7 8 12 13 1.41421
6 11 0 1 5 7 8 12 14 1
6 11 0 1 5 7 8 13 14 1
6 11 0 1 5 7 9 10 12 1
6 11 0 1 5 7 9 10 13 1
6 11 0 1 5 7 9 10 14 1
6 11 0 1 5 7 9 12 13 1.73205
6 11 0 1 5 7 9 12 14 1.41421
6 11 0 1 5 7 9 13 14 1.41421
6 11 0 1 5 7 10 12 13 1
6 11 0 1 5 7 10 12 14 1
6 11 0 1 5 7 10 13 14 1
6 11 0 1 5 7 12 13 14 1.41421
6 11 0 1 5 8 9 10 12 1.41421
6 11 0 1 5 8 9 10 13 1.41421
6 11 0 1 5 8 9 10 14 1.41421
6 11 0 1 5 8 9 12 13 1.41421
6 11 0 1 5 8 9 12 14 1.41421
6 11 0 1 5 8 9 13 14 1.41421
6 11 0 1 5 8 10 12 13 1.41421
6 11 0 1 5 8 10 12 14 1.41421
6 11 0 1 5 8 10 13 14 1.41421
6 11 0 1 5 8 12 13 14 1.41421
6 11 0 1 5 9 10 12 13 1.41421
6 11 0 1 5 9 10 12 14 1.41421
6 11 0 1 5 9 10 13 14 1.41421
6 11 0 1 5 9 12 13 14 1.41421
6 11 0 1 5 10 12 13 14 1.41421
6 11 0 1 7 8 9 10 12 1.62019
6 11 0 1 7 8 9 10 13 1.62019
6 11 0 1 7 8 9 10 14 1.62019
6 11 0 1 7 8 9 12 13 1.81265
6 11 0 1 7 8 9 12 14 1.73205
6 11 0 1 7 8 9 13 14 1.73205
6 11 0 1 7 8 10 12 13 1.62019
6 11 0 1 7 8 10 12 14 1.62019
6 11 0 1 7 8 10 13 14 1.62019
6 11 0 1 7 8 12 13 14 1.73205
6 11 0 1 7 9 10 12 13 1.62019
6 11 0 1 7 9 10 12 14 1.62019
6 11 0 1 7 9 10 13 14 1.62019
6 11 0 1 7 9 12 13 14 1.81265
6 11 0 1 7 10 12 13 14 1.62019
6 11 0 1 8 9 10 12 13 2.13664
6 11 0 1 8 9 10 12 14 2.13664
6 11 0 1 8 9 10 13 14 2.13664
6 11 0 1 8 9 12 13 14 2.16025
6 11 0 1 8 10 12 13 14 2.13664
6 11 0 1 9 10 12 13 14 2.13664
6 11 0 2 3 4 5 7 8 1.41421
6 11 0 2 3 4 5 7 9 1.90693
6 11 0 2 3 4 5 7 10 1.73205
6 11 0 2 3 4 5 7 12 1.73205
6 11 0 2 3 4 5 7 13 1.73205
6 11 0 2 3 4 5 7 14 1.85164
6 11 0 2 3 4 5 8 9 1.73205
6 11 0 2 3 4 5 8 10 1.73205
6 11 0 2 3 4 5 8 12 1.41421
6 11 0 2 3 4 5 8 13 1.41421
6 11 0 2 3 4 5 8 14 1.73205
6 11 0 2 3 4 5 9 10 2
6 11 0 2 3 4 5 9 12 1.90693
6 11 0 2 3 4 5 9 13 1.90693
6 11 0 2 3 4 5 9 14 2.07802
6 11 0 2 3 4 5 10 12 1.73205
6 11 0 2 3 4 5 10 13 1.73205
6 11 0 2 3 4 5 10 14 2
6 11 0 2 3 4 5 12 13 1.73205
6 11 0 2 3 4 5 12 14 1.85164
6 11 0 2 3 4 5 13 14 1.85164
6 11 0 2 3 4 7 8 9 1.41421
6 11 0 2 3 4 7 8 10 1.41421
6 11 0 2 3 4 7 8 12 1
6 11 0 2 3 4 7 8 13 1
6 11 0 2 3 4 7 8 14 1.41421
6 11 0 2 3 4 7 9 10 1.73205
6 11 0 2 3 4 7 9 12 1.73205
6 11 0 2 3 4 7 9 13 1.73205
6 11 0 2 3 4 7 9 14 1.85164
6 11 0 2 3 4 7 10 12 1.41421
6 11 0 2 3 4 7 10 13 1.41421
6 11 0 2 3 4 7 10 14 1.73205
6 11 0 2 3 4 7 12 13 1.62019
6 11 0 2 3 4 7 12 14 1.62019
6 11 0 2 3 4 7 13 14 1.62019
6 11 0 2 3 4 8 9 10 1.85164
6 11 0 2 3 4 8 9 12 1.62019
6 11 0 2 3 4 8 9 13 1.62019
6 11 0 2 3 4 8 9 14 1.85164
6 11 0 2 3 4 8 10 12 1.62019
6 11 0 2 3 4 8 10 13 1.62019
6 11 0 2 3 4 8 10 14 1.85164
6 11 0 2 3 4 8 12 13 1.41421
6 11 0 2 3 4 8 12 14 1.62019
6 11 0 2 3 4 8 13 14 1.62019
6 11 0 2 3 4 9 10 12 1.85164
6 11 0 2 3 4 9 10 13 1.85164
6 11 0 2 3 4 9 10 14 2.07802
6 11 0 2 3 4 9 12 13 1.81265
6 11 0 2 3 4 9 12 14 1.93309
6 11 0 2 3 4 9 13 14 1.93309
6 11 0 2 3 4 10 12 13 1.62019
6 11 0 2 3 4 10 12 14 1.85164
6 11 0 2 3 4 10 13 14 1.85164
6 11 0 2 3 4 12 13 14 1.73205
6 11 0 2 3 5 7 8 9 1.41421
6 11 0 2 3 5 7 8 10 1.41421
6 11 0 2 3 5 7 8 12 1.41421
6 11 0 2 3 5 7 8 13 1.41421
6 11 0 2 3 5 7 8 14 1.41421
6 11 0 2 3 5 7 9 10 1.73205
6 11 0 2 3 5 7 9 12 1.90693
6 11 0 2 3 5 7 9 13 1.90693
6 11 0 2 3 5 7 9 14 1.90693
6 11 0 2 3 5 7 10 12 1.41421
6 11 0 2 3 5 7 10 13 1.41421
6 11 0 2 3 5 7 10 14 1.73205
6 11 0 2 3 5 7 12 13 1.85164
6 11 0 2 3 5 7 12 14 1.73205
6 11 0 2 3 5 7 13 14 1.73205
6 11 0 2 3 5 8 9 10 1.73205
6 11 0 2 3 5 8 9 12 1.41421
6 11 0 2 3 5 8 9 13 1.41421
6 11 0 2 3 5 8 9 14 1.73205
6 11 0 2 3 5 8 10 12 1.41421
6 11 0 2 3 5 8 10 13 1.41421
6 11 0 2 3 5 8 10 14 1.73205
6 11 0 2 3 5 8 12 13 1.41421
6 11 0 2 3 5 8 12 14 1.41421
6 11 0 2 3 5 8 13 14 1.41421
6 11 0 2 3 5 9 10 12 1.73205
6 11 0 2 3 5 9 10 13 1.73205
6 11 0 2 3 5 9 10 14 2
6 11 0 2 3 5 9 12 13 1.90693
6 11 0 2 3 5 9 12 14 1.90693
6 11 0 2 3 5 9 13 14 1.90693
6 11 0 2 3 5 10 12 13 1.41421
6 11 0 2 3 5 10 12 14 1.73205
6 11 0 2 3 5 10 13 14 1.73205
6 11 0 2 3 5 12 13 14 1.73205
6 11 0 2 3 7 8 9 10 1.41421
6 11 0 2 3 7 8 9 12 1.62019
6 11 0 2 3 7 8 9 13 1.62019
6 11 0 2 3 7 8 9 14 1.41421
6 11 0 2 3 7 8 10 12 1
6 11 0 2 3 7 8 10 13 1
6 11 0 2 3 7 8 10 14 1.41421
6 11 0 2 3 7 8 12 13 1.62019
6 11 0 2 3 7 8 12 14 1.41421
6 11 0 2 3 7 8 13 14 1.41421
6 11 0 2 3 7 9 10 12 1.41421
6 11 0 2 3 7 9 10 13 1.41421
6 11 0 2 3 7 9 10 14 1.73205
6 11 0 2 3 7 9 12 13 1.93309
6 11 0 2 3 7 9 12 14 1.81265
6 11 0 2 3 7 9 13 14 1.81265
6 11 0 2 3 7 10 12 13 1
6 11 0 2 3 7 10 12 14 1.41421
6 11 0 2 3 7 10 13 14 1.41421
6 11 0 2 3 7 12 13 14 1.73205
6 11 0 2 3 8 9 10 12 1.73205
6 11 0 2 3 8 9 10 13 1.73205
6 11 0 2 3 8 9 10 14 1.90693
6 11 0 2 3 8 9 12 13 1.81265
6 11 0 2 3 8 9 12 14 1.81265
6 11 0 2 3 8 9 13 14 1.81265
6 11 0 2 3 8 10 12 13 1.62019
6 11 0 2 3 8 10 12 14 1.73205
6 11 0 2 3 8 10 13 14 1.73205
6 11 0 2 3 8 12 13 14 1.73205
6 11 0 2 3 9 10 12 13 1.73205
6 11 0 2 3 9 10 12 14 1.90693
6 11 0 2 3 9 10 13 14 1.90693
6 11 0 2 3 9 12 13 14 2
6 11 0 2 3 10 12 13 14 1.73205
6 11 0 2 4 5 7 8 9 1.41421
6 11 0 2 4 5 7 8 10 1.41421
6 11 0 2 4 5 7 8 12 1
6 11 0 2 4 5 7 8 13 1
6 11 0 2 4 5 7 8 14 1.41421
6 11 0 2 4 5 7 9 10 1.73205
6 11 0 2 4 5 7 9 12 1.73205
6 11 0 2 4 5 7 9 13 1.73205
6 11 0 2 4 5 7 9 14 1.85164
6 11 0 2 4 5 7 10 12 1.41421
6 11 0 2 4 5 7 10 13 1.41421
6 11 0 2 4 5 7 10 14 1.73205
6 11 0 2 4 5 7 12 13 1.62019
6 11 0 2 4 5 7 12 14 1.62019
6 11 0 2 4 5 7 13 14 1.62019
6 11 0 2 4 5 8 9 10 1.85164
6 11 0 2 4 5 8 9 12 1.62019
6 11 0 2 4 5 8 9 13 1.62019
6 11 0 2 4 5 8 9 14 1.85164
6 11 0 2 4 5 8 10 12 1.62019
6 11 0 2 4 5 8 10 13 1.62019
6 11 0 2 4 5 8 10 14 1.85164
6 11 0 2 4 5 8 12 13 1.41421
6 11 0 2 4 5 8 12 14 1.62019
6 11 0 2 4 5 8 13 14 1.62019
6 11 0 2 4 5 9 10 12 1.85164
6 11 0 2 4 5 9 10 13 1.85164
6 11 0 2 4 5 9 10 14 2.07802
6 11 0 2 4 5 9 12 13 1.81265
6 11 0 2 4 5 9 12 14 1.93309
6 11 0 2 4 5 9 13 14 1.93309
6 11 0 2 4 5 10 12 13 1.62019
6 11 0 2 4 5 10 12 14 1.85164
6 11 0 2 4 5 10 13 14 1.85164
6 11 0 2 4 5 12 13 14 1.73205
6 11 0 2 4 7 8 9 10 1.41421
6 11 0 2 4 7 8 9 12 1
6 11 0 2 4 7 8 9 13 1
6 11 0 2 4 7 8 9 14 1.41421
6 11 0 2 4 7 8 10 12 1
6 11 0 2 4 7 8 10 13 1
6 11 0 2 4 7 8 10 14 1.41421
6 11 0 2 4 7 8 12 13 1
6 11 0 2 4 7 8 12 14 1
6 11 0 2 4 7 8 13 14 1
6 11 0 2 4 7 9 10 12 1.41421
6 11 0 2 4 7 9 10 13 1.41421
6 11 0 2 4 7 9 10 14 1.73205
6 11 0 2 4 7 9 12 13 1.62019
6 11 0 2 4 7 9 12 14 1.62019
6 11 0 2 4 7 9 13 14 1.62019
6 11 0 2 4 7 10 12 13 1
6 11 0 2 4 7 10 12 14 1.41421
6 11 0 2 4 7 10 13 14 1.41421
6 11 0 2 4 7 12 13 14 1.41421
6 11 0 2 4 8 9 10 12 1.85164
6 11 0 2 4 8 9 10 13 1.85164
6 11 0 2 4 8 9 10 14 2.00294
6 11 0 2 4 8 9 12 13 1.73205
6 11 0 2 4 8 9 12 14 1.85164
6 11 0 2 4 8 9 13 14 1.85164
6 11 0 2 4 8 10 12 13 1.73205
6 11 0 2 4 8 10 12 14 1.85164
6 11 0 2 4 8 10 13 14 1.85164
6 11 0 2 4 8 12 13 14 1.73205
6 11 0 2 4 9 10 12 13 1.85164
6 11 0 2 4 9 10 12 14 2.00294
6 11 0 2 4 9 10 13 14 2.00294
6 11 0 2 4 9 12 13 14 1.90693
6 11 0 2 4 10 12 13 14 1.85164
6 11 0 2 5 7 8 9 10 1.41421
6 11 0 2 5 7 8 9 12 1.41421
6 11 0 2 5 7 8 9 13 1.41421
6 11 0 2 5 7 8 9 14 1.41421
6 11 0 2 5 7 8 10 12 1
6 11 0 2 5 7 8 10 13 1
6 11 0 2 5 7 8 10 14 1.41421
6 11 0 2 5 7 8 12 13 1.41421
6 11 0 2 5 7 8 12 14 1
6 11 0 2 5 7 8 13 14 1
6 11 0 2 5 7 9 10 12 1.41421
6 11 0 2 5 7 9 10 13 1.41421
6 11 0 2 5 7 9 10 14 1.73205
6 11 0 2 5 7 9 12 13 1.85164
6 11 0 2 5 7 9 12 14 1.73205
6 11 0 2 5 7 9 13 14 1.73205
6 11 0 2 5 7 10 12 13 1
6 11 0 2 5 7 10 12 14 1.41421
6 11 0 2 5 7 10 13 14 1.41421
6 11 0 2 5 7 12 13 14 1.62019
6 11 0 2 5 8 9 10 12 1.62019
6 11 0 2 5 8 9 10 13 1.62019
6 11 0 2 5 8 9 10 14 1.85164
6 11 0 2 5 8 9 12 13 1.41421
6 11 0 2 5 8 9 12 14 1.62019
6 11 0 2 5 8 9 13 14 1.62019
6 11 0 2 5 8 10 12 13 1.41421
6 11 0 2 5 8 10 12 14 1.62019
6 11 0 2 5 8 10 13 14 1.62019
6 11 0 2 5 8 12 13 14 1.41421
6 11 0 2 5 9 10 12 13 1.62019
6 11 0 2 5 9 10 12 14 1.85164
6 11 0 2 5 9 10 13 14 1.85164
6 11 0 2 5 9 12 13 14 1.81265
6 11 0 2 5 10 12 13 14 1.62019
6 11 0 2 7 8 9 10 12 1
6 11 0 2 7 8 9 10 13 1
6 11 0 2 7 8 9 10 14 1.41421
6 11 0 2 7 8 9 12 13 1.62019
6 11 0 2 7 8 9 12 14 1.41421
6 11 0 2 7 8 9 13 14 1.41421
6 11 0 2 7 8 10 12 13 1
6 11 0 2 7 8 10 12 14 1
6 11 0 2 7 8 10 13 14 1
6 11 0 2 7 8 12 13 14 1.41421
6 11 0 2 7 9 10 12 13 1
6 11 0 2 7 9 10 12 14 1.41421
6 11 0 2 7 9 10 13 14 1.41421
6 11 0 2 7 9 12 13 14 1.73205
6 11 0 2 7 10 12 13 14 1
6 11 0 2 8 9 10 12 13 1.85164
6 11 0 2 8 9 10 12 14 1.93309
6 11 0 2 8 9 10 13 14 1.93309
6 11 0 2 8 9 12 13 14 1.90693
6 11 0 2 8 10 12 13 14 1.85164
6 11 0 2 9 10 12 13 14 1.93309
6 11 0 3 4 5 7 8 9 1.73205
6 11 0 3 4 5 7 8 10 1.73205
6 11 0 3 4 5 7 8 12 1.41421
6 11 0 3 4 5 7 8 13 1.41421
6 11 0 3 4 5 7 8 14 1.73205
6 11 0 3 4 5 7 9 10 2
6 11 0 3 4 5 7 9 12 1.90693
6 11 0 3 4 5 7 9 13 1.90693
6 11 0 3 4 5 7 9 14 2.07802
6 11 0 3 4 5 7 10 12 1.73205
6 11 0 3 4 5 7 10 13 1.73205
6 11 0 3 4 5 7 10 14 2
6 11 0 3 4 5 7 12 13 1.73205
6 11 0 3 4 5 7 12 14 1.85164
6 11 0 3 4 5 7 13 14 1.85164
6 11 0 3 4 5 8 9 10 2
6 11 0 3 4 5 8 9 12 1.73205
6 11 0 3 4 5 8 9 13 1.73205
6 11 0 3 4 5 8 9 14 2
6 11 0 3 4 5 8 10 12 1.73205
6 11 0 3 4 5 8 10 13 1.73205
6 11 0 3 4 5 8 10 14 2
6 11 0 3 4 5 8 12 13 1.41421
6 11 0 3 4 5 8 12 14 1.73205
6 11 0 3 4 5 8 13 14 1.73205
6 11 0 3 4 5 9 10 12 2
6 11 0 3 4 5 9 10 13 2
6 11 0 3 4 5 9 10 14 2.23607
6 11 0 3 4 5 9 12 13 1.90693
6 11 0 3 4 5 9 12 14 2.07802
6 11 0 3 4 5 9 13 14 2.07802
6 11 0 3 4 5 10 12 13 1.73205
6 11 0 3 4 5 10 12 14 2
6 11 0 3 4 5 10 13 14 2
6 11 0 3 4 5 12 13 14 1.85164
6 11 0 3 4 7 8 9 10 1.85164
6 11 0 3 4 7 8 9 12 1.62019
6 11 0 3 4 7 8 9 13 1.62019
6 11 0 3 4 7 8 9 14 1.85164
6 11 0 3 4 7 8 10 12 1.62019
6 11 0 3 4 7 8 10 13 1.62019
6 11 0 3 4 7 8 10 14 1.85164
6 11 0 3 4 7 8 12 13 1.41421
6 11 0 3 4 7 8 12 14 1.62019
6 11 0 3 4 7 8 13 14 1.62019
6 11 0 3 4 7 9 10 12 1.85164
6 11 0 3 4 7 9 10 13 1.85164
6 11 0 3 4 7 9 10 14 2.07802
6 11 0 3 4 7 9 12 13 1.81265
6 11 0 3 4 7 9 12 14 1.93309
6 11 0 3 4 7 9 13 14 1.93309
6 11 0 3 4 7 10 12 13 1.62019
6 11 0 3 4 7 10 12 14 1.85164
6 11 0 3 4 7 10 13 14 1.85164
6 11 0 3 4 7 12 13 14 1.73205
6 11 0 3 4 8 9 10 12 2.13664
6 11 0 3 4 8 9 10 13 2.13664
6 11 0 3 4 8 9 10 14 2.28709
6 11 0 3 4 8 9 12 13 2
6 11 0 3 4 8 9 12 14 2.13664
6 11 0 3 4 8 9 13 14 2.13664
6 11 0 3 4 8 10 12 13 2
6 11 0 3 4 8 10 12 14 2.13664
6 11 0 3 4 8 10 13 14 2.13664
6 11 0 3 4 8 12 13 14 2
6 11 0 3 4 9 10 12 13 2.13664
6 11 0 3 4 9 10 12 14 2.28709
6 11 0 3 4 9 10 13 14 2.28709
6 11 0 3 4 9 12 13 14 2.16025
6 11 0 3 4 10 12 13 14 2.13664
6 11 0 3 5 7 8 9 10 1.73205
6 11 0 3 5 7 8 9 12 1.41421
6 11 0 3 5 7 8 9 13 1.41421
6 11 0 3 5 7 8 9 14 1.73205
6 11 0 3 5 7 8 10 12 1.41421
6 11 0 3 5 7 8 10 13 1.41421
6 11 0 3 5 7 8 10 14 1.73205
6 11 0 3 5 7 8 12 13 1.41421
6 11 0 3 5 7 8 12 14 1.41421
6 11 0 3 5 7 8 13 14 1.41421
6 11 0 3 5 7 9 10 12 1.73205
6 11 0 3 5 7 9 10 13 1.73205
6 11 0 3 5 7 9 10 14 2
6 11 0 3 5 7 9 12 13 1.90693
6 11 0 3 5 7 9 12 14 1.90693
6 11 0 3 5 7 9 13 14 1.90693
6 11 0 3 5 7 10 12 13 1.41421
6 11 0 3 5 7 10 12 14 1.73205
6 11 0 3 5 7 10 13 14 1.73205
6 11 0 3 5 7 12 13 14 1.73205
6 11 0 3 5 8 9 10 12 1.73205
6 11 0 3 5 8 9 10 13 1.73205
6 11 0 3 5 8 9 10 14 2
6 11 0 3 5 8 9 12 13 1.41421
6 11 0 3 5 8 9 12 14 1.73205
6 11 0 3 5 8 9 13 14 1.73205
6 11 0 3 5 8 10 12 13 1.41421
6 11 0 3 5 8 10 12 14 1.73205
6 11 0 3 5 8 10 13 14 1.73205
6 11 0 3 5 8 12 13 14 1.41421
6 11 0 3 5 9 10 12 13 1.73205
6 11 0 3 5 9 10 12 14 2
6 11 0 3 5 9 10 13 14 2
6 11 0 3 5 9 12 13 14 1.90693
6 11 0 3 5 10 12 13 14 1.73205
6 11 0 3 7 8 9 10 12 1.73205
6 11 0 3 7 8 9 10 13 1.73205
6 11 0 3 7 8 9 10 14 1.90693
6 11 0 3 7 8 9 12 13 1.81265
6 11 0 3 7 8 9 12 14 1.81265
6 11 0 3 7 8 9 13 14 1.81265
6 11 0 3 7 8 10 12 13 1.62019
6 11 0 3 7 8 10 12 14 1.73205
6 11 0 3 7 8 10 13 14 1.73205
6 11 0 3 7 8 12 13 14 1.73205
6 11 0 3 7 9 10 12 13 1.73205
6 11 0 3 7 9 10 12 14 1.90693
6 11 0 3 7 9 10 13 14 1.90693
6 11 0 3 7 9 12 13 14 2
6 11 0 3 7 10 12 13 14 1.73205
6 11 0 3 8 9 10 12 13 2.13664
6 11 0 3 8 9 10 12 14 2.23607
6 11 0 3 8 9 10 13 14 2.23607
6 11 0 3 8 9 12 13 14 2.16025
6 11 0 3 8 10 12 13 14 2.13664
6 11 0 3 9 10 12 13 14 2.23607
6 11 0 4 5 7 8 9 10 1.85164
6 11 0 4 5 7 8 9 12 1.62019
6 11 0 4 5 7 8 9 13 1.62019
6 11 0 4 5 7 8 9 14 1.85164
6 11 0 4 5 7 8 10 12 1.62019
6 11 0 4 5 7 8 10 13 1.62019
6 11 0 4 5 7 8 10 14 1.85164
6 11 0 4 5 7 8 12 13 1.41421
6 11 0 4 5 7 8 12 14 1.62019
6 11 0 4 5 7 8 13 14 1.62019
6 11 0 4 5 7 9 10 12 1.85164
6 11 0 4 5 7 9 10 13 1.85164
6 11 0 4 5 7 9 10 14 2.07802
6 11 0 4 5 7 9 12 13 1.81265
6 11 0 4 5 7 9 12 14 1.93309
6 11 0 4 5 7 9 13 14 1.93309
6 11 0 4 5 7 10 12 13 1.62019
6 11 0 4 5 7 10 12 14 1.85164
6 11 0 4 5 7 10 13 14 1.85164
6 11 0 4 5 7 12 13 14 1.73205
6 11 0 4 5 8 9 10 12 2.13664
6 11 0 4 5 8 9 10 13 2.13664
6 11 0 4 5 8 9 10 14 2.28709
6 11 0 4 5 8 9 12 13 2
6 11 0 4 5 8 9 12 14 2.13664
6 11 0 4 5 8 9 13 14 2.13664
6 11 0 4 5 8 10 12 13 2
6 11 0 4 5 8 10 12 14 2.13664
6 11 0 4 5 8 10 13 14 2.13664
6 11 0 4 5 8 12 13 14 2
6 11 0 4 5 9 10 12 13 2.13664
6 11 0 4 5 9 10 12 14 2.28709
6 11 0 4 5 9 10 13 14 2.28709
6 11 0 4 5 9 12 13 14 2.16025
6 11 0 4 5 10 12 13 14 2.13664
6 11 0 4 7 8 9 10 12 1.85164
6 11 0 4 7 8 9 10 13 1.85164
6 11 0 4 7 8 9 10 14 2.00294
6 11 0 4 7 8 9 12 13 1.73205
6 11 0 4 7 8 9 12 14 1.85164
6 11 0 4 7 8 9 13 14 1.85164
6 11 0 4 7 8 10 12 13 1.73205
6 11 0 4 7 8 10 12 14 1.85164
6 11 0 4 7 8 10 13 14 1.85164
6 11 0 4 7 8 12 13 14 1.73205
6 11 0 4 7 9 10 12 13 1.85164
6 11 0 4 7 9 10 12 14 2.00294
6 11 0 4 7 9 10 13 14 2.00294
6 11 0 4 7 9 12 13 14 1.90693
6 11 0 4 7 10 12 13 14 1.85164
6 11 0 4 8 9 10 12 13 2.44949
6 11 0 4 8 9 10 12 14 2.52543
6 11 0 4 8 9 10 13 14 2.52543
6 11 0 4 8 9 12 13 14 2.44949
6 11 0 4 8 10 12 13 14 2.44949
6 11 0 4 9 10 12 13 14 2.52543
6 11 0 5 7 8 9 10 12 1.62019
6 11 0 5 7 8 9 10 13 1.62019
6 11 0 5 7 8 9 10 14 1.85164
6 11 0 5 7 8 9 12 13 1.41421
6 11 0 5 7 8 9 12 14 1.62019
6 11 0 5 7 8 9 13 14 1.62019
6 11 0 5 7 8 10 12 13 1.41421
6 11 0 5 7 8 10 12 14 1.62019
6 11 0 5 7 8 10 13 14 1.62019
6 11 0 5 7 8 12 13 14 1.41421
6 11 0 5 7 9 10 12 13 1.62019
6 11 0 5 7 9 10 12 14 1.85164
6 11 0 5 7 9 10 13 14 1.85164
6 11 0 5 7 9 12 13 14 1.81265
6 11 0 5 7 10 12 13 14 1.62019
6 11 0 5 8 9 10 12 13 2
6 11 0 5 8 9 10 12 14 2.13664
6 11 0 5 8 9 10 13 14 2.13664
6 11 0 5 8 9 12 13 14 2
6 11 0 5 8 10 12 13 14 2
6 11 0 5 9 10 12 13 14 2.13664
6 11 0 7 8 9 10 12 13 1.85164
6 11 0 7 8 9 10 12 14 1.93309
6 11 0 7 8 9 10 13 14 1.93309
6 11 0 7 8 9 12 13 14 1.90693
6 11 0 7 8 10 12 13 14 1.85164
6 11 0 7 9 10 12 13 14 1.93309
6 11 0 8 9 10 12 13 14 2.52543
6 11 1 2 3 4 5 7 8 1
6 11 1 2 3 4 5 7 9 1.41421
6 11 1 2 3 4 5 7 10 1
6 11 1 2 3 4 5 7 12 1.41421
6 11 1 2 3 4 5 7 13 1.41421
6 11 1 2 3 4 5 7 14 1
6 11 1 2 3 4 5 8 9 1
6 11 1 2 3 4 5 8 10 1
6 11 1 2 3 4 5 8 12 1
6 11 1 2 3 4 5 8 13 1
6 11 1 2 3 4 5 8 14 1
6 11 1 2 3 4 5 9 10 1
6 11 1 2 3 4 5 9 12 1.41421
6 11 1 2 3 4 5 9 13 1.41421
6 11 1 2 3 4 5 9 14 1
6 11 1 2 3 4 5 10 12 1
6 11 1 2 3 4 5 10 13 0
6 11 1 2 3 4 5 10 14 1
6 11 1 2 3 4 5 12 13 1.41421
6 11 1 2 3 4 5 12 14 1
6 11 1 2 3 4 5 13 14 1
6 11 1 2 3 4 7 8 9 1
6 11 1 2 3 4 7 8 10 1
6 11 1 2 3 4 7 8 12 1
6 11 1 2 3 4 7 8 13 1
6 11 1 2 3 4 7 8 14 1
6 11 1 2 3 4 7 9 10 1
6 11 1 2 3 4 7 9 12 1.41421
6 11 1 2 3 4 7 9 13 1.41421
6 11 1 2 3 4 7 9 14 1
6 11 1 2 3 4 7 10 12 1
6 11 1 2 3 4 7 10 13 0
6 11 1 2 3 4 7 10 14 1
6 11 1 2 3 4 7 12 13 1.41421
6 11 1 2 3 4 7 12 14 1
6 11 1 2 3 4 7 13 14 1
6 11 1 2 3 4 8 9 10 1
6 11 1 2 3 4 8 9 12 1
6 11 1 2 3 4 8 9 13 1
6 11 1 2 3 4 8 9 14 1
6 11 1 2 3 4 8 10 12 1
6 11 1 2 3 4 8 10 13 1
6 11 1 2 3 4 8 10 14 1
6 11 1 2 3 4 8 12 13 1
6 11 1 2 3 4 8 12 14 1
6 11 1 2 3 4 8 13 14 1
6 11 1 2 3 4 9 10 12 1
6 11 1 2 3 4 9 10 13 1
6 11 1 2 3 4 9 10 14 1
6 11 1 2 3 4 9 12 13 1.41421
6 11 1 2 3 4 9 12 14 1
6 11 1 2 3 4 9 13 14 1
6 11 1 2 3 4 10 12 13 1
6 11 1 2 3 4 10 12 14 1
6 11 1 2 3 4 10 13 14 1
6 11 1 2 3 4 12 13 14 1
6 11 1 2 3 5 7 8 9 1.41421
6 11 1 2 3 5 7 8 10 1
6 11 1 2 3 5 7 8 12 1.41421
6 11 1 2 3 5 7 8 13 1.41421
6 11 1 2 3 5 7 8 14 1
6 11 1 2 3 5 7 9 10 1
6 11 1 2 3 5 7 9 12 1.73205
6 11 1 2 3 5 7 9 13 1.73205
6 11 1 2 3 5 7 9 14 1.41421
6 11 1 2 3 5 7 10 12 1
6 11 1 2 3 5 7 10 13 0
6 11 1 2 3 5 7 10 14 1
6 11 1 2 3 5 7 12 13 1.73205
6 11 1 2 3 5 7 12 14 1.41421
6 11 1 2 3 5 7 13 14 1.41421
6 11 1 2 3 5 8 9 10 1
6 11 1 2 3 5 8 9 12 1.41421
6 11 1 2 3 5 8 9 13 1.41421
6 11 1 2 3 5 8 9 14 1
6 11 1 2 3 5 8 10 12 1
6 11 1 2 3 5 8 10 13 0
6 11 1 2 3 5 8 10 14 1
6 11 1 2 3 5 8 12 13 1.41421
6 11 1 2 3 5 8 12 14 1
6 11 1 2 3 5 8 13 14 1
6 11 1 2 3 5 9 10 12 1
6 11 1 2 3 5 9 10 13 0
6 11 1 2 3 5 9 10 14 1
6 11 1 2 3 5 9 12 13 1.73205
6 11 1 2 3 5 9 12 14 1.41421
6 11 1 2 3 5 9 13 14 1.41421
6 11 1 2 3 5 10 12 13 0
6 11 1 2 3 5 10 12 14 1
6 11 1 2 3 5 10 13 14 0
6 11 1 2 3 5 12 13 14 1.41421
6 11 1 2 3 7 8 9 10 1
6 11 1 2 3 7 8 9 12 1.62019
6 11 1 2 3 7 8 9 13 1.62019
6 11 1 2 3 7 8 9 14 1.41421
6 11 1 2 3 7 8 10 12 1
6 11 1 2 3 7 8 10 13 1
6 11 1 2 3 7 8 10 14 1
6 11 1 2 3 7 8 12 13 1.62019
6 11 1 2 3 7 8 12 14 1.41421
6 11 1 2 3 7 8 13 14 1.41421
6 11 1 2 3 7 9 10 12 1
6 11 1 2 3 7 9 10 13 1
6 11 1 2 3 7 9 10 14 1
6 11 1 2 3 7 9 12 13 1.85164
6 11 1 2 3 7 9 12 14 1.62019
6 11 1 2 3 7 9 13 14 1.62019
6 11 1 2 3 7 10 12 13 1
6 11 1 2 3 7 10 12 14 1
6 11 1 2 3 7 10 13 14 1
6 11 1 2 3 7 12 13 14 1.62019
6 11 1 2 3 8 9 10 12 1.41421
6 11 1 2 3 8 9 10 13 1.41421
6 11 1 2 3 8 9 10 14 1.41421
6 11 1 2 3 8 9 12 13 1.73205
6 11 1 2 3 8 9 12 14 1.62019
6 11 1 2 3 8 9 13 14 1.62019
6 11 1 2 3 8 10 12 13 1.41421
6 11 1 2 3 8 10 12 14 1.41421
6 11 1 2 3 8 10 13 14 1.41421
6 11 1 2 3 8 12 13 14 1.62019
6 11 1 2 3 9 10 12 13 1.41421
6 11 1 2 3 9 10 12 14 1.41421
6 11 1 2 3 9 10 13 14 1.41421
6 11 1 2 3 9 12 13 14 1.73205
6 11 1 2 3 10 12 13 14 1.41421
6 11 1 2 4 5 7 8 9 1
6 11 1 2 4 5 7 8 10 1
6 11 1 2 4 5 7 8 12 1
6 11 1 2 4 5 7 8 13 1
6 11 1 2 4 5 7 8 14 1
6 11 1 2 4 5 7 9 10 1
6 11 1 2 4 5 7 9 12 1.41421
6 11 1 2 4 5 7 9 13 1.41421
6 11 1 2 4 5 7 9 14 1
6 11 1 2 4 5 7 10 12 1
6 11 1 2 4 5 7 10 13 0
6 11 1 2 4 5 7 10 14 1
6 11 1 2 4 5 7 12 13 1.41421
6 11 1 2 4 5 7 12 14 1
6 11 1 2 4 5 7 13 14 1
6 11 1 2 4 5 8 9 10 1
6 11 1 2 4 5 8 9 12 1
6 11 1 2 4 5 8 9 13 1
6 11 1 2 4 5 8 9 14 1
6 11 1 2 4 5 8 10 12 1
6 11 1 2 4 5 8 10 13 1
6 11 1 2 4 5 8 10 14 1
6 11 1 2 4 5 8 12 13 1
6 11 1 2 4 5 8 12 14 1
6 11 1 2 4 5 8 13 14 1
6 11 1 2 4 5 9 10 12 1
6 11 1 2 4 5 9 10 13 1
6 11 1 2 4 5 9 10 14 1
6 11 1 2 4 5 9 12 13 1.41421
6 11 1 2 4 5 9 12 14 1
6 11 1 2 4 5 9 13 14 1
6 11 1 2 4 5 10 12 13 1
6 11 1 2 4 5 10 12 14 1
6 11 1 2 4 5 10 13 14 1
6 11 1 2 4 5 12 13 14 1
6 11 1 2 4 7 8 9 10 1
6 11 1 2 4 7 8 9 12 1
6 11 1 2 4 7 8 9 13 1
6 11 1 2 4 7 8 9 14 1
6 11 1 2 4 7 8 10 12 1
6 11 1 2 4 7 8 10 13 0
6 11 1 2 4 7 8 10 14 1
6 11 1 2 4 7 8 12 13 1
6 11 1 2 4 7 8 12 14 1
6 11 1 2 4 7 8 13 14 0
6 11 1 2 4 7 9 10 12 1
6 11 1 2 4 7 9 10 13 0
6 11 1 2 4 7 9 10 14 1
6 11 1 2 4 7 9 12 13 1.41421
6 11 1 2 4 7 9 12 14 1
6 11 1 2 4 7 9 13 14 1
6 11 1 2 4 7 10 12 13 0
6 11 1 2 4 7 10 12 14 1
6 11 1 2 4 7 10 13 14 0
6 11 1 2 4 7 12 13 14 1
6 11 1 2 4 8 9 10 12 1.41421
6 11 1 2 4 8 9 10 13 1.41421
6 11 1 2 4 8 9 10 14 1.41421
6 11 1 2 4 8 9 12 13 1.41421
6 11 1 2 4 8 9 12 14 1.41421
6 11 1 2 4 8 9 13 14 1.41421
6 11 1 2 4 8 10 12 13 1.41421
6 11 1 2 4 8 10 12 14 1.41421
6 11 1 2 4 8 10 13 14 1.41421
6 11 1 2 4 8 12 13 14 1.41421
6 11 1 2 4 9 10 12 13 1.41421
6 11 1 2 4 9 10 12 14 1.41421
6 11 1 2 4 9 10 13 14 1.41421
6 11 1 2 4 9 12 13 14 1.41421
6 11 1 2 4 10 12 13 14 1.41421
6 11 1 2 5 7 8 9 10 1
6 11 1 2 5 7 8 9 12 1.41421
6 11 1 2 5 7 8 9 13 1.41421
6 11 1 2 5 7 8 9 14 1
6 11 1 2 5 7 8 10 12 1
6 11 1 2 5 7 8 10 13 0
6 11 1 2 5 7 8 10 14 1
6 11 1 2 5 7 8 12 13 1.41421
6 11 1 2 5 7 8 12 14 1
6 11 1 2 5 7 8 13 14 1
6 11 1 2 5 7 9 10 12 1
6 11 1 2 5 7 9 10 13 0
6 11 1 2 5 7 9 10 14 1
6 11 1 2 5 7 9 12 13 1.73205
6 11 1 2 5 7 9 12 14 1.41421
6 11 1 2 5 7 9 13 14 1.41421
6 11 1 2 5 7 10 12 13 0
6 11 1 2 5 7 10 12 14 1
6 11 1 2 5 7 10 13 14 0
6 11 1 2 5 7 12 13 14 1.41421
6 11 1 2 5 8 9 10 12 1
6 11 1 2 5 8 9 10 13 1
6 11 1 2 5 8 9 10 14 1
6 11 1 2 5 8 9 12 13 1.41421
6 11 1 2 5 8 9 12 14 1
6 11 1 2 5 8 9 13 14 1
6 11 1 2 5 8 10 12 13 1
6 11 1 2 5 8 10 12 14 1
6 11 1 2 5 8 10 13 14 1
6 11 1 2 5 8 12 13 14 1
6 11 1 2 5 9 10 12 13 1
6 11 1 2 5 9 10 12 14 1
6 11 1 2 5 9 10 13 14 1
6 11 1 2 5 9 12 13 14 1.41421
6 11 1 2 5 10 12 13 14 1
6 11 1 2 7 8 9 10 12 1
6 11 1 2 7 8 9 10 13 1
6 11 1 2 7 8 9 10 14 1
6 11 1 2 7 8 9 12 13 1.62019
6 11 1 2 7 8 9 12 14 1.41421
6 11 1 2 7 8 9 13 14 1.41421
6 11 1 2 7 8 10 12 13 1
6 11 1 2 7 8 10 12 14 1
6 11 1 2 7 8 10 13 14 1
6 11 1 2 7 8 12 13 14 1.41421
6 11 1 2 7 9 10 12 13 1
6 11 1 2 7 9 10 12 14 1
6 11 1 2 7 9 10 13 14 1
6 11 1 2 7 9 12 13 14 1.62019
6 11 1 2 7 10 12 13 14 1
6 11 1 2 8 9 10 12 13 1.62019
6 11 1 2 8 9 10 12 14 1.62019
6 11 1 2 8 9 10 13 14 1.62019
6 11 1 2 8 9 12 13 14 1.73205
6 11 1 2 8 10 12 13 14 1.62019
6 11 1 2 9 10 12 13 14 1.62019
6 11 1 3 4 5 7 8 9 1
6 11 1 3 4 5 7 8 10 1
6 11 1 3 4 5 7 8 12 1
6 11 1 3 4 5 7 8 13 1
6 11 1 3 4 5 7 8 14 1
6 11 1 3 4 5 7 9 10 1
6 11 1 3 4 5 7 9 12 1.41421
6 11 1 3 4 5 7 9 13 1.41421
6 11 1 3 4 5 7 9 14 1
6 11 1 3 4 5 7 10 12 1
6 11 1 3 4 5 7 10 13 0
6 11 1 3 4 5 7 10 14 1
6 11 1 3 4 5 7 12 13 1.41421
6 11 1 3 4 5 7 12 14 1
6 11 1 3 4 5 7 13 14 1
6 11 1 3 4 5 8 9 10 1
6 11 1 3 4 5 8 9 12 1
6 11 1 3 4 5 8 9 13 1
6 11 1 3 4 5 8 9 14 1
6 11 1 3 4 5 8 10 12 1
6 11 1 3 4 5 8 10 13 0
6 11 1 3 4 5 8 10 14 1
6 11 1 3 4 5 8 12 13 1
6 11 1 3 4 5 8 12 14 1
6 11 1 3 4 5 8 13 14 0
6 11 1 3 4 5 9 10 12 1
6 11 1 3 4 5 9 10 13 0
6 11 1 3 4 5 9 10 14 1
6 11 1 3 4 5 9 12 13 1.41421
6 11 1 3 4 5 9 12 14 1
6 11 1 3 4 5 9 13 14 1
6 11 1 3 4 5 10 12 13 0
6 11 1 3 4 5 10 12 14 1
6 11 1 3 4 5 10 13 14 0
6 11 1 3 4 5 12 13 14 1
6 11 1 3 4 7 8 9 10 1
6 11 1 3 4 7 8 9 12 1
6 11 1 3 4 7 8 9 13 1
6 11 1 3 4 7 8 9 14 1
6 11 1 3 4 7 8 10 12 1
6 11 1 3 4 7 8 10 13 1
6 11 1 3 4 7 8 10 14 1
6 11 1 3 4 7 8 12 13 1
6 11 1 3 4 7 8 12 14 1
6 11 1 3 4 7 8 13 14 1
6 11 1 3 4 7 9 10 12 1
6 11 1 3 4 7 9 10 13 1
6 11 1 3 4 7 9 10 14 1
6 11 1 3 4 7 9 12 13 1.41421
6 11 1 3 4 7 9 12 14 1
6 11 1 3 4 7 9 13 14 1
6 11 1 3 4 7 10 12 13 1
6 11 1 3 4 7 10 12 14 1
6 11 1 3 4 7 10 13 14 1
6 11 1 3 4 7 12 13 14 1
6 11 1 3 4 8 9 10 12 1.41421
6 11 1 3 4 8 9 10 13 1.41421
6 11 1 3 4 8 9 10 14 1.41421
6 11 1 3 4 8 9 12 13 1.41421
6 11 1 3 4 8 9 12 14 1.41421
6 11 1 3 4 8 9 13 14 1.41421
6 11 1 3 4 8 10 12 13 1.41421
6 11 1 3 4 8 10 12 14 1.41421
6 11 1 3 4 8 10 13 14 1.41421
6 11 1 3 4 8 12 13 14 1.41421
6 11 1 3 4 9 10 12 13 1.41421
6 11 1 3 4 9 10 12 14 1.41421
6 11 1 3 4 9 10 13 14 1.41421
6 11 1 3 4 9 12 13 14 1.41421
6 11 1 3 4 10 12 13 14 1.41421
6 11 1 3 5 7 8 9 10 1
6 11 1 3 5 7 8 9 12 1.41421
6 11 1 3 5 7 8 9 13 1.41421
6 11 1 3 5 7 8 9 14 1
6 11 1 3 5 7 8 10 12 1
6 11 1 3 5 7 8 10 13 0
6 11 1 3 5 7 8 10 14 1
6 11 1 3 5 7 8 12 13 1.41421
6 11 1 3 5 7 8 12 14 1
6 11 1 3 5 7 8 13 14 1
6 11 1 3 5 7 9 10 12 1
6 11 1 3 5 7 9 10 13 0
6 11 1 3 5 7 9 10 14 1
6 11 1 3 5 7 9 12 13 1.73205
6 11 1 3 5 7 9 12 14 1.41421
6 11 1 3 5 7 9 13 14 1.41421
6 11 1 3 5 7 10 12 13 0
6 11 1 3 5 7 10 12 14 1
6 11 1 3 5 7 10 13 14 0
6 11 1 3 5 7 12 13 14 1.41421
6 11 1 3 5 8 9 10 12 1
6 11 1 3 5 8 9 10 13 0
6 11 1 3 5 8 9 10 14 1
6 11 1 3 5 8 9 12 13 1.41421
6 11 1 3 5 8 9 12 14 1
6 11 1 3 5 8 9 13 14 1
6 11 1 3 5 8 10 12 13 0
6 11 1 3 5 8 10 12 14 1
6 11 1 3 5 8 10 13 14 0
6 11 1 3 5 8 12 13 14 1
6 11 1 3 5 9 10 12 13 0
6 11 1 3 5 9 10 12 14 1
6 11 1 3 5 9 10 13 14 0
6 11 1 3 5 9 12 13 14 1.41421
6 11 1 3 5 10 12 13 14 0
6 11 1 3 7 8 9 10 12 1.41421
6 11 1 3 7 8 9 10 13 1.41421
6 11 1 3 7 8 9 10 14 1.41421
6 11 1 3 7 8 9 12 13 1.73205
6 11 1 3 7 8 9 12 14 1.62019
6 11 1 3 7 8 9 13 14 1.62019
6 11 1 3 7 8 10 12 13 1.41421
6 11 1 3 7 8 10 12 14 1.41421
6 11 1 3 7 8 10 13 14 1.41421
6 11 1 3 7 8 12 13 14 1.62019
6 11 1 3 7 9 10 12 13 1.41421
6 11 1 3 7 9 10 12 14 1.41421
6 11 1 3 7 9 10 13 14 1.41421
6 11 1 3 7 9 12 13 14 1.73205
6 11 1 3 7 10 12 13 14 1.41421
6 11 1 3 8 9 10 12 13 1.73205
6 11 1 3 8 9 10 12 14 1.73205
6 11 1 3 8 9 10 13 14 1.73205
6 11 1 3 8 9 12 13 14 1.85164
6 11 1 3 8 10 12 13 14 1.73205
6 11 1 3 9 10 12 13 14 1.73205
6 11 1 4 5 7 8 9 10 1
6 11 1 4 5 7 8 9 12 1
6 11 1 4 5 7 8 9 13 1
6 11 1 4 5 7 8 9 14 1
6 11 1 4 5 7 8 10 12 1
6 11 1 4 5 7 8 10 13 1
6 11 1 4 5 7 8 10 14 1
6 11 1 4 5 7 8 12 13 1
6 11 1 4 5 7 8 12 14 1
6 11 1 4 5 7 8 13 14 1
6 11 1 4 5 7 9 10 12 1
6 11 1 4 5 7 9 10 13 1
6 11 1 4 5 7 9 10 14 1
6 11 1 4 5 7 9 12 13 1.41421
6 11 1 4 5 7 9 12 14 1
6 11 1 4 5 7 9 13 14 1
6 11 1 4 5 7 10 12 13 1
6 11 1 4 5 7 10 12 14 1
6 11 1 4 5 7 10 13 14 1
6 11 1 4 5 7 12 13 14 1
6 11 1 4 5 8 9 10 12 1.41421
6 11 1 4 5 8 9 10 13 1.41421
6 11 1 4 5 8 9 10 14 1.41421
6 11 1 4 5 8 9 12 13 1.41421
6 11 1 4 5 8 9 12 14 1.41421
6 11 1 4 5 8 9 13 14 1.41421
6 11 1 4 5 8 10 12 13 1.41421
6 11 1 4 5 8 10 12 14 1.41421
6 11 1 4 5 8 10 13 14 1.41421
6 11 1 4 5 8 12 13 14 1.41421
6 11 1 4 5 9 10 12 13 1.41421
6 11 1 4 5 9 10 12 14 1.41421
6 11 1 4 5 9 10 13 14 1.41421
6 11 1 4 5 9 12 13 14 1.41421
6 11 1 4 5 10 12 13 14 1.41421
6 11 1 4 7 8 9 10 12 1.41421
6 11 1 4 7 8 9 10 13 1.41421
6 11 1 4 7 8 9 10 14 1.41421
6 11 1 4 7 8 9 12 13 1.41421
6 11 1 4 7 8 9 12 14 1.41421
6 11 1 4 7 8 9 13 14 1.41421
6 11 1 4 7 8 10 12 13 1.41421
6 11 1 4 7 8 10 12 14 1.41421
6 11 1 4 7 8 10 13 14 1.41421
6 11 1 4 7 8 12 13 14 1.41421
6 11 1 4 7 9 10 12 13 1.41421
6 11 1 4 7 9 10 12 14 1.41421
6 11 1 4 7 9 10 13 14 1.41421
6 11 1 4 7 9 12 13 14 1.41421
6 11 1 4 7 10 12 13 14 1.41421
6 11 1 4 8 9 10 12 13 2
6 11 1 4 8 9 10 12 14 2
6 11 1 4 8 9 10 13 14 2
6 11 1 4 8 9 12 13 14 2
6 11 1 4 8 10 12 13 14 2
6 11 1 4 9 10 12 13 14 2
6 11 1 5 7 8 9 10 12 1
6 11 1 5 7 8 9 10 13 1
6 11 1 5 7 8 9 10 14 1
6 11 1 5 7 8 9 12 13 1.41421
6 11 1 5 7 8 9 12 14 1
6 11 1 5 7 8 9 13 14 1
6 11 1 5 7 8 10 12 13 1
6 11 1 5 7 8 10 12 14 1
6 11 1 5 7 8 10 13 14 1
6 11 1 5 7 8 12 13 14 1
6 11 1 5 7 9 10 12 13 1
6 11 1 5 7 9 10 12 14 1
6 11 1 5 7 9 10 13 14 1
6 11 1 5 7 9 12 13 14 1.41421
6 11 1 5 7 10 12 13 14 1
6 11 1 5 8 9 10 12 13 1.41421
6 11 1 5 8 9 10 12 14 1.41421
6 11 1 5 8 9 10 13 14 1.41421
6 11 1 5 8 9 12 13 14 1.41421
6 11 1 5 8 10 12 13 14 1.41421
6 11 1 5 9 10 12 13 14 1.41421
6 11 1 7 8 9 10 12 13 1.62019
6 11 1 7 8 9 10 12 14 1.62019
6 11 1 7 8 9 10 13 14 1.62019
6 11 1 7 8 9 12 13 14 1.73205
6 11 1 7 8 10 12 13 14 1.62019
6 11 1 7 9 10 12 13 14 1.62019
6 11 1 8 9 10 12 13 14 2.13664
6 11 2 3 4 5 7 8 9 1.62019
6 11 2 3 4 5 7 8 10 1.62019
6 11 2 3 4 5 7 8 12 1.41421
6 11 2 3 4 5 7 8 13 1
6 11 2 3 4 5 7 8 14 1.62019
6 11 2 3 4 5 7 9 10 1.85164
6 11 2 3 4 5 7 9 12 1.81265
6 11 2 3 4 5 7 9 13 1.73205
6 11 2 3 4 5 7 9 14 1.93309
6 11 2 3 4 5 7 10 12 1.62019
6 11 2 3 4 5 7 10 13 1.41421
6 11 2 3 4 5 7 10 14 1.85164
6 11 2 3 4 5 7 12 13 1.62019
6 11 2 3 4 5 7 12 14 1.73205
6 11 2 3 4 5 7 13 14 1.62019
6 11 2 3 4 5 8 9 10 1.85164
6 11 2 3 4 5 8 9 12 1.62019
6 11 2 3 4 5 8 9 13 1.41421
6 11 2 3 4 5 8 9 14 1.85164
6 11 2 3 4 5 8 10 12 1.62019
6 11 2 3 4 5 8 10 13 1.41421
6 11 2 3 4 5 8 10 14 1.85164
6 11 2 3 4 5 8 12 13 1
6 11 2 3 4 5 8 12 14 1.62019
6 11 2 3 4 5 8 13 14 1.41421
6 11 2 3 4 5 9 10 12 1.85164
6 11 2 3 4 5 9 10 13 1.73205
6 11 2 3 4 5 9 10 14 2.07802
6 11 2 3 4 5 9 12 13 1.73205
6 11 2 3 4 5 9 12 14 1.93309
6 11 2 3 4 5 9 13 14 1.85164
6 11 2 3 4 5 10 12 13 1.41421
6 11 2 3 4 5 10 12 14 1.85164
6 11 2 3 4 5 10 13 14 1.73205
6 11 2 3 4 5 12 13 14 1.62019
6 11 2 3 4 7 8 9 10 1.62019
6 11 2 3 4 7 8 9 12 1.41421
6 11 2 3 4 7 8 9 13 1
6 11 2 3 4 7 8 9 14 1.62019
6 11 2 3 4 7 8 10 12 1.41421
6 11 2 3 4 7 8 10 13 1
6 11 2 3 4 7 8 10 14 1.62019
6 11 2 3 4 7 8 12 13 1
6 11 2 3 4 7 8 12 14 1.41421
6 11 2 3 4 7 8 13 14 1
6 11 2 3 4 7 9 10 12 1.62019
6 11 2 3 4 7 9 10 13 1.41421
6 11 2 3 4 7 9 10 14 1.85164
6 11 2 3 4 7 9 12 13 1.62019
6 11 2 3 4 7 9 12 14 1.73205
6 11 2 3 4 7 9 13 14 1.62019
6 11 2 3 4 7 10 12 13 1
6 11 2 3 4 7 10 12 14 1.62019
6 11 2 3 4 7 10 13 14 1.41421
6 11 2 3 4 7 12 13 14 1.41421
6 11 2 3 4 8 9 10 12 1.73205
6 11 2 3 4 8 9 10 13 1.62019
6 11 2 3 4 8 9 10 14 1.93309
6 11 2 3 4 8 9 12 13 1.41421
6 11 2 3 4 8 9 12 14 1.73205
6 11 2 3 4 8 9 13 14 1.62019
6 11 2 3 4 8 10 12 13 1.41421
6 11 2 3 4 8 10 12 14 1.73205
6 11 2 3 4 8 10 13 14 1.62019
6 11 2 3 4 8 12 13 14 1.41421
6 11 2 3 4 9 10 12 13 1.62019
6 11 2 3 4 9 10 12 14 1.93309
6 11 2 3 4 9 10 13 14 1.85164
6 11 2 3 4 9 12 13 14 1.73205
6 11 2 3 4 10 12 13 14 1.62019
6 11 2 3 5 7 8 9 10 1.62019
6 11 2 3 5 7 8 9 12 1.41421
6 11 2 3 5 7 8 9 13 1.41421
6 11 2 3 5 7 8 9 14 1.62019
6 11 2 3 5 7 8 10 12 1.41421
6 11 2 3 5 7 8 10 13 1
6 11 2 3 5 7 8 10 14 1.62019
6 11 2 3 5 7 8 12 13 1.41421
6 11 2 3 5 7 8 12 14 1.41421
6 11 2 3 5 7 8 13 14 1
6 11 2 3 5 7 9 10 12 1.62019
6 11 2 3 5 7 9 10 13 1.41421
6 11 2 3 5 7 9 10 14 1.85164
6 11 2 3 5 7 9 12 13 1.85164
6 11 2 3 5 7 9 12 14 1.81265
6 11 2 3 5 7 9 13 14 1.73205
6 11 2 3 5 7 10 12 13 1
6 11 2 3 5 7 10 12 14 1.62019
6 11 2 3 5 7 10 13 14 1.41421
6 11 2 3 5 7 12 13 14 1.62019
6 11 2 3 5 8 9 10 12 1.62019
6 11 2 3 5 8 9 10 13 1.41421
6 11 2 3 5 8 9 10 14 1.85164
6 11 2 3 5 8 9 12 13 1.41421
6 11 2 3 5 8 9 12 14 1.62019
6 11 2 3 5 8 9 13 14 1.41421
6 11 2 3 5 8 10 12 13 1
6 11 2 3 5 8 10 12 14 1.62019
6 11 2 3 5 8 10 13 14 1.41421
6 11 2 3 5 8 12 13 14 1
6 11 2 3 5 9 10 12 13 1.41421
6 11 2 3 5 9 10 12 14 1.85164
6 11 2 3 5 9 10 13 14 1.73205
6 11 2 3 5 9 12 13 14 1.73205
6 11 2 3 5 10 12 13 14 1.41421
6 11 2 3 7 8 9 10 12 1.41421
6 11 2 3 7 8 9 10 13 1
6 11 2 3 7 8 9 10 14 1.62019
6 11 2 3 7 8 9 12 13 1.62019
6 11 2 3 7 8 9 12 14 1.41421
6 11 2 3 7 8 9 13 14 1.41421
6 11 2 3 7 8 10 12 13 1
6 11 2 3 7 8 10 12 14 1.41421
6 11 2 3 7 8 10 13 14 1
6 11 2 3 7 8 12 13 14 1.41421
6 11 2 3 7 9 10 12 13 1
6 11 2 3 7 9 10 12 14 1.62019
6 11 2 3 7 9 10 13 14 1.41421
6 11 2 3 7 9 12 13 14 1.73205
6 11 2 3 7 10 12 13 14 1
6 11 2 3 8 9 10 12 13 1.62019
6 11 2 3 8 9 10 12 14 1.81265
6 11 2 3 8 9 10 13 14 1.73205
6 11 2 3 8 9 12 13 14 1.73205
6 11 2 3 8 10 12 13 14 1.62019
6 11 2 3 9 10 12 13 14 1.73205
6 11 2 4 5 7 8 9 10 1.62019
6 11 2 4 5 7 8 9 12 1.41421
6 11 2 4 5 7 8 9 13 1
6 11 2 4 5 7 8 9 14 1.62019
6 11 2 4 5 7 8 10 12 1.41421
6 11 2 4 5 7 8 10 13 1
6 11 2 4 5 7 8 10 14 1.62019
6 11 2 4 5 7 8 12 13 1
6 11 2 4 5 7 8 12 14 1.41421
6 11 2 4 5 7 8 13 14 1
6 11 2 4 5 7 9 10 12 1.62019
6 11 2 4 5 7 9 10 13 1.41421
6 11 2 4 5 7 9 10 14 1.85164
6 11 2 4 5 7 9 12 13 1.62019
6 11 2 4 5 7 9 12 14 1.73205
6 11 2 4 5 7 9 13 14 1.62019
6 11 2 4 5 7 10 12 13 1
6 11 2 4 5 7 10 12 14 1.62019
6 11 2 4 5 7 10 13 14 1.41421
6 11 2 4 5 7 12 13 14 1.41421
6 11 2 4 5 8 9 10 12 1.73205
6 11 2 4 5 8 9 10 13 1.62019
6 11 2 4 5 8 9 10 14 1.93309
6 11 2 4 5 8 9 12 13 1.41421
6 11 2 4 5 8 9 12 14 1.73205
6 11 2 4 5 8 9 13 14 1.62019
6 11 2 4 5 8 10 12 13 1.41421
6 11 2 4 5 8 10 12 14 1.73205
6 11 2 4 5 8 10 13 14 1.62019
6 11 2 4 5 8 12 13 14 1.41421
6 11 2 4 5 9 10 12 13 1.62019
6 11 2 4 5 9 10 12 14 1.93309
6 11 2 4 5 9 10 13 14 1.85164
6 11 2 4 5 9 12 13 14 1.73205
6 11 2 4 5 10 12 13 14 1.62019
6 11 2 4 7 8 9 10 12 1.41421
6 11 2 4 7 8 9 10 13 1
6 11 2 4 7 8 9 10 14 1.62019
6 11 2 4 7 8 9 12 13 1
6 11 2 4 7 8 9 12 14 1.41421
6 11 2 4 7 8 9 13 14 1
6 11 2 4 7 8 10 12 13 0
6 11 2 4 7 8 10 12 14 1.41421
6 11 2 4 7 8 10 13 14 1
6 11 2 4 7 8 12 13 14 0
6 11 2 4 7 9 10 12 13 1
6 11 2 4 7 9 10 12 14 1.62019
6 11 2 4 7 9 10 13 14 1.41421
6 11 2 4 7 9 12 13 14 1.41421
6 11 2 4 7 10 12 13 14 1
6 11 2 4 8 9 10 12 13 1.73205
6 11 2 4 8 9 10 12 14 1.90693
6 11 2 4 8 9 10 13 14 1.85164
6 11 2 4 8 9 12 13 14 1.73205
6 11 2 4 8 10 12 13 14 1.73205
6 11 2 4 9 10 12 13 14 1.85164
6 11 2 5 7 8 9 10 12 1.41421
6 11 2 5 7 8 9 10 13 1
6 11 2 5 7 8 9 10 14 1.62019
6 11 2 5 7 8 9 12 13 1.41421
6 11 2 5 7 8 9 12 14 1.41421
6 11 2 5 7 8 9 13 14 1
6 11 2 5 7 8 10 12 13 0
6 11 2 5 7 8 10 12 14 1.41421
6 11 2 5 7 8 10 13 14 1
6 11 2 5 7 8 12 13 14 1
6 11 2 5 7 9 10 12 13 1
6 11 2 5 7 9 10 12 14 1.62019
6 11 2 5 7 9 10 13 14 1.41421
6 11 2 5 7 9 12 13 14 1.62019
6 11 2 5 7 10 12 13 14 1
6 11 2 5 8 9 10 12 13 1.41421
6 11 2 5 8 9 10 12 14 1.73205
6 11 2 5 8 9 10 13 14 1.62019
6 11 2 5 8 9 12 13 14 1.41421
6 11 2 5 8 10 12 13 14 1.41421
6 11 2 5 9 10 12 13 14 1.62019
6 11 2 7 8 9 10 12 13 1
6 11 2 7 8 9 10 12 14 1.41421
6 11 2 7 8 9 10 13 14 1
6 11 2 7 8 9 12 13 14 1.41421
6 11 2 7 8 10 12 13 14 1
6 11 2 7 9 10 12 13 14 1
6 11 2 8 9 10 12 13 14 1.85164
6 11 3 4 5 7 8 9 10 1.85164
6 11 3 4 5 7 8 9 12 1.62019
6 11 3 4 5 7 8 9 13 1.41421
6 11 3 4 5 7 8 9 14 1.85164
6 11 3 4 5 7 8 10 12 1.62019
6 11 3 4 5 7 8 10 13 1.41421
6 11 3 4 5 7 8 10 14 1.85164
6 11 3 4 5 7 8 12 13 1
6 11 3 4 5 7 8 12 14 1.62019
6 11 3 4 5 7 8 13 14 1.41421
6 11 3 4 5 7 9 10 12 1.85164
6 11 3 4 5 7 9 10 13 1.73205
6 11 3 4 5 7 9 10 14 2.07802
6 11 3 4 5 7 9 12 13 1.73205
6 11 3 4 5 7 9 12 14 1.93309
6 11 3 4 5 7 9 13 14 1.85164
6 11 3 4 5 7 10 12 13 1.41421
6 11 3 4 5 7 10 12 14 1.85164
6 11 3 4 5 7 10 13 14 1.73205
6 11 3 4 5 7 12 13 14 1.62019
6 11 3 4 5 8 9 10 12 1.85164
6 11 3 4 5 8 9 10 13 1.73205
6 11 3 4 5 8 9 10 14 2.07802
6 11 3 4 5 8 9 12 13 1.41421
6 11 3 4 5 8 9 12 14 1.85164
6 11 3 4 5 8 9 13 14 1.73205
6 11 3 4 5 8 10 12 13 1.41421
6 11 3 4 5 8 10 12 14 1.85164
6 11 3 4 5 8 10 13 14 1.73205
6 11 3 4 5 8 12 13 14 1.41421
6 11 3 4 5 9 10 12 13 1.73205
6 11 3 4 5 9 10 12 14 2.07802
6 11 3 4 5 9 10 13 14 2
6 11 3 4 5 9 12 13 14 1.85164
6 11 3 4 5 10 12 13 14 1.73205
6 11 3 4 7 8 9 10 12 1.73205
6 11 3 4 7 8 9 10 13 1.62019
6 11 3 4 7 8 9 10 14 1.93309
6 11 3 4 7 8 9 12 13 1.41421
6 11 3 4 7 8 9 12 14 1.73205
6 11 3 4 7 8 9 13 14 1.62019
6 11 3 4 7 8 10 12 13 1.41421
6 11 3 4 7 8 10 12 14 1.73205
6 11 3 4 7 8 10 13 14 1.62019
6 11 3 4 7 8 12 13 14 1.41421
6 11 3 4 7 9 10 12 13 1.62019
6 11 3 4 7 9 10 12 14 1.93309
6 11 3 4 7 9 10 13 14 1.85164
6 11 3 4 7 9 12 13 14 1.73205
6 11 3 4 7 10 12 13 14 1.62019
6 11 3 4 8 9 10 12 13 2
6 11 3 4 8 9 10 12 14 2.16025
6 11 3 4 8 9 10 13 14 2.13664
6 11 3 4 8 9 12 13 14 2
6 11 3 4 8 10 12 13 14 2
6 11 3 4 9 10 12 13 14 2.13664
6 11 3 5 7 8 9 10 12 1.62019
6 11 3 5 7 8 9 10 13 1.41421
6 11 3 5 7 8 9 10 14 1.85164
6 11 3 5 7 8 9 12 13 1.41421
6 11 3 5 7 8 9 12 14 1.62019
6 11 3 5 7 8 9 13 14 1.41421
6 11 3 5 7 8 10 12 13 1
6 11 3 5 7 8 10 12 14 1.62019
6 11 3 5 7 8 10 13 14 1.41421
6 11 3 5 7 8 12 13 14 1
6 11 3 5 7 9 10 12 13 1.41421
6 11 3 5 7 9 10 12 14 1.85164
6 11 3 5 7 9 10 13 14 1.73205
6 11 3 5 7 9 12 13 14 1.73205
6 11 3 5 7 10 12 13 14 1.41421
6 11 3 5 8 9 10 12 13 1.41421
6 11 3 5 8 9 10 12 14 1.85164
6 11 3 5 8 9 10 13 14 1.73205
6 11 3 5 8 9 12 13 14 1.41421
6 11 3 5 8 10 12 13 14 1.41421
6 11 3 5 9 10 12 13 14 1.73205
6 11 3 7 8 9 10 12 13 1.62019
6 11 3 7 8 9 10 12 14 1.81265
6 11 3 7 8 9 10 13 14 1.73205
6 11 3 7 8 9 12 13 14 1.73205
6 11 3 7 8 10 12 13 14 1.62019
6 11 3 7 9 10 12 13 14 1.73205
6 11 3 8 9 10 12 13 14 2.13664
6 11 4 5 7 8 9 10 12 1.73205
6 11 4 5 7 8 9 10 13 1.62019
6 11 4 5 7 8 9 10 14 1.93309
6 11 4 5 7 8 9 12 13 1.41421
6 11 4 5 7 8 9 12 14 1.73205
6 11 4 5 7 8 9 13 14 1.62019
6 11 4 5 7 8 10 12 13 1.41421
6 11 4 5 7 8 10 12 14 1.73205
6 11 4 5 7 8 10 13 14 1.62019
6 11 4 5 7 8 12 13 14 1.41421
6 11 4 5 7 9 10 12 13 1.62019
6 11 4 5 7 9 10 12 14 1.93309
6 11 4 5 7 9 10 13 14 1.85164
6 11 4 5 7 9 12 13 14 1.73205
6 11 4 5 7 10 12 13 14 1.62019
6 11 4 5 8 9 10 12 13 2
6 11 4 5 8 9 10 12 14 2.16025
6 11 4 5 8 9 10 13 14 2.13664
6 11 4 5 8 9 12 13 14 2
6 11 4 5 8 10 12 13 14 2
6 11 4 5 9 10 12 13 14 2.13664
6 11 4 7 8 9 10 12 13 1.73205
6 11 4 7 8 9 10 12 14 1.90693
6 11 4 7 8 9 10 13 14 1.85164
6 11 4 7 8 9 12 13 14 1.73205
6 11 4 7 8 10 12 13 14 1.73205
6 11 4 7 9 10 12 13 14 1.85164
6 11 4 8 9 10 12 13 14 2.44949
6 11 5 7 8 9 10 12 13 1.41421
6 11 5 7 8 9 10 12 14 1.73205
6 11 5 7 8 9 10 13 14 1.62019
6 11 5 7 8 9 12 13 14 1.41421
6 11 5 7 8 10 12 13 14 1.41421
6 11 5 7 9 10 12 13 14 1.62019
6 11 5 8 9 10 12 13 14 2
6 11 7 8 9 10 12 13 14 1.85164
