6 11 0 1 2 3 4 5 7 8 9 1
6 11 0 1 2 3 4 5 7 8 10 0
6 11 0 1 2 3 4 5 7 8 12 1
6 11 0 1 2 3 4 5 7 8 13 1
6 11 0 1 2 3 4 5 7 8 14 0
6 11 0 1 2 3 4 5 7 9 10 0
6 11 0 1 2 3 4 5 7 9 12 1.41421
6 11 0 1 2 3 4 5 7 9 13 1.41421
6 11 0 1 2 3 4 5 7 9 14 1
6 11 0 1 2 3 4 5 7 10 12 0
6 11 0 1 2 3 4 5 7 10 13 0
6 11 0 1 2 3 4 5 7 10 14 0
6 11 0 1 2 3 4 5 7 12 13 1.41421
6 11 0 1 2 3 4 5 7 12 14 1
6 11 0 1 2 3 4 5 7 13 14 1
6 11 0 1 2 3 4 5 8 9 10 0
6 11 0 1 2 3 4 5 8 9 12 1
6 11 0 1 2 3 4 5 8 9 13 1
6 11 0 1 2 3 4 5 8 9 14 0
6 11 0 1 2 3 4 5 8 10 12 0
6 11 0 1 2 3 4 5 8 10 13 0
6 11 0 1 2 3 4 5 8 10 14 0
6 11 0 1 2 3 4 5 8 12 13 1
6 11 0 1 2 3 4 5 8 12 14 0
6 11 0 1 2 3 4 5 8 13 14 0
6 11 0 1 2 3 4 5 9 10 12 0
6 11 0 1 2 3 4 5 9 10 13 0
6 11 0 1 2 3 4 5 9 10 14 0
6 11 0 1 2 3 4 5 9 12 13 1.41421
6 11 0 1 2 3 4 5 9 12 14 1
6 11 0 1 2 3 4 5 9 13 14 1
6 11 0 1 2 3 4 5 10 12 13 0
6 11 0 1 2 3 4 5 10 12 14 0
6 11 0 1 2 3 4 5 10 13 14 0
6 11 0 1 2 3 4 5 12 13 14 1
6 11 0 1 2 3 4 7 8 9 10 0
6 11 0 1 2 3 4 7 8 9 12 1
6 11 0 1 2 3 4 7 8 9 13 1
6 11 0 1 2 3 4 7 8 9 14 0
6 11 0 1 2 3 4 7 8 10 12 0
6 11 0 1 2 3 4 7 8 10 13 0
6 11 0 1 2 3 4 7 8 10 14 0
6 11 0 1 2 3 4 7 8 12 13 1
6 11 0 1 2 3 4 7 8 12 14 0
6 11 0 1 2 3 4 7 8 13 14 0
6 11 0 1 2 3 4 7 9 10 12 0
6 11 0 1 2 3 4 7 9 10 13 0
6 11 0 1 2 3 4 7 9 10 14 0
6 11 0 1 2 3 4 7 9 12 13 1.41421
6 11 0 1 2 3 4 7 9 12 14 1
6 11 0 1 2 3 4 7 9 13 14 1
6 11 0 1 2 3 4 7 10 12 13 0
6 11 0 1 2 3 4 7 10 12 14 0
6 11 0 1 2 3 4 7 10 13 14 0
6 11 0 1 2 3 4 7 12 13 14 1
6 11 0 1 2 3 4 8 9 10 12 1
6 11 0 1 2 3 4 8 9 10 13 1
6 11 0 1 2 3 4 8 9 10 14 1
6 11 0 1 2 3 4 8 9 12 13 1
6 11 0 1 2 3 4 8 9 12 14 1
6 11 0 1 2 3 4 8 9 13 14 1
6 11 0 1 2 3 4 8 10 12 13 1
6 11 0 1 2 3 4 8 10 12 14 1
6 11 0 1 2 3 4 8 10 13 14 1
6 11 0 1 2 3 4 8 12 13 14 1
6 11 0 1 2 3 4 9 10 12 13 1
6 11 0 1 2 3 4 9 10 12 14 1
6 11 0 1 2 3 4 9 10 13 14 1
6 11 0 1 2 3 4 9 12 13 14 1
6 11 0 1 2 3 4 10 12 13 14 1
6 11 0 1 2 3 5 7 8 9 10 0
6 11 0 1 2 3 5 7 8 9 12 1.41421
6 11 0 1 2 3 5 7 8 9 13 1.41421
6 11 0 1 2 3 5 7 8 9 14 1
6 11 0 1 2 3 5 7 8 10 12 0
6 11 0 1 2 3 5 7 8 10 13 0
6 11 0 1 2 3 5 7 8 10 14 0
6 11 0 1 2 3 5 7 8 12 13 1.41421
6 11 0 1 2 3 5 7 8 12 14 1
6 11 0 1 2 3 5 7 8 13 14 1
6 11 0 1 2 3 5 7 9 10 12 0
6 11 0 1 2 3 5 7 9 10 13 0
6 11 0 1 2 3 5 7 9 10 14 0
6 11 0 1 2 3 5 7 9 12 13 1.73205
6 11 0 1 2 3 5 7 9 12 14 1.41421
6 11 0 1 2 3 5 7 9 13 14 1.41421
6 11 0 1 2 3 5 7 10 12 13 0
6 11 0 1 2 3 5 7 10 12 14 0
6 11 0 1 2 3 5 7 10 13 14 0
6 11 0 1 2 3 5 7 12 13 14 1.41421
6 11 0 1 2 3 5 8 9 10 12 0
6 11 0 1 2 3 5 8 9 10 13 0
6 11 0 1 2 3 5 8 9 10 14 0
6 11 0 1 2 3 5 8 9 12 13 1.41421
6 11 0 1 2 3 5 8 9 12 14 1
6 11 0 1 2 3 5 8 9 13 14 1
6 11 0 1 2 3 5 8 10 12 13 0
6 11 0 1 2 3 5 8 10 12 14 0
6 11 0 1 2 3 5 8 10 13 14 0
6 11 0 1 2 3 5 8 12 13 14 1
6 11 0 1 2 3 5 9 10 12 13 0
6 11 0 1 2 3 5 9 10 12 14 0
6 11 0 1 2 3 5 9 10 13 14 0
6 11 0 1 2 3 5 9 12 13 14 1.41421
6 11 0 1 2 3 5 10 12 13 14 0
6 11 0 1 2 3 7 8 9 10 12 1
6 11 0 1 2 3 7 8 9 10 13 1
6 11 0 1 2 3 7 8 9 10 14 1
6 11 0 1 2 3 7 8 9 12 13 1.62019
6 11 0 1 2 3 7 8 9 12 14 1.41421
6 11 0 1 2 3 7 8 9 13 14 1.41421
6 11 0 1 2 3 7 8 10 12 13 1
6 11 0 1 2 3 7 8 10 12 14 1
6 11 0 1 2 3 7 8 10 13 14 1
6 11 0 1 2 3 7 8 12 13 14 1.41421
6 11 0 1 2 3 7 9 10 12 13 1
6 11 0 1 2 3 7 9 10 12 14 1
6 11 0 1 2 3 7 9 10 13 14 1
6 11 0 1 2 3 7 9 12 13 14 1.62019
6 11 0 1 2 3 7 10 12 13 14 1
6 11 0 1 2 3 8 9 10 12 13 1.41421
6 11 0 1 2 3 8 9 10 12 14 1.41421
6 11 0 1 2 3 8 9 10 13 14 1.41421
6 11 0 1 2 3 8 9 12 13 14 1.62019
6 11 0 1 2 3 8 10 12 13 14 1.41421
6 11 0 1 2 3 9 10 12 13 14 1.41421
6 11 0 1 2 4 5 7 8 9 10 0
6 11 0 1 2 4 5 7 8 9 12 1
6 11 0 1 2 4 5 7 8 9 13 1
6 11 0 1 2 4 5 7 8 9 14 0
6 11 0 1 2 4 5 7 8 10 12 0
6 11 0 1 2 4 5 7 8 10 13 0
6 11 0 1 2 4 5 7 8 10 14 0
6 11 0 1 2 4 5 7 8 12 13 1
6 11 0 1 2 4 5 7 8 12 14 0
6 11 0 1 2 4 5 7 8 13 14 0
6 11 0 1 2 4 5 7 9 10 12 0
6 11 0 1 2 4 5 7 9 10 13 0
6 11 0 1 2 4 5 7 9 10 14 0
6 11 0 1 2 4 5 7 9 12 13 1.41421
6 11 0 1 2 4 5 7 9 12 14 1
6 11 0 1 2 4 5 7 9 13 14 1
6 11 0 1 2 4 5 7 10 12 13 0
6 11 0 1 2 4 5 7 10 12 14 0
6 11 0 1 2 4 5 7 10 13 14 0
6 11 0 1 2 4 5 7 12 13 14 1
6 11 0 1 2 4 5 8 9 10 12 1
6 11 0 1 2 4 5 8 9 10 13 1
6 11 0 1 2 4 5 8 9 10 14 1
6 11 0 1 2 4 5 8 9 12 13 1
6 11 0 1 2 4 5 8 9 12 14 1
6 11 0 1 2 4 5 8 9 13 14 1
6 11 0 1 2 4 5 8 10 12 13 1
6 11 0 1 2 4 5 8 10 12 14 1
6 11 0 1 2 4 5 8 10 13 14 1
6 11 0 1 2 4 5 8 12 13 14 1
6 11 0 1 2 4 5 9 10 12 13 1
6 11 0 1 2 4 5 9 10 12 14 1
6 11 0 1 2 4 5 9 10 13 14 1
6 11 0 1 2 4 5 9 12 13 14 1
6 11 0 1 2 4 5 10 12 13 14 1
6 11 0 1 2 4 7 8 9 10 12 0
6 11 0 1 2 4 7 8 9 10 13 0
6 11 0 1 2 4 7 8 9 10 14 0
6 11 0 1 2 4 7 8 9 12 13 1
6 11 0 1 2 4 7 8 9 12 14 0
6 11 0 1 2 4 7 8 9 13 14 0
6 11 0 1 2 4 7 8 10 12 13 0
6 11 0 1 2 4 7 8 10 12 14 0
6 11 0 1 2 4 7 8 10 13 14 0
6 11 0 1 2 4 7 8 12 13 14 0
6 11 0 1 2 4 7 9 10 12 13 0
6 11 0 1 2 4 7 9 10 12 14 0
6 11 0 1 2 4 7 9 10 13 14 0
6 11 0 1 2 4 7 9 12 13 14 1
6 11 0 1 2 4 7 10 12 13 14 0
6 11 0 1 2 4 8 9 10 12 13 1.41421
6 11 0 1 2 4 8 9 10 12 14 1.41421
6 11 0 1 2 4 8 9 10 13 14 1.41421
6 11 0 1 2 4 8 9 12 13 14 1.41421
6 11 0 1 2 4 8 10 12 13 14 1.41421
6 11 0 1 2 4 9 10 12 13 14 1.41421
6 11 0 1 2 5 7 8 9 10 12 0
6 11 0 1 2 5 7 8 9 10 13 0
6 11 0 1 2 5 7 8 9 10 14 0
6 11 0 1 2 5 7 8 9 12 13 1.41421
6 11 0 1 2 5 7 8 9 12 14 1
6 11 0 1 2 5 7 8 9 13 14 1
6 11 0 1 2 5 7 8 10 12 13 0
6 11 0 1 2 5 7 8 10 12 14 0
6 11 0 1 2 5 7 8 10 13 14 0
6 11 0 1 2 5 7 8 12 13 14 1
6 11 0 1 2 5 7 9 10 12 13 0
6 11 0 1 2 5 7 9 10 12 14 0
6 11 0 1 2 5 7 9 10 13 14 0
6 11 0 1 2 5 7 9 12 13 14 1.41421
6 11 0 1 2 5 7 10 12 13 14 0
6 11 0 1 2 5 8 9 10 12 13 1
6 11 0 1 2 5 8 9 10 12 14 1
6 11 0 1 2 5 8 9 10 13 14 1
6 11 0 1 2 5 8 9 12 13 14 1
6 11 0 1 2 5 8 10 12 13 14 1
6 11 0 1 2 5 9 10 12 13 14 1
6 11 0 1 2 7 8 9 10 12 13 1
6 11 0 1 2 7 8 9 10 12 14 1
6 11 0 1 2 7 8 9 10 13 14 1
6 11 0 1 2 7 8 9 12 13 14 1.41421
6 11 0 1 2 7 8 10 12 13 14 1
6 11 0 1 2 7 9 10 12 13 14 1
6 11 0 1 2 8 9 10 12 13 14 1.62019
6 11 0 1 3 4 5 7 8 9 10 0
6 11 0 1 3 4 5 7 8 9 12 1
6 11 0 1 3 4 5 7 8 9 13 1
6 11 0 1 3 4 5 7 8 9 14 0
6 11 0 1 3 4 5 7 8 10 12 0
6 11 0 1 3 4 5 7 8 10 13 0
6 11 0 1 3 4 5 7 8 10 14 0
6 11 0 1 3 4 5 7 8 12 13 1
6 11 0 1 3 4 5 7 8 12 14 0
6 11 0 1 3 4 5 7 8 13 14 0
6 11 0 1 3 4 5 7 9 10 12 0
6 11 0 1 3 4 5 7 9 10 13 0
6 11 0 1 3 4 5 7 9 10 14 0
6 11 0 1 3 4 5 7 9 12 13 1.41421
6 11 0 1 3 4 5 7 9 12 14 1
6 11 0 1 3 4 5 7 9 13 14 1
6 11 0 1 3 4 5 7 10 12 13 0
6 11 0 1 3 4 5 7 10 12 14 0
6 11 0 1 3 4 5 7 10 13 14 0
6 11 0 1 3 4 5 7 12 13 14 1
6 11 0 1 3 4 5 8 9 10 12 0
6 11 0 1 3 4 5 8 9 10 13 0
6 11 0 1 3 4 5 8 9 10 14 0
6 11 0 1 3 4 5 8 9 12 13 1
6 11 0 1 3 4 5 8 9 12 14 0
6 11 0 1 3 4 5 8 9 13 14 0
6 11 0 1 3 4 5 8 10 12 13 0
6 11 0 1 3 4 5 8 10 12 14 0
6 11 0 1 3 4 5 8 10 13 14 0
6 11 0 1 3 4 5 8 12 13 14 0
6 11 0 1 3 4 5 9 10 12 13 0
6 11 0 1 3 4 5 9 10 12 14 0
6 11 0 1 3 4 5 9 10 13 14 0
6 11 0 1 3 4 5 9 12 13 14 1
6 11 0 1 3 4 5 10 12 13 14 0
6 11 0 1 3 4 7 8 9 10 12 1
6 11 0 1 3 4 7 8 9 10 13 1
6 11 0 1 3 4 7 8 9 10 14 1
6 11 0 1 3 4 7 8 9 12 13 1
6 11 0 1 3 4 7 8 9 12 14 1
6 11 0 1 3 4 7 8 9 13 14 1
6 11 0 1 3 4 7 8 10 12 13 1
6 11 0 1 3 4 7 8 10 12 14 1
6 11 0 1 3 4 7 8 10 13 14 1
6 11 0 1 3 4 7 8 12 13 14 1
6 11 0 1 3 4 7 9 10 12 13 1
6 11 0 1 3 4 7 9 10 12 14 1
6 11 0 1 3 4 7 9 10 13 14 1
6 11 0 1 3 4 7 9 12 13 14 1
6 11 0 1 3 4 7 10 12 13 14 1
6 11 0 1 3 4 8 9 10 12 13 1.41421
6 11 0 1 3 4 8 9 10 12 14 1.41421
6 11 0 1 3 4 8 9 10 13 14 1.41421
6 11 0 1 3 4 8 9 12 13 14 1.41421
6 11 0 1 3 4 8 10 12 13 14 1.41421
6 11 0 1 3 4 9 10 12 13 14 1.41421
6 11 0 1 3 5 7 8 9 10 12 0
6 11 0 1 3 5 7 8 9 10 13 0
6 11 0 1 3 5 7 8 9 10 14 0
6 11 0 1 3 5 7 8 9 12 13 1.41421
6 11 0 1 3 5 7 8 9 12 14 1
6 11 0 1 3 5 7 8 9 13 14 1
6 11 0 1 3 5 7 8 10 12 13 0
6 11 0 1 3 5 7 8 10 12 14 0
6 11 0 1 3 5 7 8 10 13 14 0
6 11 0 1 3 5 7 8 12 13 14 1
6 11 0 1 3 5 7 9 10 12 13 0
6 11 0 1 3 5 7 9 10 12 14 0
6 11 0 1 3 5 7 9 10 13 14 0
6 11 0 1 3 5 7 9 12 13 14 1.41421
6 11 0 1 3 5 7 10 12 13 14 0
6 11 0 1 3 5 8 9 10 12 13 0
6 11 0 1 3 5 8 9 10 12 14 0
6 11 0 1 3 5 8 9 10 13 14 0
6 11 0 1 3 5 8 9 12 13 14 1
6 11 0 1 3 5 8 10 12 13 14 0
6 11 0 1 3 5 9 10 12 13 14 0
6 11 0 1 3 7 8 9 10 12 13 1.41421
6 11 0 1 3 7 8 9 10 12 14 1.41421
6 11 0 1 3 7 8 9 10 13 14 1.41421
6 11 0 1 3 7 8 9 12 13 14 1.62019
6 11 0 1 3 7 8 10 12 13 14 1.41421
6 11 0 1 3 7 9 10 12 13 14 1.41421
6 11 0 1 3 8 9 10 12 13 14 1.73205
6 11 0 1 4 5 7 8 9 10 12 1
6 11 0 1 4 5 7 8 9 10 13 1
6 11 0 1 4 5 7 8 9 10 14 1
6 11 0 1 4 5 7 8 9 12 13 1
6 11 0 1 4 5 7 8 9 12 14 1
6 11 0 1 4 5 7 8 9 13 14 1
6 11 0 1 4 5 7 8 10 12 13 1
6 11 0 1 4 5 7 8 10 12 14 1
6 11 0 1 4 5 7 8 10 13 14 1
6 11 0 1 4 5 7 8 12 13 14 1
6 11 0 1 4 5 7 9 10 12 13 1
6 11 0 1 4 5 7 9 10 12 14 1
6 11 0 1 4 5 7 9 10 13 14 1
6 11 0 1 4 5 7 9 12 13 14 1
6 11 0 1 4 5 7 10 12 13 14 1
6 11 0 1 4 5 8 9 10 12 13 1.41421
6 11 0 1 4 5 8 9 10 12 14 1.41421
6 11 0 1 4 5 8 9 10 13 14 1.41421
6 11 0 1 4 5 8 9 12 13 14 1.41421
6 11 0 1 4 5 8 10 12 13 14 1.41421
6 11 0 1 4 5 9 10 12 13 14 1.41421
6 11 0 1 4 7 8 9 10 12 13 1.41421
6 11 0 1 4 7 8 9 10 12 14 1.41421
6 11 0 1 4 7 8 9 10 13 14 1.41421
6 11 0 1 4 7 8 9 12 13 14 1.41421
6 11 0 1 4 7 8 10 12 13 14 1.41421
6 11 0 1 4 7 9 10 12 13 14 1.41421
6 11 0 1 4 8 9 10 12 13 14 2
6 11 0 1 5 7 8 9 10 12 13 1
6 11 0 1 5 7 8 9 10 12 14 1
6 11 0 1 5 7 8 9 10 13 14 1
6 11 0 1 5 7 8 9 12 13 14 1
6 11 0 1 5 7 8 10 12 13 14 1
6 11 0 1 5 7 9 10 12 13 14 1
6 11 0 1 5 8 9 10 12 13 14 1.41421
6 11 0 1 7 8 9 10 12 13 14 1.62019
6 11 0 2 3 4 5 7 8 9 10 1.41421
6 11 0 2 3 4 5 7 8 9 12 1
6 11 0 2 3 4 5 7 8 9 13 1
6 11 0 2 3 4 5 7 8 9 14 1.41421
6 11 0 2 3 4 5 7 8 10 12 1
6 11 0 2 3 4 5 7 8 10 13 1
6 11 0 2 3 4 5 7 8 10 14 1.41421
6 11 0 2 3 4 5 7 8 12 13 1
6 11 0 2 3 4 5 7 8 12 14 1
6 11 0 2 3 4 5 7 8 13 14 1
6 11 0 2 3 4 5 7 9 10 12 1.41421
6 11 0 2 3 4 5 7 9 10 13 1.41421
6 11 0 2 3 4 5 7 9 10 14 1.73205
6 11 0 2 3 4 5 7 9 12 13 1.62019
6 11 0 2 3 4 5 7 9 12 14 1.62019
6 11 0 2 3 4 5 7 9 13 14 1.62019
6 11 0 2 3 4 5 7 10 12 13 1
6 11 0 2 3 4 5 7 10 12 14 1.41421
6 11 0 2 3 4 5 7 10 13 14 1.41421
6 11 0 2 3 4 5 7 12 13 14 1.41421
6 11 0 2 3 4 5 8 9 10 12 1.41421
6 11 0 2 3 4 5 8 9 10 13 1.41421
6 11 0 2 3 4 5 8 9 10 14 1.73205
6 11 0 2 3 4 5 8 9 12 13 1
6 11 0 2 3 4 5 8 9 12 14 1.41421
6 11 0 2 3 4 5 8 9 13 14 1.41421
6 11 0 2 3 4 5 8 10 12 13 1
6 11 0 2 3 4 5 8 10 12 14 1.41421
6 11 0 2 3 4 5 8 10 13 14 1.41421
6 11 0 2 3 4 5 8 12 13 14 1
6 11 0 2 3 4 5 9 10 12 13 1.41421
6 11 0 2 3 4 5 9 10 12 14 1.73205
6 11 0 2 3 4 5 9 10 13 14 1.73205
6 11 0 2 3 4 5 9 12 13 14 1.62019
6 11 0 2 3 4 5 10 12 13 14 1.41421
6 11 0 2 3 4 7 8 9 10 12 1
6 11 0 2 3 4 7 8 9 10 13 1
6 11 0 2 3 4 7 8 9 10 14 1.41421
6 11 0 2 3 4 7 8 9 12 13 1
6 11 0 2 3 4 7 8 9 12 14 1
6 11 0 2 3 4 7 8 9 13 14 1
6 11 0 2 3 4 7 8 10 12 13 0
6 11 0 2 3 4 7 8 10 12 14 1
6 11 0 2 3 4 7 8 10 13 14 1
6 11 0 2 3 4 7 8 12 13 14 0
6 11 0 2 3 4 7 9 10 12 13 1
6 11 0 2 3 4 7 9 10 12 14 1.41421
6 11 0 2 3 4 7 9 10 13 14 1.41421
6 11 0 2 3 4 7 9 12 13 14 1.41421
6 11 0 2 3 4 7 10 12 13 14 1
6 11 0 2 3 4 8 9 10 12 13 1.41421
6 11 0 2 3 4 8 9 10 12 14 1.62019
6 11 0 2 3 4 8 9 10 13 14 1.62019
6 11 0 2 3 4 8 9 12 13 14 1.41421
6 11 0 2 3 4 8 10 12 13 14 1.41421
6 11 0 2 3 4 9 10 12 13 14 1.62019
6 11 0 2 3 5 7 8 9 10 12 1
6 11 0 2 3 5 7 8 9 10 13 1
6 11 0 2 3 5 7 8 9 10 14 1.41421
6 11 0 2 3 5 7 8 9 12 13 1.41421
6 11 0 2 3 5 7 8 9 12 14 1
6 11 0 2 3 5 7 8 9 13 14 1
6 11 0 2 3 5 7 8 10 12 13 0
6 11 0 2 3 5 7 8 10 12 14 1
6 11 0 2 3 5 7 8 10 13 14 1
6 11 0 2 3 5 7 8 12 13 14 1
6 11 0 2 3 5 7 9 10 12 13 1
6 11 0 2 3 5 7 9 10 12 14 1.41421
6 11 0 2 3 5 7 9 10 13 14 1.41421
6 11 0 2 3 5 7 9 12 13 14 1.62019
6 11 0 2 3 5 7 10 12 13 14 1
6 11 0 2 3 5 8 9 10 12 13 1
6 11 0 2 3 5 8 9 10 12 14 1.41421
6 11 0 2 3 5 8 9 10 13 14 1.41421
6 11 0 2 3 5 8 9 12 13 14 1
6 11 0 2 3 5 8 10 12 13 14 1
6 11 0 2 3 5 9 10 12 13 14 1.41421
6 11 0 2 3 7 8 9 10 12 13 1
6 11 0 2 3 7 8 9 10 12 14 1
6 11 0 2 3 7 8 9 10 13 14 1
6 11 0 2 3 7 8 9 12 13 14 1.41421
6 11 0 2 3 7 8 10 12 13 14 1
6 11 0 2 3 7 9 10 12 13 14 1
6 11 0 2 3 8 9 10 12 13 14 1.62019
6 11 0 2 4 5 7 8 9 10 12 1
6 11 0 2 4 5 7 8 9 10 13 1
6 11 0 2 4 5 7 8 9 10 14 1.41421
6 11 0 2 4 5 7 8 9 12 13 1
6 11 0 2 4 5 7 8 9 12 14 1
6 11 0 2 4 5 7 8 9 13 14 1
6 11 0 2 4 5 7 8 10 12 13 0
6 11 0 2 4 5 7 8 10 12 14 1
6 11 0 2 4 5 7 8 10 13 14 1
6 11 0 2 4 5 7 8 12 13 14 0
6 11 0 2 4 5 7 9 10 12 13 1
6 11 0 2 4 5 7 9 10 12 14 1.41421
6 11 0 2 4 5 7 9 10 13 14 1.41421
6 11 0 2 4 5 7 9 12 13 14 1.41421
6 11 0 2 4 5 7 10 12 13 14 1
6 11 0 2 4 5 8 9 10 12 13 1.41421
6 11 0 2 4 5 8 9 10 12 14 1.62019
6 11 0 2 4 5 8 9 10 13 14 1.62019
6 11 0 2 4 5 8 9 12 13 14 1.41421
6 11 0 2 4 5 8 10 12 13 14 1.41421
6 11 0 2 4 5 9 10 12 13 14 1.62019
6 11 0 2 4 7 8 9 10 12 13 0
6 11 0 2 4 7 8 9 10 12 14 1
6 11 0 2 4 7 8 9 10 13 14 1
6 11 0 2 4 7 8 9 12 13 14 0
6 11 0 2 4 7 8 10 12 13 14 0
6 11 0 2 4 7 9 10 12 13 14 1
6 11 0 2 4 8 9 10 12 13 14 1.73205
6 11 0 2 5 7 8 9 10 12 13 0
6 11 0 2 5 7 8 9 10 12 14 1
6 11 0 2 5 7 8 9 10 13 14 1
6 11 0 2 5 7 8 9 12 13 14 1
6 11 0 2 5 7 8 10 12 13 14 0
6 11 0 2 5 7 9 10 12 13 14 1
6 11 0 2 5 8 9 10 12 13 14 1.41421
6 11 0 2 7 8 9 10 12 13 14 1
6 11 0 3 4 5 7 8 9 10 12 1.41421
6 11 0 3 4 5 7 8 9 10 13 1.41421
6 11 0 3 4 5 7 8 9 10 14 1.73205
6 11 0 3 4 5 7 8 9 12 13 1
6 11 0 3 4 5 7 8 9 12 14 1.41421
6 11 0 3 4 5 7 8 9 13 14 1.41421
6 11 0 3 4 5 7 8 10 12 13 1
6 11 0 3 4 5 7 8 10 12 14 1.41421
6 11 0 3 4 5 7 8 10 13 14 1.41421
6 11 0 3 4 5 7 8 12 13 14 1
6 11 0 3 4 5 7 9 10 12 13 1.41421
6 11 0 3 4 5 7 9 10 12 14 1.73205
6 11 0 3 4 5 7 9 10 13 14 1.73205
6 11 0 3 4 5 7 9 12 13 14 1.62019
6 11 0 3 4 5 7 10 12 13 14 1.41421
6 11 0 3 4 5 8 9 10 12 13 1.41421
6 11 0 3 4 5 8 9 10 12 14 1.73205
6 11 0 3 4 5 8 9 10 13 14 1.73205
6 11 0 3 4 5 8 9 12 13 14 1.41421
6 11 0 3 4 5 8 10 12 13 14 1.41421
6 11 0 3 4 5 9 10 12 13 14 1.73205
6 11 0 3 4 7 8 9 10 12 13 1.41421
6 11 0 3 4 7 8 9 10 12 14 1.62019
6 11 0 3 4 7 8 9 10 13 14 1.62019
6 11 0 3 4 7 8 9 12 13 14 1.41421
6 11 0 3 4 7 8 10 12 13 14 1.41421
6 11 0 3 4 7 9 10 12 13 14 1.62019
6 11 0 3 4 8 9 10 12 13 14 2
6 11 0 3 5 7 8 9 10 12 13 1
6 11 0 3 5 7 8 9 10 12 14 1.41421
6 11 0 3 5 7 8 9 10 13 14 1.41421
6 11 0 3 5 7 8 9 12 13 14 1
6 11 0 3 5 7 8 10 12 13 14 1
6 11 0 3 5 7 9 10 12 13 14 1.41421
6 11 0 3 5 8 9 10 12 13 14 1.41421
6 11 0 3 7 8 9 10 12 13 14 1.62019
6 11 0 4 5 7 8 9 10 12 13 1.41421
6 11 0 4 5 7 8 9 10 12 14 1.62019
6 11 0 4 5 7 8 9 10 13 14 1.62019
6 11 0 4 5 7 8 9 12 13 14 1.41421
6 11 0 4 5 7 8 10 12 13 14 1.41421
6 11 0 4 5 7 9 10 12 13 14 1.62019
6 11 0 4 5 8 9 10 12 13 14 2
6 11 0 4 7 8 9 10 12 13 14 1.73205
6 11 0 5 7 8 9 10 12 13 14 1.41421
6 11 1 2 3 4 5 7 8 9 10 1
6 11 1 2 3 4 5 7 8 9 12 1
6 11 1 2 3 4 5 7 8 9 13 1
6 11 1 2 3 4 5 7 8 9 14 1
6 11 1 2 3 4 5 7 8 10 12 1
6 11 1 2 3 4 5 7 8 10 13 0
6 11 1 2 3 4 5 7 8 10 14 1
6 11 1 2 3 4 5 7 8 12 13 1
6 11 1 2 3 4 5 7 8 12 14 1
6 11 1 2 3 4 5 7 8 13 14 0
6 11 1 2 3 4 5 7 9 10 12 1
6 11 1 2 3 4 5 7 9 10 13 0
6 11 1 2 3 4 5 7 9 10 14 1
6 11 1 2 3 4 5 7 9 12 13 1.41421
6 11 1 2 3 4 5 7 9 12 14 1
6 11 1 2 3 4 5 7 9 13 14 1
6 11 1 2 3 4 5 7 10 12 13 0
6 11 1 2 3 4 5 7 10 12 14 1
6 11 1 2 3 4 5 7 10 13 14 0
6 11 1 2 3 4 5 7 12 13 14 1
6 11 1 2 3 4 5 8 9 10 12 1
6 11 1 2 3 4 5 8 9 10 13 0
6 11 1 2 3 4 5 8 9 10 14 1
6 11 1 2 3 4 5 8 9 12 13 1
6 11 1 2 3 4 5 8 9 12 14 1
6 11 1 2 3 4 5 8 9 13 14 0
6 11 1 2 3 4 5 8 10 12 13 0
6 11 1 2 3 4 5 8 10 12 14 1
6 11 1 2 3 4 5 8 10 13 14 0
6 11 1 2 3 4 5 8 12 13 14 0
6 11 1 2 3 4 5 9 10 12 13 0
6 11 1 2 3 4 5 9 10 12 14 1
6 11 1 2 3 4 5 9 10 13 14 0
6 11 1 2 3 4 5 9 12 13 14 1
6 11 1 2 3 4 5 10 12 13 14 0
6 11 1 2 3 4 7 8 9 10 12 1
6 11 1 2 3 4 7 8 9 10 13 0
6 11 1 2 3 4 7 8 9 10 14 1
6 11 1 2 3 4 7 8 9 12 13 1
6 11 1 2 3 4 7 8 9 12 14 1
6 11 1 2 3 4 7 8 9 13 14 0
6 11 1 2 3 4 7 8 10 12 13 0
6 11 1 2 3 4 7 8 10 12 14 1
6 11 1 2 3 4 7 8 10 13 14 0
6 11 1 2 3 4 7 8 12 13 14 0
6 11 1 2 3 4 7 9 10 12 13 0
6 11 1 2 3 4 7 9 10 12 14 1
6 11 1 2 3 4 7 9 10 13 14 0
6 11 1 2 3 4 7 9 12 13 14 1
6 11 1 2 3 4 7 10 12 13 14 0
6 11 1 2 3 4 8 9 10 12 13 1
6 11 1 2 3 4 8 9 10 12 14 1
6 11 1 2 3 4 8 9 10 13 14 1
6 11 1 2 3 4 8 9 12 13 14 1
6 11 1 2 3 4 8 10 12 13 14 1
6 11 1 2 3 4 9 10 12 13 14 1
6 11 1 2 3 5 7 8 9 10 12 1
6 11 1 2 3 5 7 8 9 10 13 0
6 11 1 2 3 5 7 8 9 10 14 1
6 11 1 2 3 5 7 8 9 12 13 1.41421
6 11 1 2 3 5 7 8 9 12 14 1
6 11 1 2 3 5 7 8 9 13 14 1
6 11 1 2 3 5 7 8 10 12 13 0
6 11 1 2 3 5 7 8 10 12 14 1
6 11 1 2 3 5 7 8 10 13 14 0
6 11 1 2 3 5 7 8 12 13 14 1
6 11 1 2 3 5 7 9 10 12 13 0
6 11 1 2 3 5 7 9 10 12 14 1
6 11 1 2 3 5 7 9 10 13 14 0
6 11 1 2 3 5 7 9 12 13 14 1.41421
6 11 1 2 3 5 7 10 12 13 14 0
6 11 1 2 3 5 8 9 10 12 13 0
6 11 1 2 3 5 8 9 10 12 14 1
6 11 1 2 3 5 8 9 10 13 14 0
6 11 1 2 3 5 8 9 12 13 14 1
6 11 1 2 3 5 8 10 12 13 14 0
6 11 1 2 3 5 9 10 12 13 14 0
6 11 1 2 3 7 8 9 10 12 13 1
6 11 1 2 3 7 8 9 10 12 14 1
6 11 1 2 3 7 8 9 10 13 14 1
6 11 1 2 3 7 8 9 12 13 14 1.41421
6 11 1 2 3 7 8 10 12 13 14 1
6 11 1 2 3 7 9 10 12 13 14 1
6 11 1 2 3 8 9 10 12 13 14 1.41421
6 11 1 2 4 5 7 8 9 10 12 1
6 11 1 2 4 5 7 8 9 10 13 0
6 11 1 2 4 5 7 8 9 10 14 1
6 11 1 2 4 5 7 8 9 12 13 1
6 11 1 2 4 5 7 8 9 12 14 1
6 11 1 2 4 5 7 8 9 13 14 0
6 11 1 2 4 5 7 8 10 12 13 0
6 11 1 2 4 5 7 8 10 12 14 1
6 11 1 2 4 5 7 8 10 13 14 0
6 11 1 2 4 5 7 8 12 13 14 0
6 11 1 2 4 5 7 9 10 12 13 0
6 11 1 2 4 5 7 9 10 12 14 1
6 11 1 2 4 5 7 9 10 13 14 0
6 11 1 2 4 5 7 9 12 13 14 1
6 11 1 2 4 5 7 10 12 13 14 0
6 11 1 2 4 5 8 9 10 12 13 1
6 11 1 2 4 5 8 9 10 12 14 1
6 11 1 2 4 5 8 9 10 13 14 1
6 11 1 2 4 5 8 9 12 13 14 1
6 11 1 2 4 5 8 10 12 13 14 1
6 11 1 2 4 5 9 10 12 13 14 1
6 11 1 2 4 7 8 9 10 12 13 0
6 11 1 2 4 7 8 9 10 12 14 1
6 11 1 2 4 7 8 9 10 13 14 0
6 11 1 2 4 7 8 9 12 13 14 0
6 11 1 2 4 7 8 10 12 13 14 0
6 11 1 2 4 7 9 10 12 13 14 0
6 11 1 2 4 8 9 10 12 13 14 1.41421
6 11 1 2 5 7 8 9 10 12 13 0
6 11 1 2 5 7 8 9 10 12 14 1
6 11 1 2 5 7 8 9 10 13 14 0
6 11 1 2 5 7 8 9 12 13 14 1
6 11 1 2 5 7 8 10 12 13 14 0
6 11 1 2 5 7 9 10 12 13 14 0
6 11 1 2 5 8 9 10 12 13 14 1
6 11 1 2 7 8 9 10 12 13 14 1
6 11 1 3 4 5 7 8 9 10 12 1
6 11 1 3 4 5 7 8 9 10 13 0
6 11 1 3 4 5 7 8 9 10 14 1
6 11 1 3 4 5 7 8 9 12 13 1
6 11 1 3 4 5 7 8 9 12 14 1
6 11 1 3 4 5 7 8 9 13 14 0
6 11 1 3 4 5 7 8 10 12 13 0
6 11 1 3 4 5 7 8 10 12 14 1
6 11 1 3 4 5 7 8 10 13 14 0
6 11 1 3 4 5 7 8 12 13 14 0
6 11 1 3 4 5 7 9 10 12 13 0
6 11 1 3 4 5 7 9 10 12 14 1
6 11 1 3 4 5 7 9 10 13 14 0
6 11 1 3 4 5 7 9 12 13 14 1
6 11 1 3 4 5 7 10 12 13 14 0
6 11 1 3 4 5 8 9 10 12 13 0
6 11 1 3 4 5 8 9 10 12 14 1
6 11 1 3 4 5 8 9 10 13 14 0
6 11 1 3 4 5 8 9 12 13 14 0
6 11 1 3 4 5 8 10 12 13 14 0
6 11 1 3 4 5 9 10 12 13 14 0
6 11 1 3 4 7 8 9 10 12 13 1
6 11 1 3 4 7 8 9 10 12 14 1
6 11 1 3 4 7 8 9 10 13 14 1
6 11 1 3 4 7 8 9 12 13 14 1
6 11 1 3 4 7 8 10 12 13 14 1
6 11 1 3 4 7 9 10 12 13 14 1
6 11 1 3 4 8 9 10 12 13 14 1.41421
6 11 1 3 5 7 8 9 10 12 13 0
6 11 1 3 5 7 8 9 10 12 14 1
6 11 1 3 5 7 8 9 10 13 14 0
6 11 1 3 5 7 8 9 12 13 14 1
6 11 1 3 5 7 8 10 12 13 14 0
6 11 1 3 5 7 9 10 12 13 14 0
6 11 1 3 5 8 9 10 12 13 14 0
6 11 1 3 7 8 9 10 12 13 14 1.41421
6 11 1 4 5 7 8 9 10 12 13 1
6 11 1 4 5 7 8 9 10 12 14 1
6 11 1 4 5 7 8 9 10 13 14 1
6 11 1 4 5 7 8 9 12 13 14 1
6 11 1 4 5 7 8 10 12 13 14 1
6 11 1 4 5 7 9 10 12 13 14 1
6 11 1 4 5 8 9 10 12 13 14 1.41421
6 11 1 4 7 8 9 10 12 13 14 1.41421
6 11 1 5 7 8 9 10 12 13 14 1
6 11 2 3 4 5 7 8 9 10 12 1.41421
6 11 2 3 4 5 7 8 9 10 13 1
6 11 2 3 4 5 7 8 9 10 14 1.62019
6 11 2 3 4 5 7 8 9 12 13 1
6 11 2 3 4 5 7 8 9 12 14 1.41421
6 11 2 3 4 5 7 8 9 13 14 1
6 11 2 3 4 5 7 8 10 12 13 0
6 11 2 3 4 5 7 8 10 12 14 1.41421
6 11 2 3 4 5 7 8 10 13 14 1
6 11 2 3 4 5 7 8 12 13 14 0
6 11 2 3 4 5 7 9 10 12 13 1
6 11 2 3 4 5 7 9 10 12 14 1.62019
6 11 2 3 4 5 7 9 10 13 14 1.41421
6 11 2 3 4 5 7 9 12 13 14 1.41421
6 11 2 3 4 5 7 10 12 13 14 1
6 11 2 3 4 5 8 9 10 12 13 1
6 11 2 3 4 5 8 9 10 12 14 1.62019
6 11 2 3 4 5 8 9 10 13 14 1.41421
6 11 2 3 4 5 8 9 12 13 14 1
6 11 2 3 4 5 8 10 12 13 14 1
6 11 2 3 4 5 9 10 12 13 14 1.41421
6 11 2 3 4 7 8 9 10 12 13 0
6 11 2 3 4 7 8 9 10 12 14 1.41421
6 11 2 3 4 7 8 9 10 13 14 1
6 11 2 3 4 7 8 9 12 13 14 0
6 11 2 3 4 7 8 10 12 13 14 0
6 11 2 3 4 7 9 10 12 13 14 1
6 11 2 3 4 8 9 10 12 13 14 1.41421
6 11 2 3 5 7 8 9 10 12 13 0
6 11 2 3 5 7 8 9 10 12 14 1.41421
6 11 2 3 5 7 8 9 10 13 14 1
6 11 2 3 5 7 8 9 12 13 14 1
6 11 2 3 5 7 8 10 12 13 14 0
6 11 2 3 5 7 9 10 12 13 14 1
6 11 2 3 5 8 9 10 12 13 14 1
6 11 2 3 7 8 9 10 12 13 14 1
6 11 2 4 5 7 8 9 10 12 13 0
6 11 2 4 5 7 8 9 10 12 14 1.41421
6 11 2 4 5 7 8 9 10 13 14 1
6 11 2 4 5 7 8 9 12 13 14 0
6 11 2 4 5 7 8 10 12 13 14 0
6 11 2 4 5 7 9 10 12 13 14 1
6 11 2 4 5 8 9 10 12 13 14 1.41421
6 11 2 4 7 8 9 10 12 13 14 0
6 11 2 5 7 8 9 10 12 13 14 0
6 11 3 4 5 7 8 9 10 12 13 1
6 11 3 4 5 7 8 9 10 12 14 1.62019
6 11 3 4 5 7 8 9 10 13 14 1.41421
6 11 3 4 5 7 8 9 12 13 14 1
6 11 3 4 5 7 8 10 12 13 14 1
6 11 3 4 5 7 9 10 12 13 14 1.41421
6 11 3 4 5 8 9 10 12 13 14 1.41421
6 11 3 4 7 8 9 10 12 13 14 1.41421
6 11 3 5 7 8 9 10 12 13 14 1
6 11 4 5 7 8 9 10 12 13 14 1.41421
