0 1
1 2
2 0
3 0
3 1
4 0
4 2
5 4
5 0
6 0
6 4
7 0
7 2
8 2
8 6
9 0
9 7
10 0
10 6
11 0
11 4
12 0
12 11
13 4
13 1
14 10
14 1
15 11
15 2
16 1
16 2
17 3
17 1
18 11
18 16
19 4
19 2
20 16
20 4
21 4
21 7
22 11
22 4
23 0
23 3
24 16
24 7
25 23
25 7
26 0
26 4
27 2
27 14
28 7
28 25
29 16
29 8
30 11
30 22
31 25
31 6
32 7
32 4
33 4
33 16
34 6
34 18
35 32
35 19
36 34
36 16
37 10
37 14
38 0
38 11
39 1
39 7
40 35
40 22
41 0
41 6
42 0
42 41
43 1
43 35
44 10
44 43
45 16
45 3
46 13
46 29
47 45
47 44
48 14
48 28
49 43
49 42
50 11
50 4
51 11
51 4
52 30
52 11
53 1
53 41
54 16
54 11
55 1
55 4
56 30
56 14
57 45
57 9
58 8
58 28
59 4
59 34
60 44
60 1
61 4
61 22
62 14
62 0
63 16
63 1
64 23
64 26
65 4
65 23
66 11
66 7
67 18
67 61
68 46
68 32
69 7
69 18
70 22
70 1
71 7
71 4
72 55
72 0
73 5
73 8
74 5
74 4
75 30
75 0
76 2
76 7
77 11
77 3
78 7
78 13
79 16
79 6
80 76
80 10
81 2
81 30
82 4
82 34
83 59
83 4
84 43
84 42
85 8
85 81
86 71
86 9
87 6
87 14
88 14
88 1
89 42
89 14
90 12
90 44
91 34
91 4
92 11
92 14
93 4
93 3
94 33
94 34
95 0
95 11
96 2
96 1
97 4
97 34
98 6
98 41
99 98
99 4
