0
0
0
0.40003
0.19983
0.11495
0.07118
0.04724
0.0335
0.0245
0.01828
0.01391
0.01068
0.00869
0.00693
0.00607
0.00499
0.00388
0.00318
0.0029
0.0028
0.0024
0.00203
0.0021
0.00163
0.0014
0.00119
0.00122
0.00077
0.00102
0.00084
0.00077
0.00065
0.00059
0.0006
0.00052
0.00055
0.00052
0.0003
0.00029
0.00032
0.0004
0.00027
0.00033
0.00027
0.00017
0.00021
0.0002
0.00019
0.00018
0.00023
0.00015
9e-005
9e-005
6e-005
0.00011
0.00015
0.00017
8e-005
8e-005
7e-005
0.00012
9e-005
0.00013
0.00011
8e-005
5e-005
4e-005
4e-005
0.00011
4e-005
4e-005
3e-005
9e-005
6e-005
4e-005
4e-005
6e-005
3e-005
8e-005
6e-005
6e-005
5e-005
0
2e-005
4e-005
7e-005
0
5e-005
5e-005
2e-005
4e-005
5e-005
2e-005
6e-005
4e-005
5e-005
4e-005
0
4e-005
3e-005
3e-005
3e-005
1e-005
1e-005
3e-005
0
3e-005
0
0
0
1e-005
2e-005
2e-005
1e-005
3e-005
1e-005
2e-005
1e-005
2e-005
0
0
1e-005
2e-005
0
3e-005
1e-005
1e-005
2e-005
0
1e-005
0
2e-005
1e-005
1e-005
2e-005
2e-005
2e-005
2e-005
1e-005
1e-005
0
0
1e-005
0
0
1e-005
2e-005
1e-005
1e-005
1e-005
3e-005
0
0
0
2e-005
1e-005
0
1e-005
0
0
2e-005
1e-005
0
0
0
1e-005
1e-005
0
0
4e-005
0
0
1e-005
2e-005
0
0
0
0
1e-005
2e-005
0
0
0
0
0
0
1e-005
1e-005
0
0
0
0
0
0
0
1e-005
0
1e-005
0
0
0
0
0
0
0
0
0
0
0
1e-005
0
0
0
1e-005
0
1e-005
1e-005
0
0
1e-005
0
0
0
0
0
0
0
1e-005
0
1e-005
0
0
0
0
0
0
0
0
0
1e-005
0
0
2e-005
0
0
0
0
1e-005
2e-005
0
0
0
0
0
0
0
0
0
0
1e-005
0
0
0
0
0
0
0
0
0
0
0
0
0
0
0
0
1e-005
0
0
0
1e-005
0
0
0
0
0
0
0
0
0
0
0
0
0
0
0
0
0
0
0
0
0
0
0
0
0
0
0
0
0
0
0
0
0
0
0
0
0
0
0
0
0
0
0
1e-005
0
0
0
0
0
0
0
0
0
0
0
0
0
0
0
0
0
0
0
0
0
0
0
0
0
0
0
1e-005
0
0
0
0
0
0
0
0
0
0
0
0
0
0
0
0
0
0
0
0
0
0
0
0
0
0
0
0
0
0
0
0
0
0
0
0
0
0
0
0
0
0
0
1e-005
0
0
0
0
0
0
0
0
0
0
0
0
0
0
0
0
0
0
0
0
0
0
0
0
0
0
0
0
1e-005
0
0
0
0
0
0
0
0
0
0
0
0
0
0
0
0
0
0
0
0
0
0
0
1e-005
0
0
0
0
0
0
0
0
0
0
0
0
0
0
1e-005
0
0
0
0
0
0
0
0
0
0
0
0
0
0
0
0
0
0
0
0
0
0
0
0
0
0
0
0
0
0
0
0
1e-005
0
0
0
0
0
0
0
0
0
1e-005
0
0
0
0
0
0
0
0
0
0
0
0
0
0
0
0
0
0
0
0
0
0
0
0
0
1e-005
0
0
0
0
0
0
0
0
0
0
0
0
0
0
0
0
0
0
0
0
1e-005
0
0
1e-005
0
0
0
0
0
0
0
0
0
0
0
0
0
0
0
0
0
0
0
0
0
0
0
0
0
0
0
0
0
0
0
0
0
0
0
0
0
0
0
0
0
0
0
1e-005
0
0
0
0
0
0
0
0
0
0
0
0
0
0
0
0
0
0
0
0
0
0
0
0
0
0
0
0
0
0
0
0
0
0
0
0
0
0
0
0
0
0
0
0
0
0
0
0
0
0
0
0
0
0
0
0
0
0
0
0
0
0
0
0
0
0
0
0
0
0
0
0
0
0
0
0
0
0
0
0
0
0
0
0
0
0
0
0
0
0
0
0
0
0
0
0
0
0
0
0
0
0
0
0
0
0
0
0
0
0
0
0
0
0
0
0
0
0
0
0
0
0
0
0
0
0
0
0
0
0
0
0
0
0
0
0
0
0
0
1e-005
0
0
0
0
0
0
0
0
0
0
0
0
0
0
0
0
0
0
0
0
0
0
0
0
0
0
0
0
0
0
0
0
0
0
0
0
0
0
0
0
0
0
0
0
0
0
0
0
0
0
0
0
0
0
0
0
0
0
0
0
0
0
0
0
1e-005
0
0
0
0
0
0
0
0
0
0
0
0
0
0
0
0
0
0
0
0
0
0
0
0
0
0
0
0
0
0
0
0
0
0
0
0
0
0
0
0
0
0
0
0
0
0
0
0
0
0
0
0
0
0
0
0
0
0
0
0
0
0
0
0
0
0
0
0
0
0
0
0
0
0
0
0
0
0
0
0
0
0
0
0
0
0
0
0
0
0
0
0
0
0
0
0
0
0
0
0
0
0
0
0
0
0
0
0
0
0
0
0
0
0
0
0
0
0
0
0
0
0
0
0
0
0
0
0
0
0
0
0
0
0
0
0
0
0
0
0
1e-005
