0 1
1 2
2 0
3 1
3 2
4 2
4 0
5 1
5 2
6 1
6 4
7 1
7 4
8 5
8 1
9 6
9 1
10 0
10 1
11 4
11 1
12 4
12 5
13 5
13 3
14 0
14 5
15 6
15 1
16 1
16 8
17 14
17 3
18 11
18 9
19 7
19 11
20 10
20 2
21 14
21 15
22 1
22 2
23 20
23 1
24 3
24 1
25 6
25 2
26 24
26 2
27 13
27 19
28 0
28 15
29 17
29 1
30 2
30 1
31 2
31 24
32 10
32 25
33 9
33 14
34 19
34 25
35 2
35 9
36 14
36 1
37 15
37 20
38 12
38 1
39 21
39 11
40 15
40 32
41 3
41 5
42 15
42 2
43 1
43 10
44 39
44 16
45 5
45 18
46 3
46 42
47 24
47 30
48 21
48 36
49 31
49 10
50 19
50 49
51 27
51 40
52 25
52 5
53 21
53 19
54 1
54 17
55 27
55 2
56 52
56 17
57 52
57 13
58 10
58 13
59 1
59 57
60 25
60 15
61 46
61 40
62 51
62 8
63 5
63 14
64 48
64 21
65 31
65 37
66 30
66 36
67 14
67 27
68 23
68 8
69 57
69 52
70 15
70 4
71 19
71 60
72 62
72 71
73 8
73 69
74 5
74 27
75 50
75 73
76 27
76 5
77 8
77 32
78 2
78 1
79 32
79 2
80 40
80 2
81 76
81 24
82 32
82 44
83 57
83 34
84 24
84 1
85 19
85 50
86 20
86 50
87 1
87 14
88 7
88 33
89 19
89 58
90 49
90 30
91 57
91 21
92 32
92 49
93 12
93 4
94 21
94 64
95 3
95 58
96 10
96 24
97 49
97 14
98 49
98 68
99 15
99 0
100 27
100 2
101 96
101 69
102 49
102 0
103 40
103 36
104 32
104 40
105 94
105 54
106 20
106 14
107 91
107 25
108 57
108 24
109 57
109 4
110 2
110 15
111 3
111 60
112 111
112 32
113 6
113 17
114 46
114 91
115 8
115 11
116 48
116 15
117 17
117 36
118 17
118 3
119 85
119 45
120 112
120 91
121 25
121 2
122 4
122 57
123 33
123 16
124 14
124 7
125 2
125 9
126 40
126 102
127 64
127 118
128 12
128 27
129 10
129 9
130 12
130 104
131 49
131 55
132 32
132 21
133 25
133 78
134 41
134 19
135 32
135 2
136 40
136 111
137 21
137 81
138 6
138 10
139 55
139 87
140 57
140 132
141 66
141 19
142 102
142 5
143 36
143 96
144 48
144 5
145 14
145 49
146 8
146 11
147 0
147 32
148 57
148 21
149 24
149 102
150 130
150 7
151 139
151 57
152 1
152 21
153 100
153 66
154 2
154 16
155 48
155 8
156 153
156 1
157 3
157 86
158 78
158 67
159 85
159 29
160 109
160 6
161 102
161 31
162 49
162 8
163 145
163 1
164 131
164 32
165 70
165 24
166 115
166 4
167 21
167 125
168 62
168 44
169 21
169 27
170 27
170 146
171 32
171 52
172 15
172 157
173 152
173 72
174 21
174 127
175 46
175 172
176 18
176 122
177 32
177 37
178 20
178 29
179 105
179 4
180 14
180 49
181 58
181 134
182 21
182 14
183 11
183 73
184 32
184 1
185 5
185 4
186 86
186 15
187 137
187 8
188 32
188 20
189 19
189 17
190 127
190 131
191 46
191 15
192 66
192 18
193 14
193 2
194 95
194 117
195 83
195 33
196 2
196 14
197 111
197 89
198 190
198 24
199 8
199 109
200 4
200 104
201 29
201 2
202 165
202 172
203 11
203 48
204 188
204 138
205 9
205 32
206 70
206 40
207 142
207 17
208 1
208 11
209 21
209 15
210 111
210 66
211 85
211 157
212 54
212 14
213 193
213 19
214 24
214 174
215 139
215 11
216 51
216 15
217 145
217 21
218 5
218 198
219 21
219 46
220 15
220 25
221 12
221 39
222 1
222 71
223 154
223 165
224 51
224 4
225 134
225 103
226 73
226 32
227 226
227 131
228 20
228 186
229 201
229 5
230 4
230 32
231 9
231 17
232 9
232 204
233 87
233 52
234 5
234 32
235 204
235 42
236 144
236 14
237 40
237 150
238 19
238 111
239 108
239 114
240 185
240 7
241 108
241 177
242 7
242 2
243 144
243 9
244 197
244 51
245 17
245 141
246 170
246 44
247 55
247 20
248 81
248 73
249 133
249 32
250 5
250 64
251 247
251 81
252 3
252 73
253 244
253 2
254 92
254 180
255 245
255 60
256 29
256 35
257 188
257 46
258 147
258 2
259 19
259 188
260 73
260 83
261 155
261 169
262 72
262 8
263 24
263 96
264 245
264 6
265 30
265 14
266 63
266 44
267 68
267 49
268 266
268 148
269 3
269 92
270 188
270 5
271 17
271 12
272 85
272 3
273 4
273 186
274 3
274 268
275 3
275 131
276 85
276 139
277 211
277 4
278 15
278 19
279 95
279 133
280 228
280 231
281 52
281 95
282 7
282 158
283 282
283 39
284 174
284 76
285 57
285 83
286 5
286 64
287 42
287 93
288 8
288 114
289 82
289 24
290 29
290 226
291 107
291 58
292 18
292 40
293 9
293 32
294 61
294 183
295 96
295 236
296 0
296 214
297 199
297 118
298 122
298 12
299 23
299 46
300 261
300 49
301 176
301 2
302 15
302 125
303 152
303 8
304 29
304 48
305 40
305 5
306 55
306 195
307 21
307 208
308 14
308 122
309 74
309 187
310 14
310 202
311 21
311 12
312 128
312 96
313 245
313 188
314 50
314 60
315 30
315 1
316 193
316 57
317 2
317 251
318 111
318 300
319 33
319 110
320 158
320 96
321 316
321 92
322 125
322 215
323 11
323 19
324 58
324 3
325 158
325 232
326 49
326 151
327 7
327 257
328 30
328 219
329 4
329 10
330 142
330 8
331 49
331 150
332 58
332 4
333 258
333 306
334 73
334 85
335 39
335 11
336 49
336 63
337 332
337 254
338 119
338 66
339 326
339 309
340 102
340 62
341 1
341 190
342 57
342 8
343 18
343 48
344 50
344 1
345 49
345 252
346 304
346 2
347 1
347 160
348 30
348 35
349 180
349 286
350 12
350 102
351 197
351 77
352 0
352 96
353 50
353 232
354 5
354 2
355 152
355 66
356 9
356 1
357 25
357 62
358 150
358 315
359 108
359 285
360 69
360 193
361 312
361 286
362 15
362 152
363 64
363 102
364 206
364 211
365 359
365 295
366 250
366 5
367 247
367 25
368 110
368 271
369 330
369 208
370 25
370 287
371 15
371 17
372 33
372 63
373 4
373 344
374 42
374 141
375 44
375 3
376 355
376 375
377 289
377 10
378 29
378 146
379 32
379 94
380 67
380 40
381 48
381 328
382 358
382 30
383 60
383 21
384 69
384 187
385 74
385 214
386 338
386 242
387 233
387 102
388 372
388 359
389 200
389 78
390 55
390 131
391 104
391 342
392 303
392 14
393 12
393 70
394 85
394 7
395 117
395 2
396 17
396 5
397 242
397 66
398 295
398 3
399 232
399 109
400 183
400 367
401 12
401 111
402 23
402 5
403 241
403 239
404 40
404 100
405 1
405 52
406 379
406 17
407 46
407 2
408 30
408 247
409 351
409 44
410 333
410 2
411 66
411 68
412 1
412 19
413 18
413 12
414 383
414 118
415 30
415 17
416 127
416 75
417 258
417 36
418 352
418 389
419 357
419 333
420 73
420 249
421 102
421 336
422 14
422 413
423 32
423 110
424 364
424 352
425 184
425 271
426 270
426 19
427 2
427 360
428 190
428 111
429 17
429 361
430 212
430 58
431 91
431 138
432 383
432 411
433 6
433 138
434 11
434 418
435 417
435 29
436 6
436 104
437 2
437 4
438 71
438 12
439 8
439 18
440 5
440 134
441 319
441 125
442 0
442 94
443 225
443 226
444 102
444 148
445 432
445 93
446 11
446 40
447 337
447 104
448 0
448 31
449 134
449 55
450 32
450 110
451 320
451 11
452 7
452 324
453 164
453 63
454 2
454 152
455 14
455 453
456 150
456 14
457 289
457 6
458 440
458 48
459 415
459 19
460 4
460 394
461 296
461 28
462 89
462 49
463 1
463 96
464 280
464 378
465 50
465 224
466 225
466 301
467 73
467 85
468 305
468 3
469 21
469 14
470 57
470 420
471 352
471 357
472 183
472 192
473 354
473 345
474 424
474 333
475 14
475 102
476 409
476 276
477 19
477 74
478 37
478 363
479 456
479 55
480 68
480 237
481 4
481 15
482 20
482 129
483 152
483 303
484 165
484 17
485 294
485 96
486 373
486 151
487 6
487 138
488 19
488 208
489 21
489 14
490 12
490 418
491 452
491 256
492 0
492 373
493 300
493 484
494 392
494 36
495 86
495 116
496 24
496 0
497 48
497 31
498 25
498 458
499 444
499 17
500 5
500 52
501 92
501 175
502 59
502 478
503 469
503 495
504 253
504 345
505 94
505 313
506 415
506 2
507 365
507 46
508 191
508 65
509 355
509 364
510 480
510 348
511 19
511 39
512 492
512 416
513 171
513 278
514 43
514 398
515 383
515 52
516 337
516 108
517 345
517 10
518 58
518 286
519 359
519 5
520 14
520 404
521 9
521 5
522 309
522 44
523 27
523 463
524 21
524 193
525 11
525 81
526 74
526 445
527 33
527 370
528 51
528 19
529 8
529 468
530 93
530 260
531 2
531 62
532 10
532 498
533 377
533 358
534 118
534 254
535 109
535 36
536 5
536 371
537 49
537 469
538 173
538 157
539 8
539 222
540 342
540 195
541 52
541 1
542 237
542 231
543 161
543 8
544 131
544 48
545 6
545 49
546 237
546 50
547 407
547 32
548 287
548 416
549 191
549 434
550 453
550 411
551 68
551 28
552 29
552 107
553 158
553 2
554 83
554 103
555 55
555 57
556 25
556 49
557 3
557 21
558 49
558 116
559 310
559 263
560 17
560 6
561 131
561 269
562 159
562 346
563 99
563 6
564 451
564 102
565 394
565 102
566 252
566 24
567 9
567 378
568 124
568 44
569 291
569 19
570 12
570 286
571 291
571 0
572 24
572 65
573 473
573 170
574 0
574 257
575 59
575 482
576 47
576 2
577 527
577 66
578 500
578 487
579 46
579 541
580 115
580 150
581 535
581 92
582 472
582 30
583 385
583 11
584 537
584 441
585 503
585 42
586 223
586 31
587 195
587 568
588 5
588 15
589 42
589 526
590 382
590 32
591 92
591 165
592 75
592 379
593 553
593 565
594 2
594 81
595 55
595 494
596 6
596 376
597 517
597 1
598 174
598 436
599 188
599 531
600 21
600 351
601 400
601 144
602 591
602 463
603 52
603 66
604 263
604 9
605 445
605 8
606 26
606 467
607 102
607 204
608 294
608 138
609 5
609 12
610 32
610 592
611 382
611 154
612 2
612 12
613 14
613 73
614 346
614 541
615 473
615 1
616 374
616 63
617 334
617 14
618 24
618 7
619 286
619 242
620 122
620 263
621 189
621 90
622 222
622 394
623 62
623 376
624 32
624 25
625 196
625 97
626 8
626 568
627 455
627 515
628 265
628 262
629 135
629 66
630 20
630 101
631 185
631 599
632 343
632 131
633 154
633 475
634 40
634 442
635 102
635 9
636 507
636 543
637 40
637 19
638 392
638 280
639 4
639 558
640 32
640 14
641 68
641 21
642 4
642 131
643 15
643 0
644 395
644 185
645 541
645 225
646 32
646 246
647 5
647 588
648 12
648 477
649 37
649 303
650 463
650 129
651 69
651 564
652 113
652 100
653 632
653 550
654 306
654 364
655 104
655 408
656 228
656 156
657 5
657 28
658 3
658 379
659 357
659 94
660 6
660 2
661 0
661 416
662 263
662 117
663 146
663 558
664 224
664 66
665 382
665 48
666 374
666 453
667 190
667 446
668 15
668 264
669 285
669 3
670 431
670 92
671 592
671 187
672 100
672 219
673 11
673 245
674 388
674 11
675 167
675 217
676 120
676 73
677 530
677 141
678 478
678 494
679 92
679 560
680 553
680 184
681 670
681 648
682 269
682 86
683 109
683 419
684 508
684 352
685 64
685 478
686 291
686 11
687 54
687 541
688 341
688 107
689 639
689 475
690 19
690 6
691 550
691 381
692 4
692 473
693 102
693 157
694 57
694 14
695 104
695 12
696 681
696 163
697 606
697 5
698 18
698 603
699 570
699 357
700 185
700 12
701 445
701 334
702 218
702 25
703 352
703 24
704 66
704 32
705 69
705 481
706 326
706 55
707 262
707 89
708 48
708 109
709 482
709 521
710 421
710 6
711 57
711 585
712 66
712 238
713 530
713 484
714 266
714 450
715 368
715 489
716 135
716 632
717 527
717 95
718 417
718 3
719 10
719 383
720 557
720 219
721 296
721 81
722 386
722 71
723 473
723 39
724 208
724 8
725 360
725 49
726 251
726 135
727 49
727 17
728 249
728 125
729 299
729 70
730 364
730 66
731 395
731 32
732 68
732 49
733 202
733 229
734 165
734 78
735 1
735 32
736 309
736 475
737 703
737 29
738 558
738 94
739 0
739 460
740 309
740 306
741 226
741 529
742 364
742 326
743 4
743 37
744 495
744 426
745 191
745 297
746 300
746 18
747 90
747 20
748 249
748 462
749 1
749 108
750 656
750 523
751 599
751 94
752 34
752 15
753 536
753 325
754 540
754 380
755 354
755 543
756 745
756 550
757 362
757 83
758 617
758 1
759 332
759 1
760 349
760 8
761 475
761 374
762 64
762 187
763 372
763 713
764 756
764 440
765 470
765 749
766 46
766 503
767 206
767 155
768 375
768 453
769 2
769 665
770 740
770 469
771 151
771 100
772 61
772 246
773 583
773 57
774 61
774 247
775 24
775 476
776 224
776 751
777 2
777 562
778 111
778 20
779 27
779 507
780 1
780 5
781 330
781 631
782 20
782 17
783 37
783 151
784 725
784 4
785 111
785 152
786 1
786 391
787 19
787 593
788 8
788 20
789 769
789 75
790 431
790 96
791 1
791 138
792 1
792 498
793 3
793 192
794 185
794 117
795 1
795 50
796 724
796 137
797 591
797 637
798 729
798 527
799 535
799 49
800 437
800 181
801 105
801 489
802 418
802 81
803 379
803 542
804 365
804 6
805 342
805 368
806 25
806 163
807 326
807 453
808 32
808 559
809 200
809 185
810 14
810 85
811 190
811 135
812 320
812 83
813 15
813 740
814 161
814 754
815 528
815 665
816 469
816 514
817 488
817 82
818 816
818 246
819 403
819 144
820 250
820 85
821 675
821 435
822 66
822 147
823 311
823 614
824 229
824 552
825 531
825 90
826 49
826 623
827 526
827 33
828 151
828 201
829 817
829 533
830 2
830 125
831 39
831 203
832 76
832 57
833 91
833 7
834 485
834 40
835 784
835 678
836 474
836 395
837 747
837 751
838 624
838 473
839 820
839 26
840 17
840 85
841 380
841 754
842 727
842 687
843 2
843 524
844 482
844 747
845 389
845 19
846 70
846 19
847 110
847 550
848 99
848 633
849 57
849 49
850 102
850 65
851 240
851 224
852 634
852 94
853 620
853 558
854 643
854 250
855 151
855 24
856 824
856 6
857 119
857 778
858 36
858 694
859 810
859 225
860 394
860 14
861 55
861 744
862 569
862 515
863 337
863 754
864 393
864 366
865 377
865 372
866 580
866 556
867 111
867 83
868 811
868 415
869 5
869 344
870 109
870 731
871 207
871 116
872 770
872 815
873 95
873 138
874 154
874 21
875 146
875 839
876 292
876 17
877 530
877 27
878 2
878 303
879 74
879 264
880 467
880 752
881 190
881 556
882 25
882 2
883 59
883 7
884 1
884 29
885 795
885 190
886 76
886 450
887 1
887 291
888 754
888 856
889 854
889 88
890 769
890 33
891 492
891 29
892 73
892 198
893 1
893 2
894 8
894 418
895 671
895 33
896 93
896 629
897 355
897 30
898 147
898 536
899 10
899 100
900 83
900 87
901 37
901 530
902 151
902 499
903 15
903 190
904 561
904 491
905 417
905 138
906 755
906 449
907 218
907 234
908 365
908 665
909 184
909 279
910 291
910 221
911 699
911 89
912 660
912 111
913 18
913 347
914 237
914 208
915 15
915 529
916 52
916 15
917 18
917 0
918 123
918 85
919 309
919 2
920 383
920 418
921 111
921 383
922 667
922 12
923 720
923 306
924 19
924 769
925 25
925 109
926 50
926 28
927 18
927 101
928 503
928 90
929 195
929 303
930 58
930 122
931 431
931 856
932 194
932 415
933 131
933 12
934 19
934 25
935 158
935 21
936 13
936 14
937 510
937 121
938 414
938 737
939 772
939 83
940 342
940 357
941 275
941 65
942 514
942 108
943 125
943 295
944 144
944 668
945 39
945 1
946 807
946 368
947 442
947 487
948 29
948 2
949 251
949 1
950 193
950 340
951 0
951 787
952 28
952 325
953 28
953 671
954 531
954 878
955 251
955 499
956 396
956 40
957 862
957 654
958 3
958 171
959 136
959 527
960 71
960 629
961 11
961 804
962 206
962 1
963 496
963 21
964 360
964 5
965 9
965 861
966 5
966 44
967 598
967 632
968 442
968 266
969 492
969 2
970 11
970 473
971 427
971 8
972 511
972 13
973 91
973 37
974 624
974 905
975 896
975 69
976 229
976 314
977 4
977 159
978 90
978 669
979 19
979 345
980 606
980 45
981 111
981 182
982 6
982 29
983 892
983 2
984 252
984 825
985 154
985 28
986 7
986 85
987 503
987 299
988 151
988 135
989 401
989 18
990 923
990 908
991 13
991 55
992 424
992 507
993 19
993 111
994 18
994 112
995 258
995 27
996 963
996 564
997 32
997 867
998 527
998 75
999 20
999 453
