0 68
0 2
0 711
1 2
1 607
1 4
2 3
2 445
2 399
3 151
3 5
3 504
4 5
4 754
4 7
5 486
5 661
5 8
6 7
6 8
6 28
7 8
7 9
7 364
8 795
8 10
8 151
9 10
9 519
9 12
10 933
10 12
10 706
11 12
11 786
11 596
12 13
12 910
12 15
13 514
13 15
13 16
14 365
14 355
14 17
15 16
15 197
15 18
16 17
16 514
16 496
17 18
17 19
17 20
18 19
18 20
18 751
19 20
19 21
19 263
20 21
20 369
20 23
21 216
21 23
21 9
22 668
22 24
22 25
23 24
23 332
23 909
24 25
24 26
24 27
25 208
25 594
25 28
26 27
26 283
26 465
27 858
27 29
27 30
28 890
28 375
28 31
29 123
29 31
29 272
30 31
30 956
30 33
31 32
31 435
31 873
32 33
32 914
32 114
33 871
33 602
33 163
34 35
34 738
34 37
35 789
35 37
35 38
36 37
36 743
36 39
37 767
37 39
37 811
38 39
38 191
38 128
39 425
39 41
39 947
40 41
40 42
40 111
41 42
41 460
41 44
42 43
42 44
42 45
43 66
43 798
43 24
44 591
44 46
44 560
45 802
45 660
45 48
46 204
46 48
46 49
47 48
47 49
47 835
48 942
48 50
48 51
49 50
49 51
49 185
50 51
50 52
50 53
51 612
51 53
51 54
52 304
52 54
52 779
53 54
53 888
53 56
54 55
54 56
54 627
55 56
55 354
55 58
56 150
56 58
56 925
57 58
57 59
57 882
58 760
58 60
58 85
59 60
59 61
59 990
60 61
60 62
60 63
61 62
61 63
61 404
62 680
62 64
62 566
63 64
63 65
63 924
64 324
64 66
64 67
65 957
65 67
65 224
66 603
66 68
66 125
67 671
67 69
67 528
68 69
68 616
68 71
69 480
69 639
69 72
70 630
70 72
70 73
71 72
71 73
71 350
72 220
72 74
72 75
73 74
73 903
73 219
74 266
74 76
74 77
75 76
75 850
75 616
76 416
76 78
76 188
77 594
77 386
77 80
78 158
78 939
78 81
79 80
79 81
79 514
80 81
80 744
80 83
81 82
81 799
81 84
82 487
82 65
82 185
83 930
83 351
83 86
84 85
84 86
84 87
85 602
85 290
85 174
86 87
86 632
86 89
87 88
87 157
87 90
88 89
88 90
88 91
89 106
89 599
89 893
90 91
90 92
90 535
91 466
91 93
91 94
92 849
92 934
92 95
93 782
93 337
93 778
94 205
94 96
94 844
95 96
95 97
95 357
96 612
96 98
96 99
97 98
97 741
97 731
98 527
98 136
98 101
99 100
99 101
99 151
100 200
100 102
100 774
101 916
101 265
101 286
102 103
102 464
102 105
103 867
103 998
103 196
104 105
104 196
104 730
105 106
105 341
105 108
106 107
106 108
106 218
107 108
107 100
107 110
108 109
108 110
108 377
109 61
109 111
109 496
110 111
110 112
110 113
111 182
111 543
111 114
112 521
112 114
112 115
113 620
113 115
113 639
114 72
114 116
114 117
115 176
115 385
115 792
116 65
116 118
116 119
117 118
117 368
117 149
118 893
118 120
118 121
119 438
119 121
119 885
120 121
120 614
120 123
121 160
121 987
121 231
122 296
122 810
122 982
123 124
123 125
123 172
124 448
124 126
124 127
125 199
125 422
125 128
126 756
126 137
126 17
127 251
127 697
127 130
128 129
128 169
128 131
129 444
129 257
129 132
130 0
130 132
130 450
131 132
131 133
131 134
132 406
132 470
132 135
133 476
133 863
133 421
134 209
134 136
134 137
135 136
135 410
135 957
136 173
136 138
136 84
137 138
137 139
137 140
138 69
138 113
138 104
139 183
139 141
139 142
140 840
140 142
140 427
141 142
141 61
141 466
142 143
142 222
142 6
143 144
143 145
143 146
144 123
144 670
144 924
145 146
145 147
145 148
146 147
146 148
146 214
147 148
147 149
147 150
148 149
148 150
148 151
149 150
149 239
149 152
150 220
150 66
150 153
151 135
151 507
151 223
152 153
152 154
152 335
153 206
153 155
153 15
154 236
154 156
154 157
155 156
155 157
155 554
156 823
156 923
156 465
157 158
157 907
157 160
158 836
158 160
158 161
159 160
159 161
159 896
160 161
160 200
160 163
161 162
161 210
161 164
162 163
162 164
162 193
163 164
163 880
163 237
164 165
164 166
164 461
165 822
165 833
165 168
166 167
166 168
166 169
167 168
167 169
167 125
168 827
168 170
168 171
169 322
169 540
169 828
170 171
170 172
170 8
171 172
171 173
171 952
172 543
172 174
172 175
173 174
173 175
173 639
174 874
174 176
174 538
175 176
175 177
175 950
176 699
176 238
176 179
177 499
177 179
177 180
178 323
178 108
178 232
179 180
179 181
179 182
180 40
180 586
180 183
181 182
181 473
181 82
182 163
182 184
182 308
183 184
183 408
183 186
184 448
184 692
184 121
185 606
185 187
185 188
186 187
186 848
186 464
187 735
187 924
187 190
188 189
188 190
188 22
189 190
189 191
189 192
190 191
190 406
190 52
191 192
191 193
191 473
192 946
192 955
192 195
193 194
193 606
193 196
194 195
194 30
194 844
195 592
195 197
195 198
196 784
196 198
196 199
197 198
197 199
197 843
198 531
198 719
198 201
199 200
199 201
199 103
200 201
200 202
200 203
201 974
201 225
201 204
202 203
202 204
202 169
203 204
203 205
203 683
204 205
204 206
204 316
205 206
205 207
205 208
206 207
206 682
206 209
207 83
207 487
207 22
208 803
208 733
208 211
209 210
209 211
209 212
210 404
210 212
210 864
211 212
211 213
211 514
212 5
212 627
212 215
213 214
213 283
213 635
214 215
214 216
214 525
215 216
215 217
215 218
216 28
216 729
216 219
217 151
217 249
217 313
218 219
218 220
218 221
219 380
219 649
219 422
220 221
220 131
220 393
221 222
221 397
221 224
222 269
222 224
222 225
223 808
223 225
223 802
224 281
224 226
224 227
225 663
225 458
225 543
226 227
226 228
226 229
227 183
227 493
227 230
228 229
228 230
228 221
229 570
229 754
229 232
230 231
230 518
230 233
231 232
231 233
231 674
232 233
232 499
232 317
233 234
233 91
233 531
234 580
234 6
234 237
235 49
235 237
235 238
236 237
236 882
236 239
237 238
237 620
237 200
238 239
238 240
238 913
239 195
239 531
239 242
240 495
240 812
240 243
241 806
241 243
241 660
242 212
242 244
242 845
243 52
243 245
243 246
244 245
244 246
244 247
245 464
245 247
245 248
246 25
246 248
246 103
247 840
247 249
247 872
248 249
248 763
248 575
249 165
249 586
249 252
250 251
250 252
250 905
251 252
251 915
251 102
252 253
252 829
252 599
253 174
253 704
253 286
254 255
254 256
254 257
255 427
255 62
255 258
256 257
256 258
256 153
257 258
257 259
257 455
258 259
258 260
258 261
259 615
259 261
259 140
260 27
260 400
260 884
261 262
261 774
261 264
262 985
262 303
262 265
263 264
263 265
263 323
264 589
264 546
264 267
265 430
265 267
265 118
266 712
266 163
266 269
267 268
267 269
267 270
268 269
268 842
268 567
269 270
269 271
269 272
270 271
270 272
270 633
271 272
271 273
271 274
272 273
272 725
272 275
273 413
273 275
273 276
274 508
274 155
274 975
275 309
275 506
275 278
276 277
276 119
276 493
277 278
277 78
277 703
278 908
278 687
278 281
279 138
279 42
279 282
280 281
280 362
280 796
281 414
281 283
281 896
282 283
282 302
282 285
283 90
283 285
283 931
284 874
284 107
284 287
285 985
285 287
285 288
286 103
286 288
286 56
287 288
287 289
287 290
288 289
288 300
288 200
289 290
289 69
289 292
290 35
290 620
290 458
291 411
291 293
291 601
292 293
292 294
292 295
293 294
293 295
293 296
294 295
294 296
294 343
295 77
295 297
295 298
296 665
296 298
296 299
297 298
297 299
297 300
298 299
298 643
298 301
299 898
299 301
299 353
300 757
300 302
300 303
301 302
301 167
301 304
302 303
302 304
302 964
303 304
303 305
303 99
304 610
304 32
304 81
305 306
305 307
305 308
306 957
306 484
306 111
307 308
307 309
307 310
308 796
308 964
308 7
309 310
309 311
309 663
310 311
310 312
310 313
311 312
311 309
311 314
312 313
312 314
312 7
313 503
313 315
313 316
314 598
314 316
314 317
315 500
315 317
315 318
316 986
316 318
316 156
317 318
317 319
317 320
318 319
318 410
318 321
319 561
319 711
319 322
320 321
320 322
320 323
321 322
321 444
321 324
322 382
322 281
322 907
323 324
323 325
323 326
324 325
324 326
324 327
325 326
325 327
325 328
326 117
326 328
326 367
327 328
327 329
327 104
328 329
328 936
328 331
329 330
329 637
329 332
330 239
330 226
330 683
331 942
331 333
331 662
332 21
332 334
332 335
333 130
333 335
333 685
334 105
334 699
334 482
335 336
335 337
335 311
336 475
336 338
336 346
337 796
337 262
337 895
338 731
338 340
338 959
339 340
339 955
339 809
340 341
340 342
340 181
341 971
341 675
341 748
342 343
342 344
342 345
343 344
343 345
343 437
344 933
344 641
344 347
345 346
345 347
345 580
346 347
346 348
346 830
347 600
347 236
347 350
348 349
348 177
348 351
349 122
349 878
349 352
350 351
350 1
350 199
351 352
351 149
351 354
352 353
352 354
352 355
353 494
353 355
353 132
354 355
354 356
354 357
355 669
355 149
355 680
356 939
356 468
356 359
357 358
357 359
357 360
358 136
358 391
358 909
359 360
359 282
359 63
360 361
360 300
360 697
361 362
361 363
361 364
362 479
362 364
362 220
363 228
363 365
363 643
364 365
364 656
364 942
365 366
365 557
365 368
366 367
366 368
366 712
367 706
367 369
367 736
368 486
368 599
368 30
369 92
369 461
369 161
370 19
370 353
370 550
371 961
371 590
371 973
372 252
372 374
372 375
373 723
373 146
373 849
374 375
374 376
374 668
375 376
375 377
375 877
376 851
376 804
376 379
377 378
377 379
377 380
378 701
378 913
378 640
379 380
379 609
379 262
380 824
380 382
380 383
381 245
381 383
381 384
382 383
382 384
382 385
383 384
383 7
383 906
384 385
384 386
384 140
385 599
385 387
385 388
386 387
386 283
386 56
387 388
387 681
387 390
388 389
388 390
388 391
389 390
389 67
389 392
390 391
390 392
390 393
391 392
391 544
391 125
392 393
392 837
392 501
393 520
393 395
393 396
394 395
394 413
394 796
395 396
395 501
395 10
396 397
396 432
396 635
397 723
397 399
397 752
398 399
398 520
398 401
399 400
399 628
399 285
400 401
400 725
400 403
401 356
401 403
401 55
402 403
402 501
402 10
403 404
403 424
403 396
404 405
404 656
404 652
405 503
405 407
405 408
406 407
406 408
406 409
407 108
407 409
407 410
408 759
408 410
408 411
409 410
409 411
409 869
410 265
410 412
410 849
411 412
411 432
411 825
412 53
412 180
412 673
413 414
413 415
413 682
414 415
414 416
414 22
415 416
415 784
415 418
416 417
416 418
416 742
417 418
417 419
417 651
418 495
418 380
418 953
419 585
419 421
419 422
420 421
420 811
420 861
421 354
421 423
421 406
422 423
422 424
422 464
423 408
423 425
423 426
424 936
424 966
424 427
425 426
425 978
425 428
426 137
426 539
426 429
427 3
427 429
427 430
428 429
428 430
428 431
429 851
429 789
429 606
430 160
430 432
430 4
431 25
431 433
431 434
432 171
432 551
432 435
433 434
433 435
433 225
434 435
434 781
434 604
435 436
435 140
435 386
436 437
436 358
436 473
437 622
437 207
437 440
438 571
438 440
438 441
439 440
439 389
439 442
440 441
440 780
440 443
441 442
441 443
441 983
442 44
442 444
442 6
443 444
443 669
443 315
444 206
444 446
444 447
445 446
445 604
445 448
446 403
446 761
446 449
447 529
447 449
447 957
448 449
448 338
448 451
449 450
449 101
449 452
450 850
450 870
450 511
451 452
451 453
451 221
452 821
452 914
452 936
453 454
453 455
453 133
454 722
454 559
454 213
455 345
455 323
455 185
456 467
456 458
456 459
457 121
457 459
457 605
458 459
458 727
458 41
459 721
459 461
459 462
460 867
460 441
460 463
461 462
461 261
461 464
462 463
462 464
462 465
463 978
463 465
463 466
464 465
464 586
464 273
465 891
465 467
465 468
466 235
466 468
466 592
467 812
467 821
467 470
468 32
468 470
468 471
469 470
469 597
469 472
470 471
470 472
470 473
471 795
471 473
471 454
472 473
472 230
472 225
473 474
473 475
473 476
474 873
474 354
474 477
475 122
475 477
475 19
476 477
476 478
476 486
477 478
477 220
477 138
478 479
478 480
478 481
479 480
479 481
479 482
480 481
480 482
480 483
481 482
481 496
481 801
482 773
482 495
482 142
483 793
483 27
483 760
484 605
484 345
484 481
485 486
485 605
485 600
486 487
486 855
486 489
487 488
487 873
487 564
488 489
488 490
488 807
489 490
489 18
489 492
490 798
490 492
490 493
491 492
491 493
491 900
492 814
492 494
492 495
493 153
493 687
493 496
494 831
494 496
494 497
495 800
495 497
495 498
496 497
496 498
496 499
497 498
497 753
497 411
498 499
498 500
498 234
499 697
499 501
499 502
500 446
500 502
500 320
501 70
501 817
501 504
502 386
502 504
502 725
503 504
503 238
503 789
504 945
504 340
504 13
505 506
505 507
505 508
506 507
506 508
506 270
507 508
507 117
507 510
508 509
508 510
508 170
509 977
509 511
509 376
510 511
510 512
510 800
511 465
511 263
511 482
512 513
512 514
512 515
513 742
513 515
513 516
514 688
514 516
514 238
515 306
515 517
515 633
516 517
516 169
516 578
517 518
517 308
517 520
518 131
518 520
518 521
519 520
519 799
519 522
520 521
520 522
520 523
521 522
521 523
521 268
522 161
522 850
522 525
523 862
523 876
523 601
524 525
524 526
524 527
525 526
525 968
525 528
526 603
526 159
526 270
527 528
527 529
527 530
528 87
528 530
528 531
529 530
529 531
529 442
530 531
530 532
530 533
531 532
531 343
531 214
532 752
532 778
532 692
533 921
533 692
533 947
534 535
534 810
534 694
535 536
535 537
535 538
536 492
536 464
536 539
537 178
537 539
537 451
538 539
538 683
538 350
539 540
539 71
539 502
540 476
540 542
540 593
541 366
541 543
541 25
542 261
542 326
542 954
543 544
543 561
543 546
544 545
544 546
544 547
545 870
545 154
545 697
546 547
546 702
546 790
547 525
547 132
547 550
548 209
548 550
548 346
549 550
549 551
549 907
550 551
550 552
550 767
551 552
551 553
551 409
552 553
552 554
552 902
553 422
553 619
553 406
554 555
554 556
554 557
555 885
555 77
555 558
556 557
556 558
556 439
557 558
557 949
557 783
558 81
558 560
558 561
559 472
559 553
559 562
560 561
560 363
560 985
561 111
561 563
561 564
562 401
562 389
562 565
563 564
563 565
563 790
564 565
564 566
564 840
565 203
565 567
565 568
566 567
566 568
566 445
567 568
567 80
567 335
568 569
568 570
568 571
569 766
569 738
569 120
570 571
570 572
570 573
571 41
571 573
571 235
572 850
572 574
572 283
573 660
573 575
573 576
574 575
574 576
574 577
575 657
575 131
575 578
576 577
576 560
576 52
577 569
577 579
577 864
578 60
578 292
578 31
579 396
579 581
579 863
580 199
580 582
580 583
581 582
581 381
581 724
582 583
582 459
582 585
583 584
583 585
583 586
584 620
584 586
584 587
585 586
585 266
585 588
586 941
586 588
586 365
587 452
587 589
587 605
588 808
588 738
588 133
589 590
589 591
589 474
590 796
590 592
590 593
591 387
591 593
591 805
592 953
592 594
592 595
593 594
593 829
593 321
594 2
594 596
594 597
595 444
595 702
595 598
596 611
596 598
596 599
597 773
597 599
597 600
598 284
598 479
598 601
599 600
599 601
599 602
600 406
600 36
600 188
601 518
601 732
601 454
602 603
602 604
602 828
603 277
603 313
603 618
604 366
604 606
604 607
605 806
605 607
605 608
606 615
606 608
606 409
607 654
607 325
607 610
608 421
608 610
608 611
609 610
609 903
609 612
610 658
610 100
610 613
611 612
611 613
611 614
612 877
612 359
612 615
613 406
613 615
613 616
614 615
614 616
614 915
615 497
615 617
615 618
616 617
616 696
616 619
617 241
617 619
617 457
618 262
618 620
618 621
619 620
619 621
619 622
620 369
620 608
620 429
621 6
621 401
621 473
622 565
622 624
622 625
623 624
623 625
623 826
624 371
624 626
624 771
625 601
625 637
625 628
626 627
626 628
626 937
627 628
627 62
627 151
628 943
628 585
628 405
629 630
629 433
629 10
630 631
630 991
630 549
631 632
631 919
631 813
632 633
632 634
632 635
633 634
633 635
633 788
634 635
634 526
634 637
635 57
635 836
635 638
636 637
636 638
636 639
637 683
637 977
637 640
638 90
638 60
638 524
639 640
639 641
639 713
640 483
640 642
640 643
641 642
641 732
641 644
642 643
642 644
642 9
643 1
643 531
643 86
644 645
644 646
644 997
645 646
645 647
645 648
646 647
646 648
646 191
647 880
647 649
647 69
648 649
648 650
648 651
649 944
649 650
649 646
650 651
650 89
650 653
651 652
651 932
651 786
652 653
652 654
652 655
653 654
653 655
653 466
654 563
654 656
654 300
655 656
655 774
655 132
656 379
656 393
656 233
657 206
657 659
657 660
658 659
658 660
658 661
659 660
659 661
659 662
660 982
660 662
660 387
661 662
661 304
661 664
662 270
662 373
662 665
663 373
663 665
663 666
664 665
664 666
664 667
665 267
665 667
665 668
666 667
666 668
666 669
667 668
667 524
667 670
668 735
668 701
668 890
669 670
669 357
669 672
670 226
670 672
670 459
671 9
671 93
671 674
672 453
672 674
672 675
673 674
673 229
673 25
674 675
674 676
674 677
675 676
675 155
675 678
676 99
676 313
676 697
677 765
677 679
677 680
678 76
678 680
678 681
679 680
679 501
679 798
680 681
680 682
680 683
681 525
681 104
681 73
682 812
682 767
682 685
683 561
683 685
683 441
684 685
684 686
684 362
685 951
685 687
685 688
686 896
686 420
686 689
687 688
687 689
687 690
688 689
688 690
688 858
689 690
689 691
689 257
690 691
690 692
690 693
691 400
691 748
691 694
692 693
692 694
692 695
693 645
693 695
693 975
694 695
694 696
694 948
695 803
695 519
695 163
696 697
696 698
696 661
697 698
697 680
697 963
698 699
698 14
698 947
699 700
699 701
699 819
700 611
700 369
700 286
701 538
701 850
701 704
702 703
702 905
702 845
703 704
703 439
703 706
704 705
704 706
704 588
705 706
705 623
705 225
706 707
706 904
706 709
707 345
707 709
707 335
708 709
708 982
708 141
709 632
709 711
709 712
710 132
710 712
710 43
711 597
711 100
711 855
712 0
712 714
712 784
713 714
713 985
713 716
714 575
714 44
714 717
715 716
715 717
715 718
716 616
716 718
716 719
717 638
717 719
717 720
718 719
718 728
718 721
719 720
719 721
719 51
720 721
720 418
720 723
721 722
721 723
721 724
722 453
722 280
722 447
723 713
723 662
723 726
724 725
724 684
724 727
725 564
725 727
725 728
726 644
726 728
726 486
727 728
727 874
727 867
728 554
728 730
728 490
729 663
729 731
729 567
730 168
730 781
730 980
731 464
731 733
731 734
732 733
732 372
732 735
733 293
733 735
733 739
734 578
734 24
734 737
735 111
735 737
735 261
736 534
736 738
736 313
737 853
737 739
737 740
738 739
738 771
738 741
739 605
739 2
739 742
740 142
740 742
740 743
741 742
741 858
741 713
742 743
742 741
742 745
743 744
743 745
743 746
744 745
744 746
744 747
745 746
745 747
745 748
746 747
746 748
746 749
747 748
747 749
747 393
748 659
748 750
748 411
749 184
749 751
749 321
750 358
750 31
750 198
751 752
751 737
751 821
752 753
752 254
752 975
753 369
753 755
753 953
754 755
754 756
754 757
755 756
755 757
755 758
756 757
756 252
756 293
757 758
757 759
757 760
758 759
758 760
758 827
759 760
759 465
759 762
760 455
760 762
760 471
761 297
761 449
761 764
762 635
762 757
762 875
763 610
763 100
763 766
764 495
764 513
764 767
765 731
765 767
765 913
766 159
766 708
766 267
767 732
767 769
767 483
768 235
768 770
768 771
769 761
769 397
769 772
770 771
770 772
770 503
771 305
771 773
771 774
772 205
772 576
772 850
773 807
773 775
773 776
774 775
774 335
774 555
775 342
775 77
775 778
776 320
776 778
776 779
777 859
777 779
777 780
778 779
778 780
778 781
779 176
779 781
779 105
780 183
780 782
780 723
781 782
781 783
781 251
782 651
782 784
782 785
783 784
783 785
783 442
784 785
784 161
784 86
785 786
785 313
785 788
786 666
786 310
786 789
787 114
787 789
787 707
788 789
788 790
788 791
789 753
789 791
789 792
790 842
790 792
790 17
791 792
791 341
791 433
792 370
792 737
792 746
793 112
793 795
793 377
794 910
794 837
794 797
795 796
795 196
795 349
796 797
796 798
796 630
797 798
797 799
797 569
798 799
798 800
798 766
799 930
799 49
799 802
800 801
800 295
800 418
801 216
801 132
801 804
802 803
802 804
802 805
803 804
803 847
803 460
804 895
804 33
804 807
805 806
805 606
805 808
806 807
806 808
806 809
807 808
807 809
807 926
808 809
808 810
808 811
809 810
809 653
809 754
810 811
810 272
810 813
811 766
811 813
811 814
812 543
812 814
812 815
813 5
813 815
813 840
814 815
814 816
814 817
815 816
815 882
815 875
816 817
816 976
816 234
817 904
817 641
817 396
818 116
818 654
818 821
819 341
819 967
819 339
820 821
820 57
820 615
821 263
821 934
821 388
822 823
822 747
822 825
823 717
823 825
823 797
824 163
824 169
824 294
825 826
825 827
825 175
826 35
826 422
826 565
827 828
827 544
827 830
828 183
828 830
828 280
829 554
829 541
829 107
830 831
830 832
830 137
831 310
831 833
831 834
832 833
832 834
832 641
833 834
833 457
833 608
834 835
834 151
834 843
835 760
835 837
835 838
836 927
836 380
836 251
837 838
837 839
837 221
838 839
838 840
838 841
839 840
839 815
839 842
840 381
840 331
840 843
841 173
841 843
841 589
842 843
842 599
842 310
843 844
843 101
843 846
844 845
844 468
844 847
845 846
845 703
845 848
846 847
846 302
846 902
847 848
847 849
847 850
848 224
848 850
848 133
849 825
849 851
849 594
850 851
850 739
850 697
851 852
851 853
851 854
852 639
852 854
852 203
853 854
853 231
853 502
854 855
854 783
854 857
855 856
855 857
855 858
856 857
856 858
856 931
857 971
857 859
857 615
858 859
858 860
858 897
859 860
859 748
859 862
860 280
860 862
860 426
861 862
861 863
861 864
862 208
862 864
862 865
863 864
863 50
863 866
864 865
864 866
864 342
865 866
865 606
865 868
866 913
866 129
866 1
867 625
867 869
867 698
868 869
868 494
868 863
869 870
869 261
869 97
870 871
870 872
870 51
871 872
871 644
871 874
872 873
872 874
872 139
873 874
873 514
873 403
874 991
874 16
874 652
875 876
875 122
875 878
876 997
876 915
876 879
877 566
877 706
877 880
878 681
878 880
878 881
879 630
879 881
879 152
880 28
880 882
880 650
881 882
881 143
881 564
882 846
882 884
882 234
883 300
883 321
883 886
884 885
884 886
884 337
885 966
885 887
885 888
886 887
886 888
886 889
887 888
887 889
887 890
888 402
888 894
888 44
889 766
889 891
889 892
890 891
890 892
890 850
891 892
891 129
891 408
892 997
892 514
892 828
893 335
893 976
893 939
894 554
894 896
894 897
895 855
895 51
895 395
896 897
896 172
896 347
897 457
897 899
897 200
898 408
898 320
898 901
899 445
899 901
899 902
900 901
900 638
900 297
901 902
901 903
901 902
902 903
902 904
902 905
903 904
903 905
903 906
904 905
904 240
904 356
905 906
905 453
905 367
906 406
906 908
906 902
907 908
907 909
907 416
908 909
908 910
908 356
909 884
909 911
909 894
910 540
910 121
910 913
911 912
911 405
911 914
912 913
912 938
912 200
913 744
913 303
913 86
914 915
914 916
914 443
915 916
915 817
915 918
916 517
916 201
916 267
917 518
917 919
917 71
918 919
918 684
918 149
919 920
919 921
919 59
920 921
920 480
920 455
921 30
921 988
921 924
922 923
922 141
922 534
923 924
923 925
923 833
924 238
924 79
924 21
925 926
925 927
925 671
926 485
926 586
926 647
927 928
927 929
927 930
928 316
928 875
928 931
929 153
929 943
929 932
930 931
930 932
930 965
931 932
931 80
931 826
932 933
932 458
932 935
933 645
933 789
933 936
934 698
934 936
934 937
935 43
935 990
935 388
936 104
936 118
936 629
937 648
937 939
937 940
938 487
938 940
938 941
939 319
939 941
939 942
940 941
940 942
940 943
941 942
941 943
941 515
942 637
942 837
942 426
943 837
943 945
943 958
944 969
944 946
944 947
945 946
945 938
945 948
946 947
946 749
946 992
947 908
947 590
947 469
948 115
948 950
948 517
949 394
949 943
949 952
950 865
950 952
950 87
951 64
951 180
951 954
952 953
952 722
952 955
953 954
953 955
953 722
954 40
954 511
954 957
955 437
955 545
955 228
956 490
956 958
956 959
957 958
957 959
957 960
958 959
958 960
958 961
959 960
959 961
959 553
960 851
960 175
960 963
961 962
961 963
961 542
962 963
962 637
962 965
963 964
963 801
963 862
964 910
964 293
964 967
965 203
965 967
965 968
966 986
966 332
966 752
967 968
967 553
967 6
968 228
968 657
968 971
969 970
969 484
969 844
970 971
970 196
970 434
971 953
971 973
971 358
972 963
972 200
972 106
973 974
973 975
973 976
974 28
974 581
974 977
975 529
975 977
975 10
976 205
976 156
976 133
977 978
977 600
977 170
978 931
978 980
978 981
979 72
979 937
979 395
980 981
980 28
980 380
981 982
981 350
981 984
982 983
982 857
982 867
983 293
983 98
983 986
984 426
984 110
984 761
985 986
985 95
985 988
986 987
986 29
986 744
987 165
987 926
987 816
988 989
988 145
988 991
989 730
989 182
989 341
990 991
990 992
990 616
991 992
991 80
991 994
992 993
992 994
992 995
993 359
993 699
993 996
994 995
994 884
994 997
995 996
995 315
995 167
996 997
996 998
996 590
997 998
997 918
997 0
998 522
998 177
998 11
999 0
999 207
999 2
