7 9 0 1 2 3 4 1.41421
7 9 0 1 2 3 5 1.73205
7 9 0 1 2 3 6 1.85164
7 9 0 1 2 3 8 1.62019
7 9 0 1 2 3 10 1
7 9 0 1 2 3 11 1.85164
7 9 0 1 2 3 12 1.85164
7 9 0 1 2 3 13 1.85164
7 9 0 1 2 3 14 1.62019
7 9 0 1 2 4 5 1.41421
7 9 0 1 2 4 6 1.41421
7 9 0 1 2 4 8 1.41421
7 9 0 1 2 4 10 1.41421
7 9 0 1 2 4 11 1.41421
7 9 0 1 2 4 12 1.41421
7 9 0 1 2 4 13 1.41421
7 9 0 1 2 4 14 1.41421
7 9 0 1 2 5 6 1.73205
7 9 0 1 2 5 8 1.41421
7 9 0 1 2 5 10 1.41421
7 9 0 1 2 5 11 1.73205
7 9 0 1 2 5 12 1.73205
7 9 0 1 2 5 13 1.73205
7 9 0 1 2 5 14 1.41421
7 9 0 1 2 6 8 1.62019
7 9 0 1 2 6 10 1
7 9 0 1 2 6 11 1.85164
7 9 0 1 2 6 12 1.85164
7 9 0 1 2 6 13 1.85164
7 9 0 1 2 6 14 1.62019
7 9 0 1 2 8 10 1.41421
7 9 0 1 2 8 11 1.62019
7 9 0 1 2 8 12 1.62019
7 9 0 1 2 8 13 1.62019
7 9 0 1 2 8 14 1.41421
7 9 0 1 2 10 11 1
7 9 0 1 2 10 12 1.41421
7 9 0 1 2 10 13 1.41421
7 9 0 1 2 10 14 1.41421
7 9 0 1 2 11 12 1.85164
7 9 0 1 2 11 13 1.85164
7 9 0 1 2 11 14 1.62019
7 9 0 1 2 12 13 1.85164
7 9 0 1 2 12 14 1.62019
7 9 0 1 2 13 14 1.62019
7 9 0 1 3 4 5 1.41421
7 9 0 1 3 4 6 1.41421
7 9 0 1 3 4 8 1
7 9 0 1 3 4 10 1
7 9 0 1 3 4 11 1.41421
7 9 0 1 3 4 12 1.41421
7 9 0 1 3 4 13 1.41421
7 9 0 1 3 4 14 1
7 9 0 1 3 5 6 1.73205
7 9 0 1 3 5 8 1.41421
7 9 0 1 3 5 10 1
7 9 0 1 3 5 11 1.73205
7 9 0 1 3 5 12 1.73205
7 9 0 1 3 5 13 1.73205
7 9 0 1 3 5 14 1.41421
7 9 0 1 3 6 8 1.73205
7 9 0 1 3 6 10 1.41421
7 9 0 1 3 6 11 1.90693
7 9 0 1 3 6 12 1.90693
7 9 0 1 3 6 13 1.90693
7 9 0 1 3 6 14 1.73205
7 9 0 1 3 8 10 1.41421
7 9 0 1 3 8 11 1.73205
7 9 0 1 3 8 12 1.73205
7 9 0 1 3 8 13 1.73205
7 9 0 1 3 8 14 1.62019
7 9 0 1 3 10 11 1.41421
7 9 0 1 3 10 12 1.41421
7 9 0 1 3 10 13 1.41421
7 9 0 1 3 10 14 1.41421
7 9 0 1 3 11 12 1.90693
7 9 0 1 3 11 13 1.90693
7 9 0 1 3 11 14 1.73205
7 9 0 1 3 12 13 1.90693
7 9 0 1 3 12 14 1.73205
7 9 0 1 3 13 14 1.73205
7 9 0 1 4 5 6 1.41421
7 9 0 1 4 5 8 1.62019
7 9 0 1 4 5 10 1.62019
7 9 0 1 4 5 11 1.41421
7 9 0 1 4 5 12 1.62019
7 9 0 1 4 5 13 1.62019
7 9 0 1 4 5 14 1.62019
7 9 0 1 4 6 8 1.62019
7 9 0 1 4 6 10 1.62019
7 9 0 1 4 6 11 1.41421
7 9 0 1 4 6 12 1.62019
7 9 0 1 4 6 13 1.62019
7 9 0 1 4 6 14 1.62019
7 9 0 1 4 8 10 1.73205
7 9 0 1 4 8 11 1.41421
7 9 0 1 4 8 12 1.73205
7 9 0 1 4 8 13 1.73205
7 9 0 1 4 8 14 1.73205
7 9 0 1 4 10 11 1.41421
7 9 0 1 4 10 12 1.73205
7 9 0 1 4 10 13 1.73205
7 9 0 1 4 10 14 1.73205
7 9 0 1 4 11 12 1.41421
7 9 0 1 4 11 13 1.41421
7 9 0 1 4 11 14 1.41421
7 9 0 1 4 12 13 1.73205
7 9 0 1 4 12 14 1.73205
7 9 0 1 4 13 14 1.73205
7 9 0 1 5 6 8 1.41421
7 9 0 1 5 6 10 1.41421
7 9 0 1 5 6 11 1.73205
7 9 0 1 5 6 12 1.73205
7 9 0 1 5 6 13 1.73205
7 9 0 1 5 6 14 1.41421
7 9 0 1 5 8 10 1.62019
7 9 0 1 5 8 11 1.41421
7 9 0 1 5 8 12 1.62019
7 9 0 1 5 8 13 1.62019
7 9 0 1 5 8 14 1.62019
7 9 0 1 5 10 11 1
7 9 0 1 5 10 12 1.62019
7 9 0 1 5 10 13 1.62019
7 9 0 1 5 10 14 1.62019
7 9 0 1 5 11 12 1.73205
7 9 0 1 5 11 13 1.73205
7 9 0 1 5 11 14 1.41421
7 9 0 1 5 12 13 1.73205
7 9 0 1 5 12 14 1.62019
7 9 0 1 5 13 14 1.62019
7 9 0 1 6 8 10 1.73205
7 9 0 1 6 8 11 1.81265
7 9 0 1 6 8 12 2
7 9 0 1 6 8 13 2
7 9 0 1 6 8 14 1.81265
7 9 0 1 6 10 11 1.62019
7 9 0 1 6 10 12 1.73205
7 9 0 1 6 10 13 1.73205
7 9 0 1 6 10 14 1.73205
7 9 0 1 6 11 12 1.93309
7 9 0 1 6 11 13 1.93309
7 9 0 1 6 11 14 1.81265
7 9 0 1 6 12 13 1.96214
7 9 0 1 6 12 14 2
7 9 0 1 6 13 14 2
7 9 0 1 8 10 11 1.62019
7 9 0 1 8 10 12 1.81265
7 9 0 1 8 10 13 1.81265
7 9 0 1 8 10 14 1.81265
7 9 0 1 8 11 12 1.81265
7 9 0 1 8 11 13 1.81265
7 9 0 1 8 11 14 1.73205
7 9 0 1 8 12 13 2
7 9 0 1 8 12 14 2
7 9 0 1 8 13 14 2
7 9 0 1 10 11 12 1.62019
7 9 0 1 10 11 13 1.62019
7 9 0 1 10 11 14 1.62019
7 9 0 1 10 12 13 1.81265
7 9 0 1 10 12 14 1.81265
7 9 0 1 10 13 14 1.81265
7 9 0 1 11 12 13 1.93309
7 9 0 1 11 12 14 1.81265
7 9 0 1 11 13 14 1.81265
7 9 0 1 12 13 14 2
7 9 0 2 3 4 5 1.90693
7 9 0 2 3 4 6 1.90693
7 9 0 2 3 4 8 1.41421
7 9 0 2 3 4 10 1.73205
7 9 0 2 3 4 11 1.90693
7 9 0 2 3 4 12 1.73205
7 9 0 2 3 4 13 1.73205
7 9 0 2 3 4 14 1.85164
7 9 0 2 3 5 6 2
7 9 0 2 3 5 8 1.41421
7 9 0 2 3 5 10 1.73205
7 9 0 2 3 5 11 2
7 9 0 2 3 5 12 1.90693
7 9 0 2 3 5 13 1.90693
7 9 0 2 3 5 14 1.90693
7 9 0 2 3 6 8 1.62019
7 9 0 2 3 6 10 1.73205
7 9 0 2 3 6 11 2.04939
7 9 0 2 3 6 12 2
7 9 0 2 3 6 13 2
7 9 0 2 3 6 14 1.93309
7 9 0 2 3 8 10 1.41421
7 9 0 2 3 8 11 1.62019
7 9 0 2 3 8 12 1.62019
7 9 0 2 3 8 13 1.62019
7 9 0 2 3 8 14 1.41421
7 9 0 2 3 10 11 1.73205
7 9 0 2 3 10 12 1.41421
7 9 0 2 3 10 13 1.41421
7 9 0 2 3 10 14 1.73205
7 9 0 2 3 11 12 2
7 9 0 2 3 11 13 2
7 9 0 2 3 11 14 1.93309
7 9 0 2 3 12 13 1.93309
7 9 0 2 3 12 14 1.81265
7 9 0 2 3 13 14 1.81265
7 9 0 2 4 5 6 1.90693
7 9 0 2 4 5 8 1.41421
7 9 0 2 4 5 10 1.73205
7 9 0 2 4 5 11 1.90693
7 9 0 2 4 5 12 1.73205
7 9 0 2 4 5 13 1.73205
7 9 0 2 4 5 14 1.85164
7 9 0 2 4 6 8 1.41421
7 9 0 2 4 6 10 1.73205
7 9 0 2 4 6 11 1.90693
7 9 0 2 4 6 12 1.73205
7 9 0 2 4 6 13 1.73205
7 9 0 2 4 6 14 1.85164
7 9 0 2 4 8 10 1.41421
7 9 0 2 4 8 11 1.41421
7 9 0 2 4 8 12 1.41421
7 9 0 2 4 8 13 1.41421
7 9 0 2 4 8 14 1.41421
7 9 0 2 4 10 11 1.73205
7 9 0 2 4 10 12 1.41421
7 9 0 2 4 10 13 1.41421
7 9 0 2 4 10 14 1.73205
7 9 0 2 4 11 12 1.73205
7 9 0 2 4 11 13 1.73205
7 9 0 2 4 11 14 1.85164
7 9 0 2 4 12 13 1.62019
7 9 0 2 4 12 14 1.62019
7 9 0 2 4 13 14 1.62019
7 9 0 2 5 6 8 1.41421
7 9 0 2 5 6 10 1.73205
7 9 0 2 5 6 11 2
7 9 0 2 5 6 12 1.90693
7 9 0 2 5 6 13 1.90693
7 9 0 2 5 6 14 1.90693
7 9 0 2 5 8 10 1.41421
7 9 0 2 5 8 11 1.41421
7 9 0 2 5 8 12 1.41421
7 9 0 2 5 8 13 1.41421
7 9 0 2 5 8 14 1.41421
7 9 0 2 5 10 11 1.73205
7 9 0 2 5 10 12 1.41421
7 9 0 2 5 10 13 1.41421
7 9 0 2 5 10 14 1.73205
7 9 0 2 5 11 12 1.90693
7 9 0 2 5 11 13 1.90693
7 9 0 2 5 11 14 1.90693
7 9 0 2 5 12 13 1.85164
7 9 0 2 5 12 14 1.73205
7 9 0 2 5 13 14 1.73205
7 9 0 2 6 8 10 1.41421
7 9 0 2 6 8 11 1.62019
7 9 0 2 6 8 12 1.62019
7 9 0 2 6 8 13 1.62019
7 9 0 2 6 8 14 1.41421
7 9 0 2 6 10 11 1.73205
7 9 0 2 6 10 12 1.41421
7 9 0 2 6 10 13 1.41421
7 9 0 2 6 10 14 1.73205
7 9 0 2 6 11 12 2
7 9 0 2 6 11 13 2
7 9 0 2 6 11 14 1.93309
7 9 0 2 6 12 13 1.93309
7 9 0 2 6 12 14 1.81265
7 9 0 2 6 13 14 1.81265
7 9 0 2 8 10 11 1.41421
7 9 0 2 8 10 12 1.41421
7 9 0 2 8 10 13 1.41421
7 9 0 2 8 10 14 1.41421
7 9 0 2 8 11 12 1.62019
7 9 0 2 8 11 13 1.62019
7 9 0 2 8 11 14 1.41421
7 9 0 2 8 12 13 1.62019
7 9 0 2 8 12 14 1.41421
7 9 0 2 8 13 14 1.41421
7 9 0 2 10 11 12 1.41421
7 9 0 2 10 11 13 1.41421
7 9 0 2 10 11 14 1.73205
7 9 0 2 10 12 13 1.41421
7 9 0 2 10 12 14 1.41421
7 9 0 2 10 13 14 1.41421
7 9 0 2 11 12 13 1.93309
7 9 0 2 11 12 14 1.81265
7 9 0 2 11 13 14 1.81265
7 9 0 2 12 13 14 1.73205
7 9 0 3 4 5 6 2.10357
7 9 0 3 4 5 8 1.73205
7 9 0 3 4 5 10 2
7 9 0 3 4 5 11 2.10357
7 9 0 3 4 5 12 1.90693
7 9 0 3 4 5 13 1.90693
7 9 0 3 4 5 14 2.07802
7 9 0 3 4 6 8 1.85164
7 9 0 3 4 6 10 2.07802
7 9 0 3 4 6 11 2.16556
7 9 0 3 4 6 12 2
7 9 0 3 4 6 13 2
7 9 0 3 4 6 14 2.13809
7 9 0 3 4 8 10 1.85164
7 9 0 3 4 8 11 1.85164
7 9 0 3 4 8 12 1.62019
7 9 0 3 4 8 13 1.62019
7 9 0 3 4 8 14 1.85164
7 9 0 3 4 10 11 2.07802
7 9 0 3 4 10 12 1.85164
7 9 0 3 4 10 13 1.85164
7 9 0 3 4 10 14 2.07802
7 9 0 3 4 11 12 2
7 9 0 3 4 11 13 2
7 9 0 3 4 11 14 2.13809
7 9 0 3 4 12 13 1.81265
7 9 0 3 4 12 14 1.93309
7 9 0 3 4 13 14 1.93309
7 9 0 3 5 6 8 1.73205
7 9 0 3 5 6 10 2
7 9 0 3 5 6 11 2.15297
7 9 0 3 5 6 12 2
7 9 0 3 5 6 13 2
7 9 0 3 5 6 14 2.10357
7 9 0 3 5 8 10 1.73205
7 9 0 3 5 8 11 1.73205
7 9 0 3 5 8 12 1.41421
7 9 0 3 5 8 13 1.41421
7 9 0 3 5 8 14 1.73205
7 9 0 3 5 10 11 2
7 9 0 3 5 10 12 1.73205
7 9 0 3 5 10 13 1.73205
7 9 0 3 5 10 14 2
7 9 0 3 5 11 12 2
7 9 0 3 5 11 13 2
7 9 0 3 5 11 14 2.10357
7 9 0 3 5 12 13 1.90693
7 9 0 3 5 12 14 1.90693
7 9 0 3 5 13 14 1.90693
7 9 0 3 6 8 10 1.90693
7 9 0 3 6 8 11 1.96214
7 9 0 3 6 8 12 2
7 9 0 3 6 8 13 2
7 9 0 3 6 8 14 1.93309
7 9 0 3 6 10 11 2.10357
7 9 0 3 6 10 12 1.90693
7 9 0 3 6 10 13 1.90693
7 9 0 3 6 10 14 2.10357
7 9 0 3 6 11 12 2.16025
7 9 0 3 6 11 13 2.16025
7 9 0 3 6 11 14 2.24038
7 9 0 3 6 12 13 2.10639
7 9 0 3 6 12 14 2.10639
7 9 0 3 6 13 14 2.10639
7 9 0 3 8 10 11 1.90693
7 9 0 3 8 10 12 1.73205
7 9 0 3 8 10 13 1.73205
7 9 0 3 8 10 14 1.90693
7 9 0 3 8 11 12 2
7 9 0 3 8 11 13 2
7 9 0 3 8 11 14 1.93309
7 9 0 3 8 12 13 1.81265
7 9 0 3 8 12 14 1.81265
7 9 0 3 8 13 14 1.81265
7 9 0 3 10 11 12 1.90693
7 9 0 3 10 11 13 1.90693
7 9 0 3 10 11 14 2.10357
7 9 0 3 10 12 13 1.73205
7 9 0 3 10 12 14 1.90693
7 9 0 3 10 13 14 1.90693
7 9 0 3 11 12 13 2.10639
7 9 0 3 11 12 14 2.10639
7 9 0 3 11 13 14 2.10639
7 9 0 3 12 13 14 2
7 9 0 4 5 6 8 1.90693
7 9 0 4 5 6 10 2.10357
7 9 0 4 5 6 11 2.16556
7 9 0 4 5 6 12 2.01187
7 9 0 4 5 6 13 2.01187
7 9 0 4 5 6 14 2.16556
7 9 0 4 5 8 10 1.93309
7 9 0 4 5 8 11 1.85164
7 9 0 4 5 8 12 1.81265
7 9 0 4 5 8 13 1.81265
7 9 0 4 5 8 14 1.93309
7 9 0 4 5 10 11 2.07802
7 9 0 4 5 10 12 1.93309
7 9 0 4 5 10 13 1.93309
7 9 0 4 5 10 14 2.12132
7 9 0 4 5 11 12 2
7 9 0 4 5 11 13 2
7 9 0 4 5 11 14 2.13809
7 9 0 4 5 12 13 2
7 9 0 4 5 12 14 2
7 9 0 4 5 13 14 2
7 9 0 4 6 8 10 2.04939
7 9 0 4 6 8 11 2.00294
7 9 0 4 6 8 12 1.93309
7 9 0 4 6 8 13 1.93309
7 9 0 4 6 8 14 2.04939
7 9 0 4 6 10 11 2.17945
7 9 0 4 6 10 12 2.04939
7 9 0 4 6 10 13 2.04939
7 9 0 4 6 10 14 2.21037
7 9 0 4 6 11 12 2.08167
7 9 0 4 6 11 13 2.08167
7 9 0 4 6 11 14 2.22354
7 9 0 4 6 12 13 2
7 9 0 4 6 12 14 2.09938
7 9 0 4 6 13 14 2.09938
7 9 0 4 8 10 11 2.00294
7 9 0 4 8 10 12 2
7 9 0 4 8 10 13 2
7 9 0 4 8 10 14 2.08167
7 9 0 4 8 11 12 1.85164
7 9 0 4 8 11 13 1.85164
7 9 0 4 8 11 14 2.00294
7 9 0 4 8 12 13 1.90693
7 9 0 4 8 12 14 2
7 9 0 4 8 13 14 2
7 9 0 4 10 11 12 2.00294
7 9 0 4 10 11 13 2.00294
7 9 0 4 10 11 14 2.17945
7 9 0 4 10 12 13 2
7 9 0 4 10 12 14 2.08167
7 9 0 4 10 13 14 2.08167
7 9 0 4 11 12 13 1.93309
7 9 0 4 11 12 14 2.04939
7 9 0 4 11 13 14 2.04939
7 9 0 4 12 13 14 2.01187
7 9 0 5 6 8 10 1.90693
7 9 0 5 6 8 11 1.85164
7 9 0 5 6 8 12 1.73205
7 9 0 5 6 8 13 1.73205
7 9 0 5 6 8 14 1.90693
7 9 0 5 6 10 11 2.07802
7 9 0 5 6 10 12 1.90693
7 9 0 5 6 10 13 1.90693
7 9 0 5 6 10 14 2.10357
7 9 0 5 6 11 12 2.04939
7 9 0 5 6 11 13 2.04939
7 9 0 5 6 11 14 2.16556
7 9 0 5 6 12 13 1.96214
7 9 0 5 6 12 14 2.01187
7 9 0 5 6 13 14 2.01187
7 9 0 5 8 10 11 1.85164
7 9 0 5 8 10 12 1.81265
7 9 0 5 8 10 13 1.81265
7 9 0 5 8 10 14 1.93309
7 9 0 5 8 11 12 1.62019
7 9 0 5 8 11 13 1.62019
7 9 0 5 8 11 14 1.85164
7 9 0 5 8 12 13 1.73205
7 9 0 5 8 12 14 1.81265
7 9 0 5 8 13 14 1.81265
7 9 0 5 10 11 12 1.85164
7 9 0 5 10 11 13 1.85164
7 9 0 5 10 11 14 2.07802
7 9 0 5 10 12 13 1.81265
7 9 0 5 10 12 14 1.93309
7 9 0 5 10 13 14 1.93309
7 9 0 5 11 12 13 1.93309
7 9 0 5 11 12 14 2
7 9 0 5 11 13 14 2
7 9 0 5 12 13 14 2
7 9 0 6 8 10 11 2.04939
7 9 0 6 8 10 12 2
7 9 0 6 8 10 13 2
7 9 0 6 8 10 14 2.10223
7 9 0 6 8 11 12 2
7 9 0 6 8 11 13 2
7 9 0 6 8 11 14 2.08167
7 9 0 6 8 12 13 2
7 9 0 6 8 12 14 2.0381
7 9 0 6 8 13 14 2.0381
7 9 0 6 10 11 12 2.04939
7 9 0 6 10 11 13 2.04939
7 9 0 6 10 11 14 2.21037
7 9 0 6 10 12 13 2
7 9 0 6 10 12 14 2.10223
7 9 0 6 10 13 14 2.10223
7 9 0 6 11 12 13 2.173
7 9 0 6 11 12 14 2.19745
7 9 0 6 11 13 14 2.19745
7 9 0 6 12 13 14 2.16025
7 9 0 8 10 11 12 1.93309
7 9 0 8 10 11 13 1.93309
7 9 0 8 10 11 14 2.04939
7 9 0 8 10 12 13 2
7 9 0 8 10 12 14 2.0381
7 9 0 8 10 13 14 2.0381
7 9 0 8 11 12 13 1.93309
7 9 0 8 11 12 14 2
7 9 0 8 11 13 14 2
7 9 0 8 12 13 14 2.01187
7 9 0 10 11 12 13 1.93309
7 9 0 10 11 12 14 2.04939
7 9 0 10 11 13 14 2.04939
7 9 0 10 12 13 14 2.0381
7 9 0 11 12 13 14 2.10639
7 9 1 2 3 4 5 1.41421
7 9 1 2 3 4 6 1.41421
7 9 1 2 3 4 8 1
7 9 1 2 3 4 10 1
7 9 1 2 3 4 11 1.41421
7 9 1 2 3 4 12 1.41421
7 9 1 2 3 4 13 1.41421
7 9 1 2 3 4 14 1
7 9 1 2 3 5 6 1.73205
7 9 1 2 3 5 8 1.41421
7 9 1 2 3 5 10 1
7 9 1 2 3 5 11 1.73205
7 9 1 2 3 5 12 1.73205
7 9 1 2 3 5 13 1.73205
7 9 1 2 3 5 14 1.41421
7 9 1 2 3 6 8 1.62019
7 9 1 2 3 6 10 1
7 9 1 2 3 6 11 1.85164
7 9 1 2 3 6 12 1.85164
7 9 1 2 3 6 13 1.85164
7 9 1 2 3 6 14 1.62019
7 9 1 2 3 8 10 1
7 9 1 2 3 8 11 1.62019
7 9 1 2 3 8 12 1.62019
7 9 1 2 3 8 13 1.62019
7 9 1 2 3 8 14 1.41421
7 9 1 2 3 10 11 1
7 9 1 2 3 10 12 1
7 9 1 2 3 10 13 1
7 9 1 2 3 10 14 1
7 9 1 2 3 11 12 1.85164
7 9 1 2 3 11 13 1.85164
7 9 1 2 3 11 14 1.62019
7 9 1 2 3 12 13 1.85164
7 9 1 2 3 12 14 1.62019
7 9 1 2 3 13 14 1.62019
7 9 1 2 4 5 6 1.41421
7 9 1 2 4 5 8 1.41421
7 9 1 2 4 5 10 1.41421
7 9 1 2 4 5 11 1.41421
7 9 1 2 4 5 12 1.41421
7 9 1 2 4 5 13 1.41421
7 9 1 2 4 5 14 1.41421
7 9 1 2 4 6 8 1
7 9 1 2 4 6 10 1
7 9 1 2 4 6 11 1.41421
7 9 1 2 4 6 12 1.41421
7 9 1 2 4 6 13 1.41421
7 9 1 2 4 6 14 1
7 9 1 2 4 8 10 1.41421
7 9 1 2 4 8 11 1
7 9 1 2 4 8 12 1.41421
7 9 1 2 4 8 13 1.41421
7 9 1 2 4 8 14 1.41421
7 9 1 2 4 10 11 1
7 9 1 2 4 10 12 1.41421
7 9 1 2 4 10 13 1.41421
7 9 1 2 4 10 14 1.41421
7 9 1 2 4 11 12 1.41421
7 9 1 2 4 11 13 1.41421
7 9 1 2 4 11 14 1
7 9 1 2 4 12 13 1.41421
7 9 1 2 4 12 14 1.41421
7 9 1 2 4 13 14 1.41421
7 9 1 2 5 6 8 1.41421
7 9 1 2 5 6 10 1
7 9 1 2 5 6 11 1.73205
7 9 1 2 5 6 12 1.73205
7 9 1 2 5 6 13 1.73205
7 9 1 2 5 6 14 1.41421
7 9 1 2 5 8 10 1.41421
7 9 1 2 5 8 11 1.41421
7 9 1 2 5 8 12 1.41421
7 9 1 2 5 8 13 1.41421
7 9 1 2 5 8 14 1.41421
7 9 1 2 5 10 11 1
7 9 1 2 5 10 12 1.41421
7 9 1 2 5 10 13 1.41421
7 9 1 2 5 10 14 1.41421
7 9 1 2 5 11 12 1.73205
7 9 1 2 5 11 13 1.73205
7 9 1 2 5 11 14 1.41421
7 9 1 2 5 12 13 1.73205
7 9 1 2 5 12 14 1.41421
7 9 1 2 5 13 14 1.41421
7 9 1 2 6 8 10 1
7 9 1 2 6 8 11 1.62019
7 9 1 2 6 8 12 1.62019
7 9 1 2 6 8 13 1.62019
7 9 1 2 6 8 14 1.41421
7 9 1 2 6 10 11 1
7 9 1 2 6 10 12 1
7 9 1 2 6 10 13 1
7 9 1 2 6 10 14 1
7 9 1 2 6 11 12 1.85164
7 9 1 2 6 11 13 1.85164
7 9 1 2 6 11 14 1.62019
7 9 1 2 6 12 13 1.85164
7 9 1 2 6 12 14 1.62019
7 9 1 2 6 13 14 1.62019
7 9 1 2 8 10 11 1
7 9 1 2 8 10 12 1.41421
7 9 1 2 8 10 13 1.41421
7 9 1 2 8 10 14 1.41421
7 9 1 2 8 11 12 1.62019
7 9 1 2 8 11 13 1.62019
7 9 1 2 8 11 14 1.41421
7 9 1 2 8 12 13 1.62019
7 9 1 2 8 12 14 1.41421
7 9 1 2 8 13 14 1.41421
7 9 1 2 10 11 12 1
7 9 1 2 10 11 13 1
7 9 1 2 10 11 14 1
7 9 1 2 10 12 13 1.41421
7 9 1 2 10 12 14 1.41421
7 9 1 2 10 13 14 1.41421
7 9 1 2 11 12 13 1.85164
7 9 1 2 11 12 14 1.62019
7 9 1 2 11 13 14 1.62019
7 9 1 2 12 13 14 1.62019
7 9 1 3 4 5 6 1.41421
7 9 1 3 4 5 8 1
7 9 1 3 4 5 10 1
7 9 1 3 4 5 11 1.41421
7 9 1 3 4 5 12 1.41421
7 9 1 3 4 5 13 1.41421
7 9 1 3 4 5 14 1
7 9 1 3 4 6 8 1
7 9 1 3 4 6 10 1
7 9 1 3 4 6 11 1.41421
7 9 1 3 4 6 12 1.41421
7 9 1 3 4 6 13 1.41421
7 9 1 3 4 6 14 1
7 9 1 3 4 8 10 1
7 9 1 3 4 8 11 1
7 9 1 3 4 8 12 1
7 9 1 3 4 8 13 1
7 9 1 3 4 8 14 1
7 9 1 3 4 10 11 1
7 9 1 3 4 10 12 1
7 9 1 3 4 10 13 1
7 9 1 3 4 10 14 1
7 9 1 3 4 11 12 1.41421
7 9 1 3 4 11 13 1.41421
7 9 1 3 4 11 14 1
7 9 1 3 4 12 13 1.41421
7 9 1 3 4 12 14 1
7 9 1 3 4 13 14 1
7 9 1 3 5 6 8 1.41421
7 9 1 3 5 6 10 1
7 9 1 3 5 6 11 1.73205
7 9 1 3 5 6 12 1.73205
7 9 1 3 5 6 13 1.73205
7 9 1 3 5 6 14 1.41421
7 9 1 3 5 8 10 1
7 9 1 3 5 8 11 1.41421
7 9 1 3 5 8 12 1.41421
7 9 1 3 5 8 13 1.41421
7 9 1 3 5 8 14 1
7 9 1 3 5 10 11 1
7 9 1 3 5 10 12 1
7 9 1 3 5 10 13 1
7 9 1 3 5 10 14 1
7 9 1 3 5 11 12 1.73205
7 9 1 3 5 11 13 1.73205
7 9 1 3 5 11 14 1.41421
7 9 1 3 5 12 13 1.73205
7 9 1 3 5 12 14 1.41421
7 9 1 3 5 13 14 1.41421
7 9 1 3 6 8 10 1.41421
7 9 1 3 6 8 11 1.73205
7 9 1 3 6 8 12 1.73205
7 9 1 3 6 8 13 1.73205
7 9 1 3 6 8 14 1.62019
7 9 1 3 6 10 11 1.41421
7 9 1 3 6 10 12 1.41421
7 9 1 3 6 10 13 1.41421
7 9 1 3 6 10 14 1.41421
7 9 1 3 6 11 12 1.90693
7 9 1 3 6 11 13 1.90693
7 9 1 3 6 11 14 1.73205
7 9 1 3 6 12 13 1.90693
7 9 1 3 6 12 14 1.73205
7 9 1 3 6 13 14 1.73205
7 9 1 3 8 10 11 1.41421
7 9 1 3 8 10 12 1.41421
7 9 1 3 8 10 13 1.41421
7 9 1 3 8 10 14 1.41421
7 9 1 3 8 11 12 1.73205
7 9 1 3 8 11 13 1.73205
7 9 1 3 8 11 14 1.62019
7 9 1 3 8 12 13 1.73205
7 9 1 3 8 12 14 1.62019
7 9 1 3 8 13 14 1.62019
7 9 1 3 10 11 12 1.41421
7 9 1 3 10 11 13 1.41421
7 9 1 3 10 11 14 1.41421
7 9 1 3 10 12 13 1.41421
7 9 1 3 10 12 14 1.41421
7 9 1 3 10 13 14 1.41421
7 9 1 3 11 12 13 1.90693
7 9 1 3 11 12 14 1.73205
7 9 1 3 11 13 14 1.73205
7 9 1 3 12 13 14 1.73205
7 9 1 4 5 6 8 1.41421
7 9 1 4 5 6 10 1.41421
7 9 1 4 5 6 11 1.41421
7 9 1 4 5 6 12 1.41421
7 9 1 4 5 6 13 1.41421
7 9 1 4 5 6 14 1.41421
7 9 1 4 5 8 10 1.62019
7 9 1 4 5 8 11 1
7 9 1 4 5 8 12 1.62019
7 9 1 4 5 8 13 1.62019
7 9 1 4 5 8 14 1.62019
7 9 1 4 5 10 11 1
7 9 1 4 5 10 12 1.62019
7 9 1 4 5 10 13 1.62019
7 9 1 4 5 10 14 1.62019
7 9 1 4 5 11 12 1.41421
7 9 1 4 5 11 13 1.41421
7 9 1 4 5 11 14 1
7 9 1 4 5 12 13 1.62019
7 9 1 4 5 12 14 1.62019
7 9 1 4 5 13 14 1.62019
7 9 1 4 6 8 10 1.62019
7 9 1 4 6 8 11 1.41421
7 9 1 4 6 8 12 1.62019
7 9 1 4 6 8 13 1.62019
7 9 1 4 6 8 14 1.62019
7 9 1 4 6 10 11 1.41421
7 9 1 4 6 10 12 1.62019
7 9 1 4 6 10 13 1.62019
7 9 1 4 6 10 14 1.62019
7 9 1 4 6 11 12 1.41421
7 9 1 4 6 11 13 1.41421
7 9 1 4 6 11 14 1.41421
7 9 1 4 6 12 13 1.62019
7 9 1 4 6 12 14 1.62019
7 9 1 4 6 13 14 1.62019
7 9 1 4 8 10 11 1.41421
7 9 1 4 8 10 12 1.73205
7 9 1 4 8 10 13 1.73205
7 9 1 4 8 10 14 1.73205
7 9 1 4 8 11 12 1.41421
7 9 1 4 8 11 13 1.41421
7 9 1 4 8 11 14 1.41421
7 9 1 4 8 12 13 1.73205
7 9 1 4 8 12 14 1.73205
7 9 1 4 8 13 14 1.73205
7 9 1 4 10 11 12 1.41421
7 9 1 4 10 11 13 1.41421
7 9 1 4 10 11 14 1.41421
7 9 1 4 10 12 13 1.73205
7 9 1 4 10 12 14 1.73205
7 9 1 4 10 13 14 1.73205
7 9 1 4 11 12 13 1.41421
7 9 1 4 11 12 14 1.41421
7 9 1 4 11 13 14 1.41421
7 9 1 4 12 13 14 1.73205
7 9 1 5 6 8 10 1.41421
7 9 1 5 6 8 11 1.41421
7 9 1 5 6 8 12 1.41421
7 9 1 5 6 8 13 1.41421
7 9 1 5 6 8 14 1.41421
7 9 1 5 6 10 11 1
7 9 1 5 6 10 12 1.41421
7 9 1 5 6 10 13 1.41421
7 9 1 5 6 10 14 1.41421
7 9 1 5 6 11 12 1.73205
7 9 1 5 6 11 13 1.73205
7 9 1 5 6 11 14 1.41421
7 9 1 5 6 12 13 1.73205
7 9 1 5 6 12 14 1.41421
7 9 1 5 6 13 14 1.41421
7 9 1 5 8 10 11 1
7 9 1 5 8 10 12 1.62019
7 9 1 5 8 10 13 1.62019
7 9 1 5 8 10 14 1.62019
7 9 1 5 8 11 12 1.41421
7 9 1 5 8 11 13 1.41421
7 9 1 5 8 11 14 1
7 9 1 5 8 12 13 1.62019
7 9 1 5 8 12 14 1.62019
7 9 1 5 8 13 14 1.62019
7 9 1 5 10 11 12 1
7 9 1 5 10 11 13 1
7 9 1 5 10 11 14 1
7 9 1 5 10 12 13 1.62019
7 9 1 5 10 12 14 1.62019
7 9 1 5 10 13 14 1.62019
7 9 1 5 11 12 13 1.73205
7 9 1 5 11 12 14 1.41421
7 9 1 5 11 13 14 1.41421
7 9 1 5 12 13 14 1.62019
7 9 1 6 8 10 11 1.62019
7 9 1 6 8 10 12 1.73205
7 9 1 6 8 10 13 1.73205
7 9 1 6 8 10 14 1.73205
7 9 1 6 8 11 12 1.81265
7 9 1 6 8 11 13 1.81265
7 9 1 6 8 11 14 1.73205
7 9 1 6 8 12 13 2
7 9 1 6 8 12 14 1.81265
7 9 1 6 8 13 14 1.81265
7 9 1 6 10 11 12 1.62019
7 9 1 6 10 11 13 1.62019
7 9 1 6 10 11 14 1.62019
7 9 1 6 10 12 13 1.73205
7 9 1 6 10 12 14 1.73205
7 9 1 6 10 13 14 1.73205
7 9 1 6 11 12 13 1.93309
7 9 1 6 11 12 14 1.81265
7 9 1 6 11 13 14 1.81265
7 9 1 6 12 13 14 2
7 9 1 8 10 11 12 1.62019
7 9 1 8 10 11 13 1.62019
7 9 1 8 10 11 14 1.62019
7 9 1 8 10 12 13 1.81265
7 9 1 8 10 12 14 1.81265
7 9 1 8 10 13 14 1.81265
7 9 1 8 11 12 13 1.81265
7 9 1 8 11 12 14 1.73205
7 9 1 8 11 13 14 1.73205
7 9 1 8 12 13 14 2
7 9 1 10 11 12 13 1.62019
7 9 1 10 11 12 14 1.62019
7 9 1 10 11 13 14 1.62019
7 9 1 10 12 13 14 1.81265
7 9 1 11 12 13 14 1.81265
7 9 2 3 4 5 6 2
7 9 2 3 4 5 8 1.62019
7 9 2 3 4 5 10 1.85164
7 9 2 3 4 5 11 2
7 9 2 3 4 5 12 1.81265
7 9 2 3 4 5 13 1.73205
7 9 2 3 4 5 14 1.93309
7 9 2 3 4 6 8 1.62019
7 9 2 3 4 6 10 1.85164
7 9 2 3 4 6 11 2
7 9 2 3 4 6 12 1.81265
7 9 2 3 4 6 13 1.73205
7 9 2 3 4 6 14 1.93309
7 9 2 3 4 8 10 1.62019
7 9 2 3 4 8 11 1.62019
7 9 2 3 4 8 12 1.41421
7 9 2 3 4 8 13 1
7 9 2 3 4 8 14 1.62019
7 9 2 3 4 10 11 1.85164
7 9 2 3 4 10 12 1.62019
7 9 2 3 4 10 13 1.41421
7 9 2 3 4 10 14 1.85164
7 9 2 3 4 11 12 1.81265
7 9 2 3 4 11 13 1.73205
7 9 2 3 4 11 14 1.93309
7 9 2 3 4 12 13 1.62019
7 9 2 3 4 12 14 1.73205
7 9 2 3 4 13 14 1.62019
7 9 2 3 5 6 8 1.62019
7 9 2 3 5 6 10 1.85164
7 9 2 3 5 6 11 2.04939
7 9 2 3 5 6 12 1.93309
7 9 2 3 5 6 13 1.90693
7 9 2 3 5 6 14 2
7 9 2 3 5 8 10 1.62019
7 9 2 3 5 8 11 1.62019
7 9 2 3 5 8 12 1.41421
7 9 2 3 5 8 13 1.41421
7 9 2 3 5 8 14 1.62019
7 9 2 3 5 10 11 1.85164
7 9 2 3 5 10 12 1.62019
7 9 2 3 5 10 13 1.41421
7 9 2 3 5 10 14 1.85164
7 9 2 3 5 11 12 1.93309
7 9 2 3 5 11 13 1.90693
7 9 2 3 5 11 14 2
7 9 2 3 5 12 13 1.85164
7 9 2 3 5 12 14 1.81265
7 9 2 3 5 13 14 1.73205
7 9 2 3 6 8 10 1.62019
7 9 2 3 6 8 11 1.62019
7 9 2 3 6 8 12 1.62019
7 9 2 3 6 8 13 1.62019
7 9 2 3 6 8 14 1.62019
7 9 2 3 6 10 11 1.85164
7 9 2 3 6 10 12 1.62019
7 9 2 3 6 10 13 1.41421
7 9 2 3 6 10 14 1.85164
7 9 2 3 6 11 12 2
7 9 2 3 6 11 13 2
7 9 2 3 6 11 14 2
7 9 2 3 6 12 13 1.93309
7 9 2 3 6 12 14 2
7 9 2 3 6 13 14 1.81265
7 9 2 3 8 10 11 1.62019
7 9 2 3 8 10 12 1.41421
7 9 2 3 8 10 13 1
7 9 2 3 8 10 14 1.62019
7 9 2 3 8 11 12 1.62019
7 9 2 3 8 11 13 1.62019
7 9 2 3 8 11 14 1.62019
7 9 2 3 8 12 13 1.62019
7 9 2 3 8 12 14 1.41421
7 9 2 3 8 13 14 1.41421
7 9 2 3 10 11 12 1.62019
7 9 2 3 10 11 13 1.41421
7 9 2 3 10 11 14 1.85164
7 9 2 3 10 12 13 1
7 9 2 3 10 12 14 1.62019
7 9 2 3 10 13 14 1.41421
7 9 2 3 11 12 13 1.93309
7 9 2 3 11 12 14 2
7 9 2 3 11 13 14 1.81265
7 9 2 3 12 13 14 1.73205
7 9 2 4 5 6 8 1.62019
7 9 2 4 5 6 10 1.85164
7 9 2 4 5 6 11 2
7 9 2 4 5 6 12 1.81265
7 9 2 4 5 6 13 1.73205
7 9 2 4 5 6 14 1.93309
7 9 2 4 5 8 10 1.62019
7 9 2 4 5 8 11 1.62019
7 9 2 4 5 8 12 1.41421
7 9 2 4 5 8 13 1.41421
7 9 2 4 5 8 14 1.62019
7 9 2 4 5 10 11 1.85164
7 9 2 4 5 10 12 1.62019
7 9 2 4 5 10 13 1.41421
7 9 2 4 5 10 14 1.85164
7 9 2 4 5 11 12 1.81265
7 9 2 4 5 11 13 1.73205
7 9 2 4 5 11 14 1.93309
7 9 2 4 5 12 13 1.62019
7 9 2 4 5 12 14 1.73205
7 9 2 4 5 13 14 1.62019
7 9 2 4 6 8 10 1.62019
7 9 2 4 6 8 11 1.62019
7 9 2 4 6 8 12 1.41421
7 9 2 4 6 8 13 1
7 9 2 4 6 8 14 1.62019
7 9 2 4 6 10 11 1.85164
7 9 2 4 6 10 12 1.62019
7 9 2 4 6 10 13 1.41421
7 9 2 4 6 10 14 1.85164
7 9 2 4 6 11 12 1.81265
7 9 2 4 6 11 13 1.73205
7 9 2 4 6 11 14 1.93309
7 9 2 4 6 12 13 1.62019
7 9 2 4 6 12 14 1.73205
7 9 2 4 6 13 14 1.62019
7 9 2 4 8 10 11 1.62019
7 9 2 4 8 10 12 1.41421
7 9 2 4 8 10 13 1.41421
7 9 2 4 8 10 14 1.62019
7 9 2 4 8 11 12 1.41421
7 9 2 4 8 11 13 1
7 9 2 4 8 11 14 1.62019
7 9 2 4 8 12 13 1.41421
7 9 2 4 8 12 14 1.41421
7 9 2 4 8 13 14 1.41421
7 9 2 4 10 11 12 1.62019
7 9 2 4 10 11 13 1.41421
7 9 2 4 10 11 14 1.85164
7 9 2 4 10 12 13 1.41421
7 9 2 4 10 12 14 1.62019
7 9 2 4 10 13 14 1.41421
7 9 2 4 11 12 13 1.62019
7 9 2 4 11 12 14 1.73205
7 9 2 4 11 13 14 1.62019
7 9 2 4 12 13 14 1.41421
7 9 2 5 6 8 10 1.62019
7 9 2 5 6 8 11 1.62019
7 9 2 5 6 8 12 1.41421
7 9 2 5 6 8 13 1.41421
7 9 2 5 6 8 14 1.62019
7 9 2 5 6 10 11 1.85164
7 9 2 5 6 10 12 1.62019
7 9 2 5 6 10 13 1.41421
7 9 2 5 6 10 14 1.85164
7 9 2 5 6 11 12 1.93309
7 9 2 5 6 11 13 1.90693
7 9 2 5 6 11 14 2
7 9 2 5 6 12 13 1.85164
7 9 2 5 6 12 14 1.81265
7 9 2 5 6 13 14 1.73205
7 9 2 5 8 10 11 1.62019
7 9 2 5 8 10 12 1.41421
7 9 2 5 8 10 13 1.41421
7 9 2 5 8 10 14 1.62019
7 9 2 5 8 11 12 1.41421
7 9 2 5 8 11 13 1.41421
7 9 2 5 8 11 14 1.62019
7 9 2 5 8 12 13 1.41421
7 9 2 5 8 12 14 1.41421
7 9 2 5 8 13 14 1.41421
7 9 2 5 10 11 12 1.62019
7 9 2 5 10 11 13 1.41421
7 9 2 5 10 11 14 1.85164
7 9 2 5 10 12 13 1.41421
7 9 2 5 10 12 14 1.62019
7 9 2 5 10 13 14 1.41421
7 9 2 5 11 12 13 1.85164
7 9 2 5 11 12 14 1.81265
7 9 2 5 11 13 14 1.73205
7 9 2 5 12 13 14 1.62019
7 9 2 6 8 10 11 1.62019
7 9 2 6 8 10 12 1.41421
7 9 2 6 8 10 13 1
7 9 2 6 8 10 14 1.62019
7 9 2 6 8 11 12 1.62019
7 9 2 6 8 11 13 1.62019
7 9 2 6 8 11 14 1.62019
7 9 2 6 8 12 13 1.62019
7 9 2 6 8 12 14 1.41421
7 9 2 6 8 13 14 1.41421
7 9 2 6 10 11 12 1.62019
7 9 2 6 10 11 13 1.41421
7 9 2 6 10 11 14 1.85164
7 9 2 6 10 12 13 1
7 9 2 6 10 12 14 1.62019
7 9 2 6 10 13 14 1.41421
7 9 2 6 11 12 13 1.93309
7 9 2 6 11 12 14 2
7 9 2 6 11 13 14 1.81265
7 9 2 6 12 13 14 1.73205
7 9 2 8 10 11 12 1.41421
7 9 2 8 10 11 13 1
7 9 2 8 10 11 14 1.62019
7 9 2 8 10 12 13 1.41421
7 9 2 8 10 12 14 1.41421
7 9 2 8 10 13 14 1.41421
7 9 2 8 11 12 13 1.62019
7 9 2 8 11 12 14 1.41421
7 9 2 8 11 13 14 1.41421
7 9 2 8 12 13 14 1.41421
7 9 2 10 11 12 13 1
7 9 2 10 11 12 14 1.62019
7 9 2 10 11 13 14 1.41421
7 9 2 10 12 13 14 1.41421
7 9 2 11 12 13 14 1.73205
7 9 3 4 5 6 8 1.85164
7 9 3 4 5 6 10 2.07802
7 9 3 4 5 6 11 2.16556
7 9 3 4 5 6 12 2
7 9 3 4 5 6 13 1.90693
7 9 3 4 5 6 14 2.13809
7 9 3 4 5 8 10 1.85164
7 9 3 4 5 8 11 1.85164
7 9 3 4 5 8 12 1.62019
7 9 3 4 5 8 13 1.41421
7 9 3 4 5 8 14 1.85164
7 9 3 4 5 10 11 2.07802
7 9 3 4 5 10 12 1.85164
7 9 3 4 5 10 13 1.73205
7 9 3 4 5 10 14 2.07802
7 9 3 4 5 11 12 2
7 9 3 4 5 11 13 1.90693
7 9 3 4 5 11 14 2.13809
7 9 3 4 5 12 13 1.73205
7 9 3 4 5 12 14 1.93309
7 9 3 4 5 13 14 1.85164
7 9 3 4 6 8 10 1.93309
7 9 3 4 6 8 11 1.93309
7 9 3 4 6 8 12 1.73205
7 9 3 4 6 8 13 1.62019
7 9 3 4 6 8 14 1.93309
7 9 3 4 6 10 11 2.13809
7 9 3 4 6 10 12 1.93309
7 9 3 4 6 10 13 1.85164
7 9 3 4 6 10 14 2.13809
7 9 3 4 6 11 12 2.0381
7 9 3 4 6 11 13 2
7 9 3 4 6 11 14 2.18955
7 9 3 4 6 12 13 1.81265
7 9 3 4 6 12 14 2
7 9 3 4 6 13 14 1.93309
7 9 3 4 8 10 11 1.93309
7 9 3 4 8 10 12 1.73205
7 9 3 4 8 10 13 1.62019
7 9 3 4 8 10 14 1.93309
7 9 3 4 8 11 12 1.73205
7 9 3 4 8 11 13 1.62019
7 9 3 4 8 11 14 1.93309
7 9 3 4 8 12 13 1.41421
7 9 3 4 8 12 14 1.73205
7 9 3 4 8 13 14 1.62019
7 9 3 4 10 11 12 1.93309
7 9 3 4 10 11 13 1.85164
7 9 3 4 10 11 14 2.13809
7 9 3 4 10 12 13 1.62019
7 9 3 4 10 12 14 1.93309
7 9 3 4 10 13 14 1.85164
7 9 3 4 11 12 13 1.81265
7 9 3 4 11 12 14 2
7 9 3 4 11 13 14 1.93309
7 9 3 4 12 13 14 1.73205
7 9 3 5 6 8 10 1.85164
7 9 3 5 6 8 11 1.85164
7 9 3 5 6 8 12 1.62019
7 9 3 5 6 8 13 1.41421
7 9 3 5 6 8 14 1.85164
7 9 3 5 6 10 11 2.07802
7 9 3 5 6 10 12 1.85164
7 9 3 5 6 10 13 1.73205
7 9 3 5 6 10 14 2.07802
7 9 3 5 6 11 12 2.04939
7 9 3 5 6 11 13 2
7 9 3 5 6 11 14 2.16556
7 9 3 5 6 12 13 1.90693
7 9 3 5 6 12 14 2
7 9 3 5 6 13 14 1.90693
7 9 3 5 8 10 11 1.85164
7 9 3 5 8 10 12 1.62019
7 9 3 5 8 10 13 1.41421
7 9 3 5 8 10 14 1.85164
7 9 3 5 8 11 12 1.62019
7 9 3 5 8 11 13 1.41421
7 9 3 5 8 11 14 1.85164
7 9 3 5 8 12 13 1.41421
7 9 3 5 8 12 14 1.62019
7 9 3 5 8 13 14 1.41421
7 9 3 5 10 11 12 1.85164
7 9 3 5 10 11 13 1.73205
7 9 3 5 10 11 14 2.07802
7 9 3 5 10 12 13 1.41421
7 9 3 5 10 12 14 1.85164
7 9 3 5 10 13 14 1.73205
7 9 3 5 11 12 13 1.90693
7 9 3 5 11 12 14 2
7 9 3 5 11 13 14 1.90693
7 9 3 5 12 13 14 1.73205
7 9 3 6 8 10 11 2
7 9 3 6 8 10 12 1.81265
7 9 3 6 8 10 13 1.73205
7 9 3 6 8 10 14 2
7 9 3 6 8 11 12 2
7 9 3 6 8 11 13 2
7 9 3 6 8 11 14 2
7 9 3 6 8 12 13 1.81265
7 9 3 6 8 12 14 2
7 9 3 6 8 13 14 1.81265
7 9 3 6 10 11 12 2
7 9 3 6 10 11 13 1.90693
7 9 3 6 10 11 14 2.16556
7 9 3 6 10 12 13 1.73205
7 9 3 6 10 12 14 2
7 9 3 6 10 13 14 1.90693
7 9 3 6 11 12 13 2.10639
7 9 3 6 11 12 14 2.16025
7 9 3 6 11 13 14 2.10639
7 9 3 6 12 13 14 2
7 9 3 8 10 11 12 1.81265
7 9 3 8 10 11 13 1.73205
7 9 3 8 10 11 14 2
7 9 3 8 10 12 13 1.62019
7 9 3 8 10 12 14 1.81265
7 9 3 8 10 13 14 1.73205
7 9 3 8 11 12 13 1.81265
7 9 3 8 11 12 14 2
7 9 3 8 11 13 14 1.81265
7 9 3 8 12 13 14 1.73205
7 9 3 10 11 12 13 1.73205
7 9 3 10 11 12 14 2
7 9 3 10 11 13 14 1.90693
7 9 3 10 12 13 14 1.73205
7 9 3 11 12 13 14 2
7 9 4 5 6 8 10 2
7 9 4 5 6 8 11 1.93309
7 9 4 5 6 8 12 1.81265
7 9 4 5 6 8 13 1.73205
7 9 4 5 6 8 14 2
7 9 4 5 6 10 11 2.13809
7 9 4 5 6 10 12 2
7 9 4 5 6 10 13 1.90693
7 9 4 5 6 10 14 2.16556
7 9 4 5 6 11 12 2.0381
7 9 4 5 6 11 13 2
7 9 4 5 6 11 14 2.18955
7 9 4 5 6 12 13 2
7 9 4 5 6 12 14 2.0381
7 9 4 5 6 13 14 2
7 9 4 5 8 10 11 1.93309
7 9 4 5 8 10 12 2
7 9 4 5 8 10 13 1.81265
7 9 4 5 8 10 14 2
7 9 4 5 8 11 12 1.73205
7 9 4 5 8 11 13 1.62019
7 9 4 5 8 11 14 1.93309
7 9 4 5 8 12 13 1.73205
7 9 4 5 8 12 14 2
7 9 4 5 8 13 14 1.81265
7 9 4 5 10 11 12 1.93309
7 9 4 5 10 11 13 1.85164
7 9 4 5 10 11 14 2.13809
7 9 4 5 10 12 13 1.81265
7 9 4 5 10 12 14 2
7 9 4 5 10 13 14 1.93309
7 9 4 5 11 12 13 1.81265
7 9 4 5 11 12 14 2
7 9 4 5 11 13 14 1.93309
7 9 4 5 12 13 14 2
7 9 4 6 8 10 11 2.04939
7 9 4 6 8 10 12 2
7 9 4 6 8 10 13 1.93309
7 9 4 6 8 10 14 2.09938
7 9 4 6 8 11 12 1.90693
7 9 4 6 8 11 13 1.85164
7 9 4 6 8 11 14 2.04939
7 9 4 6 8 12 13 1.85164
7 9 4 6 8 12 14 2
7 9 4 6 8 13 14 1.93309
7 9 4 6 10 11 12 2.04939
7 9 4 6 10 11 13 2.00294
7 9 4 6 10 11 14 2.22354
7 9 4 6 10 12 13 1.93309
7 9 4 6 10 12 14 2.09938
7 9 4 6 10 13 14 2.04939
7 9 4 6 11 12 13 1.93309
7 9 4 6 11 12 14 2.10223
7 9 4 6 11 13 14 2.04939
7 9 4 6 12 13 14 2
7 9 4 8 10 11 12 1.90693
7 9 4 8 10 11 13 1.85164
7 9 4 8 10 11 14 2.04939
7 9 4 8 10 12 13 1.90693
7 9 4 8 10 12 14 2.01187
7 9 4 8 10 13 14 2
7 9 4 8 11 12 13 1.73205
7 9 4 8 11 12 14 1.90693
7 9 4 8 11 13 14 1.85164
7 9 4 8 12 13 14 1.90693
7 9 4 10 11 12 13 1.85164
7 9 4 10 11 12 14 2.04939
7 9 4 10 11 13 14 2.00294
7 9 4 10 12 13 14 2
7 9 4 11 12 13 14 1.90693
7 9 5 6 8 10 11 1.93309
7 9 5 6 8 10 12 1.81265
7 9 5 6 8 10 13 1.73205
7 9 5 6 8 10 14 2
7 9 5 6 8 11 12 1.73205
7 9 5 6 8 11 13 1.62019
7 9 5 6 8 11 14 1.93309
7 9 5 6 8 12 13 1.62019
7 9 5 6 8 12 14 1.81265
7 9 5 6 8 13 14 1.73205
7 9 5 6 10 11 12 1.93309
7 9 5 6 10 11 13 1.85164
7 9 5 6 10 11 14 2.13809
7 9 5 6 10 12 13 1.73205
7 9 5 6 10 12 14 2
7 9 5 6 10 13 14 1.90693
7 9 5 6 11 12 13 1.93309
7 9 5 6 11 12 14 2.0381
7 9 5 6 11 13 14 2
7 9 5 6 12 13 14 2
7 9 5 8 10 11 12 1.73205
7 9 5 8 10 11 13 1.62019
7 9 5 8 10 11 14 1.93309
7 9 5 8 10 12 13 1.73205
7 9 5 8 10 12 14 2
7 9 5 8 10 13 14 1.81265
7 9 5 8 11 12 13 1.41421
7 9 5 8 11 12 14 1.73205
7 9 5 8 11 13 14 1.62019
7 9 5 8 12 13 14 1.73205
7 9 5 10 11 12 13 1.62019
7 9 5 10 11 12 14 1.93309
7 9 5 10 11 13 14 1.85164
7 9 5 10 12 13 14 1.81265
7 9 5 11 12 13 14 1.81265
7 9 6 8 10 11 12 2
7 9 6 8 10 11 13 1.93309
7 9 6 8 10 11 14 2.09938
7 9 6 8 10 12 13 1.93309
7 9 6 8 10 12 14 2.0381
7 9 6 8 10 13 14 2
7 9 6 8 11 12 13 1.93309
7 9 6 8 11 12 14 2.01187
7 9 6 8 11 13 14 2
7 9 6 8 12 13 14 2
7 9 6 10 11 12 13 1.93309
7 9 6 10 11 12 14 2.09938
7 9 6 10 11 13 14 2.04939
7 9 6 10 12 13 14 2
7 9 6 11 12 13 14 2.10639
7 9 8 10 11 12 13 1.85164
7 9 8 10 11 12 14 2
7 9 8 10 11 13 14 1.93309
7 9 8 10 12 13 14 2
7 9 8 11 12 13 14 1.90693
7 9 10 11 12 13 14 1.93309
