11 14 0 1 2 1.81265
11 14 0 1 3 1.90693
11 14 0 1 4 2
11 14 0 1 5 1.41421
11 14 0 1 6 2.19089
11 14 0 1 7 1.81265
11 14 0 1 8 2.16025
11 14 0 1 9 2.19089
11 14 0 1 10 2.13664
11 14 0 1 12 2.19089
11 14 0 1 13 2.19089
11 14 0 2 3 2.24038
11 14 0 2 4 2.22354
11 14 0 2 5 2.16556
11 14 0 2 6 2.31349
11 14 0 2 7 1.93309
11 14 0 2 8 2.08167
11 14 0 2 9 2.31349
11 14 0 2 10 2.21037
11 14 0 2 12 2.19745
11 14 0 2 13 2.19745
11 14 0 3 4 2.48193
11 14 0 3 5 2.29907
11 14 0 3 6 2.58404
11 14 0 3 7 2.24038
11 14 0 3 8 2.37697
11 14 0 3 9 2.58404
11 14 0 3 10 2.49516
11 14 0 3 12 2.46311
11 14 0 3 13 2.46311
11 14 0 4 5 2.48193
11 14 0 4 6 2.72385
11 14 0 4 7 2.22354
11 14 0 4 8 2.61406
11 14 0 4 9 2.72385
11 14 0 4 10 2.71343
11 14 0 4 12 2.62216
11 14 0 4 13 2.62216
11 14 0 5 6 2.49313
11 14 0 5 7 2.16556
11 14 0 5 8 2.28709
11 14 0 5 9 2.49313
11 14 0 5 10 2.44831
11 14 0 5 12 2.33699
11 14 0 5 13 2.33699
11 14 0 6 7 2.31349
11 14 0 6 8 2.67435
11 14 0 6 9 2.80938
11 14 0 6 10 2.75936
11 14 0 6 12 2.72279
11 14 0 6 13 2.72279
11 14 0 7 8 2.08167
11 14 0 7 9 2.31349
11 14 0 7 10 2.21037
11 14 0 7 12 2.19745
11 14 0 7 13 2.19745
11 14 0 8 9 2.67435
11 14 0 8 10 2.66231
11 14 0 8 12 2.60419
11 14 0 8 13 2.60419
11 14 0 9 10 2.75936
11 14 0 9 12 2.72279
11 14 0 9 13 2.72279
11 14 0 10 12 2.66231
11 14 0 10 13 2.66231
11 14 0 12 13 2.65875
11 14 1 2 3 1.73205
11 14 1 2 4 1.41421
11 14 1 2 5 1.41421
11 14 1 2 6 1.81265
11 14 1 2 7 1.62019
11 14 1 2 8 1.73205
11 14 1 2 9 1.81265
11 14 1 2 10 1.62019
11 14 1 2 12 1.81265
11 14 1 2 13 1.81265
11 14 1 3 4 1.41421
11 14 1 3 5 1.41421
11 14 1 3 6 1.90693
11 14 1 3 7 1.73205
11 14 1 3 8 1.85164
11 14 1 3 9 1.90693
11 14 1 3 10 1.73205
11 14 1 3 12 1.90693
11 14 1 3 13 1.90693
11 14 1 4 5 1.41421
11 14 1 4 6 2
11 14 1 4 7 1.41421
11 14 1 4 8 2
11 14 1 4 9 2
11 14 1 4 10 2
11 14 1 4 12 2
11 14 1 4 13 2
11 14 1 5 6 1.41421
11 14 1 5 7 1.41421
11 14 1 5 8 1.41421
11 14 1 5 9 1.41421
11 14 1 5 10 1.41421
11 14 1 5 12 1.41421
11 14 1 5 13 1.41421
11 14 1 6 7 1.81265
11 14 1 6 8 2.16025
11 14 1 6 9 2.19089
11 14 1 6 10 2.13664
11 14 1 6 12 2.19089
11 14 1 6 13 2.19089
11 14 1 7 8 1.73205
11 14 1 7 9 1.81265
11 14 1 7 10 1.62019
11 14 1 7 12 1.81265
11 14 1 7 13 1.81265
11 14 1 8 9 2.16025
11 14 1 8 10 2.13664
11 14 1 8 12 2.16025
11 14 1 8 13 2.16025
11 14 1 9 10 2.13664
11 14 1 9 12 2.19089
11 14 1 9 13 2.19089
11 14 1 10 12 2.13664
11 14 1 10 13 2.13664
11 14 1 12 13 2.19089
11 14 2 3 4 2.18955
11 14 2 3 5 2.16556
11 14 2 3 6 2.27837
11 14 2 3 7 2
11 14 2 3 8 2
11 14 2 3 9 2.27837
11 14 2 3 10 2.16556
11 14 2 3 12 2.16025
11 14 2 3 13 2.10639
11 14 2 4 5 2.18955
11 14 2 4 6 2.26779
11 14 2 4 7 1.93309
11 14 2 4 8 2.04939
11 14 2 4 9 2.26779
11 14 2 4 10 2.22354
11 14 2 4 12 2.10223
11 14 2 4 13 2.04939
11 14 2 5 6 2.23607
11 14 2 5 7 2
11 14 2 5 8 1.93309
11 14 2 5 9 2.23607
11 14 2 5 10 2.13809
11 14 2 5 12 2.0381
11 14 2 5 13 2
11 14 2 6 7 2
11 14 2 6 8 2.16025
11 14 2 6 9 2.34937
11 14 2 6 10 2.2514
11 14 2 6 12 2.23607
11 14 2 6 13 2.19745
11 14 2 7 8 1.62019
11 14 2 7 9 2
11 14 2 7 10 1.85164
11 14 2 7 12 2
11 14 2 7 13 1.81265
11 14 2 8 9 2.16025
11 14 2 8 10 2.09938
11 14 2 8 12 2.01187
11 14 2 8 13 2
11 14 2 9 10 2.2514
11 14 2 9 12 2.23607
11 14 2 9 13 2.19745
11 14 2 10 12 2.09938
11 14 2 10 13 2.04939
11 14 2 12 13 2.10639
11 14 3 4 5 2.33699
11 14 3 4 6 2.50805
11 14 3 4 7 2.18955
11 14 3 4 8 2.32266
11 14 3 4 9 2.50805
11 14 3 4 10 2.48193
11 14 3 4 12 2.34521
11 14 3 4 13 2.32266
11 14 3 5 6 2.35584
11 14 3 5 7 2.16556
11 14 3 5 8 2.07802
11 14 3 5 9 2.35584
11 14 3 5 10 2.29129
11 14 3 5 12 2.16556
11 14 3 5 13 2.10357
11 14 3 6 7 2.27837
11 14 3 6 8 2.40662
11 14 3 6 9 2.60951
11 14 3 6 10 2.52678
11 14 3 6 12 2.5
11 14 3 6 13 2.46311
11 14 3 7 8 2
11 14 3 7 9 2.27837
11 14 3 7 10 2.16556
11 14 3 7 12 2.16025
11 14 3 7 13 2.10639
11 14 3 8 9 2.40662
11 14 3 8 10 2.39046
11 14 3 8 12 2.3094
11 14 3 8 13 2.26385
11 14 3 9 10 2.52678
11 14 3 9 12 2.5
11 14 3 9 13 2.46311
11 14 3 10 12 2.39046
11 14 3 10 13 2.35488
11 14 3 12 13 2.38048
11 14 4 5 6 2.50805
11 14 4 5 7 2.18955
11 14 4 5 8 2.32266
11 14 4 5 9 2.50805
11 14 4 5 10 2.48193
11 14 4 5 12 2.34521
11 14 4 5 13 2.32266
11 14 4 6 7 2.26779
11 14 4 6 8 2.62216
11 14 4 6 9 2.74037
11 14 4 6 10 2.72385
11 14 4 6 12 2.61652
11 14 4 6 13 2.62216
11 14 4 7 8 2.04939
11 14 4 7 9 2.26779
11 14 4 7 10 2.22354
11 14 4 7 12 2.10223
11 14 4 7 13 2.04939
11 14 4 8 9 2.62216
11 14 4 8 10 2.62216
11 14 4 8 12 2.53722
11 14 4 8 13 2.52543
11 14 4 9 10 2.72385
11 14 4 9 12 2.61652
11 14 4 9 13 2.62216
11 14 4 10 12 2.62216
11 14 4 10 13 2.61406
11 14 4 12 13 2.53722
11 14 5 6 7 2.23607
11 14 5 6 8 2.32266
11 14 5 6 9 2.53859
11 14 5 6 10 2.48193
11 14 5 6 12 2.36827
11 14 5 6 13 2.33699
11 14 5 7 8 1.93309
11 14 5 7 9 2.23607
11 14 5 7 10 2.13809
11 14 5 7 12 2.0381
11 14 5 7 13 2
11 14 5 8 9 2.32266
11 14 5 8 10 2.32266
11 14 5 8 12 2.16025
11 14 5 8 13 2.13664
11 14 5 9 10 2.48193
11 14 5 9 12 2.36827
11 14 5 9 13 2.33699
11 14 5 10 12 2.32266
11 14 5 10 13 2.28709
11 14 5 12 13 2.19089
11 14 6 7 8 2.16025
11 14 6 7 9 2.34937
11 14 6 7 10 2.2514
11 14 6 7 12 2.23607
11 14 6 7 13 2.19745
11 14 6 8 9 2.69077
11 14 6 8 10 2.68164
11 14 6 8 12 2.61861
11 14 6 8 13 2.60419
11 14 6 9 10 2.77498
11 14 6 9 12 2.71649
11 14 6 9 13 2.72279
11 14 6 10 12 2.68164
11 14 6 10 13 2.66231
11 14 6 12 13 2.65875
11 14 7 8 9 2.16025
11 14 7 8 10 2.09938
11 14 7 8 12 2.01187
11 14 7 8 13 2
11 14 7 9 10 2.2514
11 14 7 9 12 2.23607
11 14 7 9 13 2.19745
11 14 7 10 12 2.09938
11 14 7 10 13 2.04939
11 14 7 12 13 2.10639
11 14 8 9 10 2.68164
11 14 8 9 12 2.61861
11 14 8 9 13 2.60419
11 14 8 10 12 2.60419
11 14 8 10 13 2.58844
11 14 8 12 13 2.53722
11 14 9 10 12 2.68164
11 14 9 10 13 2.66231
11 14 9 12 13 2.65875
11 14 10 12 13 2.58844
