12 13 0 1 2 3 4 1.41421
12 13 0 1 2 3 5 1.73205
12 13 0 1 2 3 6 1.90693
12 13 0 1 2 3 7 1.85164
12 13 0 1 2 3 8 1.73205
12 13 0 1 2 3 9 1.90693
12 13 0 1 2 3 10 1.41421
12 13 0 1 2 3 11 1.90693
12 13 0 1 2 3 14 1.73205
12 13 0 1 2 4 5 1.73205
12 13 0 1 2 4 6 1.62019
12 13 0 1 2 4 7 1.62019
12 13 0 1 2 4 8 1.81265
12 13 0 1 2 4 9 1.73205
12 13 0 1 2 4 10 1.81265
12 13 0 1 2 4 11 1.41421
12 13 0 1 2 4 14 1.81265
12 13 0 1 2 5 6 1.73205
12 13 0 1 2 5 7 1.73205
12 13 0 1 2 5 8 1.73205
12 13 0 1 2 5 9 1.73205
12 13 0 1 2 5 10 1.73205
12 13 0 1 2 5 11 1.73205
12 13 0 1 2 5 14 1.73205
12 13 0 1 2 6 7 1.85164
12 13 0 1 2 6 8 2
12 13 0 1 2 6 9 1.96214
12 13 0 1 2 6 10 1.73205
12 13 0 1 2 6 11 1.93309
12 13 0 1 2 6 14 2
12 13 0 1 2 7 8 1.62019
12 13 0 1 2 7 9 1.85164
12 13 0 1 2 7 10 1.62019
12 13 0 1 2 7 11 1.85164
12 13 0 1 2 7 14 1.62019
12 13 0 1 2 8 9 2
12 13 0 1 2 8 10 2
12 13 0 1 2 8 11 1.81265
12 13 0 1 2 8 14 2
12 13 0 1 2 9 10 1.81265
12 13 0 1 2 9 11 1.93309
12 13 0 1 2 9 14 2
12 13 0 1 2 10 11 1.62019
12 13 0 1 2 10 14 2
12 13 0 1 2 11 14 1.81265
12 13 0 1 3 4 5 1.41421
12 13 0 1 3 4 6 1.41421
12 13 0 1 3 4 7 1.41421
12 13 0 1 3 4 8 1.41421
12 13 0 1 3 4 9 1.41421
12 13 0 1 3 4 10 1.41421
12 13 0 1 3 4 11 1.41421
12 13 0 1 3 4 14 1.41421
12 13 0 1 3 5 6 1.73205
12 13 0 1 3 5 7 1.73205
12 13 0 1 3 5 8 1.41421
12 13 0 1 3 5 9 1.73205
12 13 0 1 3 5 10 1.41421
12 13 0 1 3 5 11 1.73205
12 13 0 1 3 5 14 1.41421
12 13 0 1 3 6 7 1.90693
12 13 0 1 3 6 8 1.90693
12 13 0 1 3 6 9 2
12 13 0 1 3 6 10 1.73205
12 13 0 1 3 6 11 2
12 13 0 1 3 6 14 1.90693
12 13 0 1 3 7 8 1.73205
12 13 0 1 3 7 9 1.90693
12 13 0 1 3 7 10 1.41421
12 13 0 1 3 7 11 1.90693
12 13 0 1 3 7 14 1.73205
12 13 0 1 3 8 9 1.90693
12 13 0 1 3 8 10 1.73205
12 13 0 1 3 8 11 1.90693
12 13 0 1 3 8 14 1.85164
12 13 0 1 3 9 10 1.73205
12 13 0 1 3 9 11 2
12 13 0 1 3 9 14 1.90693
12 13 0 1 3 10 11 1.73205
12 13 0 1 3 10 14 1.73205
12 13 0 1 3 11 14 1.90693
12 13 0 1 4 5 6 1.73205
12 13 0 1 4 5 7 1.73205
12 13 0 1 4 5 8 1.90693
12 13 0 1 4 5 9 1.85164
12 13 0 1 4 5 10 1.90693
12 13 0 1 4 5 11 1.41421
12 13 0 1 4 5 14 1.90693
12 13 0 1 4 6 7 1.62019
12 13 0 1 4 6 8 2.13664
12 13 0 1 4 6 9 2.13664
12 13 0 1 4 6 10 2.13664
12 13 0 1 4 6 11 2
12 13 0 1 4 6 14 2.13664
12 13 0 1 4 7 8 1.81265
12 13 0 1 4 7 9 1.73205
12 13 0 1 4 7 10 1.81265
12 13 0 1 4 7 11 1.41421
12 13 0 1 4 7 14 1.81265
12 13 0 1 4 8 9 2.16025
12 13 0 1 4 8 10 2.19089
12 13 0 1 4 8 11 2
12 13 0 1 4 8 14 2.19089
12 13 0 1 4 9 10 2.16025
12 13 0 1 4 9 11 2
12 13 0 1 4 9 14 2.16025
12 13 0 1 4 10 11 2
12 13 0 1 4 10 14 2.19089
12 13 0 1 4 11 14 2
12 13 0 1 5 6 7 1.73205
12 13 0 1 5 6 8 1.73205
12 13 0 1 5 6 9 1.73205
12 13 0 1 5 6 10 1.73205
12 13 0 1 5 6 11 1.73205
12 13 0 1 5 6 14 1.73205
12 13 0 1 5 7 8 1.73205
12 13 0 1 5 7 9 1.73205
12 13 0 1 5 7 10 1.73205
12 13 0 1 5 7 11 1.73205
12 13 0 1 5 7 14 1.73205
12 13 0 1 5 8 9 1.85164
12 13 0 1 5 8 10 1.90693
12 13 0 1 5 8 11 1.41421
12 13 0 1 5 8 14 1.90693
12 13 0 1 5 9 10 1.85164
12 13 0 1 5 9 11 1.73205
12 13 0 1 5 9 14 1.85164
12 13 0 1 5 10 11 1.41421
12 13 0 1 5 10 14 1.90693
12 13 0 1 5 11 14 1.41421
12 13 0 1 6 7 8 2
12 13 0 1 6 7 9 1.96214
12 13 0 1 6 7 10 1.73205
12 13 0 1 6 7 11 1.93309
12 13 0 1 6 7 14 2
12 13 0 1 6 8 9 2.28446
12 13 0 1 6 8 10 2.23607
12 13 0 1 6 8 11 2.19089
12 13 0 1 6 8 14 2.26385
12 13 0 1 6 9 10 2.23607
12 13 0 1 6 9 11 2.23607
12 13 0 1 6 9 14 2.28446
12 13 0 1 6 10 11 2.13664
12 13 0 1 6 10 14 2.23607
12 13 0 1 6 11 14 2.19089
12 13 0 1 7 8 9 2
12 13 0 1 7 8 10 2
12 13 0 1 7 8 11 1.81265
12 13 0 1 7 8 14 2
12 13 0 1 7 9 10 1.81265
12 13 0 1 7 9 11 1.93309
12 13 0 1 7 9 14 2
12 13 0 1 7 10 11 1.62019
12 13 0 1 7 10 14 2
12 13 0 1 7 11 14 1.81265
12 13 0 1 8 9 10 2.26385
12 13 0 1 8 9 11 2.19089
12 13 0 1 8 9 14 2.3094
12 13 0 1 8 10 11 2.13664
12 13 0 1 8 10 14 2.28446
12 13 0 1 8 11 14 2.16025
12 13 0 1 9 10 11 2.13664
12 13 0 1 9 10 14 2.26385
12 13 0 1 9 11 14 2.19089
12 13 0 1 10 11 14 2.13664
12 13 0 2 3 4 5 1.73205
12 13 0 2 3 4 6 1.81265
12 13 0 2 3 4 7 1.62019
12 13 0 2 3 4 8 1.41421
12 13 0 2 3 4 9 1.81265
12 13 0 2 3 4 10 1.62019
12 13 0 2 3 4 11 1.81265
12 13 0 2 3 4 14 1.73205
12 13 0 2 3 5 6 1.90693
12 13 0 2 3 5 7 1.85164
12 13 0 2 3 5 8 1.41421
12 13 0 2 3 5 9 1.90693
12 13 0 2 3 5 10 1.41421
12 13 0 2 3 5 11 1.90693
12 13 0 2 3 5 14 1.73205
12 13 0 2 3 6 7 1.93309
12 13 0 2 3 6 8 1.81265
12 13 0 2 3 6 9 2.10639
12 13 0 2 3 6 10 1.73205
12 13 0 2 3 6 11 2.10639
12 13 0 2 3 6 14 2
12 13 0 2 3 7 8 1.62019
12 13 0 2 3 7 9 1.93309
12 13 0 2 3 7 10 1.41421
12 13 0 2 3 7 11 1.93309
12 13 0 2 3 7 14 1.73205
12 13 0 2 3 8 9 1.81265
12 13 0 2 3 8 10 1.62019
12 13 0 2 3 8 11 1.81265
12 13 0 2 3 8 14 1.73205
12 13 0 2 3 9 10 1.73205
12 13 0 2 3 9 11 2.10639
12 13 0 2 3 9 14 2
12 13 0 2 3 10 11 1.73205
12 13 0 2 3 10 14 1.73205
12 13 0 2 3 11 14 2
12 13 0 2 4 5 6 2
12 13 0 2 4 5 7 1.62019
12 13 0 2 4 5 8 1.81265
12 13 0 2 4 5 9 2
12 13 0 2 4 5 10 2
12 13 0 2 4 5 11 1.81265
12 13 0 2 4 5 14 2
12 13 0 2 4 6 7 1.62019
12 13 0 2 4 6 8 1.85164
12 13 0 2 4 6 9 2
12 13 0 2 4 6 10 1.93309
12 13 0 2 4 6 11 1.93309
12 13 0 2 4 6 14 2
12 13 0 2 4 7 8 1.62019
12 13 0 2 4 7 9 1.62019
12 13 0 2 4 7 10 1.62019
12 13 0 2 4 7 11 1.62019
12 13 0 2 4 7 14 1.62019
12 13 0 2 4 8 9 1.90693
12 13 0 2 4 8 10 1.93309
12 13 0 2 4 8 11 1.73205
12 13 0 2 4 8 14 1.93309
12 13 0 2 4 9 10 2
12 13 0 2 4 9 11 1.93309
12 13 0 2 4 9 14 2.01187
12 13 0 2 4 10 11 1.85164
12 13 0 2 4 10 14 2
12 13 0 2 4 11 14 1.90693
12 13 0 2 5 6 7 1.85164
12 13 0 2 5 6 8 1.62019
12 13 0 2 5 6 9 1.96214
12 13 0 2 5 6 10 1.73205
12 13 0 2 5 6 11 1.93309
12 13 0 2 5 6 14 2
12 13 0 2 5 7 8 1.62019
12 13 0 2 5 7 9 1.85164
12 13 0 2 5 7 10 1.62019
12 13 0 2 5 7 11 1.85164
12 13 0 2 5 7 14 1.62019
12 13 0 2 5 8 9 1.73205
12 13 0 2 5 8 10 1.81265
12 13 0 2 5 8 11 1.41421
12 13 0 2 5 8 14 1.81265
12 13 0 2 5 9 10 1.81265
12 13 0 2 5 9 11 1.93309
12 13 0 2 5 9 14 2
12 13 0 2 5 10 11 1.62019
12 13 0 2 5 10 14 2
12 13 0 2 5 11 14 1.81265
12 13 0 2 6 7 8 1.62019
12 13 0 2 6 7 9 1.93309
12 13 0 2 6 7 10 1
12 13 0 2 6 7 11 1.93309
12 13 0 2 6 7 14 1.73205
12 13 0 2 6 8 9 2
12 13 0 2 6 8 10 1.93309
12 13 0 2 6 8 11 1.93309
12 13 0 2 6 8 14 2
12 13 0 2 6 9 10 2
12 13 0 2 6 9 11 2.173
12 13 0 2 6 9 14 2.16025
12 13 0 2 6 10 11 1.93309
12 13 0 2 6 10 14 2
12 13 0 2 6 11 14 2.10639
12 13 0 2 7 8 9 1.62019
12 13 0 2 7 8 10 1.62019
12 13 0 2 7 8 11 1.62019
12 13 0 2 7 8 14 1.62019
12 13 0 2 7 9 10 1.41421
12 13 0 2 7 9 11 1.93309
12 13 0 2 7 9 14 1.73205
12 13 0 2 7 10 11 1
12 13 0 2 7 10 14 1.62019
12 13 0 2 7 11 14 1.73205
12 13 0 2 8 9 10 2
12 13 0 2 8 9 11 1.93309
12 13 0 2 8 9 14 2.01187
12 13 0 2 8 10 11 1.85164
12 13 0 2 8 10 14 2
12 13 0 2 8 11 14 1.90693
12 13 0 2 9 10 11 1.93309
12 13 0 2 9 10 14 2.0381
12 13 0 2 9 11 14 2.10639
12 13 0 2 10 11 14 1.93309
12 13 0 3 4 5 6 1.90693
12 13 0 3 4 5 7 1.73205
12 13 0 3 4 5 8 1.41421
12 13 0 3 4 5 9 1.90693
12 13 0 3 4 5 10 1.73205
12 13 0 3 4 5 11 1.90693
12 13 0 3 4 5 14 1.85164
12 13 0 3 4 6 7 1.81265
12 13 0 3 4 6 8 2
12 13 0 3 4 6 9 2.19089
12 13 0 3 4 6 10 2.13664
12 13 0 3 4 6 11 2.19089
12 13 0 3 4 6 14 2.16025
12 13 0 3 4 7 8 1.41421
12 13 0 3 4 7 9 1.81265
12 13 0 3 4 7 10 1.62019
12 13 0 3 4 7 11 1.81265
12 13 0 3 4 7 14 1.73205
12 13 0 3 4 8 9 2
12 13 0 3 4 8 10 2
12 13 0 3 4 8 11 2
12 13 0 3 4 8 14 2
12 13 0 3 4 9 10 2.13664
12 13 0 3 4 9 11 2.19089
12 13 0 3 4 9 14 2.16025
12 13 0 3 4 10 11 2.13664
12 13 0 3 4 10 14 2.13664
12 13 0 3 4 11 14 2.16025
12 13 0 3 5 6 7 1.90693
12 13 0 3 5 6 8 1.41421
12 13 0 3 5 6 9 2
12 13 0 3 5 6 10 1.73205
12 13 0 3 5 6 11 2
12 13 0 3 5 6 14 1.90693
12 13 0 3 5 7 8 1.41421
12 13 0 3 5 7 9 1.90693
12 13 0 3 5 7 10 1.41421
12 13 0 3 5 7 11 1.90693
12 13 0 3 5 7 14 1.73205
12 13 0 3 5 8 9 1.41421
12 13 0 3 5 8 10 1.41421
12 13 0 3 5 8 11 1.41421
12 13 0 3 5 8 14 1.41421
12 13 0 3 5 9 10 1.73205
12 13 0 3 5 9 11 2
12 13 0 3 5 9 14 1.90693
12 13 0 3 5 10 11 1.73205
12 13 0 3 5 10 14 1.73205
12 13 0 3 5 11 14 1.90693
12 13 0 3 6 7 8 1.81265
12 13 0 3 6 7 9 2.10639
12 13 0 3 6 7 10 1.73205
12 13 0 3 6 7 11 2.10639
12 13 0 3 6 7 14 2
12 13 0 3 6 8 9 2.19089
12 13 0 3 6 8 10 2.13664
12 13 0 3 6 8 11 2.19089
12 13 0 3 6 8 14 2.16025
12 13 0 3 6 9 10 2.23607
12 13 0 3 6 9 11 2.44949
12 13 0 3 6 9 14 2.38048
12 13 0 3 6 10 11 2.23607
12 13 0 3 6 10 14 2.23607
12 13 0 3 6 11 14 2.38048
12 13 0 3 7 8 9 1.81265
12 13 0 3 7 8 10 1.62019
12 13 0 3 7 8 11 1.81265
12 13 0 3 7 8 14 1.73205
12 13 0 3 7 9 10 1.73205
12 13 0 3 7 9 11 2.10639
12 13 0 3 7 9 14 2
12 13 0 3 7 10 11 1.73205
12 13 0 3 7 10 14 1.73205
12 13 0 3 7 11 14 2
12 13 0 3 8 9 10 2.13664
12 13 0 3 8 9 11 2.19089
12 13 0 3 8 9 14 2.16025
12 13 0 3 8 10 11 2.13664
12 13 0 3 8 10 14 2.13664
12 13 0 3 8 11 14 2.16025
12 13 0 3 9 10 11 2.23607
12 13 0 3 9 10 14 2.23607
12 13 0 3 9 11 14 2.38048
12 13 0 3 10 11 14 2.23607
12 13 0 4 5 6 7 2
12 13 0 4 5 6 8 2.13664
12 13 0 4 5 6 9 2.28446
12 13 0 4 5 6 10 2.23607
12 13 0 4 5 6 11 2.19089
12 13 0 4 5 6 14 2.26385
12 13 0 4 5 7 8 1.81265
12 13 0 4 5 7 9 2
12 13 0 4 5 7 10 2
12 13 0 4 5 7 11 1.81265
12 13 0 4 5 7 14 2
12 13 0 4 5 8 9 2.16025
12 13 0 4 5 8 10 2.19089
12 13 0 4 5 8 11 2
12 13 0 4 5 8 14 2.19089
12 13 0 4 5 9 10 2.26385
12 13 0 4 5 9 11 2.19089
12 13 0 4 5 9 14 2.3094
12 13 0 4 5 10 11 2.13664
12 13 0 4 5 10 14 2.28446
12 13 0 4 5 11 14 2.16025
12 13 0 4 6 7 8 1.85164
12 13 0 4 6 7 9 2
12 13 0 4 6 7 10 1.93309
12 13 0 4 6 7 11 1.93309
12 13 0 4 6 7 14 2
12 13 0 4 6 8 9 2.52543
12 13 0 4 6 8 10 2.52543
12 13 0 4 6 8 11 2.44949
12 13 0 4 6 8 14 2.52543
12 13 0 4 6 9 10 2.58844
12 13 0 4 6 9 11 2.53899
12 13 0 4 6 9 14 2.60419
12 13 0 4 6 10 11 2.52543
12 13 0 4 6 10 14 2.58844
12 13 0 4 6 11 14 2.53722
12 13 0 4 7 8 9 1.90693
12 13 0 4 7 8 10 1.93309
12 13 0 4 7 8 11 1.73205
12 13 0 4 7 8 14 1.93309
12 13 0 4 7 9 10 2
12 13 0 4 7 9 11 1.93309
12 13 0 4 7 9 14 2.01187
12 13 0 4 7 10 11 1.85164
12 13 0 4 7 10 14 2
12 13 0 4 7 11 14 1.90693
12 13 0 4 8 9 10 2.53722
12 13 0 4 8 9 11 2.44949
12 13 0 4 8 9 14 2.53722
12 13 0 4 8 10 11 2.44949
12 13 0 4 8 10 14 2.53899
12 13 0 4 8 11 14 2.44949
12 13 0 4 9 10 11 2.52543
12 13 0 4 9 10 14 2.60419
12 13 0 4 9 11 14 2.53722
12 13 0 4 10 11 14 2.52543
12 13 0 5 6 7 8 1.62019
12 13 0 5 6 7 9 1.96214
12 13 0 5 6 7 10 1.73205
12 13 0 5 6 7 11 1.93309
12 13 0 5 6 7 14 2
12 13 0 5 6 8 9 2.13664
12 13 0 5 6 8 10 2.13664
12 13 0 5 6 8 11 2
12 13 0 5 6 8 14 2.13664
12 13 0 5 6 9 10 2.23607
12 13 0 5 6 9 11 2.23607
12 13 0 5 6 9 14 2.28446
12 13 0 5 6 10 11 2.13664
12 13 0 5 6 10 14 2.23607
12 13 0 5 6 11 14 2.19089
12 13 0 5 7 8 9 1.73205
12 13 0 5 7 8 10 1.81265
12 13 0 5 7 8 11 1.41421
12 13 0 5 7 8 14 1.81265
12 13 0 5 7 9 10 1.81265
12 13 0 5 7 9 11 1.93309
12 13 0 5 7 9 14 2
12 13 0 5 7 10 11 1.62019
12 13 0 5 7 10 14 2
12 13 0 5 7 11 14 1.81265
12 13 0 5 8 9 10 2.16025
12 13 0 5 8 9 11 2
12 13 0 5 8 9 14 2.16025
12 13 0 5 8 10 11 2
12 13 0 5 8 10 14 2.19089
12 13 0 5 8 11 14 2
12 13 0 5 9 10 11 2.13664
12 13 0 5 9 10 14 2.26385
12 13 0 5 9 11 14 2.19089
12 13 0 5 10 11 14 2.13664
12 13 0 6 7 8 9 2
12 13 0 6 7 8 10 1.93309
12 13 0 6 7 8 11 1.93309
12 13 0 6 7 8 14 2
12 13 0 6 7 9 10 2
12 13 0 6 7 9 11 2.173
12 13 0 6 7 9 14 2.16025
12 13 0 6 7 10 11 1.93309
12 13 0 6 7 10 14 2
12 13 0 6 7 11 14 2.10639
12 13 0 6 8 9 10 2.58844
12 13 0 6 8 9 11 2.53899
12 13 0 6 8 9 14 2.60419
12 13 0 6 8 10 11 2.52543
12 13 0 6 8 10 14 2.58844
12 13 0 6 8 11 14 2.53722
12 13 0 6 9 10 11 2.58844
12 13 0 6 9 10 14 2.64575
12 13 0 6 9 11 14 2.65875
12 13 0 6 10 11 14 2.58844
12 13 0 7 8 9 10 2
12 13 0 7 8 9 11 1.93309
12 13 0 7 8 9 14 2.01187
12 13 0 7 8 10 11 1.85164
12 13 0 7 8 10 14 2
12 13 0 7 8 11 14 1.90693
12 13 0 7 9 10 11 1.93309
12 13 0 7 9 10 14 2.0381
12 13 0 7 9 11 14 2.10639
12 13 0 7 10 11 14 1.93309
12 13 0 8 9 10 11 2.52543
12 13 0 8 9 10 14 2.60419
12 13 0 8 9 11 14 2.53722
12 13 0 8 10 11 14 2.52543
12 13 0 9 10 11 14 2.58844
12 13 1 2 3 4 5 1.41421
12 13 1 2 3 4 6 1.41421
12 13 1 2 3 4 7 1.41421
12 13 1 2 3 4 8 1.41421
12 13 1 2 3 4 9 1.41421
12 13 1 2 3 4 10 1.41421
12 13 1 2 3 4 11 1.41421
12 13 1 2 3 4 14 1.41421
12 13 1 2 3 5 6 1.73205
12 13 1 2 3 5 7 1.73205
12 13 1 2 3 5 8 1.41421
12 13 1 2 3 5 9 1.73205
12 13 1 2 3 5 10 1.41421
12 13 1 2 3 5 11 1.73205
12 13 1 2 3 5 14 1.41421
12 13 1 2 3 6 7 1.85164
12 13 1 2 3 6 8 1.73205
12 13 1 2 3 6 9 1.90693
12 13 1 2 3 6 10 1.41421
12 13 1 2 3 6 11 1.90693
12 13 1 2 3 6 14 1.73205
12 13 1 2 3 7 8 1.62019
12 13 1 2 3 7 9 1.85164
12 13 1 2 3 7 10 1.41421
12 13 1 2 3 7 11 1.85164
12 13 1 2 3 7 14 1.62019
12 13 1 2 3 8 9 1.73205
12 13 1 2 3 8 10 1.41421
12 13 1 2 3 8 11 1.73205
12 13 1 2 3 8 14 1.62019
12 13 1 2 3 9 10 1.41421
12 13 1 2 3 9 11 1.90693
12 13 1 2 3 9 14 1.73205
12 13 1 2 3 10 11 1.41421
12 13 1 2 3 10 14 1.41421
12 13 1 2 3 11 14 1.73205
12 13 1 2 4 5 6 1.41421
12 13 1 2 4 5 7 1.62019
12 13 1 2 4 5 8 1.73205
12 13 1 2 4 5 9 1.62019
12 13 1 2 4 5 10 1.73205
12 13 1 2 4 5 11 1.41421
12 13 1 2 4 5 14 1.73205
12 13 1 2 4 6 7 1.41421
12 13 1 2 4 6 8 1.62019
12 13 1 2 4 6 9 1.62019
12 13 1 2 4 6 10 1.62019
12 13 1 2 4 6 11 1.41421
12 13 1 2 4 6 14 1.62019
12 13 1 2 4 7 8 1.62019
12 13 1 2 4 7 9 1.41421
12 13 1 2 4 7 10 1.62019
12 13 1 2 4 7 11 1.41421
12 13 1 2 4 7 14 1.62019
12 13 1 2 4 8 9 1.73205
12 13 1 2 4 8 10 1.81265
12 13 1 2 4 8 11 1.41421
12 13 1 2 4 8 14 1.81265
12 13 1 2 4 9 10 1.73205
12 13 1 2 4 9 11 1.41421
12 13 1 2 4 9 14 1.73205
12 13 1 2 4 10 11 1.41421
12 13 1 2 4 10 14 1.81265
12 13 1 2 4 11 14 1.41421
12 13 1 2 5 6 7 1.73205
12 13 1 2 5 6 8 1.41421
12 13 1 2 5 6 9 1.73205
12 13 1 2 5 6 10 1.41421
12 13 1 2 5 6 11 1.73205
12 13 1 2 5 6 14 1.41421
12 13 1 2 5 7 8 1.62019
12 13 1 2 5 7 9 1.73205
12 13 1 2 5 7 10 1.62019
12 13 1 2 5 7 11 1.73205
12 13 1 2 5 7 14 1.62019
12 13 1 2 5 8 9 1.62019
12 13 1 2 5 8 10 1.73205
12 13 1 2 5 8 11 1.41421
12 13 1 2 5 8 14 1.73205
12 13 1 2 5 9 10 1.62019
12 13 1 2 5 9 11 1.73205
12 13 1 2 5 9 14 1.62019
12 13 1 2 5 10 11 1
12 13 1 2 5 10 14 1.73205
12 13 1 2 5 11 14 1.41421
12 13 1 2 6 7 8 1.62019
12 13 1 2 6 7 9 1.85164
12 13 1 2 6 7 10 1
12 13 1 2 6 7 11 1.85164
12 13 1 2 6 7 14 1.62019
12 13 1 2 6 8 9 2
12 13 1 2 6 8 10 1.73205
12 13 1 2 6 8 11 1.81265
12 13 1 2 6 8 14 1.81265
12 13 1 2 6 9 10 1.73205
12 13 1 2 6 9 11 1.93309
12 13 1 2 6 9 14 2
12 13 1 2 6 10 11 1.62019
12 13 1 2 6 10 14 1.73205
12 13 1 2 6 11 14 1.81265
12 13 1 2 7 8 9 1.62019
12 13 1 2 7 8 10 1.62019
12 13 1 2 7 8 11 1.62019
12 13 1 2 7 8 14 1.62019
12 13 1 2 7 9 10 1.41421
12 13 1 2 7 9 11 1.85164
12 13 1 2 7 9 14 1.62019
12 13 1 2 7 10 11 1
12 13 1 2 7 10 14 1.62019
12 13 1 2 7 11 14 1.62019
12 13 1 2 8 9 10 1.81265
12 13 1 2 8 9 11 1.81265
12 13 1 2 8 9 14 2
12 13 1 2 8 10 11 1.62019
12 13 1 2 8 10 14 2
12 13 1 2 8 11 14 1.73205
12 13 1 2 9 10 11 1.62019
12 13 1 2 9 10 14 1.81265
12 13 1 2 9 11 14 1.81265
12 13 1 2 10 11 14 1.62019
12 13 1 3 4 5 6 1.41421
12 13 1 3 4 5 7 1.41421
12 13 1 3 4 5 8 1.41421
12 13 1 3 4 5 9 1.41421
12 13 1 3 4 5 10 1.41421
12 13 1 3 4 5 11 1.41421
12 13 1 3 4 5 14 1.41421
12 13 1 3 4 6 7 1.41421
12 13 1 3 4 6 8 1.41421
12 13 1 3 4 6 9 1.41421
12 13 1 3 4 6 10 1.41421
12 13 1 3 4 6 11 1.41421
12 13 1 3 4 6 14 1.41421
12 13 1 3 4 7 8 1.41421
12 13 1 3 4 7 9 1.41421
12 13 1 3 4 7 10 1.41421
12 13 1 3 4 7 11 1.41421
12 13 1 3 4 7 14 1.41421
12 13 1 3 4 8 9 1.41421
12 13 1 3 4 8 10 1.41421
12 13 1 3 4 8 11 1.41421
12 13 1 3 4 8 14 1.41421
12 13 1 3 4 9 10 1.41421
12 13 1 3 4 9 11 1.41421
12 13 1 3 4 9 14 1.41421
12 13 1 3 4 10 11 1.41421
12 13 1 3 4 10 14 1.41421
12 13 1 3 4 11 14 1.41421
12 13 1 3 5 6 7 1.73205
12 13 1 3 5 6 8 1.41421
12 13 1 3 5 6 9 1.73205
12 13 1 3 5 6 10 0
12 13 1 3 5 6 11 1.73205
12 13 1 3 5 6 14 1.41421
12 13 1 3 5 7 8 1.41421
12 13 1 3 5 7 9 1.73205
12 13 1 3 5 7 10 1.41421
12 13 1 3 5 7 11 1.73205
12 13 1 3 5 7 14 1.41421
12 13 1 3 5 8 9 1.41421
12 13 1 3 5 8 10 1.41421
12 13 1 3 5 8 11 1.41421
12 13 1 3 5 8 14 1.41421
12 13 1 3 5 9 10 1
12 13 1 3 5 9 11 1.73205
12 13 1 3 5 9 14 1.41421
12 13 1 3 5 10 11 1
12 13 1 3 5 10 14 1.41421
12 13 1 3 5 11 14 1.41421
12 13 1 3 6 7 8 1.73205
12 13 1 3 6 7 9 1.90693
12 13 1 3 6 7 10 1.41421
12 13 1 3 6 7 11 1.90693
12 13 1 3 6 7 14 1.73205
12 13 1 3 6 8 9 1.90693
12 13 1 3 6 8 10 1.73205
12 13 1 3 6 8 11 1.90693
12 13 1 3 6 8 14 1.85164
12 13 1 3 6 9 10 1.73205
12 13 1 3 6 9 11 2
12 13 1 3 6 9 14 1.90693
12 13 1 3 6 10 11 1.73205
12 13 1 3 6 10 14 1.73205
12 13 1 3 6 11 14 1.90693
12 13 1 3 7 8 9 1.73205
12 13 1 3 7 8 10 1.41421
12 13 1 3 7 8 11 1.73205
12 13 1 3 7 8 14 1.62019
12 13 1 3 7 9 10 1.41421
12 13 1 3 7 9 11 1.90693
12 13 1 3 7 9 14 1.73205
12 13 1 3 7 10 11 1.41421
12 13 1 3 7 10 14 1.41421
12 13 1 3 7 11 14 1.73205
12 13 1 3 8 9 10 1.73205
12 13 1 3 8 9 11 1.90693
12 13 1 3 8 9 14 1.85164
12 13 1 3 8 10 11 1.73205
12 13 1 3 8 10 14 1.73205
12 13 1 3 8 11 14 1.85164
12 13 1 3 9 10 11 1.73205
12 13 1 3 9 10 14 1.73205
12 13 1 3 9 11 14 1.90693
12 13 1 3 10 11 14 1.73205
12 13 1 4 5 6 7 1.41421
12 13 1 4 5 6 8 1.73205
12 13 1 4 5 6 9 1.73205
12 13 1 4 5 6 10 1.73205
12 13 1 4 5 6 11 1.41421
12 13 1 4 5 6 14 1.73205
12 13 1 4 5 7 8 1.73205
12 13 1 4 5 7 9 1.62019
12 13 1 4 5 7 10 1.73205
12 13 1 4 5 7 11 1.41421
12 13 1 4 5 7 14 1.73205
12 13 1 4 5 8 9 1.85164
12 13 1 4 5 8 10 1.90693
12 13 1 4 5 8 11 1.41421
12 13 1 4 5 8 14 1.90693
12 13 1 4 5 9 10 1.85164
12 13 1 4 5 9 11 1.41421
12 13 1 4 5 9 14 1.85164
12 13 1 4 5 10 11 1.41421
12 13 1 4 5 10 14 1.90693
12 13 1 4 5 11 14 1.41421
12 13 1 4 6 7 8 1.62019
12 13 1 4 6 7 9 1.62019
12 13 1 4 6 7 10 1.62019
12 13 1 4 6 7 11 1.41421
12 13 1 4 6 7 14 1.62019
12 13 1 4 6 8 9 2.13664
12 13 1 4 6 8 10 2.13664
12 13 1 4 6 8 11 2
12 13 1 4 6 8 14 2.13664
12 13 1 4 6 9 10 2.13664
12 13 1 4 6 9 11 2
12 13 1 4 6 9 14 2.13664
12 13 1 4 6 10 11 2
12 13 1 4 6 10 14 2.13664
12 13 1 4 6 11 14 2
12 13 1 4 7 8 9 1.73205
12 13 1 4 7 8 10 1.81265
12 13 1 4 7 8 11 1.41421
12 13 1 4 7 8 14 1.81265
12 13 1 4 7 9 10 1.73205
12 13 1 4 7 9 11 1.41421
12 13 1 4 7 9 14 1.73205
12 13 1 4 7 10 11 1.41421
12 13 1 4 7 10 14 1.81265
12 13 1 4 7 11 14 1.41421
12 13 1 4 8 9 10 2.16025
12 13 1 4 8 9 11 2
12 13 1 4 8 9 14 2.16025
12 13 1 4 8 10 11 2
12 13 1 4 8 10 14 2.19089
12 13 1 4 8 11 14 2
12 13 1 4 9 10 11 2
12 13 1 4 9 10 14 2.16025
12 13 1 4 9 11 14 2
12 13 1 4 10 11 14 2
12 13 1 5 6 7 8 1.41421
12 13 1 5 6 7 9 1.73205
12 13 1 5 6 7 10 1.41421
12 13 1 5 6 7 11 1.73205
12 13 1 5 6 7 14 1.41421
12 13 1 5 6 8 9 1.73205
12 13 1 5 6 8 10 1.73205
12 13 1 5 6 8 11 1.41421
12 13 1 5 6 8 14 1.73205
12 13 1 5 6 9 10 1.73205
12 13 1 5 6 9 11 1.73205
12 13 1 5 6 9 14 1.73205
12 13 1 5 6 10 11 1.41421
12 13 1 5 6 10 14 1.73205
12 13 1 5 6 11 14 1.41421
12 13 1 5 7 8 9 1.62019
12 13 1 5 7 8 10 1.73205
12 13 1 5 7 8 11 1.41421
12 13 1 5 7 8 14 1.73205
12 13 1 5 7 9 10 1.62019
12 13 1 5 7 9 11 1.73205
12 13 1 5 7 9 14 1.62019
12 13 1 5 7 10 11 1
12 13 1 5 7 10 14 1.73205
12 13 1 5 7 11 14 1.41421
12 13 1 5 8 9 10 1.85164
12 13 1 5 8 9 11 1.41421
12 13 1 5 8 9 14 1.85164
12 13 1 5 8 10 11 1.41421
12 13 1 5 8 10 14 1.90693
12 13 1 5 8 11 14 1.41421
12 13 1 5 9 10 11 1.41421
12 13 1 5 9 10 14 1.85164
12 13 1 5 9 11 14 1.41421
12 13 1 5 10 11 14 1.41421
12 13 1 6 7 8 9 2
12 13 1 6 7 8 10 1.73205
12 13 1 6 7 8 11 1.81265
12 13 1 6 7 8 14 1.81265
12 13 1 6 7 9 10 1.73205
12 13 1 6 7 9 11 1.93309
12 13 1 6 7 9 14 2
12 13 1 6 7 10 11 1.62019
12 13 1 6 7 10 14 1.73205
12 13 1 6 7 11 14 1.81265
12 13 1 6 8 9 10 2.23607
12 13 1 6 8 9 11 2.19089
12 13 1 6 8 9 14 2.26385
12 13 1 6 8 10 11 2.13664
12 13 1 6 8 10 14 2.23607
12 13 1 6 8 11 14 2.16025
12 13 1 6 9 10 11 2.13664
12 13 1 6 9 10 14 2.23607
12 13 1 6 9 11 14 2.19089
12 13 1 6 10 11 14 2.13664
12 13 1 7 8 9 10 1.81265
12 13 1 7 8 9 11 1.81265
12 13 1 7 8 9 14 2
12 13 1 7 8 10 11 1.62019
12 13 1 7 8 10 14 2
12 13 1 7 8 11 14 1.73205
12 13 1 7 9 10 11 1.62019
12 13 1 7 9 10 14 1.81265
12 13 1 7 9 11 14 1.81265
12 13 1 7 10 11 14 1.62019
12 13 1 8 9 10 11 2.13664
12 13 1 8 9 10 14 2.26385
12 13 1 8 9 11 14 2.16025
12 13 1 8 10 11 14 2.13664
12 13 1 9 10 11 14 2.13664
12 13 2 3 4 5 6 1.73205
12 13 2 3 4 5 7 1.62019
12 13 2 3 4 5 8 1.41421
12 13 2 3 4 5 9 1.73205
12 13 2 3 4 5 10 1.41421
12 13 2 3 4 5 11 1.73205
12 13 2 3 4 5 14 1.62019
12 13 2 3 4 6 7 1.62019
12 13 2 3 4 6 8 1.41421
12 13 2 3 4 6 9 1.81265
12 13 2 3 4 6 10 1.62019
12 13 2 3 4 6 11 1.81265
12 13 2 3 4 6 14 1.73205
12 13 2 3 4 7 8 1.41421
12 13 2 3 4 7 9 1.62019
12 13 2 3 4 7 10 1.41421
12 13 2 3 4 7 11 1.62019
12 13 2 3 4 7 14 1.41421
12 13 2 3 4 8 9 1.41421
12 13 2 3 4 8 10 1.41421
12 13 2 3 4 8 11 1.41421
12 13 2 3 4 8 14 1.41421
12 13 2 3 4 9 10 1.62019
12 13 2 3 4 9 11 1.81265
12 13 2 3 4 9 14 1.73205
12 13 2 3 4 10 11 1.62019
12 13 2 3 4 10 14 1.62019
12 13 2 3 4 11 14 1.73205
12 13 2 3 5 6 7 1.85164
12 13 2 3 5 6 8 1.41421
12 13 2 3 5 6 9 1.90693
12 13 2 3 5 6 10 1.41421
12 13 2 3 5 6 11 1.90693
12 13 2 3 5 6 14 1.73205
12 13 2 3 5 7 8 1.41421
12 13 2 3 5 7 9 1.85164
12 13 2 3 5 7 10 1.41421
12 13 2 3 5 7 11 1.85164
12 13 2 3 5 7 14 1.62019
12 13 2 3 5 8 9 1.41421
12 13 2 3 5 8 10 1.41421
12 13 2 3 5 8 11 1.41421
12 13 2 3 5 8 14 1.41421
12 13 2 3 5 9 10 1.41421
12 13 2 3 5 9 11 1.90693
12 13 2 3 5 9 14 1.73205
12 13 2 3 5 10 11 1.41421
12 13 2 3 5 10 14 1.41421
12 13 2 3 5 11 14 1.73205
12 13 2 3 6 7 8 1.62019
12 13 2 3 6 7 9 1.93309
12 13 2 3 6 7 10 1
12 13 2 3 6 7 11 1.93309
12 13 2 3 6 7 14 1.73205
12 13 2 3 6 8 9 1.81265
12 13 2 3 6 8 10 1.62019
12 13 2 3 6 8 11 1.81265
12 13 2 3 6 8 14 1.73205
12 13 2 3 6 9 10 1.73205
12 13 2 3 6 9 11 2.10639
12 13 2 3 6 9 14 2
12 13 2 3 6 10 11 1.73205
12 13 2 3 6 10 14 1.73205
12 13 2 3 6 11 14 2
12 13 2 3 7 8 9 1.62019
12 13 2 3 7 8 10 1.41421
12 13 2 3 7 8 11 1.62019
12 13 2 3 7 8 14 1.41421
12 13 2 3 7 9 10 1
12 13 2 3 7 9 11 1.93309
12 13 2 3 7 9 14 1.73205
12 13 2 3 7 10 11 1
12 13 2 3 7 10 14 1.41421
12 13 2 3 7 11 14 1.73205
12 13 2 3 8 9 10 1.62019
12 13 2 3 8 9 11 1.81265
12 13 2 3 8 9 14 1.73205
12 13 2 3 8 10 11 1.62019
12 13 2 3 8 10 14 1.62019
12 13 2 3 8 11 14 1.73205
12 13 2 3 9 10 11 1.73205
12 13 2 3 9 10 14 1.73205
12 13 2 3 9 11 14 2
12 13 2 3 10 11 14 1.73205
12 13 2 4 5 6 7 1.62019
12 13 2 4 5 6 8 1.62019
12 13 2 4 5 6 9 2
12 13 2 4 5 6 10 1.73205
12 13 2 4 5 6 11 1.81265
12 13 2 4 5 6 14 1.81265
12 13 2 4 5 7 8 1.62019
12 13 2 4 5 7 9 1.62019
12 13 2 4 5 7 10 1.62019
12 13 2 4 5 7 11 1.62019
12 13 2 4 5 7 14 1.62019
12 13 2 4 5 8 9 1.73205
12 13 2 4 5 8 10 1.81265
12 13 2 4 5 8 11 1.41421
12 13 2 4 5 8 14 1.81265
12 13 2 4 5 9 10 1.81265
12 13 2 4 5 9 11 1.81265
12 13 2 4 5 9 14 2
12 13 2 4 5 10 11 1.62019
12 13 2 4 5 10 14 2
12 13 2 4 5 11 14 1.73205
12 13 2 4 6 7 8 1
12 13 2 4 6 7 9 1.62019
12 13 2 4 6 7 10 1
12 13 2 4 6 7 11 1.62019
12 13 2 4 6 7 14 1.41421
12 13 2 4 6 8 9 1.85164
12 13 2 4 6 8 10 1.85164
12 13 2 4 6 8 11 1.73205
12 13 2 4 6 8 14 1.85164
12 13 2 4 6 9 10 1.93309
12 13 2 4 6 9 11 1.93309
12 13 2 4 6 9 14 2
12 13 2 4 6 10 11 1.85164
12 13 2 4 6 10 14 1.93309
12 13 2 4 6 11 14 1.90693
12 13 2 4 7 8 9 1.41421
12 13 2 4 7 8 10 1.62019
12 13 2 4 7 8 11 1
12 13 2 4 7 8 14 1.62019
12 13 2 4 7 9 10 1.41421
12 13 2 4 7 9 11 1.62019
12 13 2 4 7 9 14 1.41421
12 13 2 4 7 10 11 1
12 13 2 4 7 10 14 1.62019
12 13 2 4 7 11 14 1.41421
12 13 2 4 8 9 10 1.90693
12 13 2 4 8 9 11 1.73205
12 13 2 4 8 9 14 1.90693
12 13 2 4 8 10 11 1.73205
12 13 2 4 8 10 14 1.93309
12 13 2 4 8 11 14 1.73205
12 13 2 4 9 10 11 1.85164
12 13 2 4 9 10 14 2
12 13 2 4 9 11 14 1.90693
12 13 2 4 10 11 14 1.85164
12 13 2 5 6 7 8 1.41421
12 13 2 5 6 7 9 1.85164
12 13 2 5 6 7 10 1
12 13 2 5 6 7 11 1.85164
12 13 2 5 6 7 14 1.62019
12 13 2 5 6 8 9 1.62019
12 13 2 5 6 8 10 1.62019
12 13 2 5 6 8 11 1.41421
12 13 2 5 6 8 14 1.62019
12 13 2 5 6 9 10 1.73205
12 13 2 5 6 9 11 1.93309
12 13 2 5 6 9 14 2
12 13 2 5 6 10 11 1.62019
12 13 2 5 6 10 14 1.73205
12 13 2 5 6 11 14 1.81265
12 13 2 5 7 8 9 1.41421
12 13 2 5 7 8 10 1.62019
12 13 2 5 7 8 11 1.41421
12 13 2 5 7 8 14 1.62019
12 13 2 5 7 9 10 1.41421
12 13 2 5 7 9 11 1.85164
12 13 2 5 7 9 14 1.62019
12 13 2 5 7 10 11 1
12 13 2 5 7 10 14 1.62019
12 13 2 5 7 11 14 1.62019
12 13 2 5 8 9 10 1.73205
12 13 2 5 8 9 11 1.41421
12 13 2 5 8 9 14 1.73205
12 13 2 5 8 10 11 1.41421
12 13 2 5 8 10 14 1.81265
12 13 2 5 8 11 14 1.41421
12 13 2 5 9 10 11 1.62019
12 13 2 5 9 10 14 1.81265
12 13 2 5 9 11 14 1.81265
12 13 2 5 10 11 14 1.62019
12 13 2 6 7 8 9 1.62019
12 13 2 6 7 8 10 1
12 13 2 6 7 8 11 1.62019
12 13 2 6 7 8 14 1.41421
12 13 2 6 7 9 10 1
12 13 2 6 7 9 11 1.93309
12 13 2 6 7 9 14 1.73205
12 13 2 6 7 10 11 1
12 13 2 6 7 10 14 1
12 13 2 6 7 11 14 1.73205
12 13 2 6 8 9 10 1.93309
12 13 2 6 8 9 11 1.93309
12 13 2 6 8 9 14 2
12 13 2 6 8 10 11 1.85164
12 13 2 6 8 10 14 1.93309
12 13 2 6 8 11 14 1.90693
12 13 2 6 9 10 11 1.93309
12 13 2 6 9 10 14 2
12 13 2 6 9 11 14 2.10639
12 13 2 6 10 11 14 1.93309
12 13 2 7 8 9 10 1.41421
12 13 2 7 8 9 11 1.62019
12 13 2 7 8 9 14 1.41421
12 13 2 7 8 10 11 1
12 13 2 7 8 10 14 1.62019
12 13 2 7 8 11 14 1.41421
12 13 2 7 9 10 11 1
12 13 2 7 9 10 14 1.41421
12 13 2 7 9 11 14 1.73205
12 13 2 7 10 11 14 1
12 13 2 8 9 10 11 1.85164
12 13 2 8 9 10 14 2
12 13 2 8 9 11 14 1.90693
12 13 2 8 10 11 14 1.85164
12 13 2 9 10 11 14 1.93309
12 13 3 4 5 6 7 1.73205
12 13 3 4 5 6 8 1.41421
12 13 3 4 5 6 9 1.90693
12 13 3 4 5 6 10 1.73205
12 13 3 4 5 6 11 1.90693
12 13 3 4 5 6 14 1.85164
12 13 3 4 5 7 8 1.41421
12 13 3 4 5 7 9 1.73205
12 13 3 4 5 7 10 1.41421
12 13 3 4 5 7 11 1.73205
12 13 3 4 5 7 14 1.62019
12 13 3 4 5 8 9 1.41421
12 13 3 4 5 8 10 1.41421
12 13 3 4 5 8 11 1.41421
12 13 3 4 5 8 14 1.41421
12 13 3 4 5 9 10 1.73205
12 13 3 4 5 9 11 1.90693
12 13 3 4 5 9 14 1.85164
12 13 3 4 5 10 11 1.73205
12 13 3 4 5 10 14 1.73205
12 13 3 4 5 11 14 1.85164
12 13 3 4 6 7 8 1.41421
12 13 3 4 6 7 9 1.81265
12 13 3 4 6 7 10 1.62019
12 13 3 4 6 7 11 1.81265
12 13 3 4 6 7 14 1.73205
12 13 3 4 6 8 9 2
12 13 3 4 6 8 10 2
12 13 3 4 6 8 11 2
12 13 3 4 6 8 14 2
12 13 3 4 6 9 10 2.13664
12 13 3 4 6 9 11 2.19089
12 13 3 4 6 9 14 2.16025
12 13 3 4 6 10 11 2.13664
12 13 3 4 6 10 14 2.13664
12 13 3 4 6 11 14 2.16025
12 13 3 4 7 8 9 1.41421
12 13 3 4 7 8 10 1.41421
12 13 3 4 7 8 11 1.41421
12 13 3 4 7 8 14 1.41421
12 13 3 4 7 9 10 1.62019
12 13 3 4 7 9 11 1.81265
12 13 3 4 7 9 14 1.73205
12 13 3 4 7 10 11 1.62019
12 13 3 4 7 10 14 1.62019
12 13 3 4 7 11 14 1.73205
12 13 3 4 8 9 10 2
12 13 3 4 8 9 11 2
12 13 3 4 8 9 14 2
12 13 3 4 8 10 11 2
12 13 3 4 8 10 14 2
12 13 3 4 8 11 14 2
12 13 3 4 9 10 11 2.13664
12 13 3 4 9 10 14 2.13664
12 13 3 4 9 11 14 2.16025
12 13 3 4 10 11 14 2.13664
12 13 3 5 6 7 8 1.41421
12 13 3 5 6 7 9 1.90693
12 13 3 5 6 7 10 1.41421
12 13 3 5 6 7 11 1.90693
12 13 3 5 6 7 14 1.73205
12 13 3 5 6 8 9 1.41421
12 13 3 5 6 8 10 1.41421
12 13 3 5 6 8 11 1.41421
12 13 3 5 6 8 14 1.41421
12 13 3 5 6 9 10 1.73205
12 13 3 5 6 9 11 2
12 13 3 5 6 9 14 1.90693
12 13 3 5 6 10 11 1.73205
12 13 3 5 6 10 14 1.73205
12 13 3 5 6 11 14 1.90693
12 13 3 5 7 8 9 1.41421
12 13 3 5 7 8 10 1.41421
12 13 3 5 7 8 11 1.41421
12 13 3 5 7 8 14 1.41421
12 13 3 5 7 9 10 1.41421
12 13 3 5 7 9 11 1.90693
12 13 3 5 7 9 14 1.73205
12 13 3 5 7 10 11 1.41421
12 13 3 5 7 10 14 1.41421
12 13 3 5 7 11 14 1.73205
12 13 3 5 8 9 10 1.41421
12 13 3 5 8 9 11 1.41421
12 13 3 5 8 9 14 1.41421
12 13 3 5 8 10 11 1.41421
12 13 3 5 8 10 14 1.41421
12 13 3 5 8 11 14 1.41421
12 13 3 5 9 10 11 1.73205
12 13 3 5 9 10 14 1.73205
12 13 3 5 9 11 14 1.90693
12 13 3 5 10 11 14 1.73205
12 13 3 6 7 8 9 1.81265
12 13 3 6 7 8 10 1.62019
12 13 3 6 7 8 11 1.81265
12 13 3 6 7 8 14 1.73205
12 13 3 6 7 9 10 1.73205
12 13 3 6 7 9 11 2.10639
12 13 3 6 7 9 14 2
12 13 3 6 7 10 11 1.73205
12 13 3 6 7 10 14 1.73205
12 13 3 6 7 11 14 2
12 13 3 6 8 9 10 2.13664
12 13 3 6 8 9 11 2.19089
12 13 3 6 8 9 14 2.16025
12 13 3 6 8 10 11 2.13664
12 13 3 6 8 10 14 2.13664
12 13 3 6 8 11 14 2.16025
12 13 3 6 9 10 11 2.23607
12 13 3 6 9 10 14 2.23607
12 13 3 6 9 11 14 2.38048
12 13 3 6 10 11 14 2.23607
12 13 3 7 8 9 10 1.62019
12 13 3 7 8 9 11 1.81265
12 13 3 7 8 9 14 1.73205
12 13 3 7 8 10 11 1.62019
12 13 3 7 8 10 14 1.62019
12 13 3 7 8 11 14 1.73205
12 13 3 7 9 10 11 1.73205
12 13 3 7 9 10 14 1.73205
12 13 3 7 9 11 14 2
12 13 3 7 10 11 14 1.73205
12 13 3 8 9 10 11 2.13664
12 13 3 8 9 10 14 2.13664
12 13 3 8 9 11 14 2.16025
12 13 3 8 10 11 14 2.13664
12 13 3 9 10 11 14 2.23607
12 13 4 5 6 7 8 1.62019
12 13 4 5 6 7 9 2
12 13 4 5 6 7 10 1.73205
12 13 4 5 6 7 11 1.81265
12 13 4 5 6 7 14 1.81265
12 13 4 5 6 8 9 2.13664
12 13 4 5 6 8 10 2.13664
12 13 4 5 6 8 11 2
12 13 4 5 6 8 14 2.13664
12 13 4 5 6 9 10 2.23607
12 13 4 5 6 9 11 2.19089
12 13 4 5 6 9 14 2.26385
12 13 4 5 6 10 11 2.13664
12 13 4 5 6 10 14 2.23607
12 13 4 5 6 11 14 2.16025
12 13 4 5 7 8 9 1.73205
12 13 4 5 7 8 10 1.81265
12 13 4 5 7 8 11 1.41421
12 13 4 5 7 8 14 1.81265
12 13 4 5 7 9 10 1.81265
12 13 4 5 7 9 11 1.81265
12 13 4 5 7 9 14 2
12 13 4 5 7 10 11 1.62019
12 13 4 5 7 10 14 2
12 13 4 5 7 11 14 1.73205
12 13 4 5 8 9 10 2.16025
12 13 4 5 8 9 11 2
12 13 4 5 8 9 14 2.16025
12 13 4 5 8 10 11 2
12 13 4 5 8 10 14 2.19089
12 13 4 5 8 11 14 2
12 13 4 5 9 10 11 2.13664
12 13 4 5 9 10 14 2.26385
12 13 4 5 9 11 14 2.16025
12 13 4 5 10 11 14 2.13664
12 13 4 6 7 8 9 1.85164
12 13 4 6 7 8 10 1.85164
12 13 4 6 7 8 11 1.73205
12 13 4 6 7 8 14 1.85164
12 13 4 6 7 9 10 1.93309
12 13 4 6 7 9 11 1.93309
12 13 4 6 7 9 14 2
12 13 4 6 7 10 11 1.85164
12 13 4 6 7 10 14 1.93309
12 13 4 6 7 11 14 1.90693
12 13 4 6 8 9 10 2.52543
12 13 4 6 8 9 11 2.44949
12 13 4 6 8 9 14 2.52543
12 13 4 6 8 10 11 2.44949
12 13 4 6 8 10 14 2.52543
12 13 4 6 8 11 14 2.44949
12 13 4 6 9 10 11 2.52543
12 13 4 6 9 10 14 2.58844
12 13 4 6 9 11 14 2.53722
12 13 4 6 10 11 14 2.52543
12 13 4 7 8 9 10 1.90693
12 13 4 7 8 9 11 1.73205
12 13 4 7 8 9 14 1.90693
12 13 4 7 8 10 11 1.73205
12 13 4 7 8 10 14 1.93309
12 13 4 7 8 11 14 1.73205
12 13 4 7 9 10 11 1.85164
12 13 4 7 9 10 14 2
12 13 4 7 9 11 14 1.90693
12 13 4 7 10 11 14 1.85164
12 13 4 8 9 10 11 2.44949
12 13 4 8 9 10 14 2.53722
12 13 4 8 9 11 14 2.44949
12 13 4 8 10 11 14 2.44949
12 13 4 9 10 11 14 2.52543
12 13 5 6 7 8 9 1.62019
12 13 5 6 7 8 10 1.62019
12 13 5 6 7 8 11 1.41421
12 13 5 6 7 8 14 1.62019
12 13 5 6 7 9 10 1.73205
12 13 5 6 7 9 11 1.93309
12 13 5 6 7 9 14 2
12 13 5 6 7 10 11 1.62019
12 13 5 6 7 10 14 1.73205
12 13 5 6 7 11 14 1.81265
12 13 5 6 8 9 10 2.13664
12 13 5 6 8 9 11 2
12 13 5 6 8 9 14 2.13664
12 13 5 6 8 10 11 2
12 13 5 6 8 10 14 2.13664
12 13 5 6 8 11 14 2
12 13 5 6 9 10 11 2.13664
12 13 5 6 9 10 14 2.23607
12 13 5 6 9 11 14 2.19089
12 13 5 6 10 11 14 2.13664
12 13 5 7 8 9 10 1.73205
12 13 5 7 8 9 11 1.41421
12 13 5 7 8 9 14 1.73205
12 13 5 7 8 10 11 1.41421
12 13 5 7 8 10 14 1.81265
12 13 5 7 8 11 14 1.41421
12 13 5 7 9 10 11 1.62019
12 13 5 7 9 10 14 1.81265
12 13 5 7 9 11 14 1.81265
12 13 5 7 10 11 14 1.62019
12 13 5 8 9 10 11 2
12 13 5 8 9 10 14 2.16025
12 13 5 8 9 11 14 2
12 13 5 8 10 11 14 2
12 13 5 9 10 11 14 2.13664
12 13 6 7 8 9 10 1.93309
12 13 6 7 8 9 11 1.93309
12 13 6 7 8 9 14 2
12 13 6 7 8 10 11 1.85164
12 13 6 7 8 10 14 1.93309
12 13 6 7 8 11 14 1.90693
12 13 6 7 9 10 11 1.93309
12 13 6 7 9 10 14 2
12 13 6 7 9 11 14 2.10639
12 13 6 7 10 11 14 1.93309
12 13 6 8 9 10 11 2.52543
12 13 6 8 9 10 14 2.58844
12 13 6 8 9 11 14 2.53722
12 13 6 8 10 11 14 2.52543
12 13 6 9 10 11 14 2.58844
12 13 7 8 9 10 11 1.85164
12 13 7 8 9 10 14 2
12 13 7 8 9 11 14 1.90693
12 13 7 8 10 11 14 1.85164
12 13 7 9 10 11 14 1.93309
12 13 8 9 10 11 14 2.52543
