12 13 0 1 2 3 4 5 6 7 8 1
12 13 0 1 2 3 4 5 6 7 9 1.41421
12 13 0 1 2 3 4 5 6 7 10 0
12 13 0 1 2 3 4 5 6 7 11 1.41421
12 13 0 1 2 3 4 5 6 7 14 1
12 13 0 1 2 3 4 5 6 8 9 1
12 13 0 1 2 3 4 5 6 8 10 0
12 13 0 1 2 3 4 5 6 8 11 1
12 13 0 1 2 3 4 5 6 8 14 0
12 13 0 1 2 3 4 5 6 9 10 0
12 13 0 1 2 3 4 5 6 9 11 1.41421
12 13 0 1 2 3 4 5 6 9 14 1
12 13 0 1 2 3 4 5 6 10 11 0
12 13 0 1 2 3 4 5 6 10 14 0
12 13 0 1 2 3 4 5 6 11 14 1
12 13 0 1 2 3 4 5 7 8 9 1
12 13 0 1 2 3 4 5 7 8 10 1.41421
12 13 0 1 2 3 4 5 7 8 11 1
12 13 0 1 2 3 4 5 7 8 14 1.41421
12 13 0 1 2 3 4 5 7 9 10 1
12 13 0 1 2 3 4 5 7 9 11 1.41421
12 13 0 1 2 3 4 5 7 9 14 1
12 13 0 1 2 3 4 5 7 10 11 1
12 13 0 1 2 3 4 5 7 10 14 1.41421
12 13 0 1 2 3 4 5 7 11 14 1
12 13 0 1 2 3 4 5 8 9 10 1
12 13 0 1 2 3 4 5 8 9 11 1
12 13 0 1 2 3 4 5 8 9 14 1
12 13 0 1 2 3 4 5 8 10 11 1
12 13 0 1 2 3 4 5 8 10 14 1.41421
12 13 0 1 2 3 4 5 8 11 14 1
12 13 0 1 2 3 4 5 9 10 11 0
12 13 0 1 2 3 4 5 9 10 14 1
12 13 0 1 2 3 4 5 9 11 14 1
12 13 0 1 2 3 4 5 10 11 14 1
12 13 0 1 2 3 4 6 7 8 9 1
12 13 0 1 2 3 4 6 7 8 10 0
12 13 0 1 2 3 4 6 7 8 11 1
12 13 0 1 2 3 4 6 7 8 14 0
12 13 0 1 2 3 4 6 7 9 10 0
12 13 0 1 2 3 4 6 7 9 11 1.41421
12 13 0 1 2 3 4 6 7 9 14 1
12 13 0 1 2 3 4 6 7 10 11 0
12 13 0 1 2 3 4 6 7 10 14 0
12 13 0 1 2 3 4 6 7 11 14 1
12 13 0 1 2 3 4 6 8 9 10 1
12 13 0 1 2 3 4 6 8 9 11 1
12 13 0 1 2 3 4 6 8 9 14 1
12 13 0 1 2 3 4 6 8 10 11 1
12 13 0 1 2 3 4 6 8 10 14 1
12 13 0 1 2 3 4 6 8 11 14 1
12 13 0 1 2 3 4 6 9 10 11 1
12 13 0 1 2 3 4 6 9 10 14 1
12 13 0 1 2 3 4 6 9 11 14 1
12 13 0 1 2 3 4 6 10 11 14 1
12 13 0 1 2 3 4 7 8 9 10 1
12 13 0 1 2 3 4 7 8 9 11 1
12 13 0 1 2 3 4 7 8 9 14 1
12 13 0 1 2 3 4 7 8 10 11 1
12 13 0 1 2 3 4 7 8 10 14 1.41421
12 13 0 1 2 3 4 7 8 11 14 1
12 13 0 1 2 3 4 7 9 10 11 0
12 13 0 1 2 3 4 7 9 10 14 1
12 13 0 1 2 3 4 7 9 11 14 1
12 13 0 1 2 3 4 7 10 11 14 1
12 13 0 1 2 3 4 8 9 10 11 1
12 13 0 1 2 3 4 8 9 10 14 1
12 13 0 1 2 3 4 8 9 11 14 1
12 13 0 1 2 3 4 8 10 11 14 1
12 13 0 1 2 3 4 9 10 11 14 1
12 13 0 1 2 3 5 6 7 8 9 1.41421
12 13 0 1 2 3 5 6 7 8 10 0
12 13 0 1 2 3 5 6 7 8 11 1.41421
12 13 0 1 2 3 5 6 7 8 14 1
12 13 0 1 2 3 5 6 7 9 10 0
12 13 0 1 2 3 5 6 7 9 11 1.73205
12 13 0 1 2 3 5 6 7 9 14 1.41421
12 13 0 1 2 3 5 6 7 10 11 0
12 13 0 1 2 3 5 6 7 10 14 0
12 13 0 1 2 3 5 6 7 11 14 1.41421
12 13 0 1 2 3 5 6 8 9 10 0
12 13 0 1 2 3 5 6 8 9 11 1.41421
12 13 0 1 2 3 5 6 8 9 14 1
12 13 0 1 2 3 5 6 8 10 11 0
12 13 0 1 2 3 5 6 8 10 14 0
12 13 0 1 2 3 5 6 8 11 14 1
12 13 0 1 2 3 5 6 9 10 11 0
12 13 0 1 2 3 5 6 9 10 14 0
12 13 0 1 2 3 5 6 9 11 14 1.41421
12 13 0 1 2 3 5 6 10 11 14 0
12 13 0 1 2 3 5 7 8 9 10 1
12 13 0 1 2 3 5 7 8 9 11 1.41421
12 13 0 1 2 3 5 7 8 9 14 1
12 13 0 1 2 3 5 7 8 10 11 1
12 13 0 1 2 3 5 7 8 10 14 1.41421
12 13 0 1 2 3 5 7 8 11 14 1
12 13 0 1 2 3 5 7 9 10 11 0
12 13 0 1 2 3 5 7 9 10 14 1
12 13 0 1 2 3 5 7 9 11 14 1.41421
12 13 0 1 2 3 5 7 10 11 14 1
12 13 0 1 2 3 5 8 9 10 11 0
12 13 0 1 2 3 5 8 9 10 14 1
12 13 0 1 2 3 5 8 9 11 14 1
12 13 0 1 2 3 5 8 10 11 14 1
12 13 0 1 2 3 5 9 10 11 14 0
12 13 0 1 2 3 6 7 8 9 10 1
12 13 0 1 2 3 6 7 8 9 11 1.62019
12 13 0 1 2 3 6 7 8 9 14 1.41421
12 13 0 1 2 3 6 7 8 10 11 1
12 13 0 1 2 3 6 7 8 10 14 1
12 13 0 1 2 3 6 7 8 11 14 1.41421
12 13 0 1 2 3 6 7 9 10 11 1
12 13 0 1 2 3 6 7 9 10 14 1
12 13 0 1 2 3 6 7 9 11 14 1.62019
12 13 0 1 2 3 6 7 10 11 14 1
12 13 0 1 2 3 6 8 9 10 11 1.41421
12 13 0 1 2 3 6 8 9 10 14 1.41421
12 13 0 1 2 3 6 8 9 11 14 1.62019
12 13 0 1 2 3 6 8 10 11 14 1.41421
12 13 0 1 2 3 6 9 10 11 14 1.41421
12 13 0 1 2 3 7 8 9 10 11 1
12 13 0 1 2 3 7 8 9 10 14 1
12 13 0 1 2 3 7 8 9 11 14 1.41421
12 13 0 1 2 3 7 8 10 11 14 1
12 13 0 1 2 3 7 9 10 11 14 1
12 13 0 1 2 3 8 9 10 11 14 1.41421
12 13 0 1 2 4 5 6 7 8 9 1
12 13 0 1 2 4 5 6 7 8 10 1
12 13 0 1 2 4 5 6 7 8 11 1
12 13 0 1 2 4 5 6 7 8 14 1
12 13 0 1 2 4 5 6 7 9 10 1
12 13 0 1 2 4 5 6 7 9 11 1.41421
12 13 0 1 2 4 5 6 7 9 14 1
12 13 0 1 2 4 5 6 7 10 11 0
12 13 0 1 2 4 5 6 7 10 14 1
12 13 0 1 2 4 5 6 7 11 14 1
12 13 0 1 2 4 5 6 8 9 10 1.41421
12 13 0 1 2 4 5 6 8 9 11 1
12 13 0 1 2 4 5 6 8 9 14 1.41421
12 13 0 1 2 4 5 6 8 10 11 1
12 13 0 1 2 4 5 6 8 10 14 1.41421
12 13 0 1 2 4 5 6 8 11 14 1
12 13 0 1 2 4 5 6 9 10 11 1
12 13 0 1 2 4 5 6 9 10 14 1.41421
12 13 0 1 2 4 5 6 9 11 14 1
12 13 0 1 2 4 5 6 10 11 14 1
12 13 0 1 2 4 5 7 8 9 10 1.41421
12 13 0 1 2 4 5 7 8 9 11 1
12 13 0 1 2 4 5 7 8 9 14 1.41421
12 13 0 1 2 4 5 7 8 10 11 1
12 13 0 1 2 4 5 7 8 10 14 1.62019
12 13 0 1 2 4 5 7 8 11 14 1
12 13 0 1 2 4 5 7 9 10 11 0
12 13 0 1 2 4 5 7 9 10 14 1.41421
12 13 0 1 2 4 5 7 9 11 14 1
12 13 0 1 2 4 5 7 10 11 14 1
12 13 0 1 2 4 5 8 9 10 11 1
12 13 0 1 2 4 5 8 9 10 14 1.62019
12 13 0 1 2 4 5 8 9 11 14 1
12 13 0 1 2 4 5 8 10 11 14 1
12 13 0 1 2 4 5 9 10 11 14 1
12 13 0 1 2 4 6 7 8 9 10 1
12 13 0 1 2 4 6 7 8 9 11 1
12 13 0 1 2 4 6 7 8 9 14 1
12 13 0 1 2 4 6 7 8 10 11 0
12 13 0 1 2 4 6 7 8 10 14 1
12 13 0 1 2 4 6 7 8 11 14 0
12 13 0 1 2 4 6 7 9 10 11 0
12 13 0 1 2 4 6 7 9 10 14 1
12 13 0 1 2 4 6 7 9 11 14 1
12 13 0 1 2 4 6 7 10 11 14 0
12 13 0 1 2 4 6 8 9 10 11 1.41421
12 13 0 1 2 4 6 8 9 10 14 1.62019
12 13 0 1 2 4 6 8 9 11 14 1.41421
12 13 0 1 2 4 6 8 10 11 14 1.41421
12 13 0 1 2 4 6 9 10 11 14 1.41421
12 13 0 1 2 4 7 8 9 10 11 0
12 13 0 1 2 4 7 8 9 10 14 1.41421
12 13 0 1 2 4 7 8 9 11 14 0
12 13 0 1 2 4 7 8 10 11 14 1
12 13 0 1 2 4 7 9 10 11 14 0
12 13 0 1 2 4 8 9 10 11 14 1.41421
12 13 0 1 2 5 6 7 8 9 10 1
12 13 0 1 2 5 6 7 8 9 11 1.41421
12 13 0 1 2 5 6 7 8 9 14 1
12 13 0 1 2 5 6 7 8 10 11 0
12 13 0 1 2 5 6 7 8 10 14 1
12 13 0 1 2 5 6 7 8 11 14 1
12 13 0 1 2 5 6 7 9 10 11 0
12 13 0 1 2 5 6 7 9 10 14 1
12 13 0 1 2 5 6 7 9 11 14 1.41421
12 13 0 1 2 5 6 7 10 11 14 0
12 13 0 1 2 5 6 8 9 10 11 1
12 13 0 1 2 5 6 8 9 10 14 1.41421
12 13 0 1 2 5 6 8 9 11 14 1
12 13 0 1 2 5 6 8 10 11 14 1
12 13 0 1 2 5 6 9 10 11 14 1
12 13 0 1 2 5 7 8 9 10 11 0
12 13 0 1 2 5 7 8 9 10 14 1.41421
12 13 0 1 2 5 7 8 9 11 14 1
12 13 0 1 2 5 7 8 10 11 14 1
12 13 0 1 2 5 7 9 10 11 14 0
12 13 0 1 2 5 8 9 10 11 14 1
12 13 0 1 2 6 7 8 9 10 11 1
12 13 0 1 2 6 7 8 9 10 14 1
12 13 0 1 2 6 7 8 9 11 14 1.41421
12 13 0 1 2 6 7 8 10 11 14 1
12 13 0 1 2 6 7 9 10 11 14 1
12 13 0 1 2 6 8 9 10 11 14 1.62019
12 13 0 1 2 7 8 9 10 11 14 1
12 13 0 1 3 4 5 6 7 8 9 1
12 13 0 1 3 4 5 6 7 8 10 0
12 13 0 1 3 4 5 6 7 8 11 1
12 13 0 1 3 4 5 6 7 8 14 0
12 13 0 1 3 4 5 6 7 9 10 0
12 13 0 1 3 4 5 6 7 9 11 1.41421
12 13 0 1 3 4 5 6 7 9 14 1
12 13 0 1 3 4 5 6 7 10 11 0
12 13 0 1 3 4 5 6 7 10 14 0
12 13 0 1 3 4 5 6 7 11 14 1
12 13 0 1 3 4 5 6 8 9 10 0
12 13 0 1 3 4 5 6 8 9 11 1
12 13 0 1 3 4 5 6 8 9 14 0
12 13 0 1 3 4 5 6 8 10 11 0
12 13 0 1 3 4 5 6 8 10 14 0
12 13 0 1 3 4 5 6 8 11 14 0
12 13 0 1 3 4 5 6 9 10 11 0
12 13 0 1 3 4 5 6 9 10 14 0
12 13 0 1 3 4 5 6 9 11 14 1
12 13 0 1 3 4 5 6 10 11 14 0
12 13 0 1 3 4 5 7 8 9 10 1
12 13 0 1 3 4 5 7 8 9 11 1
12 13 0 1 3 4 5 7 8 9 14 1
12 13 0 1 3 4 5 7 8 10 11 1
12 13 0 1 3 4 5 7 8 10 14 1.41421
12 13 0 1 3 4 5 7 8 11 14 1
12 13 0 1 3 4 5 7 9 10 11 0
12 13 0 1 3 4 5 7 9 10 14 1
12 13 0 1 3 4 5 7 9 11 14 1
12 13 0 1 3 4 5 7 10 11 14 1
12 13 0 1 3 4 5 8 9 10 11 0
12 13 0 1 3 4 5 8 9 10 14 1
12 13 0 1 3 4 5 8 9 11 14 0
12 13 0 1 3 4 5 8 10 11 14 1
12 13 0 1 3 4 5 9 10 11 14 0
12 13 0 1 3 4 6 7 8 9 10 1
12 13 0 1 3 4 6 7 8 9 11 1
12 13 0 1 3 4 6 7 8 9 14 1
12 13 0 1 3 4 6 7 8 10 11 1
12 13 0 1 3 4 6 7 8 10 14 1
12 13 0 1 3 4 6 7 8 11 14 1
12 13 0 1 3 4 6 7 9 10 11 1
12 13 0 1 3 4 6 7 9 10 14 1
12 13 0 1 3 4 6 7 9 11 14 1
12 13 0 1 3 4 6 7 10 11 14 1
12 13 0 1 3 4 6 8 9 10 11 1.41421
12 13 0 1 3 4 6 8 9 10 14 1.41421
12 13 0 1 3 4 6 8 9 11 14 1.41421
12 13 0 1 3 4 6 8 10 11 14 1.41421
12 13 0 1 3 4 6 9 10 11 14 1.41421
12 13 0 1 3 4 7 8 9 10 11 1
12 13 0 1 3 4 7 8 9 10 14 1
12 13 0 1 3 4 7 8 9 11 14 1
12 13 0 1 3 4 7 8 10 11 14 1
12 13 0 1 3 4 7 9 10 11 14 1
12 13 0 1 3 4 8 9 10 11 14 1.41421
12 13 0 1 3 5 6 7 8 9 10 0
12 13 0 1 3 5 6 7 8 9 11 1.41421
12 13 0 1 3 5 6 7 8 9 14 1
12 13 0 1 3 5 6 7 8 10 11 0
12 13 0 1 3 5 6 7 8 10 14 0
12 13 0 1 3 5 6 7 8 11 14 1
12 13 0 1 3 5 6 7 9 10 11 0
12 13 0 1 3 5 6 7 9 10 14 0
12 13 0 1 3 5 6 7 9 11 14 1.41421
12 13 0 1 3 5 6 7 10 11 14 0
12 13 0 1 3 5 6 8 9 10 11 0
12 13 0 1 3 5 6 8 9 10 14 0
12 13 0 1 3 5 6 8 9 11 14 1
12 13 0 1 3 5 6 8 10 11 14 0
12 13 0 1 3 5 6 9 10 11 14 0
12 13 0 1 3 5 7 8 9 10 11 0
12 13 0 1 3 5 7 8 9 10 14 1
12 13 0 1 3 5 7 8 9 11 14 1
12 13 0 1 3 5 7 8 10 11 14 1
12 13 0 1 3 5 7 9 10 11 14 0
12 13 0 1 3 5 8 9 10 11 14 0
12 13 0 1 3 6 7 8 9 10 11 1.41421
12 13 0 1 3 6 7 8 9 10 14 1.41421
12 13 0 1 3 6 7 8 9 11 14 1.62019
12 13 0 1 3 6 7 8 10 11 14 1.41421
12 13 0 1 3 6 7 9 10 11 14 1.41421
12 13 0 1 3 6 8 9 10 11 14 1.73205
12 13 0 1 3 7 8 9 10 11 14 1.41421
12 13 0 1 4 5 6 7 8 9 10 1.41421
12 13 0 1 4 5 6 7 8 9 11 1
12 13 0 1 4 5 6 7 8 9 14 1.41421
12 13 0 1 4 5 6 7 8 10 11 1
12 13 0 1 4 5 6 7 8 10 14 1.41421
12 13 0 1 4 5 6 7 8 11 14 1
12 13 0 1 4 5 6 7 9 10 11 1
12 13 0 1 4 5 6 7 9 10 14 1.41421
12 13 0 1 4 5 6 7 9 11 14 1
12 13 0 1 4 5 6 7 10 11 14 1
12 13 0 1 4 5 6 8 9 10 11 1.41421
12 13 0 1 4 5 6 8 9 10 14 1.73205
12 13 0 1 4 5 6 8 9 11 14 1.41421
12 13 0 1 4 5 6 8 10 11 14 1.41421
12 13 0 1 4 5 6 9 10 11 14 1.41421
12 13 0 1 4 5 7 8 9 10 11 1
12 13 0 1 4 5 7 8 9 10 14 1.62019
12 13 0 1 4 5 7 8 9 11 14 1
12 13 0 1 4 5 7 8 10 11 14 1
12 13 0 1 4 5 7 9 10 11 14 1
12 13 0 1 4 5 8 9 10 11 14 1.41421
12 13 0 1 4 6 7 8 9 10 11 1.41421
12 13 0 1 4 6 7 8 9 10 14 1.62019
12 13 0 1 4 6 7 8 9 11 14 1.41421
12 13 0 1 4 6 7 8 10 11 14 1.41421
12 13 0 1 4 6 7 9 10 11 14 1.41421
12 13 0 1 4 6 8 9 10 11 14 2
12 13 0 1 4 7 8 9 10 11 14 1.41421
12 13 0 1 5 6 7 8 9 10 11 1
12 13 0 1 5 6 7 8 9 10 14 1.41421
12 13 0 1 5 6 7 8 9 11 14 1
12 13 0 1 5 6 7 8 10 11 14 1
12 13 0 1 5 6 7 9 10 11 14 1
12 13 0 1 5 6 8 9 10 11 14 1.41421
12 13 0 1 5 7 8 9 10 11 14 1
12 13 0 1 6 7 8 9 10 11 14 1.62019
12 13 0 2 3 4 5 6 7 8 9 1
12 13 0 2 3 4 5 6 7 8 10 0
12 13 0 2 3 4 5 6 7 8 11 1
12 13 0 2 3 4 5 6 7 8 14 0
12 13 0 2 3 4 5 6 7 9 10 1
12 13 0 2 3 4 5 6 7 9 11 1.62019
12 13 0 2 3 4 5 6 7 9 14 1.41421
12 13 0 2 3 4 5 6 7 10 11 1
12 13 0 2 3 4 5 6 7 10 14 1
12 13 0 2 3 4 5 6 7 11 14 1.41421
12 13 0 2 3 4 5 6 8 9 10 1
12 13 0 2 3 4 5 6 8 9 11 1
12 13 0 2 3 4 5 6 8 9 14 1
12 13 0 2 3 4 5 6 8 10 11 1
12 13 0 2 3 4 5 6 8 10 14 1
12 13 0 2 3 4 5 6 8 11 14 1
12 13 0 2 3 4 5 6 9 10 11 1.41421
12 13 0 2 3 4 5 6 9 10 14 1.41421
12 13 0 2 3 4 5 6 9 11 14 1.62019
12 13 0 2 3 4 5 6 10 11 14 1.41421
12 13 0 2 3 4 5 7 8 9 10 1
12 13 0 2 3 4 5 7 8 9 11 1
12 13 0 2 3 4 5 7 8 9 14 1
12 13 0 2 3 4 5 7 8 10 11 1
12 13 0 2 3 4 5 7 8 10 14 1.41421
12 13 0 2 3 4 5 7 8 11 14 1
12 13 0 2 3 4 5 7 9 10 11 1
12 13 0 2 3 4 5 7 9 10 14 1
12 13 0 2 3 4 5 7 9 11 14 1.41421
12 13 0 2 3 4 5 7 10 11 14 1
12 13 0 2 3 4 5 8 9 10 11 1
12 13 0 2 3 4 5 8 9 10 14 1
12 13 0 2 3 4 5 8 9 11 14 1
12 13 0 2 3 4 5 8 10 11 14 1
12 13 0 2 3 4 5 9 10 11 14 1.41421
12 13 0 2 3 4 6 7 8 9 10 0
12 13 0 2 3 4 6 7 8 9 11 1
12 13 0 2 3 4 6 7 8 9 14 0
12 13 0 2 3 4 6 7 8 10 11 0
12 13 0 2 3 4 6 7 8 10 14 0
12 13 0 2 3 4 6 7 8 11 14 0
12 13 0 2 3 4 6 7 9 10 11 1
12 13 0 2 3 4 6 7 9 10 14 1
12 13 0 2 3 4 6 7 9 11 14 1.41421
12 13 0 2 3 4 6 7 10 11 14 1
12 13 0 2 3 4 6 8 9 10 11 1.41421
12 13 0 2 3 4 6 8 9 10 14 1.41421
12 13 0 2 3 4 6 8 9 11 14 1.41421
12 13 0 2 3 4 6 8 10 11 14 1.41421
12 13 0 2 3 4 6 9 10 11 14 1.62019
12 13 0 2 3 4 7 8 9 10 11 0
12 13 0 2 3 4 7 8 9 10 14 1
12 13 0 2 3 4 7 8 9 11 14 0
12 13 0 2 3 4 7 8 10 11 14 1
12 13 0 2 3 4 7 9 10 11 14 1
12 13 0 2 3 4 8 9 10 11 14 1.41421
12 13 0 2 3 5 6 7 8 9 10 0
12 13 0 2 3 5 6 7 8 9 11 1.41421
12 13 0 2 3 5 6 7 8 9 14 1
12 13 0 2 3 5 6 7 8 10 11 0
12 13 0 2 3 5 6 7 8 10 14 0
12 13 0 2 3 5 6 7 8 11 14 1
12 13 0 2 3 5 6 7 9 10 11 1
12 13 0 2 3 5 6 7 9 10 14 1
12 13 0 2 3 5 6 7 9 11 14 1.62019
12 13 0 2 3 5 6 7 10 11 14 1
12 13 0 2 3 5 6 8 9 10 11 1
12 13 0 2 3 5 6 8 9 10 14 1
12 13 0 2 3 5 6 8 9 11 14 1
12 13 0 2 3 5 6 8 10 11 14 1
12 13 0 2 3 5 6 9 10 11 14 1.41421
12 13 0 2 3 5 7 8 9 10 11 0
12 13 0 2 3 5 7 8 9 10 14 1
12 13 0 2 3 5 7 8 9 11 14 1
12 13 0 2 3 5 7 8 10 11 14 1
12 13 0 2 3 5 7 9 10 11 14 1
12 13 0 2 3 5 8 9 10 11 14 1
12 13 0 2 3 6 7 8 9 10 11 1
12 13 0 2 3 6 7 8 9 10 14 1
12 13 0 2 3 6 7 8 9 11 14 1.41421
12 13 0 2 3 6 7 8 10 11 14 1
12 13 0 2 3 6 7 9 10 11 14 1
12 13 0 2 3 6 8 9 10 11 14 1.62019
12 13 0 2 3 7 8 9 10 11 14 1
12 13 0 2 4 5 6 7 8 9 10 1
12 13 0 2 4 5 6 7 8 9 11 1
12 13 0 2 4 5 6 7 8 9 14 1
12 13 0 2 4 5 6 7 8 10 11 0
12 13 0 2 4 5 6 7 8 10 14 1
12 13 0 2 4 5 6 7 8 11 14 0
12 13 0 2 4 5 6 7 9 10 11 1
12 13 0 2 4 5 6 7 9 10 14 1
12 13 0 2 4 5 6 7 9 11 14 1.41421
12 13 0 2 4 5 6 7 10 11 14 1
12 13 0 2 4 5 6 8 9 10 11 1.41421
12 13 0 2 4 5 6 8 9 10 14 1.62019
12 13 0 2 4 5 6 8 9 11 14 1.41421
12 13 0 2 4 5 6 8 10 11 14 1.41421
12 13 0 2 4 5 6 9 10 11 14 1.62019
12 13 0 2 4 5 7 8 9 10 11 0
12 13 0 2 4 5 7 8 9 10 14 1.41421
12 13 0 2 4 5 7 8 9 11 14 0
12 13 0 2 4 5 7 8 10 11 14 1
12 13 0 2 4 5 7 9 10 11 14 1
12 13 0 2 4 5 8 9 10 11 14 1.41421
12 13 0 2 4 6 7 8 9 10 11 0
12 13 0 2 4 6 7 8 9 10 14 1
12 13 0 2 4 6 7 8 9 11 14 0
12 13 0 2 4 6 7 8 10 11 14 0
12 13 0 2 4 6 7 9 10 11 14 1
12 13 0 2 4 6 8 9 10 11 14 1.73205
12 13 0 2 4 7 8 9 10 11 14 0
12 13 0 2 5 6 7 8 9 10 11 0
12 13 0 2 5 6 7 8 9 10 14 1
12 13 0 2 5 6 7 8 9 11 14 1
12 13 0 2 5 6 7 8 10 11 14 0
12 13 0 2 5 6 7 9 10 11 14 1
12 13 0 2 5 6 8 9 10 11 14 1.41421
12 13 0 2 5 7 8 9 10 11 14 0
12 13 0 2 6 7 8 9 10 11 14 1
12 13 0 3 4 5 6 7 8 9 10 1
12 13 0 3 4 5 6 7 8 9 11 1
12 13 0 3 4 5 6 7 8 9 14 1
12 13 0 3 4 5 6 7 8 10 11 1
12 13 0 3 4 5 6 7 8 10 14 1
12 13 0 3 4 5 6 7 8 11 14 1
12 13 0 3 4 5 6 7 9 10 11 1.41421
12 13 0 3 4 5 6 7 9 10 14 1.41421
12 13 0 3 4 5 6 7 9 11 14 1.62019
12 13 0 3 4 5 6 7 10 11 14 1.41421
12 13 0 3 4 5 6 8 9 10 11 1.41421
12 13 0 3 4 5 6 8 9 10 14 1.41421
12 13 0 3 4 5 6 8 9 11 14 1.41421
12 13 0 3 4 5 6 8 10 11 14 1.41421
12 13 0 3 4 5 6 9 10 11 14 1.73205
12 13 0 3 4 5 7 8 9 10 11 1
12 13 0 3 4 5 7 8 9 10 14 1
12 13 0 3 4 5 7 8 9 11 14 1
12 13 0 3 4 5 7 8 10 11 14 1
12 13 0 3 4 5 7 9 10 11 14 1.41421
12 13 0 3 4 5 8 9 10 11 14 1.41421
12 13 0 3 4 6 7 8 9 10 11 1.41421
12 13 0 3 4 6 7 8 9 10 14 1.41421
12 13 0 3 4 6 7 8 9 11 14 1.41421
12 13 0 3 4 6 7 8 10 11 14 1.41421
12 13 0 3 4 6 7 9 10 11 14 1.62019
12 13 0 3 4 6 8 9 10 11 14 2
12 13 0 3 4 7 8 9 10 11 14 1.41421
12 13 0 3 5 6 7 8 9 10 11 1
12 13 0 3 5 6 7 8 9 10 14 1
12 13 0 3 5 6 7 8 9 11 14 1
12 13 0 3 5 6 7 8 10 11 14 1
12 13 0 3 5 6 7 9 10 11 14 1.41421
12 13 0 3 5 6 8 9 10 11 14 1.41421
12 13 0 3 5 7 8 9 10 11 14 1
12 13 0 3 6 7 8 9 10 11 14 1.62019
12 13 0 4 5 6 7 8 9 10 11 1.41421
12 13 0 4 5 6 7 8 9 10 14 1.62019
12 13 0 4 5 6 7 8 9 11 14 1.41421
12 13 0 4 5 6 7 8 10 11 14 1.41421
12 13 0 4 5 6 7 9 10 11 14 1.62019
12 13 0 4 5 6 8 9 10 11 14 2
12 13 0 4 5 7 8 9 10 11 14 1.41421
12 13 0 4 6 7 8 9 10 11 14 1.73205
12 13 0 5 6 7 8 9 10 11 14 1.41421
12 13 1 2 3 4 5 6 7 8 9 1
12 13 1 2 3 4 5 6 7 8 10 0
12 13 1 2 3 4 5 6 7 8 11 1
12 13 1 2 3 4 5 6 7 8 14 0
12 13 1 2 3 4 5 6 7 9 10 0
12 13 1 2 3 4 5 6 7 9 11 1.41421
12 13 1 2 3 4 5 6 7 9 14 1
12 13 1 2 3 4 5 6 7 10 11 0
12 13 1 2 3 4 5 6 7 10 14 0
12 13 1 2 3 4 5 6 7 11 14 1
12 13 1 2 3 4 5 6 8 9 10 0
12 13 1 2 3 4 5 6 8 9 11 1
12 13 1 2 3 4 5 6 8 9 14 0
12 13 1 2 3 4 5 6 8 10 11 0
12 13 1 2 3 4 5 6 8 10 14 0
12 13 1 2 3 4 5 6 8 11 14 0
12 13 1 2 3 4 5 6 9 10 11 0
12 13 1 2 3 4 5 6 9 10 14 0
12 13 1 2 3 4 5 6 9 11 14 1
12 13 1 2 3 4 5 6 10 11 14 0
12 13 1 2 3 4 5 7 8 9 10 1
12 13 1 2 3 4 5 7 8 9 11 1
12 13 1 2 3 4 5 7 8 9 14 1
12 13 1 2 3 4 5 7 8 10 11 1
12 13 1 2 3 4 5 7 8 10 14 1.41421
12 13 1 2 3 4 5 7 8 11 14 1
12 13 1 2 3 4 5 7 9 10 11 0
12 13 1 2 3 4 5 7 9 10 14 1
12 13 1 2 3 4 5 7 9 11 14 1
12 13 1 2 3 4 5 7 10 11 14 1
12 13 1 2 3 4 5 8 9 10 11 0
12 13 1 2 3 4 5 8 9 10 14 1
12 13 1 2 3 4 5 8 9 11 14 0
12 13 1 2 3 4 5 8 10 11 14 1
12 13 1 2 3 4 5 9 10 11 14 0
12 13 1 2 3 4 6 7 8 9 10 0
12 13 1 2 3 4 6 7 8 9 11 1
12 13 1 2 3 4 6 7 8 9 14 0
12 13 1 2 3 4 6 7 8 10 11 0
12 13 1 2 3 4 6 7 8 10 14 0
12 13 1 2 3 4 6 7 8 11 14 0
12 13 1 2 3 4 6 7 9 10 11 0
12 13 1 2 3 4 6 7 9 10 14 0
12 13 1 2 3 4 6 7 9 11 14 1
12 13 1 2 3 4 6 7 10 11 14 0
12 13 1 2 3 4 6 8 9 10 11 1
12 13 1 2 3 4 6 8 9 10 14 1
12 13 1 2 3 4 6 8 9 11 14 1
12 13 1 2 3 4 6 8 10 11 14 1
12 13 1 2 3 4 6 9 10 11 14 1
12 13 1 2 3 4 7 8 9 10 11 0
12 13 1 2 3 4 7 8 9 10 14 1
12 13 1 2 3 4 7 8 9 11 14 0
12 13 1 2 3 4 7 8 10 11 14 1
12 13 1 2 3 4 7 9 10 11 14 0
12 13 1 2 3 4 8 9 10 11 14 1
12 13 1 2 3 5 6 7 8 9 10 0
12 13 1 2 3 5 6 7 8 9 11 1.41421
12 13 1 2 3 5 6 7 8 9 14 1
12 13 1 2 3 5 6 7 8 10 11 0
12 13 1 2 3 5 6 7 8 10 14 0
12 13 1 2 3 5 6 7 8 11 14 1
12 13 1 2 3 5 6 7 9 10 11 0
12 13 1 2 3 5 6 7 9 10 14 0
12 13 1 2 3 5 6 7 9 11 14 1.41421
12 13 1 2 3 5 6 7 10 11 14 0
12 13 1 2 3 5 6 8 9 10 11 0
12 13 1 2 3 5 6 8 9 10 14 0
12 13 1 2 3 5 6 8 9 11 14 1
12 13 1 2 3 5 6 8 10 11 14 0
12 13 1 2 3 5 6 9 10 11 14 0
12 13 1 2 3 5 7 8 9 10 11 0
12 13 1 2 3 5 7 8 9 10 14 1
12 13 1 2 3 5 7 8 9 11 14 1
12 13 1 2 3 5 7 8 10 11 14 1
12 13 1 2 3 5 7 9 10 11 14 0
12 13 1 2 3 5 8 9 10 11 14 0
12 13 1 2 3 6 7 8 9 10 11 1
12 13 1 2 3 6 7 8 9 10 14 1
12 13 1 2 3 6 7 8 9 11 14 1.41421
12 13 1 2 3 6 7 8 10 11 14 1
12 13 1 2 3 6 7 9 10 11 14 1
12 13 1 2 3 6 8 9 10 11 14 1.41421
12 13 1 2 3 7 8 9 10 11 14 1
12 13 1 2 4 5 6 7 8 9 10 1
12 13 1 2 4 5 6 7 8 9 11 1
12 13 1 2 4 5 6 7 8 9 14 1
12 13 1 2 4 5 6 7 8 10 11 0
12 13 1 2 4 5 6 7 8 10 14 1
12 13 1 2 4 5 6 7 8 11 14 0
12 13 1 2 4 5 6 7 9 10 11 0
12 13 1 2 4 5 6 7 9 10 14 1
12 13 1 2 4 5 6 7 9 11 14 1
12 13 1 2 4 5 6 7 10 11 14 0
12 13 1 2 4 5 6 8 9 10 11 1
12 13 1 2 4 5 6 8 9 10 14 1.41421
12 13 1 2 4 5 6 8 9 11 14 1
12 13 1 2 4 5 6 8 10 11 14 1
12 13 1 2 4 5 6 9 10 11 14 1
12 13 1 2 4 5 7 8 9 10 11 0
12 13 1 2 4 5 7 8 9 10 14 1.41421
12 13 1 2 4 5 7 8 9 11 14 0
12 13 1 2 4 5 7 8 10 11 14 1
12 13 1 2 4 5 7 9 10 11 14 0
12 13 1 2 4 5 8 9 10 11 14 1
12 13 1 2 4 6 7 8 9 10 11 0
12 13 1 2 4 6 7 8 9 10 14 1
12 13 1 2 4 6 7 8 9 11 14 0
12 13 1 2 4 6 7 8 10 11 14 0
12 13 1 2 4 6 7 9 10 11 14 0
12 13 1 2 4 6 8 9 10 11 14 1.41421
12 13 1 2 4 7 8 9 10 11 14 0
12 13 1 2 5 6 7 8 9 10 11 0
12 13 1 2 5 6 7 8 9 10 14 1
12 13 1 2 5 6 7 8 9 11 14 1
12 13 1 2 5 6 7 8 10 11 14 0
12 13 1 2 5 6 7 9 10 11 14 0
12 13 1 2 5 6 8 9 10 11 14 1
12 13 1 2 5 7 8 9 10 11 14 0
12 13 1 2 6 7 8 9 10 11 14 1
12 13 1 3 4 5 6 7 8 9 10 0
12 13 1 3 4 5 6 7 8 9 11 1
12 13 1 3 4 5 6 7 8 9 14 0
12 13 1 3 4 5 6 7 8 10 11 0
12 13 1 3 4 5 6 7 8 10 14 0
12 13 1 3 4 5 6 7 8 11 14 0
12 13 1 3 4 5 6 7 9 10 11 0
12 13 1 3 4 5 6 7 9 10 14 0
12 13 1 3 4 5 6 7 9 11 14 1
12 13 1 3 4 5 6 7 10 11 14 0
12 13 1 3 4 5 6 8 9 10 11 0
12 13 1 3 4 5 6 8 9 10 14 0
12 13 1 3 4 5 6 8 9 11 14 0
12 13 1 3 4 5 6 8 10 11 14 0
12 13 1 3 4 5 6 9 10 11 14 0
12 13 1 3 4 5 7 8 9 10 11 0
12 13 1 3 4 5 7 8 9 10 14 1
12 13 1 3 4 5 7 8 9 11 14 0
12 13 1 3 4 5 7 8 10 11 14 1
12 13 1 3 4 5 7 9 10 11 14 0
12 13 1 3 4 5 8 9 10 11 14 0
12 13 1 3 4 6 7 8 9 10 11 1
12 13 1 3 4 6 7 8 9 10 14 1
12 13 1 3 4 6 7 8 9 11 14 1
12 13 1 3 4 6 7 8 10 11 14 1
12 13 1 3 4 6 7 9 10 11 14 1
12 13 1 3 4 6 8 9 10 11 14 1.41421
12 13 1 3 4 7 8 9 10 11 14 1
12 13 1 3 5 6 7 8 9 10 11 0
12 13 1 3 5 6 7 8 9 10 14 0
12 13 1 3 5 6 7 8 9 11 14 1
12 13 1 3 5 6 7 8 10 11 14 0
12 13 1 3 5 6 7 9 10 11 14 0
12 13 1 3 5 6 8 9 10 11 14 0
12 13 1 3 5 7 8 9 10 11 14 0
12 13 1 3 6 7 8 9 10 11 14 1.41421
12 13 1 4 5 6 7 8 9 10 11 1
12 13 1 4 5 6 7 8 9 10 14 1.41421
12 13 1 4 5 6 7 8 9 11 14 1
12 13 1 4 5 6 7 8 10 11 14 1
12 13 1 4 5 6 7 9 10 11 14 1
12 13 1 4 5 6 8 9 10 11 14 1.41421
12 13 1 4 5 7 8 9 10 11 14 1
12 13 1 4 6 7 8 9 10 11 14 1.41421
12 13 1 5 6 7 8 9 10 11 14 1
12 13 2 3 4 5 6 7 8 9 10 0
12 13 2 3 4 5 6 7 8 9 11 1
12 13 2 3 4 5 6 7 8 9 14 0
12 13 2 3 4 5 6 7 8 10 11 0
12 13 2 3 4 5 6 7 8 10 14 0
12 13 2 3 4 5 6 7 8 11 14 0
12 13 2 3 4 5 6 7 9 10 11 1
12 13 2 3 4 5 6 7 9 10 14 1
12 13 2 3 4 5 6 7 9 11 14 1.41421
12 13 2 3 4 5 6 7 10 11 14 1
12 13 2 3 4 5 6 8 9 10 11 1
12 13 2 3 4 5 6 8 9 10 14 1
12 13 2 3 4 5 6 8 9 11 14 1
12 13 2 3 4 5 6 8 10 11 14 1
12 13 2 3 4 5 6 9 10 11 14 1.41421
12 13 2 3 4 5 7 8 9 10 11 0
12 13 2 3 4 5 7 8 9 10 14 1
12 13 2 3 4 5 7 8 9 11 14 0
12 13 2 3 4 5 7 8 10 11 14 1
12 13 2 3 4 5 7 9 10 11 14 1
12 13 2 3 4 5 8 9 10 11 14 1
12 13 2 3 4 6 7 8 9 10 11 0
12 13 2 3 4 6 7 8 9 10 14 0
12 13 2 3 4 6 7 8 9 11 14 0
12 13 2 3 4 6 7 8 10 11 14 0
12 13 2 3 4 6 7 9 10 11 14 1
12 13 2 3 4 6 8 9 10 11 14 1.41421
12 13 2 3 4 7 8 9 10 11 14 0
12 13 2 3 5 6 7 8 9 10 11 0
12 13 2 3 5 6 7 8 9 10 14 0
12 13 2 3 5 6 7 8 9 11 14 1
12 13 2 3 5 6 7 8 10 11 14 0
12 13 2 3 5 6 7 9 10 11 14 1
12 13 2 3 5 6 8 9 10 11 14 1
12 13 2 3 5 7 8 9 10 11 14 0
12 13 2 3 6 7 8 9 10 11 14 1
12 13 2 4 5 6 7 8 9 10 11 0
12 13 2 4 5 6 7 8 9 10 14 1
12 13 2 4 5 6 7 8 9 11 14 0
12 13 2 4 5 6 7 8 10 11 14 0
12 13 2 4 5 6 7 9 10 11 14 1
12 13 2 4 5 6 8 9 10 11 14 1.41421
12 13 2 4 5 7 8 9 10 11 14 0
12 13 2 4 6 7 8 9 10 11 14 0
12 13 2 5 6 7 8 9 10 11 14 0
12 13 3 4 5 6 7 8 9 10 11 1
12 13 3 4 5 6 7 8 9 10 14 1
12 13 3 4 5 6 7 8 9 11 14 1
12 13 3 4 5 6 7 8 10 11 14 1
12 13 3 4 5 6 7 9 10 11 14 1.41421
12 13 3 4 5 6 8 9 10 11 14 1.41421
12 13 3 4 5 7 8 9 10 11 14 1
12 13 3 4 6 7 8 9 10 11 14 1.41421
12 13 3 5 6 7 8 9 10 11 14 1
12 13 4 5 6 7 8 9 10 11 14 1.41421
