8 14 0 1 2 2
8 14 0 1 3 1.85164
8 14 0 1 4 2.19089
8 14 0 1 5 1.90693
8 14 0 1 6 2.26385
8 14 0 1 7 2
8 14 0 1 9 2.3094
8 14 0 1 10 2.28446
8 14 0 1 11 2.16025
8 14 0 1 12 2.3094
8 14 0 1 13 2.3094
8 14 0 2 3 1.93309
8 14 0 2 4 2.09069
8 14 0 2 5 1.96214
8 14 0 2 6 2.12132
8 14 0 2 7 1.62019
8 14 0 2 9 2.1391
8 14 0 2 10 2.1391
8 14 0 2 11 2.08167
8 14 0 2 12 2.08167
8 14 0 2 13 2.08167
8 14 0 3 4 2.28709
8 14 0 3 5 2
8 14 0 3 6 2.37697
8 14 0 3 7 1.93309
8 14 0 3 9 2.37697
8 14 0 3 10 2.35488
8 14 0 3 11 2.37697
8 14 0 3 12 2.26385
8 14 0 3 13 2.26385
8 14 0 4 5 2.389
8 14 0 4 6 2.66231
8 14 0 4 7 2.09069
8 14 0 4 9 2.67435
8 14 0 4 10 2.68408
8 14 0 4 11 2.61406
8 14 0 4 12 2.64575
8 14 0 4 13 2.64575
8 14 0 5 6 2.35488
8 14 0 5 7 1.96214
8 14 0 5 9 2.37697
8 14 0 5 10 2.389
8 14 0 5 11 2.28709
8 14 0 5 12 2.28446
8 14 0 5 13 2.28446
8 14 0 6 7 2.12132
8 14 0 6 9 2.72172
8 14 0 6 10 2.71163
8 14 0 6 11 2.67435
8 14 0 6 12 2.66288
8 14 0 6 13 2.66288
8 14 0 7 9 2.1391
8 14 0 7 10 2.1391
8 14 0 7 11 2.08167
8 14 0 7 12 2.08167
8 14 0 7 13 2.08167
8 14 0 9 10 2.72172
8 14 0 9 11 2.67435
8 14 0 9 12 2.67842
8 14 0 9 13 2.67842
8 14 0 10 11 2.66231
8 14 0 10 12 2.65417
8 14 0 10 13 2.65417
8 14 0 11 12 2.60419
8 14 0 11 13 2.60419
8 14 0 12 13 2.62912
8 14 1 2 3 1.62019
8 14 1 2 4 1.81265
8 14 1 2 5 1.73205
8 14 1 2 6 1.81265
8 14 1 2 7 1.62019
8 14 1 2 9 2
8 14 1 2 10 2
8 14 1 2 11 1.73205
8 14 1 2 12 2
8 14 1 2 13 2
8 14 1 3 4 1.41421
8 14 1 3 5 1.41421
8 14 1 3 6 1.85164
8 14 1 3 7 1.62019
8 14 1 3 9 1.85164
8 14 1 3 10 1.73205
8 14 1 3 11 1.85164
8 14 1 3 12 1.85164
8 14 1 3 13 1.85164
8 14 1 4 5 1.90693
8 14 1 4 6 2.13664
8 14 1 4 7 1.81265
8 14 1 4 9 2.16025
8 14 1 4 10 2.19089
8 14 1 4 11 2
8 14 1 4 12 2.19089
8 14 1 4 13 2.19089
8 14 1 5 6 1.73205
8 14 1 5 7 1.73205
8 14 1 5 9 1.85164
8 14 1 5 10 1.90693
8 14 1 5 11 1.41421
8 14 1 5 12 1.90693
8 14 1 5 13 1.90693
8 14 1 6 7 1.81265
8 14 1 6 9 2.26385
8 14 1 6 10 2.23607
8 14 1 6 11 2.16025
8 14 1 6 12 2.26385
8 14 1 6 13 2.26385
8 14 1 7 9 2
8 14 1 7 10 2
8 14 1 7 11 1.73205
8 14 1 7 12 2
8 14 1 7 13 2
8 14 1 9 10 2.26385
8 14 1 9 11 2.16025
8 14 1 9 12 2.3094
8 14 1 9 13 2.3094
8 14 1 10 11 2.13664
8 14 1 10 12 2.28446
8 14 1 10 13 2.28446
8 14 1 11 12 2.16025
8 14 1 11 13 2.16025
8 14 1 12 13 2.3094
8 14 2 3 4 1.93309
8 14 2 3 5 1.85164
8 14 2 3 6 2
8 14 2 3 7 1.62019
8 14 2 3 9 2
8 14 2 3 10 2
8 14 2 3 11 2
8 14 2 3 12 2
8 14 2 3 13 1.81265
8 14 2 4 5 2.02367
8 14 2 4 6 2.09938
8 14 2 4 7 1.62019
8 14 2 4 9 2.16025
8 14 2 4 10 2.14154
8 14 2 4 11 2.04939
8 14 2 4 12 2.04495
8 14 2 4 13 2
8 14 2 5 6 2
8 14 2 5 7 1.62019
8 14 2 5 9 2
8 14 2 5 10 2.02367
8 14 2 5 11 1.93309
8 14 2 5 12 2
8 14 2 5 13 2
8 14 2 6 7 1.62019
8 14 2 6 9 2.15322
8 14 2 6 10 2.13809
8 14 2 6 11 2.16025
8 14 2 6 12 2.05751
8 14 2 6 13 2.0381
8 14 2 7 9 1.62019
8 14 2 7 10 1.62019
8 14 2 7 11 1.62019
8 14 2 7 12 1.62019
8 14 2 7 13 1.62019
8 14 2 9 10 2.15322
8 14 2 9 11 2.16025
8 14 2 9 12 2.07802
8 14 2 9 13 2.05751
8 14 2 10 11 2.09938
8 14 2 10 12 2.08167
8 14 2 10 13 2.08167
8 14 2 11 12 2.01187
8 14 2 11 13 2
8 14 2 12 13 2.04495
8 14 3 4 5 2.07802
8 14 3 4 6 2.32266
8 14 3 4 7 1.93309
8 14 3 4 9 2.32266
8 14 3 4 10 2.32266
8 14 3 4 11 2.32266
8 14 3 4 12 2.16025
8 14 3 4 13 2.13664
8 14 3 5 6 2.07802
8 14 3 5 7 1.85164
8 14 3 5 9 2.07802
8 14 3 5 10 2.07802
8 14 3 5 11 2.07802
8 14 3 5 12 1.85164
8 14 3 5 13 1.73205
8 14 3 6 7 2
8 14 3 6 9 2.40662
8 14 3 6 10 2.39046
8 14 3 6 11 2.40662
8 14 3 6 12 2.3094
8 14 3 6 13 2.26385
8 14 3 7 9 2
8 14 3 7 10 2
8 14 3 7 11 2
8 14 3 7 12 2
8 14 3 7 13 1.81265
8 14 3 9 10 2.39046
8 14 3 9 11 2.40662
8 14 3 9 12 2.3094
8 14 3 9 13 2.26385
8 14 3 10 11 2.39046
8 14 3 10 12 2.26385
8 14 3 10 13 2.23607
8 14 3 11 12 2.3094
8 14 3 11 13 2.26385
8 14 3 12 13 2.16025
8 14 4 5 6 2.39046
8 14 4 5 7 2.02367
8 14 4 5 9 2.40662
8 14 4 5 10 2.42507
8 14 4 5 11 2.32266
8 14 4 5 12 2.3094
8 14 4 5 13 2.28446
8 14 4 6 7 2.09938
8 14 4 6 9 2.68164
8 14 4 6 10 2.68164
8 14 4 6 11 2.62216
8 14 4 6 12 2.60419
8 14 4 6 13 2.58844
8 14 4 7 9 2.16025
8 14 4 7 10 2.14154
8 14 4 7 11 2.04939
8 14 4 7 12 2.04495
8 14 4 7 13 2
8 14 4 9 10 2.69077
8 14 4 9 11 2.62216
8 14 4 9 12 2.61861
8 14 4 9 13 2.60419
8 14 4 10 11 2.62216
8 14 4 10 12 2.62912
8 14 4 10 13 2.64575
8 14 4 11 12 2.53722
8 14 4 11 13 2.52543
8 14 4 12 13 2.53899
8 14 5 6 7 2
8 14 5 6 9 2.39046
8 14 5 6 10 2.39046
8 14 5 6 11 2.32266
8 14 5 6 12 2.26385
8 14 5 6 13 2.23607
8 14 5 7 9 2
8 14 5 7 10 2.02367
8 14 5 7 11 1.93309
8 14 5 7 12 2
8 14 5 7 13 2
8 14 5 9 10 2.40662
8 14 5 9 11 2.32266
8 14 5 9 12 2.3094
8 14 5 9 13 2.26385
8 14 5 10 11 2.32266
8 14 5 10 12 2.3094
8 14 5 10 13 2.28446
8 14 5 11 12 2.16025
8 14 5 11 13 2.13664
8 14 5 12 13 2.19089
8 14 6 7 9 2.15322
8 14 6 7 10 2.13809
8 14 6 7 11 2.16025
8 14 6 7 12 2.05751
8 14 6 7 13 2.0381
8 14 6 9 10 2.72185
8 14 6 9 11 2.69077
8 14 6 9 12 2.67842
8 14 6 9 13 2.66288
8 14 6 10 11 2.68164
8 14 6 10 12 2.66288
8 14 6 10 13 2.64575
8 14 6 11 12 2.61861
8 14 6 11 13 2.60419
8 14 6 12 13 2.60419
8 14 7 9 10 2.15322
8 14 7 9 11 2.16025
8 14 7 9 12 2.07802
8 14 7 9 13 2.05751
8 14 7 10 11 2.09938
8 14 7 10 12 2.08167
8 14 7 10 13 2.08167
8 14 7 11 12 2.01187
8 14 7 11 13 2
8 14 7 12 13 2.04495
8 14 9 10 11 2.68164
8 14 9 10 12 2.67842
8 14 9 10 13 2.66288
8 14 9 11 12 2.61861
8 14 9 11 13 2.60419
8 14 9 12 13 2.61861
8 14 10 11 12 2.60419
8 14 10 11 13 2.58844
8 14 10 12 13 2.64575
8 14 11 12 13 2.53722
