8 14 0 1 2 3 4 5 6 7 0
8 14 0 1 2 3 4 5 6 9 0
8 14 0 1 2 3 4 5 6 10 0
8 14 0 1 2 3 4 5 6 11 0
8 14 0 1 2 3 4 5 6 12 0
8 14 0 1 2 3 4 5 6 13 0
8 14 0 1 2 3 4 5 7 9 1
8 14 0 1 2 3 4 5 7 10 1.41421
8 14 0 1 2 3 4 5 7 11 1
8 14 0 1 2 3 4 5 7 12 1.41421
8 14 0 1 2 3 4 5 7 13 1.41421
8 14 0 1 2 3 4 5 9 10 1
8 14 0 1 2 3 4 5 9 11 0
8 14 0 1 2 3 4 5 9 12 1
8 14 0 1 2 3 4 5 9 13 1
8 14 0 1 2 3 4 5 10 11 1
8 14 0 1 2 3 4 5 10 12 1.41421
8 14 0 1 2 3 4 5 10 13 1.41421
8 14 0 1 2 3 4 5 11 12 1
8 14 0 1 2 3 4 5 11 13 1
8 14 0 1 2 3 4 5 12 13 1.41421
8 14 0 1 2 3 4 6 7 9 0
8 14 0 1 2 3 4 6 7 10 0
8 14 0 1 2 3 4 6 7 11 0
8 14 0 1 2 3 4 6 7 12 0
8 14 0 1 2 3 4 6 7 13 0
8 14 0 1 2 3 4 6 9 10 1
8 14 0 1 2 3 4 6 9 11 1
8 14 0 1 2 3 4 6 9 12 1
8 14 0 1 2 3 4 6 9 13 1
8 14 0 1 2 3 4 6 10 11 1
8 14 0 1 2 3 4 6 10 12 1
8 14 0 1 2 3 4 6 10 13 1
8 14 0 1 2 3 4 6 11 12 1
8 14 0 1 2 3 4 6 11 13 1
8 14 0 1 2 3 4 6 12 13 1
8 14 0 1 2 3 4 7 9 10 1
8 14 0 1 2 3 4 7 9 11 0
8 14 0 1 2 3 4 7 9 12 1
8 14 0 1 2 3 4 7 9 13 1
8 14 0 1 2 3 4 7 10 11 1
8 14 0 1 2 3 4 7 10 12 1.41421
8 14 0 1 2 3 4 7 10 13 1.41421
8 14 0 1 2 3 4 7 11 12 1
8 14 0 1 2 3 4 7 11 13 1
8 14 0 1 2 3 4 7 12 13 1.41421
8 14 0 1 2 3 4 9 10 11 1
8 14 0 1 2 3 4 9 10 12 1
8 14 0 1 2 3 4 9 10 13 1
8 14 0 1 2 3 4 9 11 12 1
8 14 0 1 2 3 4 9 11 13 1
8 14 0 1 2 3 4 9 12 13 1
8 14 0 1 2 3 4 10 11 12 1
8 14 0 1 2 3 4 10 11 13 1
8 14 0 1 2 3 4 10 12 13 1.41421
8 14 0 1 2 3 4 11 12 13 1
8 14 0 1 2 3 5 6 7 9 1
8 14 0 1 2 3 5 6 7 10 0
8 14 0 1 2 3 5 6 7 11 1
8 14 0 1 2 3 5 6 7 12 1
8 14 0 1 2 3 5 6 7 13 1
8 14 0 1 2 3 5 6 9 10 0
8 14 0 1 2 3 5 6 9 11 1
8 14 0 1 2 3 5 6 9 12 1
8 14 0 1 2 3 5 6 9 13 1
8 14 0 1 2 3 5 6 10 11 0
8 14 0 1 2 3 5 6 10 12 0
8 14 0 1 2 3 5 6 10 13 0
8 14 0 1 2 3 5 6 11 12 1
8 14 0 1 2 3 5 6 11 13 1
8 14 0 1 2 3 5 6 12 13 1
8 14 0 1 2 3 5 7 9 10 1
8 14 0 1 2 3 5 7 9 11 1
8 14 0 1 2 3 5 7 9 12 1
8 14 0 1 2 3 5 7 9 13 1
8 14 0 1 2 3 5 7 10 11 1
8 14 0 1 2 3 5 7 10 12 1.41421
8 14 0 1 2 3 5 7 10 13 1.41421
8 14 0 1 2 3 5 7 11 12 1
8 14 0 1 2 3 5 7 11 13 1
8 14 0 1 2 3 5 7 12 13 1.41421
8 14 0 1 2 3 5 9 10 11 0
8 14 0 1 2 3 5 9 10 12 1
8 14 0 1 2 3 5 9 10 13 1
8 14 0 1 2 3 5 9 11 12 1
8 14 0 1 2 3 5 9 11 13 1
8 14 0 1 2 3 5 9 12 13 1
8 14 0 1 2 3 5 10 11 12 1
8 14 0 1 2 3 5 10 11 13 1
8 14 0 1 2 3 5 10 12 13 1.41421
8 14 0 1 2 3 5 11 12 13 1
8 14 0 1 2 3 6 7 9 10 1
8 14 0 1 2 3 6 7 9 11 1.41421
8 14 0 1 2 3 6 7 9 12 1.41421
8 14 0 1 2 3 6 7 9 13 1.41421
8 14 0 1 2 3 6 7 10 11 1
8 14 0 1 2 3 6 7 10 12 1
8 14 0 1 2 3 6 7 10 13 1
8 14 0 1 2 3 6 7 11 12 1.41421
8 14 0 1 2 3 6 7 11 13 1.41421
8 14 0 1 2 3 6 7 12 13 1.41421
8 14 0 1 2 3 6 9 10 11 1.41421
8 14 0 1 2 3 6 9 10 12 1.41421
8 14 0 1 2 3 6 9 10 13 1.41421
8 14 0 1 2 3 6 9 11 12 1.62019
8 14 0 1 2 3 6 9 11 13 1.62019
8 14 0 1 2 3 6 9 12 13 1.62019
8 14 0 1 2 3 6 10 11 12 1.41421
8 14 0 1 2 3 6 10 11 13 1.41421
8 14 0 1 2 3 6 10 12 13 1.41421
8 14 0 1 2 3 6 11 12 13 1.62019
8 14 0 1 2 3 7 9 10 11 1
8 14 0 1 2 3 7 9 10 12 1
8 14 0 1 2 3 7 9 10 13 1
8 14 0 1 2 3 7 9 11 12 1.41421
8 14 0 1 2 3 7 9 11 13 1.41421
8 14 0 1 2 3 7 9 12 13 1.41421
8 14 0 1 2 3 7 10 11 12 1
8 14 0 1 2 3 7 10 11 13 1
8 14 0 1 2 3 7 10 12 13 1.41421
8 14 0 1 2 3 7 11 12 13 1.41421
8 14 0 1 2 3 9 10 11 12 1.41421
8 14 0 1 2 3 9 10 11 13 1.41421
8 14 0 1 2 3 9 10 12 13 1.41421
8 14 0 1 2 3 9 11 12 13 1.62019
8 14 0 1 2 3 10 11 12 13 1.41421
8 14 0 1 2 4 5 6 7 9 1
8 14 0 1 2 4 5 6 7 10 1
8 14 0 1 2 4 5 6 7 11 0
8 14 0 1 2 4 5 6 7 12 1
8 14 0 1 2 4 5 6 7 13 1
8 14 0 1 2 4 5 6 9 10 1.41421
8 14 0 1 2 4 5 6 9 11 1
8 14 0 1 2 4 5 6 9 12 1.41421
8 14 0 1 2 4 5 6 9 13 1.41421
8 14 0 1 2 4 5 6 10 11 1
8 14 0 1 2 4 5 6 10 12 1.41421
8 14 0 1 2 4 5 6 10 13 1.41421
8 14 0 1 2 4 5 6 11 12 1
8 14 0 1 2 4 5 6 11 13 1
8 14 0 1 2 4 5 6 12 13 1.41421
8 14 0 1 2 4 5 7 9 10 1.41421
8 14 0 1 2 4 5 7 9 11 0
8 14 0 1 2 4 5 7 9 12 1.41421
8 14 0 1 2 4 5 7 9 13 1.41421
8 14 0 1 2 4 5 7 10 11 1
8 14 0 1 2 4 5 7 10 12 1.62019
8 14 0 1 2 4 5 7 10 13 1.62019
8 14 0 1 2 4 5 7 11 12 1
8 14 0 1 2 4 5 7 11 13 1
8 14 0 1 2 4 5 7 12 13 1.62019
8 14 0 1 2 4 5 9 10 11 1
8 14 0 1 2 4 5 9 10 12 1.62019
8 14 0 1 2 4 5 9 10 13 1.62019
8 14 0 1 2 4 5 9 11 12 1
8 14 0 1 2 4 5 9 11 13 1
8 14 0 1 2 4 5 9 12 13 1.62019
8 14 0 1 2 4 5 10 11 12 1
8 14 0 1 2 4 5 10 11 13 1
8 14 0 1 2 4 5 10 12 13 1.73205
8 14 0 1 2 4 5 11 12 13 1
8 14 0 1 2 4 6 7 9 10 1
8 14 0 1 2 4 6 7 9 11 0
8 14 0 1 2 4 6 7 9 12 1
8 14 0 1 2 4 6 7 9 13 1
8 14 0 1 2 4 6 7 10 11 0
8 14 0 1 2 4 6 7 10 12 1
8 14 0 1 2 4 6 7 10 13 1
8 14 0 1 2 4 6 7 11 12 0
8 14 0 1 2 4 6 7 11 13 0
8 14 0 1 2 4 6 7 12 13 1
8 14 0 1 2 4 6 9 10 11 1.41421
8 14 0 1 2 4 6 9 10 12 1.62019
8 14 0 1 2 4 6 9 10 13 1.62019
8 14 0 1 2 4 6 9 11 12 1.41421
8 14 0 1 2 4 6 9 11 13 1.41421
8 14 0 1 2 4 6 9 12 13 1.62019
8 14 0 1 2 4 6 10 11 12 1.41421
8 14 0 1 2 4 6 10 11 13 1.41421
8 14 0 1 2 4 6 10 12 13 1.62019
8 14 0 1 2 4 6 11 12 13 1.41421
8 14 0 1 2 4 7 9 10 11 0
8 14 0 1 2 4 7 9 10 12 1.41421
8 14 0 1 2 4 7 9 10 13 1.41421
8 14 0 1 2 4 7 9 11 12 0
8 14 0 1 2 4 7 9 11 13 0
8 14 0 1 2 4 7 9 12 13 1.41421
8 14 0 1 2 4 7 10 11 12 1
8 14 0 1 2 4 7 10 11 13 1
8 14 0 1 2 4 7 10 12 13 1.62019
8 14 0 1 2 4 7 11 12 13 1
8 14 0 1 2 4 9 10 11 12 1.41421
8 14 0 1 2 4 9 10 11 13 1.41421
8 14 0 1 2 4 9 10 12 13 1.73205
8 14 0 1 2 4 9 11 12 13 1.41421
8 14 0 1 2 4 10 11 12 13 1.41421
8 14 0 1 2 5 6 7 9 10 1
8 14 0 1 2 5 6 7 9 11 1
8 14 0 1 2 5 6 7 9 12 1
8 14 0 1 2 5 6 7 9 13 1
8 14 0 1 2 5 6 7 10 11 0
8 14 0 1 2 5 6 7 10 12 1
8 14 0 1 2 5 6 7 10 13 1
8 14 0 1 2 5 6 7 11 12 1
8 14 0 1 2 5 6 7 11 13 1
8 14 0 1 2 5 6 7 12 13 1
8 14 0 1 2 5 6 9 10 11 1
8 14 0 1 2 5 6 9 10 12 1.41421
8 14 0 1 2 5 6 9 10 13 1.41421
8 14 0 1 2 5 6 9 11 12 1
8 14 0 1 2 5 6 9 11 13 1
8 14 0 1 2 5 6 9 12 13 1.41421
8 14 0 1 2 5 6 10 11 12 1
8 14 0 1 2 5 6 10 11 13 1
8 14 0 1 2 5 6 10 12 13 1.41421
8 14 0 1 2 5 6 11 12 13 1
8 14 0 1 2 5 7 9 10 11 0
8 14 0 1 2 5 7 9 10 12 1.41421
8 14 0 1 2 5 7 9 10 13 1.41421
8 14 0 1 2 5 7 9 11 12 1
8 14 0 1 2 5 7 9 11 13 1
8 14 0 1 2 5 7 9 12 13 1.41421
8 14 0 1 2 5 7 10 11 12 1
8 14 0 1 2 5 7 10 11 13 1
8 14 0 1 2 5 7 10 12 13 1.62019
8 14 0 1 2 5 7 11 12 13 1
8 14 0 1 2 5 9 10 11 12 1
8 14 0 1 2 5 9 10 11 13 1
8 14 0 1 2 5 9 10 12 13 1.62019
8 14 0 1 2 5 9 11 12 13 1
8 14 0 1 2 5 10 11 12 13 1
8 14 0 1 2 6 7 9 10 11 1
8 14 0 1 2 6 7 9 10 12 1
8 14 0 1 2 6 7 9 10 13 1
8 14 0 1 2 6 7 9 11 12 1.41421
8 14 0 1 2 6 7 9 11 13 1.41421
8 14 0 1 2 6 7 9 12 13 1.41421
8 14 0 1 2 6 7 10 11 12 1
8 14 0 1 2 6 7 10 11 13 1
8 14 0 1 2 6 7 10 12 13 1
8 14 0 1 2 6 7 11 12 13 1.41421
8 14 0 1 2 6 9 10 11 12 1.62019
8 14 0 1 2 6 9 10 11 13 1.62019
8 14 0 1 2 6 9 10 12 13 1.73205
8 14 0 1 2 6 9 11 12 13 1.73205
8 14 0 1 2 6 10 11 12 13 1.62019
8 14 0 1 2 7 9 10 11 12 1
8 14 0 1 2 7 9 10 11 13 1
8 14 0 1 2 7 9 10 12 13 1.41421
8 14 0 1 2 7 9 11 12 13 1.41421
8 14 0 1 2 7 10 11 12 13 1
8 14 0 1 2 9 10 11 12 13 1.62019
8 14 0 1 3 4 5 6 7 9 0
8 14 0 1 3 4 5 6 7 10 0
8 14 0 1 3 4 5 6 7 11 0
8 14 0 1 3 4 5 6 7 12 0
8 14 0 1 3 4 5 6 7 13 0
8 14 0 1 3 4 5 6 9 10 0
8 14 0 1 3 4 5 6 9 11 0
8 14 0 1 3 4 5 6 9 12 0
8 14 0 1 3 4 5 6 9 13 0
8 14 0 1 3 4 5 6 10 11 0
8 14 0 1 3 4 5 6 10 12 0
8 14 0 1 3 4 5 6 10 13 0
8 14 0 1 3 4 5 6 11 12 0
8 14 0 1 3 4 5 6 11 13 0
8 14 0 1 3 4 5 6 12 13 0
8 14 0 1 3 4 5 7 9 10 1
8 14 0 1 3 4 5 7 9 11 0
8 14 0 1 3 4 5 7 9 12 1
8 14 0 1 3 4 5 7 9 13 1
8 14 0 1 3 4 5 7 10 11 1
8 14 0 1 3 4 5 7 10 12 1.41421
8 14 0 1 3 4 5 7 10 13 1.41421
8 14 0 1 3 4 5 7 11 12 1
8 14 0 1 3 4 5 7 11 13 1
8 14 0 1 3 4 5 7 12 13 1.41421
8 14 0 1 3 4 5 9 10 11 0
8 14 0 1 3 4 5 9 10 12 1
8 14 0 1 3 4 5 9 10 13 1
8 14 0 1 3 4 5 9 11 12 0
8 14 0 1 3 4 5 9 11 13 0
8 14 0 1 3 4 5 9 12 13 1
8 14 0 1 3 4 5 10 11 12 1
8 14 0 1 3 4 5 10 11 13 1
8 14 0 1 3 4 5 10 12 13 1.41421
8 14 0 1 3 4 5 11 12 13 1
8 14 0 1 3 4 6 7 9 10 1
8 14 0 1 3 4 6 7 9 11 1
8 14 0 1 3 4 6 7 9 12 1
8 14 0 1 3 4 6 7 9 13 1
8 14 0 1 3 4 6 7 10 11 1
8 14 0 1 3 4 6 7 10 12 1
8 14 0 1 3 4 6 7 10 13 1
8 14 0 1 3 4 6 7 11 12 1
8 14 0 1 3 4 6 7 11 13 1
8 14 0 1 3 4 6 7 12 13 1
8 14 0 1 3 4 6 9 10 11 1.41421
8 14 0 1 3 4 6 9 10 12 1.41421
8 14 0 1 3 4 6 9 10 13 1.41421
8 14 0 1 3 4 6 9 11 12 1.41421
8 14 0 1 3 4 6 9 11 13 1.41421
8 14 0 1 3 4 6 9 12 13 1.41421
8 14 0 1 3 4 6 10 11 12 1.41421
8 14 0 1 3 4 6 10 11 13 1.41421
8 14 0 1 3 4 6 10 12 13 1.41421
8 14 0 1 3 4 6 11 12 13 1.41421
8 14 0 1 3 4 7 9 10 11 1
8 14 0 1 3 4 7 9 10 12 1
8 14 0 1 3 4 7 9 10 13 1
8 14 0 1 3 4 7 9 11 12 1
8 14 0 1 3 4 7 9 11 13 1
8 14 0 1 3 4 7 9 12 13 1
8 14 0 1 3 4 7 10 11 12 1
8 14 0 1 3 4 7 10 11 13 1
8 14 0 1 3 4 7 10 12 13 1.41421
8 14 0 1 3 4 7 11 12 13 1
8 14 0 1 3 4 9 10 11 12 1.41421
8 14 0 1 3 4 9 10 11 13 1.41421
8 14 0 1 3 4 9 10 12 13 1.41421
8 14 0 1 3 4 9 11 12 13 1.41421
8 14 0 1 3 4 10 11 12 13 1.41421
8 14 0 1 3 5 6 7 9 10 0
8 14 0 1 3 5 6 7 9 11 1
8 14 0 1 3 5 6 7 9 12 1
8 14 0 1 3 5 6 7 9 13 1
8 14 0 1 3 5 6 7 10 11 0
8 14 0 1 3 5 6 7 10 12 0
8 14 0 1 3 5 6 7 10 13 0
8 14 0 1 3 5 6 7 11 12 1
8 14 0 1 3 5 6 7 11 13 1
8 14 0 1 3 5 6 7 12 13 1
8 14 0 1 3 5 6 9 10 11 0
8 14 0 1 3 5 6 9 10 12 0
8 14 0 1 3 5 6 9 10 13 0
8 14 0 1 3 5 6 9 11 12 1
8 14 0 1 3 5 6 9 11 13 1
8 14 0 1 3 5 6 9 12 13 1
8 14 0 1 3 5 6 10 11 12 0
8 14 0 1 3 5 6 10 11 13 0
8 14 0 1 3 5 6 10 12 13 0
8 14 0 1 3 5 6 11 12 13 1
8 14 0 1 3 5 7 9 10 11 0
8 14 0 1 3 5 7 9 10 12 1
8 14 0 1 3 5 7 9 10 13 1
8 14 0 1 3 5 7 9 11 12 1
8 14 0 1 3 5 7 9 11 13 1
8 14 0 1 3 5 7 9 12 13 1
8 14 0 1 3 5 7 10 11 12 1
8 14 0 1 3 5 7 10 11 13 1
8 14 0 1 3 5 7 10 12 13 1.41421
8 14 0 1 3 5 7 11 12 13 1
8 14 0 1 3 5 9 10 11 12 0
8 14 0 1 3 5 9 10 11 13 0
8 14 0 1 3 5 9 10 12 13 1
8 14 0 1 3 5 9 11 12 13 1
8 14 0 1 3 5 10 11 12 13 1
8 14 0 1 3 6 7 9 10 11 1.41421
8 14 0 1 3 6 7 9 10 12 1.41421
8 14 0 1 3 6 7 9 10 13 1.41421
8 14 0 1 3 6 7 9 11 12 1.62019
8 14 0 1 3 6 7 9 11 13 1.62019
8 14 0 1 3 6 7 9 12 13 1.62019
8 14 0 1 3 6 7 10 11 12 1.41421
8 14 0 1 3 6 7 10 11 13 1.41421
8 14 0 1 3 6 7 10 12 13 1.41421
8 14 0 1 3 6 7 11 12 13 1.62019
8 14 0 1 3 6 9 10 11 12 1.73205
8 14 0 1 3 6 9 10 11 13 1.73205
8 14 0 1 3 6 9 10 12 13 1.73205
8 14 0 1 3 6 9 11 12 13 1.85164
8 14 0 1 3 6 10 11 12 13 1.73205
8 14 0 1 3 7 9 10 11 12 1.41421
8 14 0 1 3 7 9 10 11 13 1.41421
8 14 0 1 3 7 9 10 12 13 1.41421
8 14 0 1 3 7 9 11 12 13 1.62019
8 14 0 1 3 7 10 11 12 13 1.41421
8 14 0 1 3 9 10 11 12 13 1.73205
8 14 0 1 4 5 6 7 9 10 1.41421
8 14 0 1 4 5 6 7 9 11 1
8 14 0 1 4 5 6 7 9 12 1.41421
8 14 0 1 4 5 6 7 9 13 1.41421
8 14 0 1 4 5 6 7 10 11 1
8 14 0 1 4 5 6 7 10 12 1.41421
8 14 0 1 4 5 6 7 10 13 1.41421
8 14 0 1 4 5 6 7 11 12 1
8 14 0 1 4 5 6 7 11 13 1
8 14 0 1 4 5 6 7 12 13 1.41421
8 14 0 1 4 5 6 9 10 11 1.41421
8 14 0 1 4 5 6 9 10 12 1.73205
8 14 0 1 4 5 6 9 10 13 1.73205
8 14 0 1 4 5 6 9 11 12 1.41421
8 14 0 1 4 5 6 9 11 13 1.41421
8 14 0 1 4 5 6 9 12 13 1.73205
8 14 0 1 4 5 6 10 11 12 1.41421
8 14 0 1 4 5 6 10 11 13 1.41421
8 14 0 1 4 5 6 10 12 13 1.73205
8 14 0 1 4 5 6 11 12 13 1.41421
8 14 0 1 4 5 7 9 10 11 1
8 14 0 1 4 5 7 9 10 12 1.62019
8 14 0 1 4 5 7 9 10 13 1.62019
8 14 0 1 4 5 7 9 11 12 1
8 14 0 1 4 5 7 9 11 13 1
8 14 0 1 4 5 7 9 12 13 1.62019
8 14 0 1 4 5 7 10 11 12 1
8 14 0 1 4 5 7 10 11 13 1
8 14 0 1 4 5 7 10 12 13 1.73205
8 14 0 1 4 5 7 11 12 13 1
8 14 0 1 4 5 9 10 11 12 1.41421
8 14 0 1 4 5 9 10 11 13 1.41421
8 14 0 1 4 5 9 10 12 13 1.85164
8 14 0 1 4 5 9 11 12 13 1.41421
8 14 0 1 4 5 10 11 12 13 1.41421
8 14 0 1 4 6 7 9 10 11 1.41421
8 14 0 1 4 6 7 9 10 12 1.62019
8 14 0 1 4 6 7 9 10 13 1.62019
8 14 0 1 4 6 7 9 11 12 1.41421
8 14 0 1 4 6 7 9 11 13 1.41421
8 14 0 1 4 6 7 9 12 13 1.62019
8 14 0 1 4 6 7 10 11 12 1.41421
8 14 0 1 4 6 7 10 11 13 1.41421
8 14 0 1 4 6 7 10 12 13 1.62019
8 14 0 1 4 6 7 11 12 13 1.41421
8 14 0 1 4 6 9 10 11 12 2
8 14 0 1 4 6 9 10 11 13 2
8 14 0 1 4 6 9 10 12 13 2.13664
8 14 0 1 4 6 9 11 12 13 2
8 14 0 1 4 6 10 11 12 13 2
8 14 0 1 4 7 9 10 11 12 1.41421
8 14 0 1 4 7 9 10 11 13 1.41421
8 14 0 1 4 7 9 10 12 13 1.73205
8 14 0 1 4 7 9 11 12 13 1.41421
8 14 0 1 4 7 10 11 12 13 1.41421
8 14 0 1 4 9 10 11 12 13 2
8 14 0 1 5 6 7 9 10 11 1
8 14 0 1 5 6 7 9 10 12 1.41421
8 14 0 1 5 6 7 9 10 13 1.41421
8 14 0 1 5 6 7 9 11 12 1
8 14 0 1 5 6 7 9 11 13 1
8 14 0 1 5 6 7 9 12 13 1.41421
8 14 0 1 5 6 7 10 11 12 1
8 14 0 1 5 6 7 10 11 13 1
8 14 0 1 5 6 7 10 12 13 1.41421
8 14 0 1 5 6 7 11 12 13 1
8 14 0 1 5 6 9 10 11 12 1.41421
8 14 0 1 5 6 9 10 11 13 1.41421
8 14 0 1 5 6 9 10 12 13 1.73205
8 14 0 1 5 6 9 11 12 13 1.41421
8 14 0 1 5 6 10 11 12 13 1.41421
8 14 0 1 5 7 9 10 11 12 1
8 14 0 1 5 7 9 10 11 13 1
8 14 0 1 5 7 9 10 12 13 1.62019
8 14 0 1 5 7 9 11 12 13 1
8 14 0 1 5 7 10 11 12 13 1
8 14 0 1 5 9 10 11 12 13 1.41421
8 14 0 1 6 7 9 10 11 12 1.62019
8 14 0 1 6 7 9 10 11 13 1.62019
8 14 0 1 6 7 9 10 12 13 1.73205
8 14 0 1 6 7 9 11 12 13 1.73205
8 14 0 1 6 7 10 11 12 13 1.62019
8 14 0 1 6 9 10 11 12 13 2.13664
8 14 0 1 7 9 10 11 12 13 1.62019
8 14 0 2 3 4 5 6 7 9 1.41421
8 14 0 2 3 4 5 6 7 10 1.41421
8 14 0 2 3 4 5 6 7 11 1.41421
8 14 0 2 3 4 5 6 7 12 1
8 14 0 2 3 4 5 6 7 13 1
8 14 0 2 3 4 5 6 9 10 1.73205
8 14 0 2 3 4 5 6 9 11 1.73205
8 14 0 2 3 4 5 6 9 12 1.41421
8 14 0 2 3 4 5 6 9 13 1.41421
8 14 0 2 3 4 5 6 10 11 1.73205
8 14 0 2 3 4 5 6 10 12 1.41421
8 14 0 2 3 4 5 6 10 13 1.41421
8 14 0 2 3 4 5 6 11 12 1.41421
8 14 0 2 3 4 5 6 11 13 1.41421
8 14 0 2 3 4 5 6 12 13 1
8 14 0 2 3 4 5 7 9 10 1.41421
8 14 0 2 3 4 5 7 9 11 1.41421
8 14 0 2 3 4 5 7 9 12 1
8 14 0 2 3 4 5 7 9 13 1
8 14 0 2 3 4 5 7 10 11 1.41421
8 14 0 2 3 4 5 7 10 12 1.41421
8 14 0 2 3 4 5 7 10 13 1.41421
8 14 0 2 3 4 5 7 11 12 1
8 14 0 2 3 4 5 7 11 13 1
8 14 0 2 3 4 5 7 12 13 1.41421
8 14 0 2 3 4 5 9 10 11 1.73205
8 14 0 2 3 4 5 9 10 12 1.41421
8 14 0 2 3 4 5 9 10 13 1.41421
8 14 0 2 3 4 5 9 11 12 1.41421
8 14 0 2 3 4 5 9 11 13 1.41421
8 14 0 2 3 4 5 9 12 13 1
8 14 0 2 3 4 5 10 11 12 1.41421
8 14 0 2 3 4 5 10 11 13 1.41421
8 14 0 2 3 4 5 10 12 13 1.41421
8 14 0 2 3 4 5 11 12 13 1
8 14 0 2 3 4 6 7 9 10 1.41421
8 14 0 2 3 4 6 7 9 11 1.41421
8 14 0 2 3 4 6 7 9 12 1
8 14 0 2 3 4 6 7 9 13 1
8 14 0 2 3 4 6 7 10 11 1.41421
8 14 0 2 3 4 6 7 10 12 1
8 14 0 2 3 4 6 7 10 13 1
8 14 0 2 3 4 6 7 11 12 1
8 14 0 2 3 4 6 7 11 13 1
8 14 0 2 3 4 6 7 12 13 0
8 14 0 2 3 4 6 9 10 11 1.85164
8 14 0 2 3 4 6 9 10 12 1.62019
8 14 0 2 3 4 6 9 10 13 1.62019
8 14 0 2 3 4 6 9 11 12 1.62019
8 14 0 2 3 4 6 9 11 13 1.62019
8 14 0 2 3 4 6 9 12 13 1.41421
8 14 0 2 3 4 6 10 11 12 1.62019
8 14 0 2 3 4 6 10 11 13 1.62019
8 14 0 2 3 4 6 10 12 13 1.41421
8 14 0 2 3 4 6 11 12 13 1.41421
8 14 0 2 3 4 7 9 10 11 1.41421
8 14 0 2 3 4 7 9 10 12 1
8 14 0 2 3 4 7 9 10 13 1
8 14 0 2 3 4 7 9 11 12 1
8 14 0 2 3 4 7 9 11 13 1
8 14 0 2 3 4 7 9 12 13 1
8 14 0 2 3 4 7 10 11 12 1
8 14 0 2 3 4 7 10 11 13 1
8 14 0 2 3 4 7 10 12 13 1.41421
8 14 0 2 3 4 7 11 12 13 1
8 14 0 2 3 4 9 10 11 12 1.62019
8 14 0 2 3 4 9 10 11 13 1.62019
8 14 0 2 3 4 9 10 12 13 1.41421
8 14 0 2 3 4 9 11 12 13 1.41421
8 14 0 2 3 4 10 11 12 13 1.41421
8 14 0 2 3 5 6 7 9 10 1.41421
8 14 0 2 3 5 6 7 9 11 1.41421
8 14 0 2 3 5 6 7 9 12 1
8 14 0 2 3 5 6 7 9 13 1
8 14 0 2 3 5 6 7 10 11 1.41421
8 14 0 2 3 5 6 7 10 12 1
8 14 0 2 3 5 6 7 10 13 1
8 14 0 2 3 5 6 7 11 12 1
8 14 0 2 3 5 6 7 11 13 1
8 14 0 2 3 5 6 7 12 13 1
8 14 0 2 3 5 6 9 10 11 1.73205
8 14 0 2 3 5 6 9 10 12 1.41421
8 14 0 2 3 5 6 9 10 13 1.41421
8 14 0 2 3 5 6 9 11 12 1.41421
8 14 0 2 3 5 6 9 11 13 1.41421
8 14 0 2 3 5 6 9 12 13 1
8 14 0 2 3 5 6 10 11 12 1.41421
8 14 0 2 3 5 6 10 11 13 1.41421
8 14 0 2 3 5 6 10 12 13 1
8 14 0 2 3 5 6 11 12 13 1
8 14 0 2 3 5 7 9 10 11 1.41421
8 14 0 2 3 5 7 9 10 12 1
8 14 0 2 3 5 7 9 10 13 1
8 14 0 2 3 5 7 9 11 12 1
8 14 0 2 3 5 7 9 11 13 1
8 14 0 2 3 5 7 9 12 13 1
8 14 0 2 3 5 7 10 11 12 1
8 14 0 2 3 5 7 10 11 13 1
8 14 0 2 3 5 7 10 12 13 1.41421
8 14 0 2 3 5 7 11 12 13 1
8 14 0 2 3 5 9 10 11 12 1.41421
8 14 0 2 3 5 9 10 11 13 1.41421
8 14 0 2 3 5 9 10 12 13 1
8 14 0 2 3 5 9 11 12 13 1
8 14 0 2 3 5 10 11 12 13 1
8 14 0 2 3 6 7 9 10 11 1.41421
8 14 0 2 3 6 7 9 10 12 1
8 14 0 2 3 6 7 9 10 13 1
8 14 0 2 3 6 7 9 11 12 1.41421
8 14 0 2 3 6 7 9 11 13 1.41421
8 14 0 2 3 6 7 9 12 13 1.41421
8 14 0 2 3 6 7 10 11 12 1
8 14 0 2 3 6 7 10 11 13 1
8 14 0 2 3 6 7 10 12 13 1
8 14 0 2 3 6 7 11 12 13 1.41421
8 14 0 2 3 6 9 10 11 12 1.73205
8 14 0 2 3 6 9 10 11 13 1.73205
8 14 0 2 3 6 9 10 12 13 1.62019
8 14 0 2 3 6 9 11 12 13 1.73205
8 14 0 2 3 6 10 11 12 13 1.62019
8 14 0 2 3 7 9 10 11 12 1
8 14 0 2 3 7 9 10 11 13 1
8 14 0 2 3 7 9 10 12 13 1
8 14 0 2 3 7 9 11 12 13 1.41421
8 14 0 2 3 7 10 11 12 13 1
8 14 0 2 3 9 10 11 12 13 1.62019
8 14 0 2 4 5 6 7 9 10 1.41421
8 14 0 2 4 5 6 7 9 11 1.41421
8 14 0 2 4 5 6 7 9 12 1
8 14 0 2 4 5 6 7 9 13 1
8 14 0 2 4 5 6 7 10 11 1.41421
8 14 0 2 4 5 6 7 10 12 1
8 14 0 2 4 5 6 7 10 13 1
8 14 0 2 4 5 6 7 11 12 1
8 14 0 2 4 5 6 7 11 13 1
8 14 0 2 4 5 6 7 12 13 1
8 14 0 2 4 5 6 9 10 11 1.85164
8 14 0 2 4 5 6 9 10 12 1.73205
8 14 0 2 4 5 6 9 10 13 1.73205
8 14 0 2 4 5 6 9 11 12 1.62019
8 14 0 2 4 5 6 9 11 13 1.62019
8 14 0 2 4 5 6 9 12 13 1.62019
8 14 0 2 4 5 6 10 11 12 1.62019
8 14 0 2 4 5 6 10 11 13 1.62019
8 14 0 2 4 5 6 10 12 13 1.62019
8 14 0 2 4 5 6 11 12 13 1.41421
8 14 0 2 4 5 7 9 10 11 1.41421
8 14 0 2 4 5 7 9 10 12 1.41421
8 14 0 2 4 5 7 9 10 13 1.41421
8 14 0 2 4 5 7 9 11 12 1
8 14 0 2 4 5 7 9 11 13 1
8 14 0 2 4 5 7 9 12 13 1.41421
8 14 0 2 4 5 7 10 11 12 1
8 14 0 2 4 5 7 10 11 13 1
8 14 0 2 4 5 7 10 12 13 1.62019
8 14 0 2 4 5 7 11 12 13 1
8 14 0 2 4 5 9 10 11 12 1.62019
8 14 0 2 4 5 9 10 11 13 1.62019
8 14 0 2 4 5 9 10 12 13 1.73205
8 14 0 2 4 5 9 11 12 13 1.41421
8 14 0 2 4 5 10 11 12 13 1.41421
8 14 0 2 4 6 7 9 10 11 1.41421
8 14 0 2 4 6 7 9 10 12 1
8 14 0 2 4 6 7 9 10 13 1
8 14 0 2 4 6 7 9 11 12 1
8 14 0 2 4 6 7 9 11 13 1
8 14 0 2 4 6 7 9 12 13 1
8 14 0 2 4 6 7 10 11 12 1
8 14 0 2 4 6 7 10 11 13 1
8 14 0 2 4 6 7 10 12 13 1
8 14 0 2 4 6 7 11 12 13 0
8 14 0 2 4 6 9 10 11 12 1.85164
8 14 0 2 4 6 9 10 11 13 1.85164
8 14 0 2 4 6 9 10 12 13 1.85164
8 14 0 2 4 6 9 11 12 13 1.73205
8 14 0 2 4 6 10 11 12 13 1.73205
8 14 0 2 4 7 9 10 11 12 1
8 14 0 2 4 7 9 10 11 13 1
8 14 0 2 4 7 9 10 12 13 1.41421
8 14 0 2 4 7 9 11 12 13 0
8 14 0 2 4 7 10 11 12 13 1
8 14 0 2 4 9 10 11 12 13 1.73205
8 14 0 2 5 6 7 9 10 11 1.41421
8 14 0 2 5 6 7 9 10 12 1
8 14 0 2 5 6 7 9 10 13 1
8 14 0 2 5 6 7 9 11 12 1
8 14 0 2 5 6 7 9 11 13 1
8 14 0 2 5 6 7 9 12 13 1
8 14 0 2 5 6 7 10 11 12 1
8 14 0 2 5 6 7 10 11 13 1
8 14 0 2 5 6 7 10 12 13 1
8 14 0 2 5 6 7 11 12 13 1
8 14 0 2 5 6 9 10 11 12 1.62019
8 14 0 2 5 6 9 10 11 13 1.62019
8 14 0 2 5 6 9 10 12 13 1.62019
8 14 0 2 5 6 9 11 12 13 1.41421
8 14 0 2 5 6 10 11 12 13 1.41421
8 14 0 2 5 7 9 10 11 12 1
8 14 0 2 5 7 9 10 11 13 1
8 14 0 2 5 7 9 10 12 13 1.41421
8 14 0 2 5 7 9 11 12 13 1
8 14 0 2 5 7 10 11 12 13 1
8 14 0 2 5 9 10 11 12 13 1.41421
8 14 0 2 6 7 9 10 11 12 1
8 14 0 2 6 7 9 10 11 13 1
8 14 0 2 6 7 9 10 12 13 1
8 14 0 2 6 7 9 11 12 13 1.41421
8 14 0 2 6 7 10 11 12 13 1
8 14 0 2 6 9 10 11 12 13 1.85164
8 14 0 2 7 9 10 11 12 13 1
8 14 0 3 4 5 6 7 9 10 1.73205
8 14 0 3 4 5 6 7 9 11 1.73205
8 14 0 3 4 5 6 7 9 12 1.41421
8 14 0 3 4 5 6 7 9 13 1.41421
8 14 0 3 4 5 6 7 10 11 1.73205
8 14 0 3 4 5 6 7 10 12 1.41421
8 14 0 3 4 5 6 7 10 13 1.41421
8 14 0 3 4 5 6 7 11 12 1.41421
8 14 0 3 4 5 6 7 11 13 1.41421
8 14 0 3 4 5 6 7 12 13 1
8 14 0 3 4 5 6 9 10 11 2
8 14 0 3 4 5 6 9 10 12 1.73205
8 14 0 3 4 5 6 9 10 13 1.73205
8 14 0 3 4 5 6 9 11 12 1.73205
8 14 0 3 4 5 6 9 11 13 1.73205
8 14 0 3 4 5 6 9 12 13 1.41421
8 14 0 3 4 5 6 10 11 12 1.73205
8 14 0 3 4 5 6 10 11 13 1.73205
8 14 0 3 4 5 6 10 12 13 1.41421
8 14 0 3 4 5 6 11 12 13 1.41421
8 14 0 3 4 5 7 9 10 11 1.73205
8 14 0 3 4 5 7 9 10 12 1.41421
8 14 0 3 4 5 7 9 10 13 1.41421
8 14 0 3 4 5 7 9 11 12 1.41421
8 14 0 3 4 5 7 9 11 13 1.41421
8 14 0 3 4 5 7 9 12 13 1
8 14 0 3 4 5 7 10 11 12 1.41421
8 14 0 3 4 5 7 10 11 13 1.41421
8 14 0 3 4 5 7 10 12 13 1.41421
8 14 0 3 4 5 7 11 12 13 1
8 14 0 3 4 5 9 10 11 12 1.73205
8 14 0 3 4 5 9 10 11 13 1.73205
8 14 0 3 4 5 9 10 12 13 1.41421
8 14 0 3 4 5 9 11 12 13 1.41421
8 14 0 3 4 5 10 11 12 13 1.41421
8 14 0 3 4 6 7 9 10 11 1.85164
8 14 0 3 4 6 7 9 10 12 1.62019
8 14 0 3 4 6 7 9 10 13 1.62019
8 14 0 3 4 6 7 9 11 12 1.62019
8 14 0 3 4 6 7 9 11 13 1.62019
8 14 0 3 4 6 7 9 12 13 1.41421
8 14 0 3 4 6 7 10 11 12 1.62019
8 14 0 3 4 6 7 10 11 13 1.62019
8 14 0 3 4 6 7 10 12 13 1.41421
8 14 0 3 4 6 7 11 12 13 1.41421
8 14 0 3 4 6 9 10 11 12 2.13664
8 14 0 3 4 6 9 10 11 13 2.13664
8 14 0 3 4 6 9 10 12 13 2
8 14 0 3 4 6 9 11 12 13 2
8 14 0 3 4 6 10 11 12 13 2
8 14 0 3 4 7 9 10 11 12 1.62019
8 14 0 3 4 7 9 10 11 13 1.62019
8 14 0 3 4 7 9 10 12 13 1.41421
8 14 0 3 4 7 9 11 12 13 1.41421
8 14 0 3 4 7 10 11 12 13 1.41421
8 14 0 3 4 9 10 11 12 13 2
8 14 0 3 5 6 7 9 10 11 1.73205
8 14 0 3 5 6 7 9 10 12 1.41421
8 14 0 3 5 6 7 9 10 13 1.41421
8 14 0 3 5 6 7 9 11 12 1.41421
8 14 0 3 5 6 7 9 11 13 1.41421
8 14 0 3 5 6 7 9 12 13 1
8 14 0 3 5 6 7 10 11 12 1.41421
8 14 0 3 5 6 7 10 11 13 1.41421
8 14 0 3 5 6 7 10 12 13 1
8 14 0 3 5 6 7 11 12 13 1
8 14 0 3 5 6 9 10 11 12 1.73205
8 14 0 3 5 6 9 10 11 13 1.73205
8 14 0 3 5 6 9 10 12 13 1.41421
8 14 0 3 5 6 9 11 12 13 1.41421
8 14 0 3 5 6 10 11 12 13 1.41421
8 14 0 3 5 7 9 10 11 12 1.41421
8 14 0 3 5 7 9 10 11 13 1.41421
8 14 0 3 5 7 9 10 12 13 1
8 14 0 3 5 7 9 11 12 13 1
8 14 0 3 5 7 10 11 12 13 1
8 14 0 3 5 9 10 11 12 13 1.41421
8 14 0 3 6 7 9 10 11 12 1.73205
8 14 0 3 6 7 9 10 11 13 1.73205
8 14 0 3 6 7 9 10 12 13 1.62019
8 14 0 3 6 7 9 11 12 13 1.73205
8 14 0 3 6 7 10 11 12 13 1.62019
8 14 0 3 6 9 10 11 12 13 2.13664
8 14 0 3 7 9 10 11 12 13 1.62019
8 14 0 4 5 6 7 9 10 11 1.85164
8 14 0 4 5 6 7 9 10 12 1.73205
8 14 0 4 5 6 7 9 10 13 1.73205
8 14 0 4 5 6 7 9 11 12 1.62019
8 14 0 4 5 6 7 9 11 13 1.62019
8 14 0 4 5 6 7 9 12 13 1.62019
8 14 0 4 5 6 7 10 11 12 1.62019
8 14 0 4 5 6 7 10 11 13 1.62019
8 14 0 4 5 6 7 10 12 13 1.62019
8 14 0 4 5 6 7 11 12 13 1.41421
8 14 0 4 5 6 9 10 11 12 2.13664
8 14 0 4 5 6 9 10 11 13 2.13664
8 14 0 4 5 6 9 10 12 13 2.13664
8 14 0 4 5 6 9 11 12 13 2
8 14 0 4 5 6 10 11 12 13 2
8 14 0 4 5 7 9 10 11 12 1.62019
8 14 0 4 5 7 9 10 11 13 1.62019
8 14 0 4 5 7 9 10 12 13 1.73205
8 14 0 4 5 7 9 11 12 13 1.41421
8 14 0 4 5 7 10 11 12 13 1.41421
8 14 0 4 5 9 10 11 12 13 2
8 14 0 4 6 7 9 10 11 12 1.85164
8 14 0 4 6 7 9 10 11 13 1.85164
8 14 0 4 6 7 9 10 12 13 1.85164
8 14 0 4 6 7 9 11 12 13 1.73205
8 14 0 4 6 7 10 11 12 13 1.73205
8 14 0 4 6 9 10 11 12 13 2.44949
8 14 0 4 7 9 10 11 12 13 1.73205
8 14 0 5 6 7 9 10 11 12 1.62019
8 14 0 5 6 7 9 10 11 13 1.62019
8 14 0 5 6 7 9 10 12 13 1.62019
8 14 0 5 6 7 9 11 12 13 1.41421
8 14 0 5 6 7 10 11 12 13 1.41421
8 14 0 5 6 9 10 11 12 13 2
8 14 0 5 7 9 10 11 12 13 1.41421
8 14 0 6 7 9 10 11 12 13 1.85164
8 14 1 2 3 4 5 6 7 9 1
8 14 1 2 3 4 5 6 7 10 1
8 14 1 2 3 4 5 6 7 11 1
8 14 1 2 3 4 5 6 7 12 1
8 14 1 2 3 4 5 6 7 13 0
8 14 1 2 3 4 5 6 9 10 1
8 14 1 2 3 4 5 6 9 11 1
8 14 1 2 3 4 5 6 9 12 1
8 14 1 2 3 4 5 6 9 13 0
8 14 1 2 3 4 5 6 10 11 1
8 14 1 2 3 4 5 6 10 12 1
8 14 1 2 3 4 5 6 10 13 0
8 14 1 2 3 4 5 6 11 12 1
8 14 1 2 3 4 5 6 11 13 0
8 14 1 2 3 4 5 6 12 13 0
8 14 1 2 3 4 5 7 9 10 1
8 14 1 2 3 4 5 7 9 11 1
8 14 1 2 3 4 5 7 9 12 1
8 14 1 2 3 4 5 7 9 13 1
8 14 1 2 3 4 5 7 10 11 1
8 14 1 2 3 4 5 7 10 12 1.41421
8 14 1 2 3 4 5 7 10 13 1.41421
8 14 1 2 3 4 5 7 11 12 1
8 14 1 2 3 4 5 7 11 13 1
8 14 1 2 3 4 5 7 12 13 1.41421
8 14 1 2 3 4 5 9 10 11 1
8 14 1 2 3 4 5 9 10 12 1
8 14 1 2 3 4 5 9 10 13 1
8 14 1 2 3 4 5 9 11 12 1
8 14 1 2 3 4 5 9 11 13 0
8 14 1 2 3 4 5 9 12 13 1
8 14 1 2 3 4 5 10 11 12 1
8 14 1 2 3 4 5 10 11 13 1
8 14 1 2 3 4 5 10 12 13 1.41421
8 14 1 2 3 4 5 11 12 13 1
8 14 1 2 3 4 6 7 9 10 1
8 14 1 2 3 4 6 7 9 11 1
8 14 1 2 3 4 6 7 9 12 1
8 14 1 2 3 4 6 7 9 13 0
8 14 1 2 3 4 6 7 10 11 1
8 14 1 2 3 4 6 7 10 12 1
8 14 1 2 3 4 6 7 10 13 0
8 14 1 2 3 4 6 7 11 12 1
8 14 1 2 3 4 6 7 11 13 0
8 14 1 2 3 4 6 7 12 13 0
8 14 1 2 3 4 6 9 10 11 1
8 14 1 2 3 4 6 9 10 12 1
8 14 1 2 3 4 6 9 10 13 1
8 14 1 2 3 4 6 9 11 12 1
8 14 1 2 3 4 6 9 11 13 1
8 14 1 2 3 4 6 9 12 13 1
8 14 1 2 3 4 6 10 11 12 1
8 14 1 2 3 4 6 10 11 13 1
8 14 1 2 3 4 6 10 12 13 1
8 14 1 2 3 4 6 11 12 13 1
8 14 1 2 3 4 7 9 10 11 1
8 14 1 2 3 4 7 9 10 12 1
8 14 1 2 3 4 7 9 10 13 1
8 14 1 2 3 4 7 9 11 12 1
8 14 1 2 3 4 7 9 11 13 0
8 14 1 2 3 4 7 9 12 13 1
8 14 1 2 3 4 7 10 11 12 1
8 14 1 2 3 4 7 10 11 13 1
8 14 1 2 3 4 7 10 12 13 1.41421
8 14 1 2 3 4 7 11 12 13 1
8 14 1 2 3 4 9 10 11 12 1
8 14 1 2 3 4 9 10 11 13 1
8 14 1 2 3 4 9 10 12 13 1
8 14 1 2 3 4 9 11 12 13 1
8 14 1 2 3 4 10 11 12 13 1
8 14 1 2 3 5 6 7 9 10 1
8 14 1 2 3 5 6 7 9 11 1
8 14 1 2 3 5 6 7 9 12 1
8 14 1 2 3 5 6 7 9 13 1
8 14 1 2 3 5 6 7 10 11 1
8 14 1 2 3 5 6 7 10 12 1
8 14 1 2 3 5 6 7 10 13 0
8 14 1 2 3 5 6 7 11 12 1
8 14 1 2 3 5 6 7 11 13 1
8 14 1 2 3 5 6 7 12 13 1
8 14 1 2 3 5 6 9 10 11 1
8 14 1 2 3 5 6 9 10 12 1
8 14 1 2 3 5 6 9 10 13 0
8 14 1 2 3 5 6 9 11 12 1
8 14 1 2 3 5 6 9 11 13 1
8 14 1 2 3 5 6 9 12 13 1
8 14 1 2 3 5 6 10 11 12 1
8 14 1 2 3 5 6 10 11 13 0
8 14 1 2 3 5 6 10 12 13 0
8 14 1 2 3 5 6 11 12 13 1
8 14 1 2 3 5 7 9 10 11 1
8 14 1 2 3 5 7 9 10 12 1
8 14 1 2 3 5 7 9 10 13 1
8 14 1 2 3 5 7 9 11 12 1
8 14 1 2 3 5 7 9 11 13 1
8 14 1 2 3 5 7 9 12 13 1
8 14 1 2 3 5 7 10 11 12 1
8 14 1 2 3 5 7 10 11 13 1
8 14 1 2 3 5 7 10 12 13 1.41421
8 14 1 2 3 5 7 11 12 13 1
8 14 1 2 3 5 9 10 11 12 1
8 14 1 2 3 5 9 10 11 13 0
8 14 1 2 3 5 9 10 12 13 1
8 14 1 2 3 5 9 11 12 13 1
8 14 1 2 3 5 10 11 12 13 1
8 14 1 2 3 6 7 9 10 11 1
8 14 1 2 3 6 7 9 10 12 1
8 14 1 2 3 6 7 9 10 13 1
8 14 1 2 3 6 7 9 11 12 1.41421
8 14 1 2 3 6 7 9 11 13 1.41421
8 14 1 2 3 6 7 9 12 13 1.41421
8 14 1 2 3 6 7 10 11 12 1
8 14 1 2 3 6 7 10 11 13 1
8 14 1 2 3 6 7 10 12 13 1
8 14 1 2 3 6 7 11 12 13 1.41421
8 14 1 2 3 6 9 10 11 12 1.41421
8 14 1 2 3 6 9 10 11 13 1.41421
8 14 1 2 3 6 9 10 12 13 1.41421
8 14 1 2 3 6 9 11 12 13 1.62019
8 14 1 2 3 6 10 11 12 13 1.41421
8 14 1 2 3 7 9 10 11 12 1
8 14 1 2 3 7 9 10 11 13 1
8 14 1 2 3 7 9 10 12 13 1
8 14 1 2 3 7 9 11 12 13 1.41421
8 14 1 2 3 7 10 11 12 13 1
8 14 1 2 3 9 10 11 12 13 1.41421
8 14 1 2 4 5 6 7 9 10 1
8 14 1 2 4 5 6 7 9 11 1
8 14 1 2 4 5 6 7 9 12 1
8 14 1 2 4 5 6 7 9 13 1
8 14 1 2 4 5 6 7 10 11 1
8 14 1 2 4 5 6 7 10 12 1
8 14 1 2 4 5 6 7 10 13 1
8 14 1 2 4 5 6 7 11 12 1
8 14 1 2 4 5 6 7 11 13 0
8 14 1 2 4 5 6 7 12 13 1
8 14 1 2 4 5 6 9 10 11 1
8 14 1 2 4 5 6 9 10 12 1.41421
8 14 1 2 4 5 6 9 10 13 1.41421
8 14 1 2 4 5 6 9 11 12 1
8 14 1 2 4 5 6 9 11 13 1
8 14 1 2 4 5 6 9 12 13 1.41421
8 14 1 2 4 5 6 10 11 12 1
8 14 1 2 4 5 6 10 11 13 1
8 14 1 2 4 5 6 10 12 13 1.41421
8 14 1 2 4 5 6 11 12 13 1
8 14 1 2 4 5 7 9 10 11 1
8 14 1 2 4 5 7 9 10 12 1.41421
8 14 1 2 4 5 7 9 10 13 1.41421
8 14 1 2 4 5 7 9 11 12 1
8 14 1 2 4 5 7 9 11 13 0
8 14 1 2 4 5 7 9 12 13 1.41421
8 14 1 2 4 5 7 10 11 12 1
8 14 1 2 4 5 7 10 11 13 1
8 14 1 2 4 5 7 10 12 13 1.62019
8 14 1 2 4 5 7 11 12 13 1
8 14 1 2 4 5 9 10 11 12 1
8 14 1 2 4 5 9 10 11 13 1
8 14 1 2 4 5 9 10 12 13 1.62019
8 14 1 2 4 5 9 11 12 13 1
8 14 1 2 4 5 10 11 12 13 1
8 14 1 2 4 6 7 9 10 11 1
8 14 1 2 4 6 7 9 10 12 1
8 14 1 2 4 6 7 9 10 13 1
8 14 1 2 4 6 7 9 11 12 1
8 14 1 2 4 6 7 9 11 13 0
8 14 1 2 4 6 7 9 12 13 1
8 14 1 2 4 6 7 10 11 12 1
8 14 1 2 4 6 7 10 11 13 0
8 14 1 2 4 6 7 10 12 13 1
8 14 1 2 4 6 7 11 12 13 0
8 14 1 2 4 6 9 10 11 12 1.41421
8 14 1 2 4 6 9 10 11 13 1.41421
8 14 1 2 4 6 9 10 12 13 1.62019
8 14 1 2 4 6 9 11 12 13 1.41421
8 14 1 2 4 6 10 11 12 13 1.41421
8 14 1 2 4 7 9 10 11 12 1
8 14 1 2 4 7 9 10 11 13 0
8 14 1 2 4 7 9 10 12 13 1.41421
8 14 1 2 4 7 9 11 12 13 0
8 14 1 2 4 7 10 11 12 13 1
8 14 1 2 4 9 10 11 12 13 1.41421
8 14 1 2 5 6 7 9 10 11 1
8 14 1 2 5 6 7 9 10 12 1
8 14 1 2 5 6 7 9 10 13 1
8 14 1 2 5 6 7 9 11 12 1
8 14 1 2 5 6 7 9 11 13 1
8 14 1 2 5 6 7 9 12 13 1
8 14 1 2 5 6 7 10 11 12 1
8 14 1 2 5 6 7 10 11 13 0
8 14 1 2 5 6 7 10 12 13 1
8 14 1 2 5 6 7 11 12 13 1
8 14 1 2 5 6 9 10 11 12 1
8 14 1 2 5 6 9 10 11 13 1
8 14 1 2 5 6 9 10 12 13 1.41421
8 14 1 2 5 6 9 11 12 13 1
8 14 1 2 5 6 10 11 12 13 1
8 14 1 2 5 7 9 10 11 12 1
8 14 1 2 5 7 9 10 11 13 0
8 14 1 2 5 7 9 10 12 13 1.41421
8 14 1 2 5 7 9 11 12 13 1
8 14 1 2 5 7 10 11 12 13 1
8 14 1 2 5 9 10 11 12 13 1
8 14 1 2 6 7 9 10 11 12 1
8 14 1 2 6 7 9 10 11 13 1
8 14 1 2 6 7 9 10 12 13 1
8 14 1 2 6 7 9 11 12 13 1.41421
8 14 1 2 6 7 10 11 12 13 1
8 14 1 2 6 9 10 11 12 13 1.62019
8 14 1 2 7 9 10 11 12 13 1
8 14 1 3 4 5 6 7 9 10 1
8 14 1 3 4 5 6 7 9 11 1
8 14 1 3 4 5 6 7 9 12 1
8 14 1 3 4 5 6 7 9 13 0
8 14 1 3 4 5 6 7 10 11 1
8 14 1 3 4 5 6 7 10 12 1
8 14 1 3 4 5 6 7 10 13 0
8 14 1 3 4 5 6 7 11 12 1
8 14 1 3 4 5 6 7 11 13 0
8 14 1 3 4 5 6 7 12 13 0
8 14 1 3 4 5 6 9 10 11 1
8 14 1 3 4 5 6 9 10 12 1
8 14 1 3 4 5 6 9 10 13 0
8 14 1 3 4 5 6 9 11 12 1
8 14 1 3 4 5 6 9 11 13 0
8 14 1 3 4 5 6 9 12 13 0
8 14 1 3 4 5 6 10 11 12 1
8 14 1 3 4 5 6 10 11 13 0
8 14 1 3 4 5 6 10 12 13 0
8 14 1 3 4 5 6 11 12 13 0
8 14 1 3 4 5 7 9 10 11 1
8 14 1 3 4 5 7 9 10 12 1
8 14 1 3 4 5 7 9 10 13 1
8 14 1 3 4 5 7 9 11 12 1
8 14 1 3 4 5 7 9 11 13 0
8 14 1 3 4 5 7 9 12 13 1
8 14 1 3 4 5 7 10 11 12 1
8 14 1 3 4 5 7 10 11 13 1
8 14 1 3 4 5 7 10 12 13 1.41421
8 14 1 3 4 5 7 11 12 13 1
8 14 1 3 4 5 9 10 11 12 1
8 14 1 3 4 5 9 10 11 13 0
8 14 1 3 4 5 9 10 12 13 1
8 14 1 3 4 5 9 11 12 13 0
8 14 1 3 4 5 10 11 12 13 1
8 14 1 3 4 6 7 9 10 11 1
8 14 1 3 4 6 7 9 10 12 1
8 14 1 3 4 6 7 9 10 13 1
8 14 1 3 4 6 7 9 11 12 1
8 14 1 3 4 6 7 9 11 13 1
8 14 1 3 4 6 7 9 12 13 1
8 14 1 3 4 6 7 10 11 12 1
8 14 1 3 4 6 7 10 11 13 1
8 14 1 3 4 6 7 10 12 13 1
8 14 1 3 4 6 7 11 12 13 1
8 14 1 3 4 6 9 10 11 12 1.41421
8 14 1 3 4 6 9 10 11 13 1.41421
8 14 1 3 4 6 9 10 12 13 1.41421
8 14 1 3 4 6 9 11 12 13 1.41421
8 14 1 3 4 6 10 11 12 13 1.41421
8 14 1 3 4 7 9 10 11 12 1
8 14 1 3 4 7 9 10 11 13 1
8 14 1 3 4 7 9 10 12 13 1
8 14 1 3 4 7 9 11 12 13 1
8 14 1 3 4 7 10 11 12 13 1
8 14 1 3 4 9 10 11 12 13 1.41421
8 14 1 3 5 6 7 9 10 11 1
8 14 1 3 5 6 7 9 10 12 1
8 14 1 3 5 6 7 9 10 13 0
8 14 1 3 5 6 7 9 11 12 1
8 14 1 3 5 6 7 9 11 13 1
8 14 1 3 5 6 7 9 12 13 1
8 14 1 3 5 6 7 10 11 12 1
8 14 1 3 5 6 7 10 11 13 0
8 14 1 3 5 6 7 10 12 13 0
8 14 1 3 5 6 7 11 12 13 1
8 14 1 3 5 6 9 10 11 12 1
8 14 1 3 5 6 9 10 11 13 0
8 14 1 3 5 6 9 10 12 13 0
8 14 1 3 5 6 9 11 12 13 1
8 14 1 3 5 6 10 11 12 13 0
8 14 1 3 5 7 9 10 11 12 1
8 14 1 3 5 7 9 10 11 13 0
8 14 1 3 5 7 9 10 12 13 1
8 14 1 3 5 7 9 11 12 13 1
8 14 1 3 5 7 10 11 12 13 1
8 14 1 3 5 9 10 11 12 13 0
8 14 1 3 6 7 9 10 11 12 1.41421
8 14 1 3 6 7 9 10 11 13 1.41421
8 14 1 3 6 7 9 10 12 13 1.41421
8 14 1 3 6 7 9 11 12 13 1.62019
8 14 1 3 6 7 10 11 12 13 1.41421
8 14 1 3 6 9 10 11 12 13 1.73205
8 14 1 3 7 9 10 11 12 13 1.41421
8 14 1 4 5 6 7 9 10 11 1
8 14 1 4 5 6 7 9 10 12 1.41421
8 14 1 4 5 6 7 9 10 13 1.41421
8 14 1 4 5 6 7 9 11 12 1
8 14 1 4 5 6 7 9 11 13 1
8 14 1 4 5 6 7 9 12 13 1.41421
8 14 1 4 5 6 7 10 11 12 1
8 14 1 4 5 6 7 10 11 13 1
8 14 1 4 5 6 7 10 12 13 1.41421
8 14 1 4 5 6 7 11 12 13 1
8 14 1 4 5 6 9 10 11 12 1.41421
8 14 1 4 5 6 9 10 11 13 1.41421
8 14 1 4 5 6 9 10 12 13 1.73205
8 14 1 4 5 6 9 11 12 13 1.41421
8 14 1 4 5 6 10 11 12 13 1.41421
8 14 1 4 5 7 9 10 11 12 1
8 14 1 4 5 7 9 10 11 13 1
8 14 1 4 5 7 9 10 12 13 1.62019
8 14 1 4 5 7 9 11 12 13 1
8 14 1 4 5 7 10 11 12 13 1
8 14 1 4 5 9 10 11 12 13 1.41421
8 14 1 4 6 7 9 10 11 12 1.41421
8 14 1 4 6 7 9 10 11 13 1.41421
8 14 1 4 6 7 9 10 12 13 1.62019
8 14 1 4 6 7 9 11 12 13 1.41421
8 14 1 4 6 7 10 11 12 13 1.41421
8 14 1 4 6 9 10 11 12 13 2
8 14 1 4 7 9 10 11 12 13 1.41421
8 14 1 5 6 7 9 10 11 12 1
8 14 1 5 6 7 9 10 11 13 1
8 14 1 5 6 7 9 10 12 13 1.41421
8 14 1 5 6 7 9 11 12 13 1
8 14 1 5 6 7 10 11 12 13 1
8 14 1 5 6 9 10 11 12 13 1.41421
8 14 1 5 7 9 10 11 12 13 1
8 14 1 6 7 9 10 11 12 13 1.62019
8 14 2 3 4 5 6 7 9 10 1.62019
8 14 2 3 4 5 6 7 9 11 1.62019
8 14 2 3 4 5 6 7 9 12 1.41421
8 14 2 3 4 5 6 7 9 13 1
8 14 2 3 4 5 6 7 10 11 1.62019
8 14 2 3 4 5 6 7 10 12 1.41421
8 14 2 3 4 5 6 7 10 13 1
8 14 2 3 4 5 6 7 11 12 1.41421
8 14 2 3 4 5 6 7 11 13 1
8 14 2 3 4 5 6 7 12 13 0
8 14 2 3 4 5 6 9 10 11 1.85164
8 14 2 3 4 5 6 9 10 12 1.62019
8 14 2 3 4 5 6 9 10 13 1.41421
8 14 2 3 4 5 6 9 11 12 1.62019
8 14 2 3 4 5 6 9 11 13 1.41421
8 14 2 3 4 5 6 9 12 13 1
8 14 2 3 4 5 6 10 11 12 1.62019
8 14 2 3 4 5 6 10 11 13 1.41421
8 14 2 3 4 5 6 10 12 13 1
8 14 2 3 4 5 6 11 12 13 1
8 14 2 3 4 5 7 9 10 11 1.62019
8 14 2 3 4 5 7 9 10 12 1.41421
8 14 2 3 4 5 7 9 10 13 1
8 14 2 3 4 5 7 9 11 12 1.41421
8 14 2 3 4 5 7 9 11 13 1
8 14 2 3 4 5 7 9 12 13 1
8 14 2 3 4 5 7 10 11 12 1.41421
8 14 2 3 4 5 7 10 11 13 1
8 14 2 3 4 5 7 10 12 13 1.41421
8 14 2 3 4 5 7 11 12 13 1
8 14 2 3 4 5 9 10 11 12 1.62019
8 14 2 3 4 5 9 10 11 13 1.41421
8 14 2 3 4 5 9 10 12 13 1
8 14 2 3 4 5 9 11 12 13 1
8 14 2 3 4 5 10 11 12 13 1
8 14 2 3 4 6 7 9 10 11 1.62019
8 14 2 3 4 6 7 9 10 12 1.41421
8 14 2 3 4 6 7 9 10 13 1
8 14 2 3 4 6 7 9 11 12 1.41421
8 14 2 3 4 6 7 9 11 13 1
8 14 2 3 4 6 7 9 12 13 0
8 14 2 3 4 6 7 10 11 12 1.41421
8 14 2 3 4 6 7 10 11 13 1
8 14 2 3 4 6 7 10 12 13 0
8 14 2 3 4 6 7 11 12 13 0
8 14 2 3 4 6 9 10 11 12 1.73205
8 14 2 3 4 6 9 10 11 13 1.62019
8 14 2 3 4 6 9 10 12 13 1.41421
8 14 2 3 4 6 9 11 12 13 1.41421
8 14 2 3 4 6 10 11 12 13 1.41421
8 14 2 3 4 7 9 10 11 12 1.41421
8 14 2 3 4 7 9 10 11 13 1
8 14 2 3 4 7 9 10 12 13 1
8 14 2 3 4 7 9 11 12 13 0
8 14 2 3 4 7 10 11 12 13 1
8 14 2 3 4 9 10 11 12 13 1.41421
8 14 2 3 5 6 7 9 10 11 1.62019
8 14 2 3 5 6 7 9 10 12 1.41421
8 14 2 3 5 6 7 9 10 13 1
8 14 2 3 5 6 7 9 11 12 1.41421
8 14 2 3 5 6 7 9 11 13 1
8 14 2 3 5 6 7 9 12 13 1
8 14 2 3 5 6 7 10 11 12 1.41421
8 14 2 3 5 6 7 10 11 13 1
8 14 2 3 5 6 7 10 12 13 0
8 14 2 3 5 6 7 11 12 13 1
8 14 2 3 5 6 9 10 11 12 1.62019
8 14 2 3 5 6 9 10 11 13 1.41421
8 14 2 3 5 6 9 10 12 13 1
8 14 2 3 5 6 9 11 12 13 1
8 14 2 3 5 6 10 11 12 13 1
8 14 2 3 5 7 9 10 11 12 1.41421
8 14 2 3 5 7 9 10 11 13 1
8 14 2 3 5 7 9 10 12 13 1
8 14 2 3 5 7 9 11 12 13 1
8 14 2 3 5 7 10 11 12 13 1
8 14 2 3 5 9 10 11 12 13 1
8 14 2 3 6 7 9 10 11 12 1.41421
8 14 2 3 6 7 9 10 11 13 1
8 14 2 3 6 7 9 10 12 13 1
8 14 2 3 6 7 9 11 12 13 1.41421
8 14 2 3 6 7 10 11 12 13 1
8 14 2 3 6 9 10 11 12 13 1.62019
8 14 2 3 7 9 10 11 12 13 1
8 14 2 4 5 6 7 9 10 11 1.62019
8 14 2 4 5 6 7 9 10 12 1.41421
8 14 2 4 5 6 7 9 10 13 1
8 14 2 4 5 6 7 9 11 12 1.41421
8 14 2 4 5 6 7 9 11 13 1
8 14 2 4 5 6 7 9 12 13 1
8 14 2 4 5 6 7 10 11 12 1.41421
8 14 2 4 5 6 7 10 11 13 1
8 14 2 4 5 6 7 10 12 13 1
8 14 2 4 5 6 7 11 12 13 0
8 14 2 4 5 6 9 10 11 12 1.73205
8 14 2 4 5 6 9 10 11 13 1.62019
8 14 2 4 5 6 9 10 12 13 1.62019
8 14 2 4 5 6 9 11 12 13 1.41421
8 14 2 4 5 6 10 11 12 13 1.41421
8 14 2 4 5 7 9 10 11 12 1.41421
8 14 2 4 5 7 9 10 11 13 1
8 14 2 4 5 7 9 10 12 13 1.41421
8 14 2 4 5 7 9 11 12 13 0
8 14 2 4 5 7 10 11 12 13 1
8 14 2 4 5 9 10 11 12 13 1.41421
8 14 2 4 6 7 9 10 11 12 1.41421
8 14 2 4 6 7 9 10 11 13 1
8 14 2 4 6 7 9 10 12 13 1
8 14 2 4 6 7 9 11 12 13 0
8 14 2 4 6 7 10 11 12 13 0
8 14 2 4 6 9 10 11 12 13 1.73205
8 14 2 4 7 9 10 11 12 13 0
8 14 2 5 6 7 9 10 11 12 1.41421
8 14 2 5 6 7 9 10 11 13 1
8 14 2 5 6 7 9 10 12 13 1
8 14 2 5 6 7 9 11 12 13 1
8 14 2 5 6 7 10 11 12 13 0
8 14 2 5 6 9 10 11 12 13 1.41421
8 14 2 5 7 9 10 11 12 13 0
8 14 2 6 7 9 10 11 12 13 1
8 14 3 4 5 6 7 9 10 11 1.85164
8 14 3 4 5 6 7 9 10 12 1.62019
8 14 3 4 5 6 7 9 10 13 1.41421
8 14 3 4 5 6 7 9 11 12 1.62019
8 14 3 4 5 6 7 9 11 13 1.41421
8 14 3 4 5 6 7 9 12 13 1
8 14 3 4 5 6 7 10 11 12 1.62019
8 14 3 4 5 6 7 10 11 13 1.41421
8 14 3 4 5 6 7 10 12 13 1
8 14 3 4 5 6 7 11 12 13 1
8 14 3 4 5 6 9 10 11 12 1.85164
8 14 3 4 5 6 9 10 11 13 1.73205
8 14 3 4 5 6 9 10 12 13 1.41421
8 14 3 4 5 6 9 11 12 13 1.41421
8 14 3 4 5 6 10 11 12 13 1.41421
8 14 3 4 5 7 9 10 11 12 1.62019
8 14 3 4 5 7 9 10 11 13 1.41421
8 14 3 4 5 7 9 10 12 13 1
8 14 3 4 5 7 9 11 12 13 1
8 14 3 4 5 7 10 11 12 13 1
8 14 3 4 5 9 10 11 12 13 1.41421
8 14 3 4 6 7 9 10 11 12 1.73205
8 14 3 4 6 7 9 10 11 13 1.62019
8 14 3 4 6 7 9 10 12 13 1.41421
8 14 3 4 6 7 9 11 12 13 1.41421
8 14 3 4 6 7 10 11 12 13 1.41421
8 14 3 4 6 9 10 11 12 13 2
8 14 3 4 7 9 10 11 12 13 1.41421
8 14 3 5 6 7 9 10 11 12 1.62019
8 14 3 5 6 7 9 10 11 13 1.41421
8 14 3 5 6 7 9 10 12 13 1
8 14 3 5 6 7 9 11 12 13 1
8 14 3 5 6 7 10 11 12 13 1
8 14 3 5 6 9 10 11 12 13 1.41421
8 14 3 5 7 9 10 11 12 13 1
8 14 3 6 7 9 10 11 12 13 1.62019
8 14 4 5 6 7 9 10 11 12 1.73205
8 14 4 5 6 7 9 10 11 13 1.62019
8 14 4 5 6 7 9 10 12 13 1.62019
8 14 4 5 6 7 9 11 12 13 1.41421
8 14 4 5 6 7 10 11 12 13 1.41421
8 14 4 5 6 9 10 11 12 13 2
8 14 4 5 7 9 10 11 12 13 1.41421
8 14 4 6 7 9 10 11 12 13 1.73205
8 14 5 6 7 9 10 11 12 13 1.41421
