2 7 0 1 3 4 5 6 8 9 10 11 0
2 7 0 1 3 4 5 6 8 9 10 12 0
2 7 0 1 3 4 5 6 8 9 10 13 0
2 7 0 1 3 4 5 6 8 9 10 14 0
2 7 0 1 3 4 5 6 8 9 11 12 1
2 7 0 1 3 4 5 6 8 9 11 13 1
2 7 0 1 3 4 5 6 8 9 11 14 0
2 7 0 1 3 4 5 6 8 9 12 13 1
2 7 0 1 3 4 5 6 8 9 12 14 0
2 7 0 1 3 4 5 6 8 9 13 14 0
2 7 0 1 3 4 5 6 8 10 11 12 0
2 7 0 1 3 4 5 6 8 10 11 13 0
2 7 0 1 3 4 5 6 8 10 11 14 0
2 7 0 1 3 4 5 6 8 10 12 13 0
2 7 0 1 3 4 5 6 8 10 12 14 0
2 7 0 1 3 4 5 6 8 10 13 14 0
2 7 0 1 3 4 5 6 8 11 12 13 1
2 7 0 1 3 4 5 6 8 11 12 14 0
2 7 0 1 3 4 5 6 8 11 13 14 0
2 7 0 1 3 4 5 6 8 12 13 14 0
2 7 0 1 3 4 5 6 9 10 11 12 0
2 7 0 1 3 4 5 6 9 10 11 13 0
2 7 0 1 3 4 5 6 9 10 11 14 0
2 7 0 1 3 4 5 6 9 10 12 13 0
2 7 0 1 3 4 5 6 9 10 12 14 0
2 7 0 1 3 4 5 6 9 10 13 14 0
2 7 0 1 3 4 5 6 9 11 12 13 1.41421
2 7 0 1 3 4 5 6 9 11 12 14 1
2 7 0 1 3 4 5 6 9 11 13 14 1
2 7 0 1 3 4 5 6 9 12 13 14 1
2 7 0 1 3 4 5 6 10 11 12 13 0
2 7 0 1 3 4 5 6 10 11 12 14 0
2 7 0 1 3 4 5 6 10 11 13 14 0
2 7 0 1 3 4 5 6 10 12 13 14 0
2 7 0 1 3 4 5 6 11 12 13 14 1
2 7 0 1 3 4 5 8 9 10 11 12 0
2 7 0 1 3 4 5 8 9 10 11 13 0
2 7 0 1 3 4 5 8 9 10 11 14 0
2 7 0 1 3 4 5 8 9 10 12 13 1
2 7 0 1 3 4 5 8 9 10 12 14 1
2 7 0 1 3 4 5 8 9 10 13 14 1
2 7 0 1 3 4 5 8 9 11 12 13 1
2 7 0 1 3 4 5 8 9 11 12 14 0
2 7 0 1 3 4 5 8 9 11 13 14 0
2 7 0 1 3 4 5 8 9 12 13 14 1
2 7 0 1 3 4 5 8 10 11 12 13 1
2 7 0 1 3 4 5 8 10 11 12 14 1
2 7 0 1 3 4 5 8 10 11 13 14 1
2 7 0 1 3 4 5 8 10 12 13 14 1.41421
2 7 0 1 3 4 5 8 11 12 13 14 1
2 7 0 1 3 4 5 9 10 11 12 13 0
2 7 0 1 3 4 5 9 10 11 12 14 0
2 7 0 1 3 4 5 9 10 11 13 14 0
2 7 0 1 3 4 5 9 10 12 13 14 1
2 7 0 1 3 4 5 9 11 12 13 14 1
2 7 0 1 3 4 5 10 11 12 13 14 1
2 7 0 1 3 4 6 8 9 10 11 12 0
2 7 0 1 3 4 6 8 9 10 11 13 0
2 7 0 1 3 4 6 8 9 10 11 14 0
2 7 0 1 3 4 6 8 9 10 12 13 0
2 7 0 1 3 4 6 8 9 10 12 14 0
2 7 0 1 3 4 6 8 9 10 13 14 0
2 7 0 1 3 4 6 8 9 11 12 13 1
2 7 0 1 3 4 6 8 9 11 12 14 0
2 7 0 1 3 4 6 8 9 11 13 14 0
2 7 0 1 3 4 6 8 9 12 13 14 0
2 7 0 1 3 4 6 8 10 11 12 13 0
2 7 0 1 3 4 6 8 10 11 12 14 0
2 7 0 1 3 4 6 8 10 11 13 14 0
2 7 0 1 3 4 6 8 10 12 13 14 0
2 7 0 1 3 4 6 8 11 12 13 14 0
2 7 0 1 3 4 6 9 10 11 12 13 0
2 7 0 1 3 4 6 9 10 11 12 14 0
2 7 0 1 3 4 6 9 10 11 13 14 0
2 7 0 1 3 4 6 9 10 12 13 14 0
2 7 0 1 3 4 6 9 11 12 13 14 1
2 7 0 1 3 4 6 10 11 12 13 14 0
2 7 0 1 3 4 8 9 10 11 12 13 0
2 7 0 1 3 4 8 9 10 11 12 14 0
2 7 0 1 3 4 8 9 10 11 13 14 0
2 7 0 1 3 4 8 9 10 12 13 14 1
2 7 0 1 3 4 8 9 11 12 13 14 0
2 7 0 1 3 4 8 10 11 12 13 14 1
2 7 0 1 3 4 9 10 11 12 13 14 0
2 7 0 1 3 5 6 8 9 10 11 12 0
2 7 0 1 3 5 6 8 9 10 11 13 0
2 7 0 1 3 5 6 8 9 10 11 14 0
2 7 0 1 3 5 6 8 9 10 12 13 0
2 7 0 1 3 5 6 8 9 10 12 14 0
2 7 0 1 3 5 6 8 9 10 13 14 0
2 7 0 1 3 5 6 8 9 11 12 13 1.41421
2 7 0 1 3 5 6 8 9 11 12 14 1
2 7 0 1 3 5 6 8 9 11 13 14 1
2 7 0 1 3 5 6 8 9 12 13 14 1
2 7 0 1 3 5 6 8 10 11 12 13 0
2 7 0 1 3 5 6 8 10 11 12 14 0
2 7 0 1 3 5 6 8 10 11 13 14 0
2 7 0 1 3 5 6 8 10 12 13 14 0
2 7 0 1 3 5 6 8 11 12 13 14 1
2 7 0 1 3 5 6 9 10 11 12 13 0
2 7 0 1 3 5 6 9 10 11 12 14 0
2 7 0 1 3 5 6 9 10 11 13 14 0
2 7 0 1 3 5 6 9 10 12 13 14 0
2 7 0 1 3 5 6 9 11 12 13 14 1.41421
2 7 0 1 3 5 6 10 11 12 13 14 0
2 7 0 1 3 5 8 9 10 11 12 13 0
2 7 0 1 3 5 8 9 10 11 12 14 0
2 7 0 1 3 5 8 9 10 11 13 14 0
2 7 0 1 3 5 8 9 10 12 13 14 1
2 7 0 1 3 5 8 9 11 12 13 14 1
2 7 0 1 3 5 8 10 11 12 13 14 1
2 7 0 1 3 5 9 10 11 12 13 14 0
2 7 0 1 3 6 8 9 10 11 12 13 1
2 7 0 1 3 6 8 9 10 11 12 14 1
2 7 0 1 3 6 8 9 10 11 13 14 1
2 7 0 1 3 6 8 9 10 12 13 14 1
2 7 0 1 3 6 8 9 11 12 13 14 1.41421
2 7 0 1 3 6 8 10 11 12 13 14 1
2 7 0 1 3 6 9 10 11 12 13 14 1
2 7 0 1 3 8 9 10 11 12 13 14 1
2 7 0 1 4 5 6 8 9 10 11 12 0
2 7 0 1 4 5 6 8 9 10 11 13 0
2 7 0 1 4 5 6 8 9 10 11 14 0
2 7 0 1 4 5 6 8 9 10 12 13 1
2 7 0 1 4 5 6 8 9 10 12 14 1
2 7 0 1 4 5 6 8 9 10 13 14 1
2 7 0 1 4 5 6 8 9 11 12 13 1
2 7 0 1 4 5 6 8 9 11 12 14 0
2 7 0 1 4 5 6 8 9 11 13 14 0
2 7 0 1 4 5 6 8 9 12 13 14 1
2 7 0 1 4 5 6 8 10 11 12 13 0
2 7 0 1 4 5 6 8 10 11 12 14 0
2 7 0 1 4 5 6 8 10 11 13 14 0
2 7 0 1 4 5 6 8 10 12 13 14 1
2 7 0 1 4 5 6 8 11 12 13 14 0
2 7 0 1 4 5 6 9 10 11 12 13 0
2 7 0 1 4 5 6 9 10 11 12 14 0
2 7 0 1 4 5 6 9 10 11 13 14 0
2 7 0 1 4 5 6 9 10 12 13 14 1
2 7 0 1 4 5 6 9 11 12 13 14 1
2 7 0 1 4 5 6 10 11 12 13 14 0
2 7 0 1 4 5 8 9 10 11 12 13 0
2 7 0 1 4 5 8 9 10 11 12 14 0
2 7 0 1 4 5 8 9 10 11 13 14 0
2 7 0 1 4 5 8 9 10 12 13 14 1.41421
2 7 0 1 4 5 8 9 11 12 13 14 0
2 7 0 1 4 5 8 10 11 12 13 14 1
2 7 0 1 4 5 9 10 11 12 13 14 0
2 7 0 1 4 6 8 9 10 11 12 13 0
2 7 0 1 4 6 8 9 10 11 12 14 0
2 7 0 1 4 6 8 9 10 11 13 14 0
2 7 0 1 4 6 8 9 10 12 13 14 1
2 7 0 1 4 6 8 9 11 12 13 14 0
2 7 0 1 4 6 8 10 11 12 13 14 0
2 7 0 1 4 6 9 10 11 12 13 14 0
2 7 0 1 4 8 9 10 11 12 13 14 0
2 7 0 1 5 6 8 9 10 11 12 13 0
2 7 0 1 5 6 8 9 10 11 12 14 0
2 7 0 1 5 6 8 9 10 11 13 14 0
2 7 0 1 5 6 8 9 10 12 13 14 1
2 7 0 1 5 6 8 9 11 12 13 14 1
2 7 0 1 5 6 8 10 11 12 13 14 0
2 7 0 1 5 6 9 10 11 12 13 14 0
2 7 0 1 5 8 9 10 11 12 13 14 0
2 7 0 1 6 8 9 10 11 12 13 14 1
2 7 0 3 4 5 6 8 9 10 11 12 1
2 7 0 3 4 5 6 8 9 10 11 13 1
2 7 0 3 4 5 6 8 9 10 11 14 1.41421
2 7 0 3 4 5 6 8 9 10 12 13 0
2 7 0 3 4 5 6 8 9 10 12 14 1
2 7 0 3 4 5 6 8 9 10 13 14 1
2 7 0 3 4 5 6 8 9 11 12 13 1
2 7 0 3 4 5 6 8 9 11 12 14 1
2 7 0 3 4 5 6 8 9 11 13 14 1
2 7 0 3 4 5 6 8 9 12 13 14 0
2 7 0 3 4 5 6 8 10 11 12 13 0
2 7 0 3 4 5 6 8 10 11 12 14 1
2 7 0 3 4 5 6 8 10 11 13 14 1
2 7 0 3 4 5 6 8 10 12 13 14 0
2 7 0 3 4 5 6 8 11 12 13 14 0
2 7 0 3 4 5 6 9 10 11 12 13 1
2 7 0 3 4 5 6 9 10 11 12 14 1.41421
2 7 0 3 4 5 6 9 10 11 13 14 1.41421
2 7 0 3 4 5 6 9 10 12 13 14 1
2 7 0 3 4 5 6 9 11 12 13 14 1.41421
2 7 0 3 4 5 6 10 11 12 13 14 1
2 7 0 3 4 5 8 9 10 11 12 13 0
2 7 0 3 4 5 8 9 10 11 12 14 1
2 7 0 3 4 5 8 9 10 11 13 14 1
2 7 0 3 4 5 8 9 10 12 13 14 1
2 7 0 3 4 5 8 9 11 12 13 14 0
2 7 0 3 4 5 8 10 11 12 13 14 1
2 7 0 3 4 5 9 10 11 12 13 14 1
2 7 0 3 4 6 8 9 10 11 12 13 0
2 7 0 3 4 6 8 9 10 11 12 14 1
2 7 0 3 4 6 8 9 10 11 13 14 1
2 7 0 3 4 6 8 9 10 12 13 14 0
2 7 0 3 4 6 8 9 11 12 13 14 0
2 7 0 3 4 6 8 10 11 12 13 14 0
2 7 0 3 4 6 9 10 11 12 13 14 1
2 7 0 3 4 8 9 10 11 12 13 14 0
2 7 0 3 5 6 8 9 10 11 12 13 0
2 7 0 3 5 6 8 9 10 11 12 14 1
2 7 0 3 5 6 8 9 10 11 13 14 1
2 7 0 3 5 6 8 9 10 12 13 14 0
2 7 0 3 5 6 8 9 11 12 13 14 1
2 7 0 3 5 6 8 10 11 12 13 14 0
2 7 0 3 5 6 9 10 11 12 13 14 1
2 7 0 3 5 8 9 10 11 12 13 14 0
2 7 0 3 6 8 9 10 11 12 13 14 1
2 7 0 4 5 6 8 9 10 11 12 13 0
2 7 0 4 5 6 8 9 10 11 12 14 1
2 7 0 4 5 6 8 9 10 11 13 14 1
2 7 0 4 5 6 8 9 10 12 13 14 1
2 7 0 4 5 6 8 9 11 12 13 14 0
2 7 0 4 5 6 8 10 11 12 13 14 0
2 7 0 4 5 6 9 10 11 12 13 14 1
2 7 0 4 5 8 9 10 11 12 13 14 0
2 7 0 4 6 8 9 10 11 12 13 14 0
2 7 0 5 6 8 9 10 11 12 13 14 0
2 7 1 3 4 5 6 8 9 10 11 12 1
2 7 1 3 4 5 6 8 9 10 11 13 0
2 7 1 3 4 5 6 8 9 10 11 14 1
2 7 1 3 4 5 6 8 9 10 12 13 0
2 7 1 3 4 5 6 8 9 10 12 14 1
2 7 1 3 4 5 6 8 9 10 13 14 0
2 7 1 3 4 5 6 8 9 11 12 13 1
2 7 1 3 4 5 6 8 9 11 12 14 1
2 7 1 3 4 5 6 8 9 11 13 14 0
2 7 1 3 4 5 6 8 9 12 13 14 0
2 7 1 3 4 5 6 8 10 11 12 13 0
2 7 1 3 4 5 6 8 10 11 12 14 1
2 7 1 3 4 5 6 8 10 11 13 14 0
2 7 1 3 4 5 6 8 10 12 13 14 0
2 7 1 3 4 5 6 8 11 12 13 14 0
2 7 1 3 4 5 6 9 10 11 12 13 0
2 7 1 3 4 5 6 9 10 11 12 14 1
2 7 1 3 4 5 6 9 10 11 13 14 0
2 7 1 3 4 5 6 9 10 12 13 14 0
2 7 1 3 4 5 6 9 11 12 13 14 1
2 7 1 3 4 5 6 10 11 12 13 14 0
2 7 1 3 4 5 8 9 10 11 12 13 0
2 7 1 3 4 5 8 9 10 11 12 14 1
2 7 1 3 4 5 8 9 10 11 13 14 0
2 7 1 3 4 5 8 9 10 12 13 14 1
2 7 1 3 4 5 8 9 11 12 13 14 0
2 7 1 3 4 5 8 10 11 12 13 14 1
2 7 1 3 4 5 9 10 11 12 13 14 0
2 7 1 3 4 6 8 9 10 11 12 13 0
2 7 1 3 4 6 8 9 10 11 12 14 1
2 7 1 3 4 6 8 9 10 11 13 14 0
2 7 1 3 4 6 8 9 10 12 13 14 0
2 7 1 3 4 6 8 9 11 12 13 14 0
2 7 1 3 4 6 8 10 11 12 13 14 0
2 7 1 3 4 6 9 10 11 12 13 14 0
2 7 1 3 4 8 9 10 11 12 13 14 0
2 7 1 3 5 6 8 9 10 11 12 13 0
2 7 1 3 5 6 8 9 10 11 12 14 1
2 7 1 3 5 6 8 9 10 11 13 14 0
2 7 1 3 5 6 8 9 10 12 13 14 0
2 7 1 3 5 6 8 9 11 12 13 14 1
2 7 1 3 5 6 8 10 11 12 13 14 0
2 7 1 3 5 6 9 10 11 12 13 14 0
2 7 1 3 5 8 9 10 11 12 13 14 0
2 7 1 3 6 8 9 10 11 12 13 14 1
2 7 1 4 5 6 8 9 10 11 12 13 0
2 7 1 4 5 6 8 9 10 11 12 14 1
2 7 1 4 5 6 8 9 10 11 13 14 0
2 7 1 4 5 6 8 9 10 12 13 14 1
2 7 1 4 5 6 8 9 11 12 13 14 0
2 7 1 4 5 6 8 10 11 12 13 14 0
2 7 1 4 5 6 9 10 11 12 13 14 0
2 7 1 4 5 8 9 10 11 12 13 14 0
2 7 1 4 6 8 9 10 11 12 13 14 0
2 7 1 5 6 8 9 10 11 12 13 14 0
2 7 3 4 5 6 8 9 10 11 12 13 0
2 7 3 4 5 6 8 9 10 11 12 14 1.41421
2 7 3 4 5 6 8 9 10 11 13 14 1
2 7 3 4 5 6 8 9 10 12 13 14 0
2 7 3 4 5 6 8 9 11 12 13 14 0
2 7 3 4 5 6 8 10 11 12 13 14 0
2 7 3 4 5 6 9 10 11 12 13 14 1
2 7 3 4 5 8 9 10 11 12 13 14 0
2 7 3 4 6 8 9 10 11 12 13 14 0
2 7 3 5 6 8 9 10 11 12 13 14 0
2 7 4 5 6 8 9 10 11 12 13 14 0
