2 7 0 1 3 4 1.41421
2 7 0 1 3 5 1.73205
2 7 0 1 3 6 1.85164
2 7 0 1 3 8 1.62019
2 7 0 1 3 9 1.85164
2 7 0 1 3 10 1.41421
2 7 0 1 3 11 1.85164
2 7 0 1 3 12 1.85164
2 7 0 1 3 13 1.85164
2 7 0 1 3 14 1.62019
2 7 0 1 4 5 1.62019
2 7 0 1 4 6 1.41421
2 7 0 1 4 8 1.62019
2 7 0 1 4 9 1.41421
2 7 0 1 4 10 1.62019
2 7 0 1 4 11 1.41421
2 7 0 1 4 12 1.62019
2 7 0 1 4 13 1.62019
2 7 0 1 4 14 1.62019
2 7 0 1 5 6 1.73205
2 7 0 1 5 8 1.62019
2 7 0 1 5 9 1.73205
2 7 0 1 5 10 1.62019
2 7 0 1 5 11 1.73205
2 7 0 1 5 12 1.73205
2 7 0 1 5 13 1.73205
2 7 0 1 5 14 1.62019
2 7 0 1 6 8 1.62019
2 7 0 1 6 9 1.85164
2 7 0 1 6 10 1
2 7 0 1 6 11 1.85164
2 7 0 1 6 12 1.85164
2 7 0 1 6 13 1.85164
2 7 0 1 6 14 1.62019
2 7 0 1 8 9 1.62019
2 7 0 1 8 10 1.62019
2 7 0 1 8 11 1.62019
2 7 0 1 8 12 1.62019
2 7 0 1 8 13 1.62019
2 7 0 1 8 14 1.62019
2 7 0 1 9 10 1.41421
2 7 0 1 9 11 1.85164
2 7 0 1 9 12 1.85164
2 7 0 1 9 13 1.85164
2 7 0 1 9 14 1.62019
2 7 0 1 10 11 1
2 7 0 1 10 12 1.62019
2 7 0 1 10 13 1.62019
2 7 0 1 10 14 1.62019
2 7 0 1 11 12 1.85164
2 7 0 1 11 13 1.85164
2 7 0 1 11 14 1.62019
2 7 0 1 12 13 1.85164
2 7 0 1 12 14 1.62019
2 7 0 1 13 14 1.62019
2 7 0 3 4 5 1.90693
2 7 0 3 4 6 1.90693
2 7 0 3 4 8 1.41421
2 7 0 3 4 9 1.90693
2 7 0 3 4 10 1.73205
2 7 0 3 4 11 1.90693
2 7 0 3 4 12 1.73205
2 7 0 3 4 13 1.73205
2 7 0 3 4 14 1.85164
2 7 0 3 5 6 2
2 7 0 3 5 8 1.41421
2 7 0 3 5 9 2
2 7 0 3 5 10 1.73205
2 7 0 3 5 11 2
2 7 0 3 5 12 1.90693
2 7 0 3 5 13 1.90693
2 7 0 3 5 14 1.90693
2 7 0 3 6 8 1.62019
2 7 0 3 6 9 2.04939
2 7 0 3 6 10 1.73205
2 7 0 3 6 11 2.04939
2 7 0 3 6 12 2
2 7 0 3 6 13 2
2 7 0 3 6 14 1.93309
2 7 0 3 8 9 1.62019
2 7 0 3 8 10 1.41421
2 7 0 3 8 11 1.62019
2 7 0 3 8 12 1.62019
2 7 0 3 8 13 1.62019
2 7 0 3 8 14 1.41421
2 7 0 3 9 10 1.73205
2 7 0 3 9 11 2.04939
2 7 0 3 9 12 2
2 7 0 3 9 13 2
2 7 0 3 9 14 1.93309
2 7 0 3 10 11 1.73205
2 7 0 3 10 12 1.41421
2 7 0 3 10 13 1.41421
2 7 0 3 10 14 1.73205
2 7 0 3 11 12 2
2 7 0 3 11 13 2
2 7 0 3 11 14 1.93309
2 7 0 3 12 13 1.93309
2 7 0 3 12 14 1.81265
2 7 0 3 13 14 1.81265
2 7 0 4 5 6 1.90693
2 7 0 4 5 8 1.62019
2 7 0 4 5 9 1.90693
2 7 0 4 5 10 1.73205
2 7 0 4 5 11 1.90693
2 7 0 4 5 12 1.73205
2 7 0 4 5 13 1.73205
2 7 0 4 5 14 1.85164
2 7 0 4 6 8 1.41421
2 7 0 4 6 9 1.90693
2 7 0 4 6 10 1.73205
2 7 0 4 6 11 1.90693
2 7 0 4 6 12 1.73205
2 7 0 4 6 13 1.73205
2 7 0 4 6 14 1.85164
2 7 0 4 8 9 1.41421
2 7 0 4 8 10 1.62019
2 7 0 4 8 11 1.41421
2 7 0 4 8 12 1.62019
2 7 0 4 8 13 1.62019
2 7 0 4 8 14 1.62019
2 7 0 4 9 10 1.73205
2 7 0 4 9 11 1.90693
2 7 0 4 9 12 1.73205
2 7 0 4 9 13 1.73205
2 7 0 4 9 14 1.85164
2 7 0 4 10 11 1.73205
2 7 0 4 10 12 1.62019
2 7 0 4 10 13 1.62019
2 7 0 4 10 14 1.73205
2 7 0 4 11 12 1.73205
2 7 0 4 11 13 1.73205
2 7 0 4 11 14 1.85164
2 7 0 4 12 13 1.62019
2 7 0 4 12 14 1.62019
2 7 0 4 13 14 1.62019
2 7 0 5 6 8 1.41421
2 7 0 5 6 9 2
2 7 0 5 6 10 1.73205
2 7 0 5 6 11 2
2 7 0 5 6 12 1.90693
2 7 0 5 6 13 1.90693
2 7 0 5 6 14 1.90693
2 7 0 5 8 9 1.41421
2 7 0 5 8 10 1.62019
2 7 0 5 8 11 1.41421
2 7 0 5 8 12 1.62019
2 7 0 5 8 13 1.62019
2 7 0 5 8 14 1.62019
2 7 0 5 9 10 1.73205
2 7 0 5 9 11 2
2 7 0 5 9 12 1.90693
2 7 0 5 9 13 1.90693
2 7 0 5 9 14 1.90693
2 7 0 5 10 11 1.73205
2 7 0 5 10 12 1.62019
2 7 0 5 10 13 1.62019
2 7 0 5 10 14 1.73205
2 7 0 5 11 12 1.90693
2 7 0 5 11 13 1.90693
2 7 0 5 11 14 1.90693
2 7 0 5 12 13 1.85164
2 7 0 5 12 14 1.73205
2 7 0 5 13 14 1.73205
2 7 0 6 8 9 1.62019
2 7 0 6 8 10 1.41421
2 7 0 6 8 11 1.62019
2 7 0 6 8 12 1.62019
2 7 0 6 8 13 1.62019
2 7 0 6 8 14 1.41421
2 7 0 6 9 10 1.73205
2 7 0 6 9 11 2.04939
2 7 0 6 9 12 2
2 7 0 6 9 13 2
2 7 0 6 9 14 1.93309
2 7 0 6 10 11 1.73205
2 7 0 6 10 12 1.41421
2 7 0 6 10 13 1.41421
2 7 0 6 10 14 1.73205
2 7 0 6 11 12 2
2 7 0 6 11 13 2
2 7 0 6 11 14 1.93309
2 7 0 6 12 13 1.93309
2 7 0 6 12 14 1.81265
2 7 0 6 13 14 1.81265
2 7 0 8 9 10 1.41421
2 7 0 8 9 11 1.62019
2 7 0 8 9 12 1.62019
2 7 0 8 9 13 1.62019
2 7 0 8 9 14 1.41421
2 7 0 8 10 11 1.41421
2 7 0 8 10 12 1.62019
2 7 0 8 10 13 1.62019
2 7 0 8 10 14 1.62019
2 7 0 8 11 12 1.62019
2 7 0 8 11 13 1.62019
2 7 0 8 11 14 1.41421
2 7 0 8 12 13 1.62019
2 7 0 8 12 14 1.62019
2 7 0 8 13 14 1.62019
2 7 0 9 10 11 1.73205
2 7 0 9 10 12 1.41421
2 7 0 9 10 13 1.41421
2 7 0 9 10 14 1.73205
2 7 0 9 11 12 2
2 7 0 9 11 13 2
2 7 0 9 11 14 1.93309
2 7 0 9 12 13 1.93309
2 7 0 9 12 14 1.81265
2 7 0 9 13 14 1.81265
2 7 0 10 11 12 1.41421
2 7 0 10 11 13 1.41421
2 7 0 10 11 14 1.73205
2 7 0 10 12 13 1.62019
2 7 0 10 12 14 1.62019
2 7 0 10 13 14 1.62019
2 7 0 11 12 13 1.93309
2 7 0 11 12 14 1.81265
2 7 0 11 13 14 1.81265
2 7 0 12 13 14 1.73205
2 7 1 3 4 5 1.41421
2 7 1 3 4 6 1.41421
2 7 1 3 4 8 1.41421
2 7 1 3 4 9 1.41421
2 7 1 3 4 10 1.41421
2 7 1 3 4 11 1.41421
2 7 1 3 4 12 1.41421
2 7 1 3 4 13 1.41421
2 7 1 3 4 14 1.41421
2 7 1 3 5 6 1.73205
2 7 1 3 5 8 1.41421
2 7 1 3 5 9 1.73205
2 7 1 3 5 10 1.41421
2 7 1 3 5 11 1.73205
2 7 1 3 5 12 1.73205
2 7 1 3 5 13 1.73205
2 7 1 3 5 14 1.41421
2 7 1 3 6 8 1.62019
2 7 1 3 6 9 1.85164
2 7 1 3 6 10 1
2 7 1 3 6 11 1.85164
2 7 1 3 6 12 1.85164
2 7 1 3 6 13 1.85164
2 7 1 3 6 14 1.62019
2 7 1 3 8 9 1.62019
2 7 1 3 8 10 1.41421
2 7 1 3 8 11 1.62019
2 7 1 3 8 12 1.62019
2 7 1 3 8 13 1.62019
2 7 1 3 8 14 1.41421
2 7 1 3 9 10 1
2 7 1 3 9 11 1.85164
2 7 1 3 9 12 1.85164
2 7 1 3 9 13 1.85164
2 7 1 3 9 14 1.62019
2 7 1 3 10 11 1
2 7 1 3 10 12 1.41421
2 7 1 3 10 13 1.41421
2 7 1 3 10 14 1.41421
2 7 1 3 11 12 1.85164
2 7 1 3 11 13 1.85164
2 7 1 3 11 14 1.62019
2 7 1 3 12 13 1.85164
2 7 1 3 12 14 1.62019
2 7 1 3 13 14 1.62019
2 7 1 4 5 6 1.41421
2 7 1 4 5 8 1.62019
2 7 1 4 5 9 1.41421
2 7 1 4 5 10 1.62019
2 7 1 4 5 11 1.41421
2 7 1 4 5 12 1.62019
2 7 1 4 5 13 1.62019
2 7 1 4 5 14 1.62019
2 7 1 4 6 8 1
2 7 1 4 6 9 1.41421
2 7 1 4 6 10 1
2 7 1 4 6 11 1.41421
2 7 1 4 6 12 1.41421
2 7 1 4 6 13 1.41421
2 7 1 4 6 14 1
2 7 1 4 8 9 1.41421
2 7 1 4 8 10 1.62019
2 7 1 4 8 11 1
2 7 1 4 8 12 1.62019
2 7 1 4 8 13 1.62019
2 7 1 4 8 14 1.62019
2 7 1 4 9 10 1.41421
2 7 1 4 9 11 1.41421
2 7 1 4 9 12 1.41421
2 7 1 4 9 13 1.41421
2 7 1 4 9 14 1.41421
2 7 1 4 10 11 1
2 7 1 4 10 12 1.62019
2 7 1 4 10 13 1.62019
2 7 1 4 10 14 1.62019
2 7 1 4 11 12 1.41421
2 7 1 4 11 13 1.41421
2 7 1 4 11 14 1
2 7 1 4 12 13 1.62019
2 7 1 4 12 14 1.62019
2 7 1 4 13 14 1.62019
2 7 1 5 6 8 1.41421
2 7 1 5 6 9 1.73205
2 7 1 5 6 10 1
2 7 1 5 6 11 1.73205
2 7 1 5 6 12 1.73205
2 7 1 5 6 13 1.73205
2 7 1 5 6 14 1.41421
2 7 1 5 8 9 1.41421
2 7 1 5 8 10 1.62019
2 7 1 5 8 11 1.41421
2 7 1 5 8 12 1.62019
2 7 1 5 8 13 1.62019
2 7 1 5 8 14 1.62019
2 7 1 5 9 10 1.41421
2 7 1 5 9 11 1.73205
2 7 1 5 9 12 1.73205
2 7 1 5 9 13 1.73205
2 7 1 5 9 14 1.41421
2 7 1 5 10 11 1
2 7 1 5 10 12 1.62019
2 7 1 5 10 13 1.62019
2 7 1 5 10 14 1.62019
2 7 1 5 11 12 1.73205
2 7 1 5 11 13 1.73205
2 7 1 5 11 14 1.41421
2 7 1 5 12 13 1.73205
2 7 1 5 12 14 1.62019
2 7 1 5 13 14 1.62019
2 7 1 6 8 9 1.62019
2 7 1 6 8 10 1
2 7 1 6 8 11 1.62019
2 7 1 6 8 12 1.62019
2 7 1 6 8 13 1.62019
2 7 1 6 8 14 1.41421
2 7 1 6 9 10 1
2 7 1 6 9 11 1.85164
2 7 1 6 9 12 1.85164
2 7 1 6 9 13 1.85164
2 7 1 6 9 14 1.62019
2 7 1 6 10 11 1
2 7 1 6 10 12 1
2 7 1 6 10 13 1
2 7 1 6 10 14 1
2 7 1 6 11 12 1.85164
2 7 1 6 11 13 1.85164
2 7 1 6 11 14 1.62019
2 7 1 6 12 13 1.85164
2 7 1 6 12 14 1.62019
2 7 1 6 13 14 1.62019
2 7 1 8 9 10 1.41421
2 7 1 8 9 11 1.62019
2 7 1 8 9 12 1.62019
2 7 1 8 9 13 1.62019
2 7 1 8 9 14 1.41421
2 7 1 8 10 11 1
2 7 1 8 10 12 1.62019
2 7 1 8 10 13 1.62019
2 7 1 8 10 14 1.62019
2 7 1 8 11 12 1.62019
2 7 1 8 11 13 1.62019
2 7 1 8 11 14 1.41421
2 7 1 8 12 13 1.62019
2 7 1 8 12 14 1.62019
2 7 1 8 13 14 1.62019
2 7 1 9 10 11 1
2 7 1 9 10 12 1.41421
2 7 1 9 10 13 1.41421
2 7 1 9 10 14 1.41421
2 7 1 9 11 12 1.85164
2 7 1 9 11 13 1.85164
2 7 1 9 11 14 1.62019
2 7 1 9 12 13 1.85164
2 7 1 9 12 14 1.62019
2 7 1 9 13 14 1.62019
2 7 1 10 11 12 1
2 7 1 10 11 13 1
2 7 1 10 11 14 1
2 7 1 10 12 13 1.62019
2 7 1 10 12 14 1.62019
2 7 1 10 13 14 1.62019
2 7 1 11 12 13 1.85164
2 7 1 11 12 14 1.62019
2 7 1 11 13 14 1.62019
2 7 1 12 13 14 1.62019
2 7 3 4 5 6 2
2 7 3 4 5 8 1.62019
2 7 3 4 5 9 2
2 7 3 4 5 10 1.85164
2 7 3 4 5 11 2
2 7 3 4 5 12 1.81265
2 7 3 4 5 13 1.73205
2 7 3 4 5 14 1.93309
2 7 3 4 6 8 1.62019
2 7 3 4 6 9 2
2 7 3 4 6 10 1.85164
2 7 3 4 6 11 2
2 7 3 4 6 12 1.81265
2 7 3 4 6 13 1.73205
2 7 3 4 6 14 1.93309
2 7 3 4 8 9 1.62019
2 7 3 4 8 10 1.62019
2 7 3 4 8 11 1.62019
2 7 3 4 8 12 1.41421
2 7 3 4 8 13 1.41421
2 7 3 4 8 14 1.62019
2 7 3 4 9 10 1.85164
2 7 3 4 9 11 2
2 7 3 4 9 12 1.81265
2 7 3 4 9 13 1.73205
2 7 3 4 9 14 1.93309
2 7 3 4 10 11 1.85164
2 7 3 4 10 12 1.62019
2 7 3 4 10 13 1.41421
2 7 3 4 10 14 1.85164
2 7 3 4 11 12 1.81265
2 7 3 4 11 13 1.73205
2 7 3 4 11 14 1.93309
2 7 3 4 12 13 1.62019
2 7 3 4 12 14 1.73205
2 7 3 4 13 14 1.62019
2 7 3 5 6 8 1.62019
2 7 3 5 6 9 2.04939
2 7 3 5 6 10 1.85164
2 7 3 5 6 11 2.04939
2 7 3 5 6 12 1.93309
2 7 3 5 6 13 1.90693
2 7 3 5 6 14 2
2 7 3 5 8 9 1.62019
2 7 3 5 8 10 1.62019
2 7 3 5 8 11 1.62019
2 7 3 5 8 12 1.41421
2 7 3 5 8 13 1.41421
2 7 3 5 8 14 1.62019
2 7 3 5 9 10 1.85164
2 7 3 5 9 11 2.04939
2 7 3 5 9 12 1.93309
2 7 3 5 9 13 1.90693
2 7 3 5 9 14 2
2 7 3 5 10 11 1.85164
2 7 3 5 10 12 1.62019
2 7 3 5 10 13 1.41421
2 7 3 5 10 14 1.85164
2 7 3 5 11 12 1.93309
2 7 3 5 11 13 1.90693
2 7 3 5 11 14 2
2 7 3 5 12 13 1.85164
2 7 3 5 12 14 1.81265
2 7 3 5 13 14 1.73205
2 7 3 6 8 9 1.62019
2 7 3 6 8 10 1.62019
2 7 3 6 8 11 1.62019
2 7 3 6 8 12 1.62019
2 7 3 6 8 13 1.62019
2 7 3 6 8 14 1.62019
2 7 3 6 9 10 1.85164
2 7 3 6 9 11 2.08167
2 7 3 6 9 12 2
2 7 3 6 9 13 2
2 7 3 6 9 14 2
2 7 3 6 10 11 1.85164
2 7 3 6 10 12 1.62019
2 7 3 6 10 13 1.41421
2 7 3 6 10 14 1.85164
2 7 3 6 11 12 2
2 7 3 6 11 13 2
2 7 3 6 11 14 2
2 7 3 6 12 13 1.93309
2 7 3 6 12 14 2
2 7 3 6 13 14 1.81265
2 7 3 8 9 10 1.62019
2 7 3 8 9 11 1.62019
2 7 3 8 9 12 1.62019
2 7 3 8 9 13 1.62019
2 7 3 8 9 14 1.62019
2 7 3 8 10 11 1.62019
2 7 3 8 10 12 1.41421
2 7 3 8 10 13 1.41421
2 7 3 8 10 14 1.62019
2 7 3 8 11 12 1.62019
2 7 3 8 11 13 1.62019
2 7 3 8 11 14 1.62019
2 7 3 8 12 13 1.62019
2 7 3 8 12 14 1.41421
2 7 3 8 13 14 1.41421
2 7 3 9 10 11 1.85164
2 7 3 9 10 12 1.62019
2 7 3 9 10 13 1.41421
2 7 3 9 10 14 1.85164
2 7 3 9 11 12 2
2 7 3 9 11 13 2
2 7 3 9 11 14 2
2 7 3 9 12 13 1.93309
2 7 3 9 12 14 2
2 7 3 9 13 14 1.81265
2 7 3 10 11 12 1.62019
2 7 3 10 11 13 1.41421
2 7 3 10 11 14 1.85164
2 7 3 10 12 13 1.41421
2 7 3 10 12 14 1.62019
2 7 3 10 13 14 1.41421
2 7 3 11 12 13 1.93309
2 7 3 11 12 14 2
2 7 3 11 13 14 1.81265
2 7 3 12 13 14 1.73205
2 7 4 5 6 8 1.62019
2 7 4 5 6 9 2
2 7 4 5 6 10 1.85164
2 7 4 5 6 11 2
2 7 4 5 6 12 1.81265
2 7 4 5 6 13 1.73205
2 7 4 5 6 14 1.93309
2 7 4 5 8 9 1.62019
2 7 4 5 8 10 1.62019
2 7 4 5 8 11 1.62019
2 7 4 5 8 12 1.62019
2 7 4 5 8 13 1.62019
2 7 4 5 8 14 1.62019
2 7 4 5 9 10 1.85164
2 7 4 5 9 11 2
2 7 4 5 9 12 1.81265
2 7 4 5 9 13 1.73205
2 7 4 5 9 14 1.93309
2 7 4 5 10 11 1.85164
2 7 4 5 10 12 1.62019
2 7 4 5 10 13 1.62019
2 7 4 5 10 14 1.85164
2 7 4 5 11 12 1.81265
2 7 4 5 11 13 1.73205
2 7 4 5 11 14 1.93309
2 7 4 5 12 13 1.62019
2 7 4 5 12 14 1.73205
2 7 4 5 13 14 1.62019
2 7 4 6 8 9 1.62019
2 7 4 6 8 10 1.62019
2 7 4 6 8 11 1.62019
2 7 4 6 8 12 1.41421
2 7 4 6 8 13 1
2 7 4 6 8 14 1.62019
2 7 4 6 9 10 1.85164
2 7 4 6 9 11 2
2 7 4 6 9 12 1.81265
2 7 4 6 9 13 1.73205
2 7 4 6 9 14 1.93309
2 7 4 6 10 11 1.85164
2 7 4 6 10 12 1.62019
2 7 4 6 10 13 1.41421
2 7 4 6 10 14 1.85164
2 7 4 6 11 12 1.81265
2 7 4 6 11 13 1.73205
2 7 4 6 11 14 1.93309
2 7 4 6 12 13 1.62019
2 7 4 6 12 14 1.73205
2 7 4 6 13 14 1.62019
2 7 4 8 9 10 1.62019
2 7 4 8 9 11 1.62019
2 7 4 8 9 12 1.41421
2 7 4 8 9 13 1.41421
2 7 4 8 9 14 1.62019
2 7 4 8 10 11 1.62019
2 7 4 8 10 12 1.62019
2 7 4 8 10 13 1.62019
2 7 4 8 10 14 1.62019
2 7 4 8 11 12 1.41421
2 7 4 8 11 13 1
2 7 4 8 11 14 1.62019
2 7 4 8 12 13 1.62019
2 7 4 8 12 14 1.62019
2 7 4 8 13 14 1.62019
2 7 4 9 10 11 1.85164
2 7 4 9 10 12 1.62019
2 7 4 9 10 13 1.41421
2 7 4 9 10 14 1.85164
2 7 4 9 11 12 1.81265
2 7 4 9 11 13 1.73205
2 7 4 9 11 14 1.93309
2 7 4 9 12 13 1.62019
2 7 4 9 12 14 1.73205
2 7 4 9 13 14 1.62019
2 7 4 10 11 12 1.62019
2 7 4 10 11 13 1.41421
2 7 4 10 11 14 1.85164
2 7 4 10 12 13 1.62019
2 7 4 10 12 14 1.62019
2 7 4 10 13 14 1.62019
2 7 4 11 12 13 1.62019
2 7 4 11 12 14 1.73205
2 7 4 11 13 14 1.62019
2 7 4 12 13 14 1.62019
2 7 5 6 8 9 1.62019
2 7 5 6 8 10 1.62019
2 7 5 6 8 11 1.62019
2 7 5 6 8 12 1.41421
2 7 5 6 8 13 1.41421
2 7 5 6 8 14 1.62019
2 7 5 6 9 10 1.85164
2 7 5 6 9 11 2.04939
2 7 5 6 9 12 1.93309
2 7 5 6 9 13 1.90693
2 7 5 6 9 14 2
2 7 5 6 10 11 1.85164
2 7 5 6 10 12 1.62019
2 7 5 6 10 13 1.41421
2 7 5 6 10 14 1.85164
2 7 5 6 11 12 1.93309
2 7 5 6 11 13 1.90693
2 7 5 6 11 14 2
2 7 5 6 12 13 1.85164
2 7 5 6 12 14 1.81265
2 7 5 6 13 14 1.73205
2 7 5 8 9 10 1.62019
2 7 5 8 9 11 1.62019
2 7 5 8 9 12 1.41421
2 7 5 8 9 13 1.41421
2 7 5 8 9 14 1.62019
2 7 5 8 10 11 1.62019
2 7 5 8 10 12 1.62019
2 7 5 8 10 13 1.62019
2 7 5 8 10 14 1.62019
2 7 5 8 11 12 1.41421
2 7 5 8 11 13 1.41421
2 7 5 8 11 14 1.62019
2 7 5 8 12 13 1.62019
2 7 5 8 12 14 1.62019
2 7 5 8 13 14 1.62019
2 7 5 9 10 11 1.85164
2 7 5 9 10 12 1.62019
2 7 5 9 10 13 1.41421
2 7 5 9 10 14 1.85164
2 7 5 9 11 12 1.93309
2 7 5 9 11 13 1.90693
2 7 5 9 11 14 2
2 7 5 9 12 13 1.85164
2 7 5 9 12 14 1.81265
2 7 5 9 13 14 1.73205
2 7 5 10 11 12 1.62019
2 7 5 10 11 13 1.41421
2 7 5 10 11 14 1.85164
2 7 5 10 12 13 1.62019
2 7 5 10 12 14 1.62019
2 7 5 10 13 14 1.62019
2 7 5 11 12 13 1.85164
2 7 5 11 12 14 1.81265
2 7 5 11 13 14 1.73205
2 7 5 12 13 14 1.62019
2 7 6 8 9 10 1.62019
2 7 6 8 9 11 1.62019
2 7 6 8 9 12 1.62019
2 7 6 8 9 13 1.62019
2 7 6 8 9 14 1.62019
2 7 6 8 10 11 1.62019
2 7 6 8 10 12 1.41421
2 7 6 8 10 13 1
2 7 6 8 10 14 1.62019
2 7 6 8 11 12 1.62019
2 7 6 8 11 13 1.62019
2 7 6 8 11 14 1.62019
2 7 6 8 12 13 1.62019
2 7 6 8 12 14 1.41421
2 7 6 8 13 14 1.41421
2 7 6 9 10 11 1.85164
2 7 6 9 10 12 1.62019
2 7 6 9 10 13 1.41421
2 7 6 9 10 14 1.85164
2 7 6 9 11 12 2
2 7 6 9 11 13 2
2 7 6 9 11 14 2
2 7 6 9 12 13 1.93309
2 7 6 9 12 14 2
2 7 6 9 13 14 1.81265
2 7 6 10 11 12 1.62019
2 7 6 10 11 13 1.41421
2 7 6 10 11 14 1.85164
2 7 6 10 12 13 1
2 7 6 10 12 14 1.62019
2 7 6 10 13 14 1.41421
2 7 6 11 12 13 1.93309
2 7 6 11 12 14 2
2 7 6 11 13 14 1.81265
2 7 6 12 13 14 1.73205
2 7 8 9 10 11 1.62019
2 7 8 9 10 12 1.41421
2 7 8 9 10 13 1.41421
2 7 8 9 10 14 1.62019
2 7 8 9 11 12 1.62019
2 7 8 9 11 13 1.62019
2 7 8 9 11 14 1.62019
2 7 8 9 12 13 1.62019
2 7 8 9 12 14 1.41421
2 7 8 9 13 14 1.41421
2 7 8 10 11 12 1.41421
2 7 8 10 11 13 1
2 7 8 10 11 14 1.62019
2 7 8 10 12 13 1.62019
2 7 8 10 12 14 1.62019
2 7 8 10 13 14 1.62019
2 7 8 11 12 13 1.62019
2 7 8 11 12 14 1.41421
2 7 8 11 13 14 1.41421
2 7 8 12 13 14 1.62019
2 7 9 10 11 12 1.62019
2 7 9 10 11 13 1.41421
2 7 9 10 11 14 1.85164
2 7 9 10 12 13 1.41421
2 7 9 10 12 14 1.62019
2 7 9 10 13 14 1.41421
2 7 9 11 12 13 1.93309
2 7 9 11 12 14 2
2 7 9 11 13 14 1.81265
2 7 9 12 13 14 1.73205
2 7 10 11 12 13 1
2 7 10 11 12 14 1.62019
2 7 10 11 13 14 1.41421
2 7 10 12 13 14 1.62019
2 7 11 12 13 14 1.73205
