0 14 1 2 2
0 14 1 3 1.90693
0 14 1 4 2.19089
0 14 1 5 1.90693
0 14 1 6 2.28446
0 14 1 7 2
0 14 1 8 2.3094
0 14 1 9 2.3094
0 14 1 10 2.28446
0 14 1 11 2.19089
0 14 1 12 2.38048
0 14 1 13 2.38048
0 14 2 3 2.24038
0 14 2 4 2.27395
0 14 2 5 2.22159
0 14 2 6 2.34521
0 14 2 7 1.93309
0 14 2 8 2.1557
0 14 2 9 2.34284
0 14 2 10 2.25726
0 14 2 11 2.31349
0 14 2 12 2.24812
0 14 2 13 2.24812
0 14 3 4 2.48193
0 14 3 5 2.29907
0 14 3 6 2.58404
0 14 3 7 2.24038
0 14 3 8 2.37697
0 14 3 9 2.58404
0 14 3 10 2.49516
0 14 3 11 2.58404
0 14 3 12 2.46311
0 14 3 13 2.46311
0 14 4 5 2.54674
0 14 4 6 2.77498
0 14 4 7 2.27395
0 14 4 8 2.68408
0 14 4 9 2.77766
0 14 4 10 2.76819
0 14 4 11 2.72385
0 14 4 12 2.69472
0 14 4 13 2.69472
0 14 5 6 2.57391
0 14 5 7 2.22159
0 14 5 8 2.389
0 14 5 9 2.54598
0 14 5 10 2.51534
0 14 5 11 2.49313
0 14 5 12 2.43521
0 14 5 13 2.43521
0 14 6 7 2.34521
0 14 6 8 2.72172
0 14 6 9 2.84346
0 14 6 10 2.79903
0 14 6 11 2.80938
0 14 6 12 2.76353
0 14 6 13 2.76353
0 14 7 8 2.1557
0 14 7 9 2.34284
0 14 7 10 2.25726
0 14 7 11 2.31349
0 14 7 12 2.24812
0 14 7 13 2.24812
0 14 8 9 2.7338
0 14 8 10 2.7314
0 14 8 11 2.67435
0 14 8 12 2.67706
0 14 8 13 2.67706
0 14 9 10 2.79933
0 14 9 11 2.80938
0 14 9 12 2.76677
0 14 9 13 2.76677
0 14 10 11 2.75936
0 14 10 12 2.7314
0 14 10 13 2.7314
0 14 11 12 2.72279
0 14 11 13 2.72279
0 14 12 13 2.71042
