8 13 0 1 2 3 4 5 6 7 9 10 0
8 13 0 1 2 3 4 5 6 7 9 11 1
8 13 0 1 2 3 4 5 6 7 9 12 1
8 13 0 1 2 3 4 5 6 7 9 14 0
8 13 0 1 2 3 4 5 6 7 10 11 0
8 13 0 1 2 3 4 5 6 7 10 12 0
8 13 0 1 2 3 4 5 6 7 10 14 0
8 13 0 1 2 3 4 5 6 7 11 12 1
8 13 0 1 2 3 4 5 6 7 11 14 0
8 13 0 1 2 3 4 5 6 7 12 14 0
8 13 0 1 2 3 4 5 6 9 10 11 0
8 13 0 1 2 3 4 5 6 9 10 12 0
8 13 0 1 2 3 4 5 6 9 10 14 0
8 13 0 1 2 3 4 5 6 9 11 12 1
8 13 0 1 2 3 4 5 6 9 11 14 0
8 13 0 1 2 3 4 5 6 9 12 14 0
8 13 0 1 2 3 4 5 6 10 11 12 0
8 13 0 1 2 3 4 5 6 10 11 14 0
8 13 0 1 2 3 4 5 6 10 12 14 0
8 13 0 1 2 3 4 5 6 11 12 14 0
8 13 0 1 2 3 4 5 7 9 10 11 0
8 13 0 1 2 3 4 5 7 9 10 12 1
8 13 0 1 2 3 4 5 7 9 10 14 1
8 13 0 1 2 3 4 5 7 9 11 12 1
8 13 0 1 2 3 4 5 7 9 11 14 0
8 13 0 1 2 3 4 5 7 9 12 14 1
8 13 0 1 2 3 4 5 7 10 11 12 1
8 13 0 1 2 3 4 5 7 10 11 14 1
8 13 0 1 2 3 4 5 7 10 12 14 1.41421
8 13 0 1 2 3 4 5 7 11 12 14 1
8 13 0 1 2 3 4 5 9 10 11 12 0
8 13 0 1 2 3 4 5 9 10 11 14 0
8 13 0 1 2 3 4 5 9 10 12 14 1
8 13 0 1 2 3 4 5 9 11 12 14 0
8 13 0 1 2 3 4 5 10 11 12 14 1
8 13 0 1 2 3 4 6 7 9 10 11 0
8 13 0 1 2 3 4 6 7 9 10 12 0
8 13 0 1 2 3 4 6 7 9 10 14 0
8 13 0 1 2 3 4 6 7 9 11 12 1
8 13 0 1 2 3 4 6 7 9 11 14 0
8 13 0 1 2 3 4 6 7 9 12 14 0
8 13 0 1 2 3 4 6 7 10 11 12 0
8 13 0 1 2 3 4 6 7 10 11 14 0
8 13 0 1 2 3 4 6 7 10 12 14 0
8 13 0 1 2 3 4 6 7 11 12 14 0
8 13 0 1 2 3 4 6 9 10 11 12 1
8 13 0 1 2 3 4 6 9 10 11 14 1
8 13 0 1 2 3 4 6 9 10 12 14 1
8 13 0 1 2 3 4 6 9 11 12 14 1
8 13 0 1 2 3 4 6 10 11 12 14 1
8 13 0 1 2 3 4 7 9 10 11 12 0
8 13 0 1 2 3 4 7 9 10 11 14 0
8 13 0 1 2 3 4 7 9 10 12 14 1
8 13 0 1 2 3 4 7 9 11 12 14 0
8 13 0 1 2 3 4 7 10 11 12 14 1
8 13 0 1 2 3 4 9 10 11 12 14 1
8 13 0 1 2 3 5 6 7 9 10 11 0
8 13 0 1 2 3 5 6 7 9 10 12 0
8 13 0 1 2 3 5 6 7 9 10 14 0
8 13 0 1 2 3 5 6 7 9 11 12 1.41421
8 13 0 1 2 3 5 6 7 9 11 14 1
8 13 0 1 2 3 5 6 7 9 12 14 1
8 13 0 1 2 3 5 6 7 10 11 12 0
8 13 0 1 2 3 5 6 7 10 11 14 0
8 13 0 1 2 3 5 6 7 10 12 14 0
8 13 0 1 2 3 5 6 7 11 12 14 1
8 13 0 1 2 3 5 6 9 10 11 12 0
8 13 0 1 2 3 5 6 9 10 11 14 0
8 13 0 1 2 3 5 6 9 10 12 14 0
8 13 0 1 2 3 5 6 9 11 12 14 1
8 13 0 1 2 3 5 6 10 11 12 14 0
8 13 0 1 2 3 5 7 9 10 11 12 0
8 13 0 1 2 3 5 7 9 10 11 14 0
8 13 0 1 2 3 5 7 9 10 12 14 1
8 13 0 1 2 3 5 7 9 11 12 14 1
8 13 0 1 2 3 5 7 10 11 12 14 1
8 13 0 1 2 3 5 9 10 11 12 14 0
8 13 0 1 2 3 6 7 9 10 11 12 1
8 13 0 1 2 3 6 7 9 10 11 14 1
8 13 0 1 2 3 6 7 9 10 12 14 1
8 13 0 1 2 3 6 7 9 11 12 14 1.41421
8 13 0 1 2 3 6 7 10 11 12 14 1
8 13 0 1 2 3 6 9 10 11 12 14 1.41421
8 13 0 1 2 3 7 9 10 11 12 14 1
8 13 0 1 2 4 5 6 7 9 10 11 0
8 13 0 1 2 4 5 6 7 9 10 12 1
8 13 0 1 2 4 5 6 7 9 10 14 1
8 13 0 1 2 4 5 6 7 9 11 12 1
8 13 0 1 2 4 5 6 7 9 11 14 0
8 13 0 1 2 4 5 6 7 9 12 14 1
8 13 0 1 2 4 5 6 7 10 11 12 0
8 13 0 1 2 4 5 6 7 10 11 14 0
8 13 0 1 2 4 5 6 7 10 12 14 1
8 13 0 1 2 4 5 6 7 11 12 14 0
8 13 0 1 2 4 5 6 9 10 11 12 1
8 13 0 1 2 4 5 6 9 10 11 14 1
8 13 0 1 2 4 5 6 9 10 12 14 1.41421
8 13 0 1 2 4 5 6 9 11 12 14 1
8 13 0 1 2 4 5 6 10 11 12 14 1
8 13 0 1 2 4 5 7 9 10 11 12 0
8 13 0 1 2 4 5 7 9 10 11 14 0
8 13 0 1 2 4 5 7 9 10 12 14 1.41421
8 13 0 1 2 4 5 7 9 11 12 14 0
8 13 0 1 2 4 5 7 10 11 12 14 1
8 13 0 1 2 4 5 9 10 11 12 14 1
8 13 0 1 2 4 6 7 9 10 11 12 0
8 13 0 1 2 4 6 7 9 10 11 14 0
8 13 0 1 2 4 6 7 9 10 12 14 1
8 13 0 1 2 4 6 7 9 11 12 14 0
8 13 0 1 2 4 6 7 10 11 12 14 0
8 13 0 1 2 4 6 9 10 11 12 14 1.41421
8 13 0 1 2 4 7 9 10 11 12 14 0
8 13 0 1 2 5 6 7 9 10 11 12 0
8 13 0 1 2 5 6 7 9 10 11 14 0
8 13 0 1 2 5 6 7 9 10 12 14 1
8 13 0 1 2 5 6 7 9 11 12 14 1
8 13 0 1 2 5 6 7 10 11 12 14 0
8 13 0 1 2 5 6 9 10 11 12 14 1
8 13 0 1 2 5 7 9 10 11 12 14 0
8 13 0 1 2 6 7 9 10 11 12 14 1
8 13 0 1 3 4 5 6 7 9 10 11 0
8 13 0 1 3 4 5 6 7 9 10 12 0
8 13 0 1 3 4 5 6 7 9 10 14 0
8 13 0 1 3 4 5 6 7 9 11 12 1
8 13 0 1 3 4 5 6 7 9 11 14 0
8 13 0 1 3 4 5 6 7 9 12 14 0
8 13 0 1 3 4 5 6 7 10 11 12 0
8 13 0 1 3 4 5 6 7 10 11 14 0
8 13 0 1 3 4 5 6 7 10 12 14 0
8 13 0 1 3 4 5 6 7 11 12 14 0
8 13 0 1 3 4 5 6 9 10 11 12 0
8 13 0 1 3 4 5 6 9 10 11 14 0
8 13 0 1 3 4 5 6 9 10 12 14 0
8 13 0 1 3 4 5 6 9 11 12 14 0
8 13 0 1 3 4 5 6 10 11 12 14 0
8 13 0 1 3 4 5 7 9 10 11 12 0
8 13 0 1 3 4 5 7 9 10 11 14 0
8 13 0 1 3 4 5 7 9 10 12 14 1
8 13 0 1 3 4 5 7 9 11 12 14 0
8 13 0 1 3 4 5 7 10 11 12 14 1
8 13 0 1 3 4 5 9 10 11 12 14 0
8 13 0 1 3 4 6 7 9 10 11 12 1
8 13 0 1 3 4 6 7 9 10 11 14 1
8 13 0 1 3 4 6 7 9 10 12 14 1
8 13 0 1 3 4 6 7 9 11 12 14 1
8 13 0 1 3 4 6 7 10 11 12 14 1
8 13 0 1 3 4 6 9 10 11 12 14 1.41421
8 13 0 1 3 4 7 9 10 11 12 14 1
8 13 0 1 3 5 6 7 9 10 11 12 0
8 13 0 1 3 5 6 7 9 10 11 14 0
8 13 0 1 3 5 6 7 9 10 12 14 0
8 13 0 1 3 5 6 7 9 11 12 14 1
8 13 0 1 3 5 6 7 10 11 12 14 0
8 13 0 1 3 5 6 9 10 11 12 14 0
8 13 0 1 3 5 7 9 10 11 12 14 0
8 13 0 1 3 6 7 9 10 11 12 14 1.41421
8 13 0 1 4 5 6 7 9 10 11 12 1
8 13 0 1 4 5 6 7 9 10 11 14 1
8 13 0 1 4 5 6 7 9 10 12 14 1.41421
8 13 0 1 4 5 6 7 9 11 12 14 1
8 13 0 1 4 5 6 7 10 11 12 14 1
8 13 0 1 4 5 6 9 10 11 12 14 1.41421
8 13 0 1 4 5 7 9 10 11 12 14 1
8 13 0 1 4 6 7 9 10 11 12 14 1.41421
8 13 0 1 5 6 7 9 10 11 12 14 1
8 13 0 2 3 4 5 6 7 9 10 11 1
8 13 0 2 3 4 5 6 7 9 10 12 0
8 13 0 2 3 4 5 6 7 9 10 14 1
8 13 0 2 3 4 5 6 7 9 11 12 1
8 13 0 2 3 4 5 6 7 9 11 14 1
8 13 0 2 3 4 5 6 7 9 12 14 0
8 13 0 2 3 4 5 6 7 10 11 12 0
8 13 0 2 3 4 5 6 7 10 11 14 1
8 13 0 2 3 4 5 6 7 10 12 14 0
8 13 0 2 3 4 5 6 7 11 12 14 0
8 13 0 2 3 4 5 6 9 10 11 12 1
8 13 0 2 3 4 5 6 9 10 11 14 1.41421
8 13 0 2 3 4 5 6 9 10 12 14 1
8 13 0 2 3 4 5 6 9 11 12 14 1
8 13 0 2 3 4 5 6 10 11 12 14 1
8 13 0 2 3 4 5 7 9 10 11 12 0
8 13 0 2 3 4 5 7 9 10 11 14 1
8 13 0 2 3 4 5 7 9 10 12 14 1
8 13 0 2 3 4 5 7 9 11 12 14 0
8 13 0 2 3 4 5 7 10 11 12 14 1
8 13 0 2 3 4 5 9 10 11 12 14 1
8 13 0 2 3 4 6 7 9 10 11 12 0
8 13 0 2 3 4 6 7 9 10 11 14 1
8 13 0 2 3 4 6 7 9 10 12 14 0
8 13 0 2 3 4 6 7 9 11 12 14 0
8 13 0 2 3 4 6 7 10 11 12 14 0
8 13 0 2 3 4 6 9 10 11 12 14 1.41421
8 13 0 2 3 4 7 9 10 11 12 14 0
8 13 0 2 3 5 6 7 9 10 11 12 0
8 13 0 2 3 5 6 7 9 10 11 14 1
8 13 0 2 3 5 6 7 9 10 12 14 0
8 13 0 2 3 5 6 7 9 11 12 14 1
8 13 0 2 3 5 6 7 10 11 12 14 0
8 13 0 2 3 5 6 9 10 11 12 14 1
8 13 0 2 3 5 7 9 10 11 12 14 0
8 13 0 2 3 6 7 9 10 11 12 14 1
8 13 0 2 4 5 6 7 9 10 11 12 0
8 13 0 2 4 5 6 7 9 10 11 14 1
8 13 0 2 4 5 6 7 9 10 12 14 1
8 13 0 2 4 5 6 7 9 11 12 14 0
8 13 0 2 4 5 6 7 10 11 12 14 0
8 13 0 2 4 5 6 9 10 11 12 14 1.41421
8 13 0 2 4 5 7 9 10 11 12 14 0
8 13 0 2 4 6 7 9 10 11 12 14 0
8 13 0 2 5 6 7 9 10 11 12 14 0
8 13 0 3 4 5 6 7 9 10 11 12 1
8 13 0 3 4 5 6 7 9 10 11 14 1.41421
8 13 0 3 4 5 6 7 9 10 12 14 1
8 13 0 3 4 5 6 7 9 11 12 14 1
8 13 0 3 4 5 6 7 10 11 12 14 1
8 13 0 3 4 5 6 9 10 11 12 14 1.41421
8 13 0 3 4 5 7 9 10 11 12 14 1
8 13 0 3 4 6 7 9 10 11 12 14 1.41421
8 13 0 3 5 6 7 9 10 11 12 14 1
8 13 0 4 5 6 7 9 10 11 12 14 1.41421
8 13 1 2 3 4 5 6 7 9 10 11 0
8 13 1 2 3 4 5 6 7 9 10 12 0
8 13 1 2 3 4 5 6 7 9 10 14 0
8 13 1 2 3 4 5 6 7 9 11 12 1
8 13 1 2 3 4 5 6 7 9 11 14 0
8 13 1 2 3 4 5 6 7 9 12 14 0
8 13 1 2 3 4 5 6 7 10 11 12 0
8 13 1 2 3 4 5 6 7 10 11 14 0
8 13 1 2 3 4 5 6 7 10 12 14 0
8 13 1 2 3 4 5 6 7 11 12 14 0
8 13 1 2 3 4 5 6 9 10 11 12 0
8 13 1 2 3 4 5 6 9 10 11 14 0
8 13 1 2 3 4 5 6 9 10 12 14 0
8 13 1 2 3 4 5 6 9 11 12 14 0
8 13 1 2 3 4 5 6 10 11 12 14 0
8 13 1 2 3 4 5 7 9 10 11 12 0
8 13 1 2 3 4 5 7 9 10 11 14 0
8 13 1 2 3 4 5 7 9 10 12 14 1
8 13 1 2 3 4 5 7 9 11 12 14 0
8 13 1 2 3 4 5 7 10 11 12 14 1
8 13 1 2 3 4 5 9 10 11 12 14 0
8 13 1 2 3 4 6 7 9 10 11 12 0
8 13 1 2 3 4 6 7 9 10 11 14 0
8 13 1 2 3 4 6 7 9 10 12 14 0
8 13 1 2 3 4 6 7 9 11 12 14 0
8 13 1 2 3 4 6 7 10 11 12 14 0
8 13 1 2 3 4 6 9 10 11 12 14 1
8 13 1 2 3 4 7 9 10 11 12 14 0
8 13 1 2 3 5 6 7 9 10 11 12 0
8 13 1 2 3 5 6 7 9 10 11 14 0
8 13 1 2 3 5 6 7 9 10 12 14 0
8 13 1 2 3 5 6 7 9 11 12 14 1
8 13 1 2 3 5 6 7 10 11 12 14 0
8 13 1 2 3 5 6 9 10 11 12 14 0
8 13 1 2 3 5 7 9 10 11 12 14 0
8 13 1 2 3 6 7 9 10 11 12 14 1
8 13 1 2 4 5 6 7 9 10 11 12 0
8 13 1 2 4 5 6 7 9 10 11 14 0
8 13 1 2 4 5 6 7 9 10 12 14 1
8 13 1 2 4 5 6 7 9 11 12 14 0
8 13 1 2 4 5 6 7 10 11 12 14 0
8 13 1 2 4 5 6 9 10 11 12 14 1
8 13 1 2 4 5 7 9 10 11 12 14 0
8 13 1 2 4 6 7 9 10 11 12 14 0
8 13 1 2 5 6 7 9 10 11 12 14 0
8 13 1 3 4 5 6 7 9 10 11 12 0
8 13 1 3 4 5 6 7 9 10 11 14 0
8 13 1 3 4 5 6 7 9 10 12 14 0
8 13 1 3 4 5 6 7 9 11 12 14 0
8 13 1 3 4 5 6 7 10 11 12 14 0
8 13 1 3 4 5 6 9 10 11 12 14 0
8 13 1 3 4 5 7 9 10 11 12 14 0
8 13 1 3 4 6 7 9 10 11 12 14 1
8 13 1 3 5 6 7 9 10 11 12 14 0
8 13 1 4 5 6 7 9 10 11 12 14 1
8 13 2 3 4 5 6 7 9 10 11 12 0
8 13 2 3 4 5 6 7 9 10 11 14 1
8 13 2 3 4 5 6 7 9 10 12 14 0
8 13 2 3 4 5 6 7 9 11 12 14 0
8 13 2 3 4 5 6 7 10 11 12 14 0
8 13 2 3 4 5 6 9 10 11 12 14 1
8 13 2 3 4 5 7 9 10 11 12 14 0
8 13 2 3 4 6 7 9 10 11 12 14 0
8 13 2 3 5 6 7 9 10 11 12 14 0
8 13 2 4 5 6 7 9 10 11 12 14 0
8 13 3 4 5 6 7 9 10 11 12 14 1
