8 13 0 1 2.38048
8 13 0 2 2.16025
8 13 0 3 2.28446
8 13 0 4 2.64575
8 13 0 5 2.28446
8 13 0 6 2.65417
8 13 0 7 2.16025
8 13 0 9 2.67706
8 13 0 10 2.65417
8 13 0 11 2.64575
8 13 0 12 2.63923
8 13 0 14 2.67706
8 13 1 2 2
8 13 1 3 1.90693
8 13 1 4 2.19089
8 13 1 5 1.90693
8 13 1 6 2.28446
8 13 1 7 2
8 13 1 9 2.3094
8 13 1 10 2.28446
8 13 1 11 2.19089
8 13 1 12 2.38048
8 13 1 14 2.3094
8 13 2 3 2
8 13 2 4 2
8 13 2 5 2
8 13 2 6 2.08167
8 13 2 7 1.62019
8 13 2 9 2.08167
8 13 2 10 2.08167
8 13 2 11 2
8 13 2 12 2.04742
8 13 2 14 2.08167
8 13 3 4 2.13664
8 13 3 5 1.73205
8 13 3 6 2.28446
8 13 3 7 2
8 13 3 9 2.28446
8 13 3 10 2.23607
8 13 3 11 2.28446
8 13 3 12 2.19089
8 13 3 14 2.26385
8 13 4 5 2.28446
8 13 4 6 2.58844
8 13 4 7 2
8 13 4 9 2.60419
8 13 4 10 2.64575
8 13 4 11 2.52543
8 13 4 12 2.53899
8 13 4 14 2.64575
8 13 5 6 2.23607
8 13 5 7 2
8 13 5 9 2.26385
8 13 5 10 2.28446
8 13 5 11 2.13664
8 13 5 12 2.19089
8 13 5 14 2.28446
8 13 6 7 2.08167
8 13 6 9 2.65417
8 13 6 10 2.64575
8 13 6 11 2.64575
8 13 6 12 2.64575
8 13 6 14 2.66288
8 13 7 9 2.08167
8 13 7 10 2.08167
8 13 7 11 2
8 13 7 12 2.04742
8 13 7 14 2.08167
8 13 9 10 2.66288
8 13 9 11 2.64575
8 13 9 12 2.62912
8 13 9 14 2.67842
8 13 10 11 2.58844
8 13 10 12 2.64575
8 13 10 14 2.65417
8 13 11 12 2.53899
8 13 11 14 2.60419
8 13 12 14 2.62912
