4 7 0 1 1.81265
4 7 0 2 1.90693
4 7 0 3 2.16556
4 7 0 5 2.22159
4 7 0 6 2.27689
4 7 0 8 2.09069
4 7 0 9 2.27907
4 7 0 10 2.22892
4 7 0 11 2.23846
4 7 0 12 2.14542
4 7 0 13 2.14542
4 7 0 14 2.27395
4 7 1 2 1.62019
4 7 1 3 1.41421
4 7 1 5 1.73205
4 7 1 6 1.62019
4 7 1 8 1.81265
4 7 1 9 1.73205
4 7 1 10 1.81265
4 7 1 11 1.41421
4 7 1 12 1.81265
4 7 1 13 1.81265
4 7 1 14 1.81265
4 7 2 3 2
4 7 2 5 2
4 7 2 6 2
4 7 2 8 1.62019
4 7 2 9 2
4 7 2 10 1.85164
4 7 2 11 2
4 7 2 12 1.81265
4 7 2 13 1.73205
4 7 2 14 1.93309
4 7 3 5 2.16556
4 7 3 6 2.23607
4 7 3 8 1.93309
4 7 3 9 2.23607
4 7 3 10 2.13809
4 7 3 11 2.23607
4 7 3 12 2.0381
4 7 3 13 2
4 7 3 14 2.18955
4 7 5 6 2.22985
4 7 5 8 2.02367
4 7 5 9 2.29907
4 7 5 10 2.19848
4 7 5 11 2.23607
4 7 5 12 2.08683
4 7 5 13 2.05603
4 7 5 14 2.23607
4 7 6 8 2.09938
4 7 6 9 2.34521
4 7 6 10 2.2514
4 7 6 11 2.28239
4 7 6 12 2.15322
4 7 6 13 2.16025
4 7 6 14 2.29256
4 7 8 9 2.16025
4 7 8 10 2.14154
4 7 8 11 2.04939
4 7 8 12 2.04495
4 7 8 13 2
4 7 8 14 2.14154
4 7 9 10 2.26747
4 7 9 11 2.28239
4 7 9 12 2.17607
4 7 9 13 2.13535
4 7 9 14 2.30079
4 7 10 11 2.22354
4 7 10 12 2.14154
4 7 10 13 2.09069
4 7 10 14 2.27395
4 7 11 12 2.12132
4 7 11 13 2.08167
4 7 11 14 2.26779
4 7 12 13 2.04742
4 7 12 14 2.17562
4 7 13 14 2.14154
