4 7 0 1 2 3 1.41421
4 7 0 1 2 5 1.62019
4 7 0 1 2 6 1.41421
4 7 0 1 2 8 1.62019
4 7 0 1 2 9 1.41421
4 7 0 1 2 10 1.62019
4 7 0 1 2 11 1.41421
4 7 0 1 2 12 1.62019
4 7 0 1 2 13 1.62019
4 7 0 1 2 14 1.62019
4 7 0 1 3 5 1.41421
4 7 0 1 3 6 1.41421
4 7 0 1 3 8 1.41421
4 7 0 1 3 9 1.41421
4 7 0 1 3 10 1.41421
4 7 0 1 3 11 1.41421
4 7 0 1 3 12 1.41421
4 7 0 1 3 13 1.41421
4 7 0 1 3 14 1.41421
4 7 0 1 5 6 1.41421
4 7 0 1 5 8 1.73205
4 7 0 1 5 9 1.62019
4 7 0 1 5 10 1.73205
4 7 0 1 5 11 1.41421
4 7 0 1 5 12 1.73205
4 7 0 1 5 13 1.73205
4 7 0 1 5 14 1.73205
4 7 0 1 6 8 1.62019
4 7 0 1 6 9 1.62019
4 7 0 1 6 10 1.62019
4 7 0 1 6 11 1.41421
4 7 0 1 6 12 1.62019
4 7 0 1 6 13 1.62019
4 7 0 1 6 14 1.62019
4 7 0 1 8 9 1.73205
4 7 0 1 8 10 1.81265
4 7 0 1 8 11 1.41421
4 7 0 1 8 12 1.81265
4 7 0 1 8 13 1.81265
4 7 0 1 8 14 1.81265
4 7 0 1 9 10 1.73205
4 7 0 1 9 11 1.41421
4 7 0 1 9 12 1.73205
4 7 0 1 9 13 1.73205
4 7 0 1 9 14 1.73205
4 7 0 1 10 11 1.41421
4 7 0 1 10 12 1.81265
4 7 0 1 10 13 1.81265
4 7 0 1 10 14 1.81265
4 7 0 1 11 12 1.41421
4 7 0 1 11 13 1.41421
4 7 0 1 11 14 1.41421
4 7 0 1 12 13 1.81265
4 7 0 1 12 14 1.81265
4 7 0 1 13 14 1.81265
4 7 0 2 3 5 1.90693
4 7 0 2 3 6 1.90693
4 7 0 2 3 8 1.41421
4 7 0 2 3 9 1.90693
4 7 0 2 3 10 1.73205
4 7 0 2 3 11 1.90693
4 7 0 2 3 12 1.73205
4 7 0 2 3 13 1.73205
4 7 0 2 3 14 1.85164
4 7 0 2 5 6 1.90693
4 7 0 2 5 8 1.62019
4 7 0 2 5 9 1.90693
4 7 0 2 5 10 1.73205
4 7 0 2 5 11 1.90693
4 7 0 2 5 12 1.73205
4 7 0 2 5 13 1.73205
4 7 0 2 5 14 1.85164
4 7 0 2 6 8 1.41421
4 7 0 2 6 9 1.90693
4 7 0 2 6 10 1.73205
4 7 0 2 6 11 1.90693
4 7 0 2 6 12 1.73205
4 7 0 2 6 13 1.73205
4 7 0 2 6 14 1.85164
4 7 0 2 8 9 1.41421
4 7 0 2 8 10 1.62019
4 7 0 2 8 11 1.41421
4 7 0 2 8 12 1.62019
4 7 0 2 8 13 1.62019
4 7 0 2 8 14 1.62019
4 7 0 2 9 10 1.73205
4 7 0 2 9 11 1.90693
4 7 0 2 9 12 1.73205
4 7 0 2 9 13 1.73205
4 7 0 2 9 14 1.85164
4 7 0 2 10 11 1.73205
4 7 0 2 10 12 1.62019
4 7 0 2 10 13 1.62019
4 7 0 2 10 14 1.73205
4 7 0 2 11 12 1.73205
4 7 0 2 11 13 1.73205
4 7 0 2 11 14 1.85164
4 7 0 2 12 13 1.62019
4 7 0 2 12 14 1.62019
4 7 0 2 13 14 1.62019
4 7 0 3 5 6 2.10357
4 7 0 3 5 8 1.73205
4 7 0 3 5 9 2.10357
4 7 0 3 5 10 2
4 7 0 3 5 11 2.10357
4 7 0 3 5 12 1.90693
4 7 0 3 5 13 1.90693
4 7 0 3 5 14 2.07802
4 7 0 3 6 8 1.85164
4 7 0 3 6 9 2.16556
4 7 0 3 6 10 2.07802
4 7 0 3 6 11 2.16556
4 7 0 3 6 12 2
4 7 0 3 6 13 2
4 7 0 3 6 14 2.13809
4 7 0 3 8 9 1.85164
4 7 0 3 8 10 1.85164
4 7 0 3 8 11 1.85164
4 7 0 3 8 12 1.62019
4 7 0 3 8 13 1.62019
4 7 0 3 8 14 1.85164
4 7 0 3 9 10 2.07802
4 7 0 3 9 11 2.16556
4 7 0 3 9 12 2
4 7 0 3 9 13 2
4 7 0 3 9 14 2.13809
4 7 0 3 10 11 2.07802
4 7 0 3 10 12 1.85164
4 7 0 3 10 13 1.85164
4 7 0 3 10 14 2.07802
4 7 0 3 11 12 2
4 7 0 3 11 13 2
4 7 0 3 11 14 2.13809
4 7 0 3 12 13 1.81265
4 7 0 3 12 14 1.93309
4 7 0 3 13 14 1.93309
4 7 0 5 6 8 1.90693
4 7 0 5 6 9 2.23607
4 7 0 5 6 10 2.10357
4 7 0 5 6 11 2.16556
4 7 0 5 6 12 2.01187
4 7 0 5 6 13 2.01187
4 7 0 5 6 14 2.16556
4 7 0 5 8 9 1.93309
4 7 0 5 8 10 1.96214
4 7 0 5 8 11 1.85164
4 7 0 5 8 12 2
4 7 0 5 8 13 2
4 7 0 5 8 14 1.96214
4 7 0 5 9 10 2.12132
4 7 0 5 9 11 2.16556
4 7 0 5 9 12 2.04495
4 7 0 5 9 13 2.04495
4 7 0 5 9 14 2.17626
4 7 0 5 10 11 2.07802
4 7 0 5 10 12 1.96214
4 7 0 5 10 13 1.96214
4 7 0 5 10 14 2.12993
4 7 0 5 11 12 2
4 7 0 5 11 13 2
4 7 0 5 11 14 2.13809
4 7 0 5 12 13 2
4 7 0 5 12 14 2.02367
4 7 0 5 13 14 2.02367
4 7 0 6 8 9 2.04939
4 7 0 6 8 10 2.04939
4 7 0 6 8 11 2.00294
4 7 0 6 8 12 1.93309
4 7 0 6 8 13 1.93309
4 7 0 6 8 14 2.04939
4 7 0 6 9 10 2.21037
4 7 0 6 9 11 2.23846
4 7 0 6 9 12 2.16025
4 7 0 6 9 13 2.16025
4 7 0 6 9 14 2.2514
4 7 0 6 10 11 2.17945
4 7 0 6 10 12 2.04939
4 7 0 6 10 13 2.04939
4 7 0 6 10 14 2.21037
4 7 0 6 11 12 2.08167
4 7 0 6 11 13 2.08167
4 7 0 6 11 14 2.22354
4 7 0 6 12 13 2
4 7 0 6 12 14 2.09938
4 7 0 6 13 14 2.09938
4 7 0 8 9 10 2.08167
4 7 0 8 9 11 2.00294
4 7 0 8 9 12 2
4 7 0 8 9 13 2
4 7 0 8 9 14 2.08167
4 7 0 8 10 11 2.00294
4 7 0 8 10 12 2
4 7 0 8 10 13 2
4 7 0 8 10 14 2.09069
4 7 0 8 11 12 1.85164
4 7 0 8 11 13 1.85164
4 7 0 8 11 14 2.00294
4 7 0 8 12 13 1.93309
4 7 0 8 12 14 2
4 7 0 8 13 14 2
4 7 0 9 10 11 2.17945
4 7 0 9 10 12 2.08167
4 7 0 9 10 13 2.08167
4 7 0 9 10 14 2.21675
4 7 0 9 11 12 2.08167
4 7 0 9 11 13 2.08167
4 7 0 9 11 14 2.22354
4 7 0 9 12 13 2.04495
4 7 0 9 12 14 2.16025
4 7 0 9 13 14 2.16025
4 7 0 10 11 12 2.00294
4 7 0 10 11 13 2.00294
4 7 0 10 11 14 2.17945
4 7 0 10 12 13 2
4 7 0 10 12 14 2.09069
4 7 0 10 13 14 2.09069
4 7 0 11 12 13 1.93309
4 7 0 11 12 14 2.04939
4 7 0 11 13 14 2.04939
4 7 0 12 13 14 2.04495
4 7 1 2 3 5 1.41421
4 7 1 2 3 6 1.41421
4 7 1 2 3 8 1.41421
4 7 1 2 3 9 1.41421
4 7 1 2 3 10 1.41421
4 7 1 2 3 11 1.41421
4 7 1 2 3 12 1.41421
4 7 1 2 3 13 1.41421
4 7 1 2 3 14 1.41421
4 7 1 2 5 6 1.41421
4 7 1 2 5 8 1.62019
4 7 1 2 5 9 1.41421
4 7 1 2 5 10 1.62019
4 7 1 2 5 11 1.41421
4 7 1 2 5 12 1.62019
4 7 1 2 5 13 1.62019
4 7 1 2 5 14 1.62019
4 7 1 2 6 8 1
4 7 1 2 6 9 1.41421
4 7 1 2 6 10 1
4 7 1 2 6 11 1.41421
4 7 1 2 6 12 1.41421
4 7 1 2 6 13 1.41421
4 7 1 2 6 14 1
4 7 1 2 8 9 1.41421
4 7 1 2 8 10 1.62019
4 7 1 2 8 11 1
4 7 1 2 8 12 1.62019
4 7 1 2 8 13 1.62019
4 7 1 2 8 14 1.62019
4 7 1 2 9 10 1.41421
4 7 1 2 9 11 1.41421
4 7 1 2 9 12 1.41421
4 7 1 2 9 13 1.41421
4 7 1 2 9 14 1.41421
4 7 1 2 10 11 1
4 7 1 2 10 12 1.62019
4 7 1 2 10 13 1.62019
4 7 1 2 10 14 1.62019
4 7 1 2 11 12 1.41421
4 7 1 2 11 13 1.41421
4 7 1 2 11 14 1
4 7 1 2 12 13 1.62019
4 7 1 2 12 14 1.62019
4 7 1 2 13 14 1.62019
4 7 1 3 5 6 1.41421
4 7 1 3 5 8 1.41421
4 7 1 3 5 9 1.41421
4 7 1 3 5 10 1.41421
4 7 1 3 5 11 1.41421
4 7 1 3 5 12 1.41421
4 7 1 3 5 13 1.41421
4 7 1 3 5 14 1.41421
4 7 1 3 6 8 1
4 7 1 3 6 9 1.41421
4 7 1 3 6 10 1
4 7 1 3 6 11 1.41421
4 7 1 3 6 12 1.41421
4 7 1 3 6 13 1.41421
4 7 1 3 6 14 1
4 7 1 3 8 9 1
4 7 1 3 8 10 1.41421
4 7 1 3 8 11 1
4 7 1 3 8 12 1.41421
4 7 1 3 8 13 1.41421
4 7 1 3 8 14 1.41421
4 7 1 3 9 10 1
4 7 1 3 9 11 1.41421
4 7 1 3 9 12 1.41421
4 7 1 3 9 13 1.41421
4 7 1 3 9 14 1
4 7 1 3 10 11 1
4 7 1 3 10 12 1.41421
4 7 1 3 10 13 1.41421
4 7 1 3 10 14 1.41421
4 7 1 3 11 12 1.41421
4 7 1 3 11 13 1.41421
4 7 1 3 11 14 1
4 7 1 3 12 13 1.41421
4 7 1 3 12 14 1.41421
4 7 1 3 13 14 1.41421
4 7 1 5 6 8 1.41421
4 7 1 5 6 9 1.41421
4 7 1 5 6 10 1.41421
4 7 1 5 6 11 1.41421
4 7 1 5 6 12 1.41421
4 7 1 5 6 13 1.41421
4 7 1 5 6 14 1.41421
4 7 1 5 8 9 1.62019
4 7 1 5 8 10 1.73205
4 7 1 5 8 11 1
4 7 1 5 8 12 1.73205
4 7 1 5 8 13 1.73205
4 7 1 5 8 14 1.73205
4 7 1 5 9 10 1.62019
4 7 1 5 9 11 1.41421
4 7 1 5 9 12 1.62019
4 7 1 5 9 13 1.62019
4 7 1 5 9 14 1.62019
4 7 1 5 10 11 1
4 7 1 5 10 12 1.73205
4 7 1 5 10 13 1.73205
4 7 1 5 10 14 1.73205
4 7 1 5 11 12 1.41421
4 7 1 5 11 13 1.41421
4 7 1 5 11 14 1
4 7 1 5 12 13 1.73205
4 7 1 5 12 14 1.73205
4 7 1 5 13 14 1.73205
4 7 1 6 8 9 1.62019
4 7 1 6 8 10 1.62019
4 7 1 6 8 11 1.41421
4 7 1 6 8 12 1.62019
4 7 1 6 8 13 1.62019
4 7 1 6 8 14 1.62019
4 7 1 6 9 10 1.62019
4 7 1 6 9 11 1.41421
4 7 1 6 9 12 1.62019
4 7 1 6 9 13 1.62019
4 7 1 6 9 14 1.62019
4 7 1 6 10 11 1.41421
4 7 1 6 10 12 1.62019
4 7 1 6 10 13 1.62019
4 7 1 6 10 14 1.62019
4 7 1 6 11 12 1.41421
4 7 1 6 11 13 1.41421
4 7 1 6 11 14 1.41421
4 7 1 6 12 13 1.62019
4 7 1 6 12 14 1.62019
4 7 1 6 13 14 1.62019
4 7 1 8 9 10 1.73205
4 7 1 8 9 11 1.41421
4 7 1 8 9 12 1.73205
4 7 1 8 9 13 1.73205
4 7 1 8 9 14 1.73205
4 7 1 8 10 11 1.41421
4 7 1 8 10 12 1.81265
4 7 1 8 10 13 1.81265
4 7 1 8 10 14 1.81265
4 7 1 8 11 12 1.41421
4 7 1 8 11 13 1.41421
4 7 1 8 11 14 1.41421
4 7 1 8 12 13 1.81265
4 7 1 8 12 14 1.81265
4 7 1 8 13 14 1.81265
4 7 1 9 10 11 1.41421
4 7 1 9 10 12 1.73205
4 7 1 9 10 13 1.73205
4 7 1 9 10 14 1.73205
4 7 1 9 11 12 1.41421
4 7 1 9 11 13 1.41421
4 7 1 9 11 14 1.41421
4 7 1 9 12 13 1.73205
4 7 1 9 12 14 1.73205
4 7 1 9 13 14 1.73205
4 7 1 10 11 12 1.41421
4 7 1 10 11 13 1.41421
4 7 1 10 11 14 1.41421
4 7 1 10 12 13 1.81265
4 7 1 10 12 14 1.81265
4 7 1 10 13 14 1.81265
4 7 1 11 12 13 1.41421
4 7 1 11 12 14 1.41421
4 7 1 11 13 14 1.41421
4 7 1 12 13 14 1.81265
4 7 2 3 5 6 2
4 7 2 3 5 8 1.62019
4 7 2 3 5 9 2
4 7 2 3 5 10 1.85164
4 7 2 3 5 11 2
4 7 2 3 5 12 1.81265
4 7 2 3 5 13 1.73205
4 7 2 3 5 14 1.93309
4 7 2 3 6 8 1.62019
4 7 2 3 6 9 2
4 7 2 3 6 10 1.85164
4 7 2 3 6 11 2
4 7 2 3 6 12 1.81265
4 7 2 3 6 13 1.73205
4 7 2 3 6 14 1.93309
4 7 2 3 8 9 1.62019
4 7 2 3 8 10 1.62019
4 7 2 3 8 11 1.62019
4 7 2 3 8 12 1.41421
4 7 2 3 8 13 1.41421
4 7 2 3 8 14 1.62019
4 7 2 3 9 10 1.85164
4 7 2 3 9 11 2
4 7 2 3 9 12 1.81265
4 7 2 3 9 13 1.73205
4 7 2 3 9 14 1.93309
4 7 2 3 10 11 1.85164
4 7 2 3 10 12 1.62019
4 7 2 3 10 13 1.41421
4 7 2 3 10 14 1.85164
4 7 2 3 11 12 1.81265
4 7 2 3 11 13 1.73205
4 7 2 3 11 14 1.93309
4 7 2 3 12 13 1.62019
4 7 2 3 12 14 1.73205
4 7 2 3 13 14 1.62019
4 7 2 5 6 8 1.62019
4 7 2 5 6 9 2
4 7 2 5 6 10 1.85164
4 7 2 5 6 11 2
4 7 2 5 6 12 1.81265
4 7 2 5 6 13 1.73205
4 7 2 5 6 14 1.93309
4 7 2 5 8 9 1.62019
4 7 2 5 8 10 1.62019
4 7 2 5 8 11 1.62019
4 7 2 5 8 12 1.62019
4 7 2 5 8 13 1.62019
4 7 2 5 8 14 1.62019
4 7 2 5 9 10 1.85164
4 7 2 5 9 11 2
4 7 2 5 9 12 1.81265
4 7 2 5 9 13 1.73205
4 7 2 5 9 14 1.93309
4 7 2 5 10 11 1.85164
4 7 2 5 10 12 1.62019
4 7 2 5 10 13 1.62019
4 7 2 5 10 14 1.85164
4 7 2 5 11 12 1.81265
4 7 2 5 11 13 1.73205
4 7 2 5 11 14 1.93309
4 7 2 5 12 13 1.62019
4 7 2 5 12 14 1.73205
4 7 2 5 13 14 1.62019
4 7 2 6 8 9 1.62019
4 7 2 6 8 10 1.62019
4 7 2 6 8 11 1.62019
4 7 2 6 8 12 1.41421
4 7 2 6 8 13 1
4 7 2 6 8 14 1.62019
4 7 2 6 9 10 1.85164
4 7 2 6 9 11 2
4 7 2 6 9 12 1.81265
4 7 2 6 9 13 1.73205
4 7 2 6 9 14 1.93309
4 7 2 6 10 11 1.85164
4 7 2 6 10 12 1.62019
4 7 2 6 10 13 1.41421
4 7 2 6 10 14 1.85164
4 7 2 6 11 12 1.81265
4 7 2 6 11 13 1.73205
4 7 2 6 11 14 1.93309
4 7 2 6 12 13 1.62019
4 7 2 6 12 14 1.73205
4 7 2 6 13 14 1.62019
4 7 2 8 9 10 1.62019
4 7 2 8 9 11 1.62019
4 7 2 8 9 12 1.41421
4 7 2 8 9 13 1.41421
4 7 2 8 9 14 1.62019
4 7 2 8 10 11 1.62019
4 7 2 8 10 12 1.62019
4 7 2 8 10 13 1.62019
4 7 2 8 10 14 1.62019
4 7 2 8 11 12 1.41421
4 7 2 8 11 13 1
4 7 2 8 11 14 1.62019
4 7 2 8 12 13 1.62019
4 7 2 8 12 14 1.62019
4 7 2 8 13 14 1.62019
4 7 2 9 10 11 1.85164
4 7 2 9 10 12 1.62019
4 7 2 9 10 13 1.41421
4 7 2 9 10 14 1.85164
4 7 2 9 11 12 1.81265
4 7 2 9 11 13 1.73205
4 7 2 9 11 14 1.93309
4 7 2 9 12 13 1.62019
4 7 2 9 12 14 1.73205
4 7 2 9 13 14 1.62019
4 7 2 10 11 12 1.62019
4 7 2 10 11 13 1.41421
4 7 2 10 11 14 1.85164
4 7 2 10 12 13 1.62019
4 7 2 10 12 14 1.62019
4 7 2 10 13 14 1.62019
4 7 2 11 12 13 1.62019
4 7 2 11 12 14 1.73205
4 7 2 11 13 14 1.62019
4 7 2 12 13 14 1.62019
4 7 3 5 6 8 1.85164
4 7 3 5 6 9 2.16556
4 7 3 5 6 10 2.07802
4 7 3 5 6 11 2.16556
4 7 3 5 6 12 2
4 7 3 5 6 13 1.90693
4 7 3 5 6 14 2.13809
4 7 3 5 8 9 1.85164
4 7 3 5 8 10 1.85164
4 7 3 5 8 11 1.85164
4 7 3 5 8 12 1.62019
4 7 3 5 8 13 1.41421
4 7 3 5 8 14 1.85164
4 7 3 5 9 10 2.07802
4 7 3 5 9 11 2.16556
4 7 3 5 9 12 2
4 7 3 5 9 13 1.90693
4 7 3 5 9 14 2.13809
4 7 3 5 10 11 2.07802
4 7 3 5 10 12 1.85164
4 7 3 5 10 13 1.73205
4 7 3 5 10 14 2.07802
4 7 3 5 11 12 2
4 7 3 5 11 13 1.90693
4 7 3 5 11 14 2.13809
4 7 3 5 12 13 1.73205
4 7 3 5 12 14 1.93309
4 7 3 5 13 14 1.85164
4 7 3 6 8 9 1.93309
4 7 3 6 8 10 1.93309
4 7 3 6 8 11 1.93309
4 7 3 6 8 12 1.73205
4 7 3 6 8 13 1.62019
4 7 3 6 8 14 1.93309
4 7 3 6 9 10 2.13809
4 7 3 6 9 11 2.23607
4 7 3 6 9 12 2.0381
4 7 3 6 9 13 2
4 7 3 6 9 14 2.18955
4 7 3 6 10 11 2.13809
4 7 3 6 10 12 1.93309
4 7 3 6 10 13 1.85164
4 7 3 6 10 14 2.13809
4 7 3 6 11 12 2.0381
4 7 3 6 11 13 2
4 7 3 6 11 14 2.18955
4 7 3 6 12 13 1.81265
4 7 3 6 12 14 2
4 7 3 6 13 14 1.93309
4 7 3 8 9 10 1.93309
4 7 3 8 9 11 1.93309
4 7 3 8 9 12 1.73205
4 7 3 8 9 13 1.62019
4 7 3 8 9 14 1.93309
4 7 3 8 10 11 1.93309
4 7 3 8 10 12 1.73205
4 7 3 8 10 13 1.62019
4 7 3 8 10 14 1.93309
4 7 3 8 11 12 1.73205
4 7 3 8 11 13 1.62019
4 7 3 8 11 14 1.93309
4 7 3 8 12 13 1.41421
4 7 3 8 12 14 1.73205
4 7 3 8 13 14 1.62019
4 7 3 9 10 11 2.13809
4 7 3 9 10 12 1.93309
4 7 3 9 10 13 1.85164
4 7 3 9 10 14 2.13809
4 7 3 9 11 12 2.0381
4 7 3 9 11 13 2
4 7 3 9 11 14 2.18955
4 7 3 9 12 13 1.81265
4 7 3 9 12 14 2
4 7 3 9 13 14 1.93309
4 7 3 10 11 12 1.93309
4 7 3 10 11 13 1.85164
4 7 3 10 11 14 2.13809
4 7 3 10 12 13 1.62019
4 7 3 10 12 14 1.93309
4 7 3 10 13 14 1.85164
4 7 3 11 12 13 1.81265
4 7 3 11 12 14 2
4 7 3 11 13 14 1.93309
4 7 3 12 13 14 1.73205
4 7 5 6 8 9 2
4 7 5 6 8 10 2
4 7 5 6 8 11 1.93309
4 7 5 6 8 12 1.81265
4 7 5 6 8 13 1.73205
4 7 5 6 8 14 2
4 7 5 6 9 10 2.16556
4 7 5 6 9 11 2.23607
4 7 5 6 9 12 2.05751
4 7 5 6 9 13 2.01187
4 7 5 6 9 14 2.23607
4 7 5 6 10 11 2.13809
4 7 5 6 10 12 2
4 7 5 6 10 13 1.90693
4 7 5 6 10 14 2.16556
4 7 5 6 11 12 2.0381
4 7 5 6 11 13 2
4 7 5 6 11 14 2.18955
4 7 5 6 12 13 2
4 7 5 6 12 14 2.0381
4 7 5 6 13 14 2
4 7 5 8 9 10 2
4 7 5 8 9 11 1.93309
4 7 5 8 9 12 2
4 7 5 8 9 13 1.81265
4 7 5 8 9 14 2
4 7 5 8 10 11 1.93309
4 7 5 8 10 12 2
4 7 5 8 10 13 2
4 7 5 8 10 14 2.02367
4 7 5 8 11 12 1.73205
4 7 5 8 11 13 1.62019
4 7 5 8 11 14 1.93309
4 7 5 8 12 13 1.81265
4 7 5 8 12 14 2
4 7 5 8 13 14 2
4 7 5 9 10 11 2.13809
4 7 5 9 10 12 2
4 7 5 9 10 13 1.93309
4 7 5 9 10 14 2.17626
4 7 5 9 11 12 2.0381
4 7 5 9 11 13 2
4 7 5 9 11 14 2.18955
4 7 5 9 12 13 2
4 7 5 9 12 14 2.08167
4 7 5 9 13 14 2
4 7 5 10 11 12 1.93309
4 7 5 10 11 13 1.85164
4 7 5 10 11 14 2.13809
4 7 5 10 12 13 2
4 7 5 10 12 14 2.02367
4 7 5 10 13 14 1.96214
4 7 5 11 12 13 1.81265
4 7 5 11 12 14 2
4 7 5 11 13 14 1.93309
4 7 5 12 13 14 2
4 7 6 8 9 10 2.09938
4 7 6 8 9 11 2.04939
4 7 6 8 9 12 2
4 7 6 8 9 13 1.93309
4 7 6 8 9 14 2.09938
4 7 6 8 10 11 2.04939
4 7 6 8 10 12 2
4 7 6 8 10 13 1.93309
4 7 6 8 10 14 2.09938
4 7 6 8 11 12 1.90693
4 7 6 8 11 13 1.85164
4 7 6 8 11 14 2.04939
4 7 6 8 12 13 1.85164
4 7 6 8 12 14 2
4 7 6 8 13 14 1.93309
4 7 6 9 10 11 2.22354
4 7 6 9 10 12 2.09938
4 7 6 9 10 13 2.04939
4 7 6 9 10 14 2.2514
4 7 6 9 11 12 2.12132
4 7 6 9 11 13 2.08167
4 7 6 9 11 14 2.26779
4 7 6 9 12 13 2
4 7 6 9 12 14 2.13809
4 7 6 9 13 14 2.09938
4 7 6 10 11 12 2.04939
4 7 6 10 11 13 2.00294
4 7 6 10 11 14 2.22354
4 7 6 10 12 13 1.93309
4 7 6 10 12 14 2.09938
4 7 6 10 13 14 2.04939
4 7 6 11 12 13 1.93309
4 7 6 11 12 14 2.10223
4 7 6 11 13 14 2.04939
4 7 6 12 13 14 2
4 7 8 9 10 11 2.04939
4 7 8 9 10 12 2.01187
4 7 8 9 10 13 2
4 7 8 9 10 14 2.16025
4 7 8 9 11 12 1.90693
4 7 8 9 11 13 1.85164
4 7 8 9 11 14 2.04939
4 7 8 9 12 13 1.90693
4 7 8 9 12 14 2.01187
4 7 8 9 13 14 2
4 7 8 10 11 12 1.90693
4 7 8 10 11 13 1.85164
4 7 8 10 11 14 2.04939
4 7 8 10 12 13 1.93309
4 7 8 10 12 14 2.04495
4 7 8 10 13 14 2
4 7 8 11 12 13 1.73205
4 7 8 11 12 14 1.90693
4 7 8 11 13 14 1.85164
4 7 8 12 13 14 1.93309
4 7 9 10 11 12 2.04939
4 7 9 10 11 13 2.00294
4 7 9 10 11 14 2.22354
4 7 9 10 12 13 2
4 7 9 10 12 14 2.16025
4 7 9 10 13 14 2.08167
4 7 9 11 12 13 1.93309
4 7 9 11 12 14 2.10223
4 7 9 11 13 14 2.04939
4 7 9 12 13 14 2.01187
4 7 10 11 12 13 1.85164
4 7 10 11 12 14 2.04939
4 7 10 11 13 14 2.00294
4 7 10 12 13 14 2
4 7 11 12 13 14 1.90693
