4 7 0 1 2 3 5 6 8 1
4 7 0 1 2 3 5 6 9 1.41421
4 7 0 1 2 3 5 6 10 0
4 7 0 1 2 3 5 6 11 1.41421
4 7 0 1 2 3 5 6 12 1.41421
4 7 0 1 2 3 5 6 13 1.41421
4 7 0 1 2 3 5 6 14 1
4 7 0 1 2 3 5 8 9 1
4 7 0 1 2 3 5 8 10 1.41421
4 7 0 1 2 3 5 8 11 1
4 7 0 1 2 3 5 8 12 1.41421
4 7 0 1 2 3 5 8 13 1.41421
4 7 0 1 2 3 5 8 14 1.41421
4 7 0 1 2 3 5 9 10 1
4 7 0 1 2 3 5 9 11 1.41421
4 7 0 1 2 3 5 9 12 1.41421
4 7 0 1 2 3 5 9 13 1.41421
4 7 0 1 2 3 5 9 14 1
4 7 0 1 2 3 5 10 11 1
4 7 0 1 2 3 5 10 12 1.41421
4 7 0 1 2 3 5 10 13 1.41421
4 7 0 1 2 3 5 10 14 1.41421
4 7 0 1 2 3 5 11 12 1.41421
4 7 0 1 2 3 5 11 13 1.41421
4 7 0 1 2 3 5 11 14 1
4 7 0 1 2 3 5 12 13 1.41421
4 7 0 1 2 3 5 12 14 1.41421
4 7 0 1 2 3 5 13 14 1.41421
4 7 0 1 2 3 6 8 9 1
4 7 0 1 2 3 6 8 10 0
4 7 0 1 2 3 6 8 11 1
4 7 0 1 2 3 6 8 12 1
4 7 0 1 2 3 6 8 13 1
4 7 0 1 2 3 6 8 14 0
4 7 0 1 2 3 6 9 10 0
4 7 0 1 2 3 6 9 11 1.41421
4 7 0 1 2 3 6 9 12 1.41421
4 7 0 1 2 3 6 9 13 1.41421
4 7 0 1 2 3 6 9 14 1
4 7 0 1 2 3 6 10 11 0
4 7 0 1 2 3 6 10 12 0
4 7 0 1 2 3 6 10 13 0
4 7 0 1 2 3 6 10 14 0
4 7 0 1 2 3 6 11 12 1.41421
4 7 0 1 2 3 6 11 13 1.41421
4 7 0 1 2 3 6 11 14 1
4 7 0 1 2 3 6 12 13 1.41421
4 7 0 1 2 3 6 12 14 1
4 7 0 1 2 3 6 13 14 1
4 7 0 1 2 3 8 9 10 1
4 7 0 1 2 3 8 9 11 1
4 7 0 1 2 3 8 9 12 1
4 7 0 1 2 3 8 9 13 1
4 7 0 1 2 3 8 9 14 1
4 7 0 1 2 3 8 10 11 1
4 7 0 1 2 3 8 10 12 1.41421
4 7 0 1 2 3 8 10 13 1.41421
4 7 0 1 2 3 8 10 14 1.41421
4 7 0 1 2 3 8 11 12 1
4 7 0 1 2 3 8 11 13 1
4 7 0 1 2 3 8 11 14 1
4 7 0 1 2 3 8 12 13 1.41421
4 7 0 1 2 3 8 12 14 1.41421
4 7 0 1 2 3 8 13 14 1.41421
4 7 0 1 2 3 9 10 11 0
4 7 0 1 2 3 9 10 12 1
4 7 0 1 2 3 9 10 13 1
4 7 0 1 2 3 9 10 14 1
4 7 0 1 2 3 9 11 12 1.41421
4 7 0 1 2 3 9 11 13 1.41421
4 7 0 1 2 3 9 11 14 1
4 7 0 1 2 3 9 12 13 1.41421
4 7 0 1 2 3 9 12 14 1
4 7 0 1 2 3 9 13 14 1
4 7 0 1 2 3 10 11 12 1
4 7 0 1 2 3 10 11 13 1
4 7 0 1 2 3 10 11 14 1
4 7 0 1 2 3 10 12 13 1.41421
4 7 0 1 2 3 10 12 14 1.41421
4 7 0 1 2 3 10 13 14 1.41421
4 7 0 1 2 3 11 12 13 1.41421
4 7 0 1 2 3 11 12 14 1
4 7 0 1 2 3 11 13 14 1
4 7 0 1 2 3 12 13 14 1.41421
4 7 0 1 2 5 6 8 9 1
4 7 0 1 2 5 6 8 10 1
4 7 0 1 2 5 6 8 11 1
4 7 0 1 2 5 6 8 12 1
4 7 0 1 2 5 6 8 13 1
4 7 0 1 2 5 6 8 14 1
4 7 0 1 2 5 6 9 10 1
4 7 0 1 2 5 6 9 11 1.41421
4 7 0 1 2 5 6 9 12 1.41421
4 7 0 1 2 5 6 9 13 1.41421
4 7 0 1 2 5 6 9 14 1
4 7 0 1 2 5 6 10 11 0
4 7 0 1 2 5 6 10 12 1
4 7 0 1 2 5 6 10 13 1
4 7 0 1 2 5 6 10 14 1
4 7 0 1 2 5 6 11 12 1.41421
4 7 0 1 2 5 6 11 13 1.41421
4 7 0 1 2 5 6 11 14 1
4 7 0 1 2 5 6 12 13 1.41421
4 7 0 1 2 5 6 12 14 1
4 7 0 1 2 5 6 13 14 1
4 7 0 1 2 5 8 9 10 1.41421
4 7 0 1 2 5 8 9 11 1
4 7 0 1 2 5 8 9 12 1.41421
4 7 0 1 2 5 8 9 13 1.41421
4 7 0 1 2 5 8 9 14 1.41421
4 7 0 1 2 5 8 10 11 1
4 7 0 1 2 5 8 10 12 1.62019
4 7 0 1 2 5 8 10 13 1.62019
4 7 0 1 2 5 8 10 14 1.62019
4 7 0 1 2 5 8 11 12 1
4 7 0 1 2 5 8 11 13 1
4 7 0 1 2 5 8 11 14 1
4 7 0 1 2 5 8 12 13 1.62019
4 7 0 1 2 5 8 12 14 1.62019
4 7 0 1 2 5 8 13 14 1.62019
4 7 0 1 2 5 9 10 11 0
4 7 0 1 2 5 9 10 12 1.41421
4 7 0 1 2 5 9 10 13 1.41421
4 7 0 1 2 5 9 10 14 1.41421
4 7 0 1 2 5 9 11 12 1.41421
4 7 0 1 2 5 9 11 13 1.41421
4 7 0 1 2 5 9 11 14 1
4 7 0 1 2 5 9 12 13 1.41421
4 7 0 1 2 5 9 12 14 1.41421
4 7 0 1 2 5 9 13 14 1.41421
4 7 0 1 2 5 10 11 12 1
4 7 0 1 2 5 10 11 13 1
4 7 0 1 2 5 10 11 14 1
4 7 0 1 2 5 10 12 13 1.62019
4 7 0 1 2 5 10 12 14 1.62019
4 7 0 1 2 5 10 13 14 1.62019
4 7 0 1 2 5 11 12 13 1.41421
4 7 0 1 2 5 11 12 14 1
4 7 0 1 2 5 11 13 14 1
4 7 0 1 2 5 12 13 14 1.62019
4 7 0 1 2 6 8 9 10 1
4 7 0 1 2 6 8 9 11 1
4 7 0 1 2 6 8 9 12 1
4 7 0 1 2 6 8 9 13 1
4 7 0 1 2 6 8 9 14 1
4 7 0 1 2 6 8 10 11 0
4 7 0 1 2 6 8 10 12 1
4 7 0 1 2 6 8 10 13 1
4 7 0 1 2 6 8 10 14 1
4 7 0 1 2 6 8 11 12 1
4 7 0 1 2 6 8 11 13 1
4 7 0 1 2 6 8 11 14 0
4 7 0 1 2 6 8 12 13 1
4 7 0 1 2 6 8 12 14 1
4 7 0 1 2 6 8 13 14 1
4 7 0 1 2 6 9 10 11 0
4 7 0 1 2 6 9 10 12 1
4 7 0 1 2 6 9 10 13 1
4 7 0 1 2 6 9 10 14 1
4 7 0 1 2 6 9 11 12 1.41421
4 7 0 1 2 6 9 11 13 1.41421
4 7 0 1 2 6 9 11 14 1
4 7 0 1 2 6 9 12 13 1.41421
4 7 0 1 2 6 9 12 14 1
4 7 0 1 2 6 9 13 14 1
4 7 0 1 2 6 10 11 12 0
4 7 0 1 2 6 10 11 13 0
4 7 0 1 2 6 10 11 14 0
4 7 0 1 2 6 10 12 13 1
4 7 0 1 2 6 10 12 14 1
4 7 0 1 2 6 10 13 14 1
4 7 0 1 2 6 11 12 13 1.41421
4 7 0 1 2 6 11 12 14 1
4 7 0 1 2 6 11 13 14 1
4 7 0 1 2 6 12 13 14 1
4 7 0 1 2 8 9 10 11 0
4 7 0 1 2 8 9 10 12 1.41421
4 7 0 1 2 8 9 10 13 1.41421
4 7 0 1 2 8 9 10 14 1.41421
4 7 0 1 2 8 9 11 12 1
4 7 0 1 2 8 9 11 13 1
4 7 0 1 2 8 9 11 14 0
4 7 0 1 2 8 9 12 13 1.41421
4 7 0 1 2 8 9 12 14 1.41421
4 7 0 1 2 8 9 13 14 1.41421
4 7 0 1 2 8 10 11 12 1
4 7 0 1 2 8 10 11 13 1
4 7 0 1 2 8 10 11 14 1
4 7 0 1 2 8 10 12 13 1.62019
4 7 0 1 2 8 10 12 14 1.62019
4 7 0 1 2 8 10 13 14 1.62019
4 7 0 1 2 8 11 12 13 1
4 7 0 1 2 8 11 12 14 1
4 7 0 1 2 8 11 13 14 1
4 7 0 1 2 8 12 13 14 1.62019
4 7 0 1 2 9 10 11 12 0
4 7 0 1 2 9 10 11 13 0
4 7 0 1 2 9 10 11 14 0
4 7 0 1 2 9 10 12 13 1.41421
4 7 0 1 2 9 10 12 14 1.41421
4 7 0 1 2 9 10 13 14 1.41421
4 7 0 1 2 9 11 12 13 1.41421
4 7 0 1 2 9 11 12 14 1
4 7 0 1 2 9 11 13 14 1
4 7 0 1 2 9 12 13 14 1.41421
4 7 0 1 2 10 11 12 13 1
4 7 0 1 2 10 11 12 14 1
4 7 0 1 2 10 11 13 14 1
4 7 0 1 2 10 12 13 14 1.62019
4 7 0 1 2 11 12 13 14 1
4 7 0 1 3 5 6 8 9 1
4 7 0 1 3 5 6 8 10 0
4 7 0 1 3 5 6 8 11 1
4 7 0 1 3 5 6 8 12 1
4 7 0 1 3 5 6 8 13 1
4 7 0 1 3 5 6 8 14 0
4 7 0 1 3 5 6 9 10 0
4 7 0 1 3 5 6 9 11 1.41421
4 7 0 1 3 5 6 9 12 1.41421
4 7 0 1 3 5 6 9 13 1.41421
4 7 0 1 3 5 6 9 14 1
4 7 0 1 3 5 6 10 11 0
4 7 0 1 3 5 6 10 12 0
4 7 0 1 3 5 6 10 13 0
4 7 0 1 3 5 6 10 14 0
4 7 0 1 3 5 6 11 12 1.41421
4 7 0 1 3 5 6 11 13 1.41421
4 7 0 1 3 5 6 11 14 1
4 7 0 1 3 5 6 12 13 1.41421
4 7 0 1 3 5 6 12 14 1
4 7 0 1 3 5 6 13 14 1
4 7 0 1 3 5 8 9 10 1
4 7 0 1 3 5 8 9 11 1
4 7 0 1 3 5 8 9 12 1
4 7 0 1 3 5 8 9 13 1
4 7 0 1 3 5 8 9 14 1
4 7 0 1 3 5 8 10 11 1
4 7 0 1 3 5 8 10 12 1.41421
4 7 0 1 3 5 8 10 13 1.41421
4 7 0 1 3 5 8 10 14 1.41421
4 7 0 1 3 5 8 11 12 1
4 7 0 1 3 5 8 11 13 1
4 7 0 1 3 5 8 11 14 1
4 7 0 1 3 5 8 12 13 1.41421
4 7 0 1 3 5 8 12 14 1.41421
4 7 0 1 3 5 8 13 14 1.41421
4 7 0 1 3 5 9 10 11 0
4 7 0 1 3 5 9 10 12 1
4 7 0 1 3 5 9 10 13 1
4 7 0 1 3 5 9 10 14 1
4 7 0 1 3 5 9 11 12 1.41421
4 7 0 1 3 5 9 11 13 1.41421
4 7 0 1 3 5 9 11 14 1
4 7 0 1 3 5 9 12 13 1.41421
4 7 0 1 3 5 9 12 14 1
4 7 0 1 3 5 9 13 14 1
4 7 0 1 3 5 10 11 12 1
4 7 0 1 3 5 10 11 13 1
4 7 0 1 3 5 10 11 14 1
4 7 0 1 3 5 10 12 13 1.41421
4 7 0 1 3 5 10 12 14 1.41421
4 7 0 1 3 5 10 13 14 1.41421
4 7 0 1 3 5 11 12 13 1.41421
4 7 0 1 3 5 11 12 14 1
4 7 0 1 3 5 11 13 14 1
4 7 0 1 3 5 12 13 14 1.41421
4 7 0 1 3 6 8 9 10 1
4 7 0 1 3 6 8 9 11 1
4 7 0 1 3 6 8 9 12 1
4 7 0 1 3 6 8 9 13 1
4 7 0 1 3 6 8 9 14 1
4 7 0 1 3 6 8 10 11 1
4 7 0 1 3 6 8 10 12 1
4 7 0 1 3 6 8 10 13 1
4 7 0 1 3 6 8 10 14 1
4 7 0 1 3 6 8 11 12 1
4 7 0 1 3 6 8 11 13 1
4 7 0 1 3 6 8 11 14 1
4 7 0 1 3 6 8 12 13 1
4 7 0 1 3 6 8 12 14 1
4 7 0 1 3 6 8 13 14 1
4 7 0 1 3 6 9 10 11 1
4 7 0 1 3 6 9 10 12 1
4 7 0 1 3 6 9 10 13 1
4 7 0 1 3 6 9 10 14 1
4 7 0 1 3 6 9 11 12 1.41421
4 7 0 1 3 6 9 11 13 1.41421
4 7 0 1 3 6 9 11 14 1
4 7 0 1 3 6 9 12 13 1.41421
4 7 0 1 3 6 9 12 14 1
4 7 0 1 3 6 9 13 14 1
4 7 0 1 3 6 10 11 12 1
4 7 0 1 3 6 10 11 13 1
4 7 0 1 3 6 10 11 14 1
4 7 0 1 3 6 10 12 13 1
4 7 0 1 3 6 10 12 14 1
4 7 0 1 3 6 10 13 14 1
4 7 0 1 3 6 11 12 13 1.41421
4 7 0 1 3 6 11 12 14 1
4 7 0 1 3 6 11 13 14 1
4 7 0 1 3 6 12 13 14 1
4 7 0 1 3 8 9 10 11 1
4 7 0 1 3 8 9 10 12 1
4 7 0 1 3 8 9 10 13 1
4 7 0 1 3 8 9 10 14 1
4 7 0 1 3 8 9 11 12 1
4 7 0 1 3 8 9 11 13 1
4 7 0 1 3 8 9 11 14 1
4 7 0 1 3 8 9 12 13 1
4 7 0 1 3 8 9 12 14 1
4 7 0 1 3 8 9 13 14 1
4 7 0 1 3 8 10 11 12 1
4 7 0 1 3 8 10 11 13 1
4 7 0 1 3 8 10 11 14 1
4 7 0 1 3 8 10 12 13 1.41421
4 7 0 1 3 8 10 12 14 1.41421
4 7 0 1 3 8 10 13 14 1.41421
4 7 0 1 3 8 11 12 13 1
4 7 0 1 3 8 11 12 14 1
4 7 0 1 3 8 11 13 14 1
4 7 0 1 3 8 12 13 14 1.41421
4 7 0 1 3 9 10 11 12 1
4 7 0 1 3 9 10 11 13 1
4 7 0 1 3 9 10 11 14 1
4 7 0 1 3 9 10 12 13 1
4 7 0 1 3 9 10 12 14 1
4 7 0 1 3 9 10 13 14 1
4 7 0 1 3 9 11 12 13 1.41421
4 7 0 1 3 9 11 12 14 1
4 7 0 1 3 9 11 13 14 1
4 7 0 1 3 9 12 13 14 1
4 7 0 1 3 10 11 12 13 1
4 7 0 1 3 10 11 12 14 1
4 7 0 1 3 10 11 13 14 1
4 7 0 1 3 10 12 13 14 1.41421
4 7 0 1 3 11 12 13 14 1
4 7 0 1 5 6 8 9 10 1.41421
4 7 0 1 5 6 8 9 11 1
4 7 0 1 5 6 8 9 12 1.41421
4 7 0 1 5 6 8 9 13 1.41421
4 7 0 1 5 6 8 9 14 1.41421
4 7 0 1 5 6 8 10 11 1
4 7 0 1 5 6 8 10 12 1.41421
4 7 0 1 5 6 8 10 13 1.41421
4 7 0 1 5 6 8 10 14 1.41421
4 7 0 1 5 6 8 11 12 1
4 7 0 1 5 6 8 11 13 1
4 7 0 1 5 6 8 11 14 1
4 7 0 1 5 6 8 12 13 1.41421
4 7 0 1 5 6 8 12 14 1.41421
4 7 0 1 5 6 8 13 14 1.41421
4 7 0 1 5 6 9 10 11 1
4 7 0 1 5 6 9 10 12 1.41421
4 7 0 1 5 6 9 10 13 1.41421
4 7 0 1 5 6 9 10 14 1.41421
4 7 0 1 5 6 9 11 12 1.41421
4 7 0 1 5 6 9 11 13 1.41421
4 7 0 1 5 6 9 11 14 1
4 7 0 1 5 6 9 12 13 1.41421
4 7 0 1 5 6 9 12 14 1.41421
4 7 0 1 5 6 9 13 14 1.41421
4 7 0 1 5 6 10 11 12 1
4 7 0 1 5 6 10 11 13 1
4 7 0 1 5 6 10 11 14 1
4 7 0 1 5 6 10 12 13 1.41421
4 7 0 1 5 6 10 12 14 1.41421
4 7 0 1 5 6 10 13 14 1.41421
4 7 0 1 5 6 11 12 13 1.41421
4 7 0 1 5 6 11 12 14 1
4 7 0 1 5 6 11 13 14 1
4 7 0 1 5 6 12 13 14 1.41421
4 7 0 1 5 8 9 10 11 1
4 7 0 1 5 8 9 10 12 1.62019
4 7 0 1 5 8 9 10 13 1.62019
4 7 0 1 5 8 9 10 14 1.62019
4 7 0 1 5 8 9 11 12 1
4 7 0 1 5 8 9 11 13 1
4 7 0 1 5 8 9 11 14 1
4 7 0 1 5 8 9 12 13 1.62019
4 7 0 1 5 8 9 12 14 1.62019
4 7 0 1 5 8 9 13 14 1.62019
4 7 0 1 5 8 10 11 12 1
4 7 0 1 5 8 10 11 13 1
4 7 0 1 5 8 10 11 14 1
4 7 0 1 5 8 10 12 13 1.73205
4 7 0 1 5 8 10 12 14 1.73205
4 7 0 1 5 8 10 13 14 1.73205
4 7 0 1 5 8 11 12 13 1
4 7 0 1 5 8 11 12 14 1
4 7 0 1 5 8 11 13 14 1
4 7 0 1 5 8 12 13 14 1.73205
4 7 0 1 5 9 10 11 12 1
4 7 0 1 5 9 10 11 13 1
4 7 0 1 5 9 10 11 14 1
4 7 0 1 5 9 10 12 13 1.62019
4 7 0 1 5 9 10 12 14 1.62019
4 7 0 1 5 9 10 13 14 1.62019
4 7 0 1 5 9 11 12 13 1.41421
4 7 0 1 5 9 11 12 14 1
4 7 0 1 5 9 11 13 14 1
4 7 0 1 5 9 12 13 14 1.62019
4 7 0 1 5 10 11 12 13 1
4 7 0 1 5 10 11 12 14 1
4 7 0 1 5 10 11 13 14 1
4 7 0 1 5 10 12 13 14 1.73205
4 7 0 1 5 11 12 13 14 1
4 7 0 1 6 8 9 10 11 1.41421
4 7 0 1 6 8 9 10 12 1.62019
4 7 0 1 6 8 9 10 13 1.62019
4 7 0 1 6 8 9 10 14 1.62019
4 7 0 1 6 8 9 11 12 1.41421
4 7 0 1 6 8 9 11 13 1.41421
4 7 0 1 6 8 9 11 14 1.41421
4 7 0 1 6 8 9 12 13 1.62019
4 7 0 1 6 8 9 12 14 1.62019
4 7 0 1 6 8 9 13 14 1.62019
4 7 0 1 6 8 10 11 12 1.41421
4 7 0 1 6 8 10 11 13 1.41421
4 7 0 1 6 8 10 11 14 1.41421
4 7 0 1 6 8 10 12 13 1.62019
4 7 0 1 6 8 10 12 14 1.62019
4 7 0 1 6 8 10 13 14 1.62019
4 7 0 1 6 8 11 12 13 1.41421
4 7 0 1 6 8 11 12 14 1.41421
4 7 0 1 6 8 11 13 14 1.41421
4 7 0 1 6 8 12 13 14 1.62019
4 7 0 1 6 9 10 11 12 1.41421
4 7 0 1 6 9 10 11 13 1.41421
4 7 0 1 6 9 10 11 14 1.41421
4 7 0 1 6 9 10 12 13 1.62019
4 7 0 1 6 9 10 12 14 1.62019
4 7 0 1 6 9 10 13 14 1.62019
4 7 0 1 6 9 11 12 13 1.41421
4 7 0 1 6 9 11 12 14 1.41421
4 7 0 1 6 9 11 13 14 1.41421
4 7 0 1 6 9 12 13 14 1.62019
4 7 0 1 6 10 11 12 13 1.41421
4 7 0 1 6 10 11 12 14 1.41421
4 7 0 1 6 10 11 13 14 1.41421
4 7 0 1 6 10 12 13 14 1.62019
4 7 0 1 6 11 12 13 14 1.41421
4 7 0 1 8 9 10 11 12 1.41421
4 7 0 1 8 9 10 11 13 1.41421
4 7 0 1 8 9 10 11 14 1.41421
4 7 0 1 8 9 10 12 13 1.73205
4 7 0 1 8 9 10 12 14 1.73205
4 7 0 1 8 9 10 13 14 1.73205
4 7 0 1 8 9 11 12 13 1.41421
4 7 0 1 8 9 11 12 14 1.41421
4 7 0 1 8 9 11 13 14 1.41421
4 7 0 1 8 9 12 13 14 1.73205
4 7 0 1 8 10 11 12 13 1.41421
4 7 0 1 8 10 11 12 14 1.41421
4 7 0 1 8 10 11 13 14 1.41421
4 7 0 1 8 10 12 13 14 1.81265
4 7 0 1 8 11 12 13 14 1.41421
4 7 0 1 9 10 11 12 13 1.41421
4 7 0 1 9 10 11 12 14 1.41421
4 7 0 1 9 10 11 13 14 1.41421
4 7 0 1 9 10 12 13 14 1.73205
4 7 0 1 9 11 12 13 14 1.41421
4 7 0 1 10 11 12 13 14 1.41421
4 7 0 2 3 5 6 8 9 1.41421
4 7 0 2 3 5 6 8 10 1.41421
4 7 0 2 3 5 6 8 11 1.41421
4 7 0 2 3 5 6 8 12 1
4 7 0 2 3 5 6 8 13 1
4 7 0 2 3 5 6 8 14 1.41421
4 7 0 2 3 5 6 9 10 1.73205
4 7 0 2 3 5 6 9 11 1.90693
4 7 0 2 3 5 6 9 12 1.73205
4 7 0 2 3 5 6 9 13 1.73205
4 7 0 2 3 5 6 9 14 1.85164
4 7 0 2 3 5 6 10 11 1.73205
4 7 0 2 3 5 6 10 12 1.41421
4 7 0 2 3 5 6 10 13 1.41421
4 7 0 2 3 5 6 10 14 1.73205
4 7 0 2 3 5 6 11 12 1.73205
4 7 0 2 3 5 6 11 13 1.73205
4 7 0 2 3 5 6 11 14 1.85164
4 7 0 2 3 5 6 12 13 1.62019
4 7 0 2 3 5 6 12 14 1.62019
4 7 0 2 3 5 6 13 14 1.62019
4 7 0 2 3 5 8 9 10 1.41421
4 7 0 2 3 5 8 9 11 1.41421
4 7 0 2 3 5 8 9 12 1
4 7 0 2 3 5 8 9 13 1
4 7 0 2 3 5 8 9 14 1.41421
4 7 0 2 3 5 8 10 11 1.41421
4 7 0 2 3 5 8 10 12 1.41421
4 7 0 2 3 5 8 10 13 1.41421
4 7 0 2 3 5 8 10 14 1.41421
4 7 0 2 3 5 8 11 12 1
4 7 0 2 3 5 8 11 13 1
4 7 0 2 3 5 8 11 14 1.41421
4 7 0 2 3 5 8 12 13 1.41421
4 7 0 2 3 5 8 12 14 1.41421
4 7 0 2 3 5 8 13 14 1.41421
4 7 0 2 3 5 9 10 11 1.73205
4 7 0 2 3 5 9 10 12 1.41421
4 7 0 2 3 5 9 10 13 1.41421
4 7 0 2 3 5 9 10 14 1.73205
4 7 0 2 3 5 9 11 12 1.73205
4 7 0 2 3 5 9 11 13 1.73205
4 7 0 2 3 5 9 11 14 1.85164
4 7 0 2 3 5 9 12 13 1.62019
4 7 0 2 3 5 9 12 14 1.62019
4 7 0 2 3 5 9 13 14 1.62019
4 7 0 2 3 5 10 11 12 1.41421
4 7 0 2 3 5 10 11 13 1.41421
4 7 0 2 3 5 10 11 14 1.73205
4 7 0 2 3 5 10 12 13 1.41421
4 7 0 2 3 5 10 12 14 1.41421
4 7 0 2 3 5 10 13 14 1.41421
4 7 0 2 3 5 11 12 13 1.62019
4 7 0 2 3 5 11 12 14 1.62019
4 7 0 2 3 5 11 13 14 1.62019
4 7 0 2 3 5 12 13 14 1.41421
4 7 0 2 3 6 8 9 10 1.41421
4 7 0 2 3 6 8 9 11 1.41421
4 7 0 2 3 6 8 9 12 1
4 7 0 2 3 6 8 9 13 1
4 7 0 2 3 6 8 9 14 1.41421
4 7 0 2 3 6 8 10 11 1.41421
4 7 0 2 3 6 8 10 12 1
4 7 0 2 3 6 8 10 13 1
4 7 0 2 3 6 8 10 14 1.41421
4 7 0 2 3 6 8 11 12 1
4 7 0 2 3 6 8 11 13 1
4 7 0 2 3 6 8 11 14 1.41421
4 7 0 2 3 6 8 12 13 1
4 7 0 2 3 6 8 12 14 1
4 7 0 2 3 6 8 13 14 1
4 7 0 2 3 6 9 10 11 1.73205
4 7 0 2 3 6 9 10 12 1.41421
4 7 0 2 3 6 9 10 13 1.41421
4 7 0 2 3 6 9 10 14 1.73205
4 7 0 2 3 6 9 11 12 1.73205
4 7 0 2 3 6 9 11 13 1.73205
4 7 0 2 3 6 9 11 14 1.85164
4 7 0 2 3 6 9 12 13 1.62019
4 7 0 2 3 6 9 12 14 1.62019
4 7 0 2 3 6 9 13 14 1.62019
4 7 0 2 3 6 10 11 12 1.41421
4 7 0 2 3 6 10 11 13 1.41421
4 7 0 2 3 6 10 11 14 1.73205
4 7 0 2 3 6 10 12 13 1
4 7 0 2 3 6 10 12 14 1.41421
4 7 0 2 3 6 10 13 14 1.41421
4 7 0 2 3 6 11 12 13 1.62019
4 7 0 2 3 6 11 12 14 1.62019
4 7 0 2 3 6 11 13 14 1.62019
4 7 0 2 3 6 12 13 14 1.41421
4 7 0 2 3 8 9 10 11 1.41421
4 7 0 2 3 8 9 10 12 1
4 7 0 2 3 8 9 10 13 1
4 7 0 2 3 8 9 10 14 1.41421
4 7 0 2 3 8 9 11 12 1
4 7 0 2 3 8 9 11 13 1
4 7 0 2 3 8 9 11 14 1.41421
4 7 0 2 3 8 9 12 13 1
4 7 0 2 3 8 9 12 14 1
4 7 0 2 3 8 9 13 14 1
4 7 0 2 3 8 10 11 12 1
4 7 0 2 3 8 10 11 13 1
4 7 0 2 3 8 10 11 14 1.41421
4 7 0 2 3 8 10 12 13 1.41421
4 7 0 2 3 8 10 12 14 1.41421
4 7 0 2 3 8 10 13 14 1.41421
4 7 0 2 3 8 11 12 13 1
4 7 0 2 3 8 11 12 14 1
4 7 0 2 3 8 11 13 14 1
4 7 0 2 3 8 12 13 14 1.41421
4 7 0 2 3 9 10 11 12 1.41421
4 7 0 2 3 9 10 11 13 1.41421
4 7 0 2 3 9 10 11 14 1.73205
4 7 0 2 3 9 10 12 13 1
4 7 0 2 3 9 10 12 14 1.41421
4 7 0 2 3 9 10 13 14 1.41421
4 7 0 2 3 9 11 12 13 1.62019
4 7 0 2 3 9 11 12 14 1.62019
4 7 0 2 3 9 11 13 14 1.62019
4 7 0 2 3 9 12 13 14 1.41421
4 7 0 2 3 10 11 12 13 1
4 7 0 2 3 10 11 12 14 1.41421
4 7 0 2 3 10 11 13 14 1.41421
4 7 0 2 3 10 12 13 14 1.41421
4 7 0 2 3 11 12 13 14 1.41421
4 7 0 2 5 6 8 9 10 1.41421
4 7 0 2 5 6 8 9 11 1.41421
4 7 0 2 5 6 8 9 12 1
4 7 0 2 5 6 8 9 13 1
4 7 0 2 5 6 8 9 14 1.41421
4 7 0 2 5 6 8 10 11 1.41421
4 7 0 2 5 6 8 10 12 1
4 7 0 2 5 6 8 10 13 1
4 7 0 2 5 6 8 10 14 1.41421
4 7 0 2 5 6 8 11 12 1
4 7 0 2 5 6 8 11 13 1
4 7 0 2 5 6 8 11 14 1.41421
4 7 0 2 5 6 8 12 13 1
4 7 0 2 5 6 8 12 14 1
4 7 0 2 5 6 8 13 14 1
4 7 0 2 5 6 9 10 11 1.73205
4 7 0 2 5 6 9 10 12 1.41421
4 7 0 2 5 6 9 10 13 1.41421
4 7 0 2 5 6 9 10 14 1.73205
4 7 0 2 5 6 9 11 12 1.73205
4 7 0 2 5 6 9 11 13 1.73205
4 7 0 2 5 6 9 11 14 1.85164
4 7 0 2 5 6 9 12 13 1.62019
4 7 0 2 5 6 9 12 14 1.62019
4 7 0 2 5 6 9 13 14 1.62019
4 7 0 2 5 6 10 11 12 1.41421
4 7 0 2 5 6 10 11 13 1.41421
4 7 0 2 5 6 10 11 14 1.73205
4 7 0 2 5 6 10 12 13 1
4 7 0 2 5 6 10 12 14 1.41421
4 7 0 2 5 6 10 13 14 1.41421
4 7 0 2 5 6 11 12 13 1.62019
4 7 0 2 5 6 11 12 14 1.62019
4 7 0 2 5 6 11 13 14 1.62019
4 7 0 2 5 6 12 13 14 1.41421
4 7 0 2 5 8 9 10 11 1.41421
4 7 0 2 5 8 9 10 12 1.41421
4 7 0 2 5 8 9 10 13 1.41421
4 7 0 2 5 8 9 10 14 1.41421
4 7 0 2 5 8 9 11 12 1
4 7 0 2 5 8 9 11 13 1
4 7 0 2 5 8 9 11 14 1.41421
4 7 0 2 5 8 9 12 13 1.41421
4 7 0 2 5 8 9 12 14 1.41421
4 7 0 2 5 8 9 13 14 1.41421
4 7 0 2 5 8 10 11 12 1
4 7 0 2 5 8 10 11 13 1
4 7 0 2 5 8 10 11 14 1.41421
4 7 0 2 5 8 10 12 13 1.62019
4 7 0 2 5 8 10 12 14 1.62019
4 7 0 2 5 8 10 13 14 1.62019
4 7 0 2 5 8 11 12 13 1
4 7 0 2 5 8 11 12 14 1
4 7 0 2 5 8 11 13 14 1
4 7 0 2 5 8 12 13 14 1.62019
4 7 0 2 5 9 10 11 12 1.41421
4 7 0 2 5 9 10 11 13 1.41421
4 7 0 2 5 9 10 11 14 1.73205
4 7 0 2 5 9 10 12 13 1.41421
4 7 0 2 5 9 10 12 14 1.41421
4 7 0 2 5 9 10 13 14 1.41421
4 7 0 2 5 9 11 12 13 1.62019
4 7 0 2 5 9 11 12 14 1.62019
4 7 0 2 5 9 11 13 14 1.62019
4 7 0 2 5 9 12 13 14 1.41421
4 7 0 2 5 10 11 12 13 1
4 7 0 2 5 10 11 12 14 1.41421
4 7 0 2 5 10 11 13 14 1.41421
4 7 0 2 5 10 12 13 14 1.62019
4 7 0 2 5 11 12 13 14 1.41421
4 7 0 2 6 8 9 10 11 1.41421
4 7 0 2 6 8 9 10 12 1
4 7 0 2 6 8 9 10 13 1
4 7 0 2 6 8 9 10 14 1.41421
4 7 0 2 6 8 9 11 12 1
4 7 0 2 6 8 9 11 13 1
4 7 0 2 6 8 9 11 14 1.41421
4 7 0 2 6 8 9 12 13 1
4 7 0 2 6 8 9 12 14 1
4 7 0 2 6 8 9 13 14 1
4 7 0 2 6 8 10 11 12 1
4 7 0 2 6 8 10 11 13 1
4 7 0 2 6 8 10 11 14 1.41421
4 7 0 2 6 8 10 12 13 1
4 7 0 2 6 8 10 12 14 1
4 7 0 2 6 8 10 13 14 1
4 7 0 2 6 8 11 12 13 1
4 7 0 2 6 8 11 12 14 1
4 7 0 2 6 8 11 13 14 1
4 7 0 2 6 8 12 13 14 1
4 7 0 2 6 9 10 11 12 1.41421
4 7 0 2 6 9 10 11 13 1.41421
4 7 0 2 6 9 10 11 14 1.73205
4 7 0 2 6 9 10 12 13 1
4 7 0 2 6 9 10 12 14 1.41421
4 7 0 2 6 9 10 13 14 1.41421
4 7 0 2 6 9 11 12 13 1.62019
4 7 0 2 6 9 11 12 14 1.62019
4 7 0 2 6 9 11 13 14 1.62019
4 7 0 2 6 9 12 13 14 1.41421
4 7 0 2 6 10 11 12 13 1
4 7 0 2 6 10 11 12 14 1.41421
4 7 0 2 6 10 11 13 14 1.41421
4 7 0 2 6 10 12 13 14 1
4 7 0 2 6 11 12 13 14 1.41421
4 7 0 2 8 9 10 11 12 1
4 7 0 2 8 9 10 11 13 1
4 7 0 2 8 9 10 11 14 1.41421
4 7 0 2 8 9 10 12 13 1.41421
4 7 0 2 8 9 10 12 14 1.41421
4 7 0 2 8 9 10 13 14 1.41421
4 7 0 2 8 9 11 12 13 1
4 7 0 2 8 9 11 12 14 1
4 7 0 2 8 9 11 13 14 1
4 7 0 2 8 9 12 13 14 1.41421
4 7 0 2 8 10 11 12 13 1
4 7 0 2 8 10 11 12 14 1
4 7 0 2 8 10 11 13 14 1
4 7 0 2 8 10 12 13 14 1.62019
4 7 0 2 8 11 12 13 14 1
4 7 0 2 9 10 11 12 13 1
4 7 0 2 9 10 11 12 14 1.41421
4 7 0 2 9 10 11 13 14 1.41421
4 7 0 2 9 10 12 13 14 1.41421
4 7 0 2 9 11 12 13 14 1.41421
4 7 0 2 10 11 12 13 14 1
4 7 0 3 5 6 8 9 10 1.73205
4 7 0 3 5 6 8 9 11 1.73205
4 7 0 3 5 6 8 9 12 1.41421
4 7 0 3 5 6 8 9 13 1.41421
4 7 0 3 5 6 8 9 14 1.73205
4 7 0 3 5 6 8 10 11 1.73205
4 7 0 3 5 6 8 10 12 1.41421
4 7 0 3 5 6 8 10 13 1.41421
4 7 0 3 5 6 8 10 14 1.73205
4 7 0 3 5 6 8 11 12 1.41421
4 7 0 3 5 6 8 11 13 1.41421
4 7 0 3 5 6 8 11 14 1.73205
4 7 0 3 5 6 8 12 13 1
4 7 0 3 5 6 8 12 14 1.41421
4 7 0 3 5 6 8 13 14 1.41421
4 7 0 3 5 6 9 10 11 2
4 7 0 3 5 6 9 10 12 1.73205
4 7 0 3 5 6 9 10 13 1.73205
4 7 0 3 5 6 9 10 14 2
4 7 0 3 5 6 9 11 12 1.90693
4 7 0 3 5 6 9 11 13 1.90693
4 7 0 3 5 6 9 11 14 2.07802
4 7 0 3 5 6 9 12 13 1.73205
4 7 0 3 5 6 9 12 14 1.85164
4 7 0 3 5 6 9 13 14 1.85164
4 7 0 3 5 6 10 11 12 1.73205
4 7 0 3 5 6 10 11 13 1.73205
4 7 0 3 5 6 10 11 14 2
4 7 0 3 5 6 10 12 13 1.41421
4 7 0 3 5 6 10 12 14 1.73205
4 7 0 3 5 6 10 13 14 1.73205
4 7 0 3 5 6 11 12 13 1.73205
4 7 0 3 5 6 11 12 14 1.85164
4 7 0 3 5 6 11 13 14 1.85164
4 7 0 3 5 6 12 13 14 1.62019
4 7 0 3 5 8 9 10 11 1.73205
4 7 0 3 5 8 9 10 12 1.41421
4 7 0 3 5 8 9 10 13 1.41421
4 7 0 3 5 8 9 10 14 1.73205
4 7 0 3 5 8 9 11 12 1.41421
4 7 0 3 5 8 9 11 13 1.41421
4 7 0 3 5 8 9 11 14 1.73205
4 7 0 3 5 8 9 12 13 1
4 7 0 3 5 8 9 12 14 1.41421
4 7 0 3 5 8 9 13 14 1.41421
4 7 0 3 5 8 10 11 12 1.41421
4 7 0 3 5 8 10 11 13 1.41421
4 7 0 3 5 8 10 11 14 1.73205
4 7 0 3 5 8 10 12 13 1.41421
4 7 0 3 5 8 10 12 14 1.41421
4 7 0 3 5 8 10 13 14 1.41421
4 7 0 3 5 8 11 12 13 1
4 7 0 3 5 8 11 12 14 1.41421
4 7 0 3 5 8 11 13 14 1.41421
4 7 0 3 5 8 12 13 14 1.41421
4 7 0 3 5 9 10 11 12 1.73205
4 7 0 3 5 9 10 11 13 1.73205
4 7 0 3 5 9 10 11 14 2
4 7 0 3 5 9 10 12 13 1.41421
4 7 0 3 5 9 10 12 14 1.73205
4 7 0 3 5 9 10 13 14 1.73205
4 7 0 3 5 9 11 12 13 1.73205
4 7 0 3 5 9 11 12 14 1.85164
4 7 0 3 5 9 11 13 14 1.85164
4 7 0 3 5 9 12 13 14 1.62019
4 7 0 3 5 10 11 12 13 1.41421
4 7 0 3 5 10 11 12 14 1.73205
4 7 0 3 5 10 11 13 14 1.73205
4 7 0 3 5 10 12 13 14 1.41421
4 7 0 3 5 11 12 13 14 1.62019
4 7 0 3 6 8 9 10 11 1.85164
4 7 0 3 6 8 9 10 12 1.62019
4 7 0 3 6 8 9 10 13 1.62019
4 7 0 3 6 8 9 10 14 1.85164
4 7 0 3 6 8 9 11 12 1.62019
4 7 0 3 6 8 9 11 13 1.62019
4 7 0 3 6 8 9 11 14 1.85164
4 7 0 3 6 8 9 12 13 1.41421
4 7 0 3 6 8 9 12 14 1.62019
4 7 0 3 6 8 9 13 14 1.62019
4 7 0 3 6 8 10 11 12 1.62019
4 7 0 3 6 8 10 11 13 1.62019
4 7 0 3 6 8 10 11 14 1.85164
4 7 0 3 6 8 10 12 13 1.41421
4 7 0 3 6 8 10 12 14 1.62019
4 7 0 3 6 8 10 13 14 1.62019
4 7 0 3 6 8 11 12 13 1.41421
4 7 0 3 6 8 11 12 14 1.62019
4 7 0 3 6 8 11 13 14 1.62019
4 7 0 3 6 8 12 13 14 1.41421
4 7 0 3 6 9 10 11 12 1.85164
4 7 0 3 6 9 10 11 13 1.85164
4 7 0 3 6 9 10 11 14 2.07802
4 7 0 3 6 9 10 12 13 1.62019
4 7 0 3 6 9 10 12 14 1.85164
4 7 0 3 6 9 10 13 14 1.85164
4 7 0 3 6 9 11 12 13 1.81265
4 7 0 3 6 9 11 12 14 1.93309
4 7 0 3 6 9 11 13 14 1.93309
4 7 0 3 6 9 12 13 14 1.73205
4 7 0 3 6 10 11 12 13 1.62019
4 7 0 3 6 10 11 12 14 1.85164
4 7 0 3 6 10 11 13 14 1.85164
4 7 0 3 6 10 12 13 14 1.62019
4 7 0 3 6 11 12 13 14 1.73205
4 7 0 3 8 9 10 11 12 1.62019
4 7 0 3 8 9 10 11 13 1.62019
4 7 0 3 8 9 10 11 14 1.85164
4 7 0 3 8 9 10 12 13 1.41421
4 7 0 3 8 9 10 12 14 1.62019
4 7 0 3 8 9 10 13 14 1.62019
4 7 0 3 8 9 11 12 13 1.41421
4 7 0 3 8 9 11 12 14 1.62019
4 7 0 3 8 9 11 13 14 1.62019
4 7 0 3 8 9 12 13 14 1.41421
4 7 0 3 8 10 11 12 13 1.41421
4 7 0 3 8 10 11 12 14 1.62019
4 7 0 3 8 10 11 13 14 1.62019
4 7 0 3 8 10 12 13 14 1.41421
4 7 0 3 8 11 12 13 14 1.41421
4 7 0 3 9 10 11 12 13 1.62019
4 7 0 3 9 10 11 12 14 1.85164
4 7 0 3 9 10 11 13 14 1.85164
4 7 0 3 9 10 12 13 14 1.62019
4 7 0 3 9 11 12 13 14 1.73205
4 7 0 3 10 11 12 13 14 1.62019
4 7 0 5 6 8 9 10 11 1.85164
4 7 0 5 6 8 9 10 12 1.73205
4 7 0 5 6 8 9 10 13 1.73205
4 7 0 5 6 8 9 10 14 1.90693
4 7 0 5 6 8 9 11 12 1.62019
4 7 0 5 6 8 9 11 13 1.62019
4 7 0 5 6 8 9 11 14 1.85164
4 7 0 5 6 8 9 12 13 1.62019
4 7 0 5 6 8 9 12 14 1.73205
4 7 0 5 6 8 9 13 14 1.73205
4 7 0 5 6 8 10 11 12 1.62019
4 7 0 5 6 8 10 11 13 1.62019
4 7 0 5 6 8 10 11 14 1.85164
4 7 0 5 6 8 10 12 13 1.62019
4 7 0 5 6 8 10 12 14 1.73205
4 7 0 5 6 8 10 13 14 1.73205
4 7 0 5 6 8 11 12 13 1.41421
4 7 0 5 6 8 11 12 14 1.62019
4 7 0 5 6 8 11 13 14 1.62019
4 7 0 5 6 8 12 13 14 1.62019
4 7 0 5 6 9 10 11 12 1.85164
4 7 0 5 6 9 10 11 13 1.85164
4 7 0 5 6 9 10 11 14 2.07802
4 7 0 5 6 9 10 12 13 1.73205
4 7 0 5 6 9 10 12 14 1.90693
4 7 0 5 6 9 10 13 14 1.90693
4 7 0 5 6 9 11 12 13 1.81265
4 7 0 5 6 9 11 12 14 1.93309
4 7 0 5 6 9 11 13 14 1.93309
4 7 0 5 6 9 12 13 14 1.81265
4 7 0 5 6 10 11 12 13 1.62019
4 7 0 5 6 10 11 12 14 1.85164
4 7 0 5 6 10 11 13 14 1.85164
4 7 0 5 6 10 12 13 14 1.73205
4 7 0 5 6 11 12 13 14 1.73205
4 7 0 5 8 9 10 11 12 1.62019
4 7 0 5 8 9 10 11 13 1.62019
4 7 0 5 8 9 10 11 14 1.85164
4 7 0 5 8 9 10 12 13 1.73205
4 7 0 5 8 9 10 12 14 1.81265
4 7 0 5 8 9 10 13 14 1.81265
4 7 0 5 8 9 11 12 13 1.41421
4 7 0 5 8 9 11 12 14 1.62019
4 7 0 5 8 9 11 13 14 1.62019
4 7 0 5 8 9 12 13 14 1.73205
4 7 0 5 8 10 11 12 13 1.41421
4 7 0 5 8 10 11 12 14 1.62019
4 7 0 5 8 10 11 13 14 1.62019
4 7 0 5 8 10 12 13 14 1.81265
4 7 0 5 8 11 12 13 14 1.41421
4 7 0 5 9 10 11 12 13 1.62019
4 7 0 5 9 10 11 12 14 1.85164
4 7 0 5 9 10 11 13 14 1.85164
4 7 0 5 9 10 12 13 14 1.81265
4 7 0 5 9 11 12 13 14 1.73205
4 7 0 5 10 11 12 13 14 1.62019
4 7 0 6 8 9 10 11 12 1.85164
4 7 0 6 8 9 10 11 13 1.85164
4 7 0 6 8 9 10 11 14 2.00294
4 7 0 6 8 9 10 12 13 1.85164
4 7 0 6 8 9 10 12 14 1.93309
4 7 0 6 8 9 10 13 14 1.93309
4 7 0 6 8 9 11 12 13 1.73205
4 7 0 6 8 9 11 12 14 1.85164
4 7 0 6 8 9 11 13 14 1.85164
4 7 0 6 8 9 12 13 14 1.85164
4 7 0 6 8 10 11 12 13 1.73205
4 7 0 6 8 10 11 12 14 1.85164
4 7 0 6 8 10 11 13 14 1.85164
4 7 0 6 8 10 12 13 14 1.85164
4 7 0 6 8 11 12 13 14 1.73205
4 7 0 6 9 10 11 12 13 1.85164
4 7 0 6 9 10 11 12 14 2.00294
4 7 0 6 9 10 11 13 14 2.00294
4 7 0 6 9 10 12 13 14 1.93309
4 7 0 6 9 11 12 13 14 1.90693
4 7 0 6 10 11 12 13 14 1.85164
4 7 0 8 9 10 11 12 13 1.73205
4 7 0 8 9 10 11 12 14 1.85164
4 7 0 8 9 10 11 13 14 1.85164
4 7 0 8 9 10 12 13 14 1.90693
4 7 0 8 9 11 12 13 14 1.73205
4 7 0 8 10 11 12 13 14 1.73205
4 7 0 9 10 11 12 13 14 1.85164
4 7 1 2 3 5 6 8 9 1
4 7 1 2 3 5 6 8 10 1
4 7 1 2 3 5 6 8 11 1
4 7 1 2 3 5 6 8 12 1
4 7 1 2 3 5 6 8 13 1
4 7 1 2 3 5 6 8 14 1
4 7 1 2 3 5 6 9 10 1
4 7 1 2 3 5 6 9 11 1.41421
4 7 1 2 3 5 6 9 12 1.41421
4 7 1 2 3 5 6 9 13 1.41421
4 7 1 2 3 5 6 9 14 1
4 7 1 2 3 5 6 10 11 1
4 7 1 2 3 5 6 10 12 1
4 7 1 2 3 5 6 10 13 0
4 7 1 2 3 5 6 10 14 1
4 7 1 2 3 5 6 11 12 1.41421
4 7 1 2 3 5 6 11 13 1.41421
4 7 1 2 3 5 6 11 14 1
4 7 1 2 3 5 6 12 13 1.41421
4 7 1 2 3 5 6 12 14 1
4 7 1 2 3 5 6 13 14 1
4 7 1 2 3 5 8 9 10 1
4 7 1 2 3 5 8 9 11 1
4 7 1 2 3 5 8 9 12 1
4 7 1 2 3 5 8 9 13 1
4 7 1 2 3 5 8 9 14 1
4 7 1 2 3 5 8 10 11 1
4 7 1 2 3 5 8 10 12 1.41421
4 7 1 2 3 5 8 10 13 1.41421
4 7 1 2 3 5 8 10 14 1.41421
4 7 1 2 3 5 8 11 12 1
4 7 1 2 3 5 8 11 13 1
4 7 1 2 3 5 8 11 14 1
4 7 1 2 3 5 8 12 13 1.41421
4 7 1 2 3 5 8 12 14 1.41421
4 7 1 2 3 5 8 13 14 1.41421
4 7 1 2 3 5 9 10 11 1
4 7 1 2 3 5 9 10 12 1
4 7 1 2 3 5 9 10 13 1
4 7 1 2 3 5 9 10 14 1
4 7 1 2 3 5 9 11 12 1.41421
4 7 1 2 3 5 9 11 13 1.41421
4 7 1 2 3 5 9 11 14 1
4 7 1 2 3 5 9 12 13 1.41421
4 7 1 2 3 5 9 12 14 1
4 7 1 2 3 5 9 13 14 1
4 7 1 2 3 5 10 11 12 1
4 7 1 2 3 5 10 11 13 1
4 7 1 2 3 5 10 11 14 1
4 7 1 2 3 5 10 12 13 1.41421
4 7 1 2 3 5 10 12 14 1.41421
4 7 1 2 3 5 10 13 14 1.41421
4 7 1 2 3 5 11 12 13 1.41421
4 7 1 2 3 5 11 12 14 1
4 7 1 2 3 5 11 13 14 1
4 7 1 2 3 5 12 13 14 1.41421
4 7 1 2 3 6 8 9 10 1
4 7 1 2 3 6 8 9 11 1
4 7 1 2 3 6 8 9 12 1
4 7 1 2 3 6 8 9 13 1
4 7 1 2 3 6 8 9 14 1
4 7 1 2 3 6 8 10 11 1
4 7 1 2 3 6 8 10 12 1
4 7 1 2 3 6 8 10 13 0
4 7 1 2 3 6 8 10 14 1
4 7 1 2 3 6 8 11 12 1
4 7 1 2 3 6 8 11 13 1
4 7 1 2 3 6 8 11 14 1
4 7 1 2 3 6 8 12 13 1
4 7 1 2 3 6 8 12 14 1
4 7 1 2 3 6 8 13 14 0
4 7 1 2 3 6 9 10 11 1
4 7 1 2 3 6 9 10 12 1
4 7 1 2 3 6 9 10 13 0
4 7 1 2 3 6 9 10 14 1
4 7 1 2 3 6 9 11 12 1.41421
4 7 1 2 3 6 9 11 13 1.41421
4 7 1 2 3 6 9 11 14 1
4 7 1 2 3 6 9 12 13 1.41421
4 7 1 2 3 6 9 12 14 1
4 7 1 2 3 6 9 13 14 1
4 7 1 2 3 6 10 11 12 1
4 7 1 2 3 6 10 11 13 0
4 7 1 2 3 6 10 11 14 1
4 7 1 2 3 6 10 12 13 0
4 7 1 2 3 6 10 12 14 1
4 7 1 2 3 6 10 13 14 0
4 7 1 2 3 6 11 12 13 1.41421
4 7 1 2 3 6 11 12 14 1
4 7 1 2 3 6 11 13 14 1
4 7 1 2 3 6 12 13 14 1
4 7 1 2 3 8 9 10 11 1
4 7 1 2 3 8 9 10 12 1
4 7 1 2 3 8 9 10 13 1
4 7 1 2 3 8 9 10 14 1
4 7 1 2 3 8 9 11 12 1
4 7 1 2 3 8 9 11 13 1
4 7 1 2 3 8 9 11 14 1
4 7 1 2 3 8 9 12 13 1
4 7 1 2 3 8 9 12 14 1
4 7 1 2 3 8 9 13 14 1
4 7 1 2 3 8 10 11 12 1
4 7 1 2 3 8 10 11 13 1
4 7 1 2 3 8 10 11 14 1
4 7 1 2 3 8 10 12 13 1.41421
4 7 1 2 3 8 10 12 14 1.41421
4 7 1 2 3 8 10 13 14 1.41421
4 7 1 2 3 8 11 12 13 1
4 7 1 2 3 8 11 12 14 1
4 7 1 2 3 8 11 13 14 1
4 7 1 2 3 8 12 13 14 1.41421
4 7 1 2 3 9 10 11 12 1
4 7 1 2 3 9 10 11 13 0
4 7 1 2 3 9 10 11 14 1
4 7 1 2 3 9 10 12 13 1
4 7 1 2 3 9 10 12 14 1
4 7 1 2 3 9 10 13 14 1
4 7 1 2 3 9 11 12 13 1.41421
4 7 1 2 3 9 11 12 14 1
4 7 1 2 3 9 11 13 14 1
4 7 1 2 3 9 12 13 14 1
4 7 1 2 3 10 11 12 13 1
4 7 1 2 3 10 11 12 14 1
4 7 1 2 3 10 11 13 14 1
4 7 1 2 3 10 12 13 14 1.41421
4 7 1 2 3 11 12 13 14 1
4 7 1 2 5 6 8 9 10 1
4 7 1 2 5 6 8 9 11 1
4 7 1 2 5 6 8 9 12 1
4 7 1 2 5 6 8 9 13 1
4 7 1 2 5 6 8 9 14 1
4 7 1 2 5 6 8 10 11 1
4 7 1 2 5 6 8 10 12 1
4 7 1 2 5 6 8 10 13 1
4 7 1 2 5 6 8 10 14 1
4 7 1 2 5 6 8 11 12 1
4 7 1 2 5 6 8 11 13 1
4 7 1 2 5 6 8 11 14 1
4 7 1 2 5 6 8 12 13 1
4 7 1 2 5 6 8 12 14 1
4 7 1 2 5 6 8 13 14 1
4 7 1 2 5 6 9 10 11 1
4 7 1 2 5 6 9 10 12 1
4 7 1 2 5 6 9 10 13 1
4 7 1 2 5 6 9 10 14 1
4 7 1 2 5 6 9 11 12 1.41421
4 7 1 2 5 6 9 11 13 1.41421
4 7 1 2 5 6 9 11 14 1
4 7 1 2 5 6 9 12 13 1.41421
4 7 1 2 5 6 9 12 14 1
4 7 1 2 5 6 9 13 14 1
4 7 1 2 5 6 10 11 12 1
4 7 1 2 5 6 10 11 13 0
4 7 1 2 5 6 10 11 14 1
4 7 1 2 5 6 10 12 13 1
4 7 1 2 5 6 10 12 14 1
4 7 1 2 5 6 10 13 14 1
4 7 1 2 5 6 11 12 13 1.41421
4 7 1 2 5 6 11 12 14 1
4 7 1 2 5 6 11 13 14 1
4 7 1 2 5 6 12 13 14 1
4 7 1 2 5 8 9 10 11 1
4 7 1 2 5 8 9 10 12 1.41421
4 7 1 2 5 8 9 10 13 1.41421
4 7 1 2 5 8 9 10 14 1.41421
4 7 1 2 5 8 9 11 12 1
4 7 1 2 5 8 9 11 13 1
4 7 1 2 5 8 9 11 14 1
4 7 1 2 5 8 9 12 13 1.41421
4 7 1 2 5 8 9 12 14 1.41421
4 7 1 2 5 8 9 13 14 1.41421
4 7 1 2 5 8 10 11 12 1
4 7 1 2 5 8 10 11 13 1
4 7 1 2 5 8 10 11 14 1
4 7 1 2 5 8 10 12 13 1.62019
4 7 1 2 5 8 10 12 14 1.62019
4 7 1 2 5 8 10 13 14 1.62019
4 7 1 2 5 8 11 12 13 1
4 7 1 2 5 8 11 12 14 1
4 7 1 2 5 8 11 13 14 1
4 7 1 2 5 8 12 13 14 1.62019
4 7 1 2 5 9 10 11 12 1
4 7 1 2 5 9 10 11 13 0
4 7 1 2 5 9 10 11 14 1
4 7 1 2 5 9 10 12 13 1.41421
4 7 1 2 5 9 10 12 14 1.41421
4 7 1 2 5 9 10 13 14 1.41421
4 7 1 2 5 9 11 12 13 1.41421
4 7 1 2 5 9 11 12 14 1
4 7 1 2 5 9 11 13 14 1
4 7 1 2 5 9 12 13 14 1.41421
4 7 1 2 5 10 11 12 13 1
4 7 1 2 5 10 11 12 14 1
4 7 1 2 5 10 11 13 14 1
4 7 1 2 5 10 12 13 14 1.62019
4 7 1 2 5 11 12 13 14 1
4 7 1 2 6 8 9 10 11 1
4 7 1 2 6 8 9 10 12 1
4 7 1 2 6 8 9 10 13 1
4 7 1 2 6 8 9 10 14 1
4 7 1 2 6 8 9 11 12 1
4 7 1 2 6 8 9 11 13 1
4 7 1 2 6 8 9 11 14 1
4 7 1 2 6 8 9 12 13 1
4 7 1 2 6 8 9 12 14 1
4 7 1 2 6 8 9 13 14 1
4 7 1 2 6 8 10 11 12 1
4 7 1 2 6 8 10 11 13 0
4 7 1 2 6 8 10 11 14 1
4 7 1 2 6 8 10 12 13 1
4 7 1 2 6 8 10 12 14 1
4 7 1 2 6 8 10 13 14 1
4 7 1 2 6 8 11 12 13 1
4 7 1 2 6 8 11 12 14 1
4 7 1 2 6 8 11 13 14 0
4 7 1 2 6 8 12 13 14 1
4 7 1 2 6 9 10 11 12 1
4 7 1 2 6 9 10 11 13 0
4 7 1 2 6 9 10 11 14 1
4 7 1 2 6 9 10 12 13 1
4 7 1 2 6 9 10 12 14 1
4 7 1 2 6 9 10 13 14 1
4 7 1 2 6 9 11 12 13 1.41421
4 7 1 2 6 9 11 12 14 1
4 7 1 2 6 9 11 13 14 1
4 7 1 2 6 9 12 13 14 1
4 7 1 2 6 10 11 12 13 0
4 7 1 2 6 10 11 12 14 1
4 7 1 2 6 10 11 13 14 0
4 7 1 2 6 10 12 13 14 1
4 7 1 2 6 11 12 13 14 1
4 7 1 2 8 9 10 11 12 1
4 7 1 2 8 9 10 11 13 0
4 7 1 2 8 9 10 11 14 1
4 7 1 2 8 9 10 12 13 1.41421
4 7 1 2 8 9 10 12 14 1.41421
4 7 1 2 8 9 10 13 14 1.41421
4 7 1 2 8 9 11 12 13 1
4 7 1 2 8 9 11 12 14 1
4 7 1 2 8 9 11 13 14 0
4 7 1 2 8 9 12 13 14 1.41421
4 7 1 2 8 10 11 12 13 1
4 7 1 2 8 10 11 12 14 1
4 7 1 2 8 10 11 13 14 1
4 7 1 2 8 10 12 13 14 1.62019
4 7 1 2 8 11 12 13 14 1
4 7 1 2 9 10 11 12 13 0
4 7 1 2 9 10 11 12 14 1
4 7 1 2 9 10 11 13 14 0
4 7 1 2 9 10 12 13 14 1.41421
4 7 1 2 9 11 12 13 14 1
4 7 1 2 10 11 12 13 14 1
4 7 1 3 5 6 8 9 10 1
4 7 1 3 5 6 8 9 11 1
4 7 1 3 5 6 8 9 12 1
4 7 1 3 5 6 8 9 13 1
4 7 1 3 5 6 8 9 14 1
4 7 1 3 5 6 8 10 11 1
4 7 1 3 5 6 8 10 12 1
4 7 1 3 5 6 8 10 13 0
4 7 1 3 5 6 8 10 14 1
4 7 1 3 5 6 8 11 12 1
4 7 1 3 5 6 8 11 13 1
4 7 1 3 5 6 8 11 14 1
4 7 1 3 5 6 8 12 13 1
4 7 1 3 5 6 8 12 14 1
4 7 1 3 5 6 8 13 14 0
4 7 1 3 5 6 9 10 11 1
4 7 1 3 5 6 9 10 12 1
4 7 1 3 5 6 9 10 13 0
4 7 1 3 5 6 9 10 14 1
4 7 1 3 5 6 9 11 12 1.41421
4 7 1 3 5 6 9 11 13 1.41421
4 7 1 3 5 6 9 11 14 1
4 7 1 3 5 6 9 12 13 1.41421
4 7 1 3 5 6 9 12 14 1
4 7 1 3 5 6 9 13 14 1
4 7 1 3 5 6 10 11 12 1
4 7 1 3 5 6 10 11 13 0
4 7 1 3 5 6 10 11 14 1
4 7 1 3 5 6 10 12 13 0
4 7 1 3 5 6 10 12 14 1
4 7 1 3 5 6 10 13 14 0
4 7 1 3 5 6 11 12 13 1.41421
4 7 1 3 5 6 11 12 14 1
4 7 1 3 5 6 11 13 14 1
4 7 1 3 5 6 12 13 14 1
4 7 1 3 5 8 9 10 11 1
4 7 1 3 5 8 9 10 12 1
4 7 1 3 5 8 9 10 13 1
4 7 1 3 5 8 9 10 14 1
4 7 1 3 5 8 9 11 12 1
4 7 1 3 5 8 9 11 13 1
4 7 1 3 5 8 9 11 14 1
4 7 1 3 5 8 9 12 13 1
4 7 1 3 5 8 9 12 14 1
4 7 1 3 5 8 9 13 14 1
4 7 1 3 5 8 10 11 12 1
4 7 1 3 5 8 10 11 13 1
4 7 1 3 5 8 10 11 14 1
4 7 1 3 5 8 10 12 13 1.41421
4 7 1 3 5 8 10 12 14 1.41421
4 7 1 3 5 8 10 13 14 1.41421
4 7 1 3 5 8 11 12 13 1
4 7 1 3 5 8 11 12 14 1
4 7 1 3 5 8 11 13 14 1
4 7 1 3 5 8 12 13 14 1.41421
4 7 1 3 5 9 10 11 12 1
4 7 1 3 5 9 10 11 13 0
4 7 1 3 5 9 10 11 14 1
4 7 1 3 5 9 10 12 13 1
4 7 1 3 5 9 10 12 14 1
4 7 1 3 5 9 10 13 14 1
4 7 1 3 5 9 11 12 13 1.41421
4 7 1 3 5 9 11 12 14 1
4 7 1 3 5 9 11 13 14 1
4 7 1 3 5 9 12 13 14 1
4 7 1 3 5 10 11 12 13 1
4 7 1 3 5 10 11 12 14 1
4 7 1 3 5 10 11 13 14 1
4 7 1 3 5 10 12 13 14 1.41421
4 7 1 3 5 11 12 13 14 1
4 7 1 3 6 8 9 10 11 1
4 7 1 3 6 8 9 10 12 1
4 7 1 3 6 8 9 10 13 1
4 7 1 3 6 8 9 10 14 1
4 7 1 3 6 8 9 11 12 1
4 7 1 3 6 8 9 11 13 1
4 7 1 3 6 8 9 11 14 1
4 7 1 3 6 8 9 12 13 1
4 7 1 3 6 8 9 12 14 1
4 7 1 3 6 8 9 13 14 1
4 7 1 3 6 8 10 11 12 1
4 7 1 3 6 8 10 11 13 1
4 7 1 3 6 8 10 11 14 1
4 7 1 3 6 8 10 12 13 1
4 7 1 3 6 8 10 12 14 1
4 7 1 3 6 8 10 13 14 1
4 7 1 3 6 8 11 12 13 1
4 7 1 3 6 8 11 12 14 1
4 7 1 3 6 8 11 13 14 1
4 7 1 3 6 8 12 13 14 1
4 7 1 3 6 9 10 11 12 1
4 7 1 3 6 9 10 11 13 1
4 7 1 3 6 9 10 11 14 1
4 7 1 3 6 9 10 12 13 1
4 7 1 3 6 9 10 12 14 1
4 7 1 3 6 9 10 13 14 1
4 7 1 3 6 9 11 12 13 1.41421
4 7 1 3 6 9 11 12 14 1
4 7 1 3 6 9 11 13 14 1
4 7 1 3 6 9 12 13 14 1
4 7 1 3 6 10 11 12 13 1
4 7 1 3 6 10 11 12 14 1
4 7 1 3 6 10 11 13 14 1
4 7 1 3 6 10 12 13 14 1
4 7 1 3 6 11 12 13 14 1
4 7 1 3 8 9 10 11 12 1
4 7 1 3 8 9 10 11 13 1
4 7 1 3 8 9 10 11 14 1
4 7 1 3 8 9 10 12 13 1
4 7 1 3 8 9 10 12 14 1
4 7 1 3 8 9 10 13 14 1
4 7 1 3 8 9 11 12 13 1
4 7 1 3 8 9 11 12 14 1
4 7 1 3 8 9 11 13 14 1
4 7 1 3 8 9 12 13 14 1
4 7 1 3 8 10 11 12 13 1
4 7 1 3 8 10 11 12 14 1
4 7 1 3 8 10 11 13 14 1
4 7 1 3 8 10 12 13 14 1.41421
4 7 1 3 8 11 12 13 14 1
4 7 1 3 9 10 11 12 13 1
4 7 1 3 9 10 11 12 14 1
4 7 1 3 9 10 11 13 14 1
4 7 1 3 9 10 12 13 14 1
4 7 1 3 9 11 12 13 14 1
4 7 1 3 10 11 12 13 14 1
4 7 1 5 6 8 9 10 11 1
4 7 1 5 6 8 9 10 12 1.41421
4 7 1 5 6 8 9 10 13 1.41421
4 7 1 5 6 8 9 10 14 1.41421
4 7 1 5 6 8 9 11 12 1
4 7 1 5 6 8 9 11 13 1
4 7 1 5 6 8 9 11 14 1
4 7 1 5 6 8 9 12 13 1.41421
4 7 1 5 6 8 9 12 14 1.41421
4 7 1 5 6 8 9 13 14 1.41421
4 7 1 5 6 8 10 11 12 1
4 7 1 5 6 8 10 11 13 1
4 7 1 5 6 8 10 11 14 1
4 7 1 5 6 8 10 12 13 1.41421
4 7 1 5 6 8 10 12 14 1.41421
4 7 1 5 6 8 10 13 14 1.41421
4 7 1 5 6 8 11 12 13 1
4 7 1 5 6 8 11 12 14 1
4 7 1 5 6 8 11 13 14 1
4 7 1 5 6 8 12 13 14 1.41421
4 7 1 5 6 9 10 11 12 1
4 7 1 5 6 9 10 11 13 1
4 7 1 5 6 9 10 11 14 1
4 7 1 5 6 9 10 12 13 1.41421
4 7 1 5 6 9 10 12 14 1.41421
4 7 1 5 6 9 10 13 14 1.41421
4 7 1 5 6 9 11 12 13 1.41421
4 7 1 5 6 9 11 12 14 1
4 7 1 5 6 9 11 13 14 1
4 7 1 5 6 9 12 13 14 1.41421
4 7 1 5 6 10 11 12 13 1
4 7 1 5 6 10 11 12 14 1
4 7 1 5 6 10 11 13 14 1
4 7 1 5 6 10 12 13 14 1.41421
4 7 1 5 6 11 12 13 14 1
4 7 1 5 8 9 10 11 12 1
4 7 1 5 8 9 10 11 13 1
4 7 1 5 8 9 10 11 14 1
4 7 1 5 8 9 10 12 13 1.62019
4 7 1 5 8 9 10 12 14 1.62019
4 7 1 5 8 9 10 13 14 1.62019
4 7 1 5 8 9 11 12 13 1
4 7 1 5 8 9 11 12 14 1
4 7 1 5 8 9 11 13 14 1
4 7 1 5 8 9 12 13 14 1.62019
4 7 1 5 8 10 11 12 13 1
4 7 1 5 8 10 11 12 14 1
4 7 1 5 8 10 11 13 14 1
4 7 1 5 8 10 12 13 14 1.73205
4 7 1 5 8 11 12 13 14 1
4 7 1 5 9 10 11 12 13 1
4 7 1 5 9 10 11 12 14 1
4 7 1 5 9 10 11 13 14 1
4 7 1 5 9 10 12 13 14 1.62019
4 7 1 5 9 11 12 13 14 1
4 7 1 5 10 11 12 13 14 1
4 7 1 6 8 9 10 11 12 1.41421
4 7 1 6 8 9 10 11 13 1.41421
4 7 1 6 8 9 10 11 14 1.41421
4 7 1 6 8 9 10 12 13 1.62019
4 7 1 6 8 9 10 12 14 1.62019
4 7 1 6 8 9 10 13 14 1.62019
4 7 1 6 8 9 11 12 13 1.41421
4 7 1 6 8 9 11 12 14 1.41421
4 7 1 6 8 9 11 13 14 1.41421
4 7 1 6 8 9 12 13 14 1.62019
4 7 1 6 8 10 11 12 13 1.41421
4 7 1 6 8 10 11 12 14 1.41421
4 7 1 6 8 10 11 13 14 1.41421
4 7 1 6 8 10 12 13 14 1.62019
4 7 1 6 8 11 12 13 14 1.41421
4 7 1 6 9 10 11 12 13 1.41421
4 7 1 6 9 10 11 12 14 1.41421
4 7 1 6 9 10 11 13 14 1.41421
4 7 1 6 9 10 12 13 14 1.62019
4 7 1 6 9 11 12 13 14 1.41421
4 7 1 6 10 11 12 13 14 1.41421
4 7 1 8 9 10 11 12 13 1.41421
4 7 1 8 9 10 11 12 14 1.41421
4 7 1 8 9 10 11 13 14 1.41421
4 7 1 8 9 10 12 13 14 1.73205
4 7 1 8 9 11 12 13 14 1.41421
4 7 1 8 10 11 12 13 14 1.41421
4 7 1 9 10 11 12 13 14 1.41421
4 7 2 3 5 6 8 9 10 1.62019
4 7 2 3 5 6 8 9 11 1.62019
4 7 2 3 5 6 8 9 12 1.41421
4 7 2 3 5 6 8 9 13 1
4 7 2 3 5 6 8 9 14 1.62019
4 7 2 3 5 6 8 10 11 1.62019
4 7 2 3 5 6 8 10 12 1.41421
4 7 2 3 5 6 8 10 13 1
4 7 2 3 5 6 8 10 14 1.62019
4 7 2 3 5 6 8 11 12 1.41421
4 7 2 3 5 6 8 11 13 1
4 7 2 3 5 6 8 11 14 1.62019
4 7 2 3 5 6 8 12 13 1
4 7 2 3 5 6 8 12 14 1.41421
4 7 2 3 5 6 8 13 14 1
4 7 2 3 5 6 9 10 11 1.85164
4 7 2 3 5 6 9 10 12 1.62019
4 7 2 3 5 6 9 10 13 1.41421
4 7 2 3 5 6 9 10 14 1.85164
4 7 2 3 5 6 9 11 12 1.81265
4 7 2 3 5 6 9 11 13 1.73205
4 7 2 3 5 6 9 11 14 1.93309
4 7 2 3 5 6 9 12 13 1.62019
4 7 2 3 5 6 9 12 14 1.73205
4 7 2 3 5 6 9 13 14 1.62019
4 7 2 3 5 6 10 11 12 1.62019
4 7 2 3 5 6 10 11 13 1.41421
4 7 2 3 5 6 10 11 14 1.85164
4 7 2 3 5 6 10 12 13 1
4 7 2 3 5 6 10 12 14 1.62019
4 7 2 3 5 6 10 13 14 1.41421
4 7 2 3 5 6 11 12 13 1.62019
4 7 2 3 5 6 11 12 14 1.73205
4 7 2 3 5 6 11 13 14 1.62019
4 7 2 3 5 6 12 13 14 1.41421
4 7 2 3 5 8 9 10 11 1.62019
4 7 2 3 5 8 9 10 12 1.41421
4 7 2 3 5 8 9 10 13 1
4 7 2 3 5 8 9 10 14 1.62019
4 7 2 3 5 8 9 11 12 1.41421
4 7 2 3 5 8 9 11 13 1
4 7 2 3 5 8 9 11 14 1.62019
4 7 2 3 5 8 9 12 13 1
4 7 2 3 5 8 9 12 14 1.41421
4 7 2 3 5 8 9 13 14 1
4 7 2 3 5 8 10 11 12 1.41421
4 7 2 3 5 8 10 11 13 1
4 7 2 3 5 8 10 11 14 1.62019
4 7 2 3 5 8 10 12 13 1.41421
4 7 2 3 5 8 10 12 14 1.41421
4 7 2 3 5 8 10 13 14 1.41421
4 7 2 3 5 8 11 12 13 1
4 7 2 3 5 8 11 12 14 1.41421
4 7 2 3 5 8 11 13 14 1
4 7 2 3 5 8 12 13 14 1.41421
4 7 2 3 5 9 10 11 12 1.62019
4 7 2 3 5 9 10 11 13 1.41421
4 7 2 3 5 9 10 11 14 1.85164
4 7 2 3 5 9 10 12 13 1
4 7 2 3 5 9 10 12 14 1.62019
4 7 2 3 5 9 10 13 14 1.41421
4 7 2 3 5 9 11 12 13 1.62019
4 7 2 3 5 9 11 12 14 1.73205
4 7 2 3 5 9 11 13 14 1.62019
4 7 2 3 5 9 12 13 14 1.41421
4 7 2 3 5 10 11 12 13 1
4 7 2 3 5 10 11 12 14 1.62019
4 7 2 3 5 10 11 13 14 1.41421
4 7 2 3 5 10 12 13 14 1.41421
4 7 2 3 5 11 12 13 14 1.41421
4 7 2 3 6 8 9 10 11 1.62019
4 7 2 3 6 8 9 10 12 1.41421
4 7 2 3 6 8 9 10 13 1
4 7 2 3 6 8 9 10 14 1.62019
4 7 2 3 6 8 9 11 12 1.41421
4 7 2 3 6 8 9 11 13 1
4 7 2 3 6 8 9 11 14 1.62019
4 7 2 3 6 8 9 12 13 1
4 7 2 3 6 8 9 12 14 1.41421
4 7 2 3 6 8 9 13 14 1
4 7 2 3 6 8 10 11 12 1.41421
4 7 2 3 6 8 10 11 13 1
4 7 2 3 6 8 10 11 14 1.62019
4 7 2 3 6 8 10 12 13 0
4 7 2 3 6 8 10 12 14 1.41421
4 7 2 3 6 8 10 13 14 1
4 7 2 3 6 8 11 12 13 1
4 7 2 3 6 8 11 12 14 1.41421
4 7 2 3 6 8 11 13 14 1
4 7 2 3 6 8 12 13 14 0
4 7 2 3 6 9 10 11 12 1.62019
4 7 2 3 6 9 10 11 13 1.41421
4 7 2 3 6 9 10 11 14 1.85164
4 7 2 3 6 9 10 12 13 1
4 7 2 3 6 9 10 12 14 1.62019
4 7 2 3 6 9 10 13 14 1.41421
4 7 2 3 6 9 11 12 13 1.62019
4 7 2 3 6 9 11 12 14 1.73205
4 7 2 3 6 9 11 13 14 1.62019
4 7 2 3 6 9 12 13 14 1.41421
4 7 2 3 6 10 11 12 13 1
4 7 2 3 6 10 11 12 14 1.62019
4 7 2 3 6 10 11 13 14 1.41421
4 7 2 3 6 10 12 13 14 1
4 7 2 3 6 11 12 13 14 1.41421
4 7 2 3 8 9 10 11 12 1.41421
4 7 2 3 8 9 10 11 13 1
4 7 2 3 8 9 10 11 14 1.62019
4 7 2 3 8 9 10 12 13 1
4 7 2 3 8 9 10 12 14 1.41421
4 7 2 3 8 9 10 13 14 1
4 7 2 3 8 9 11 12 13 1
4 7 2 3 8 9 11 12 14 1.41421
4 7 2 3 8 9 11 13 14 1
4 7 2 3 8 9 12 13 14 1
4 7 2 3 8 10 11 12 13 1
4 7 2 3 8 10 11 12 14 1.41421
4 7 2 3 8 10 11 13 14 1
4 7 2 3 8 10 12 13 14 1.41421
4 7 2 3 8 11 12 13 14 1
4 7 2 3 9 10 11 12 13 1
4 7 2 3 9 10 11 12 14 1.62019
4 7 2 3 9 10 11 13 14 1.41421
4 7 2 3 9 10 12 13 14 1
4 7 2 3 9 11 12 13 14 1.41421
4 7 2 3 10 11 12 13 14 1
4 7 2 5 6 8 9 10 11 1.62019
4 7 2 5 6 8 9 10 12 1.41421
4 7 2 5 6 8 9 10 13 1
4 7 2 5 6 8 9 10 14 1.62019
4 7 2 5 6 8 9 11 12 1.41421
4 7 2 5 6 8 9 11 13 1
4 7 2 5 6 8 9 11 14 1.62019
4 7 2 5 6 8 9 12 13 1
4 7 2 5 6 8 9 12 14 1.41421
4 7 2 5 6 8 9 13 14 1
4 7 2 5 6 8 10 11 12 1.41421
4 7 2 5 6 8 10 11 13 1
4 7 2 5 6 8 10 11 14 1.62019
4 7 2 5 6 8 10 12 13 1
4 7 2 5 6 8 10 12 14 1.41421
4 7 2 5 6 8 10 13 14 1
4 7 2 5 6 8 11 12 13 1
4 7 2 5 6 8 11 12 14 1.41421
4 7 2 5 6 8 11 13 14 1
4 7 2 5 6 8 12 13 14 1
4 7 2 5 6 9 10 11 12 1.62019
4 7 2 5 6 9 10 11 13 1.41421
4 7 2 5 6 9 10 11 14 1.85164
4 7 2 5 6 9 10 12 13 1
4 7 2 5 6 9 10 12 14 1.62019
4 7 2 5 6 9 10 13 14 1.41421
4 7 2 5 6 9 11 12 13 1.62019
4 7 2 5 6 9 11 12 14 1.73205
4 7 2 5 6 9 11 13 14 1.62019
4 7 2 5 6 9 12 13 14 1.41421
4 7 2 5 6 10 11 12 13 1
4 7 2 5 6 10 11 12 14 1.62019
4 7 2 5 6 10 11 13 14 1.41421
4 7 2 5 6 10 12 13 14 1
4 7 2 5 6 11 12 13 14 1.41421
4 7 2 5 8 9 10 11 12 1.41421
4 7 2 5 8 9 10 11 13 1
4 7 2 5 8 9 10 11 14 1.62019
4 7 2 5 8 9 10 12 13 1.41421
4 7 2 5 8 9 10 12 14 1.41421
4 7 2 5 8 9 10 13 14 1.41421
4 7 2 5 8 9 11 12 13 1
4 7 2 5 8 9 11 12 14 1.41421
4 7 2 5 8 9 11 13 14 1
4 7 2 5 8 9 12 13 14 1.41421
4 7 2 5 8 10 11 12 13 1
4 7 2 5 8 10 11 12 14 1.41421
4 7 2 5 8 10 11 13 14 1
4 7 2 5 8 10 12 13 14 1.62019
4 7 2 5 8 11 12 13 14 1
4 7 2 5 9 10 11 12 13 1
4 7 2 5 9 10 11 12 14 1.62019
4 7 2 5 9 10 11 13 14 1.41421
4 7 2 5 9 10 12 13 14 1.41421
4 7 2 5 9 11 12 13 14 1.41421
4 7 2 5 10 11 12 13 14 1
4 7 2 6 8 9 10 11 12 1.41421
4 7 2 6 8 9 10 11 13 1
4 7 2 6 8 9 10 11 14 1.62019
4 7 2 6 8 9 10 12 13 1
4 7 2 6 8 9 10 12 14 1.41421
4 7 2 6 8 9 10 13 14 1
4 7 2 6 8 9 11 12 13 1
4 7 2 6 8 9 11 12 14 1.41421
4 7 2 6 8 9 11 13 14 1
4 7 2 6 8 9 12 13 14 1
4 7 2 6 8 10 11 12 13 0
4 7 2 6 8 10 11 12 14 1.41421
4 7 2 6 8 10 11 13 14 1
4 7 2 6 8 10 12 13 14 1
4 7 2 6 8 11 12 13 14 0
4 7 2 6 9 10 11 12 13 1
4 7 2 6 9 10 11 12 14 1.62019
4 7 2 6 9 10 11 13 14 1.41421
4 7 2 6 9 10 12 13 14 1
4 7 2 6 9 11 12 13 14 1.41421
4 7 2 6 10 11 12 13 14 1
4 7 2 8 9 10 11 12 13 0
4 7 2 8 9 10 11 12 14 1.41421
4 7 2 8 9 10 11 13 14 1
4 7 2 8 9 10 12 13 14 1.41421
4 7 2 8 9 11 12 13 14 0
4 7 2 8 10 11 12 13 14 1
4 7 2 9 10 11 12 13 14 1
4 7 3 5 6 8 9 10 11 1.85164
4 7 3 5 6 8 9 10 12 1.62019
4 7 3 5 6 8 9 10 13 1.41421
4 7 3 5 6 8 9 10 14 1.85164
4 7 3 5 6 8 9 11 12 1.62019
4 7 3 5 6 8 9 11 13 1.41421
4 7 3 5 6 8 9 11 14 1.85164
4 7 3 5 6 8 9 12 13 1
4 7 3 5 6 8 9 12 14 1.62019
4 7 3 5 6 8 9 13 14 1.41421
4 7 3 5 6 8 10 11 12 1.62019
4 7 3 5 6 8 10 11 13 1.41421
4 7 3 5 6 8 10 11 14 1.85164
4 7 3 5 6 8 10 12 13 1
4 7 3 5 6 8 10 12 14 1.62019
4 7 3 5 6 8 10 13 14 1.41421
4 7 3 5 6 8 11 12 13 1
4 7 3 5 6 8 11 12 14 1.62019
4 7 3 5 6 8 11 13 14 1.41421
4 7 3 5 6 8 12 13 14 1
4 7 3 5 6 9 10 11 12 1.85164
4 7 3 5 6 9 10 11 13 1.73205
4 7 3 5 6 9 10 11 14 2.07802
4 7 3 5 6 9 10 12 13 1.41421
4 7 3 5 6 9 10 12 14 1.85164
4 7 3 5 6 9 10 13 14 1.73205
4 7 3 5 6 9 11 12 13 1.73205
4 7 3 5 6 9 11 12 14 1.93309
4 7 3 5 6 9 11 13 14 1.85164
4 7 3 5 6 9 12 13 14 1.62019
4 7 3 5 6 10 11 12 13 1.41421
4 7 3 5 6 10 11 12 14 1.85164
4 7 3 5 6 10 11 13 14 1.73205
4 7 3 5 6 10 12 13 14 1.41421
4 7 3 5 6 11 12 13 14 1.62019
4 7 3 5 8 9 10 11 12 1.62019
4 7 3 5 8 9 10 11 13 1.41421
4 7 3 5 8 9 10 11 14 1.85164
4 7 3 5 8 9 10 12 13 1
4 7 3 5 8 9 10 12 14 1.62019
4 7 3 5 8 9 10 13 14 1.41421
4 7 3 5 8 9 11 12 13 1
4 7 3 5 8 9 11 12 14 1.62019
4 7 3 5 8 9 11 13 14 1.41421
4 7 3 5 8 9 12 13 14 1
4 7 3 5 8 10 11 12 13 1
4 7 3 5 8 10 11 12 14 1.62019
4 7 3 5 8 10 11 13 14 1.41421
4 7 3 5 8 10 12 13 14 1.41421
4 7 3 5 8 11 12 13 14 1
4 7 3 5 9 10 11 12 13 1.41421
4 7 3 5 9 10 11 12 14 1.85164
4 7 3 5 9 10 11 13 14 1.73205
4 7 3 5 9 10 12 13 14 1.41421
4 7 3 5 9 11 12 13 14 1.62019
4 7 3 5 10 11 12 13 14 1.41421
4 7 3 6 8 9 10 11 12 1.73205
4 7 3 6 8 9 10 11 13 1.62019
4 7 3 6 8 9 10 11 14 1.93309
4 7 3 6 8 9 10 12 13 1.41421
4 7 3 6 8 9 10 12 14 1.73205
4 7 3 6 8 9 10 13 14 1.62019
4 7 3 6 8 9 11 12 13 1.41421
4 7 3 6 8 9 11 12 14 1.73205
4 7 3 6 8 9 11 13 14 1.62019
4 7 3 6 8 9 12 13 14 1.41421
4 7 3 6 8 10 11 12 13 1.41421
4 7 3 6 8 10 11 12 14 1.73205
4 7 3 6 8 10 11 13 14 1.62019
4 7 3 6 8 10 12 13 14 1.41421
4 7 3 6 8 11 12 13 14 1.41421
4 7 3 6 9 10 11 12 13 1.62019
4 7 3 6 9 10 11 12 14 1.93309
4 7 3 6 9 10 11 13 14 1.85164
4 7 3 6 9 10 12 13 14 1.62019
4 7 3 6 9 11 12 13 14 1.73205
4 7 3 6 10 11 12 13 14 1.62019
4 7 3 8 9 10 11 12 13 1.41421
4 7 3 8 9 10 11 12 14 1.73205
4 7 3 8 9 10 11 13 14 1.62019
4 7 3 8 9 10 12 13 14 1.41421
4 7 3 8 9 11 12 13 14 1.41421
4 7 3 8 10 11 12 13 14 1.41421
4 7 3 9 10 11 12 13 14 1.62019
4 7 5 6 8 9 10 11 12 1.73205
4 7 5 6 8 9 10 11 13 1.62019
4 7 5 6 8 9 10 11 14 1.93309
4 7 5 6 8 9 10 12 13 1.62019
4 7 5 6 8 9 10 12 14 1.81265
4 7 5 6 8 9 10 13 14 1.73205
4 7 5 6 8 9 11 12 13 1.41421
4 7 5 6 8 9 11 12 14 1.73205
4 7 5 6 8 9 11 13 14 1.62019
4 7 5 6 8 9 12 13 14 1.62019
4 7 5 6 8 10 11 12 13 1.41421
4 7 5 6 8 10 11 12 14 1.73205
4 7 5 6 8 10 11 13 14 1.62019
4 7 5 6 8 10 12 13 14 1.62019
4 7 5 6 8 11 12 13 14 1.41421
4 7 5 6 9 10 11 12 13 1.62019
4 7 5 6 9 10 11 12 14 1.93309
4 7 5 6 9 10 11 13 14 1.85164
4 7 5 6 9 10 12 13 14 1.73205
4 7 5 6 9 11 12 13 14 1.73205
4 7 5 6 10 11 12 13 14 1.62019
4 7 5 8 9 10 11 12 13 1.41421
4 7 5 8 9 10 11 12 14 1.73205
4 7 5 8 9 10 11 13 14 1.62019
4 7 5 8 9 10 12 13 14 1.73205
4 7 5 8 9 11 12 13 14 1.41421
4 7 5 8 10 11 12 13 14 1.41421
4 7 5 9 10 11 12 13 14 1.62019
4 7 6 8 9 10 11 12 13 1.73205
4 7 6 8 9 10 11 12 14 1.90693
4 7 6 8 9 10 11 13 14 1.85164
4 7 6 8 9 10 12 13 14 1.85164
4 7 6 8 9 11 12 13 14 1.73205
4 7 6 8 10 11 12 13 14 1.73205
4 7 6 9 10 11 12 13 14 1.85164
4 7 8 9 10 11 12 13 14 1.73205
