5 13 0 1 2 3 4 6 7 1.41421
5 13 0 1 2 3 4 6 8 1
5 13 0 1 2 3 4 6 9 1.41421
5 13 0 1 2 3 4 6 10 0
5 13 0 1 2 3 4 6 11 1.41421
5 13 0 1 2 3 4 6 12 1.41421
5 13 0 1 2 3 4 6 14 1
5 13 0 1 2 3 4 7 8 1.41421
5 13 0 1 2 3 4 7 9 1.41421
5 13 0 1 2 3 4 7 10 1.41421
5 13 0 1 2 3 4 7 11 1.41421
5 13 0 1 2 3 4 7 12 1.41421
5 13 0 1 2 3 4 7 14 1.41421
5 13 0 1 2 3 4 8 9 1
5 13 0 1 2 3 4 8 10 1.41421
5 13 0 1 2 3 4 8 11 1
5 13 0 1 2 3 4 8 12 1.41421
5 13 0 1 2 3 4 8 14 1.41421
5 13 0 1 2 3 4 9 10 1
5 13 0 1 2 3 4 9 11 1.41421
5 13 0 1 2 3 4 9 12 1.41421
5 13 0 1 2 3 4 9 14 1
5 13 0 1 2 3 4 10 11 1
5 13 0 1 2 3 4 10 12 1.41421
5 13 0 1 2 3 4 10 14 1.41421
5 13 0 1 2 3 4 11 12 1.41421
5 13 0 1 2 3 4 11 14 1
5 13 0 1 2 3 4 12 14 1.41421
5 13 0 1 2 3 6 7 8 1.41421
5 13 0 1 2 3 6 7 9 1.73205
5 13 0 1 2 3 6 7 10 0
5 13 0 1 2 3 6 7 11 1.73205
5 13 0 1 2 3 6 7 12 1.73205
5 13 0 1 2 3 6 7 14 1.41421
5 13 0 1 2 3 6 8 9 1.41421
5 13 0 1 2 3 6 8 10 0
5 13 0 1 2 3 6 8 11 1.41421
5 13 0 1 2 3 6 8 12 1.41421
5 13 0 1 2 3 6 8 14 1
5 13 0 1 2 3 6 9 10 0
5 13 0 1 2 3 6 9 11 1.73205
5 13 0 1 2 3 6 9 12 1.73205
5 13 0 1 2 3 6 9 14 1.41421
5 13 0 1 2 3 6 10 11 0
5 13 0 1 2 3 6 10 12 0
5 13 0 1 2 3 6 10 14 0
5 13 0 1 2 3 6 11 12 1.73205
5 13 0 1 2 3 6 11 14 1.41421
5 13 0 1 2 3 6 12 14 1.41421
5 13 0 1 2 3 7 8 9 1.41421
5 13 0 1 2 3 7 8 10 1.41421
5 13 0 1 2 3 7 8 11 1.41421
5 13 0 1 2 3 7 8 12 1.41421
5 13 0 1 2 3 7 8 14 1.41421
5 13 0 1 2 3 7 9 10 1
5 13 0 1 2 3 7 9 11 1.73205
5 13 0 1 2 3 7 9 12 1.73205
5 13 0 1 2 3 7 9 14 1.41421
5 13 0 1 2 3 7 10 11 1
5 13 0 1 2 3 7 10 12 1.41421
5 13 0 1 2 3 7 10 14 1.41421
5 13 0 1 2 3 7 11 12 1.73205
5 13 0 1 2 3 7 11 14 1.41421
5 13 0 1 2 3 7 12 14 1.41421
5 13 0 1 2 3 8 9 10 1
5 13 0 1 2 3 8 9 11 1.41421
5 13 0 1 2 3 8 9 12 1.41421
5 13 0 1 2 3 8 9 14 1
5 13 0 1 2 3 8 10 11 1
5 13 0 1 2 3 8 10 12 1.41421
5 13 0 1 2 3 8 10 14 1.41421
5 13 0 1 2 3 8 11 12 1.41421
5 13 0 1 2 3 8 11 14 1
5 13 0 1 2 3 8 12 14 1.41421
5 13 0 1 2 3 9 10 11 0
5 13 0 1 2 3 9 10 12 1
5 13 0 1 2 3 9 10 14 1
5 13 0 1 2 3 9 11 12 1.73205
5 13 0 1 2 3 9 11 14 1.41421
5 13 0 1 2 3 9 12 14 1.41421
5 13 0 1 2 3 10 11 12 1
5 13 0 1 2 3 10 11 14 1
5 13 0 1 2 3 10 12 14 1.41421
5 13 0 1 2 3 11 12 14 1.41421
5 13 0 1 2 4 6 7 8 1
5 13 0 1 2 4 6 7 9 1.41421
5 13 0 1 2 4 6 7 10 1
5 13 0 1 2 4 6 7 11 1.41421
5 13 0 1 2 4 6 7 12 1.41421
5 13 0 1 2 4 6 7 14 1
5 13 0 1 2 4 6 8 9 1.41421
5 13 0 1 2 4 6 8 10 1.41421
5 13 0 1 2 4 6 8 11 1
5 13 0 1 2 4 6 8 12 1.41421
5 13 0 1 2 4 6 8 14 1.41421
5 13 0 1 2 4 6 9 10 1.41421
5 13 0 1 2 4 6 9 11 1.41421
5 13 0 1 2 4 6 9 12 1.41421
5 13 0 1 2 4 6 9 14 1.41421
5 13 0 1 2 4 6 10 11 1
5 13 0 1 2 4 6 10 12 1.41421
5 13 0 1 2 4 6 10 14 1.41421
5 13 0 1 2 4 6 11 12 1.41421
5 13 0 1 2 4 6 11 14 1
5 13 0 1 2 4 6 12 14 1.41421
5 13 0 1 2 4 7 8 9 1.41421
5 13 0 1 2 4 7 8 10 1.62019
5 13 0 1 2 4 7 8 11 1
5 13 0 1 2 4 7 8 12 1.62019
5 13 0 1 2 4 7 8 14 1.62019
5 13 0 1 2 4 7 9 10 1.41421
5 13 0 1 2 4 7 9 11 1.41421
5 13 0 1 2 4 7 9 12 1.41421
5 13 0 1 2 4 7 9 14 1.41421
5 13 0 1 2 4 7 10 11 1
5 13 0 1 2 4 7 10 12 1.62019
5 13 0 1 2 4 7 10 14 1.62019
5 13 0 1 2 4 7 11 12 1.41421
5 13 0 1 2 4 7 11 14 1
5 13 0 1 2 4 7 12 14 1.62019
5 13 0 1 2 4 8 9 10 1.62019
5 13 0 1 2 4 8 9 11 1
5 13 0 1 2 4 8 9 12 1.62019
5 13 0 1 2 4 8 9 14 1.62019
5 13 0 1 2 4 8 10 11 1
5 13 0 1 2 4 8 10 12 1.73205
5 13 0 1 2 4 8 10 14 1.73205
5 13 0 1 2 4 8 11 12 1
5 13 0 1 2 4 8 11 14 1
5 13 0 1 2 4 8 12 14 1.73205
5 13 0 1 2 4 9 10 11 1
5 13 0 1 2 4 9 10 12 1.62019
5 13 0 1 2 4 9 10 14 1.62019
5 13 0 1 2 4 9 11 12 1.41421
5 13 0 1 2 4 9 11 14 1
5 13 0 1 2 4 9 12 14 1.62019
5 13 0 1 2 4 10 11 12 1
5 13 0 1 2 4 10 11 14 1
5 13 0 1 2 4 10 12 14 1.73205
5 13 0 1 2 4 11 12 14 1
5 13 0 1 2 6 7 8 9 1.41421
5 13 0 1 2 6 7 8 10 1
5 13 0 1 2 6 7 8 11 1.41421
5 13 0 1 2 6 7 8 12 1.41421
5 13 0 1 2 6 7 8 14 1
5 13 0 1 2 6 7 9 10 1
5 13 0 1 2 6 7 9 11 1.73205
5 13 0 1 2 6 7 9 12 1.73205
5 13 0 1 2 6 7 9 14 1.41421
5 13 0 1 2 6 7 10 11 0
5 13 0 1 2 6 7 10 12 1
5 13 0 1 2 6 7 10 14 1
5 13 0 1 2 6 7 11 12 1.73205
5 13 0 1 2 6 7 11 14 1.41421
5 13 0 1 2 6 7 12 14 1.41421
5 13 0 1 2 6 8 9 10 1.41421
5 13 0 1 2 6 8 9 11 1.41421
5 13 0 1 2 6 8 9 12 1.41421
5 13 0 1 2 6 8 9 14 1.41421
5 13 0 1 2 6 8 10 11 1
5 13 0 1 2 6 8 10 12 1.41421
5 13 0 1 2 6 8 10 14 1.41421
5 13 0 1 2 6 8 11 12 1.41421
5 13 0 1 2 6 8 11 14 1
5 13 0 1 2 6 8 12 14 1.41421
5 13 0 1 2 6 9 10 11 1
5 13 0 1 2 6 9 10 12 1.41421
5 13 0 1 2 6 9 10 14 1.41421
5 13 0 1 2 6 9 11 12 1.73205
5 13 0 1 2 6 9 11 14 1.41421
5 13 0 1 2 6 9 12 14 1.41421
5 13 0 1 2 6 10 11 12 1
5 13 0 1 2 6 10 11 14 1
5 13 0 1 2 6 10 12 14 1.41421
5 13 0 1 2 6 11 12 14 1.41421
5 13 0 1 2 7 8 9 10 1.41421
5 13 0 1 2 7 8 9 11 1.41421
5 13 0 1 2 7 8 9 12 1.41421
5 13 0 1 2 7 8 9 14 1.41421
5 13 0 1 2 7 8 10 11 1
5 13 0 1 2 7 8 10 12 1.62019
5 13 0 1 2 7 8 10 14 1.62019
5 13 0 1 2 7 8 11 12 1.41421
5 13 0 1 2 7 8 11 14 1
5 13 0 1 2 7 8 12 14 1.62019
5 13 0 1 2 7 9 10 11 0
5 13 0 1 2 7 9 10 12 1.41421
5 13 0 1 2 7 9 10 14 1.41421
5 13 0 1 2 7 9 11 12 1.73205
5 13 0 1 2 7 9 11 14 1.41421
5 13 0 1 2 7 9 12 14 1.41421
5 13 0 1 2 7 10 11 12 1
5 13 0 1 2 7 10 11 14 1
5 13 0 1 2 7 10 12 14 1.62019
5 13 0 1 2 7 11 12 14 1.41421
5 13 0 1 2 8 9 10 11 1
5 13 0 1 2 8 9 10 12 1.62019
5 13 0 1 2 8 9 10 14 1.62019
5 13 0 1 2 8 9 11 12 1.41421
5 13 0 1 2 8 9 11 14 1
5 13 0 1 2 8 9 12 14 1.62019
5 13 0 1 2 8 10 11 12 1
5 13 0 1 2 8 10 11 14 1
5 13 0 1 2 8 10 12 14 1.73205
5 13 0 1 2 8 11 12 14 1
5 13 0 1 2 9 10 11 12 1
5 13 0 1 2 9 10 11 14 1
5 13 0 1 2 9 10 12 14 1.62019
5 13 0 1 2 9 11 12 14 1.41421
5 13 0 1 2 10 11 12 14 1
5 13 0 1 3 4 6 7 8 1
5 13 0 1 3 4 6 7 9 1.41421
5 13 0 1 3 4 6 7 10 0
5 13 0 1 3 4 6 7 11 1.41421
5 13 0 1 3 4 6 7 12 1.41421
5 13 0 1 3 4 6 7 14 1
5 13 0 1 3 4 6 8 9 1
5 13 0 1 3 4 6 8 10 0
5 13 0 1 3 4 6 8 11 1
5 13 0 1 3 4 6 8 12 1
5 13 0 1 3 4 6 8 14 0
5 13 0 1 3 4 6 9 10 0
5 13 0 1 3 4 6 9 11 1.41421
5 13 0 1 3 4 6 9 12 1.41421
5 13 0 1 3 4 6 9 14 1
5 13 0 1 3 4 6 10 11 0
5 13 0 1 3 4 6 10 12 0
5 13 0 1 3 4 6 10 14 0
5 13 0 1 3 4 6 11 12 1.41421
5 13 0 1 3 4 6 11 14 1
5 13 0 1 3 4 6 12 14 1
5 13 0 1 3 4 7 8 9 1
5 13 0 1 3 4 7 8 10 1.41421
5 13 0 1 3 4 7 8 11 1
5 13 0 1 3 4 7 8 12 1.41421
5 13 0 1 3 4 7 8 14 1.41421
5 13 0 1 3 4 7 9 10 1
5 13 0 1 3 4 7 9 11 1.41421
5 13 0 1 3 4 7 9 12 1.41421
5 13 0 1 3 4 7 9 14 1
5 13 0 1 3 4 7 10 11 1
5 13 0 1 3 4 7 10 12 1.41421
5 13 0 1 3 4 7 10 14 1.41421
5 13 0 1 3 4 7 11 12 1.41421
5 13 0 1 3 4 7 11 14 1
5 13 0 1 3 4 7 12 14 1.41421
5 13 0 1 3 4 8 9 10 1
5 13 0 1 3 4 8 9 11 1
5 13 0 1 3 4 8 9 12 1
5 13 0 1 3 4 8 9 14 1
5 13 0 1 3 4 8 10 11 1
5 13 0 1 3 4 8 10 12 1.41421
5 13 0 1 3 4 8 10 14 1.41421
5 13 0 1 3 4 8 11 12 1
5 13 0 1 3 4 8 11 14 1
5 13 0 1 3 4 8 12 14 1.41421
5 13 0 1 3 4 9 10 11 0
5 13 0 1 3 4 9 10 12 1
5 13 0 1 3 4 9 10 14 1
5 13 0 1 3 4 9 11 12 1.41421
5 13 0 1 3 4 9 11 14 1
5 13 0 1 3 4 9 12 14 1
5 13 0 1 3 4 10 11 12 1
5 13 0 1 3 4 10 11 14 1
5 13 0 1 3 4 10 12 14 1.41421
5 13 0 1 3 4 11 12 14 1
5 13 0 1 3 6 7 8 9 1.41421
5 13 0 1 3 6 7 8 10 0
5 13 0 1 3 6 7 8 11 1.41421
5 13 0 1 3 6 7 8 12 1.41421
5 13 0 1 3 6 7 8 14 1
5 13 0 1 3 6 7 9 10 0
5 13 0 1 3 6 7 9 11 1.73205
5 13 0 1 3 6 7 9 12 1.73205
5 13 0 1 3 6 7 9 14 1.41421
5 13 0 1 3 6 7 10 11 0
5 13 0 1 3 6 7 10 12 0
5 13 0 1 3 6 7 10 14 0
5 13 0 1 3 6 7 11 12 1.73205
5 13 0 1 3 6 7 11 14 1.41421
5 13 0 1 3 6 7 12 14 1.41421
5 13 0 1 3 6 8 9 10 0
5 13 0 1 3 6 8 9 11 1.41421
5 13 0 1 3 6 8 9 12 1.41421
5 13 0 1 3 6 8 9 14 1
5 13 0 1 3 6 8 10 11 0
5 13 0 1 3 6 8 10 12 0
5 13 0 1 3 6 8 10 14 0
5 13 0 1 3 6 8 11 12 1.41421
5 13 0 1 3 6 8 11 14 1
5 13 0 1 3 6 8 12 14 1
5 13 0 1 3 6 9 10 11 0
5 13 0 1 3 6 9 10 12 0
5 13 0 1 3 6 9 10 14 0
5 13 0 1 3 6 9 11 12 1.73205
5 13 0 1 3 6 9 11 14 1.41421
5 13 0 1 3 6 9 12 14 1.41421
5 13 0 1 3 6 10 11 12 0
5 13 0 1 3 6 10 11 14 0
5 13 0 1 3 6 10 12 14 0
5 13 0 1 3 6 11 12 14 1.41421
5 13 0 1 3 7 8 9 10 1
5 13 0 1 3 7 8 9 11 1.41421
5 13 0 1 3 7 8 9 12 1.41421
5 13 0 1 3 7 8 9 14 1
5 13 0 1 3 7 8 10 11 1
5 13 0 1 3 7 8 10 12 1.41421
5 13 0 1 3 7 8 10 14 1.41421
5 13 0 1 3 7 8 11 12 1.41421
5 13 0 1 3 7 8 11 14 1
5 13 0 1 3 7 8 12 14 1.41421
5 13 0 1 3 7 9 10 11 0
5 13 0 1 3 7 9 10 12 1
5 13 0 1 3 7 9 10 14 1
5 13 0 1 3 7 9 11 12 1.73205
5 13 0 1 3 7 9 11 14 1.41421
5 13 0 1 3 7 9 12 14 1.41421
5 13 0 1 3 7 10 11 12 1
5 13 0 1 3 7 10 11 14 1
5 13 0 1 3 7 10 12 14 1.41421
5 13 0 1 3 7 11 12 14 1.41421
5 13 0 1 3 8 9 10 11 0
5 13 0 1 3 8 9 10 12 1
5 13 0 1 3 8 9 10 14 1
5 13 0 1 3 8 9 11 12 1.41421
5 13 0 1 3 8 9 11 14 1
5 13 0 1 3 8 9 12 14 1
5 13 0 1 3 8 10 11 12 1
5 13 0 1 3 8 10 11 14 1
5 13 0 1 3 8 10 12 14 1.41421
5 13 0 1 3 8 11 12 14 1
5 13 0 1 3 9 10 11 12 0
5 13 0 1 3 9 10 11 14 0
5 13 0 1 3 9 10 12 14 1
5 13 0 1 3 9 11 12 14 1.41421
5 13 0 1 3 10 11 12 14 1
5 13 0 1 4 6 7 8 9 1.41421
5 13 0 1 4 6 7 8 10 1.41421
5 13 0 1 4 6 7 8 11 1
5 13 0 1 4 6 7 8 12 1.41421
5 13 0 1 4 6 7 8 14 1.41421
5 13 0 1 4 6 7 9 10 1.41421
5 13 0 1 4 6 7 9 11 1.41421
5 13 0 1 4 6 7 9 12 1.41421
5 13 0 1 4 6 7 9 14 1.41421
5 13 0 1 4 6 7 10 11 1
5 13 0 1 4 6 7 10 12 1.41421
5 13 0 1 4 6 7 10 14 1.41421
5 13 0 1 4 6 7 11 12 1.41421
5 13 0 1 4 6 7 11 14 1
5 13 0 1 4 6 7 12 14 1.41421
5 13 0 1 4 6 8 9 10 1.73205
5 13 0 1 4 6 8 9 11 1.41421
5 13 0 1 4 6 8 9 12 1.73205
5 13 0 1 4 6 8 9 14 1.73205
5 13 0 1 4 6 8 10 11 1.41421
5 13 0 1 4 6 8 10 12 1.73205
5 13 0 1 4 6 8 10 14 1.73205
5 13 0 1 4 6 8 11 12 1.41421
5 13 0 1 4 6 8 11 14 1.41421
5 13 0 1 4 6 8 12 14 1.73205
5 13 0 1 4 6 9 10 11 1.41421
5 13 0 1 4 6 9 10 12 1.73205
5 13 0 1 4 6 9 10 14 1.73205
5 13 0 1 4 6 9 11 12 1.41421
5 13 0 1 4 6 9 11 14 1.41421
5 13 0 1 4 6 9 12 14 1.73205
5 13 0 1 4 6 10 11 12 1.41421
5 13 0 1 4 6 10 11 14 1.41421
5 13 0 1 4 6 10 12 14 1.73205
5 13 0 1 4 6 11 12 14 1.41421
5 13 0 1 4 7 8 9 10 1.62019
5 13 0 1 4 7 8 9 11 1
5 13 0 1 4 7 8 9 12 1.62019
5 13 0 1 4 7 8 9 14 1.62019
5 13 0 1 4 7 8 10 11 1
5 13 0 1 4 7 8 10 12 1.73205
5 13 0 1 4 7 8 10 14 1.73205
5 13 0 1 4 7 8 11 12 1
5 13 0 1 4 7 8 11 14 1
5 13 0 1 4 7 8 12 14 1.73205
5 13 0 1 4 7 9 10 11 1
5 13 0 1 4 7 9 10 12 1.62019
5 13 0 1 4 7 9 10 14 1.62019
5 13 0 1 4 7 9 11 12 1.41421
5 13 0 1 4 7 9 11 14 1
5 13 0 1 4 7 9 12 14 1.62019
5 13 0 1 4 7 10 11 12 1
5 13 0 1 4 7 10 11 14 1
5 13 0 1 4 7 10 12 14 1.73205
5 13 0 1 4 7 11 12 14 1
5 13 0 1 4 8 9 10 11 1.41421
5 13 0 1 4 8 9 10 12 1.85164
5 13 0 1 4 8 9 10 14 1.85164
5 13 0 1 4 8 9 11 12 1.41421
5 13 0 1 4 8 9 11 14 1.41421
5 13 0 1 4 8 9 12 14 1.85164
5 13 0 1 4 8 10 11 12 1.41421
5 13 0 1 4 8 10 11 14 1.41421
5 13 0 1 4 8 10 12 14 1.90693
5 13 0 1 4 8 11 12 14 1.41421
5 13 0 1 4 9 10 11 12 1.41421
5 13 0 1 4 9 10 11 14 1.41421
5 13 0 1 4 9 10 12 14 1.85164
5 13 0 1 4 9 11 12 14 1.41421
5 13 0 1 4 10 11 12 14 1.41421
5 13 0 1 6 7 8 9 10 1.41421
5 13 0 1 6 7 8 9 11 1.41421
5 13 0 1 6 7 8 9 12 1.41421
5 13 0 1 6 7 8 9 14 1.41421
5 13 0 1 6 7 8 10 11 1
5 13 0 1 6 7 8 10 12 1.41421
5 13 0 1 6 7 8 10 14 1.41421
5 13 0 1 6 7 8 11 12 1.41421
5 13 0 1 6 7 8 11 14 1
5 13 0 1 6 7 8 12 14 1.41421
5 13 0 1 6 7 9 10 11 1
5 13 0 1 6 7 9 10 12 1.41421
5 13 0 1 6 7 9 10 14 1.41421
5 13 0 1 6 7 9 11 12 1.73205
5 13 0 1 6 7 9 11 14 1.41421
5 13 0 1 6 7 9 12 14 1.41421
5 13 0 1 6 7 10 11 12 1
5 13 0 1 6 7 10 11 14 1
5 13 0 1 6 7 10 12 14 1.41421
5 13 0 1 6 7 11 12 14 1.41421
5 13 0 1 6 8 9 10 11 1.41421
5 13 0 1 6 8 9 10 12 1.73205
5 13 0 1 6 8 9 10 14 1.73205
5 13 0 1 6 8 9 11 12 1.41421
5 13 0 1 6 8 9 11 14 1.41421
5 13 0 1 6 8 9 12 14 1.73205
5 13 0 1 6 8 10 11 12 1.41421
5 13 0 1 6 8 10 11 14 1.41421
5 13 0 1 6 8 10 12 14 1.73205
5 13 0 1 6 8 11 12 14 1.41421
5 13 0 1 6 9 10 11 12 1.41421
5 13 0 1 6 9 10 11 14 1.41421
5 13 0 1 6 9 10 12 14 1.73205
5 13 0 1 6 9 11 12 14 1.41421
5 13 0 1 6 10 11 12 14 1.41421
5 13 0 1 7 8 9 10 11 1
5 13 0 1 7 8 9 10 12 1.62019
5 13 0 1 7 8 9 10 14 1.62019
5 13 0 1 7 8 9 11 12 1.41421
5 13 0 1 7 8 9 11 14 1
5 13 0 1 7 8 9 12 14 1.62019
5 13 0 1 7 8 10 11 12 1
5 13 0 1 7 8 10 11 14 1
5 13 0 1 7 8 10 12 14 1.73205
5 13 0 1 7 8 11 12 14 1
5 13 0 1 7 9 10 11 12 1
5 13 0 1 7 9 10 11 14 1
5 13 0 1 7 9 10 12 14 1.62019
5 13 0 1 7 9 11 12 14 1.41421
5 13 0 1 7 10 11 12 14 1
5 13 0 1 8 9 10 11 12 1.41421
5 13 0 1 8 9 10 11 14 1.41421
5 13 0 1 8 9 10 12 14 1.85164
5 13 0 1 8 9 11 12 14 1.41421
5 13 0 1 8 10 11 12 14 1.41421
5 13 0 1 9 10 11 12 14 1.41421
5 13 0 2 3 4 6 7 8 1
5 13 0 2 3 4 6 7 9 1.73205
5 13 0 2 3 4 6 7 10 1.41421
5 13 0 2 3 4 6 7 11 1.73205
5 13 0 2 3 4 6 7 12 1.62019
5 13 0 2 3 4 6 7 14 1.62019
5 13 0 2 3 4 6 8 9 1.41421
5 13 0 2 3 4 6 8 10 1.41421
5 13 0 2 3 4 6 8 11 1.41421
5 13 0 2 3 4 6 8 12 1
5 13 0 2 3 4 6 8 14 1.41421
5 13 0 2 3 4 6 9 10 1.73205
5 13 0 2 3 4 6 9 11 1.90693
5 13 0 2 3 4 6 9 12 1.73205
5 13 0 2 3 4 6 9 14 1.85164
5 13 0 2 3 4 6 10 11 1.73205
5 13 0 2 3 4 6 10 12 1.41421
5 13 0 2 3 4 6 10 14 1.73205
5 13 0 2 3 4 6 11 12 1.73205
5 13 0 2 3 4 6 11 14 1.85164
5 13 0 2 3 4 6 12 14 1.62019
5 13 0 2 3 4 7 8 9 1
5 13 0 2 3 4 7 8 10 1.41421
5 13 0 2 3 4 7 8 11 1
5 13 0 2 3 4 7 8 12 1.41421
5 13 0 2 3 4 7 8 14 1.41421
5 13 0 2 3 4 7 9 10 1.41421
5 13 0 2 3 4 7 9 11 1.73205
5 13 0 2 3 4 7 9 12 1.62019
5 13 0 2 3 4 7 9 14 1.62019
5 13 0 2 3 4 7 10 11 1.41421
5 13 0 2 3 4 7 10 12 1.41421
5 13 0 2 3 4 7 10 14 1.41421
5 13 0 2 3 4 7 11 12 1.62019
5 13 0 2 3 4 7 11 14 1.62019
5 13 0 2 3 4 7 12 14 1.41421
5 13 0 2 3 4 8 9 10 1.41421
5 13 0 2 3 4 8 9 11 1.41421
5 13 0 2 3 4 8 9 12 1
5 13 0 2 3 4 8 9 14 1.41421
5 13 0 2 3 4 8 10 11 1.41421
5 13 0 2 3 4 8 10 12 1.41421
5 13 0 2 3 4 8 10 14 1.41421
5 13 0 2 3 4 8 11 12 1
5 13 0 2 3 4 8 11 14 1.41421
5 13 0 2 3 4 8 12 14 1.41421
5 13 0 2 3 4 9 10 11 1.73205
5 13 0 2 3 4 9 10 12 1.41421
5 13 0 2 3 4 9 10 14 1.73205
5 13 0 2 3 4 9 11 12 1.73205
5 13 0 2 3 4 9 11 14 1.85164
5 13 0 2 3 4 9 12 14 1.62019
5 13 0 2 3 4 10 11 12 1.41421
5 13 0 2 3 4 10 11 14 1.73205
5 13 0 2 3 4 10 12 14 1.41421
5 13 0 2 3 4 11 12 14 1.62019
5 13 0 2 3 6 7 8 9 1.41421
5 13 0 2 3 6 7 8 10 1
5 13 0 2 3 6 7 8 11 1.41421
5 13 0 2 3 6 7 8 12 1.41421
5 13 0 2 3 6 7 8 14 1
5 13 0 2 3 6 7 9 10 1.41421
5 13 0 2 3 6 7 9 11 1.90693
5 13 0 2 3 6 7 9 12 1.85164
5 13 0 2 3 6 7 9 14 1.73205
5 13 0 2 3 6 7 10 11 1.41421
5 13 0 2 3 6 7 10 12 1
5 13 0 2 3 6 7 10 14 1.41421
5 13 0 2 3 6 7 11 12 1.85164
5 13 0 2 3 6 7 11 14 1.73205
5 13 0 2 3 6 7 12 14 1.62019
5 13 0 2 3 6 8 9 10 1.41421
5 13 0 2 3 6 8 9 11 1.41421
5 13 0 2 3 6 8 9 12 1.41421
5 13 0 2 3 6 8 9 14 1.41421
5 13 0 2 3 6 8 10 11 1.41421
5 13 0 2 3 6 8 10 12 1
5 13 0 2 3 6 8 10 14 1.41421
5 13 0 2 3 6 8 11 12 1.41421
5 13 0 2 3 6 8 11 14 1.41421
5 13 0 2 3 6 8 12 14 1
5 13 0 2 3 6 9 10 11 1.73205
5 13 0 2 3 6 9 10 12 1.41421
5 13 0 2 3 6 9 10 14 1.73205
5 13 0 2 3 6 9 11 12 1.90693
5 13 0 2 3 6 9 11 14 1.90693
5 13 0 2 3 6 9 12 14 1.73205
5 13 0 2 3 6 10 11 12 1.41421
5 13 0 2 3 6 10 11 14 1.73205
5 13 0 2 3 6 10 12 14 1.41421
5 13 0 2 3 6 11 12 14 1.73205
5 13 0 2 3 7 8 9 10 1
5 13 0 2 3 7 8 9 11 1.41421
5 13 0 2 3 7 8 9 12 1.41421
5 13 0 2 3 7 8 9 14 1
5 13 0 2 3 7 8 10 11 1
5 13 0 2 3 7 8 10 12 1.41421
5 13 0 2 3 7 8 10 14 1.41421
5 13 0 2 3 7 8 11 12 1.41421
5 13 0 2 3 7 8 11 14 1
5 13 0 2 3 7 8 12 14 1.41421
5 13 0 2 3 7 9 10 11 1.41421
5 13 0 2 3 7 9 10 12 1
5 13 0 2 3 7 9 10 14 1.41421
5 13 0 2 3 7 9 11 12 1.85164
5 13 0 2 3 7 9 11 14 1.73205
5 13 0 2 3 7 9 12 14 1.62019
5 13 0 2 3 7 10 11 12 1
5 13 0 2 3 7 10 11 14 1.41421
5 13 0 2 3 7 10 12 14 1.41421
5 13 0 2 3 7 11 12 14 1.62019
5 13 0 2 3 8 9 10 11 1.41421
5 13 0 2 3 8 9 10 12 1
5 13 0 2 3 8 9 10 14 1.41421
5 13 0 2 3 8 9 11 12 1.41421
5 13 0 2 3 8 9 11 14 1.41421
5 13 0 2 3 8 9 12 14 1
5 13 0 2 3 8 10 11 12 1
5 13 0 2 3 8 10 11 14 1.41421
5 13 0 2 3 8 10 12 14 1.41421
5 13 0 2 3 8 11 12 14 1
5 13 0 2 3 9 10 11 12 1.41421
5 13 0 2 3 9 10 11 14 1.73205
5 13 0 2 3 9 10 12 14 1.41421
5 13 0 2 3 9 11 12 14 1.73205
5 13 0 2 3 10 11 12 14 1.41421
5 13 0 2 4 6 7 8 9 1
5 13 0 2 4 6 7 8 10 1
5 13 0 2 4 6 7 8 11 1
5 13 0 2 4 6 7 8 12 1
5 13 0 2 4 6 7 8 14 1
5 13 0 2 4 6 7 9 10 1.41421
5 13 0 2 4 6 7 9 11 1.73205
5 13 0 2 4 6 7 9 12 1.62019
5 13 0 2 4 6 7 9 14 1.62019
5 13 0 2 4 6 7 10 11 1.41421
5 13 0 2 4 6 7 10 12 1
5 13 0 2 4 6 7 10 14 1.41421
5 13 0 2 4 6 7 11 12 1.62019
5 13 0 2 4 6 7 11 14 1.62019
5 13 0 2 4 6 7 12 14 1.41421
5 13 0 2 4 6 8 9 10 1.73205
5 13 0 2 4 6 8 9 11 1.62019
5 13 0 2 4 6 8 9 12 1.62019
5 13 0 2 4 6 8 9 14 1.73205
5 13 0 2 4 6 8 10 11 1.62019
5 13 0 2 4 6 8 10 12 1.62019
5 13 0 2 4 6 8 10 14 1.73205
5 13 0 2 4 6 8 11 12 1.41421
5 13 0 2 4 6 8 11 14 1.62019
5 13 0 2 4 6 8 12 14 1.62019
5 13 0 2 4 6 9 10 11 1.85164
5 13 0 2 4 6 9 10 12 1.73205
5 13 0 2 4 6 9 10 14 1.90693
5 13 0 2 4 6 9 11 12 1.81265
5 13 0 2 4 6 9 11 14 1.93309
5 13 0 2 4 6 9 12 14 1.81265
5 13 0 2 4 6 10 11 12 1.62019
5 13 0 2 4 6 10 11 14 1.85164
5 13 0 2 4 6 10 12 14 1.73205
5 13 0 2 4 6 11 12 14 1.73205
5 13 0 2 4 7 8 9 10 1.41421
5 13 0 2 4 7 8 9 11 1
5 13 0 2 4 7 8 9 12 1.41421
5 13 0 2 4 7 8 9 14 1.41421
5 13 0 2 4 7 8 10 11 1
5 13 0 2 4 7 8 10 12 1.62019
5 13 0 2 4 7 8 10 14 1.62019
5 13 0 2 4 7 8 11 12 1
5 13 0 2 4 7 8 11 14 1
5 13 0 2 4 7 8 12 14 1.62019
5 13 0 2 4 7 9 10 11 1.41421
5 13 0 2 4 7 9 10 12 1.41421
5 13 0 2 4 7 9 10 14 1.41421
5 13 0 2 4 7 9 11 12 1.62019
5 13 0 2 4 7 9 11 14 1.62019
5 13 0 2 4 7 9 12 14 1.41421
5 13 0 2 4 7 10 11 12 1
5 13 0 2 4 7 10 11 14 1.41421
5 13 0 2 4 7 10 12 14 1.62019
5 13 0 2 4 7 11 12 14 1.41421
5 13 0 2 4 8 9 10 11 1.62019
5 13 0 2 4 8 9 10 12 1.73205
5 13 0 2 4 8 9 10 14 1.81265
5 13 0 2 4 8 9 11 12 1.41421
5 13 0 2 4 8 9 11 14 1.62019
5 13 0 2 4 8 9 12 14 1.73205
5 13 0 2 4 8 10 11 12 1.41421
5 13 0 2 4 8 10 11 14 1.62019
5 13 0 2 4 8 10 12 14 1.81265
5 13 0 2 4 8 11 12 14 1.41421
5 13 0 2 4 9 10 11 12 1.62019
5 13 0 2 4 9 10 11 14 1.85164
5 13 0 2 4 9 10 12 14 1.81265
5 13 0 2 4 9 11 12 14 1.73205
5 13 0 2 4 10 11 12 14 1.62019
5 13 0 2 6 7 8 9 10 1
5 13 0 2 6 7 8 9 11 1.41421
5 13 0 2 6 7 8 9 12 1.41421
5 13 0 2 6 7 8 9 14 1
5 13 0 2 6 7 8 10 11 1
5 13 0 2 6 7 8 10 12 1
5 13 0 2 6 7 8 10 14 1
5 13 0 2 6 7 8 11 12 1.41421
5 13 0 2 6 7 8 11 14 1
5 13 0 2 6 7 8 12 14 1
5 13 0 2 6 7 9 10 11 1.41421
5 13 0 2 6 7 9 10 12 1
5 13 0 2 6 7 9 10 14 1.41421
5 13 0 2 6 7 9 11 12 1.85164
5 13 0 2 6 7 9 11 14 1.73205
5 13 0 2 6 7 9 12 14 1.62019
5 13 0 2 6 7 10 11 12 1
5 13 0 2 6 7 10 11 14 1.41421
5 13 0 2 6 7 10 12 14 1
5 13 0 2 6 7 11 12 14 1.62019
5 13 0 2 6 8 9 10 11 1.62019
5 13 0 2 6 8 9 10 12 1.62019
5 13 0 2 6 8 9 10 14 1.73205
5 13 0 2 6 8 9 11 12 1.41421
5 13 0 2 6 8 9 11 14 1.62019
5 13 0 2 6 8 9 12 14 1.62019
5 13 0 2 6 8 10 11 12 1.41421
5 13 0 2 6 8 10 11 14 1.62019
5 13 0 2 6 8 10 12 14 1.62019
5 13 0 2 6 8 11 12 14 1.41421
5 13 0 2 6 9 10 11 12 1.62019
5 13 0 2 6 9 10 11 14 1.85164
5 13 0 2 6 9 10 12 14 1.73205
5 13 0 2 6 9 11 12 14 1.81265
5 13 0 2 6 10 11 12 14 1.62019
5 13 0 2 7 8 9 10 11 1
5 13 0 2 7 8 9 10 12 1.41421
5 13 0 2 7 8 9 10 14 1.41421
5 13 0 2 7 8 9 11 12 1.41421
5 13 0 2 7 8 9 11 14 1
5 13 0 2 7 8 9 12 14 1.41421
5 13 0 2 7 8 10 11 12 1
5 13 0 2 7 8 10 11 14 1
5 13 0 2 7 8 10 12 14 1.62019
5 13 0 2 7 8 11 12 14 1
5 13 0 2 7 9 10 11 12 1
5 13 0 2 7 9 10 11 14 1.41421
5 13 0 2 7 9 10 12 14 1.41421
5 13 0 2 7 9 11 12 14 1.62019
5 13 0 2 7 10 11 12 14 1
5 13 0 2 8 9 10 11 12 1.41421
5 13 0 2 8 9 10 11 14 1.62019
5 13 0 2 8 9 10 12 14 1.73205
5 13 0 2 8 9 11 12 14 1.41421
5 13 0 2 8 10 11 12 14 1.41421
5 13 0 2 9 10 11 12 14 1.62019
5 13 0 3 4 6 7 8 9 1.41421
5 13 0 3 4 6 7 8 10 1.41421
5 13 0 3 4 6 7 8 11 1.41421
5 13 0 3 4 6 7 8 12 1
5 13 0 3 4 6 7 8 14 1.41421
5 13 0 3 4 6 7 9 10 1.73205
5 13 0 3 4 6 7 9 11 1.90693
5 13 0 3 4 6 7 9 12 1.73205
5 13 0 3 4 6 7 9 14 1.85164
5 13 0 3 4 6 7 10 11 1.73205
5 13 0 3 4 6 7 10 12 1.41421
5 13 0 3 4 6 7 10 14 1.73205
5 13 0 3 4 6 7 11 12 1.73205
5 13 0 3 4 6 7 11 14 1.85164
5 13 0 3 4 6 7 12 14 1.62019
5 13 0 3 4 6 8 9 10 1.73205
5 13 0 3 4 6 8 9 11 1.73205
5 13 0 3 4 6 8 9 12 1.41421
5 13 0 3 4 6 8 9 14 1.73205
5 13 0 3 4 6 8 10 11 1.73205
5 13 0 3 4 6 8 10 12 1.41421
5 13 0 3 4 6 8 10 14 1.73205
5 13 0 3 4 6 8 11 12 1.41421
5 13 0 3 4 6 8 11 14 1.73205
5 13 0 3 4 6 8 12 14 1.41421
5 13 0 3 4 6 9 10 11 2
5 13 0 3 4 6 9 10 12 1.73205
5 13 0 3 4 6 9 10 14 2
5 13 0 3 4 6 9 11 12 1.90693
5 13 0 3 4 6 9 11 14 2.07802
5 13 0 3 4 6 9 12 14 1.85164
5 13 0 3 4 6 10 11 12 1.73205
5 13 0 3 4 6 10 11 14 2
5 13 0 3 4 6 10 12 14 1.73205
5 13 0 3 4 6 11 12 14 1.85164
5 13 0 3 4 7 8 9 10 1.41421
5 13 0 3 4 7 8 9 11 1.41421
5 13 0 3 4 7 8 9 12 1
5 13 0 3 4 7 8 9 14 1.41421
5 13 0 3 4 7 8 10 11 1.41421
5 13 0 3 4 7 8 10 12 1.41421
5 13 0 3 4 7 8 10 14 1.41421
5 13 0 3 4 7 8 11 12 1
5 13 0 3 4 7 8 11 14 1.41421
5 13 0 3 4 7 8 12 14 1.41421
5 13 0 3 4 7 9 10 11 1.73205
5 13 0 3 4 7 9 10 12 1.41421
5 13 0 3 4 7 9 10 14 1.73205
5 13 0 3 4 7 9 11 12 1.73205
5 13 0 3 4 7 9 11 14 1.85164
5 13 0 3 4 7 9 12 14 1.62019
5 13 0 3 4 7 10 11 12 1.41421
5 13 0 3 4 7 10 11 14 1.73205
5 13 0 3 4 7 10 12 14 1.41421
5 13 0 3 4 7 11 12 14 1.62019
5 13 0 3 4 8 9 10 11 1.73205
5 13 0 3 4 8 9 10 12 1.41421
5 13 0 3 4 8 9 10 14 1.73205
5 13 0 3 4 8 9 11 12 1.41421
5 13 0 3 4 8 9 11 14 1.73205
5 13 0 3 4 8 9 12 14 1.41421
5 13 0 3 4 8 10 11 12 1.41421
5 13 0 3 4 8 10 11 14 1.73205
5 13 0 3 4 8 10 12 14 1.41421
5 13 0 3 4 8 11 12 14 1.41421
5 13 0 3 4 9 10 11 12 1.73205
5 13 0 3 4 9 10 11 14 2
5 13 0 3 4 9 10 12 14 1.73205
5 13 0 3 4 9 11 12 14 1.85164
5 13 0 3 4 10 11 12 14 1.73205
5 13 0 3 6 7 8 9 10 1.41421
5 13 0 3 6 7 8 9 11 1.41421
5 13 0 3 6 7 8 9 12 1.41421
5 13 0 3 6 7 8 9 14 1.41421
5 13 0 3 6 7 8 10 11 1.41421
5 13 0 3 6 7 8 10 12 1
5 13 0 3 6 7 8 10 14 1.41421
5 13 0 3 6 7 8 11 12 1.41421
5 13 0 3 6 7 8 11 14 1.41421
5 13 0 3 6 7 8 12 14 1
5 13 0 3 6 7 9 10 11 1.73205
5 13 0 3 6 7 9 10 12 1.41421
5 13 0 3 6 7 9 10 14 1.73205
5 13 0 3 6 7 9 11 12 1.90693
5 13 0 3 6 7 9 11 14 1.90693
5 13 0 3 6 7 9 12 14 1.73205
5 13 0 3 6 7 10 11 12 1.41421
5 13 0 3 6 7 10 11 14 1.73205
5 13 0 3 6 7 10 12 14 1.41421
5 13 0 3 6 7 11 12 14 1.73205
5 13 0 3 6 8 9 10 11 1.73205
5 13 0 3 6 8 9 10 12 1.41421
5 13 0 3 6 8 9 10 14 1.73205
5 13 0 3 6 8 9 11 12 1.41421
5 13 0 3 6 8 9 11 14 1.73205
5 13 0 3 6 8 9 12 14 1.41421
5 13 0 3 6 8 10 11 12 1.41421
5 13 0 3 6 8 10 11 14 1.73205
5 13 0 3 6 8 10 12 14 1.41421
5 13 0 3 6 8 11 12 14 1.41421
5 13 0 3 6 9 10 11 12 1.73205
5 13 0 3 6 9 10 11 14 2
5 13 0 3 6 9 10 12 14 1.73205
5 13 0 3 6 9 11 12 14 1.90693
5 13 0 3 6 10 11 12 14 1.73205
5 13 0 3 7 8 9 10 11 1.41421
5 13 0 3 7 8 9 10 12 1
5 13 0 3 7 8 9 10 14 1.41421
5 13 0 3 7 8 9 11 12 1.41421
5 13 0 3 7 8 9 11 14 1.41421
5 13 0 3 7 8 9 12 14 1
5 13 0 3 7 8 10 11 12 1
5 13 0 3 7 8 10 11 14 1.41421
5 13 0 3 7 8 10 12 14 1.41421
5 13 0 3 7 8 11 12 14 1
5 13 0 3 7 9 10 11 12 1.41421
5 13 0 3 7 9 10 11 14 1.73205
5 13 0 3 7 9 10 12 14 1.41421
5 13 0 3 7 9 11 12 14 1.73205
5 13 0 3 7 10 11 12 14 1.41421
5 13 0 3 8 9 10 11 12 1.41421
5 13 0 3 8 9 10 11 14 1.73205
5 13 0 3 8 9 10 12 14 1.41421
5 13 0 3 8 9 11 12 14 1.41421
5 13 0 3 8 10 11 12 14 1.41421
5 13 0 3 9 10 11 12 14 1.73205
5 13 0 4 6 7 8 9 10 1.73205
5 13 0 4 6 7 8 9 11 1.62019
5 13 0 4 6 7 8 9 12 1.62019
5 13 0 4 6 7 8 9 14 1.73205
5 13 0 4 6 7 8 10 11 1.62019
5 13 0 4 6 7 8 10 12 1.62019
5 13 0 4 6 7 8 10 14 1.73205
5 13 0 4 6 7 8 11 12 1.41421
5 13 0 4 6 7 8 11 14 1.62019
5 13 0 4 6 7 8 12 14 1.62019
5 13 0 4 6 7 9 10 11 1.85164
5 13 0 4 6 7 9 10 12 1.73205
5 13 0 4 6 7 9 10 14 1.90693
5 13 0 4 6 7 9 11 12 1.81265
5 13 0 4 6 7 9 11 14 1.93309
5 13 0 4 6 7 9 12 14 1.81265
5 13 0 4 6 7 10 11 12 1.62019
5 13 0 4 6 7 10 11 14 1.85164
5 13 0 4 6 7 10 12 14 1.73205
5 13 0 4 6 7 11 12 14 1.73205
5 13 0 4 6 8 9 10 11 2.13664
5 13 0 4 6 8 9 10 12 2.13664
5 13 0 4 6 8 9 10 14 2.23607
5 13 0 4 6 8 9 11 12 2
5 13 0 4 6 8 9 11 14 2.13664
5 13 0 4 6 8 9 12 14 2.13664
5 13 0 4 6 8 10 11 12 2
5 13 0 4 6 8 10 11 14 2.13664
5 13 0 4 6 8 10 12 14 2.13664
5 13 0 4 6 8 11 12 14 2
5 13 0 4 6 9 10 11 12 2.13664
5 13 0 4 6 9 10 11 14 2.28709
5 13 0 4 6 9 10 12 14 2.23607
5 13 0 4 6 9 11 12 14 2.16025
5 13 0 4 6 10 11 12 14 2.13664
5 13 0 4 7 8 9 10 11 1.62019
5 13 0 4 7 8 9 10 12 1.73205
5 13 0 4 7 8 9 10 14 1.81265
5 13 0 4 7 8 9 11 12 1.41421
5 13 0 4 7 8 9 11 14 1.62019
5 13 0 4 7 8 9 12 14 1.73205
5 13 0 4 7 8 10 11 12 1.41421
5 13 0 4 7 8 10 11 14 1.62019
5 13 0 4 7 8 10 12 14 1.81265
5 13 0 4 7 8 11 12 14 1.41421
5 13 0 4 7 9 10 11 12 1.62019
5 13 0 4 7 9 10 11 14 1.85164
5 13 0 4 7 9 10 12 14 1.81265
5 13 0 4 7 9 11 12 14 1.73205
5 13 0 4 7 10 11 12 14 1.62019
5 13 0 4 8 9 10 11 12 2
5 13 0 4 8 9 10 11 14 2.13664
5 13 0 4 8 9 10 12 14 2.16025
5 13 0 4 8 9 11 12 14 2
5 13 0 4 8 10 11 12 14 2
5 13 0 4 9 10 11 12 14 2.13664
5 13 0 6 7 8 9 10 11 1.62019
5 13 0 6 7 8 9 10 12 1.62019
5 13 0 6 7 8 9 10 14 1.73205
5 13 0 6 7 8 9 11 12 1.41421
5 13 0 6 7 8 9 11 14 1.62019
5 13 0 6 7 8 9 12 14 1.62019
5 13 0 6 7 8 10 11 12 1.41421
5 13 0 6 7 8 10 11 14 1.62019
5 13 0 6 7 8 10 12 14 1.62019
5 13 0 6 7 8 11 12 14 1.41421
5 13 0 6 7 9 10 11 12 1.62019
5 13 0 6 7 9 10 11 14 1.85164
5 13 0 6 7 9 10 12 14 1.73205
5 13 0 6 7 9 11 12 14 1.81265
5 13 0 6 7 10 11 12 14 1.62019
5 13 0 6 8 9 10 11 12 2
5 13 0 6 8 9 10 11 14 2.13664
5 13 0 6 8 9 10 12 14 2.13664
5 13 0 6 8 9 11 12 14 2
5 13 0 6 8 10 11 12 14 2
5 13 0 6 9 10 11 12 14 2.13664
5 13 0 7 8 9 10 11 12 1.41421
5 13 0 7 8 9 10 11 14 1.62019
5 13 0 7 8 9 10 12 14 1.73205
5 13 0 7 8 9 11 12 14 1.41421
5 13 0 7 8 10 11 12 14 1.41421
5 13 0 7 9 10 11 12 14 1.62019
5 13 0 8 9 10 11 12 14 2
5 13 1 2 3 4 6 7 8 1
5 13 1 2 3 4 6 7 9 1.41421
5 13 1 2 3 4 6 7 10 0
5 13 1 2 3 4 6 7 11 1.41421
5 13 1 2 3 4 6 7 12 1.41421
5 13 1 2 3 4 6 7 14 1
5 13 1 2 3 4 6 8 9 1
5 13 1 2 3 4 6 8 10 0
5 13 1 2 3 4 6 8 11 1
5 13 1 2 3 4 6 8 12 1
5 13 1 2 3 4 6 8 14 0
5 13 1 2 3 4 6 9 10 0
5 13 1 2 3 4 6 9 11 1.41421
5 13 1 2 3 4 6 9 12 1.41421
5 13 1 2 3 4 6 9 14 1
5 13 1 2 3 4 6 10 11 0
5 13 1 2 3 4 6 10 12 0
5 13 1 2 3 4 6 10 14 0
5 13 1 2 3 4 6 11 12 1.41421
5 13 1 2 3 4 6 11 14 1
5 13 1 2 3 4 6 12 14 1
5 13 1 2 3 4 7 8 9 1
5 13 1 2 3 4 7 8 10 1.41421
5 13 1 2 3 4 7 8 11 1
5 13 1 2 3 4 7 8 12 1.41421
5 13 1 2 3 4 7 8 14 1.41421
5 13 1 2 3 4 7 9 10 1
5 13 1 2 3 4 7 9 11 1.41421
5 13 1 2 3 4 7 9 12 1.41421
5 13 1 2 3 4 7 9 14 1
5 13 1 2 3 4 7 10 11 1
5 13 1 2 3 4 7 10 12 1.41421
5 13 1 2 3 4 7 10 14 1.41421
5 13 1 2 3 4 7 11 12 1.41421
5 13 1 2 3 4 7 11 14 1
5 13 1 2 3 4 7 12 14 1.41421
5 13 1 2 3 4 8 9 10 1
5 13 1 2 3 4 8 9 11 1
5 13 1 2 3 4 8 9 12 1
5 13 1 2 3 4 8 9 14 1
5 13 1 2 3 4 8 10 11 1
5 13 1 2 3 4 8 10 12 1.41421
5 13 1 2 3 4 8 10 14 1.41421
5 13 1 2 3 4 8 11 12 1
5 13 1 2 3 4 8 11 14 1
5 13 1 2 3 4 8 12 14 1.41421
5 13 1 2 3 4 9 10 11 0
5 13 1 2 3 4 9 10 12 1
5 13 1 2 3 4 9 10 14 1
5 13 1 2 3 4 9 11 12 1.41421
5 13 1 2 3 4 9 11 14 1
5 13 1 2 3 4 9 12 14 1
5 13 1 2 3 4 10 11 12 1
5 13 1 2 3 4 10 11 14 1
5 13 1 2 3 4 10 12 14 1.41421
5 13 1 2 3 4 11 12 14 1
5 13 1 2 3 6 7 8 9 1.41421
5 13 1 2 3 6 7 8 10 0
5 13 1 2 3 6 7 8 11 1.41421
5 13 1 2 3 6 7 8 12 1.41421
5 13 1 2 3 6 7 8 14 1
5 13 1 2 3 6 7 9 10 0
5 13 1 2 3 6 7 9 11 1.73205
5 13 1 2 3 6 7 9 12 1.73205
5 13 1 2 3 6 7 9 14 1.41421
5 13 1 2 3 6 7 10 11 0
5 13 1 2 3 6 7 10 12 0
5 13 1 2 3 6 7 10 14 0
5 13 1 2 3 6 7 11 12 1.73205
5 13 1 2 3 6 7 11 14 1.41421
5 13 1 2 3 6 7 12 14 1.41421
5 13 1 2 3 6 8 9 10 0
5 13 1 2 3 6 8 9 11 1.41421
5 13 1 2 3 6 8 9 12 1.41421
5 13 1 2 3 6 8 9 14 1
5 13 1 2 3 6 8 10 11 0
5 13 1 2 3 6 8 10 12 0
5 13 1 2 3 6 8 10 14 0
5 13 1 2 3 6 8 11 12 1.41421
5 13 1 2 3 6 8 11 14 1
5 13 1 2 3 6 8 12 14 1
5 13 1 2 3 6 9 10 11 0
5 13 1 2 3 6 9 10 12 0
5 13 1 2 3 6 9 10 14 0
5 13 1 2 3 6 9 11 12 1.73205
5 13 1 2 3 6 9 11 14 1.41421
5 13 1 2 3 6 9 12 14 1.41421
5 13 1 2 3 6 10 11 12 0
5 13 1 2 3 6 10 11 14 0
5 13 1 2 3 6 10 12 14 0
5 13 1 2 3 6 11 12 14 1.41421
5 13 1 2 3 7 8 9 10 1
5 13 1 2 3 7 8 9 11 1.41421
5 13 1 2 3 7 8 9 12 1.41421
5 13 1 2 3 7 8 9 14 1
5 13 1 2 3 7 8 10 11 1
5 13 1 2 3 7 8 10 12 1.41421
5 13 1 2 3 7 8 10 14 1.41421
5 13 1 2 3 7 8 11 12 1.41421
5 13 1 2 3 7 8 11 14 1
5 13 1 2 3 7 8 12 14 1.41421
5 13 1 2 3 7 9 10 11 0
5 13 1 2 3 7 9 10 12 1
5 13 1 2 3 7 9 10 14 1
5 13 1 2 3 7 9 11 12 1.73205
5 13 1 2 3 7 9 11 14 1.41421
5 13 1 2 3 7 9 12 14 1.41421
5 13 1 2 3 7 10 11 12 1
5 13 1 2 3 7 10 11 14 1
5 13 1 2 3 7 10 12 14 1.41421
5 13 1 2 3 7 11 12 14 1.41421
5 13 1 2 3 8 9 10 11 0
5 13 1 2 3 8 9 10 12 1
5 13 1 2 3 8 9 10 14 1
5 13 1 2 3 8 9 11 12 1.41421
5 13 1 2 3 8 9 11 14 1
5 13 1 2 3 8 9 12 14 1
5 13 1 2 3 8 10 11 12 1
5 13 1 2 3 8 10 11 14 1
5 13 1 2 3 8 10 12 14 1.41421
5 13 1 2 3 8 11 12 14 1
5 13 1 2 3 9 10 11 12 0
5 13 1 2 3 9 10 11 14 0
5 13 1 2 3 9 10 12 14 1
5 13 1 2 3 9 11 12 14 1.41421
5 13 1 2 3 10 11 12 14 1
5 13 1 2 4 6 7 8 9 1
5 13 1 2 4 6 7 8 10 1
5 13 1 2 4 6 7 8 11 1
5 13 1 2 4 6 7 8 12 1
5 13 1 2 4 6 7 8 14 1
5 13 1 2 4 6 7 9 10 1
5 13 1 2 4 6 7 9 11 1.41421
5 13 1 2 4 6 7 9 12 1.41421
5 13 1 2 4 6 7 9 14 1
5 13 1 2 4 6 7 10 11 0
5 13 1 2 4 6 7 10 12 1
5 13 1 2 4 6 7 10 14 1
5 13 1 2 4 6 7 11 12 1.41421
5 13 1 2 4 6 7 11 14 1
5 13 1 2 4 6 7 12 14 1
5 13 1 2 4 6 8 9 10 1.41421
5 13 1 2 4 6 8 9 11 1
5 13 1 2 4 6 8 9 12 1.41421
5 13 1 2 4 6 8 9 14 1.41421
5 13 1 2 4 6 8 10 11 1
5 13 1 2 4 6 8 10 12 1.41421
5 13 1 2 4 6 8 10 14 1.41421
5 13 1 2 4 6 8 11 12 1
5 13 1 2 4 6 8 11 14 1
5 13 1 2 4 6 8 12 14 1.41421
5 13 1 2 4 6 9 10 11 1
5 13 1 2 4 6 9 10 12 1.41421
5 13 1 2 4 6 9 10 14 1.41421
5 13 1 2 4 6 9 11 12 1.41421
5 13 1 2 4 6 9 11 14 1
5 13 1 2 4 6 9 12 14 1.41421
5 13 1 2 4 6 10 11 12 1
5 13 1 2 4 6 10 11 14 1
5 13 1 2 4 6 10 12 14 1.41421
5 13 1 2 4 6 11 12 14 1
5 13 1 2 4 7 8 9 10 1.41421
5 13 1 2 4 7 8 9 11 1
5 13 1 2 4 7 8 9 12 1.41421
5 13 1 2 4 7 8 9 14 1.41421
5 13 1 2 4 7 8 10 11 1
5 13 1 2 4 7 8 10 12 1.62019
5 13 1 2 4 7 8 10 14 1.62019
5 13 1 2 4 7 8 11 12 1
5 13 1 2 4 7 8 11 14 1
5 13 1 2 4 7 8 12 14 1.62019
5 13 1 2 4 7 9 10 11 0
5 13 1 2 4 7 9 10 12 1.41421
5 13 1 2 4 7 9 10 14 1.41421
5 13 1 2 4 7 9 11 12 1.41421
5 13 1 2 4 7 9 11 14 1
5 13 1 2 4 7 9 12 14 1.41421
5 13 1 2 4 7 10 11 12 1
5 13 1 2 4 7 10 11 14 1
5 13 1 2 4 7 10 12 14 1.62019
5 13 1 2 4 7 11 12 14 1
5 13 1 2 4 8 9 10 11 1
5 13 1 2 4 8 9 10 12 1.62019
5 13 1 2 4 8 9 10 14 1.62019
5 13 1 2 4 8 9 11 12 1
5 13 1 2 4 8 9 11 14 1
5 13 1 2 4 8 9 12 14 1.62019
5 13 1 2 4 8 10 11 12 1
5 13 1 2 4 8 10 11 14 1
5 13 1 2 4 8 10 12 14 1.73205
5 13 1 2 4 8 11 12 14 1
5 13 1 2 4 9 10 11 12 1
5 13 1 2 4 9 10 11 14 1
5 13 1 2 4 9 10 12 14 1.62019
5 13 1 2 4 9 11 12 14 1
5 13 1 2 4 10 11 12 14 1
5 13 1 2 6 7 8 9 10 1
5 13 1 2 6 7 8 9 11 1.41421
5 13 1 2 6 7 8 9 12 1.41421
5 13 1 2 6 7 8 9 14 1
5 13 1 2 6 7 8 10 11 0
5 13 1 2 6 7 8 10 12 1
5 13 1 2 6 7 8 10 14 1
5 13 1 2 6 7 8 11 12 1.41421
5 13 1 2 6 7 8 11 14 1
5 13 1 2 6 7 8 12 14 1
5 13 1 2 6 7 9 10 11 0
5 13 1 2 6 7 9 10 12 1
5 13 1 2 6 7 9 10 14 1
5 13 1 2 6 7 9 11 12 1.73205
5 13 1 2 6 7 9 11 14 1.41421
5 13 1 2 6 7 9 12 14 1.41421
5 13 1 2 6 7 10 11 12 0
5 13 1 2 6 7 10 11 14 0
5 13 1 2 6 7 10 12 14 1
5 13 1 2 6 7 11 12 14 1.41421
5 13 1 2 6 8 9 10 11 1
5 13 1 2 6 8 9 10 12 1.41421
5 13 1 2 6 8 9 10 14 1.41421
5 13 1 2 6 8 9 11 12 1.41421
5 13 1 2 6 8 9 11 14 1
5 13 1 2 6 8 9 12 14 1.41421
5 13 1 2 6 8 10 11 12 1
5 13 1 2 6 8 10 11 14 1
5 13 1 2 6 8 10 12 14 1.41421
5 13 1 2 6 8 11 12 14 1
5 13 1 2 6 9 10 11 12 1
5 13 1 2 6 9 10 11 14 1
5 13 1 2 6 9 10 12 14 1.41421
5 13 1 2 6 9 11 12 14 1.41421
5 13 1 2 6 10 11 12 14 1
5 13 1 2 7 8 9 10 11 0
5 13 1 2 7 8 9 10 12 1.41421
5 13 1 2 7 8 9 10 14 1.41421
5 13 1 2 7 8 9 11 12 1.41421
5 13 1 2 7 8 9 11 14 1
5 13 1 2 7 8 9 12 14 1.41421
5 13 1 2 7 8 10 11 12 1
5 13 1 2 7 8 10 11 14 1
5 13 1 2 7 8 10 12 14 1.62019
5 13 1 2 7 8 11 12 14 1
5 13 1 2 7 9 10 11 12 0
5 13 1 2 7 9 10 11 14 0
5 13 1 2 7 9 10 12 14 1.41421
5 13 1 2 7 9 11 12 14 1.41421
5 13 1 2 7 10 11 12 14 1
5 13 1 2 8 9 10 11 12 1
5 13 1 2 8 9 10 11 14 1
5 13 1 2 8 9 10 12 14 1.62019
5 13 1 2 8 9 11 12 14 1
5 13 1 2 8 10 11 12 14 1
5 13 1 2 9 10 11 12 14 1
5 13 1 3 4 6 7 8 9 1
5 13 1 3 4 6 7 8 10 0
5 13 1 3 4 6 7 8 11 1
5 13 1 3 4 6 7 8 12 1
5 13 1 3 4 6 7 8 14 0
5 13 1 3 4 6 7 9 10 0
5 13 1 3 4 6 7 9 11 1.41421
5 13 1 3 4 6 7 9 12 1.41421
5 13 1 3 4 6 7 9 14 1
5 13 1 3 4 6 7 10 11 0
5 13 1 3 4 6 7 10 12 0
5 13 1 3 4 6 7 10 14 0
5 13 1 3 4 6 7 11 12 1.41421
5 13 1 3 4 6 7 11 14 1
5 13 1 3 4 6 7 12 14 1
5 13 1 3 4 6 8 9 10 0
5 13 1 3 4 6 8 9 11 1
5 13 1 3 4 6 8 9 12 1
5 13 1 3 4 6 8 9 14 0
5 13 1 3 4 6 8 10 11 0
5 13 1 3 4 6 8 10 12 0
5 13 1 3 4 6 8 10 14 0
5 13 1 3 4 6 8 11 12 1
5 13 1 3 4 6 8 11 14 0
5 13 1 3 4 6 8 12 14 0
5 13 1 3 4 6 9 10 11 0
5 13 1 3 4 6 9 10 12 0
5 13 1 3 4 6 9 10 14 0
5 13 1 3 4 6 9 11 12 1.41421
5 13 1 3 4 6 9 11 14 1
5 13 1 3 4 6 9 12 14 1
5 13 1 3 4 6 10 11 12 0
5 13 1 3 4 6 10 11 14 0
5 13 1 3 4 6 10 12 14 0
5 13 1 3 4 6 11 12 14 1
5 13 1 3 4 7 8 9 10 1
5 13 1 3 4 7 8 9 11 1
5 13 1 3 4 7 8 9 12 1
5 13 1 3 4 7 8 9 14 1
5 13 1 3 4 7 8 10 11 1
5 13 1 3 4 7 8 10 12 1.41421
5 13 1 3 4 7 8 10 14 1.41421
5 13 1 3 4 7 8 11 12 1
5 13 1 3 4 7 8 11 14 1
5 13 1 3 4 7 8 12 14 1.41421
5 13 1 3 4 7 9 10 11 0
5 13 1 3 4 7 9 10 12 1
5 13 1 3 4 7 9 10 14 1
5 13 1 3 4 7 9 11 12 1.41421
5 13 1 3 4 7 9 11 14 1
5 13 1 3 4 7 9 12 14 1
5 13 1 3 4 7 10 11 12 1
5 13 1 3 4 7 10 11 14 1
5 13 1 3 4 7 10 12 14 1.41421
5 13 1 3 4 7 11 12 14 1
5 13 1 3 4 8 9 10 11 0
5 13 1 3 4 8 9 10 12 1
5 13 1 3 4 8 9 10 14 1
5 13 1 3 4 8 9 11 12 1
5 13 1 3 4 8 9 11 14 0
5 13 1 3 4 8 9 12 14 1
5 13 1 3 4 8 10 11 12 1
5 13 1 3 4 8 10 11 14 1
5 13 1 3 4 8 10 12 14 1.41421
5 13 1 3 4 8 11 12 14 1
5 13 1 3 4 9 10 11 12 0
5 13 1 3 4 9 10 11 14 0
5 13 1 3 4 9 10 12 14 1
5 13 1 3 4 9 11 12 14 1
5 13 1 3 4 10 11 12 14 1
5 13 1 3 6 7 8 9 10 0
5 13 1 3 6 7 8 9 11 1.41421
5 13 1 3 6 7 8 9 12 1.41421
5 13 1 3 6 7 8 9 14 1
5 13 1 3 6 7 8 10 11 0
5 13 1 3 6 7 8 10 12 0
5 13 1 3 6 7 8 10 14 0
5 13 1 3 6 7 8 11 12 1.41421
5 13 1 3 6 7 8 11 14 1
5 13 1 3 6 7 8 12 14 1
5 13 1 3 6 7 9 10 11 0
5 13 1 3 6 7 9 10 12 0
5 13 1 3 6 7 9 10 14 0
5 13 1 3 6 7 9 11 12 1.73205
5 13 1 3 6 7 9 11 14 1.41421
5 13 1 3 6 7 9 12 14 1.41421
5 13 1 3 6 7 10 11 12 0
5 13 1 3 6 7 10 11 14 0
5 13 1 3 6 7 10 12 14 0
5 13 1 3 6 7 11 12 14 1.41421
5 13 1 3 6 8 9 10 11 0
5 13 1 3 6 8 9 10 12 0
5 13 1 3 6 8 9 10 14 0
5 13 1 3 6 8 9 11 12 1.41421
5 13 1 3 6 8 9 11 14 1
5 13 1 3 6 8 9 12 14 1
5 13 1 3 6 8 10 11 12 0
5 13 1 3 6 8 10 11 14 0
5 13 1 3 6 8 10 12 14 0
5 13 1 3 6 8 11 12 14 1
5 13 1 3 6 9 10 11 12 0
5 13 1 3 6 9 10 11 14 0
5 13 1 3 6 9 10 12 14 0
5 13 1 3 6 9 11 12 14 1.41421
5 13 1 3 6 10 11 12 14 0
5 13 1 3 7 8 9 10 11 0
5 13 1 3 7 8 9 10 12 1
5 13 1 3 7 8 9 10 14 1
5 13 1 3 7 8 9 11 12 1.41421
5 13 1 3 7 8 9 11 14 1
5 13 1 3 7 8 9 12 14 1
5 13 1 3 7 8 10 11 12 1
5 13 1 3 7 8 10 11 14 1
5 13 1 3 7 8 10 12 14 1.41421
5 13 1 3 7 8 11 12 14 1
5 13 1 3 7 9 10 11 12 0
5 13 1 3 7 9 10 11 14 0
5 13 1 3 7 9 10 12 14 1
5 13 1 3 7 9 11 12 14 1.41421
5 13 1 3 7 10 11 12 14 1
5 13 1 3 8 9 10 11 12 0
5 13 1 3 8 9 10 11 14 0
5 13 1 3 8 9 10 12 14 1
5 13 1 3 8 9 11 12 14 1
5 13 1 3 8 10 11 12 14 1
5 13 1 3 9 10 11 12 14 0
5 13 1 4 6 7 8 9 10 1.41421
5 13 1 4 6 7 8 9 11 1
5 13 1 4 6 7 8 9 12 1.41421
5 13 1 4 6 7 8 9 14 1.41421
5 13 1 4 6 7 8 10 11 1
5 13 1 4 6 7 8 10 12 1.41421
5 13 1 4 6 7 8 10 14 1.41421
5 13 1 4 6 7 8 11 12 1
5 13 1 4 6 7 8 11 14 1
5 13 1 4 6 7 8 12 14 1.41421
5 13 1 4 6 7 9 10 11 1
5 13 1 4 6 7 9 10 12 1.41421
5 13 1 4 6 7 9 10 14 1.41421
5 13 1 4 6 7 9 11 12 1.41421
5 13 1 4 6 7 9 11 14 1
5 13 1 4 6 7 9 12 14 1.41421
5 13 1 4 6 7 10 11 12 1
5 13 1 4 6 7 10 11 14 1
5 13 1 4 6 7 10 12 14 1.41421
5 13 1 4 6 7 11 12 14 1
5 13 1 4 6 8 9 10 11 1.41421
5 13 1 4 6 8 9 10 12 1.73205
5 13 1 4 6 8 9 10 14 1.73205
5 13 1 4 6 8 9 11 12 1.41421
5 13 1 4 6 8 9 11 14 1.41421
5 13 1 4 6 8 9 12 14 1.73205
5 13 1 4 6 8 10 11 12 1.41421
5 13 1 4 6 8 10 11 14 1.41421
5 13 1 4 6 8 10 12 14 1.73205
5 13 1 4 6 8 11 12 14 1.41421
5 13 1 4 6 9 10 11 12 1.41421
5 13 1 4 6 9 10 11 14 1.41421
5 13 1 4 6 9 10 12 14 1.73205
5 13 1 4 6 9 11 12 14 1.41421
5 13 1 4 6 10 11 12 14 1.41421
5 13 1 4 7 8 9 10 11 1
5 13 1 4 7 8 9 10 12 1.62019
5 13 1 4 7 8 9 10 14 1.62019
5 13 1 4 7 8 9 11 12 1
5 13 1 4 7 8 9 11 14 1
5 13 1 4 7 8 9 12 14 1.62019
5 13 1 4 7 8 10 11 12 1
5 13 1 4 7 8 10 11 14 1
5 13 1 4 7 8 10 12 14 1.73205
5 13 1 4 7 8 11 12 14 1
5 13 1 4 7 9 10 11 12 1
5 13 1 4 7 9 10 11 14 1
5 13 1 4 7 9 10 12 14 1.62019
5 13 1 4 7 9 11 12 14 1
5 13 1 4 7 10 11 12 14 1
5 13 1 4 8 9 10 11 12 1.41421
5 13 1 4 8 9 10 11 14 1.41421
5 13 1 4 8 9 10 12 14 1.85164
5 13 1 4 8 9 11 12 14 1.41421
5 13 1 4 8 10 11 12 14 1.41421
5 13 1 4 9 10 11 12 14 1.41421
5 13 1 6 7 8 9 10 11 1
5 13 1 6 7 8 9 10 12 1.41421
5 13 1 6 7 8 9 10 14 1.41421
5 13 1 6 7 8 9 11 12 1.41421
5 13 1 6 7 8 9 11 14 1
5 13 1 6 7 8 9 12 14 1.41421
5 13 1 6 7 8 10 11 12 1
5 13 1 6 7 8 10 11 14 1
5 13 1 6 7 8 10 12 14 1.41421
5 13 1 6 7 8 11 12 14 1
5 13 1 6 7 9 10 11 12 1
5 13 1 6 7 9 10 11 14 1
5 13 1 6 7 9 10 12 14 1.41421
5 13 1 6 7 9 11 12 14 1.41421
5 13 1 6 7 10 11 12 14 1
5 13 1 6 8 9 10 11 12 1.41421
5 13 1 6 8 9 10 11 14 1.41421
5 13 1 6 8 9 10 12 14 1.73205
5 13 1 6 8 9 11 12 14 1.41421
5 13 1 6 8 10 11 12 14 1.41421
5 13 1 6 9 10 11 12 14 1.41421
5 13 1 7 8 9 10 11 12 1
5 13 1 7 8 9 10 11 14 1
5 13 1 7 8 9 10 12 14 1.62019
5 13 1 7 8 9 11 12 14 1
5 13 1 7 8 10 11 12 14 1
5 13 1 7 9 10 11 12 14 1
5 13 1 8 9 10 11 12 14 1.41421
5 13 2 3 4 6 7 8 9 1
5 13 2 3 4 6 7 8 10 1
5 13 2 3 4 6 7 8 11 1
5 13 2 3 4 6 7 8 12 1
5 13 2 3 4 6 7 8 14 1
5 13 2 3 4 6 7 9 10 1.41421
5 13 2 3 4 6 7 9 11 1.73205
5 13 2 3 4 6 7 9 12 1.62019
5 13 2 3 4 6 7 9 14 1.62019
5 13 2 3 4 6 7 10 11 1.41421
5 13 2 3 4 6 7 10 12 1
5 13 2 3 4 6 7 10 14 1.41421
5 13 2 3 4 6 7 11 12 1.62019
5 13 2 3 4 6 7 11 14 1.62019
5 13 2 3 4 6 7 12 14 1.41421
5 13 2 3 4 6 8 9 10 1.41421
5 13 2 3 4 6 8 9 11 1.41421
5 13 2 3 4 6 8 9 12 1
5 13 2 3 4 6 8 9 14 1.41421
5 13 2 3 4 6 8 10 11 1.41421
5 13 2 3 4 6 8 10 12 1
5 13 2 3 4 6 8 10 14 1.41421
5 13 2 3 4 6 8 11 12 1
5 13 2 3 4 6 8 11 14 1.41421
5 13 2 3 4 6 8 12 14 1
5 13 2 3 4 6 9 10 11 1.73205
5 13 2 3 4 6 9 10 12 1.41421
5 13 2 3 4 6 9 10 14 1.73205
5 13 2 3 4 6 9 11 12 1.73205
5 13 2 3 4 6 9 11 14 1.85164
5 13 2 3 4 6 9 12 14 1.62019
5 13 2 3 4 6 10 11 12 1.41421
5 13 2 3 4 6 10 11 14 1.73205
5 13 2 3 4 6 10 12 14 1.41421
5 13 2 3 4 6 11 12 14 1.62019
5 13 2 3 4 7 8 9 10 1
5 13 2 3 4 7 8 9 11 1
5 13 2 3 4 7 8 9 12 1
5 13 2 3 4 7 8 9 14 1
5 13 2 3 4 7 8 10 11 1
5 13 2 3 4 7 8 10 12 1.41421
5 13 2 3 4 7 8 10 14 1.41421
5 13 2 3 4 7 8 11 12 1
5 13 2 3 4 7 8 11 14 1
5 13 2 3 4 7 8 12 14 1.41421
5 13 2 3 4 7 9 10 11 1.41421
5 13 2 3 4 7 9 10 12 1
5 13 2 3 4 7 9 10 14 1.41421
5 13 2 3 4 7 9 11 12 1.62019
5 13 2 3 4 7 9 11 14 1.62019
5 13 2 3 4 7 9 12 14 1.41421
5 13 2 3 4 7 10 11 12 1
5 13 2 3 4 7 10 11 14 1.41421
5 13 2 3 4 7 10 12 14 1.41421
5 13 2 3 4 7 11 12 14 1.41421
5 13 2 3 4 8 9 10 11 1.41421
5 13 2 3 4 8 9 10 12 1
5 13 2 3 4 8 9 10 14 1.41421
5 13 2 3 4 8 9 11 12 1
5 13 2 3 4 8 9 11 14 1.41421
5 13 2 3 4 8 9 12 14 1
5 13 2 3 4 8 10 11 12 1
5 13 2 3 4 8 10 11 14 1.41421
5 13 2 3 4 8 10 12 14 1.41421
5 13 2 3 4 8 11 12 14 1
5 13 2 3 4 9 10 11 12 1.41421
5 13 2 3 4 9 10 11 14 1.73205
5 13 2 3 4 9 10 12 14 1.41421
5 13 2 3 4 9 11 12 14 1.62019
5 13 2 3 4 10 11 12 14 1.41421
5 13 2 3 6 7 8 9 10 1
5 13 2 3 6 7 8 9 11 1.41421
5 13 2 3 6 7 8 9 12 1.41421
5 13 2 3 6 7 8 9 14 1
5 13 2 3 6 7 8 10 11 1
5 13 2 3 6 7 8 10 12 0
5 13 2 3 6 7 8 10 14 1
5 13 2 3 6 7 8 11 12 1.41421
5 13 2 3 6 7 8 11 14 1
5 13 2 3 6 7 8 12 14 1
5 13 2 3 6 7 9 10 11 1.41421
5 13 2 3 6 7 9 10 12 1
5 13 2 3 6 7 9 10 14 1.41421
5 13 2 3 6 7 9 11 12 1.85164
5 13 2 3 6 7 9 11 14 1.73205
5 13 2 3 6 7 9 12 14 1.62019
5 13 2 3 6 7 10 11 12 1
5 13 2 3 6 7 10 11 14 1.41421
5 13 2 3 6 7 10 12 14 1
5 13 2 3 6 7 11 12 14 1.62019
5 13 2 3 6 8 9 10 11 1.41421
5 13 2 3 6 8 9 10 12 1
5 13 2 3 6 8 9 10 14 1.41421
5 13 2 3 6 8 9 11 12 1.41421
5 13 2 3 6 8 9 11 14 1.41421
5 13 2 3 6 8 9 12 14 1
5 13 2 3 6 8 10 11 12 1
5 13 2 3 6 8 10 11 14 1.41421
5 13 2 3 6 8 10 12 14 1
5 13 2 3 6 8 11 12 14 1
5 13 2 3 6 9 10 11 12 1.41421
5 13 2 3 6 9 10 11 14 1.73205
5 13 2 3 6 9 10 12 14 1.41421
5 13 2 3 6 9 11 12 14 1.73205
5 13 2 3 6 10 11 12 14 1.41421
5 13 2 3 7 8 9 10 11 1
5 13 2 3 7 8 9 10 12 1
5 13 2 3 7 8 9 10 14 1
5 13 2 3 7 8 9 11 12 1.41421
5 13 2 3 7 8 9 11 14 1
5 13 2 3 7 8 9 12 14 1
5 13 2 3 7 8 10 11 12 1
5 13 2 3 7 8 10 11 14 1
5 13 2 3 7 8 10 12 14 1.41421
5 13 2 3 7 8 11 12 14 1
5 13 2 3 7 9 10 11 12 1
5 13 2 3 7 9 10 11 14 1.41421
5 13 2 3 7 9 10 12 14 1
5 13 2 3 7 9 11 12 14 1.62019
5 13 2 3 7 10 11 12 14 1
5 13 2 3 8 9 10 11 12 1
5 13 2 3 8 9 10 11 14 1.41421
5 13 2 3 8 9 10 12 14 1
5 13 2 3 8 9 11 12 14 1
5 13 2 3 8 10 11 12 14 1
5 13 2 3 9 10 11 12 14 1.41421
5 13 2 4 6 7 8 9 10 1
5 13 2 4 6 7 8 9 11 1
5 13 2 4 6 7 8 9 12 1
5 13 2 4 6 7 8 9 14 1
5 13 2 4 6 7 8 10 11 1
5 13 2 4 6 7 8 10 12 1
5 13 2 4 6 7 8 10 14 1
5 13 2 4 6 7 8 11 12 1
5 13 2 4 6 7 8 11 14 1
5 13 2 4 6 7 8 12 14 1
5 13 2 4 6 7 9 10 11 1.41421
5 13 2 4 6 7 9 10 12 1
5 13 2 4 6 7 9 10 14 1.41421
5 13 2 4 6 7 9 11 12 1.62019
5 13 2 4 6 7 9 11 14 1.62019
5 13 2 4 6 7 9 12 14 1.41421
5 13 2 4 6 7 10 11 12 1
5 13 2 4 6 7 10 11 14 1.41421
5 13 2 4 6 7 10 12 14 1
5 13 2 4 6 7 11 12 14 1.41421
5 13 2 4 6 8 9 10 11 1.62019
5 13 2 4 6 8 9 10 12 1.62019
5 13 2 4 6 8 9 10 14 1.73205
5 13 2 4 6 8 9 11 12 1.41421
5 13 2 4 6 8 9 11 14 1.62019
5 13 2 4 6 8 9 12 14 1.62019
5 13 2 4 6 8 10 11 12 1.41421
5 13 2 4 6 8 10 11 14 1.62019
5 13 2 4 6 8 10 12 14 1.62019
5 13 2 4 6 8 11 12 14 1.41421
5 13 2 4 6 9 10 11 12 1.62019
5 13 2 4 6 9 10 11 14 1.85164
5 13 2 4 6 9 10 12 14 1.73205
5 13 2 4 6 9 11 12 14 1.73205
5 13 2 4 6 10 11 12 14 1.62019
5 13 2 4 7 8 9 10 11 1
5 13 2 4 7 8 9 10 12 1.41421
5 13 2 4 7 8 9 10 14 1.41421
5 13 2 4 7 8 9 11 12 1
5 13 2 4 7 8 9 11 14 1
5 13 2 4 7 8 9 12 14 1.41421
5 13 2 4 7 8 10 11 12 1
5 13 2 4 7 8 10 11 14 1
5 13 2 4 7 8 10 12 14 1.62019
5 13 2 4 7 8 11 12 14 1
5 13 2 4 7 9 10 11 12 1
5 13 2 4 7 9 10 11 14 1.41421
5 13 2 4 7 9 10 12 14 1.41421
5 13 2 4 7 9 11 12 14 1.41421
5 13 2 4 7 10 11 12 14 1
5 13 2 4 8 9 10 11 12 1.41421
5 13 2 4 8 9 10 11 14 1.62019
5 13 2 4 8 9 10 12 14 1.73205
5 13 2 4 8 9 11 12 14 1.41421
5 13 2 4 8 10 11 12 14 1.41421
5 13 2 4 9 10 11 12 14 1.62019
5 13 2 6 7 8 9 10 11 1
5 13 2 6 7 8 9 10 12 1
5 13 2 6 7 8 9 10 14 1
5 13 2 6 7 8 9 11 12 1.41421
5 13 2 6 7 8 9 11 14 1
5 13 2 6 7 8 9 12 14 1
5 13 2 6 7 8 10 11 12 0
5 13 2 6 7 8 10 11 14 1
5 13 2 6 7 8 10 12 14 1
5 13 2 6 7 8 11 12 14 1
5 13 2 6 7 9 10 11 12 1
5 13 2 6 7 9 10 11 14 1.41421
5 13 2 6 7 9 10 12 14 1
5 13 2 6 7 9 11 12 14 1.62019
5 13 2 6 7 10 11 12 14 1
5 13 2 6 8 9 10 11 12 1.41421
5 13 2 6 8 9 10 11 14 1.62019
5 13 2 6 8 9 10 12 14 1.62019
5 13 2 6 8 9 11 12 14 1.41421
5 13 2 6 8 10 11 12 14 1.41421
5 13 2 6 9 10 11 12 14 1.62019
5 13 2 7 8 9 10 11 12 0
5 13 2 7 8 9 10 11 14 1
5 13 2 7 8 9 10 12 14 1.41421
5 13 2 7 8 9 11 12 14 1
5 13 2 7 8 10 11 12 14 1
5 13 2 7 9 10 11 12 14 1
5 13 2 8 9 10 11 12 14 1.41421
5 13 3 4 6 7 8 9 10 1.41421
5 13 3 4 6 7 8 9 11 1.41421
5 13 3 4 6 7 8 9 12 1
5 13 3 4 6 7 8 9 14 1.41421
5 13 3 4 6 7 8 10 11 1.41421
5 13 3 4 6 7 8 10 12 1
5 13 3 4 6 7 8 10 14 1.41421
5 13 3 4 6 7 8 11 12 1
5 13 3 4 6 7 8 11 14 1.41421
5 13 3 4 6 7 8 12 14 1
5 13 3 4 6 7 9 10 11 1.73205
5 13 3 4 6 7 9 10 12 1.41421
5 13 3 4 6 7 9 10 14 1.73205
5 13 3 4 6 7 9 11 12 1.73205
5 13 3 4 6 7 9 11 14 1.85164
5 13 3 4 6 7 9 12 14 1.62019
5 13 3 4 6 7 10 11 12 1.41421
5 13 3 4 6 7 10 11 14 1.73205
5 13 3 4 6 7 10 12 14 1.41421
5 13 3 4 6 7 11 12 14 1.62019
5 13 3 4 6 8 9 10 11 1.73205
5 13 3 4 6 8 9 10 12 1.41421
5 13 3 4 6 8 9 10 14 1.73205
5 13 3 4 6 8 9 11 12 1.41421
5 13 3 4 6 8 9 11 14 1.73205
5 13 3 4 6 8 9 12 14 1.41421
5 13 3 4 6 8 10 11 12 1.41421
5 13 3 4 6 8 10 11 14 1.73205
5 13 3 4 6 8 10 12 14 1.41421
5 13 3 4 6 8 11 12 14 1.41421
5 13 3 4 6 9 10 11 12 1.73205
5 13 3 4 6 9 10 11 14 2
5 13 3 4 6 9 10 12 14 1.73205
5 13 3 4 6 9 11 12 14 1.85164
5 13 3 4 6 10 11 12 14 1.73205
5 13 3 4 7 8 9 10 11 1.41421
5 13 3 4 7 8 9 10 12 1
5 13 3 4 7 8 9 10 14 1.41421
5 13 3 4 7 8 9 11 12 1
5 13 3 4 7 8 9 11 14 1.41421
5 13 3 4 7 8 9 12 14 1
5 13 3 4 7 8 10 11 12 1
5 13 3 4 7 8 10 11 14 1.41421
5 13 3 4 7 8 10 12 14 1.41421
5 13 3 4 7 8 11 12 14 1
5 13 3 4 7 9 10 11 12 1.41421
5 13 3 4 7 9 10 11 14 1.73205
5 13 3 4 7 9 10 12 14 1.41421
5 13 3 4 7 9 11 12 14 1.62019
5 13 3 4 7 10 11 12 14 1.41421
5 13 3 4 8 9 10 11 12 1.41421
5 13 3 4 8 9 10 11 14 1.73205
5 13 3 4 8 9 10 12 14 1.41421
5 13 3 4 8 9 11 12 14 1.41421
5 13 3 4 8 10 11 12 14 1.41421
5 13 3 4 9 10 11 12 14 1.73205
5 13 3 6 7 8 9 10 11 1.41421
5 13 3 6 7 8 9 10 12 1
5 13 3 6 7 8 9 10 14 1.41421
5 13 3 6 7 8 9 11 12 1.41421
5 13 3 6 7 8 9 11 14 1.41421
5 13 3 6 7 8 9 12 14 1
5 13 3 6 7 8 10 11 12 1
5 13 3 6 7 8 10 11 14 1.41421
5 13 3 6 7 8 10 12 14 1
5 13 3 6 7 8 11 12 14 1
5 13 3 6 7 9 10 11 12 1.41421
5 13 3 6 7 9 10 11 14 1.73205
5 13 3 6 7 9 10 12 14 1.41421
5 13 3 6 7 9 11 12 14 1.73205
5 13 3 6 7 10 11 12 14 1.41421
5 13 3 6 8 9 10 11 12 1.41421
5 13 3 6 8 9 10 11 14 1.73205
5 13 3 6 8 9 10 12 14 1.41421
5 13 3 6 8 9 11 12 14 1.41421
5 13 3 6 8 10 11 12 14 1.41421
5 13 3 6 9 10 11 12 14 1.73205
5 13 3 7 8 9 10 11 12 1
5 13 3 7 8 9 10 11 14 1.41421
5 13 3 7 8 9 10 12 14 1
5 13 3 7 8 9 11 12 14 1
5 13 3 7 8 10 11 12 14 1
5 13 3 7 9 10 11 12 14 1.41421
5 13 3 8 9 10 11 12 14 1.41421
5 13 4 6 7 8 9 10 11 1.62019
5 13 4 6 7 8 9 10 12 1.62019
5 13 4 6 7 8 9 10 14 1.73205
5 13 4 6 7 8 9 11 12 1.41421
5 13 4 6 7 8 9 11 14 1.62019
5 13 4 6 7 8 9 12 14 1.62019
5 13 4 6 7 8 10 11 12 1.41421
5 13 4 6 7 8 10 11 14 1.62019
5 13 4 6 7 8 10 12 14 1.62019
5 13 4 6 7 8 11 12 14 1.41421
5 13 4 6 7 9 10 11 12 1.62019
5 13 4 6 7 9 10 11 14 1.85164
5 13 4 6 7 9 10 12 14 1.73205
5 13 4 6 7 9 11 12 14 1.73205
5 13 4 6 7 10 11 12 14 1.62019
5 13 4 6 8 9 10 11 12 2
5 13 4 6 8 9 10 11 14 2.13664
5 13 4 6 8 9 10 12 14 2.13664
5 13 4 6 8 9 11 12 14 2
5 13 4 6 8 10 11 12 14 2
5 13 4 6 9 10 11 12 14 2.13664
5 13 4 7 8 9 10 11 12 1.41421
5 13 4 7 8 9 10 11 14 1.62019
5 13 4 7 8 9 10 12 14 1.73205
5 13 4 7 8 9 11 12 14 1.41421
5 13 4 7 8 10 11 12 14 1.41421
5 13 4 7 9 10 11 12 14 1.62019
5 13 4 8 9 10 11 12 14 2
5 13 6 7 8 9 10 11 12 1.41421
5 13 6 7 8 9 10 11 14 1.62019
5 13 6 7 8 9 10 12 14 1.62019
5 13 6 7 8 9 11 12 14 1.41421
5 13 6 7 8 10 11 12 14 1.41421
5 13 6 7 9 10 11 12 14 1.62019
5 13 6 8 9 10 11 12 14 2
5 13 7 8 9 10 11 12 14 1.41421
