2 12 0 1 1.97531
2 12 0 3 2.16025
2 12 0 4 2.14542
2 12 0 5 2.08484
2 12 0 6 2.27798
2 12 0 7 2
2 12 0 8 2.16025
2 12 0 9 2.28841
2 12 0 10 2.1391
2 12 0 11 2.2563
2 12 0 13 2.20678
2 12 0 14 2.24812
2 12 1 3 1.90693
2 12 1 4 1.81265
2 12 1 5 1.73205
2 12 1 6 1.96214
2 12 1 7 1.85164
2 12 1 8 2
2 12 1 9 1.96769
2 12 1 10 2
2 12 1 11 1.93309
2 12 1 13 1.97531
2 12 1 14 2
2 12 3 4 2.0381
2 12 3 5 2.04939
2 12 3 6 2.20605
2 12 3 7 2
2 12 3 8 2
2 12 3 9 2.20605
2 12 3 10 2
2 12 3 11 2.20605
2 12 3 13 2.10639
2 12 3 14 2.16025
2 12 4 5 2.08683
2 12 4 6 2.15322
2 12 4 7 1.81265
2 12 4 8 2.04495
2 12 4 9 2.17607
2 12 4 10 2.14154
2 12 4 11 2.12132
2 12 4 13 2.04742
2 12 4 14 2.17562
2 12 5 6 2.12916
2 12 5 7 1.93309
2 12 5 8 2
2 12 5 9 2.12303
2 12 5 10 2.02367
2 12 5 11 2.081
2 12 5 13 1.97531
2 12 5 14 2.08683
2 12 6 7 2
2 12 6 8 2.08167
2 12 6 9 2.29989
2 12 6 10 2.13809
2 12 6 11 2.27761
2 12 6 13 2.19644
2 12 6 14 2.24846
2 12 7 8 1.62019
2 12 7 9 2
2 12 7 10 1.62019
2 12 7 11 2
2 12 7 13 1.93309
2 12 7 14 2
2 12 8 9 2.10442
2 12 8 10 2.08167
2 12 8 11 2.04495
2 12 8 13 2.04742
2 12 8 14 2.10442
2 12 9 10 2.15322
2 12 9 11 2.27761
2 12 9 13 2.1965
2 12 9 14 2.26608
2 12 10 11 2.09938
2 12 10 13 2.08167
2 12 10 14 2.1693
2 12 11 13 2.173
2 12 11 14 2.23607
2 12 13 14 2.23607
