2 12 0 1 3 1.90693
2 12 0 1 4 1.81265
2 12 0 1 5 1.73205
2 12 0 1 6 1.96214
2 12 0 1 7 1.85164
2 12 0 1 8 2
2 12 0 1 9 1.96769
2 12 0 1 10 2
2 12 0 1 11 1.93309
2 12 0 1 13 1.97531
2 12 0 1 14 2
2 12 0 3 4 2
2 12 0 3 5 2
2 12 0 3 6 2.16025
2 12 0 3 7 2
2 12 0 3 8 2
2 12 0 3 9 2.16025
2 12 0 3 10 1.90693
2 12 0 3 11 2.16025
2 12 0 3 13 2.10639
2 12 0 3 14 2.10639
2 12 0 4 5 2.05603
2 12 0 4 6 2.16025
2 12 0 4 7 1.73205
2 12 0 4 8 2
2 12 0 4 9 2.13535
2 12 0 4 10 2.09069
2 12 0 4 11 2.08167
2 12 0 4 13 2.04742
2 12 0 4 14 2.14154
2 12 0 5 6 2.08738
2 12 0 5 7 1.90693
2 12 0 5 8 2
2 12 0 5 9 2.08296
2 12 0 5 10 1.96214
2 12 0 5 11 2.04939
2 12 0 5 13 1.97531
2 12 0 5 14 2.05603
2 12 0 6 7 2
2 12 0 6 8 2.08167
2 12 0 6 9 2.27798
2 12 0 6 10 2.10223
2 12 0 6 11 2.2563
2 12 0 6 13 2.19644
2 12 0 6 14 2.23607
2 12 0 7 8 1.62019
2 12 0 7 9 2
2 12 0 7 10 1.62019
2 12 0 7 11 2
2 12 0 7 13 1.93309
2 12 0 7 14 1.81265
2 12 0 8 9 2.08167
2 12 0 8 10 2.08167
2 12 0 8 11 2
2 12 0 8 13 2.04742
2 12 0 8 14 2.08167
2 12 0 9 10 2.12132
2 12 0 9 11 2.2563
2 12 0 9 13 2.1965
2 12 0 9 14 2.23607
2 12 0 10 11 2.04939
2 12 0 10 13 2.08167
2 12 0 10 14 2.1391
2 12 0 11 13 2.173
2 12 0 11 14 2.19745
2 12 0 13 14 2.23607
2 12 1 3 4 1.41421
2 12 1 3 5 1.73205
2 12 1 3 6 1.90693
2 12 1 3 7 1.85164
2 12 1 3 8 1.73205
2 12 1 3 9 1.90693
2 12 1 3 10 1.41421
2 12 1 3 11 1.90693
2 12 1 3 13 1.90693
2 12 1 3 14 1.73205
2 12 1 4 5 1.73205
2 12 1 4 6 1.62019
2 12 1 4 7 1.62019
2 12 1 4 8 1.81265
2 12 1 4 9 1.73205
2 12 1 4 10 1.81265
2 12 1 4 11 1.41421
2 12 1 4 13 1.81265
2 12 1 4 14 1.81265
2 12 1 5 6 1.73205
2 12 1 5 7 1.73205
2 12 1 5 8 1.73205
2 12 1 5 9 1.73205
2 12 1 5 10 1.73205
2 12 1 5 11 1.73205
2 12 1 5 13 1.73205
2 12 1 5 14 1.73205
2 12 1 6 7 1.85164
2 12 1 6 8 2
2 12 1 6 9 1.96214
2 12 1 6 10 1.73205
2 12 1 6 11 1.93309
2 12 1 6 13 1.96214
2 12 1 6 14 2
2 12 1 7 8 1.62019
2 12 1 7 9 1.85164
2 12 1 7 10 1.62019
2 12 1 7 11 1.85164
2 12 1 7 13 1.85164
2 12 1 7 14 1.62019
2 12 1 8 9 2
2 12 1 8 10 2
2 12 1 8 11 1.81265
2 12 1 8 13 2
2 12 1 8 14 2
2 12 1 9 10 1.81265
2 12 1 9 11 1.93309
2 12 1 9 13 1.96769
2 12 1 9 14 2
2 12 1 10 11 1.62019
2 12 1 10 13 2
2 12 1 10 14 2
2 12 1 11 13 1.93309
2 12 1 11 14 1.81265
2 12 1 13 14 2
2 12 3 4 5 2
2 12 3 4 6 2.0381
2 12 3 4 7 1.81265
2 12 3 4 8 1.73205
2 12 3 4 9 2.0381
2 12 3 4 10 1.93309
2 12 3 4 11 2.0381
2 12 3 4 13 1.81265
2 12 3 4 14 2
2 12 3 5 6 2.04939
2 12 3 5 7 1.93309
2 12 3 5 8 1.62019
2 12 3 5 9 2.04939
2 12 3 5 10 1.85164
2 12 3 5 11 2.04939
2 12 3 5 13 1.90693
2 12 3 5 14 2
2 12 3 6 7 2
2 12 3 6 8 2
2 12 3 6 9 2.20605
2 12 3 6 10 2
2 12 3 6 11 2.20605
2 12 3 6 13 2.10639
2 12 3 6 14 2.16025
2 12 3 7 8 1.62019
2 12 3 7 9 2
2 12 3 7 10 1.62019
2 12 3 7 11 2
2 12 3 7 13 1.93309
2 12 3 7 14 2
2 12 3 8 9 2
2 12 3 8 10 1.81265
2 12 3 8 11 2
2 12 3 8 13 1.81265
2 12 3 8 14 2
2 12 3 9 10 2
2 12 3 9 11 2.20605
2 12 3 9 13 2.10639
2 12 3 9 14 2.16025
2 12 3 10 11 2
2 12 3 10 13 1.73205
2 12 3 10 14 2
2 12 3 11 13 2.10639
2 12 3 11 14 2.16025
2 12 3 13 14 2
2 12 4 5 6 2.05751
2 12 4 5 7 1.81265
2 12 4 5 8 2
2 12 4 5 9 2.08167
2 12 4 5 10 2.02367
2 12 4 5 11 2.0381
2 12 4 5 13 2
2 12 4 5 14 2.08167
2 12 4 6 7 1.81265
2 12 4 6 8 2
2 12 4 6 9 2.15322
2 12 4 6 10 2.09938
2 12 4 6 11 2.12132
2 12 4 6 13 2
2 12 4 6 14 2.13809
2 12 4 7 8 1.62019
2 12 4 7 9 1.81265
2 12 4 7 10 1.62019
2 12 4 7 11 1.81265
2 12 4 7 13 1.62019
2 12 4 7 14 1.73205
2 12 4 8 9 2.01187
2 12 4 8 10 2.04495
2 12 4 8 11 1.90693
2 12 4 8 13 1.93309
2 12 4 8 14 2.04495
2 12 4 9 10 2.16025
2 12 4 9 11 2.12132
2 12 4 9 13 2.04495
2 12 4 9 14 2.16025
2 12 4 10 11 2.04939
2 12 4 10 13 2
2 12 4 10 14 2.14154
2 12 4 11 13 1.93309
2 12 4 11 14 2.10223
2 12 4 13 14 2.04495
2 12 5 6 7 1.93309
2 12 5 6 8 1.81265
2 12 5 6 9 2.12916
2 12 5 6 10 2
2 12 5 6 11 2.081
2 12 5 6 13 1.96214
2 12 5 6 14 2.05751
2 12 5 7 8 1.62019
2 12 5 7 9 1.93309
2 12 5 7 10 1.62019
2 12 5 7 11 1.93309
2 12 5 7 13 1.85164
2 12 5 7 14 1.81265
2 12 5 8 9 2
2 12 5 8 10 2
2 12 5 8 11 1.73205
2 12 5 8 13 1.81265
2 12 5 8 14 2
2 12 5 9 10 2
2 12 5 9 11 2.081
2 12 5 9 13 1.96769
2 12 5 9 14 2.08167
2 12 5 10 11 1.93309
2 12 5 10 13 2
2 12 5 10 14 2.02367
2 12 5 11 13 1.93309
2 12 5 11 14 2.0381
2 12 5 13 14 2
2 12 6 7 8 1.62019
2 12 6 7 9 2
2 12 6 7 10 1.62019
2 12 6 7 11 2
2 12 6 7 13 1.93309
2 12 6 7 14 2
2 12 6 8 9 2.08167
2 12 6 8 10 2.0381
2 12 6 8 11 2.04495
2 12 6 8 13 2
2 12 6 8 14 2.05751
2 12 6 9 10 2.13809
2 12 6 9 11 2.27761
2 12 6 9 13 2.19644
2 12 6 9 14 2.24846
2 12 6 10 11 2.09938
2 12 6 10 13 2
2 12 6 10 14 2.13809
2 12 6 11 13 2.173
2 12 6 11 14 2.23607
2 12 6 13 14 2.16025
2 12 7 8 9 1.62019
2 12 7 8 10 1.62019
2 12 7 8 11 1.62019
2 12 7 8 13 1.62019
2 12 7 8 14 1.62019
2 12 7 9 10 1.62019
2 12 7 9 11 2
2 12 7 9 13 1.93309
2 12 7 9 14 2
2 12 7 10 11 1.62019
2 12 7 10 13 1.62019
2 12 7 10 14 1.62019
2 12 7 11 13 1.93309
2 12 7 11 14 2
2 12 7 13 14 1.73205
2 12 8 9 10 2.05751
2 12 8 9 11 2.04495
2 12 8 9 13 2.04495
2 12 8 9 14 2.07802
2 12 8 10 11 2
2 12 8 10 13 2
2 12 8 10 14 2.08167
2 12 8 11 13 1.93309
2 12 8 11 14 2.01187
2 12 8 13 14 2.04495
2 12 9 10 11 2.09938
2 12 9 10 13 2.0381
2 12 9 10 14 2.15322
2 12 9 11 13 2.173
2 12 9 11 14 2.23607
2 12 9 13 14 2.15758
2 12 10 11 13 1.93309
2 12 10 11 14 2.09938
2 12 10 13 14 2.08167
2 12 11 13 14 2.10639
