7 13 0 1 2 3 4 5 6 8 9 10 0
7 13 0 1 2 3 4 5 6 8 9 11 1
7 13 0 1 2 3 4 5 6 8 9 12 1
7 13 0 1 2 3 4 5 6 8 9 14 0
7 13 0 1 2 3 4 5 6 8 10 11 0
7 13 0 1 2 3 4 5 6 8 10 12 0
7 13 0 1 2 3 4 5 6 8 10 14 0
7 13 0 1 2 3 4 5 6 8 11 12 1
7 13 0 1 2 3 4 5 6 8 11 14 0
7 13 0 1 2 3 4 5 6 8 12 14 0
7 13 0 1 2 3 4 5 6 9 10 11 0
7 13 0 1 2 3 4 5 6 9 10 12 0
7 13 0 1 2 3 4 5 6 9 10 14 0
7 13 0 1 2 3 4 5 6 9 11 12 1.41421
7 13 0 1 2 3 4 5 6 9 11 14 1
7 13 0 1 2 3 4 5 6 9 12 14 1
7 13 0 1 2 3 4 5 6 10 11 12 0
7 13 0 1 2 3 4 5 6 10 11 14 0
7 13 0 1 2 3 4 5 6 10 12 14 0
7 13 0 1 2 3 4 5 6 11 12 14 1
7 13 0 1 2 3 4 5 8 9 10 11 0
7 13 0 1 2 3 4 5 8 9 10 12 1
7 13 0 1 2 3 4 5 8 9 10 14 1
7 13 0 1 2 3 4 5 8 9 11 12 1
7 13 0 1 2 3 4 5 8 9 11 14 0
7 13 0 1 2 3 4 5 8 9 12 14 1
7 13 0 1 2 3 4 5 8 10 11 12 1
7 13 0 1 2 3 4 5 8 10 11 14 1
7 13 0 1 2 3 4 5 8 10 12 14 1.41421
7 13 0 1 2 3 4 5 8 11 12 14 1
7 13 0 1 2 3 4 5 9 10 11 12 0
7 13 0 1 2 3 4 5 9 10 11 14 0
7 13 0 1 2 3 4 5 9 10 12 14 1
7 13 0 1 2 3 4 5 9 11 12 14 1
7 13 0 1 2 3 4 5 10 11 12 14 1
7 13 0 1 2 3 4 6 8 9 10 11 0
7 13 0 1 2 3 4 6 8 9 10 12 0
7 13 0 1 2 3 4 6 8 9 10 14 0
7 13 0 1 2 3 4 6 8 9 11 12 1
7 13 0 1 2 3 4 6 8 9 11 14 0
7 13 0 1 2 3 4 6 8 9 12 14 0
7 13 0 1 2 3 4 6 8 10 11 12 0
7 13 0 1 2 3 4 6 8 10 11 14 0
7 13 0 1 2 3 4 6 8 10 12 14 0
7 13 0 1 2 3 4 6 8 11 12 14 0
7 13 0 1 2 3 4 6 9 10 11 12 0
7 13 0 1 2 3 4 6 9 10 11 14 0
7 13 0 1 2 3 4 6 9 10 12 14 0
7 13 0 1 2 3 4 6 9 11 12 14 1
7 13 0 1 2 3 4 6 10 11 12 14 0
7 13 0 1 2 3 4 8 9 10 11 12 0
7 13 0 1 2 3 4 8 9 10 11 14 0
7 13 0 1 2 3 4 8 9 10 12 14 1
7 13 0 1 2 3 4 8 9 11 12 14 0
7 13 0 1 2 3 4 8 10 11 12 14 1
7 13 0 1 2 3 4 9 10 11 12 14 0
7 13 0 1 2 3 5 6 8 9 10 11 0
7 13 0 1 2 3 5 6 8 9 10 12 0
7 13 0 1 2 3 5 6 8 9 10 14 0
7 13 0 1 2 3 5 6 8 9 11 12 1.41421
7 13 0 1 2 3 5 6 8 9 11 14 1
7 13 0 1 2 3 5 6 8 9 12 14 1
7 13 0 1 2 3 5 6 8 10 11 12 0
7 13 0 1 2 3 5 6 8 10 11 14 0
7 13 0 1 2 3 5 6 8 10 12 14 0
7 13 0 1 2 3 5 6 8 11 12 14 1
7 13 0 1 2 3 5 6 9 10 11 12 0
7 13 0 1 2 3 5 6 9 10 11 14 0
7 13 0 1 2 3 5 6 9 10 12 14 0
7 13 0 1 2 3 5 6 9 11 12 14 1.41421
7 13 0 1 2 3 5 6 10 11 12 14 0
7 13 0 1 2 3 5 8 9 10 11 12 0
7 13 0 1 2 3 5 8 9 10 11 14 0
7 13 0 1 2 3 5 8 9 10 12 14 1
7 13 0 1 2 3 5 8 9 11 12 14 1
7 13 0 1 2 3 5 8 10 11 12 14 1
7 13 0 1 2 3 5 9 10 11 12 14 0
7 13 0 1 2 3 6 8 9 10 11 12 1
7 13 0 1 2 3 6 8 9 10 11 14 1
7 13 0 1 2 3 6 8 9 10 12 14 1
7 13 0 1 2 3 6 8 9 11 12 14 1.41421
7 13 0 1 2 3 6 8 10 11 12 14 1
7 13 0 1 2 3 6 9 10 11 12 14 1
7 13 0 1 2 3 8 9 10 11 12 14 1
7 13 0 1 2 4 5 6 8 9 10 11 0
7 13 0 1 2 4 5 6 8 9 10 12 1
7 13 0 1 2 4 5 6 8 9 10 14 1
7 13 0 1 2 4 5 6 8 9 11 12 1
7 13 0 1 2 4 5 6 8 9 11 14 0
7 13 0 1 2 4 5 6 8 9 12 14 1
7 13 0 1 2 4 5 6 8 10 11 12 0
7 13 0 1 2 4 5 6 8 10 11 14 0
7 13 0 1 2 4 5 6 8 10 12 14 1
7 13 0 1 2 4 5 6 8 11 12 14 0
7 13 0 1 2 4 5 6 9 10 11 12 0
7 13 0 1 2 4 5 6 9 10 11 14 0
7 13 0 1 2 4 5 6 9 10 12 14 1
7 13 0 1 2 4 5 6 9 11 12 14 1
7 13 0 1 2 4 5 6 10 11 12 14 0
7 13 0 1 2 4 5 8 9 10 11 12 0
7 13 0 1 2 4 5 8 9 10 11 14 0
7 13 0 1 2 4 5 8 9 10 12 14 1.41421
7 13 0 1 2 4 5 8 9 11 12 14 0
7 13 0 1 2 4 5 8 10 11 12 14 1
7 13 0 1 2 4 5 9 10 11 12 14 0
7 13 0 1 2 4 6 8 9 10 11 12 0
7 13 0 1 2 4 6 8 9 10 11 14 0
7 13 0 1 2 4 6 8 9 10 12 14 1
7 13 0 1 2 4 6 8 9 11 12 14 0
7 13 0 1 2 4 6 8 10 11 12 14 0
7 13 0 1 2 4 6 9 10 11 12 14 0
7 13 0 1 2 4 8 9 10 11 12 14 0
7 13 0 1 2 5 6 8 9 10 11 12 0
7 13 0 1 2 5 6 8 9 10 11 14 0
7 13 0 1 2 5 6 8 9 10 12 14 1
7 13 0 1 2 5 6 8 9 11 12 14 1
7 13 0 1 2 5 6 8 10 11 12 14 0
7 13 0 1 2 5 6 9 10 11 12 14 0
7 13 0 1 2 5 8 9 10 11 12 14 0
7 13 0 1 2 6 8 9 10 11 12 14 1
7 13 0 1 3 4 5 6 8 9 10 11 0
7 13 0 1 3 4 5 6 8 9 10 12 0
7 13 0 1 3 4 5 6 8 9 10 14 0
7 13 0 1 3 4 5 6 8 9 11 12 1
7 13 0 1 3 4 5 6 8 9 11 14 0
7 13 0 1 3 4 5 6 8 9 12 14 0
7 13 0 1 3 4 5 6 8 10 11 12 0
7 13 0 1 3 4 5 6 8 10 11 14 0
7 13 0 1 3 4 5 6 8 10 12 14 0
7 13 0 1 3 4 5 6 8 11 12 14 0
7 13 0 1 3 4 5 6 9 10 11 12 0
7 13 0 1 3 4 5 6 9 10 11 14 0
7 13 0 1 3 4 5 6 9 10 12 14 0
7 13 0 1 3 4 5 6 9 11 12 14 1
7 13 0 1 3 4 5 6 10 11 12 14 0
7 13 0 1 3 4 5 8 9 10 11 12 0
7 13 0 1 3 4 5 8 9 10 11 14 0
7 13 0 1 3 4 5 8 9 10 12 14 1
7 13 0 1 3 4 5 8 9 11 12 14 0
7 13 0 1 3 4 5 8 10 11 12 14 1
7 13 0 1 3 4 5 9 10 11 12 14 0
7 13 0 1 3 4 6 8 9 10 11 12 1
7 13 0 1 3 4 6 8 9 10 11 14 1
7 13 0 1 3 4 6 8 9 10 12 14 1
7 13 0 1 3 4 6 8 9 11 12 14 1
7 13 0 1 3 4 6 8 10 11 12 14 1
7 13 0 1 3 4 6 9 10 11 12 14 1
7 13 0 1 3 4 8 9 10 11 12 14 1
7 13 0 1 3 5 6 8 9 10 11 12 0
7 13 0 1 3 5 6 8 9 10 11 14 0
7 13 0 1 3 5 6 8 9 10 12 14 0
7 13 0 1 3 5 6 8 9 11 12 14 1
7 13 0 1 3 5 6 8 10 11 12 14 0
7 13 0 1 3 5 6 9 10 11 12 14 0
7 13 0 1 3 5 8 9 10 11 12 14 0
7 13 0 1 3 6 8 9 10 11 12 14 1.41421
7 13 0 1 4 5 6 8 9 10 11 12 1
7 13 0 1 4 5 6 8 9 10 11 14 1
7 13 0 1 4 5 6 8 9 10 12 14 1.41421
7 13 0 1 4 5 6 8 9 11 12 14 1
7 13 0 1 4 5 6 8 10 11 12 14 1
7 13 0 1 4 5 6 9 10 11 12 14 1
7 13 0 1 4 5 8 9 10 11 12 14 1
7 13 0 1 4 6 8 9 10 11 12 14 1.41421
7 13 0 1 5 6 8 9 10 11 12 14 1
7 13 0 2 3 4 5 6 8 9 10 11 1
7 13 0 2 3 4 5 6 8 9 10 12 0
7 13 0 2 3 4 5 6 8 9 10 14 1
7 13 0 2 3 4 5 6 8 9 11 12 1
7 13 0 2 3 4 5 6 8 9 11 14 1
7 13 0 2 3 4 5 6 8 9 12 14 0
7 13 0 2 3 4 5 6 8 10 11 12 0
7 13 0 2 3 4 5 6 8 10 11 14 1
7 13 0 2 3 4 5 6 8 10 12 14 0
7 13 0 2 3 4 5 6 8 11 12 14 0
7 13 0 2 3 4 5 6 9 10 11 12 1
7 13 0 2 3 4 5 6 9 10 11 14 1.41421
7 13 0 2 3 4 5 6 9 10 12 14 1
7 13 0 2 3 4 5 6 9 11 12 14 1.41421
7 13 0 2 3 4 5 6 10 11 12 14 1
7 13 0 2 3 4 5 8 9 10 11 12 0
7 13 0 2 3 4 5 8 9 10 11 14 1
7 13 0 2 3 4 5 8 9 10 12 14 1
7 13 0 2 3 4 5 8 9 11 12 14 0
7 13 0 2 3 4 5 8 10 11 12 14 1
7 13 0 2 3 4 5 9 10 11 12 14 1
7 13 0 2 3 4 6 8 9 10 11 12 0
7 13 0 2 3 4 6 8 9 10 11 14 1
7 13 0 2 3 4 6 8 9 10 12 14 0
7 13 0 2 3 4 6 8 9 11 12 14 0
7 13 0 2 3 4 6 8 10 11 12 14 0
7 13 0 2 3 4 6 9 10 11 12 14 1
7 13 0 2 3 4 8 9 10 11 12 14 0
7 13 0 2 3 5 6 8 9 10 11 12 0
7 13 0 2 3 5 6 8 9 10 11 14 1
7 13 0 2 3 5 6 8 9 10 12 14 0
7 13 0 2 3 5 6 8 9 11 12 14 1
7 13 0 2 3 5 6 8 10 11 12 14 0
7 13 0 2 3 5 6 9 10 11 12 14 1
7 13 0 2 3 5 8 9 10 11 12 14 0
7 13 0 2 3 6 8 9 10 11 12 14 1
7 13 0 2 4 5 6 8 9 10 11 12 0
7 13 0 2 4 5 6 8 9 10 11 14 1
7 13 0 2 4 5 6 8 9 10 12 14 1
7 13 0 2 4 5 6 8 9 11 12 14 0
7 13 0 2 4 5 6 8 10 11 12 14 0
7 13 0 2 4 5 6 9 10 11 12 14 1
7 13 0 2 4 5 8 9 10 11 12 14 0
7 13 0 2 4 6 8 9 10 11 12 14 0
7 13 0 2 5 6 8 9 10 11 12 14 0
7 13 0 3 4 5 6 8 9 10 11 12 1
7 13 0 3 4 5 6 8 9 10 11 14 1.41421
7 13 0 3 4 5 6 8 9 10 12 14 1
7 13 0 3 4 5 6 8 9 11 12 14 1
7 13 0 3 4 5 6 8 10 11 12 14 1
7 13 0 3 4 5 6 9 10 11 12 14 1.41421
7 13 0 3 4 5 8 9 10 11 12 14 1
7 13 0 3 4 6 8 9 10 11 12 14 1.41421
7 13 0 3 5 6 8 9 10 11 12 14 1
7 13 0 4 5 6 8 9 10 11 12 14 1.41421
7 13 1 2 3 4 5 6 8 9 10 11 0
7 13 1 2 3 4 5 6 8 9 10 12 0
7 13 1 2 3 4 5 6 8 9 10 14 0
7 13 1 2 3 4 5 6 8 9 11 12 1
7 13 1 2 3 4 5 6 8 9 11 14 0
7 13 1 2 3 4 5 6 8 9 12 14 0
7 13 1 2 3 4 5 6 8 10 11 12 0
7 13 1 2 3 4 5 6 8 10 11 14 0
7 13 1 2 3 4 5 6 8 10 12 14 0
7 13 1 2 3 4 5 6 8 11 12 14 0
7 13 1 2 3 4 5 6 9 10 11 12 0
7 13 1 2 3 4 5 6 9 10 11 14 0
7 13 1 2 3 4 5 6 9 10 12 14 0
7 13 1 2 3 4 5 6 9 11 12 14 1
7 13 1 2 3 4 5 6 10 11 12 14 0
7 13 1 2 3 4 5 8 9 10 11 12 0
7 13 1 2 3 4 5 8 9 10 11 14 0
7 13 1 2 3 4 5 8 9 10 12 14 1
7 13 1 2 3 4 5 8 9 11 12 14 0
7 13 1 2 3 4 5 8 10 11 12 14 1
7 13 1 2 3 4 5 9 10 11 12 14 0
7 13 1 2 3 4 6 8 9 10 11 12 0
7 13 1 2 3 4 6 8 9 10 11 14 0
7 13 1 2 3 4 6 8 9 10 12 14 0
7 13 1 2 3 4 6 8 9 11 12 14 0
7 13 1 2 3 4 6 8 10 11 12 14 0
7 13 1 2 3 4 6 9 10 11 12 14 0
7 13 1 2 3 4 8 9 10 11 12 14 0
7 13 1 2 3 5 6 8 9 10 11 12 0
7 13 1 2 3 5 6 8 9 10 11 14 0
7 13 1 2 3 5 6 8 9 10 12 14 0
7 13 1 2 3 5 6 8 9 11 12 14 1
7 13 1 2 3 5 6 8 10 11 12 14 0
7 13 1 2 3 5 6 9 10 11 12 14 0
7 13 1 2 3 5 8 9 10 11 12 14 0
7 13 1 2 3 6 8 9 10 11 12 14 1
7 13 1 2 4 5 6 8 9 10 11 12 0
7 13 1 2 4 5 6 8 9 10 11 14 0
7 13 1 2 4 5 6 8 9 10 12 14 1
7 13 1 2 4 5 6 8 9 11 12 14 0
7 13 1 2 4 5 6 8 10 11 12 14 0
7 13 1 2 4 5 6 9 10 11 12 14 0
7 13 1 2 4 5 8 9 10 11 12 14 0
7 13 1 2 4 6 8 9 10 11 12 14 0
7 13 1 2 5 6 8 9 10 11 12 14 0
7 13 1 3 4 5 6 8 9 10 11 12 0
7 13 1 3 4 5 6 8 9 10 11 14 0
7 13 1 3 4 5 6 8 9 10 12 14 0
7 13 1 3 4 5 6 8 9 11 12 14 0
7 13 1 3 4 5 6 8 10 11 12 14 0
7 13 1 3 4 5 6 9 10 11 12 14 0
7 13 1 3 4 5 8 9 10 11 12 14 0
7 13 1 3 4 6 8 9 10 11 12 14 1
7 13 1 3 5 6 8 9 10 11 12 14 0
7 13 1 4 5 6 8 9 10 11 12 14 1
7 13 2 3 4 5 6 8 9 10 11 12 0
7 13 2 3 4 5 6 8 9 10 11 14 1
7 13 2 3 4 5 6 8 9 10 12 14 0
7 13 2 3 4 5 6 8 9 11 12 14 0
7 13 2 3 4 5 6 8 10 11 12 14 0
7 13 2 3 4 5 6 9 10 11 12 14 1
7 13 2 3 4 5 8 9 10 11 12 14 0
7 13 2 3 4 6 8 9 10 11 12 14 0
7 13 2 3 5 6 8 9 10 11 12 14 0
7 13 2 4 5 6 8 9 10 11 12 14 0
7 13 3 4 5 6 8 9 10 11 12 14 1
