7 13 0 1 1.97531
7 13 0 2 2
7 13 0 3 2.16025
7 13 0 4 2.14542
7 13 0 5 2.08484
7 13 0 6 2.27798
7 13 0 8 2.16025
7 13 0 9 2.28841
7 13 0 10 2.1391
7 13 0 11 2.2563
7 13 0 12 2.20678
7 13 0 14 2.24812
7 13 1 2 1.85164
7 13 1 3 1.90693
7 13 1 4 1.81265
7 13 1 5 1.73205
7 13 1 6 1.96214
7 13 1 8 2
7 13 1 9 1.96769
7 13 1 10 2
7 13 1 11 1.93309
7 13 1 12 1.97531
7 13 1 14 2
7 13 2 3 2
7 13 2 4 1.73205
7 13 2 5 1.90693
7 13 2 6 2
7 13 2 8 1.62019
7 13 2 9 2
7 13 2 10 1.62019
7 13 2 11 2
7 13 2 12 1.93309
7 13 2 14 1.81265
7 13 3 4 2
7 13 3 5 2
7 13 3 6 2.16025
7 13 3 8 2
7 13 3 9 2.16025
7 13 3 10 1.90693
7 13 3 11 2.16025
7 13 3 12 2.10639
7 13 3 14 2.10639
7 13 4 5 2.05603
7 13 4 6 2.16025
7 13 4 8 2
7 13 4 9 2.13535
7 13 4 10 2.09069
7 13 4 11 2.08167
7 13 4 12 2.04742
7 13 4 14 2.14154
7 13 5 6 2.08738
7 13 5 8 2
7 13 5 9 2.08296
7 13 5 10 1.96214
7 13 5 11 2.04939
7 13 5 12 1.97531
7 13 5 14 2.05603
7 13 6 8 2.08167
7 13 6 9 2.27798
7 13 6 10 2.10223
7 13 6 11 2.2563
7 13 6 12 2.19644
7 13 6 14 2.23607
7 13 8 9 2.08167
7 13 8 10 2.08167
7 13 8 11 2
7 13 8 12 2.04742
7 13 8 14 2.08167
7 13 9 10 2.12132
7 13 9 11 2.2563
7 13 9 12 2.1965
7 13 9 14 2.23607
7 13 10 11 2.04939
7 13 10 12 2.08167
7 13 10 14 2.1391
7 13 11 12 2.173
7 13 11 14 2.19745
7 13 12 14 2.23607
