7 13 0 1 2 3 4 5 1.41421
7 13 0 1 2 3 4 6 1.41421
7 13 0 1 2 3 4 8 1.41421
7 13 0 1 2 3 4 9 1.41421
7 13 0 1 2 3 4 10 1.41421
7 13 0 1 2 3 4 11 1.41421
7 13 0 1 2 3 4 12 1.41421
7 13 0 1 2 3 4 14 1.41421
7 13 0 1 2 3 5 6 1.73205
7 13 0 1 2 3 5 8 1.41421
7 13 0 1 2 3 5 9 1.73205
7 13 0 1 2 3 5 10 1.41421
7 13 0 1 2 3 5 11 1.73205
7 13 0 1 2 3 5 12 1.73205
7 13 0 1 2 3 5 14 1.41421
7 13 0 1 2 3 6 8 1.62019
7 13 0 1 2 3 6 9 1.85164
7 13 0 1 2 3 6 10 1
7 13 0 1 2 3 6 11 1.85164
7 13 0 1 2 3 6 12 1.85164
7 13 0 1 2 3 6 14 1.62019
7 13 0 1 2 3 8 9 1.62019
7 13 0 1 2 3 8 10 1.41421
7 13 0 1 2 3 8 11 1.62019
7 13 0 1 2 3 8 12 1.62019
7 13 0 1 2 3 8 14 1.41421
7 13 0 1 2 3 9 10 1
7 13 0 1 2 3 9 11 1.85164
7 13 0 1 2 3 9 12 1.85164
7 13 0 1 2 3 9 14 1.62019
7 13 0 1 2 3 10 11 1
7 13 0 1 2 3 10 12 1.41421
7 13 0 1 2 3 10 14 1.41421
7 13 0 1 2 3 11 12 1.85164
7 13 0 1 2 3 11 14 1.62019
7 13 0 1 2 3 12 14 1.62019
7 13 0 1 2 4 5 6 1.41421
7 13 0 1 2 4 5 8 1.62019
7 13 0 1 2 4 5 9 1.41421
7 13 0 1 2 4 5 10 1.62019
7 13 0 1 2 4 5 11 1.41421
7 13 0 1 2 4 5 12 1.62019
7 13 0 1 2 4 5 14 1.62019
7 13 0 1 2 4 6 8 1
7 13 0 1 2 4 6 9 1.41421
7 13 0 1 2 4 6 10 1
7 13 0 1 2 4 6 11 1.41421
7 13 0 1 2 4 6 12 1.41421
7 13 0 1 2 4 6 14 1
7 13 0 1 2 4 8 9 1.41421
7 13 0 1 2 4 8 10 1.62019
7 13 0 1 2 4 8 11 1
7 13 0 1 2 4 8 12 1.62019
7 13 0 1 2 4 8 14 1.62019
7 13 0 1 2 4 9 10 1.41421
7 13 0 1 2 4 9 11 1.41421
7 13 0 1 2 4 9 12 1.41421
7 13 0 1 2 4 9 14 1.41421
7 13 0 1 2 4 10 11 1
7 13 0 1 2 4 10 12 1.62019
7 13 0 1 2 4 10 14 1.62019
7 13 0 1 2 4 11 12 1.41421
7 13 0 1 2 4 11 14 1
7 13 0 1 2 4 12 14 1.62019
7 13 0 1 2 5 6 8 1.41421
7 13 0 1 2 5 6 9 1.73205
7 13 0 1 2 5 6 10 1
7 13 0 1 2 5 6 11 1.73205
7 13 0 1 2 5 6 12 1.73205
7 13 0 1 2 5 6 14 1.41421
7 13 0 1 2 5 8 9 1.41421
7 13 0 1 2 5 8 10 1.62019
7 13 0 1 2 5 8 11 1.41421
7 13 0 1 2 5 8 12 1.62019
7 13 0 1 2 5 8 14 1.62019
7 13 0 1 2 5 9 10 1.41421
7 13 0 1 2 5 9 11 1.73205
7 13 0 1 2 5 9 12 1.73205
7 13 0 1 2 5 9 14 1.41421
7 13 0 1 2 5 10 11 1
7 13 0 1 2 5 10 12 1.62019
7 13 0 1 2 5 10 14 1.62019
7 13 0 1 2 5 11 12 1.73205
7 13 0 1 2 5 11 14 1.41421
7 13 0 1 2 5 12 14 1.62019
7 13 0 1 2 6 8 9 1.62019
7 13 0 1 2 6 8 10 1
7 13 0 1 2 6 8 11 1.62019
7 13 0 1 2 6 8 12 1.62019
7 13 0 1 2 6 8 14 1.41421
7 13 0 1 2 6 9 10 1
7 13 0 1 2 6 9 11 1.85164
7 13 0 1 2 6 9 12 1.85164
7 13 0 1 2 6 9 14 1.62019
7 13 0 1 2 6 10 11 1
7 13 0 1 2 6 10 12 1
7 13 0 1 2 6 10 14 1
7 13 0 1 2 6 11 12 1.85164
7 13 0 1 2 6 11 14 1.62019
7 13 0 1 2 6 12 14 1.62019
7 13 0 1 2 8 9 10 1.41421
7 13 0 1 2 8 9 11 1.62019
7 13 0 1 2 8 9 12 1.62019
7 13 0 1 2 8 9 14 1.41421
7 13 0 1 2 8 10 11 1
7 13 0 1 2 8 10 12 1.62019
7 13 0 1 2 8 10 14 1.62019
7 13 0 1 2 8 11 12 1.62019
7 13 0 1 2 8 11 14 1.41421
7 13 0 1 2 8 12 14 1.62019
7 13 0 1 2 9 10 11 1
7 13 0 1 2 9 10 12 1.41421
7 13 0 1 2 9 10 14 1.41421
7 13 0 1 2 9 11 12 1.85164
7 13 0 1 2 9 11 14 1.62019
7 13 0 1 2 9 12 14 1.62019
7 13 0 1 2 10 11 12 1
7 13 0 1 2 10 11 14 1
7 13 0 1 2 10 12 14 1.62019
7 13 0 1 2 11 12 14 1.62019
7 13 0 1 3 4 5 6 1.41421
7 13 0 1 3 4 5 8 1.41421
7 13 0 1 3 4 5 9 1.41421
7 13 0 1 3 4 5 10 1.41421
7 13 0 1 3 4 5 11 1.41421
7 13 0 1 3 4 5 12 1.41421
7 13 0 1 3 4 5 14 1.41421
7 13 0 1 3 4 6 8 1
7 13 0 1 3 4 6 9 1.41421
7 13 0 1 3 4 6 10 1
7 13 0 1 3 4 6 11 1.41421
7 13 0 1 3 4 6 12 1.41421
7 13 0 1 3 4 6 14 1
7 13 0 1 3 4 8 9 1
7 13 0 1 3 4 8 10 1.41421
7 13 0 1 3 4 8 11 1
7 13 0 1 3 4 8 12 1.41421
7 13 0 1 3 4 8 14 1.41421
7 13 0 1 3 4 9 10 1
7 13 0 1 3 4 9 11 1.41421
7 13 0 1 3 4 9 12 1.41421
7 13 0 1 3 4 9 14 1
7 13 0 1 3 4 10 11 1
7 13 0 1 3 4 10 12 1.41421
7 13 0 1 3 4 10 14 1.41421
7 13 0 1 3 4 11 12 1.41421
7 13 0 1 3 4 11 14 1
7 13 0 1 3 4 12 14 1.41421
7 13 0 1 3 5 6 8 1.41421
7 13 0 1 3 5 6 9 1.73205
7 13 0 1 3 5 6 10 0
7 13 0 1 3 5 6 11 1.73205
7 13 0 1 3 5 6 12 1.73205
7 13 0 1 3 5 6 14 1.41421
7 13 0 1 3 5 8 9 1.41421
7 13 0 1 3 5 8 10 1.41421
7 13 0 1 3 5 8 11 1.41421
7 13 0 1 3 5 8 12 1.41421
7 13 0 1 3 5 8 14 1.41421
7 13 0 1 3 5 9 10 1
7 13 0 1 3 5 9 11 1.73205
7 13 0 1 3 5 9 12 1.73205
7 13 0 1 3 5 9 14 1.41421
7 13 0 1 3 5 10 11 1
7 13 0 1 3 5 10 12 1.41421
7 13 0 1 3 5 10 14 1.41421
7 13 0 1 3 5 11 12 1.73205
7 13 0 1 3 5 11 14 1.41421
7 13 0 1 3 5 12 14 1.41421
7 13 0 1 3 6 8 9 1.73205
7 13 0 1 3 6 8 10 1.41421
7 13 0 1 3 6 8 11 1.73205
7 13 0 1 3 6 8 12 1.73205
7 13 0 1 3 6 8 14 1.62019
7 13 0 1 3 6 9 10 1.41421
7 13 0 1 3 6 9 11 1.90693
7 13 0 1 3 6 9 12 1.90693
7 13 0 1 3 6 9 14 1.73205
7 13 0 1 3 6 10 11 1.41421
7 13 0 1 3 6 10 12 1.41421
7 13 0 1 3 6 10 14 1.41421
7 13 0 1 3 6 11 12 1.90693
7 13 0 1 3 6 11 14 1.73205
7 13 0 1 3 6 12 14 1.73205
7 13 0 1 3 8 9 10 1.41421
7 13 0 1 3 8 9 11 1.73205
7 13 0 1 3 8 9 12 1.73205
7 13 0 1 3 8 9 14 1.62019
7 13 0 1 3 8 10 11 1.41421
7 13 0 1 3 8 10 12 1.41421
7 13 0 1 3 8 10 14 1.41421
7 13 0 1 3 8 11 12 1.73205
7 13 0 1 3 8 11 14 1.62019
7 13 0 1 3 8 12 14 1.62019
7 13 0 1 3 9 10 11 1.41421
7 13 0 1 3 9 10 12 1.41421
7 13 0 1 3 9 10 14 1.41421
7 13 0 1 3 9 11 12 1.90693
7 13 0 1 3 9 11 14 1.73205
7 13 0 1 3 9 12 14 1.73205
7 13 0 1 3 10 11 12 1.41421
7 13 0 1 3 10 11 14 1.41421
7 13 0 1 3 10 12 14 1.41421
7 13 0 1 3 11 12 14 1.73205
7 13 0 1 4 5 6 8 1.41421
7 13 0 1 4 5 6 9 1.41421
7 13 0 1 4 5 6 10 1.41421
7 13 0 1 4 5 6 11 1.41421
7 13 0 1 4 5 6 12 1.41421
7 13 0 1 4 5 6 14 1.41421
7 13 0 1 4 5 8 9 1.62019
7 13 0 1 4 5 8 10 1.73205
7 13 0 1 4 5 8 11 1
7 13 0 1 4 5 8 12 1.73205
7 13 0 1 4 5 8 14 1.73205
7 13 0 1 4 5 9 10 1.62019
7 13 0 1 4 5 9 11 1.41421
7 13 0 1 4 5 9 12 1.62019
7 13 0 1 4 5 9 14 1.62019
7 13 0 1 4 5 10 11 1
7 13 0 1 4 5 10 12 1.73205
7 13 0 1 4 5 10 14 1.73205
7 13 0 1 4 5 11 12 1.41421
7 13 0 1 4 5 11 14 1
7 13 0 1 4 5 12 14 1.73205
7 13 0 1 4 6 8 9 1.62019
7 13 0 1 4 6 8 10 1.62019
7 13 0 1 4 6 8 11 1.41421
7 13 0 1 4 6 8 12 1.62019
7 13 0 1 4 6 8 14 1.62019
7 13 0 1 4 6 9 10 1.62019
7 13 0 1 4 6 9 11 1.41421
7 13 0 1 4 6 9 12 1.62019
7 13 0 1 4 6 9 14 1.62019
7 13 0 1 4 6 10 11 1.41421
7 13 0 1 4 6 10 12 1.62019
7 13 0 1 4 6 10 14 1.62019
7 13 0 1 4 6 11 12 1.41421
7 13 0 1 4 6 11 14 1.41421
7 13 0 1 4 6 12 14 1.62019
7 13 0 1 4 8 9 10 1.73205
7 13 0 1 4 8 9 11 1.41421
7 13 0 1 4 8 9 12 1.73205
7 13 0 1 4 8 9 14 1.73205
7 13 0 1 4 8 10 11 1.41421
7 13 0 1 4 8 10 12 1.81265
7 13 0 1 4 8 10 14 1.81265
7 13 0 1 4 8 11 12 1.41421
7 13 0 1 4 8 11 14 1.41421
7 13 0 1 4 8 12 14 1.81265
7 13 0 1 4 9 10 11 1.41421
7 13 0 1 4 9 10 12 1.73205
7 13 0 1 4 9 10 14 1.73205
7 13 0 1 4 9 11 12 1.41421
7 13 0 1 4 9 11 14 1.41421
7 13 0 1 4 9 12 14 1.73205
7 13 0 1 4 10 11 12 1.41421
7 13 0 1 4 10 11 14 1.41421
7 13 0 1 4 10 12 14 1.81265
7 13 0 1 4 11 12 14 1.41421
7 13 0 1 5 6 8 9 1.41421
7 13 0 1 5 6 8 10 1.41421
7 13 0 1 5 6 8 11 1.41421
7 13 0 1 5 6 8 12 1.41421
7 13 0 1 5 6 8 14 1.41421
7 13 0 1 5 6 9 10 1.41421
7 13 0 1 5 6 9 11 1.73205
7 13 0 1 5 6 9 12 1.73205
7 13 0 1 5 6 9 14 1.41421
7 13 0 1 5 6 10 11 1
7 13 0 1 5 6 10 12 1.41421
7 13 0 1 5 6 10 14 1.41421
7 13 0 1 5 6 11 12 1.73205
7 13 0 1 5 6 11 14 1.41421
7 13 0 1 5 6 12 14 1.41421
7 13 0 1 5 8 9 10 1.62019
7 13 0 1 5 8 9 11 1.41421
7 13 0 1 5 8 9 12 1.62019
7 13 0 1 5 8 9 14 1.62019
7 13 0 1 5 8 10 11 1
7 13 0 1 5 8 10 12 1.73205
7 13 0 1 5 8 10 14 1.73205
7 13 0 1 5 8 11 12 1.41421
7 13 0 1 5 8 11 14 1
7 13 0 1 5 8 12 14 1.73205
7 13 0 1 5 9 10 11 1
7 13 0 1 5 9 10 12 1.62019
7 13 0 1 5 9 10 14 1.62019
7 13 0 1 5 9 11 12 1.73205
7 13 0 1 5 9 11 14 1.41421
7 13 0 1 5 9 12 14 1.62019
7 13 0 1 5 10 11 12 1
7 13 0 1 5 10 11 14 1
7 13 0 1 5 10 12 14 1.73205
7 13 0 1 5 11 12 14 1.41421
7 13 0 1 6 8 9 10 1.73205
7 13 0 1 6 8 9 11 1.81265
7 13 0 1 6 8 9 12 2
7 13 0 1 6 8 9 14 1.81265
7 13 0 1 6 8 10 11 1.62019
7 13 0 1 6 8 10 12 1.73205
7 13 0 1 6 8 10 14 1.73205
7 13 0 1 6 8 11 12 1.81265
7 13 0 1 6 8 11 14 1.73205
7 13 0 1 6 8 12 14 1.81265
7 13 0 1 6 9 10 11 1.62019
7 13 0 1 6 9 10 12 1.73205
7 13 0 1 6 9 10 14 1.73205
7 13 0 1 6 9 11 12 1.93309
7 13 0 1 6 9 11 14 1.81265
7 13 0 1 6 9 12 14 2
7 13 0 1 6 10 11 12 1.62019
7 13 0 1 6 10 11 14 1.62019
7 13 0 1 6 10 12 14 1.73205
7 13 0 1 6 11 12 14 1.81265
7 13 0 1 8 9 10 11 1.62019
7 13 0 1 8 9 10 12 1.81265
7 13 0 1 8 9 10 14 1.81265
7 13 0 1 8 9 11 12 1.81265
7 13 0 1 8 9 11 14 1.73205
7 13 0 1 8 9 12 14 2
7 13 0 1 8 10 11 12 1.62019
7 13 0 1 8 10 11 14 1.62019
7 13 0 1 8 10 12 14 2
7 13 0 1 8 11 12 14 1.73205
7 13 0 1 9 10 11 12 1.62019
7 13 0 1 9 10 11 14 1.62019
7 13 0 1 9 10 12 14 1.81265
7 13 0 1 9 11 12 14 1.81265
7 13 0 1 10 11 12 14 1.62019
7 13 0 2 3 4 5 6 1.73205
7 13 0 2 3 4 5 8 1.41421
7 13 0 2 3 4 5 9 1.73205
7 13 0 2 3 4 5 10 1.41421
7 13 0 2 3 4 5 11 1.73205
7 13 0 2 3 4 5 12 1.62019
7 13 0 2 3 4 5 14 1.62019
7 13 0 2 3 4 6 8 1
7 13 0 2 3 4 6 9 1.73205
7 13 0 2 3 4 6 10 1.41421
7 13 0 2 3 4 6 11 1.73205
7 13 0 2 3 4 6 12 1.62019
7 13 0 2 3 4 6 14 1.62019
7 13 0 2 3 4 8 9 1
7 13 0 2 3 4 8 10 1.41421
7 13 0 2 3 4 8 11 1
7 13 0 2 3 4 8 12 1.41421
7 13 0 2 3 4 8 14 1.41421
7 13 0 2 3 4 9 10 1.41421
7 13 0 2 3 4 9 11 1.73205
7 13 0 2 3 4 9 12 1.62019
7 13 0 2 3 4 9 14 1.62019
7 13 0 2 3 4 10 11 1.41421
7 13 0 2 3 4 10 12 1.41421
7 13 0 2 3 4 10 14 1.41421
7 13 0 2 3 4 11 12 1.62019
7 13 0 2 3 4 11 14 1.62019
7 13 0 2 3 4 12 14 1.41421
7 13 0 2 3 5 6 8 1.41421
7 13 0 2 3 5 6 9 1.90693
7 13 0 2 3 5 6 10 1.41421
7 13 0 2 3 5 6 11 1.90693
7 13 0 2 3 5 6 12 1.85164
7 13 0 2 3 5 6 14 1.73205
7 13 0 2 3 5 8 9 1.41421
7 13 0 2 3 5 8 10 1.41421
7 13 0 2 3 5 8 11 1.41421
7 13 0 2 3 5 8 12 1.41421
7 13 0 2 3 5 8 14 1.41421
7 13 0 2 3 5 9 10 1.41421
7 13 0 2 3 5 9 11 1.90693
7 13 0 2 3 5 9 12 1.85164
7 13 0 2 3 5 9 14 1.73205
7 13 0 2 3 5 10 11 1.41421
7 13 0 2 3 5 10 12 1.41421
7 13 0 2 3 5 10 14 1.41421
7 13 0 2 3 5 11 12 1.85164
7 13 0 2 3 5 11 14 1.73205
7 13 0 2 3 5 12 14 1.62019
7 13 0 2 3 6 8 9 1.62019
7 13 0 2 3 6 8 10 1
7 13 0 2 3 6 8 11 1.62019
7 13 0 2 3 6 8 12 1.62019
7 13 0 2 3 6 8 14 1.41421
7 13 0 2 3 6 9 10 1.41421
7 13 0 2 3 6 9 11 2
7 13 0 2 3 6 9 12 1.93309
7 13 0 2 3 6 9 14 1.81265
7 13 0 2 3 6 10 11 1.41421
7 13 0 2 3 6 10 12 1
7 13 0 2 3 6 10 14 1.41421
7 13 0 2 3 6 11 12 1.93309
7 13 0 2 3 6 11 14 1.81265
7 13 0 2 3 6 12 14 1.73205
7 13 0 2 3 8 9 10 1
7 13 0 2 3 8 9 11 1.62019
7 13 0 2 3 8 9 12 1.62019
7 13 0 2 3 8 9 14 1.41421
7 13 0 2 3 8 10 11 1
7 13 0 2 3 8 10 12 1.41421
7 13 0 2 3 8 10 14 1.41421
7 13 0 2 3 8 11 12 1.62019
7 13 0 2 3 8 11 14 1.41421
7 13 0 2 3 8 12 14 1.41421
7 13 0 2 3 9 10 11 1.41421
7 13 0 2 3 9 10 12 1
7 13 0 2 3 9 10 14 1.41421
7 13 0 2 3 9 11 12 1.93309
7 13 0 2 3 9 11 14 1.81265
7 13 0 2 3 9 12 14 1.73205
7 13 0 2 3 10 11 12 1
7 13 0 2 3 10 11 14 1.41421
7 13 0 2 3 10 12 14 1.41421
7 13 0 2 3 11 12 14 1.73205
7 13 0 2 4 5 6 8 1
7 13 0 2 4 5 6 9 1.73205
7 13 0 2 4 5 6 10 1.41421
7 13 0 2 4 5 6 11 1.73205
7 13 0 2 4 5 6 12 1.62019
7 13 0 2 4 5 6 14 1.62019
7 13 0 2 4 5 8 9 1.41421
7 13 0 2 4 5 8 10 1.62019
7 13 0 2 4 5 8 11 1
7 13 0 2 4 5 8 12 1.62019
7 13 0 2 4 5 8 14 1.62019
7 13 0 2 4 5 9 10 1.41421
7 13 0 2 4 5 9 11 1.73205
7 13 0 2 4 5 9 12 1.62019
7 13 0 2 4 5 9 14 1.62019
7 13 0 2 4 5 10 11 1.41421
7 13 0 2 4 5 10 12 1.62019
7 13 0 2 4 5 10 14 1.62019
7 13 0 2 4 5 11 12 1.62019
7 13 0 2 4 5 11 14 1.62019
7 13 0 2 4 5 12 14 1.62019
7 13 0 2 4 6 8 9 1
7 13 0 2 4 6 8 10 1
7 13 0 2 4 6 8 11 1
7 13 0 2 4 6 8 12 1
7 13 0 2 4 6 8 14 1
7 13 0 2 4 6 9 10 1.41421
7 13 0 2 4 6 9 11 1.73205
7 13 0 2 4 6 9 12 1.62019
7 13 0 2 4 6 9 14 1.62019
7 13 0 2 4 6 10 11 1.41421
7 13 0 2 4 6 10 12 1
7 13 0 2 4 6 10 14 1.41421
7 13 0 2 4 6 11 12 1.62019
7 13 0 2 4 6 11 14 1.62019
7 13 0 2 4 6 12 14 1.41421
7 13 0 2 4 8 9 10 1.41421
7 13 0 2 4 8 9 11 1
7 13 0 2 4 8 9 12 1.41421
7 13 0 2 4 8 9 14 1.41421
7 13 0 2 4 8 10 11 1
7 13 0 2 4 8 10 12 1.62019
7 13 0 2 4 8 10 14 1.62019
7 13 0 2 4 8 11 12 1
7 13 0 2 4 8 11 14 1
7 13 0 2 4 8 12 14 1.62019
7 13 0 2 4 9 10 11 1.41421
7 13 0 2 4 9 10 12 1.41421
7 13 0 2 4 9 10 14 1.41421
7 13 0 2 4 9 11 12 1.62019
7 13 0 2 4 9 11 14 1.62019
7 13 0 2 4 9 12 14 1.41421
7 13 0 2 4 10 11 12 1
7 13 0 2 4 10 11 14 1.41421
7 13 0 2 4 10 12 14 1.62019
7 13 0 2 4 11 12 14 1.41421
7 13 0 2 5 6 8 9 1.41421
7 13 0 2 5 6 8 10 1
7 13 0 2 5 6 8 11 1.41421
7 13 0 2 5 6 8 12 1.41421
7 13 0 2 5 6 8 14 1
7 13 0 2 5 6 9 10 1.41421
7 13 0 2 5 6 9 11 1.90693
7 13 0 2 5 6 9 12 1.85164
7 13 0 2 5 6 9 14 1.73205
7 13 0 2 5 6 10 11 1.41421
7 13 0 2 5 6 10 12 1
7 13 0 2 5 6 10 14 1.41421
7 13 0 2 5 6 11 12 1.85164
7 13 0 2 5 6 11 14 1.73205
7 13 0 2 5 6 12 14 1.62019
7 13 0 2 5 8 9 10 1.41421
7 13 0 2 5 8 9 11 1.41421
7 13 0 2 5 8 9 12 1.41421
7 13 0 2 5 8 9 14 1.41421
7 13 0 2 5 8 10 11 1
7 13 0 2 5 8 10 12 1.62019
7 13 0 2 5 8 10 14 1.62019
7 13 0 2 5 8 11 12 1.41421
7 13 0 2 5 8 11 14 1
7 13 0 2 5 8 12 14 1.62019
7 13 0 2 5 9 10 11 1.41421
7 13 0 2 5 9 10 12 1.41421
7 13 0 2 5 9 10 14 1.41421
7 13 0 2 5 9 11 12 1.85164
7 13 0 2 5 9 11 14 1.73205
7 13 0 2 5 9 12 14 1.62019
7 13 0 2 5 10 11 12 1
7 13 0 2 5 10 11 14 1.41421
7 13 0 2 5 10 12 14 1.62019
7 13 0 2 5 11 12 14 1.62019
7 13 0 2 6 8 9 10 1
7 13 0 2 6 8 9 11 1.62019
7 13 0 2 6 8 9 12 1.62019
7 13 0 2 6 8 9 14 1.41421
7 13 0 2 6 8 10 11 1
7 13 0 2 6 8 10 12 1
7 13 0 2 6 8 10 14 1
7 13 0 2 6 8 11 12 1.62019
7 13 0 2 6 8 11 14 1.41421
7 13 0 2 6 8 12 14 1.41421
7 13 0 2 6 9 10 11 1.41421
7 13 0 2 6 9 10 12 1
7 13 0 2 6 9 10 14 1.41421
7 13 0 2 6 9 11 12 1.93309
7 13 0 2 6 9 11 14 1.81265
7 13 0 2 6 9 12 14 1.73205
7 13 0 2 6 10 11 12 1
7 13 0 2 6 10 11 14 1.41421
7 13 0 2 6 10 12 14 1
7 13 0 2 6 11 12 14 1.73205
7 13 0 2 8 9 10 11 1
7 13 0 2 8 9 10 12 1.41421
7 13 0 2 8 9 10 14 1.41421
7 13 0 2 8 9 11 12 1.62019
7 13 0 2 8 9 11 14 1.41421
7 13 0 2 8 9 12 14 1.41421
7 13 0 2 8 10 11 12 1
7 13 0 2 8 10 11 14 1
7 13 0 2 8 10 12 14 1.62019
7 13 0 2 8 11 12 14 1.41421
7 13 0 2 9 10 11 12 1
7 13 0 2 9 10 11 14 1.41421
7 13 0 2 9 10 12 14 1.41421
7 13 0 2 9 11 12 14 1.73205
7 13 0 2 10 11 12 14 1
7 13 0 3 4 5 6 8 1.41421
7 13 0 3 4 5 6 9 1.90693
7 13 0 3 4 5 6 10 1.73205
7 13 0 3 4 5 6 11 1.90693
7 13 0 3 4 5 6 12 1.73205
7 13 0 3 4 5 6 14 1.85164
7 13 0 3 4 5 8 9 1.41421
7 13 0 3 4 5 8 10 1.41421
7 13 0 3 4 5 8 11 1.41421
7 13 0 3 4 5 8 12 1.41421
7 13 0 3 4 5 8 14 1.41421
7 13 0 3 4 5 9 10 1.73205
7 13 0 3 4 5 9 11 1.90693
7 13 0 3 4 5 9 12 1.73205
7 13 0 3 4 5 9 14 1.85164
7 13 0 3 4 5 10 11 1.73205
7 13 0 3 4 5 10 12 1.41421
7 13 0 3 4 5 10 14 1.73205
7 13 0 3 4 5 11 12 1.73205
7 13 0 3 4 5 11 14 1.85164
7 13 0 3 4 5 12 14 1.62019
7 13 0 3 4 6 8 9 1.62019
7 13 0 3 4 6 8 10 1.62019
7 13 0 3 4 6 8 11 1.62019
7 13 0 3 4 6 8 12 1.41421
7 13 0 3 4 6 8 14 1.62019
7 13 0 3 4 6 9 10 1.85164
7 13 0 3 4 6 9 11 2
7 13 0 3 4 6 9 12 1.81265
7 13 0 3 4 6 9 14 1.93309
7 13 0 3 4 6 10 11 1.85164
7 13 0 3 4 6 10 12 1.62019
7 13 0 3 4 6 10 14 1.85164
7 13 0 3 4 6 11 12 1.81265
7 13 0 3 4 6 11 14 1.93309
7 13 0 3 4 6 12 14 1.73205
7 13 0 3 4 8 9 10 1.62019
7 13 0 3 4 8 9 11 1.62019
7 13 0 3 4 8 9 12 1.41421
7 13 0 3 4 8 9 14 1.62019
7 13 0 3 4 8 10 11 1.62019
7 13 0 3 4 8 10 12 1.41421
7 13 0 3 4 8 10 14 1.62019
7 13 0 3 4 8 11 12 1.41421
7 13 0 3 4 8 11 14 1.62019
7 13 0 3 4 8 12 14 1.41421
7 13 0 3 4 9 10 11 1.85164
7 13 0 3 4 9 10 12 1.62019
7 13 0 3 4 9 10 14 1.85164
7 13 0 3 4 9 11 12 1.81265
7 13 0 3 4 9 11 14 1.93309
7 13 0 3 4 9 12 14 1.73205
7 13 0 3 4 10 11 12 1.62019
7 13 0 3 4 10 11 14 1.85164
7 13 0 3 4 10 12 14 1.62019
7 13 0 3 4 11 12 14 1.73205
7 13 0 3 5 6 8 9 1.41421
7 13 0 3 5 6 8 10 1.41421
7 13 0 3 5 6 8 11 1.41421
7 13 0 3 5 6 8 12 1.41421
7 13 0 3 5 6 8 14 1.41421
7 13 0 3 5 6 9 10 1.73205
7 13 0 3 5 6 9 11 2
7 13 0 3 5 6 9 12 1.90693
7 13 0 3 5 6 9 14 1.90693
7 13 0 3 5 6 10 11 1.73205
7 13 0 3 5 6 10 12 1.41421
7 13 0 3 5 6 10 14 1.73205
7 13 0 3 5 6 11 12 1.90693
7 13 0 3 5 6 11 14 1.90693
7 13 0 3 5 6 12 14 1.73205
7 13 0 3 5 8 9 10 1.41421
7 13 0 3 5 8 9 11 1.41421
7 13 0 3 5 8 9 12 1.41421
7 13 0 3 5 8 9 14 1.41421
7 13 0 3 5 8 10 11 1.41421
7 13 0 3 5 8 10 12 1.41421
7 13 0 3 5 8 10 14 1.41421
7 13 0 3 5 8 11 12 1.41421
7 13 0 3 5 8 11 14 1.41421
7 13 0 3 5 8 12 14 1.41421
7 13 0 3 5 9 10 11 1.73205
7 13 0 3 5 9 10 12 1.41421
7 13 0 3 5 9 10 14 1.73205
7 13 0 3 5 9 11 12 1.90693
7 13 0 3 5 9 11 14 1.90693
7 13 0 3 5 9 12 14 1.73205
7 13 0 3 5 10 11 12 1.41421
7 13 0 3 5 10 11 14 1.73205
7 13 0 3 5 10 12 14 1.41421
7 13 0 3 5 11 12 14 1.73205
7 13 0 3 6 8 9 10 1.73205
7 13 0 3 6 8 9 11 2
7 13 0 3 6 8 9 12 1.81265
7 13 0 3 6 8 9 14 1.81265
7 13 0 3 6 8 10 11 1.73205
7 13 0 3 6 8 10 12 1.62019
7 13 0 3 6 8 10 14 1.73205
7 13 0 3 6 8 11 12 1.81265
7 13 0 3 6 8 11 14 1.81265
7 13 0 3 6 8 12 14 1.73205
7 13 0 3 6 9 10 11 1.90693
7 13 0 3 6 9 10 12 1.73205
7 13 0 3 6 9 10 14 1.90693
7 13 0 3 6 9 11 12 2.10639
7 13 0 3 6 9 11 14 2.10639
7 13 0 3 6 9 12 14 2
7 13 0 3 6 10 11 12 1.73205
7 13 0 3 6 10 11 14 1.90693
7 13 0 3 6 10 12 14 1.73205
7 13 0 3 6 11 12 14 2
7 13 0 3 8 9 10 11 1.73205
7 13 0 3 8 9 10 12 1.62019
7 13 0 3 8 9 10 14 1.73205
7 13 0 3 8 9 11 12 1.81265
7 13 0 3 8 9 11 14 1.81265
7 13 0 3 8 9 12 14 1.73205
7 13 0 3 8 10 11 12 1.62019
7 13 0 3 8 10 11 14 1.73205
7 13 0 3 8 10 12 14 1.62019
7 13 0 3 8 11 12 14 1.73205
7 13 0 3 9 10 11 12 1.73205
7 13 0 3 9 10 11 14 1.90693
7 13 0 3 9 10 12 14 1.73205
7 13 0 3 9 11 12 14 2
7 13 0 3 10 11 12 14 1.73205
7 13 0 4 5 6 8 9 1.73205
7 13 0 4 5 6 8 10 1.73205
7 13 0 4 5 6 8 11 1.62019
7 13 0 4 5 6 8 12 1.62019
7 13 0 4 5 6 8 14 1.73205
7 13 0 4 5 6 9 10 1.90693
7 13 0 4 5 6 9 11 2
7 13 0 4 5 6 9 12 2
7 13 0 4 5 6 9 14 2
7 13 0 4 5 6 10 11 1.85164
7 13 0 4 5 6 10 12 1.73205
7 13 0 4 5 6 10 14 1.90693
7 13 0 4 5 6 11 12 1.81265
7 13 0 4 5 6 11 14 1.93309
7 13 0 4 5 6 12 14 1.81265
7 13 0 4 5 8 9 10 1.81265
7 13 0 4 5 8 9 11 1.62019
7 13 0 4 5 8 9 12 1.73205
7 13 0 4 5 8 9 14 1.81265
7 13 0 4 5 8 10 11 1.62019
7 13 0 4 5 8 10 12 1.81265
7 13 0 4 5 8 10 14 2
7 13 0 4 5 8 11 12 1.41421
7 13 0 4 5 8 11 14 1.62019
7 13 0 4 5 8 12 14 1.81265
7 13 0 4 5 9 10 11 1.85164
7 13 0 4 5 9 10 12 1.81265
7 13 0 4 5 9 10 14 1.93309
7 13 0 4 5 9 11 12 1.81265
7 13 0 4 5 9 11 14 1.93309
7 13 0 4 5 9 12 14 2
7 13 0 4 5 10 11 12 1.62019
7 13 0 4 5 10 11 14 1.85164
7 13 0 4 5 10 12 14 2
7 13 0 4 5 11 12 14 1.73205
7 13 0 4 6 8 9 10 1.93309
7 13 0 4 6 8 9 11 1.85164
7 13 0 4 6 8 9 12 1.85164
7 13 0 4 6 8 9 14 1.93309
7 13 0 4 6 8 10 11 1.85164
7 13 0 4 6 8 10 12 1.85164
7 13 0 4 6 8 10 14 1.93309
7 13 0 4 6 8 11 12 1.73205
7 13 0 4 6 8 11 14 1.85164
7 13 0 4 6 8 12 14 1.85164
7 13 0 4 6 9 10 11 2.00294
7 13 0 4 6 9 10 12 1.93309
7 13 0 4 6 9 10 14 2.04939
7 13 0 4 6 9 11 12 1.93309
7 13 0 4 6 9 11 14 2.04939
7 13 0 4 6 9 12 14 2
7 13 0 4 6 10 11 12 1.85164
7 13 0 4 6 10 11 14 2.00294
7 13 0 4 6 10 12 14 1.93309
7 13 0 4 6 11 12 14 1.90693
7 13 0 4 8 9 10 11 1.85164
7 13 0 4 8 9 10 12 1.90693
7 13 0 4 8 9 10 14 2
7 13 0 4 8 9 11 12 1.73205
7 13 0 4 8 9 11 14 1.85164
7 13 0 4 8 9 12 14 1.90693
7 13 0 4 8 10 11 12 1.73205
7 13 0 4 8 10 11 14 1.85164
7 13 0 4 8 10 12 14 1.93309
7 13 0 4 8 11 12 14 1.73205
7 13 0 4 9 10 11 12 1.85164
7 13 0 4 9 10 11 14 2.00294
7 13 0 4 9 10 12 14 2
7 13 0 4 9 11 12 14 1.90693
7 13 0 4 10 11 12 14 1.85164
7 13 0 5 6 8 9 10 1.73205
7 13 0 5 6 8 9 11 1.62019
7 13 0 5 6 8 9 12 1.62019
7 13 0 5 6 8 9 14 1.73205
7 13 0 5 6 8 10 11 1.62019
7 13 0 5 6 8 10 12 1.62019
7 13 0 5 6 8 10 14 1.73205
7 13 0 5 6 8 11 12 1.41421
7 13 0 5 6 8 11 14 1.62019
7 13 0 5 6 8 12 14 1.62019
7 13 0 5 6 9 10 11 1.85164
7 13 0 5 6 9 10 12 1.73205
7 13 0 5 6 9 10 14 1.90693
7 13 0 5 6 9 11 12 1.93309
7 13 0 5 6 9 11 14 2
7 13 0 5 6 9 12 14 2
7 13 0 5 6 10 11 12 1.62019
7 13 0 5 6 10 11 14 1.85164
7 13 0 5 6 10 12 14 1.73205
7 13 0 5 6 11 12 14 1.81265
7 13 0 5 8 9 10 11 1.62019
7 13 0 5 8 9 10 12 1.73205
7 13 0 5 8 9 10 14 1.81265
7 13 0 5 8 9 11 12 1.41421
7 13 0 5 8 9 11 14 1.62019
7 13 0 5 8 9 12 14 1.73205
7 13 0 5 8 10 11 12 1.41421
7 13 0 5 8 10 11 14 1.62019
7 13 0 5 8 10 12 14 1.81265
7 13 0 5 8 11 12 14 1.41421
7 13 0 5 9 10 11 12 1.62019
7 13 0 5 9 10 11 14 1.85164
7 13 0 5 9 10 12 14 1.81265
7 13 0 5 9 11 12 14 1.81265
7 13 0 5 10 11 12 14 1.62019
7 13 0 6 8 9 10 11 1.93309
7 13 0 6 8 9 10 12 1.93309
7 13 0 6 8 9 10 14 2
7 13 0 6 8 9 11 12 1.93309
7 13 0 6 8 9 11 14 2
7 13 0 6 8 9 12 14 2
7 13 0 6 8 10 11 12 1.85164
7 13 0 6 8 10 11 14 1.93309
7 13 0 6 8 10 12 14 1.93309
7 13 0 6 8 11 12 14 1.90693
7 13 0 6 9 10 11 12 1.93309
7 13 0 6 9 10 11 14 2.04939
7 13 0 6 9 10 12 14 2
7 13 0 6 9 11 12 14 2.10639
7 13 0 6 10 11 12 14 1.93309
7 13 0 8 9 10 11 12 1.85164
7 13 0 8 9 10 11 14 1.93309
7 13 0 8 9 10 12 14 2
7 13 0 8 9 11 12 14 1.90693
7 13 0 8 10 11 12 14 1.85164
7 13 0 9 10 11 12 14 1.93309
7 13 1 2 3 4 5 6 1.41421
7 13 1 2 3 4 5 8 1.41421
7 13 1 2 3 4 5 9 1.41421
7 13 1 2 3 4 5 10 1.41421
7 13 1 2 3 4 5 11 1.41421
7 13 1 2 3 4 5 12 1.41421
7 13 1 2 3 4 5 14 1.41421
7 13 1 2 3 4 6 8 1
7 13 1 2 3 4 6 9 1.41421
7 13 1 2 3 4 6 10 0
7 13 1 2 3 4 6 11 1.41421
7 13 1 2 3 4 6 12 1.41421
7 13 1 2 3 4 6 14 1
7 13 1 2 3 4 8 9 1
7 13 1 2 3 4 8 10 1.41421
7 13 1 2 3 4 8 11 1
7 13 1 2 3 4 8 12 1.41421
7 13 1 2 3 4 8 14 1.41421
7 13 1 2 3 4 9 10 1
7 13 1 2 3 4 9 11 1.41421
7 13 1 2 3 4 9 12 1.41421
7 13 1 2 3 4 9 14 1
7 13 1 2 3 4 10 11 1
7 13 1 2 3 4 10 12 1.41421
7 13 1 2 3 4 10 14 1.41421
7 13 1 2 3 4 11 12 1.41421
7 13 1 2 3 4 11 14 1
7 13 1 2 3 4 12 14 1.41421
7 13 1 2 3 5 6 8 1.41421
7 13 1 2 3 5 6 9 1.73205
7 13 1 2 3 5 6 10 0
7 13 1 2 3 5 6 11 1.73205
7 13 1 2 3 5 6 12 1.73205
7 13 1 2 3 5 6 14 1.41421
7 13 1 2 3 5 8 9 1.41421
7 13 1 2 3 5 8 10 1.41421
7 13 1 2 3 5 8 11 1.41421
7 13 1 2 3 5 8 12 1.41421
7 13 1 2 3 5 8 14 1.41421
7 13 1 2 3 5 9 10 1
7 13 1 2 3 5 9 11 1.73205
7 13 1 2 3 5 9 12 1.73205
7 13 1 2 3 5 9 14 1.41421
7 13 1 2 3 5 10 11 1
7 13 1 2 3 5 10 12 1.41421
7 13 1 2 3 5 10 14 1.41421
7 13 1 2 3 5 11 12 1.73205
7 13 1 2 3 5 11 14 1.41421
7 13 1 2 3 5 12 14 1.41421
7 13 1 2 3 6 8 9 1.62019
7 13 1 2 3 6 8 10 1
7 13 1 2 3 6 8 11 1.62019
7 13 1 2 3 6 8 12 1.62019
7 13 1 2 3 6 8 14 1.41421
7 13 1 2 3 6 9 10 1
7 13 1 2 3 6 9 11 1.85164
7 13 1 2 3 6 9 12 1.85164
7 13 1 2 3 6 9 14 1.62019
7 13 1 2 3 6 10 11 1
7 13 1 2 3 6 10 12 1
7 13 1 2 3 6 10 14 1
7 13 1 2 3 6 11 12 1.85164
7 13 1 2 3 6 11 14 1.62019
7 13 1 2 3 6 12 14 1.62019
7 13 1 2 3 8 9 10 1
7 13 1 2 3 8 9 11 1.62019
7 13 1 2 3 8 9 12 1.62019
7 13 1 2 3 8 9 14 1.41421
7 13 1 2 3 8 10 11 1
7 13 1 2 3 8 10 12 1.41421
7 13 1 2 3 8 10 14 1.41421
7 13 1 2 3 8 11 12 1.62019
7 13 1 2 3 8 11 14 1.41421
7 13 1 2 3 8 12 14 1.41421
7 13 1 2 3 9 10 11 1
7 13 1 2 3 9 10 12 1
7 13 1 2 3 9 10 14 1
7 13 1 2 3 9 11 12 1.85164
7 13 1 2 3 9 11 14 1.62019
7 13 1 2 3 9 12 14 1.62019
7 13 1 2 3 10 11 12 1
7 13 1 2 3 10 11 14 1
7 13 1 2 3 10 12 14 1.41421
7 13 1 2 3 11 12 14 1.62019
7 13 1 2 4 5 6 8 1
7 13 1 2 4 5 6 9 1.41421
7 13 1 2 4 5 6 10 1
7 13 1 2 4 5 6 11 1.41421
7 13 1 2 4 5 6 12 1.41421
7 13 1 2 4 5 6 14 1
7 13 1 2 4 5 8 9 1.41421
7 13 1 2 4 5 8 10 1.62019
7 13 1 2 4 5 8 11 1
7 13 1 2 4 5 8 12 1.62019
7 13 1 2 4 5 8 14 1.62019
7 13 1 2 4 5 9 10 1.41421
7 13 1 2 4 5 9 11 1.41421
7 13 1 2 4 5 9 12 1.41421
7 13 1 2 4 5 9 14 1.41421
7 13 1 2 4 5 10 11 1
7 13 1 2 4 5 10 12 1.62019
7 13 1 2 4 5 10 14 1.62019
7 13 1 2 4 5 11 12 1.41421
7 13 1 2 4 5 11 14 1
7 13 1 2 4 5 12 14 1.62019
7 13 1 2 4 6 8 9 1
7 13 1 2 4 6 8 10 1
7 13 1 2 4 6 8 11 1
7 13 1 2 4 6 8 12 1
7 13 1 2 4 6 8 14 1
7 13 1 2 4 6 9 10 1
7 13 1 2 4 6 9 11 1.41421
7 13 1 2 4 6 9 12 1.41421
7 13 1 2 4 6 9 14 1
7 13 1 2 4 6 10 11 0
7 13 1 2 4 6 10 12 1
7 13 1 2 4 6 10 14 1
7 13 1 2 4 6 11 12 1.41421
7 13 1 2 4 6 11 14 1
7 13 1 2 4 6 12 14 1
7 13 1 2 4 8 9 10 1.41421
7 13 1 2 4 8 9 11 1
7 13 1 2 4 8 9 12 1.41421
7 13 1 2 4 8 9 14 1.41421
7 13 1 2 4 8 10 11 1
7 13 1 2 4 8 10 12 1.62019
7 13 1 2 4 8 10 14 1.62019
7 13 1 2 4 8 11 12 1
7 13 1 2 4 8 11 14 1
7 13 1 2 4 8 12 14 1.62019
7 13 1 2 4 9 10 11 0
7 13 1 2 4 9 10 12 1.41421
7 13 1 2 4 9 10 14 1.41421
7 13 1 2 4 9 11 12 1.41421
7 13 1 2 4 9 11 14 1
7 13 1 2 4 9 12 14 1.41421
7 13 1 2 4 10 11 12 1
7 13 1 2 4 10 11 14 1
7 13 1 2 4 10 12 14 1.62019
7 13 1 2 4 11 12 14 1
7 13 1 2 5 6 8 9 1.41421
7 13 1 2 5 6 8 10 1
7 13 1 2 5 6 8 11 1.41421
7 13 1 2 5 6 8 12 1.41421
7 13 1 2 5 6 8 14 1
7 13 1 2 5 6 9 10 1
7 13 1 2 5 6 9 11 1.73205
7 13 1 2 5 6 9 12 1.73205
7 13 1 2 5 6 9 14 1.41421
7 13 1 2 5 6 10 11 0
7 13 1 2 5 6 10 12 1
7 13 1 2 5 6 10 14 1
7 13 1 2 5 6 11 12 1.73205
7 13 1 2 5 6 11 14 1.41421
7 13 1 2 5 6 12 14 1.41421
7 13 1 2 5 8 9 10 1.41421
7 13 1 2 5 8 9 11 1.41421
7 13 1 2 5 8 9 12 1.41421
7 13 1 2 5 8 9 14 1.41421
7 13 1 2 5 8 10 11 1
7 13 1 2 5 8 10 12 1.62019
7 13 1 2 5 8 10 14 1.62019
7 13 1 2 5 8 11 12 1.41421
7 13 1 2 5 8 11 14 1
7 13 1 2 5 8 12 14 1.62019
7 13 1 2 5 9 10 11 0
7 13 1 2 5 9 10 12 1.41421
7 13 1 2 5 9 10 14 1.41421
7 13 1 2 5 9 11 12 1.73205
7 13 1 2 5 9 11 14 1.41421
7 13 1 2 5 9 12 14 1.41421
7 13 1 2 5 10 11 12 1
7 13 1 2 5 10 11 14 1
7 13 1 2 5 10 12 14 1.62019
7 13 1 2 5 11 12 14 1.41421
7 13 1 2 6 8 9 10 1
7 13 1 2 6 8 9 11 1.62019
7 13 1 2 6 8 9 12 1.62019
7 13 1 2 6 8 9 14 1.41421
7 13 1 2 6 8 10 11 1
7 13 1 2 6 8 10 12 1
7 13 1 2 6 8 10 14 1
7 13 1 2 6 8 11 12 1.62019
7 13 1 2 6 8 11 14 1.41421
7 13 1 2 6 8 12 14 1.41421
7 13 1 2 6 9 10 11 1
7 13 1 2 6 9 10 12 1
7 13 1 2 6 9 10 14 1
7 13 1 2 6 9 11 12 1.85164
7 13 1 2 6 9 11 14 1.62019
7 13 1 2 6 9 12 14 1.62019
7 13 1 2 6 10 11 12 1
7 13 1 2 6 10 11 14 1
7 13 1 2 6 10 12 14 1
7 13 1 2 6 11 12 14 1.62019
7 13 1 2 8 9 10 11 1
7 13 1 2 8 9 10 12 1.41421
7 13 1 2 8 9 10 14 1.41421
7 13 1 2 8 9 11 12 1.62019
7 13 1 2 8 9 11 14 1.41421
7 13 1 2 8 9 12 14 1.41421
7 13 1 2 8 10 11 12 1
7 13 1 2 8 10 11 14 1
7 13 1 2 8 10 12 14 1.62019
7 13 1 2 8 11 12 14 1.41421
7 13 1 2 9 10 11 12 1
7 13 1 2 9 10 11 14 1
7 13 1 2 9 10 12 14 1.41421
7 13 1 2 9 11 12 14 1.62019
7 13 1 2 10 11 12 14 1
7 13 1 3 4 5 6 8 1
7 13 1 3 4 5 6 9 1.41421
7 13 1 3 4 5 6 10 0
7 13 1 3 4 5 6 11 1.41421
7 13 1 3 4 5 6 12 1.41421
7 13 1 3 4 5 6 14 1
7 13 1 3 4 5 8 9 1
7 13 1 3 4 5 8 10 1.41421
7 13 1 3 4 5 8 11 1
7 13 1 3 4 5 8 12 1.41421
7 13 1 3 4 5 8 14 1.41421
7 13 1 3 4 5 9 10 1
7 13 1 3 4 5 9 11 1.41421
7 13 1 3 4 5 9 12 1.41421
7 13 1 3 4 5 9 14 1
7 13 1 3 4 5 10 11 1
7 13 1 3 4 5 10 12 1.41421
7 13 1 3 4 5 10 14 1.41421
7 13 1 3 4 5 11 12 1.41421
7 13 1 3 4 5 11 14 1
7 13 1 3 4 5 12 14 1.41421
7 13 1 3 4 6 8 9 1
7 13 1 3 4 6 8 10 1
7 13 1 3 4 6 8 11 1
7 13 1 3 4 6 8 12 1
7 13 1 3 4 6 8 14 1
7 13 1 3 4 6 9 10 1
7 13 1 3 4 6 9 11 1.41421
7 13 1 3 4 6 9 12 1.41421
7 13 1 3 4 6 9 14 1
7 13 1 3 4 6 10 11 1
7 13 1 3 4 6 10 12 1
7 13 1 3 4 6 10 14 1
7 13 1 3 4 6 11 12 1.41421
7 13 1 3 4 6 11 14 1
7 13 1 3 4 6 12 14 1
7 13 1 3 4 8 9 10 1
7 13 1 3 4 8 9 11 1
7 13 1 3 4 8 9 12 1
7 13 1 3 4 8 9 14 1
7 13 1 3 4 8 10 11 1
7 13 1 3 4 8 10 12 1.41421
7 13 1 3 4 8 10 14 1.41421
7 13 1 3 4 8 11 12 1
7 13 1 3 4 8 11 14 1
7 13 1 3 4 8 12 14 1.41421
7 13 1 3 4 9 10 11 1
7 13 1 3 4 9 10 12 1
7 13 1 3 4 9 10 14 1
7 13 1 3 4 9 11 12 1.41421
7 13 1 3 4 9 11 14 1
7 13 1 3 4 9 12 14 1
7 13 1 3 4 10 11 12 1
7 13 1 3 4 10 11 14 1
7 13 1 3 4 10 12 14 1.41421
7 13 1 3 4 11 12 14 1
7 13 1 3 5 6 8 9 1.41421
7 13 1 3 5 6 8 10 0
7 13 1 3 5 6 8 11 1.41421
7 13 1 3 5 6 8 12 1.41421
7 13 1 3 5 6 8 14 1
7 13 1 3 5 6 9 10 0
7 13 1 3 5 6 9 11 1.73205
7 13 1 3 5 6 9 12 1.73205
7 13 1 3 5 6 9 14 1.41421
7 13 1 3 5 6 10 11 0
7 13 1 3 5 6 10 12 0
7 13 1 3 5 6 10 14 0
7 13 1 3 5 6 11 12 1.73205
7 13 1 3 5 6 11 14 1.41421
7 13 1 3 5 6 12 14 1.41421
7 13 1 3 5 8 9 10 1
7 13 1 3 5 8 9 11 1.41421
7 13 1 3 5 8 9 12 1.41421
7 13 1 3 5 8 9 14 1
7 13 1 3 5 8 10 11 1
7 13 1 3 5 8 10 12 1.41421
7 13 1 3 5 8 10 14 1.41421
7 13 1 3 5 8 11 12 1.41421
7 13 1 3 5 8 11 14 1
7 13 1 3 5 8 12 14 1.41421
7 13 1 3 5 9 10 11 0
7 13 1 3 5 9 10 12 1
7 13 1 3 5 9 10 14 1
7 13 1 3 5 9 11 12 1.73205
7 13 1 3 5 9 11 14 1.41421
7 13 1 3 5 9 12 14 1.41421
7 13 1 3 5 10 11 12 1
7 13 1 3 5 10 11 14 1
7 13 1 3 5 10 12 14 1.41421
7 13 1 3 5 11 12 14 1.41421
7 13 1 3 6 8 9 10 1.41421
7 13 1 3 6 8 9 11 1.73205
7 13 1 3 6 8 9 12 1.73205
7 13 1 3 6 8 9 14 1.62019
7 13 1 3 6 8 10 11 1.41421
7 13 1 3 6 8 10 12 1.41421
7 13 1 3 6 8 10 14 1.41421
7 13 1 3 6 8 11 12 1.73205
7 13 1 3 6 8 11 14 1.62019
7 13 1 3 6 8 12 14 1.62019
7 13 1 3 6 9 10 11 1.41421
7 13 1 3 6 9 10 12 1.41421
7 13 1 3 6 9 10 14 1.41421
7 13 1 3 6 9 11 12 1.90693
7 13 1 3 6 9 11 14 1.73205
7 13 1 3 6 9 12 14 1.73205
7 13 1 3 6 10 11 12 1.41421
7 13 1 3 6 10 11 14 1.41421
7 13 1 3 6 10 12 14 1.41421
7 13 1 3 6 11 12 14 1.73205
7 13 1 3 8 9 10 11 1.41421
7 13 1 3 8 9 10 12 1.41421
7 13 1 3 8 9 10 14 1.41421
7 13 1 3 8 9 11 12 1.73205
7 13 1 3 8 9 11 14 1.62019
7 13 1 3 8 9 12 14 1.62019
7 13 1 3 8 10 11 12 1.41421
7 13 1 3 8 10 11 14 1.41421
7 13 1 3 8 10 12 14 1.41421
7 13 1 3 8 11 12 14 1.62019
7 13 1 3 9 10 11 12 1.41421
7 13 1 3 9 10 11 14 1.41421
7 13 1 3 9 10 12 14 1.41421
7 13 1 3 9 11 12 14 1.73205
7 13 1 3 10 11 12 14 1.41421
7 13 1 4 5 6 8 9 1.41421
7 13 1 4 5 6 8 10 1.41421
7 13 1 4 5 6 8 11 1
7 13 1 4 5 6 8 12 1.41421
7 13 1 4 5 6 8 14 1.41421
7 13 1 4 5 6 9 10 1.41421
7 13 1 4 5 6 9 11 1.41421
7 13 1 4 5 6 9 12 1.41421
7 13 1 4 5 6 9 14 1.41421
7 13 1 4 5 6 10 11 1
7 13 1 4 5 6 10 12 1.41421
7 13 1 4 5 6 10 14 1.41421
7 13 1 4 5 6 11 12 1.41421
7 13 1 4 5 6 11 14 1
7 13 1 4 5 6 12 14 1.41421
7 13 1 4 5 8 9 10 1.62019
7 13 1 4 5 8 9 11 1
7 13 1 4 5 8 9 12 1.62019
7 13 1 4 5 8 9 14 1.62019
7 13 1 4 5 8 10 11 1
7 13 1 4 5 8 10 12 1.73205
7 13 1 4 5 8 10 14 1.73205
7 13 1 4 5 8 11 12 1
7 13 1 4 5 8 11 14 1
7 13 1 4 5 8 12 14 1.73205
7 13 1 4 5 9 10 11 1
7 13 1 4 5 9 10 12 1.62019
7 13 1 4 5 9 10 14 1.62019
7 13 1 4 5 9 11 12 1.41421
7 13 1 4 5 9 11 14 1
7 13 1 4 5 9 12 14 1.62019
7 13 1 4 5 10 11 12 1
7 13 1 4 5 10 11 14 1
7 13 1 4 5 10 12 14 1.73205
7 13 1 4 5 11 12 14 1
7 13 1 4 6 8 9 10 1.62019
7 13 1 4 6 8 9 11 1.41421
7 13 1 4 6 8 9 12 1.62019
7 13 1 4 6 8 9 14 1.62019
7 13 1 4 6 8 10 11 1.41421
7 13 1 4 6 8 10 12 1.62019
7 13 1 4 6 8 10 14 1.62019
7 13 1 4 6 8 11 12 1.41421
7 13 1 4 6 8 11 14 1.41421
7 13 1 4 6 8 12 14 1.62019
7 13 1 4 6 9 10 11 1.41421
7 13 1 4 6 9 10 12 1.62019
7 13 1 4 6 9 10 14 1.62019
7 13 1 4 6 9 11 12 1.41421
7 13 1 4 6 9 11 14 1.41421
7 13 1 4 6 9 12 14 1.62019
7 13 1 4 6 10 11 12 1.41421
7 13 1 4 6 10 11 14 1.41421
7 13 1 4 6 10 12 14 1.62019
7 13 1 4 6 11 12 14 1.41421
7 13 1 4 8 9 10 11 1.41421
7 13 1 4 8 9 10 12 1.73205
7 13 1 4 8 9 10 14 1.73205
7 13 1 4 8 9 11 12 1.41421
7 13 1 4 8 9 11 14 1.41421
7 13 1 4 8 9 12 14 1.73205
7 13 1 4 8 10 11 12 1.41421
7 13 1 4 8 10 11 14 1.41421
7 13 1 4 8 10 12 14 1.81265
7 13 1 4 8 11 12 14 1.41421
7 13 1 4 9 10 11 12 1.41421
7 13 1 4 9 10 11 14 1.41421
7 13 1 4 9 10 12 14 1.73205
7 13 1 4 9 11 12 14 1.41421
7 13 1 4 10 11 12 14 1.41421
7 13 1 5 6 8 9 10 1.41421
7 13 1 5 6 8 9 11 1.41421
7 13 1 5 6 8 9 12 1.41421
7 13 1 5 6 8 9 14 1.41421
7 13 1 5 6 8 10 11 1
7 13 1 5 6 8 10 12 1.41421
7 13 1 5 6 8 10 14 1.41421
7 13 1 5 6 8 11 12 1.41421
7 13 1 5 6 8 11 14 1
7 13 1 5 6 8 12 14 1.41421
7 13 1 5 6 9 10 11 1
7 13 1 5 6 9 10 12 1.41421
7 13 1 5 6 9 10 14 1.41421
7 13 1 5 6 9 11 12 1.73205
7 13 1 5 6 9 11 14 1.41421
7 13 1 5 6 9 12 14 1.41421
7 13 1 5 6 10 11 12 1
7 13 1 5 6 10 11 14 1
7 13 1 5 6 10 12 14 1.41421
7 13 1 5 6 11 12 14 1.41421
7 13 1 5 8 9 10 11 1
7 13 1 5 8 9 10 12 1.62019
7 13 1 5 8 9 10 14 1.62019
7 13 1 5 8 9 11 12 1.41421
7 13 1 5 8 9 11 14 1
7 13 1 5 8 9 12 14 1.62019
7 13 1 5 8 10 11 12 1
7 13 1 5 8 10 11 14 1
7 13 1 5 8 10 12 14 1.73205
7 13 1 5 8 11 12 14 1
7 13 1 5 9 10 11 12 1
7 13 1 5 9 10 11 14 1
7 13 1 5 9 10 12 14 1.62019
7 13 1 5 9 11 12 14 1.41421
7 13 1 5 10 11 12 14 1
7 13 1 6 8 9 10 11 1.62019
7 13 1 6 8 9 10 12 1.73205
7 13 1 6 8 9 10 14 1.73205
7 13 1 6 8 9 11 12 1.81265
7 13 1 6 8 9 11 14 1.73205
7 13 1 6 8 9 12 14 1.81265
7 13 1 6 8 10 11 12 1.62019
7 13 1 6 8 10 11 14 1.62019
7 13 1 6 8 10 12 14 1.73205
7 13 1 6 8 11 12 14 1.73205
7 13 1 6 9 10 11 12 1.62019
7 13 1 6 9 10 11 14 1.62019
7 13 1 6 9 10 12 14 1.73205
7 13 1 6 9 11 12 14 1.81265
7 13 1 6 10 11 12 14 1.62019
7 13 1 8 9 10 11 12 1.62019
7 13 1 8 9 10 11 14 1.62019
7 13 1 8 9 10 12 14 1.81265
7 13 1 8 9 11 12 14 1.73205
7 13 1 8 10 11 12 14 1.62019
7 13 1 9 10 11 12 14 1.62019
7 13 2 3 4 5 6 8 1
7 13 2 3 4 5 6 9 1.73205
7 13 2 3 4 5 6 10 1.41421
7 13 2 3 4 5 6 11 1.73205
7 13 2 3 4 5 6 12 1.62019
7 13 2 3 4 5 6 14 1.62019
7 13 2 3 4 5 8 9 1
7 13 2 3 4 5 8 10 1.41421
7 13 2 3 4 5 8 11 1
7 13 2 3 4 5 8 12 1.41421
7 13 2 3 4 5 8 14 1.41421
7 13 2 3 4 5 9 10 1.41421
7 13 2 3 4 5 9 11 1.73205
7 13 2 3 4 5 9 12 1.62019
7 13 2 3 4 5 9 14 1.62019
7 13 2 3 4 5 10 11 1.41421
7 13 2 3 4 5 10 12 1.41421
7 13 2 3 4 5 10 14 1.41421
7 13 2 3 4 5 11 12 1.62019
7 13 2 3 4 5 11 14 1.62019
7 13 2 3 4 5 12 14 1.41421
7 13 2 3 4 6 8 9 1
7 13 2 3 4 6 8 10 1
7 13 2 3 4 6 8 11 1
7 13 2 3 4 6 8 12 1
7 13 2 3 4 6 8 14 1
7 13 2 3 4 6 9 10 1.41421
7 13 2 3 4 6 9 11 1.73205
7 13 2 3 4 6 9 12 1.62019
7 13 2 3 4 6 9 14 1.62019
7 13 2 3 4 6 10 11 1.41421
7 13 2 3 4 6 10 12 1
7 13 2 3 4 6 10 14 1.41421
7 13 2 3 4 6 11 12 1.62019
7 13 2 3 4 6 11 14 1.62019
7 13 2 3 4 6 12 14 1.41421
7 13 2 3 4 8 9 10 1
7 13 2 3 4 8 9 11 1
7 13 2 3 4 8 9 12 1
7 13 2 3 4 8 9 14 1
7 13 2 3 4 8 10 11 1
7 13 2 3 4 8 10 12 1.41421
7 13 2 3 4 8 10 14 1.41421
7 13 2 3 4 8 11 12 1
7 13 2 3 4 8 11 14 1
7 13 2 3 4 8 12 14 1.41421
7 13 2 3 4 9 10 11 1.41421
7 13 2 3 4 9 10 12 1
7 13 2 3 4 9 10 14 1.41421
7 13 2 3 4 9 11 12 1.62019
7 13 2 3 4 9 11 14 1.62019
7 13 2 3 4 9 12 14 1.41421
7 13 2 3 4 10 11 12 1
7 13 2 3 4 10 11 14 1.41421
7 13 2 3 4 10 12 14 1.41421
7 13 2 3 4 11 12 14 1.41421
7 13 2 3 5 6 8 9 1.41421
7 13 2 3 5 6 8 10 1
7 13 2 3 5 6 8 11 1.41421
7 13 2 3 5 6 8 12 1.41421
7 13 2 3 5 6 8 14 1
7 13 2 3 5 6 9 10 1.41421
7 13 2 3 5 6 9 11 1.90693
7 13 2 3 5 6 9 12 1.85164
7 13 2 3 5 6 9 14 1.73205
7 13 2 3 5 6 10 11 1.41421
7 13 2 3 5 6 10 12 1
7 13 2 3 5 6 10 14 1.41421
7 13 2 3 5 6 11 12 1.85164
7 13 2 3 5 6 11 14 1.73205
7 13 2 3 5 6 12 14 1.62019
7 13 2 3 5 8 9 10 1
7 13 2 3 5 8 9 11 1.41421
7 13 2 3 5 8 9 12 1.41421
7 13 2 3 5 8 9 14 1
7 13 2 3 5 8 10 11 1
7 13 2 3 5 8 10 12 1.41421
7 13 2 3 5 8 10 14 1.41421
7 13 2 3 5 8 11 12 1.41421
7 13 2 3 5 8 11 14 1
7 13 2 3 5 8 12 14 1.41421
7 13 2 3 5 9 10 11 1.41421
7 13 2 3 5 9 10 12 1
7 13 2 3 5 9 10 14 1.41421
7 13 2 3 5 9 11 12 1.85164
7 13 2 3 5 9 11 14 1.73205
7 13 2 3 5 9 12 14 1.62019
7 13 2 3 5 10 11 12 1
7 13 2 3 5 10 11 14 1.41421
7 13 2 3 5 10 12 14 1.41421
7 13 2 3 5 11 12 14 1.62019
7 13 2 3 6 8 9 10 1
7 13 2 3 6 8 9 11 1.62019
7 13 2 3 6 8 9 12 1.62019
7 13 2 3 6 8 9 14 1.41421
7 13 2 3 6 8 10 11 1
7 13 2 3 6 8 10 12 1
7 13 2 3 6 8 10 14 1
7 13 2 3 6 8 11 12 1.62019
7 13 2 3 6 8 11 14 1.41421
7 13 2 3 6 8 12 14 1.41421
7 13 2 3 6 9 10 11 1.41421
7 13 2 3 6 9 10 12 1
7 13 2 3 6 9 10 14 1.41421
7 13 2 3 6 9 11 12 1.93309
7 13 2 3 6 9 11 14 1.81265
7 13 2 3 6 9 12 14 1.73205
7 13 2 3 6 10 11 12 1
7 13 2 3 6 10 11 14 1.41421
7 13 2 3 6 10 12 14 1
7 13 2 3 6 11 12 14 1.73205
7 13 2 3 8 9 10 11 1
7 13 2 3 8 9 10 12 1
7 13 2 3 8 9 10 14 1
7 13 2 3 8 9 11 12 1.62019
7 13 2 3 8 9 11 14 1.41421
7 13 2 3 8 9 12 14 1.41421
7 13 2 3 8 10 11 12 1
7 13 2 3 8 10 11 14 1
7 13 2 3 8 10 12 14 1.41421
7 13 2 3 8 11 12 14 1.41421
7 13 2 3 9 10 11 12 1
7 13 2 3 9 10 11 14 1.41421
7 13 2 3 9 10 12 14 1
7 13 2 3 9 11 12 14 1.73205
7 13 2 3 10 11 12 14 1
7 13 2 4 5 6 8 9 1
7 13 2 4 5 6 8 10 1
7 13 2 4 5 6 8 11 1
7 13 2 4 5 6 8 12 1
7 13 2 4 5 6 8 14 1
7 13 2 4 5 6 9 10 1.41421
7 13 2 4 5 6 9 11 1.73205
7 13 2 4 5 6 9 12 1.62019
7 13 2 4 5 6 9 14 1.62019
7 13 2 4 5 6 10 11 1.41421
7 13 2 4 5 6 10 12 1
7 13 2 4 5 6 10 14 1.41421
7 13 2 4 5 6 11 12 1.62019
7 13 2 4 5 6 11 14 1.62019
7 13 2 4 5 6 12 14 1.41421
7 13 2 4 5 8 9 10 1.41421
7 13 2 4 5 8 9 11 1
7 13 2 4 5 8 9 12 1.41421
7 13 2 4 5 8 9 14 1.41421
7 13 2 4 5 8 10 11 1
7 13 2 4 5 8 10 12 1.62019
7 13 2 4 5 8 10 14 1.62019
7 13 2 4 5 8 11 12 1
7 13 2 4 5 8 11 14 1
7 13 2 4 5 8 12 14 1.62019
7 13 2 4 5 9 10 11 1.41421
7 13 2 4 5 9 10 12 1.41421
7 13 2 4 5 9 10 14 1.41421
7 13 2 4 5 9 11 12 1.62019
7 13 2 4 5 9 11 14 1.62019
7 13 2 4 5 9 12 14 1.41421
7 13 2 4 5 10 11 12 1
7 13 2 4 5 10 11 14 1.41421
7 13 2 4 5 10 12 14 1.62019
7 13 2 4 5 11 12 14 1.41421
7 13 2 4 6 8 9 10 1
7 13 2 4 6 8 9 11 1
7 13 2 4 6 8 9 12 1
7 13 2 4 6 8 9 14 1
7 13 2 4 6 8 10 11 1
7 13 2 4 6 8 10 12 1
7 13 2 4 6 8 10 14 1
7 13 2 4 6 8 11 12 1
7 13 2 4 6 8 11 14 1
7 13 2 4 6 8 12 14 1
7 13 2 4 6 9 10 11 1.41421
7 13 2 4 6 9 10 12 1
7 13 2 4 6 9 10 14 1.41421
7 13 2 4 6 9 11 12 1.62019
7 13 2 4 6 9 11 14 1.62019
7 13 2 4 6 9 12 14 1.41421
7 13 2 4 6 10 11 12 1
7 13 2 4 6 10 11 14 1.41421
7 13 2 4 6 10 12 14 1
7 13 2 4 6 11 12 14 1.41421
7 13 2 4 8 9 10 11 1
7 13 2 4 8 9 10 12 1.41421
7 13 2 4 8 9 10 14 1.41421
7 13 2 4 8 9 11 12 1
7 13 2 4 8 9 11 14 1
7 13 2 4 8 9 12 14 1.41421
7 13 2 4 8 10 11 12 1
7 13 2 4 8 10 11 14 1
7 13 2 4 8 10 12 14 1.62019
7 13 2 4 8 11 12 14 1
7 13 2 4 9 10 11 12 1
7 13 2 4 9 10 11 14 1.41421
7 13 2 4 9 10 12 14 1.41421
7 13 2 4 9 11 12 14 1.41421
7 13 2 4 10 11 12 14 1
7 13 2 5 6 8 9 10 1
7 13 2 5 6 8 9 11 1.41421
7 13 2 5 6 8 9 12 1.41421
7 13 2 5 6 8 9 14 1
7 13 2 5 6 8 10 11 1
7 13 2 5 6 8 10 12 1
7 13 2 5 6 8 10 14 1
7 13 2 5 6 8 11 12 1.41421
7 13 2 5 6 8 11 14 1
7 13 2 5 6 8 12 14 1
7 13 2 5 6 9 10 11 1.41421
7 13 2 5 6 9 10 12 1
7 13 2 5 6 9 10 14 1.41421
7 13 2 5 6 9 11 12 1.85164
7 13 2 5 6 9 11 14 1.73205
7 13 2 5 6 9 12 14 1.62019
7 13 2 5 6 10 11 12 1
7 13 2 5 6 10 11 14 1.41421
7 13 2 5 6 10 12 14 1
7 13 2 5 6 11 12 14 1.62019
7 13 2 5 8 9 10 11 1
7 13 2 5 8 9 10 12 1.41421
7 13 2 5 8 9 10 14 1.41421
7 13 2 5 8 9 11 12 1.41421
7 13 2 5 8 9 11 14 1
7 13 2 5 8 9 12 14 1.41421
7 13 2 5 8 10 11 12 1
7 13 2 5 8 10 11 14 1
7 13 2 5 8 10 12 14 1.62019
7 13 2 5 8 11 12 14 1
7 13 2 5 9 10 11 12 1
7 13 2 5 9 10 11 14 1.41421
7 13 2 5 9 10 12 14 1.41421
7 13 2 5 9 11 12 14 1.62019
7 13 2 5 10 11 12 14 1
7 13 2 6 8 9 10 11 1
7 13 2 6 8 9 10 12 1
7 13 2 6 8 9 10 14 1
7 13 2 6 8 9 11 12 1.62019
7 13 2 6 8 9 11 14 1.41421
7 13 2 6 8 9 12 14 1.41421
7 13 2 6 8 10 11 12 1
7 13 2 6 8 10 11 14 1
7 13 2 6 8 10 12 14 1
7 13 2 6 8 11 12 14 1.41421
7 13 2 6 9 10 11 12 1
7 13 2 6 9 10 11 14 1.41421
7 13 2 6 9 10 12 14 1
7 13 2 6 9 11 12 14 1.73205
7 13 2 6 10 11 12 14 1
7 13 2 8 9 10 11 12 1
7 13 2 8 9 10 11 14 1
7 13 2 8 9 10 12 14 1.41421
7 13 2 8 9 11 12 14 1.41421
7 13 2 8 10 11 12 14 1
7 13 2 9 10 11 12 14 1
7 13 3 4 5 6 8 9 1.41421
7 13 3 4 5 6 8 10 1.41421
7 13 3 4 5 6 8 11 1.41421
7 13 3 4 5 6 8 12 1
7 13 3 4 5 6 8 14 1.41421
7 13 3 4 5 6 9 10 1.73205
7 13 3 4 5 6 9 11 1.90693
7 13 3 4 5 6 9 12 1.73205
7 13 3 4 5 6 9 14 1.85164
7 13 3 4 5 6 10 11 1.73205
7 13 3 4 5 6 10 12 1.41421
7 13 3 4 5 6 10 14 1.73205
7 13 3 4 5 6 11 12 1.73205
7 13 3 4 5 6 11 14 1.85164
7 13 3 4 5 6 12 14 1.62019
7 13 3 4 5 8 9 10 1.41421
7 13 3 4 5 8 9 11 1.41421
7 13 3 4 5 8 9 12 1
7 13 3 4 5 8 9 14 1.41421
7 13 3 4 5 8 10 11 1.41421
7 13 3 4 5 8 10 12 1.41421
7 13 3 4 5 8 10 14 1.41421
7 13 3 4 5 8 11 12 1
7 13 3 4 5 8 11 14 1.41421
7 13 3 4 5 8 12 14 1.41421
7 13 3 4 5 9 10 11 1.73205
7 13 3 4 5 9 10 12 1.41421
7 13 3 4 5 9 10 14 1.73205
7 13 3 4 5 9 11 12 1.73205
7 13 3 4 5 9 11 14 1.85164
7 13 3 4 5 9 12 14 1.62019
7 13 3 4 5 10 11 12 1.41421
7 13 3 4 5 10 11 14 1.73205
7 13 3 4 5 10 12 14 1.41421
7 13 3 4 5 11 12 14 1.62019
7 13 3 4 6 8 9 10 1.62019
7 13 3 4 6 8 9 11 1.62019
7 13 3 4 6 8 9 12 1.41421
7 13 3 4 6 8 9 14 1.62019
7 13 3 4 6 8 10 11 1.62019
7 13 3 4 6 8 10 12 1.41421
7 13 3 4 6 8 10 14 1.62019
7 13 3 4 6 8 11 12 1.41421
7 13 3 4 6 8 11 14 1.62019
7 13 3 4 6 8 12 14 1.41421
7 13 3 4 6 9 10 11 1.85164
7 13 3 4 6 9 10 12 1.62019
7 13 3 4 6 9 10 14 1.85164
7 13 3 4 6 9 11 12 1.81265
7 13 3 4 6 9 11 14 1.93309
7 13 3 4 6 9 12 14 1.73205
7 13 3 4 6 10 11 12 1.62019
7 13 3 4 6 10 11 14 1.85164
7 13 3 4 6 10 12 14 1.62019
7 13 3 4 6 11 12 14 1.73205
7 13 3 4 8 9 10 11 1.62019
7 13 3 4 8 9 10 12 1.41421
7 13 3 4 8 9 10 14 1.62019
7 13 3 4 8 9 11 12 1.41421
7 13 3 4 8 9 11 14 1.62019
7 13 3 4 8 9 12 14 1.41421
7 13 3 4 8 10 11 12 1.41421
7 13 3 4 8 10 11 14 1.62019
7 13 3 4 8 10 12 14 1.41421
7 13 3 4 8 11 12 14 1.41421
7 13 3 4 9 10 11 12 1.62019
7 13 3 4 9 10 11 14 1.85164
7 13 3 4 9 10 12 14 1.62019
7 13 3 4 9 11 12 14 1.73205
7 13 3 4 10 11 12 14 1.62019
7 13 3 5 6 8 9 10 1.41421
7 13 3 5 6 8 9 11 1.41421
7 13 3 5 6 8 9 12 1.41421
7 13 3 5 6 8 9 14 1.41421
7 13 3 5 6 8 10 11 1.41421
7 13 3 5 6 8 10 12 1
7 13 3 5 6 8 10 14 1.41421
7 13 3 5 6 8 11 12 1.41421
7 13 3 5 6 8 11 14 1.41421
7 13 3 5 6 8 12 14 1
7 13 3 5 6 9 10 11 1.73205
7 13 3 5 6 9 10 12 1.41421
7 13 3 5 6 9 10 14 1.73205
7 13 3 5 6 9 11 12 1.90693
7 13 3 5 6 9 11 14 1.90693
7 13 3 5 6 9 12 14 1.73205
7 13 3 5 6 10 11 12 1.41421
7 13 3 5 6 10 11 14 1.73205
7 13 3 5 6 10 12 14 1.41421
7 13 3 5 6 11 12 14 1.73205
7 13 3 5 8 9 10 11 1.41421
7 13 3 5 8 9 10 12 1
7 13 3 5 8 9 10 14 1.41421
7 13 3 5 8 9 11 12 1.41421
7 13 3 5 8 9 11 14 1.41421
7 13 3 5 8 9 12 14 1
7 13 3 5 8 10 11 12 1
7 13 3 5 8 10 11 14 1.41421
7 13 3 5 8 10 12 14 1.41421
7 13 3 5 8 11 12 14 1
7 13 3 5 9 10 11 12 1.41421
7 13 3 5 9 10 11 14 1.73205
7 13 3 5 9 10 12 14 1.41421
7 13 3 5 9 11 12 14 1.73205
7 13 3 5 10 11 12 14 1.41421
7 13 3 6 8 9 10 11 1.73205
7 13 3 6 8 9 10 12 1.62019
7 13 3 6 8 9 10 14 1.73205
7 13 3 6 8 9 11 12 1.81265
7 13 3 6 8 9 11 14 1.81265
7 13 3 6 8 9 12 14 1.73205
7 13 3 6 8 10 11 12 1.62019
7 13 3 6 8 10 11 14 1.73205
7 13 3 6 8 10 12 14 1.62019
7 13 3 6 8 11 12 14 1.73205
7 13 3 6 9 10 11 12 1.73205
7 13 3 6 9 10 11 14 1.90693
7 13 3 6 9 10 12 14 1.73205
7 13 3 6 9 11 12 14 2
7 13 3 6 10 11 12 14 1.73205
7 13 3 8 9 10 11 12 1.62019
7 13 3 8 9 10 11 14 1.73205
7 13 3 8 9 10 12 14 1.62019
7 13 3 8 9 11 12 14 1.73205
7 13 3 8 10 11 12 14 1.62019
7 13 3 9 10 11 12 14 1.73205
7 13 4 5 6 8 9 10 1.73205
7 13 4 5 6 8 9 11 1.62019
7 13 4 5 6 8 9 12 1.62019
7 13 4 5 6 8 9 14 1.73205
7 13 4 5 6 8 10 11 1.62019
7 13 4 5 6 8 10 12 1.62019
7 13 4 5 6 8 10 14 1.73205
7 13 4 5 6 8 11 12 1.41421
7 13 4 5 6 8 11 14 1.62019
7 13 4 5 6 8 12 14 1.62019
7 13 4 5 6 9 10 11 1.85164
7 13 4 5 6 9 10 12 1.73205
7 13 4 5 6 9 10 14 1.90693
7 13 4 5 6 9 11 12 1.81265
7 13 4 5 6 9 11 14 1.93309
7 13 4 5 6 9 12 14 1.81265
7 13 4 5 6 10 11 12 1.62019
7 13 4 5 6 10 11 14 1.85164
7 13 4 5 6 10 12 14 1.73205
7 13 4 5 6 11 12 14 1.73205
7 13 4 5 8 9 10 11 1.62019
7 13 4 5 8 9 10 12 1.73205
7 13 4 5 8 9 10 14 1.81265
7 13 4 5 8 9 11 12 1.41421
7 13 4 5 8 9 11 14 1.62019
7 13 4 5 8 9 12 14 1.73205
7 13 4 5 8 10 11 12 1.41421
7 13 4 5 8 10 11 14 1.62019
7 13 4 5 8 10 12 14 1.81265
7 13 4 5 8 11 12 14 1.41421
7 13 4 5 9 10 11 12 1.62019
7 13 4 5 9 10 11 14 1.85164
7 13 4 5 9 10 12 14 1.81265
7 13 4 5 9 11 12 14 1.73205
7 13 4 5 10 11 12 14 1.62019
7 13 4 6 8 9 10 11 1.85164
7 13 4 6 8 9 10 12 1.85164
7 13 4 6 8 9 10 14 1.93309
7 13 4 6 8 9 11 12 1.73205
7 13 4 6 8 9 11 14 1.85164
7 13 4 6 8 9 12 14 1.85164
7 13 4 6 8 10 11 12 1.73205
7 13 4 6 8 10 11 14 1.85164
7 13 4 6 8 10 12 14 1.85164
7 13 4 6 8 11 12 14 1.73205
7 13 4 6 9 10 11 12 1.85164
7 13 4 6 9 10 11 14 2.00294
7 13 4 6 9 10 12 14 1.93309
7 13 4 6 9 11 12 14 1.90693
7 13 4 6 10 11 12 14 1.85164
7 13 4 8 9 10 11 12 1.73205
7 13 4 8 9 10 11 14 1.85164
7 13 4 8 9 10 12 14 1.90693
7 13 4 8 9 11 12 14 1.73205
7 13 4 8 10 11 12 14 1.73205
7 13 4 9 10 11 12 14 1.85164
7 13 5 6 8 9 10 11 1.62019
7 13 5 6 8 9 10 12 1.62019
7 13 5 6 8 9 10 14 1.73205
7 13 5 6 8 9 11 12 1.41421
7 13 5 6 8 9 11 14 1.62019
7 13 5 6 8 9 12 14 1.62019
7 13 5 6 8 10 11 12 1.41421
7 13 5 6 8 10 11 14 1.62019
7 13 5 6 8 10 12 14 1.62019
7 13 5 6 8 11 12 14 1.41421
7 13 5 6 9 10 11 12 1.62019
7 13 5 6 9 10 11 14 1.85164
7 13 5 6 9 10 12 14 1.73205
7 13 5 6 9 11 12 14 1.81265
7 13 5 6 10 11 12 14 1.62019
7 13 5 8 9 10 11 12 1.41421
7 13 5 8 9 10 11 14 1.62019
7 13 5 8 9 10 12 14 1.73205
7 13 5 8 9 11 12 14 1.41421
7 13 5 8 10 11 12 14 1.41421
7 13 5 9 10 11 12 14 1.62019
7 13 6 8 9 10 11 12 1.85164
7 13 6 8 9 10 11 14 1.93309
7 13 6 8 9 10 12 14 1.93309
7 13 6 8 9 11 12 14 1.90693
7 13 6 8 10 11 12 14 1.85164
7 13 6 9 10 11 12 14 1.93309
7 13 8 9 10 11 12 14 1.85164
