7 14 0 1 2 3 4 5 6 8 0
7 14 0 1 2 3 4 5 6 9 1
7 14 0 1 2 3 4 5 6 10 0
7 14 0 1 2 3 4 5 6 11 1
7 14 0 1 2 3 4 5 6 12 1
7 14 0 1 2 3 4 5 6 13 1
7 14 0 1 2 3 4 5 8 9 1
7 14 0 1 2 3 4 5 8 10 1.41421
7 14 0 1 2 3 4 5 8 11 1
7 14 0 1 2 3 4 5 8 12 1.41421
7 14 0 1 2 3 4 5 8 13 1.41421
7 14 0 1 2 3 4 5 9 10 1
7 14 0 1 2 3 4 5 9 11 1
7 14 0 1 2 3 4 5 9 12 1
7 14 0 1 2 3 4 5 9 13 1
7 14 0 1 2 3 4 5 10 11 1
7 14 0 1 2 3 4 5 10 12 1.41421
7 14 0 1 2 3 4 5 10 13 1.41421
7 14 0 1 2 3 4 5 11 12 1
7 14 0 1 2 3 4 5 11 13 1
7 14 0 1 2 3 4 5 12 13 1.41421
7 14 0 1 2 3 4 6 8 9 0
7 14 0 1 2 3 4 6 8 10 0
7 14 0 1 2 3 4 6 8 11 0
7 14 0 1 2 3 4 6 8 12 0
7 14 0 1 2 3 4 6 8 13 0
7 14 0 1 2 3 4 6 9 10 0
7 14 0 1 2 3 4 6 9 11 1
7 14 0 1 2 3 4 6 9 12 1
7 14 0 1 2 3 4 6 9 13 1
7 14 0 1 2 3 4 6 10 11 0
7 14 0 1 2 3 4 6 10 12 0
7 14 0 1 2 3 4 6 10 13 0
7 14 0 1 2 3 4 6 11 12 1
7 14 0 1 2 3 4 6 11 13 1
7 14 0 1 2 3 4 6 12 13 1
7 14 0 1 2 3 4 8 9 10 1
7 14 0 1 2 3 4 8 9 11 0
7 14 0 1 2 3 4 8 9 12 1
7 14 0 1 2 3 4 8 9 13 1
7 14 0 1 2 3 4 8 10 11 1
7 14 0 1 2 3 4 8 10 12 1.41421
7 14 0 1 2 3 4 8 10 13 1.41421
7 14 0 1 2 3 4 8 11 12 1
7 14 0 1 2 3 4 8 11 13 1
7 14 0 1 2 3 4 8 12 13 1.41421
7 14 0 1 2 3 4 9 10 11 0
7 14 0 1 2 3 4 9 10 12 1
7 14 0 1 2 3 4 9 10 13 1
7 14 0 1 2 3 4 9 11 12 1
7 14 0 1 2 3 4 9 11 13 1
7 14 0 1 2 3 4 9 12 13 1
7 14 0 1 2 3 4 10 11 12 1
7 14 0 1 2 3 4 10 11 13 1
7 14 0 1 2 3 4 10 12 13 1.41421
7 14 0 1 2 3 4 11 12 13 1
7 14 0 1 2 3 5 6 8 9 1
7 14 0 1 2 3 5 6 8 10 0
7 14 0 1 2 3 5 6 8 11 1
7 14 0 1 2 3 5 6 8 12 1
7 14 0 1 2 3 5 6 8 13 1
7 14 0 1 2 3 5 6 9 10 0
7 14 0 1 2 3 5 6 9 11 1.41421
7 14 0 1 2 3 5 6 9 12 1.41421
7 14 0 1 2 3 5 6 9 13 1.41421
7 14 0 1 2 3 5 6 10 11 0
7 14 0 1 2 3 5 6 10 12 0
7 14 0 1 2 3 5 6 10 13 0
7 14 0 1 2 3 5 6 11 12 1.41421
7 14 0 1 2 3 5 6 11 13 1.41421
7 14 0 1 2 3 5 6 12 13 1.41421
7 14 0 1 2 3 5 8 9 10 1
7 14 0 1 2 3 5 8 9 11 1
7 14 0 1 2 3 5 8 9 12 1
7 14 0 1 2 3 5 8 9 13 1
7 14 0 1 2 3 5 8 10 11 1
7 14 0 1 2 3 5 8 10 12 1.41421
7 14 0 1 2 3 5 8 10 13 1.41421
7 14 0 1 2 3 5 8 11 12 1
7 14 0 1 2 3 5 8 11 13 1
7 14 0 1 2 3 5 8 12 13 1.41421
7 14 0 1 2 3 5 9 10 11 0
7 14 0 1 2 3 5 9 10 12 1
7 14 0 1 2 3 5 9 10 13 1
7 14 0 1 2 3 5 9 11 12 1.41421
7 14 0 1 2 3 5 9 11 13 1.41421
7 14 0 1 2 3 5 9 12 13 1.41421
7 14 0 1 2 3 5 10 11 12 1
7 14 0 1 2 3 5 10 11 13 1
7 14 0 1 2 3 5 10 12 13 1.41421
7 14 0 1 2 3 5 11 12 13 1.41421
7 14 0 1 2 3 6 8 9 10 1
7 14 0 1 2 3 6 8 9 11 1.41421
7 14 0 1 2 3 6 8 9 12 1.41421
7 14 0 1 2 3 6 8 9 13 1.41421
7 14 0 1 2 3 6 8 10 11 1
7 14 0 1 2 3 6 8 10 12 1
7 14 0 1 2 3 6 8 10 13 1
7 14 0 1 2 3 6 8 11 12 1.41421
7 14 0 1 2 3 6 8 11 13 1.41421
7 14 0 1 2 3 6 8 12 13 1.41421
7 14 0 1 2 3 6 9 10 11 1
7 14 0 1 2 3 6 9 10 12 1
7 14 0 1 2 3 6 9 10 13 1
7 14 0 1 2 3 6 9 11 12 1.62019
7 14 0 1 2 3 6 9 11 13 1.62019
7 14 0 1 2 3 6 9 12 13 1.62019
7 14 0 1 2 3 6 10 11 12 1
7 14 0 1 2 3 6 10 11 13 1
7 14 0 1 2 3 6 10 12 13 1
7 14 0 1 2 3 6 11 12 13 1.62019
7 14 0 1 2 3 8 9 10 11 1
7 14 0 1 2 3 8 9 10 12 1
7 14 0 1 2 3 8 9 10 13 1
7 14 0 1 2 3 8 9 11 12 1.41421
7 14 0 1 2 3 8 9 11 13 1.41421
7 14 0 1 2 3 8 9 12 13 1.41421
7 14 0 1 2 3 8 10 11 12 1
7 14 0 1 2 3 8 10 11 13 1
7 14 0 1 2 3 8 10 12 13 1.41421
7 14 0 1 2 3 8 11 12 13 1.41421
7 14 0 1 2 3 9 10 11 12 1
7 14 0 1 2 3 9 10 11 13 1
7 14 0 1 2 3 9 10 12 13 1
7 14 0 1 2 3 9 11 12 13 1.62019
7 14 0 1 2 3 10 11 12 13 1
7 14 0 1 2 4 5 6 8 9 1
7 14 0 1 2 4 5 6 8 10 1
7 14 0 1 2 4 5 6 8 11 0
7 14 0 1 2 4 5 6 8 12 1
7 14 0 1 2 4 5 6 8 13 1
7 14 0 1 2 4 5 6 9 10 1
7 14 0 1 2 4 5 6 9 11 1
7 14 0 1 2 4 5 6 9 12 1
7 14 0 1 2 4 5 6 9 13 1
7 14 0 1 2 4 5 6 10 11 0
7 14 0 1 2 4 5 6 10 12 1
7 14 0 1 2 4 5 6 10 13 1
7 14 0 1 2 4 5 6 11 12 1
7 14 0 1 2 4 5 6 11 13 1
7 14 0 1 2 4 5 6 12 13 1
7 14 0 1 2 4 5 8 9 10 1.41421
7 14 0 1 2 4 5 8 9 11 0
7 14 0 1 2 4 5 8 9 12 1.41421
7 14 0 1 2 4 5 8 9 13 1.41421
7 14 0 1 2 4 5 8 10 11 1
7 14 0 1 2 4 5 8 10 12 1.62019
7 14 0 1 2 4 5 8 10 13 1.62019
7 14 0 1 2 4 5 8 11 12 1
7 14 0 1 2 4 5 8 11 13 1
7 14 0 1 2 4 5 8 12 13 1.62019
7 14 0 1 2 4 5 9 10 11 0
7 14 0 1 2 4 5 9 10 12 1.41421
7 14 0 1 2 4 5 9 10 13 1.41421
7 14 0 1 2 4 5 9 11 12 1
7 14 0 1 2 4 5 9 11 13 1
7 14 0 1 2 4 5 9 12 13 1.41421
7 14 0 1 2 4 5 10 11 12 1
7 14 0 1 2 4 5 10 11 13 1
7 14 0 1 2 4 5 10 12 13 1.62019
7 14 0 1 2 4 5 11 12 13 1
7 14 0 1 2 4 6 8 9 10 1
7 14 0 1 2 4 6 8 9 11 0
7 14 0 1 2 4 6 8 9 12 1
7 14 0 1 2 4 6 8 9 13 1
7 14 0 1 2 4 6 8 10 11 0
7 14 0 1 2 4 6 8 10 12 1
7 14 0 1 2 4 6 8 10 13 1
7 14 0 1 2 4 6 8 11 12 0
7 14 0 1 2 4 6 8 11 13 0
7 14 0 1 2 4 6 8 12 13 1
7 14 0 1 2 4 6 9 10 11 0
7 14 0 1 2 4 6 9 10 12 1
7 14 0 1 2 4 6 9 10 13 1
7 14 0 1 2 4 6 9 11 12 1
7 14 0 1 2 4 6 9 11 13 1
7 14 0 1 2 4 6 9 12 13 1
7 14 0 1 2 4 6 10 11 12 0
7 14 0 1 2 4 6 10 11 13 0
7 14 0 1 2 4 6 10 12 13 1
7 14 0 1 2 4 6 11 12 13 1
7 14 0 1 2 4 8 9 10 11 0
7 14 0 1 2 4 8 9 10 12 1.41421
7 14 0 1 2 4 8 9 10 13 1.41421
7 14 0 1 2 4 8 9 11 12 0
7 14 0 1 2 4 8 9 11 13 0
7 14 0 1 2 4 8 9 12 13 1.41421
7 14 0 1 2 4 8 10 11 12 1
7 14 0 1 2 4 8 10 11 13 1
7 14 0 1 2 4 8 10 12 13 1.62019
7 14 0 1 2 4 8 11 12 13 1
7 14 0 1 2 4 9 10 11 12 0
7 14 0 1 2 4 9 10 11 13 0
7 14 0 1 2 4 9 10 12 13 1.41421
7 14 0 1 2 4 9 11 12 13 1
7 14 0 1 2 4 10 11 12 13 1
7 14 0 1 2 5 6 8 9 10 1
7 14 0 1 2 5 6 8 9 11 1
7 14 0 1 2 5 6 8 9 12 1
7 14 0 1 2 5 6 8 9 13 1
7 14 0 1 2 5 6 8 10 11 0
7 14 0 1 2 5 6 8 10 12 1
7 14 0 1 2 5 6 8 10 13 1
7 14 0 1 2 5 6 8 11 12 1
7 14 0 1 2 5 6 8 11 13 1
7 14 0 1 2 5 6 8 12 13 1
7 14 0 1 2 5 6 9 10 11 0
7 14 0 1 2 5 6 9 10 12 1
7 14 0 1 2 5 6 9 10 13 1
7 14 0 1 2 5 6 9 11 12 1.41421
7 14 0 1 2 5 6 9 11 13 1.41421
7 14 0 1 2 5 6 9 12 13 1.41421
7 14 0 1 2 5 6 10 11 12 0
7 14 0 1 2 5 6 10 11 13 0
7 14 0 1 2 5 6 10 12 13 1
7 14 0 1 2 5 6 11 12 13 1.41421
7 14 0 1 2 5 8 9 10 11 0
7 14 0 1 2 5 8 9 10 12 1.41421
7 14 0 1 2 5 8 9 10 13 1.41421
7 14 0 1 2 5 8 9 11 12 1
7 14 0 1 2 5 8 9 11 13 1
7 14 0 1 2 5 8 9 12 13 1.41421
7 14 0 1 2 5 8 10 11 12 1
7 14 0 1 2 5 8 10 11 13 1
7 14 0 1 2 5 8 10 12 13 1.62019
7 14 0 1 2 5 8 11 12 13 1
7 14 0 1 2 5 9 10 11 12 0
7 14 0 1 2 5 9 10 11 13 0
7 14 0 1 2 5 9 10 12 13 1.41421
7 14 0 1 2 5 9 11 12 13 1.41421
7 14 0 1 2 5 10 11 12 13 1
7 14 0 1 2 6 8 9 10 11 1
7 14 0 1 2 6 8 9 10 12 1
7 14 0 1 2 6 8 9 10 13 1
7 14 0 1 2 6 8 9 11 12 1.41421
7 14 0 1 2 6 8 9 11 13 1.41421
7 14 0 1 2 6 8 9 12 13 1.41421
7 14 0 1 2 6 8 10 11 12 1
7 14 0 1 2 6 8 10 11 13 1
7 14 0 1 2 6 8 10 12 13 1
7 14 0 1 2 6 8 11 12 13 1.41421
7 14 0 1 2 6 9 10 11 12 1
7 14 0 1 2 6 9 10 11 13 1
7 14 0 1 2 6 9 10 12 13 1
7 14 0 1 2 6 9 11 12 13 1.62019
7 14 0 1 2 6 10 11 12 13 1
7 14 0 1 2 8 9 10 11 12 1
7 14 0 1 2 8 9 10 11 13 1
7 14 0 1 2 8 9 10 12 13 1.41421
7 14 0 1 2 8 9 11 12 13 1.41421
7 14 0 1 2 8 10 11 12 13 1
7 14 0 1 2 9 10 11 12 13 1
7 14 0 1 3 4 5 6 8 9 0
7 14 0 1 3 4 5 6 8 10 0
7 14 0 1 3 4 5 6 8 11 0
7 14 0 1 3 4 5 6 8 12 0
7 14 0 1 3 4 5 6 8 13 0
7 14 0 1 3 4 5 6 9 10 0
7 14 0 1 3 4 5 6 9 11 1
7 14 0 1 3 4 5 6 9 12 1
7 14 0 1 3 4 5 6 9 13 1
7 14 0 1 3 4 5 6 10 11 0
7 14 0 1 3 4 5 6 10 12 0
7 14 0 1 3 4 5 6 10 13 0
7 14 0 1 3 4 5 6 11 12 1
7 14 0 1 3 4 5 6 11 13 1
7 14 0 1 3 4 5 6 12 13 1
7 14 0 1 3 4 5 8 9 10 1
7 14 0 1 3 4 5 8 9 11 0
7 14 0 1 3 4 5 8 9 12 1
7 14 0 1 3 4 5 8 9 13 1
7 14 0 1 3 4 5 8 10 11 1
7 14 0 1 3 4 5 8 10 12 1.41421
7 14 0 1 3 4 5 8 10 13 1.41421
7 14 0 1 3 4 5 8 11 12 1
7 14 0 1 3 4 5 8 11 13 1
7 14 0 1 3 4 5 8 12 13 1.41421
7 14 0 1 3 4 5 9 10 11 0
7 14 0 1 3 4 5 9 10 12 1
7 14 0 1 3 4 5 9 10 13 1
7 14 0 1 3 4 5 9 11 12 1
7 14 0 1 3 4 5 9 11 13 1
7 14 0 1 3 4 5 9 12 13 1
7 14 0 1 3 4 5 10 11 12 1
7 14 0 1 3 4 5 10 11 13 1
7 14 0 1 3 4 5 10 12 13 1.41421
7 14 0 1 3 4 5 11 12 13 1
7 14 0 1 3 4 6 8 9 10 1
7 14 0 1 3 4 6 8 9 11 1
7 14 0 1 3 4 6 8 9 12 1
7 14 0 1 3 4 6 8 9 13 1
7 14 0 1 3 4 6 8 10 11 1
7 14 0 1 3 4 6 8 10 12 1
7 14 0 1 3 4 6 8 10 13 1
7 14 0 1 3 4 6 8 11 12 1
7 14 0 1 3 4 6 8 11 13 1
7 14 0 1 3 4 6 8 12 13 1
7 14 0 1 3 4 6 9 10 11 1
7 14 0 1 3 4 6 9 10 12 1
7 14 0 1 3 4 6 9 10 13 1
7 14 0 1 3 4 6 9 11 12 1
7 14 0 1 3 4 6 9 11 13 1
7 14 0 1 3 4 6 9 12 13 1
7 14 0 1 3 4 6 10 11 12 1
7 14 0 1 3 4 6 10 11 13 1
7 14 0 1 3 4 6 10 12 13 1
7 14 0 1 3 4 6 11 12 13 1
7 14 0 1 3 4 8 9 10 11 1
7 14 0 1 3 4 8 9 10 12 1
7 14 0 1 3 4 8 9 10 13 1
7 14 0 1 3 4 8 9 11 12 1
7 14 0 1 3 4 8 9 11 13 1
7 14 0 1 3 4 8 9 12 13 1
7 14 0 1 3 4 8 10 11 12 1
7 14 0 1 3 4 8 10 11 13 1
7 14 0 1 3 4 8 10 12 13 1.41421
7 14 0 1 3 4 8 11 12 13 1
7 14 0 1 3 4 9 10 11 12 1
7 14 0 1 3 4 9 10 11 13 1
7 14 0 1 3 4 9 10 12 13 1
7 14 0 1 3 4 9 11 12 13 1
7 14 0 1 3 4 10 11 12 13 1
7 14 0 1 3 5 6 8 9 10 0
7 14 0 1 3 5 6 8 9 11 1
7 14 0 1 3 5 6 8 9 12 1
7 14 0 1 3 5 6 8 9 13 1
7 14 0 1 3 5 6 8 10 11 0
7 14 0 1 3 5 6 8 10 12 0
7 14 0 1 3 5 6 8 10 13 0
7 14 0 1 3 5 6 8 11 12 1
7 14 0 1 3 5 6 8 11 13 1
7 14 0 1 3 5 6 8 12 13 1
7 14 0 1 3 5 6 9 10 11 0
7 14 0 1 3 5 6 9 10 12 0
7 14 0 1 3 5 6 9 10 13 0
7 14 0 1 3 5 6 9 11 12 1.41421
7 14 0 1 3 5 6 9 11 13 1.41421
7 14 0 1 3 5 6 9 12 13 1.41421
7 14 0 1 3 5 6 10 11 12 0
7 14 0 1 3 5 6 10 11 13 0
7 14 0 1 3 5 6 10 12 13 0
7 14 0 1 3 5 6 11 12 13 1.41421
7 14 0 1 3 5 8 9 10 11 0
7 14 0 1 3 5 8 9 10 12 1
7 14 0 1 3 5 8 9 10 13 1
7 14 0 1 3 5 8 9 11 12 1
7 14 0 1 3 5 8 9 11 13 1
7 14 0 1 3 5 8 9 12 13 1
7 14 0 1 3 5 8 10 11 12 1
7 14 0 1 3 5 8 10 11 13 1
7 14 0 1 3 5 8 10 12 13 1.41421
7 14 0 1 3 5 8 11 12 13 1
7 14 0 1 3 5 9 10 11 12 0
7 14 0 1 3 5 9 10 11 13 0
7 14 0 1 3 5 9 10 12 13 1
7 14 0 1 3 5 9 11 12 13 1.41421
7 14 0 1 3 5 10 11 12 13 1
7 14 0 1 3 6 8 9 10 11 1.41421
7 14 0 1 3 6 8 9 10 12 1.41421
7 14 0 1 3 6 8 9 10 13 1.41421
7 14 0 1 3 6 8 9 11 12 1.62019
7 14 0 1 3 6 8 9 11 13 1.62019
7 14 0 1 3 6 8 9 12 13 1.62019
7 14 0 1 3 6 8 10 11 12 1.41421
7 14 0 1 3 6 8 10 11 13 1.41421
7 14 0 1 3 6 8 10 12 13 1.41421
7 14 0 1 3 6 8 11 12 13 1.62019
7 14 0 1 3 6 9 10 11 12 1.41421
7 14 0 1 3 6 9 10 11 13 1.41421
7 14 0 1 3 6 9 10 12 13 1.41421
7 14 0 1 3 6 9 11 12 13 1.73205
7 14 0 1 3 6 10 11 12 13 1.41421
7 14 0 1 3 8 9 10 11 12 1.41421
7 14 0 1 3 8 9 10 11 13 1.41421
7 14 0 1 3 8 9 10 12 13 1.41421
7 14 0 1 3 8 9 11 12 13 1.62019
7 14 0 1 3 8 10 11 12 13 1.41421
7 14 0 1 3 9 10 11 12 13 1.41421
7 14 0 1 4 5 6 8 9 10 1.41421
7 14 0 1 4 5 6 8 9 11 1
7 14 0 1 4 5 6 8 9 12 1.41421
7 14 0 1 4 5 6 8 9 13 1.41421
7 14 0 1 4 5 6 8 10 11 1
7 14 0 1 4 5 6 8 10 12 1.41421
7 14 0 1 4 5 6 8 10 13 1.41421
7 14 0 1 4 5 6 8 11 12 1
7 14 0 1 4 5 6 8 11 13 1
7 14 0 1 4 5 6 8 12 13 1.41421
7 14 0 1 4 5 6 9 10 11 1
7 14 0 1 4 5 6 9 10 12 1.41421
7 14 0 1 4 5 6 9 10 13 1.41421
7 14 0 1 4 5 6 9 11 12 1
7 14 0 1 4 5 6 9 11 13 1
7 14 0 1 4 5 6 9 12 13 1.41421
7 14 0 1 4 5 6 10 11 12 1
7 14 0 1 4 5 6 10 11 13 1
7 14 0 1 4 5 6 10 12 13 1.41421
7 14 0 1 4 5 6 11 12 13 1
7 14 0 1 4 5 8 9 10 11 1
7 14 0 1 4 5 8 9 10 12 1.62019
7 14 0 1 4 5 8 9 10 13 1.62019
7 14 0 1 4 5 8 9 11 12 1
7 14 0 1 4 5 8 9 11 13 1
7 14 0 1 4 5 8 9 12 13 1.62019
7 14 0 1 4 5 8 10 11 12 1
7 14 0 1 4 5 8 10 11 13 1
7 14 0 1 4 5 8 10 12 13 1.73205
7 14 0 1 4 5 8 11 12 13 1
7 14 0 1 4 5 9 10 11 12 1
7 14 0 1 4 5 9 10 11 13 1
7 14 0 1 4 5 9 10 12 13 1.62019
7 14 0 1 4 5 9 11 12 13 1
7 14 0 1 4 5 10 11 12 13 1
7 14 0 1 4 6 8 9 10 11 1.41421
7 14 0 1 4 6 8 9 10 12 1.62019
7 14 0 1 4 6 8 9 10 13 1.62019
7 14 0 1 4 6 8 9 11 12 1.41421
7 14 0 1 4 6 8 9 11 13 1.41421
7 14 0 1 4 6 8 9 12 13 1.62019
7 14 0 1 4 6 8 10 11 12 1.41421
7 14 0 1 4 6 8 10 11 13 1.41421
7 14 0 1 4 6 8 10 12 13 1.62019
7 14 0 1 4 6 8 11 12 13 1.41421
7 14 0 1 4 6 9 10 11 12 1.41421
7 14 0 1 4 6 9 10 11 13 1.41421
7 14 0 1 4 6 9 10 12 13 1.62019
7 14 0 1 4 6 9 11 12 13 1.41421
7 14 0 1 4 6 10 11 12 13 1.41421
7 14 0 1 4 8 9 10 11 12 1.41421
7 14 0 1 4 8 9 10 11 13 1.41421
7 14 0 1 4 8 9 10 12 13 1.73205
7 14 0 1 4 8 9 11 12 13 1.41421
7 14 0 1 4 8 10 11 12 13 1.41421
7 14 0 1 4 9 10 11 12 13 1.41421
7 14 0 1 5 6 8 9 10 11 1
7 14 0 1 5 6 8 9 10 12 1.41421
7 14 0 1 5 6 8 9 10 13 1.41421
7 14 0 1 5 6 8 9 11 12 1
7 14 0 1 5 6 8 9 11 13 1
7 14 0 1 5 6 8 9 12 13 1.41421
7 14 0 1 5 6 8 10 11 12 1
7 14 0 1 5 6 8 10 11 13 1
7 14 0 1 5 6 8 10 12 13 1.41421
7 14 0 1 5 6 8 11 12 13 1
7 14 0 1 5 6 9 10 11 12 1
7 14 0 1 5 6 9 10 11 13 1
7 14 0 1 5 6 9 10 12 13 1.41421
7 14 0 1 5 6 9 11 12 13 1.41421
7 14 0 1 5 6 10 11 12 13 1
7 14 0 1 5 8 9 10 11 12 1
7 14 0 1 5 8 9 10 11 13 1
7 14 0 1 5 8 9 10 12 13 1.62019
7 14 0 1 5 8 9 11 12 13 1
7 14 0 1 5 8 10 11 12 13 1
7 14 0 1 5 9 10 11 12 13 1
7 14 0 1 6 8 9 10 11 12 1.62019
7 14 0 1 6 8 9 10 11 13 1.62019
7 14 0 1 6 8 9 10 12 13 1.73205
7 14 0 1 6 8 9 11 12 13 1.73205
7 14 0 1 6 8 10 11 12 13 1.62019
7 14 0 1 6 9 10 11 12 13 1.62019
7 14 0 1 8 9 10 11 12 13 1.62019
7 14 0 2 3 4 5 6 8 9 1.41421
7 14 0 2 3 4 5 6 8 10 1.41421
7 14 0 2 3 4 5 6 8 11 1.41421
7 14 0 2 3 4 5 6 8 12 1
7 14 0 2 3 4 5 6 8 13 1
7 14 0 2 3 4 5 6 9 10 1.73205
7 14 0 2 3 4 5 6 9 11 1.85164
7 14 0 2 3 4 5 6 9 12 1.62019
7 14 0 2 3 4 5 6 9 13 1.62019
7 14 0 2 3 4 5 6 10 11 1.73205
7 14 0 2 3 4 5 6 10 12 1.41421
7 14 0 2 3 4 5 6 10 13 1.41421
7 14 0 2 3 4 5 6 11 12 1.62019
7 14 0 2 3 4 5 6 11 13 1.62019
7 14 0 2 3 4 5 6 12 13 1.41421
7 14 0 2 3 4 5 8 9 10 1.41421
7 14 0 2 3 4 5 8 9 11 1.41421
7 14 0 2 3 4 5 8 9 12 1
7 14 0 2 3 4 5 8 9 13 1
7 14 0 2 3 4 5 8 10 11 1.41421
7 14 0 2 3 4 5 8 10 12 1.41421
7 14 0 2 3 4 5 8 10 13 1.41421
7 14 0 2 3 4 5 8 11 12 1
7 14 0 2 3 4 5 8 11 13 1
7 14 0 2 3 4 5 8 12 13 1.41421
7 14 0 2 3 4 5 9 10 11 1.73205
7 14 0 2 3 4 5 9 10 12 1.41421
7 14 0 2 3 4 5 9 10 13 1.41421
7 14 0 2 3 4 5 9 11 12 1.62019
7 14 0 2 3 4 5 9 11 13 1.62019
7 14 0 2 3 4 5 9 12 13 1.41421
7 14 0 2 3 4 5 10 11 12 1.41421
7 14 0 2 3 4 5 10 11 13 1.41421
7 14 0 2 3 4 5 10 12 13 1.41421
7 14 0 2 3 4 5 11 12 13 1.41421
7 14 0 2 3 4 6 8 9 10 1.41421
7 14 0 2 3 4 6 8 9 11 1.41421
7 14 0 2 3 4 6 8 9 12 1
7 14 0 2 3 4 6 8 9 13 1
7 14 0 2 3 4 6 8 10 11 1.41421
7 14 0 2 3 4 6 8 10 12 1
7 14 0 2 3 4 6 8 10 13 1
7 14 0 2 3 4 6 8 11 12 1
7 14 0 2 3 4 6 8 11 13 1
7 14 0 2 3 4 6 8 12 13 0
7 14 0 2 3 4 6 9 10 11 1.73205
7 14 0 2 3 4 6 9 10 12 1.41421
7 14 0 2 3 4 6 9 10 13 1.41421
7 14 0 2 3 4 6 9 11 12 1.62019
7 14 0 2 3 4 6 9 11 13 1.62019
7 14 0 2 3 4 6 9 12 13 1.41421
7 14 0 2 3 4 6 10 11 12 1.41421
7 14 0 2 3 4 6 10 11 13 1.41421
7 14 0 2 3 4 6 10 12 13 1
7 14 0 2 3 4 6 11 12 13 1.41421
7 14 0 2 3 4 8 9 10 11 1.41421
7 14 0 2 3 4 8 9 10 12 1
7 14 0 2 3 4 8 9 10 13 1
7 14 0 2 3 4 8 9 11 12 1
7 14 0 2 3 4 8 9 11 13 1
7 14 0 2 3 4 8 9 12 13 1
7 14 0 2 3 4 8 10 11 12 1
7 14 0 2 3 4 8 10 11 13 1
7 14 0 2 3 4 8 10 12 13 1.41421
7 14 0 2 3 4 8 11 12 13 1
7 14 0 2 3 4 9 10 11 12 1.41421
7 14 0 2 3 4 9 10 11 13 1.41421
7 14 0 2 3 4 9 10 12 13 1
7 14 0 2 3 4 9 11 12 13 1.41421
7 14 0 2 3 4 10 11 12 13 1
7 14 0 2 3 5 6 8 9 10 1.41421
7 14 0 2 3 5 6 8 9 11 1.41421
7 14 0 2 3 5 6 8 9 12 1
7 14 0 2 3 5 6 8 9 13 1
7 14 0 2 3 5 6 8 10 11 1.41421
7 14 0 2 3 5 6 8 10 12 1
7 14 0 2 3 5 6 8 10 13 1
7 14 0 2 3 5 6 8 11 12 1
7 14 0 2 3 5 6 8 11 13 1
7 14 0 2 3 5 6 8 12 13 1
7 14 0 2 3 5 6 9 10 11 1.73205
7 14 0 2 3 5 6 9 10 12 1.41421
7 14 0 2 3 5 6 9 10 13 1.41421
7 14 0 2 3 5 6 9 11 12 1.73205
7 14 0 2 3 5 6 9 11 13 1.73205
7 14 0 2 3 5 6 9 12 13 1.62019
7 14 0 2 3 5 6 10 11 12 1.41421
7 14 0 2 3 5 6 10 11 13 1.41421
7 14 0 2 3 5 6 10 12 13 1
7 14 0 2 3 5 6 11 12 13 1.62019
7 14 0 2 3 5 8 9 10 11 1.41421
7 14 0 2 3 5 8 9 10 12 1
7 14 0 2 3 5 8 9 10 13 1
7 14 0 2 3 5 8 9 11 12 1
7 14 0 2 3 5 8 9 11 13 1
7 14 0 2 3 5 8 9 12 13 1
7 14 0 2 3 5 8 10 11 12 1
7 14 0 2 3 5 8 10 11 13 1
7 14 0 2 3 5 8 10 12 13 1.41421
7 14 0 2 3 5 8 11 12 13 1
7 14 0 2 3 5 9 10 11 12 1.41421
7 14 0 2 3 5 9 10 11 13 1.41421
7 14 0 2 3 5 9 10 12 13 1
7 14 0 2 3 5 9 11 12 13 1.62019
7 14 0 2 3 5 10 11 12 13 1
7 14 0 2 3 6 8 9 10 11 1.41421
7 14 0 2 3 6 8 9 10 12 1
7 14 0 2 3 6 8 9 10 13 1
7 14 0 2 3 6 8 9 11 12 1.41421
7 14 0 2 3 6 8 9 11 13 1.41421
7 14 0 2 3 6 8 9 12 13 1.41421
7 14 0 2 3 6 8 10 11 12 1
7 14 0 2 3 6 8 10 11 13 1
7 14 0 2 3 6 8 10 12 13 1
7 14 0 2 3 6 8 11 12 13 1.41421
7 14 0 2 3 6 9 10 11 12 1.41421
7 14 0 2 3 6 9 10 11 13 1.41421
7 14 0 2 3 6 9 10 12 13 1
7 14 0 2 3 6 9 11 12 13 1.73205
7 14 0 2 3 6 10 11 12 13 1
7 14 0 2 3 8 9 10 11 12 1
7 14 0 2 3 8 9 10 11 13 1
7 14 0 2 3 8 9 10 12 13 1
7 14 0 2 3 8 9 11 12 13 1.41421
7 14 0 2 3 8 10 11 12 13 1
7 14 0 2 3 9 10 11 12 13 1
7 14 0 2 4 5 6 8 9 10 1.41421
7 14 0 2 4 5 6 8 9 11 1.41421
7 14 0 2 4 5 6 8 9 12 1
7 14 0 2 4 5 6 8 9 13 1
7 14 0 2 4 5 6 8 10 11 1.41421
7 14 0 2 4 5 6 8 10 12 1
7 14 0 2 4 5 6 8 10 13 1
7 14 0 2 4 5 6 8 11 12 1
7 14 0 2 4 5 6 8 11 13 1
7 14 0 2 4 5 6 8 12 13 1
7 14 0 2 4 5 6 9 10 11 1.73205
7 14 0 2 4 5 6 9 10 12 1.41421
7 14 0 2 4 5 6 9 10 13 1.41421
7 14 0 2 4 5 6 9 11 12 1.62019
7 14 0 2 4 5 6 9 11 13 1.62019
7 14 0 2 4 5 6 9 12 13 1.41421
7 14 0 2 4 5 6 10 11 12 1.41421
7 14 0 2 4 5 6 10 11 13 1.41421
7 14 0 2 4 5 6 10 12 13 1
7 14 0 2 4 5 6 11 12 13 1.41421
7 14 0 2 4 5 8 9 10 11 1.41421
7 14 0 2 4 5 8 9 10 12 1.41421
7 14 0 2 4 5 8 9 10 13 1.41421
7 14 0 2 4 5 8 9 11 12 1
7 14 0 2 4 5 8 9 11 13 1
7 14 0 2 4 5 8 9 12 13 1.41421
7 14 0 2 4 5 8 10 11 12 1
7 14 0 2 4 5 8 10 11 13 1
7 14 0 2 4 5 8 10 12 13 1.62019
7 14 0 2 4 5 8 11 12 13 1
7 14 0 2 4 5 9 10 11 12 1.41421
7 14 0 2 4 5 9 10 11 13 1.41421
7 14 0 2 4 5 9 10 12 13 1.41421
7 14 0 2 4 5 9 11 12 13 1.41421
7 14 0 2 4 5 10 11 12 13 1
7 14 0 2 4 6 8 9 10 11 1.41421
7 14 0 2 4 6 8 9 10 12 1
7 14 0 2 4 6 8 9 10 13 1
7 14 0 2 4 6 8 9 11 12 1
7 14 0 2 4 6 8 9 11 13 1
7 14 0 2 4 6 8 9 12 13 1
7 14 0 2 4 6 8 10 11 12 1
7 14 0 2 4 6 8 10 11 13 1
7 14 0 2 4 6 8 10 12 13 1
7 14 0 2 4 6 8 11 12 13 0
7 14 0 2 4 6 9 10 11 12 1.41421
7 14 0 2 4 6 9 10 11 13 1.41421
7 14 0 2 4 6 9 10 12 13 1
7 14 0 2 4 6 9 11 12 13 1.41421
7 14 0 2 4 6 10 11 12 13 1
7 14 0 2 4 8 9 10 11 12 1
7 14 0 2 4 8 9 10 11 13 1
7 14 0 2 4 8 9 10 12 13 1.41421
7 14 0 2 4 8 9 11 12 13 0
7 14 0 2 4 8 10 11 12 13 1
7 14 0 2 4 9 10 11 12 13 1
7 14 0 2 5 6 8 9 10 11 1.41421
7 14 0 2 5 6 8 9 10 12 1
7 14 0 2 5 6 8 9 10 13 1
7 14 0 2 5 6 8 9 11 12 1
7 14 0 2 5 6 8 9 11 13 1
7 14 0 2 5 6 8 9 12 13 1
7 14 0 2 5 6 8 10 11 12 1
7 14 0 2 5 6 8 10 11 13 1
7 14 0 2 5 6 8 10 12 13 1
7 14 0 2 5 6 8 11 12 13 1
7 14 0 2 5 6 9 10 11 12 1.41421
7 14 0 2 5 6 9 10 11 13 1.41421
7 14 0 2 5 6 9 10 12 13 1
7 14 0 2 5 6 9 11 12 13 1.62019
7 14 0 2 5 6 10 11 12 13 1
7 14 0 2 5 8 9 10 11 12 1
7 14 0 2 5 8 9 10 11 13 1
7 14 0 2 5 8 9 10 12 13 1.41421
7 14 0 2 5 8 9 11 12 13 1
7 14 0 2 5 8 10 11 12 13 1
7 14 0 2 5 9 10 11 12 13 1
7 14 0 2 6 8 9 10 11 12 1
7 14 0 2 6 8 9 10 11 13 1
7 14 0 2 6 8 9 10 12 13 1
7 14 0 2 6 8 9 11 12 13 1.41421
7 14 0 2 6 8 10 11 12 13 1
7 14 0 2 6 9 10 11 12 13 1
7 14 0 2 8 9 10 11 12 13 1
7 14 0 3 4 5 6 8 9 10 1.73205
7 14 0 3 4 5 6 8 9 11 1.73205
7 14 0 3 4 5 6 8 9 12 1.41421
7 14 0 3 4 5 6 8 9 13 1.41421
7 14 0 3 4 5 6 8 10 11 1.73205
7 14 0 3 4 5 6 8 10 12 1.41421
7 14 0 3 4 5 6 8 10 13 1.41421
7 14 0 3 4 5 6 8 11 12 1.41421
7 14 0 3 4 5 6 8 11 13 1.41421
7 14 0 3 4 5 6 8 12 13 1
7 14 0 3 4 5 6 9 10 11 2
7 14 0 3 4 5 6 9 10 12 1.73205
7 14 0 3 4 5 6 9 10 13 1.73205
7 14 0 3 4 5 6 9 11 12 1.85164
7 14 0 3 4 5 6 9 11 13 1.85164
7 14 0 3 4 5 6 9 12 13 1.62019
7 14 0 3 4 5 6 10 11 12 1.73205
7 14 0 3 4 5 6 10 11 13 1.73205
7 14 0 3 4 5 6 10 12 13 1.41421
7 14 0 3 4 5 6 11 12 13 1.62019
7 14 0 3 4 5 8 9 10 11 1.73205
7 14 0 3 4 5 8 9 10 12 1.41421
7 14 0 3 4 5 8 9 10 13 1.41421
7 14 0 3 4 5 8 9 11 12 1.41421
7 14 0 3 4 5 8 9 11 13 1.41421
7 14 0 3 4 5 8 9 12 13 1
7 14 0 3 4 5 8 10 11 12 1.41421
7 14 0 3 4 5 8 10 11 13 1.41421
7 14 0 3 4 5 8 10 12 13 1.41421
7 14 0 3 4 5 8 11 12 13 1
7 14 0 3 4 5 9 10 11 12 1.73205
7 14 0 3 4 5 9 10 11 13 1.73205
7 14 0 3 4 5 9 10 12 13 1.41421
7 14 0 3 4 5 9 11 12 13 1.62019
7 14 0 3 4 5 10 11 12 13 1.41421
7 14 0 3 4 6 8 9 10 11 1.85164
7 14 0 3 4 6 8 9 10 12 1.62019
7 14 0 3 4 6 8 9 10 13 1.62019
7 14 0 3 4 6 8 9 11 12 1.62019
7 14 0 3 4 6 8 9 11 13 1.62019
7 14 0 3 4 6 8 9 12 13 1.41421
7 14 0 3 4 6 8 10 11 12 1.62019
7 14 0 3 4 6 8 10 11 13 1.62019
7 14 0 3 4 6 8 10 12 13 1.41421
7 14 0 3 4 6 8 11 12 13 1.41421
7 14 0 3 4 6 9 10 11 12 1.85164
7 14 0 3 4 6 9 10 11 13 1.85164
7 14 0 3 4 6 9 10 12 13 1.62019
7 14 0 3 4 6 9 11 12 13 1.73205
7 14 0 3 4 6 10 11 12 13 1.62019
7 14 0 3 4 8 9 10 11 12 1.62019
7 14 0 3 4 8 9 10 11 13 1.62019
7 14 0 3 4 8 9 10 12 13 1.41421
7 14 0 3 4 8 9 11 12 13 1.41421
7 14 0 3 4 8 10 11 12 13 1.41421
7 14 0 3 4 9 10 11 12 13 1.62019
7 14 0 3 5 6 8 9 10 11 1.73205
7 14 0 3 5 6 8 9 10 12 1.41421
7 14 0 3 5 6 8 9 10 13 1.41421
7 14 0 3 5 6 8 9 11 12 1.41421
7 14 0 3 5 6 8 9 11 13 1.41421
7 14 0 3 5 6 8 9 12 13 1
7 14 0 3 5 6 8 10 11 12 1.41421
7 14 0 3 5 6 8 10 11 13 1.41421
7 14 0 3 5 6 8 10 12 13 1
7 14 0 3 5 6 8 11 12 13 1
7 14 0 3 5 6 9 10 11 12 1.73205
7 14 0 3 5 6 9 10 11 13 1.73205
7 14 0 3 5 6 9 10 12 13 1.41421
7 14 0 3 5 6 9 11 12 13 1.73205
7 14 0 3 5 6 10 11 12 13 1.41421
7 14 0 3 5 8 9 10 11 12 1.41421
7 14 0 3 5 8 9 10 11 13 1.41421
7 14 0 3 5 8 9 10 12 13 1
7 14 0 3 5 8 9 11 12 13 1
7 14 0 3 5 8 10 11 12 13 1
7 14 0 3 5 9 10 11 12 13 1.41421
7 14 0 3 6 8 9 10 11 12 1.73205
7 14 0 3 6 8 9 10 11 13 1.73205
7 14 0 3 6 8 9 10 12 13 1.62019
7 14 0 3 6 8 9 11 12 13 1.73205
7 14 0 3 6 8 10 11 12 13 1.62019
7 14 0 3 6 9 10 11 12 13 1.73205
7 14 0 3 8 9 10 11 12 13 1.62019
7 14 0 4 5 6 8 9 10 11 1.85164
7 14 0 4 5 6 8 9 10 12 1.73205
7 14 0 4 5 6 8 9 10 13 1.73205
7 14 0 4 5 6 8 9 11 12 1.62019
7 14 0 4 5 6 8 9 11 13 1.62019
7 14 0 4 5 6 8 9 12 13 1.62019
7 14 0 4 5 6 8 10 11 12 1.62019
7 14 0 4 5 6 8 10 11 13 1.62019
7 14 0 4 5 6 8 10 12 13 1.62019
7 14 0 4 5 6 8 11 12 13 1.41421
7 14 0 4 5 6 9 10 11 12 1.85164
7 14 0 4 5 6 9 10 11 13 1.85164
7 14 0 4 5 6 9 10 12 13 1.73205
7 14 0 4 5 6 9 11 12 13 1.73205
7 14 0 4 5 6 10 11 12 13 1.62019
7 14 0 4 5 8 9 10 11 12 1.62019
7 14 0 4 5 8 9 10 11 13 1.62019
7 14 0 4 5 8 9 10 12 13 1.73205
7 14 0 4 5 8 9 11 12 13 1.41421
7 14 0 4 5 8 10 11 12 13 1.41421
7 14 0 4 5 9 10 11 12 13 1.62019
7 14 0 4 6 8 9 10 11 12 1.85164
7 14 0 4 6 8 9 10 11 13 1.85164
7 14 0 4 6 8 9 10 12 13 1.85164
7 14 0 4 6 8 9 11 12 13 1.73205
7 14 0 4 6 8 10 11 12 13 1.73205
7 14 0 4 6 9 10 11 12 13 1.85164
7 14 0 4 8 9 10 11 12 13 1.73205
7 14 0 5 6 8 9 10 11 12 1.62019
7 14 0 5 6 8 9 10 11 13 1.62019
7 14 0 5 6 8 9 10 12 13 1.62019
7 14 0 5 6 8 9 11 12 13 1.41421
7 14 0 5 6 8 10 11 12 13 1.41421
7 14 0 5 6 9 10 11 12 13 1.62019
7 14 0 5 8 9 10 11 12 13 1.41421
7 14 0 6 8 9 10 11 12 13 1.85164
7 14 1 2 3 4 5 6 8 9 1
7 14 1 2 3 4 5 6 8 10 1
7 14 1 2 3 4 5 6 8 11 1
7 14 1 2 3 4 5 6 8 12 1
7 14 1 2 3 4 5 6 8 13 0
7 14 1 2 3 4 5 6 9 10 1
7 14 1 2 3 4 5 6 9 11 1
7 14 1 2 3 4 5 6 9 12 1
7 14 1 2 3 4 5 6 9 13 1
7 14 1 2 3 4 5 6 10 11 1
7 14 1 2 3 4 5 6 10 12 1
7 14 1 2 3 4 5 6 10 13 0
7 14 1 2 3 4 5 6 11 12 1
7 14 1 2 3 4 5 6 11 13 1
7 14 1 2 3 4 5 6 12 13 1
7 14 1 2 3 4 5 8 9 10 1
7 14 1 2 3 4 5 8 9 11 1
7 14 1 2 3 4 5 8 9 12 1
7 14 1 2 3 4 5 8 9 13 1
7 14 1 2 3 4 5 8 10 11 1
7 14 1 2 3 4 5 8 10 12 1.41421
7 14 1 2 3 4 5 8 10 13 1.41421
7 14 1 2 3 4 5 8 11 12 1
7 14 1 2 3 4 5 8 11 13 1
7 14 1 2 3 4 5 8 12 13 1.41421
7 14 1 2 3 4 5 9 10 11 1
7 14 1 2 3 4 5 9 10 12 1
7 14 1 2 3 4 5 9 10 13 1
7 14 1 2 3 4 5 9 11 12 1
7 14 1 2 3 4 5 9 11 13 1
7 14 1 2 3 4 5 9 12 13 1
7 14 1 2 3 4 5 10 11 12 1
7 14 1 2 3 4 5 10 11 13 1
7 14 1 2 3 4 5 10 12 13 1.41421
7 14 1 2 3 4 5 11 12 13 1
7 14 1 2 3 4 6 8 9 10 1
7 14 1 2 3 4 6 8 9 11 1
7 14 1 2 3 4 6 8 9 12 1
7 14 1 2 3 4 6 8 9 13 0
7 14 1 2 3 4 6 8 10 11 1
7 14 1 2 3 4 6 8 10 12 1
7 14 1 2 3 4 6 8 10 13 0
7 14 1 2 3 4 6 8 11 12 1
7 14 1 2 3 4 6 8 11 13 0
7 14 1 2 3 4 6 8 12 13 0
7 14 1 2 3 4 6 9 10 11 1
7 14 1 2 3 4 6 9 10 12 1
7 14 1 2 3 4 6 9 10 13 0
7 14 1 2 3 4 6 9 11 12 1
7 14 1 2 3 4 6 9 11 13 1
7 14 1 2 3 4 6 9 12 13 1
7 14 1 2 3 4 6 10 11 12 1
7 14 1 2 3 4 6 10 11 13 0
7 14 1 2 3 4 6 10 12 13 0
7 14 1 2 3 4 6 11 12 13 1
7 14 1 2 3 4 8 9 10 11 1
7 14 1 2 3 4 8 9 10 12 1
7 14 1 2 3 4 8 9 10 13 1
7 14 1 2 3 4 8 9 11 12 1
7 14 1 2 3 4 8 9 11 13 0
7 14 1 2 3 4 8 9 12 13 1
7 14 1 2 3 4 8 10 11 12 1
7 14 1 2 3 4 8 10 11 13 1
7 14 1 2 3 4 8 10 12 13 1.41421
7 14 1 2 3 4 8 11 12 13 1
7 14 1 2 3 4 9 10 11 12 1
7 14 1 2 3 4 9 10 11 13 0
7 14 1 2 3 4 9 10 12 13 1
7 14 1 2 3 4 9 11 12 13 1
7 14 1 2 3 4 10 11 12 13 1
7 14 1 2 3 5 6 8 9 10 1
7 14 1 2 3 5 6 8 9 11 1
7 14 1 2 3 5 6 8 9 12 1
7 14 1 2 3 5 6 8 9 13 1
7 14 1 2 3 5 6 8 10 11 1
7 14 1 2 3 5 6 8 10 12 1
7 14 1 2 3 5 6 8 10 13 0
7 14 1 2 3 5 6 8 11 12 1
7 14 1 2 3 5 6 8 11 13 1
7 14 1 2 3 5 6 8 12 13 1
7 14 1 2 3 5 6 9 10 11 1
7 14 1 2 3 5 6 9 10 12 1
7 14 1 2 3 5 6 9 10 13 0
7 14 1 2 3 5 6 9 11 12 1.41421
7 14 1 2 3 5 6 9 11 13 1.41421
7 14 1 2 3 5 6 9 12 13 1.41421
7 14 1 2 3 5 6 10 11 12 1
7 14 1 2 3 5 6 10 11 13 0
7 14 1 2 3 5 6 10 12 13 0
7 14 1 2 3 5 6 11 12 13 1.41421
7 14 1 2 3 5 8 9 10 11 1
7 14 1 2 3 5 8 9 10 12 1
7 14 1 2 3 5 8 9 10 13 1
7 14 1 2 3 5 8 9 11 12 1
7 14 1 2 3 5 8 9 11 13 1
7 14 1 2 3 5 8 9 12 13 1
7 14 1 2 3 5 8 10 11 12 1
7 14 1 2 3 5 8 10 11 13 1
7 14 1 2 3 5 8 10 12 13 1.41421
7 14 1 2 3 5 8 11 12 13 1
7 14 1 2 3 5 9 10 11 12 1
7 14 1 2 3 5 9 10 11 13 0
7 14 1 2 3 5 9 10 12 13 1
7 14 1 2 3 5 9 11 12 13 1.41421
7 14 1 2 3 5 10 11 12 13 1
7 14 1 2 3 6 8 9 10 11 1
7 14 1 2 3 6 8 9 10 12 1
7 14 1 2 3 6 8 9 10 13 1
7 14 1 2 3 6 8 9 11 12 1.41421
7 14 1 2 3 6 8 9 11 13 1.41421
7 14 1 2 3 6 8 9 12 13 1.41421
7 14 1 2 3 6 8 10 11 12 1
7 14 1 2 3 6 8 10 11 13 1
7 14 1 2 3 6 8 10 12 13 1
7 14 1 2 3 6 8 11 12 13 1.41421
7 14 1 2 3 6 9 10 11 12 1
7 14 1 2 3 6 9 10 11 13 1
7 14 1 2 3 6 9 10 12 13 1
7 14 1 2 3 6 9 11 12 13 1.62019
7 14 1 2 3 6 10 11 12 13 1
7 14 1 2 3 8 9 10 11 12 1
7 14 1 2 3 8 9 10 11 13 1
7 14 1 2 3 8 9 10 12 13 1
7 14 1 2 3 8 9 11 12 13 1.41421
7 14 1 2 3 8 10 11 12 13 1
7 14 1 2 3 9 10 11 12 13 1
7 14 1 2 4 5 6 8 9 10 1
7 14 1 2 4 5 6 8 9 11 1
7 14 1 2 4 5 6 8 9 12 1
7 14 1 2 4 5 6 8 9 13 1
7 14 1 2 4 5 6 8 10 11 1
7 14 1 2 4 5 6 8 10 12 1
7 14 1 2 4 5 6 8 10 13 1
7 14 1 2 4 5 6 8 11 12 1
7 14 1 2 4 5 6 8 11 13 0
7 14 1 2 4 5 6 8 12 13 1
7 14 1 2 4 5 6 9 10 11 1
7 14 1 2 4 5 6 9 10 12 1
7 14 1 2 4 5 6 9 10 13 1
7 14 1 2 4 5 6 9 11 12 1
7 14 1 2 4 5 6 9 11 13 1
7 14 1 2 4 5 6 9 12 13 1
7 14 1 2 4 5 6 10 11 12 1
7 14 1 2 4 5 6 10 11 13 0
7 14 1 2 4 5 6 10 12 13 1
7 14 1 2 4 5 6 11 12 13 1
7 14 1 2 4 5 8 9 10 11 1
7 14 1 2 4 5 8 9 10 12 1.41421
7 14 1 2 4 5 8 9 10 13 1.41421
7 14 1 2 4 5 8 9 11 12 1
7 14 1 2 4 5 8 9 11 13 0
7 14 1 2 4 5 8 9 12 13 1.41421
7 14 1 2 4 5 8 10 11 12 1
7 14 1 2 4 5 8 10 11 13 1
7 14 1 2 4 5 8 10 12 13 1.62019
7 14 1 2 4 5 8 11 12 13 1
7 14 1 2 4 5 9 10 11 12 1
7 14 1 2 4 5 9 10 11 13 0
7 14 1 2 4 5 9 10 12 13 1.41421
7 14 1 2 4 5 9 11 12 13 1
7 14 1 2 4 5 10 11 12 13 1
7 14 1 2 4 6 8 9 10 11 1
7 14 1 2 4 6 8 9 10 12 1
7 14 1 2 4 6 8 9 10 13 1
7 14 1 2 4 6 8 9 11 12 1
7 14 1 2 4 6 8 9 11 13 0
7 14 1 2 4 6 8 9 12 13 1
7 14 1 2 4 6 8 10 11 12 1
7 14 1 2 4 6 8 10 11 13 0
7 14 1 2 4 6 8 10 12 13 1
7 14 1 2 4 6 8 11 12 13 0
7 14 1 2 4 6 9 10 11 12 1
7 14 1 2 4 6 9 10 11 13 0
7 14 1 2 4 6 9 10 12 13 1
7 14 1 2 4 6 9 11 12 13 1
7 14 1 2 4 6 10 11 12 13 0
7 14 1 2 4 8 9 10 11 12 1
7 14 1 2 4 8 9 10 11 13 0
7 14 1 2 4 8 9 10 12 13 1.41421
7 14 1 2 4 8 9 11 12 13 0
7 14 1 2 4 8 10 11 12 13 1
7 14 1 2 4 9 10 11 12 13 0
7 14 1 2 5 6 8 9 10 11 1
7 14 1 2 5 6 8 9 10 12 1
7 14 1 2 5 6 8 9 10 13 1
7 14 1 2 5 6 8 9 11 12 1
7 14 1 2 5 6 8 9 11 13 1
7 14 1 2 5 6 8 9 12 13 1
7 14 1 2 5 6 8 10 11 12 1
7 14 1 2 5 6 8 10 11 13 0
7 14 1 2 5 6 8 10 12 13 1
7 14 1 2 5 6 8 11 12 13 1
7 14 1 2 5 6 9 10 11 12 1
7 14 1 2 5 6 9 10 11 13 0
7 14 1 2 5 6 9 10 12 13 1
7 14 1 2 5 6 9 11 12 13 1.41421
7 14 1 2 5 6 10 11 12 13 0
7 14 1 2 5 8 9 10 11 12 1
7 14 1 2 5 8 9 10 11 13 0
7 14 1 2 5 8 9 10 12 13 1.41421
7 14 1 2 5 8 9 11 12 13 1
7 14 1 2 5 8 10 11 12 13 1
7 14 1 2 5 9 10 11 12 13 0
7 14 1 2 6 8 9 10 11 12 1
7 14 1 2 6 8 9 10 11 13 1
7 14 1 2 6 8 9 10 12 13 1
7 14 1 2 6 8 9 11 12 13 1.41421
7 14 1 2 6 8 10 11 12 13 1
7 14 1 2 6 9 10 11 12 13 1
7 14 1 2 8 9 10 11 12 13 1
7 14 1 3 4 5 6 8 9 10 1
7 14 1 3 4 5 6 8 9 11 1
7 14 1 3 4 5 6 8 9 12 1
7 14 1 3 4 5 6 8 9 13 0
7 14 1 3 4 5 6 8 10 11 1
7 14 1 3 4 5 6 8 10 12 1
7 14 1 3 4 5 6 8 10 13 0
7 14 1 3 4 5 6 8 11 12 1
7 14 1 3 4 5 6 8 11 13 0
7 14 1 3 4 5 6 8 12 13 0
7 14 1 3 4 5 6 9 10 11 1
7 14 1 3 4 5 6 9 10 12 1
7 14 1 3 4 5 6 9 10 13 0
7 14 1 3 4 5 6 9 11 12 1
7 14 1 3 4 5 6 9 11 13 1
7 14 1 3 4 5 6 9 12 13 1
7 14 1 3 4 5 6 10 11 12 1
7 14 1 3 4 5 6 10 11 13 0
7 14 1 3 4 5 6 10 12 13 0
7 14 1 3 4 5 6 11 12 13 1
7 14 1 3 4 5 8 9 10 11 1
7 14 1 3 4 5 8 9 10 12 1
7 14 1 3 4 5 8 9 10 13 1
7 14 1 3 4 5 8 9 11 12 1
7 14 1 3 4 5 8 9 11 13 0
7 14 1 3 4 5 8 9 12 13 1
7 14 1 3 4 5 8 10 11 12 1
7 14 1 3 4 5 8 10 11 13 1
7 14 1 3 4 5 8 10 12 13 1.41421
7 14 1 3 4 5 8 11 12 13 1
7 14 1 3 4 5 9 10 11 12 1
7 14 1 3 4 5 9 10 11 13 0
7 14 1 3 4 5 9 10 12 13 1
7 14 1 3 4 5 9 11 12 13 1
7 14 1 3 4 5 10 11 12 13 1
7 14 1 3 4 6 8 9 10 11 1
7 14 1 3 4 6 8 9 10 12 1
7 14 1 3 4 6 8 9 10 13 1
7 14 1 3 4 6 8 9 11 12 1
7 14 1 3 4 6 8 9 11 13 1
7 14 1 3 4 6 8 9 12 13 1
7 14 1 3 4 6 8 10 11 12 1
7 14 1 3 4 6 8 10 11 13 1
7 14 1 3 4 6 8 10 12 13 1
7 14 1 3 4 6 8 11 12 13 1
7 14 1 3 4 6 9 10 11 12 1
7 14 1 3 4 6 9 10 11 13 1
7 14 1 3 4 6 9 10 12 13 1
7 14 1 3 4 6 9 11 12 13 1
7 14 1 3 4 6 10 11 12 13 1
7 14 1 3 4 8 9 10 11 12 1
7 14 1 3 4 8 9 10 11 13 1
7 14 1 3 4 8 9 10 12 13 1
7 14 1 3 4 8 9 11 12 13 1
7 14 1 3 4 8 10 11 12 13 1
7 14 1 3 4 9 10 11 12 13 1
7 14 1 3 5 6 8 9 10 11 1
7 14 1 3 5 6 8 9 10 12 1
7 14 1 3 5 6 8 9 10 13 0
7 14 1 3 5 6 8 9 11 12 1
7 14 1 3 5 6 8 9 11 13 1
7 14 1 3 5 6 8 9 12 13 1
7 14 1 3 5 6 8 10 11 12 1
7 14 1 3 5 6 8 10 11 13 0
7 14 1 3 5 6 8 10 12 13 0
7 14 1 3 5 6 8 11 12 13 1
7 14 1 3 5 6 9 10 11 12 1
7 14 1 3 5 6 9 10 11 13 0
7 14 1 3 5 6 9 10 12 13 0
7 14 1 3 5 6 9 11 12 13 1.41421
7 14 1 3 5 6 10 11 12 13 0
7 14 1 3 5 8 9 10 11 12 1
7 14 1 3 5 8 9 10 11 13 0
7 14 1 3 5 8 9 10 12 13 1
7 14 1 3 5 8 9 11 12 13 1
7 14 1 3 5 8 10 11 12 13 1
7 14 1 3 5 9 10 11 12 13 0
7 14 1 3 6 8 9 10 11 12 1.41421
7 14 1 3 6 8 9 10 11 13 1.41421
7 14 1 3 6 8 9 10 12 13 1.41421
7 14 1 3 6 8 9 11 12 13 1.62019
7 14 1 3 6 8 10 11 12 13 1.41421
7 14 1 3 6 9 10 11 12 13 1.41421
7 14 1 3 8 9 10 11 12 13 1.41421
7 14 1 4 5 6 8 9 10 11 1
7 14 1 4 5 6 8 9 10 12 1.41421
7 14 1 4 5 6 8 9 10 13 1.41421
7 14 1 4 5 6 8 9 11 12 1
7 14 1 4 5 6 8 9 11 13 1
7 14 1 4 5 6 8 9 12 13 1.41421
7 14 1 4 5 6 8 10 11 12 1
7 14 1 4 5 6 8 10 11 13 1
7 14 1 4 5 6 8 10 12 13 1.41421
7 14 1 4 5 6 8 11 12 13 1
7 14 1 4 5 6 9 10 11 12 1
7 14 1 4 5 6 9 10 11 13 1
7 14 1 4 5 6 9 10 12 13 1.41421
7 14 1 4 5 6 9 11 12 13 1
7 14 1 4 5 6 10 11 12 13 1
7 14 1 4 5 8 9 10 11 12 1
7 14 1 4 5 8 9 10 11 13 1
7 14 1 4 5 8 9 10 12 13 1.62019
7 14 1 4 5 8 9 11 12 13 1
7 14 1 4 5 8 10 11 12 13 1
7 14 1 4 5 9 10 11 12 13 1
7 14 1 4 6 8 9 10 11 12 1.41421
7 14 1 4 6 8 9 10 11 13 1.41421
7 14 1 4 6 8 9 10 12 13 1.62019
7 14 1 4 6 8 9 11 12 13 1.41421
7 14 1 4 6 8 10 11 12 13 1.41421
7 14 1 4 6 9 10 11 12 13 1.41421
7 14 1 4 8 9 10 11 12 13 1.41421
7 14 1 5 6 8 9 10 11 12 1
7 14 1 5 6 8 9 10 11 13 1
7 14 1 5 6 8 9 10 12 13 1.41421
7 14 1 5 6 8 9 11 12 13 1
7 14 1 5 6 8 10 11 12 13 1
7 14 1 5 6 9 10 11 12 13 1
7 14 1 5 8 9 10 11 12 13 1
7 14 1 6 8 9 10 11 12 13 1.62019
7 14 2 3 4 5 6 8 9 10 1.62019
7 14 2 3 4 5 6 8 9 11 1.62019
7 14 2 3 4 5 6 8 9 12 1.41421
7 14 2 3 4 5 6 8 9 13 1
7 14 2 3 4 5 6 8 10 11 1.62019
7 14 2 3 4 5 6 8 10 12 1.41421
7 14 2 3 4 5 6 8 10 13 1
7 14 2 3 4 5 6 8 11 12 1.41421
7 14 2 3 4 5 6 8 11 13 1
7 14 2 3 4 5 6 8 12 13 0
7 14 2 3 4 5 6 9 10 11 1.85164
7 14 2 3 4 5 6 9 10 12 1.62019
7 14 2 3 4 5 6 9 10 13 1.41421
7 14 2 3 4 5 6 9 11 12 1.73205
7 14 2 3 4 5 6 9 11 13 1.62019
7 14 2 3 4 5 6 9 12 13 1.41421
7 14 2 3 4 5 6 10 11 12 1.62019
7 14 2 3 4 5 6 10 11 13 1.41421
7 14 2 3 4 5 6 10 12 13 1
7 14 2 3 4 5 6 11 12 13 1.41421
7 14 2 3 4 5 8 9 10 11 1.62019
7 14 2 3 4 5 8 9 10 12 1.41421
7 14 2 3 4 5 8 9 10 13 1
7 14 2 3 4 5 8 9 11 12 1.41421
7 14 2 3 4 5 8 9 11 13 1
7 14 2 3 4 5 8 9 12 13 1
7 14 2 3 4 5 8 10 11 12 1.41421
7 14 2 3 4 5 8 10 11 13 1
7 14 2 3 4 5 8 10 12 13 1.41421
7 14 2 3 4 5 8 11 12 13 1
7 14 2 3 4 5 9 10 11 12 1.62019
7 14 2 3 4 5 9 10 11 13 1.41421
7 14 2 3 4 5 9 10 12 13 1
7 14 2 3 4 5 9 11 12 13 1.41421
7 14 2 3 4 5 10 11 12 13 1
7 14 2 3 4 6 8 9 10 11 1.62019
7 14 2 3 4 6 8 9 10 12 1.41421
7 14 2 3 4 6 8 9 10 13 1
7 14 2 3 4 6 8 9 11 12 1.41421
7 14 2 3 4 6 8 9 11 13 1
7 14 2 3 4 6 8 9 12 13 0
7 14 2 3 4 6 8 10 11 12 1.41421
7 14 2 3 4 6 8 10 11 13 1
7 14 2 3 4 6 8 10 12 13 0
7 14 2 3 4 6 8 11 12 13 0
7 14 2 3 4 6 9 10 11 12 1.62019
7 14 2 3 4 6 9 10 11 13 1.41421
7 14 2 3 4 6 9 10 12 13 1
7 14 2 3 4 6 9 11 12 13 1.41421
7 14 2 3 4 6 10 11 12 13 1
7 14 2 3 4 8 9 10 11 12 1.41421
7 14 2 3 4 8 9 10 11 13 1
7 14 2 3 4 8 9 10 12 13 1
7 14 2 3 4 8 9 11 12 13 0
7 14 2 3 4 8 10 11 12 13 1
7 14 2 3 4 9 10 11 12 13 1
7 14 2 3 5 6 8 9 10 11 1.62019
7 14 2 3 5 6 8 9 10 12 1.41421
7 14 2 3 5 6 8 9 10 13 1
7 14 2 3 5 6 8 9 11 12 1.41421
7 14 2 3 5 6 8 9 11 13 1
7 14 2 3 5 6 8 9 12 13 1
7 14 2 3 5 6 8 10 11 12 1.41421
7 14 2 3 5 6 8 10 11 13 1
7 14 2 3 5 6 8 10 12 13 0
7 14 2 3 5 6 8 11 12 13 1
7 14 2 3 5 6 9 10 11 12 1.62019
7 14 2 3 5 6 9 10 11 13 1.41421
7 14 2 3 5 6 9 10 12 13 1
7 14 2 3 5 6 9 11 12 13 1.62019
7 14 2 3 5 6 10 11 12 13 1
7 14 2 3 5 8 9 10 11 12 1.41421
7 14 2 3 5 8 9 10 11 13 1
7 14 2 3 5 8 9 10 12 13 1
7 14 2 3 5 8 9 11 12 13 1
7 14 2 3 5 8 10 11 12 13 1
7 14 2 3 5 9 10 11 12 13 1
7 14 2 3 6 8 9 10 11 12 1.41421
7 14 2 3 6 8 9 10 11 13 1
7 14 2 3 6 8 9 10 12 13 1
7 14 2 3 6 8 9 11 12 13 1.41421
7 14 2 3 6 8 10 11 12 13 1
7 14 2 3 6 9 10 11 12 13 1
7 14 2 3 8 9 10 11 12 13 1
7 14 2 4 5 6 8 9 10 11 1.62019
7 14 2 4 5 6 8 9 10 12 1.41421
7 14 2 4 5 6 8 9 10 13 1
7 14 2 4 5 6 8 9 11 12 1.41421
7 14 2 4 5 6 8 9 11 13 1
7 14 2 4 5 6 8 9 12 13 1
7 14 2 4 5 6 8 10 11 12 1.41421
7 14 2 4 5 6 8 10 11 13 1
7 14 2 4 5 6 8 10 12 13 1
7 14 2 4 5 6 8 11 12 13 0
7 14 2 4 5 6 9 10 11 12 1.62019
7 14 2 4 5 6 9 10 11 13 1.41421
7 14 2 4 5 6 9 10 12 13 1
7 14 2 4 5 6 9 11 12 13 1.41421
7 14 2 4 5 6 10 11 12 13 1
7 14 2 4 5 8 9 10 11 12 1.41421
7 14 2 4 5 8 9 10 11 13 1
7 14 2 4 5 8 9 10 12 13 1.41421
7 14 2 4 5 8 9 11 12 13 0
7 14 2 4 5 8 10 11 12 13 1
7 14 2 4 5 9 10 11 12 13 1
7 14 2 4 6 8 9 10 11 12 1.41421
7 14 2 4 6 8 9 10 11 13 1
7 14 2 4 6 8 9 10 12 13 1
7 14 2 4 6 8 9 11 12 13 0
7 14 2 4 6 8 10 11 12 13 0
7 14 2 4 6 9 10 11 12 13 1
7 14 2 4 8 9 10 11 12 13 0
7 14 2 5 6 8 9 10 11 12 1.41421
7 14 2 5 6 8 9 10 11 13 1
7 14 2 5 6 8 9 10 12 13 1
7 14 2 5 6 8 9 11 12 13 1
7 14 2 5 6 8 10 11 12 13 0
7 14 2 5 6 9 10 11 12 13 1
7 14 2 5 8 9 10 11 12 13 0
7 14 2 6 8 9 10 11 12 13 1
7 14 3 4 5 6 8 9 10 11 1.85164
7 14 3 4 5 6 8 9 10 12 1.62019
7 14 3 4 5 6 8 9 10 13 1.41421
7 14 3 4 5 6 8 9 11 12 1.62019
7 14 3 4 5 6 8 9 11 13 1.41421
7 14 3 4 5 6 8 9 12 13 1
7 14 3 4 5 6 8 10 11 12 1.62019
7 14 3 4 5 6 8 10 11 13 1.41421
7 14 3 4 5 6 8 10 12 13 1
7 14 3 4 5 6 8 11 12 13 1
7 14 3 4 5 6 9 10 11 12 1.85164
7 14 3 4 5 6 9 10 11 13 1.73205
7 14 3 4 5 6 9 10 12 13 1.41421
7 14 3 4 5 6 9 11 12 13 1.62019
7 14 3 4 5 6 10 11 12 13 1.41421
7 14 3 4 5 8 9 10 11 12 1.62019
7 14 3 4 5 8 9 10 11 13 1.41421
7 14 3 4 5 8 9 10 12 13 1
7 14 3 4 5 8 9 11 12 13 1
7 14 3 4 5 8 10 11 12 13 1
7 14 3 4 5 9 10 11 12 13 1.41421
7 14 3 4 6 8 9 10 11 12 1.73205
7 14 3 4 6 8 9 10 11 13 1.62019
7 14 3 4 6 8 9 10 12 13 1.41421
7 14 3 4 6 8 9 11 12 13 1.41421
7 14 3 4 6 8 10 11 12 13 1.41421
7 14 3 4 6 9 10 11 12 13 1.62019
7 14 3 4 8 9 10 11 12 13 1.41421
7 14 3 5 6 8 9 10 11 12 1.62019
7 14 3 5 6 8 9 10 11 13 1.41421
7 14 3 5 6 8 9 10 12 13 1
7 14 3 5 6 8 9 11 12 13 1
7 14 3 5 6 8 10 11 12 13 1
7 14 3 5 6 9 10 11 12 13 1.41421
7 14 3 5 8 9 10 11 12 13 1
7 14 3 6 8 9 10 11 12 13 1.62019
7 14 4 5 6 8 9 10 11 12 1.73205
7 14 4 5 6 8 9 10 11 13 1.62019
7 14 4 5 6 8 9 10 12 13 1.62019
7 14 4 5 6 8 9 11 12 13 1.41421
7 14 4 5 6 8 10 11 12 13 1.41421
7 14 4 5 6 9 10 11 12 13 1.62019
7 14 4 5 8 9 10 11 12 13 1.41421
7 14 4 6 8 9 10 11 12 13 1.73205
7 14 5 6 8 9 10 11 12 13 1.41421
