11 12 0 1 2.23607
11 12 0 2 2.2563
11 12 0 3 2.50333
11 12 0 4 2.62202
11 12 0 5 2.39046
11 12 0 6 2.74064
11 12 0 7 2.2563
11 12 0 8 2.64575
11 12 0 9 2.74064
11 12 0 10 2.66231
11 12 0 13 2.68949
11 12 0 14 2.72279
11 12 1 2 1.93309
11 12 1 3 2
11 12 1 4 2
11 12 1 5 1.73205
11 12 1 6 2.23607
11 12 1 7 1.93309
11 12 1 8 2.19089
11 12 1 9 2.23607
11 12 1 10 2.13664
11 12 1 13 2.23607
11 12 1 14 2.19089
11 12 2 3 2.20605
11 12 2 4 2.12132
11 12 2 5 2.081
11 12 2 6 2.27761
11 12 2 7 2
11 12 2 8 2.04495
11 12 2 9 2.27761
11 12 2 10 2.09938
11 12 2 13 2.173
11 12 2 14 2.23607
11 12 3 4 2.36827
11 12 3 5 2.19034
11 12 3 6 2.51916
11 12 3 7 2.20605
11 12 3 8 2.3094
11 12 3 9 2.51916
11 12 3 10 2.39046
11 12 3 13 2.44949
11 12 3 14 2.5
11 12 4 5 2.36827
11 12 4 6 2.6176
11 12 4 7 2.12132
11 12 4 8 2.53722
11 12 4 9 2.6176
11 12 4 10 2.62216
11 12 4 13 2.53899
11 12 4 14 2.61652
11 12 5 6 2.39792
11 12 5 7 2.081
11 12 5 8 2.16025
11 12 5 9 2.39792
11 12 5 10 2.32266
11 12 5 13 2.23607
11 12 5 14 2.36827
11 12 6 7 2.27761
11 12 6 8 2.62912
11 12 6 9 2.73861
11 12 6 10 2.68164
11 12 6 13 2.68949
11 12 6 14 2.71649
11 12 7 8 2.04495
11 12 7 9 2.27761
11 12 7 10 2.09938
11 12 7 13 2.173
11 12 7 14 2.23607
11 12 8 9 2.62912
11 12 8 10 2.60419
11 12 8 13 2.53899
11 12 8 14 2.61861
11 12 9 10 2.68164
11 12 9 13 2.68949
11 12 9 14 2.71649
11 12 10 13 2.58844
11 12 10 14 2.68164
11 12 13 14 2.65875
