11 12 0 1 2 3 1.90693
11 12 0 1 2 4 1.41421
11 12 0 1 2 5 1.73205
11 12 0 1 2 6 1.93309
11 12 0 1 2 7 1.85164
11 12 0 1 2 8 1.81265
11 12 0 1 2 9 1.93309
11 12 0 1 2 10 1.62019
11 12 0 1 2 13 1.93309
11 12 0 1 2 14 1.81265
11 12 0 1 3 4 1.41421
11 12 0 1 3 5 1.73205
11 12 0 1 3 6 2
11 12 0 1 3 7 1.90693
11 12 0 1 3 8 1.90693
11 12 0 1 3 9 2
11 12 0 1 3 10 1.73205
11 12 0 1 3 13 2
11 12 0 1 3 14 1.90693
11 12 0 1 4 5 1.41421
11 12 0 1 4 6 2
11 12 0 1 4 7 1.41421
11 12 0 1 4 8 2
11 12 0 1 4 9 2
11 12 0 1 4 10 2
11 12 0 1 4 13 2
11 12 0 1 4 14 2
11 12 0 1 5 6 1.73205
11 12 0 1 5 7 1.73205
11 12 0 1 5 8 1.41421
11 12 0 1 5 9 1.73205
11 12 0 1 5 10 1.41421
11 12 0 1 5 13 1.73205
11 12 0 1 5 14 1.41421
11 12 0 1 6 7 1.93309
11 12 0 1 6 8 2.19089
11 12 0 1 6 9 2.23607
11 12 0 1 6 10 2.13664
11 12 0 1 6 13 2.23607
11 12 0 1 6 14 2.19089
11 12 0 1 7 8 1.81265
11 12 0 1 7 9 1.93309
11 12 0 1 7 10 1.62019
11 12 0 1 7 13 1.93309
11 12 0 1 7 14 1.81265
11 12 0 1 8 9 2.19089
11 12 0 1 8 10 2.13664
11 12 0 1 8 13 2.19089
11 12 0 1 8 14 2.16025
11 12 0 1 9 10 2.13664
11 12 0 1 9 13 2.23607
11 12 0 1 9 14 2.19089
11 12 0 1 10 13 2.13664
11 12 0 1 10 14 2.13664
11 12 0 1 13 14 2.19089
11 12 0 2 3 4 2
11 12 0 2 3 5 2
11 12 0 2 3 6 2.16025
11 12 0 2 3 7 2
11 12 0 2 3 8 2
11 12 0 2 3 9 2.16025
11 12 0 2 3 10 1.90693
11 12 0 2 3 13 2.10639
11 12 0 2 3 14 2.10639
11 12 0 2 4 5 2
11 12 0 2 4 6 2.08167
11 12 0 2 4 7 1.73205
11 12 0 2 4 8 1.85164
11 12 0 2 4 9 2.08167
11 12 0 2 4 10 2.00294
11 12 0 2 4 13 1.93309
11 12 0 2 4 14 2.04939
11 12 0 2 5 6 2.04939
11 12 0 2 5 7 1.90693
11 12 0 2 5 8 1.62019
11 12 0 2 5 9 2.04939
11 12 0 2 5 10 1.85164
11 12 0 2 5 13 1.93309
11 12 0 2 5 14 2
11 12 0 2 6 7 2
11 12 0 2 6 8 2
11 12 0 2 6 9 2.2563
11 12 0 2 6 10 2.04939
11 12 0 2 6 13 2.173
11 12 0 2 6 14 2.19745
11 12 0 2 7 8 1.62019
11 12 0 2 7 9 2
11 12 0 2 7 10 1.41421
11 12 0 2 7 13 1.93309
11 12 0 2 7 14 1.81265
11 12 0 2 8 9 2
11 12 0 2 8 10 1.93309
11 12 0 2 8 13 1.93309
11 12 0 2 8 14 2
11 12 0 2 9 10 2.04939
11 12 0 2 9 13 2.173
11 12 0 2 9 14 2.19745
11 12 0 2 10 13 1.93309
11 12 0 2 10 14 2.04939
11 12 0 2 13 14 2.10639
11 12 0 3 4 5 2.10357
11 12 0 3 4 6 2.33699
11 12 0 3 4 7 2
11 12 0 3 4 8 2.13664
11 12 0 3 4 9 2.33699
11 12 0 3 4 10 2.28709
11 12 0 3 4 13 2.19089
11 12 0 3 4 14 2.32266
11 12 0 3 5 6 2.15297
11 12 0 3 5 7 2
11 12 0 3 5 8 1.73205
11 12 0 3 5 9 2.15297
11 12 0 3 5 10 2
11 12 0 3 5 13 2
11 12 0 3 5 14 2.10357
11 12 0 3 6 7 2.16025
11 12 0 3 6 8 2.28446
11 12 0 3 6 9 2.50333
11 12 0 3 6 10 2.35488
11 12 0 3 6 13 2.44949
11 12 0 3 6 14 2.46311
11 12 0 3 7 8 2
11 12 0 3 7 9 2.16025
11 12 0 3 7 10 1.90693
11 12 0 3 7 13 2.10639
11 12 0 3 7 14 2.10639
11 12 0 3 8 9 2.28446
11 12 0 3 8 10 2.23607
11 12 0 3 8 13 2.19089
11 12 0 3 8 14 2.26385
11 12 0 3 9 10 2.35488
11 12 0 3 9 13 2.44949
11 12 0 3 9 14 2.46311
11 12 0 3 10 13 2.23607
11 12 0 3 10 14 2.35488
11 12 0 3 13 14 2.38048
11 12 0 4 5 6 2.33699
11 12 0 4 5 7 2
11 12 0 4 5 8 2.13664
11 12 0 4 5 9 2.33699
11 12 0 4 5 10 2.28709
11 12 0 4 5 13 2.19089
11 12 0 4 5 14 2.32266
11 12 0 4 6 7 2.08167
11 12 0 4 6 8 2.52543
11 12 0 4 6 9 2.62202
11 12 0 4 6 10 2.61406
11 12 0 4 6 13 2.53899
11 12 0 4 6 14 2.62216
11 12 0 4 7 8 1.85164
11 12 0 4 7 9 2.08167
11 12 0 4 7 10 2.00294
11 12 0 4 7 13 1.93309
11 12 0 4 7 14 2.04939
11 12 0 4 8 9 2.52543
11 12 0 4 8 10 2.52543
11 12 0 4 8 13 2.44949
11 12 0 4 8 14 2.52543
11 12 0 4 9 10 2.61406
11 12 0 4 9 13 2.53899
11 12 0 4 9 14 2.62216
11 12 0 4 10 13 2.52543
11 12 0 4 10 14 2.61406
11 12 0 4 13 14 2.53722
11 12 0 5 6 7 2.04939
11 12 0 5 6 8 2.13664
11 12 0 5 6 9 2.39046
11 12 0 5 6 10 2.28709
11 12 0 5 6 13 2.23607
11 12 0 5 6 14 2.33699
11 12 0 5 7 8 1.62019
11 12 0 5 7 9 2.04939
11 12 0 5 7 10 1.85164
11 12 0 5 7 13 1.93309
11 12 0 5 7 14 2
11 12 0 5 8 9 2.13664
11 12 0 5 8 10 2.13664
11 12 0 5 8 13 2
11 12 0 5 8 14 2.13664
11 12 0 5 9 10 2.28709
11 12 0 5 9 13 2.23607
11 12 0 5 9 14 2.33699
11 12 0 5 10 13 2.13664
11 12 0 5 10 14 2.28709
11 12 0 5 13 14 2.19089
11 12 0 6 7 8 2
11 12 0 6 7 9 2.2563
11 12 0 6 7 10 2.04939
11 12 0 6 7 13 2.173
11 12 0 6 7 14 2.19745
11 12 0 6 8 9 2.64575
11 12 0 6 8 10 2.58844
11 12 0 6 8 13 2.53899
11 12 0 6 8 14 2.60419
11 12 0 6 9 10 2.66231
11 12 0 6 9 13 2.68949
11 12 0 6 9 14 2.72279
11 12 0 6 10 13 2.58844
11 12 0 6 10 14 2.66231
11 12 0 6 13 14 2.65875
11 12 0 7 8 9 2
11 12 0 7 8 10 1.93309
11 12 0 7 8 13 1.93309
11 12 0 7 8 14 2
11 12 0 7 9 10 2.04939
11 12 0 7 9 13 2.173
11 12 0 7 9 14 2.19745
11 12 0 7 10 13 1.93309
11 12 0 7 10 14 2.04939
11 12 0 7 13 14 2.10639
11 12 0 8 9 10 2.58844
11 12 0 8 9 13 2.53899
11 12 0 8 9 14 2.60419
11 12 0 8 10 13 2.52543
11 12 0 8 10 14 2.58844
11 12 0 8 13 14 2.53722
11 12 0 9 10 13 2.58844
11 12 0 9 10 14 2.66231
11 12 0 9 13 14 2.65875
11 12 0 10 13 14 2.58844
11 12 1 2 3 4 1.41421
11 12 1 2 3 5 1.73205
11 12 1 2 3 6 1.90693
11 12 1 2 3 7 1.85164
11 12 1 2 3 8 1.73205
11 12 1 2 3 9 1.90693
11 12 1 2 3 10 1.41421
11 12 1 2 3 13 1.90693
11 12 1 2 3 14 1.73205
11 12 1 2 4 5 1.41421
11 12 1 2 4 6 1.41421
11 12 1 2 4 7 1.41421
11 12 1 2 4 8 1.41421
11 12 1 2 4 9 1.41421
11 12 1 2 4 10 1.41421
11 12 1 2 4 13 1.41421
11 12 1 2 4 14 1.41421
11 12 1 2 5 6 1.73205
11 12 1 2 5 7 1.73205
11 12 1 2 5 8 1.41421
11 12 1 2 5 9 1.73205
11 12 1 2 5 10 1
11 12 1 2 5 13 1.73205
11 12 1 2 5 14 1.41421
11 12 1 2 6 7 1.85164
11 12 1 2 6 8 1.81265
11 12 1 2 6 9 1.93309
11 12 1 2 6 10 1.62019
11 12 1 2 6 13 1.93309
11 12 1 2 6 14 1.81265
11 12 1 2 7 8 1.62019
11 12 1 2 7 9 1.85164
11 12 1 2 7 10 1
11 12 1 2 7 13 1.85164
11 12 1 2 7 14 1.62019
11 12 1 2 8 9 1.81265
11 12 1 2 8 10 1.62019
11 12 1 2 8 13 1.81265
11 12 1 2 8 14 1.73205
11 12 1 2 9 10 1.62019
11 12 1 2 9 13 1.93309
11 12 1 2 9 14 1.81265
11 12 1 2 10 13 1.62019
11 12 1 2 10 14 1.62019
11 12 1 2 13 14 1.81265
11 12 1 3 4 5 1.41421
11 12 1 3 4 6 1.41421
11 12 1 3 4 7 1.41421
11 12 1 3 4 8 1.41421
11 12 1 3 4 9 1.41421
11 12 1 3 4 10 1.41421
11 12 1 3 4 13 1.41421
11 12 1 3 4 14 1.41421
11 12 1 3 5 6 1.73205
11 12 1 3 5 7 1.73205
11 12 1 3 5 8 1.41421
11 12 1 3 5 9 1.73205
11 12 1 3 5 10 1
11 12 1 3 5 13 1.73205
11 12 1 3 5 14 1.41421
11 12 1 3 6 7 1.90693
11 12 1 3 6 8 1.90693
11 12 1 3 6 9 2
11 12 1 3 6 10 1.73205
11 12 1 3 6 13 2
11 12 1 3 6 14 1.90693
11 12 1 3 7 8 1.73205
11 12 1 3 7 9 1.90693
11 12 1 3 7 10 1.41421
11 12 1 3 7 13 1.90693
11 12 1 3 7 14 1.73205
11 12 1 3 8 9 1.90693
11 12 1 3 8 10 1.73205
11 12 1 3 8 13 1.90693
11 12 1 3 8 14 1.85164
11 12 1 3 9 10 1.73205
11 12 1 3 9 13 2
11 12 1 3 9 14 1.90693
11 12 1 3 10 13 1.73205
11 12 1 3 10 14 1.73205
11 12 1 3 13 14 1.90693
11 12 1 4 5 6 1.41421
11 12 1 4 5 7 1.41421
11 12 1 4 5 8 1.41421
11 12 1 4 5 9 1.41421
11 12 1 4 5 10 1.41421
11 12 1 4 5 13 1.41421
11 12 1 4 5 14 1.41421
11 12 1 4 6 7 1.41421
11 12 1 4 6 8 2
11 12 1 4 6 9 2
11 12 1 4 6 10 2
11 12 1 4 6 13 2
11 12 1 4 6 14 2
11 12 1 4 7 8 1.41421
11 12 1 4 7 9 1.41421
11 12 1 4 7 10 1.41421
11 12 1 4 7 13 1.41421
11 12 1 4 7 14 1.41421
11 12 1 4 8 9 2
11 12 1 4 8 10 2
11 12 1 4 8 13 2
11 12 1 4 8 14 2
11 12 1 4 9 10 2
11 12 1 4 9 13 2
11 12 1 4 9 14 2
11 12 1 4 10 13 2
11 12 1 4 10 14 2
11 12 1 4 13 14 2
11 12 1 5 6 7 1.73205
11 12 1 5 6 8 1.41421
11 12 1 5 6 9 1.73205
11 12 1 5 6 10 1.41421
11 12 1 5 6 13 1.73205
11 12 1 5 6 14 1.41421
11 12 1 5 7 8 1.41421
11 12 1 5 7 9 1.73205
11 12 1 5 7 10 1
11 12 1 5 7 13 1.73205
11 12 1 5 7 14 1.41421
11 12 1 5 8 9 1.41421
11 12 1 5 8 10 1.41421
11 12 1 5 8 13 1.41421
11 12 1 5 8 14 1.41421
11 12 1 5 9 10 1.41421
11 12 1 5 9 13 1.73205
11 12 1 5 9 14 1.41421
11 12 1 5 10 13 1.41421
11 12 1 5 10 14 1.41421
11 12 1 5 13 14 1.41421
11 12 1 6 7 8 1.81265
11 12 1 6 7 9 1.93309
11 12 1 6 7 10 1.62019
11 12 1 6 7 13 1.93309
11 12 1 6 7 14 1.81265
11 12 1 6 8 9 2.19089
11 12 1 6 8 10 2.13664
11 12 1 6 8 13 2.19089
11 12 1 6 8 14 2.16025
11 12 1 6 9 10 2.13664
11 12 1 6 9 13 2.23607
11 12 1 6 9 14 2.19089
11 12 1 6 10 13 2.13664
11 12 1 6 10 14 2.13664
11 12 1 6 13 14 2.19089
11 12 1 7 8 9 1.81265
11 12 1 7 8 10 1.62019
11 12 1 7 8 13 1.81265
11 12 1 7 8 14 1.73205
11 12 1 7 9 10 1.62019
11 12 1 7 9 13 1.93309
11 12 1 7 9 14 1.81265
11 12 1 7 10 13 1.62019
11 12 1 7 10 14 1.62019
11 12 1 7 13 14 1.81265
11 12 1 8 9 10 2.13664
11 12 1 8 9 13 2.19089
11 12 1 8 9 14 2.16025
11 12 1 8 10 13 2.13664
11 12 1 8 10 14 2.13664
11 12 1 8 13 14 2.16025
11 12 1 9 10 13 2.13664
11 12 1 9 10 14 2.13664
11 12 1 9 13 14 2.19089
11 12 1 10 13 14 2.13664
11 12 2 3 4 5 2
11 12 2 3 4 6 2.0381
11 12 2 3 4 7 1.81265
11 12 2 3 4 8 1.73205
11 12 2 3 4 9 2.0381
11 12 2 3 4 10 1.93309
11 12 2 3 4 13 1.81265
11 12 2 3 4 14 2
11 12 2 3 5 6 2.04939
11 12 2 3 5 7 1.93309
11 12 2 3 5 8 1.62019
11 12 2 3 5 9 2.04939
11 12 2 3 5 10 1.85164
11 12 2 3 5 13 1.90693
11 12 2 3 5 14 2
11 12 2 3 6 7 2
11 12 2 3 6 8 2
11 12 2 3 6 9 2.20605
11 12 2 3 6 10 2
11 12 2 3 6 13 2.10639
11 12 2 3 6 14 2.16025
11 12 2 3 7 8 1.62019
11 12 2 3 7 9 2
11 12 2 3 7 10 1.62019
11 12 2 3 7 13 1.93309
11 12 2 3 7 14 2
11 12 2 3 8 9 2
11 12 2 3 8 10 1.81265
11 12 2 3 8 13 1.81265
11 12 2 3 8 14 2
11 12 2 3 9 10 2
11 12 2 3 9 13 2.10639
11 12 2 3 9 14 2.16025
11 12 2 3 10 13 1.73205
11 12 2 3 10 14 2
11 12 2 3 13 14 2
11 12 2 4 5 6 2.0381
11 12 2 4 5 7 1.81265
11 12 2 4 5 8 1.73205
11 12 2 4 5 9 2.0381
11 12 2 4 5 10 1.93309
11 12 2 4 5 13 1.81265
11 12 2 4 5 14 2
11 12 2 4 6 7 1.81265
11 12 2 4 6 8 1.90693
11 12 2 4 6 9 2.12132
11 12 2 4 6 10 2.04939
11 12 2 4 6 13 1.93309
11 12 2 4 6 14 2.10223
11 12 2 4 7 8 1.41421
11 12 2 4 7 9 1.81265
11 12 2 4 7 10 1.62019
11 12 2 4 7 13 1.62019
11 12 2 4 7 14 1.73205
11 12 2 4 8 9 1.90693
11 12 2 4 8 10 1.90693
11 12 2 4 8 13 1.73205
11 12 2 4 8 14 1.90693
11 12 2 4 9 10 2.04939
11 12 2 4 9 13 1.93309
11 12 2 4 9 14 2.10223
11 12 2 4 10 13 1.85164
11 12 2 4 10 14 2.04939
11 12 2 4 13 14 1.90693
11 12 2 5 6 7 1.93309
11 12 2 5 6 8 1.73205
11 12 2 5 6 9 2.081
11 12 2 5 6 10 1.93309
11 12 2 5 6 13 1.93309
11 12 2 5 6 14 2.0381
11 12 2 5 7 8 1.41421
11 12 2 5 7 9 1.93309
11 12 2 5 7 10 1.62019
11 12 2 5 7 13 1.85164
11 12 2 5 7 14 1.81265
11 12 2 5 8 9 1.73205
11 12 2 5 8 10 1.73205
11 12 2 5 8 13 1.41421
11 12 2 5 8 14 1.73205
11 12 2 5 9 10 1.93309
11 12 2 5 9 13 1.93309
11 12 2 5 9 14 2.0381
11 12 2 5 10 13 1.62019
11 12 2 5 10 14 1.93309
11 12 2 5 13 14 1.81265
11 12 2 6 7 8 1.62019
11 12 2 6 7 9 2
11 12 2 6 7 10 1.62019
11 12 2 6 7 13 1.93309
11 12 2 6 7 14 2
11 12 2 6 8 9 2.04495
11 12 2 6 8 10 2
11 12 2 6 8 13 1.93309
11 12 2 6 8 14 2.01187
11 12 2 6 9 10 2.09938
11 12 2 6 9 13 2.173
11 12 2 6 9 14 2.23607
11 12 2 6 10 13 1.93309
11 12 2 6 10 14 2.09938
11 12 2 6 13 14 2.10639
11 12 2 7 8 9 1.62019
11 12 2 7 8 10 1.41421
11 12 2 7 8 13 1.62019
11 12 2 7 8 14 1.41421
11 12 2 7 9 10 1.62019
11 12 2 7 9 13 1.93309
11 12 2 7 9 14 2
11 12 2 7 10 13 1
11 12 2 7 10 14 1.62019
11 12 2 7 13 14 1.73205
11 12 2 8 9 10 2
11 12 2 8 9 13 1.93309
11 12 2 8 9 14 2.01187
11 12 2 8 10 13 1.85164
11 12 2 8 10 14 2
11 12 2 8 13 14 1.90693
11 12 2 9 10 13 1.93309
11 12 2 9 10 14 2.09938
11 12 2 9 13 14 2.10639
11 12 2 10 13 14 1.93309
11 12 3 4 5 6 2.16556
11 12 3 4 5 7 2
11 12 3 4 5 8 1.85164
11 12 3 4 5 9 2.16556
11 12 3 4 5 10 2.07802
11 12 3 4 5 13 1.90693
11 12 3 4 5 14 2.13809
11 12 3 4 6 7 2.0381
11 12 3 4 6 8 2.16025
11 12 3 4 6 9 2.36827
11 12 3 4 6 10 2.32266
11 12 3 4 6 13 2.19089
11 12 3 4 6 14 2.34521
11 12 3 4 7 8 1.73205
11 12 3 4 7 9 2.0381
11 12 3 4 7 10 1.93309
11 12 3 4 7 13 1.81265
11 12 3 4 7 14 2
11 12 3 4 8 9 2.16025
11 12 3 4 8 10 2.16025
11 12 3 4 8 13 2
11 12 3 4 8 14 2.16025
11 12 3 4 9 10 2.32266
11 12 3 4 9 13 2.19089
11 12 3 4 9 14 2.34521
11 12 3 4 10 13 2.13664
11 12 3 4 10 14 2.32266
11 12 3 4 13 14 2.16025
11 12 3 5 6 7 2.04939
11 12 3 5 6 8 1.85164
11 12 3 5 6 9 2.19034
11 12 3 5 6 10 2.07802
11 12 3 5 6 13 2
11 12 3 5 6 14 2.16556
11 12 3 5 7 8 1.62019
11 12 3 5 7 9 2.04939
11 12 3 5 7 10 1.85164
11 12 3 5 7 13 1.90693
11 12 3 5 7 14 2
11 12 3 5 8 9 1.85164
11 12 3 5 8 10 1.85164
11 12 3 5 8 13 1.41421
11 12 3 5 8 14 1.85164
11 12 3 5 9 10 2.07802
11 12 3 5 9 13 2
11 12 3 5 9 14 2.16556
11 12 3 5 10 13 1.73205
11 12 3 5 10 14 2.07802
11 12 3 5 13 14 1.90693
11 12 3 6 7 8 2
11 12 3 6 7 9 2.20605
11 12 3 6 7 10 2
11 12 3 6 7 13 2.10639
11 12 3 6 7 14 2.16025
11 12 3 6 8 9 2.3094
11 12 3 6 8 10 2.26385
11 12 3 6 8 13 2.19089
11 12 3 6 8 14 2.3094
11 12 3 6 9 10 2.39046
11 12 3 6 9 13 2.44949
11 12 3 6 9 14 2.5
11 12 3 6 10 13 2.23607
11 12 3 6 10 14 2.39046
11 12 3 6 13 14 2.38048
11 12 3 7 8 9 2
11 12 3 7 8 10 1.81265
11 12 3 7 8 13 1.81265
11 12 3 7 8 14 2
11 12 3 7 9 10 2
11 12 3 7 9 13 2.10639
11 12 3 7 9 14 2.16025
11 12 3 7 10 13 1.73205
11 12 3 7 10 14 2
11 12 3 7 13 14 2
11 12 3 8 9 10 2.26385
11 12 3 8 9 13 2.19089
11 12 3 8 9 14 2.3094
11 12 3 8 10 13 2.13664
11 12 3 8 10 14 2.26385
11 12 3 8 13 14 2.16025
11 12 3 9 10 13 2.23607
11 12 3 9 10 14 2.39046
11 12 3 9 13 14 2.38048
11 12 3 10 13 14 2.23607
11 12 4 5 6 7 2.0381
11 12 4 5 6 8 2.16025
11 12 4 5 6 9 2.36827
11 12 4 5 6 10 2.32266
11 12 4 5 6 13 2.19089
11 12 4 5 6 14 2.34521
11 12 4 5 7 8 1.73205
11 12 4 5 7 9 2.0381
11 12 4 5 7 10 1.93309
11 12 4 5 7 13 1.81265
11 12 4 5 7 14 2
11 12 4 5 8 9 2.16025
11 12 4 5 8 10 2.16025
11 12 4 5 8 13 2
11 12 4 5 8 14 2.16025
11 12 4 5 9 10 2.32266
11 12 4 5 9 13 2.19089
11 12 4 5 9 14 2.34521
11 12 4 5 10 13 2.13664
11 12 4 5 10 14 2.32266
11 12 4 5 13 14 2.16025
11 12 4 6 7 8 1.90693
11 12 4 6 7 9 2.12132
11 12 4 6 7 10 2.04939
11 12 4 6 7 13 1.93309
11 12 4 6 7 14 2.10223
11 12 4 6 8 9 2.53722
11 12 4 6 8 10 2.53722
11 12 4 6 8 13 2.44949
11 12 4 6 8 14 2.53722
11 12 4 6 9 10 2.62216
11 12 4 6 9 13 2.53899
11 12 4 6 9 14 2.61652
11 12 4 6 10 13 2.52543
11 12 4 6 10 14 2.62216
11 12 4 6 13 14 2.53722
11 12 4 7 8 9 1.90693
11 12 4 7 8 10 1.90693
11 12 4 7 8 13 1.73205
11 12 4 7 8 14 1.90693
11 12 4 7 9 10 2.04939
11 12 4 7 9 13 1.93309
11 12 4 7 9 14 2.10223
11 12 4 7 10 13 1.85164
11 12 4 7 10 14 2.04939
11 12 4 7 13 14 1.90693
11 12 4 8 9 10 2.53722
11 12 4 8 9 13 2.44949
11 12 4 8 9 14 2.53722
11 12 4 8 10 13 2.44949
11 12 4 8 10 14 2.53722
11 12 4 8 13 14 2.44949
11 12 4 9 10 13 2.52543
11 12 4 9 10 14 2.62216
11 12 4 9 13 14 2.53722
11 12 4 10 13 14 2.52543
11 12 5 6 7 8 1.73205
11 12 5 6 7 9 2.081
11 12 5 6 7 10 1.93309
11 12 5 6 7 13 1.93309
11 12 5 6 7 14 2.0381
11 12 5 6 8 9 2.16025
11 12 5 6 8 10 2.16025
11 12 5 6 8 13 2
11 12 5 6 8 14 2.16025
11 12 5 6 9 10 2.32266
11 12 5 6 9 13 2.23607
11 12 5 6 9 14 2.36827
11 12 5 6 10 13 2.13664
11 12 5 6 10 14 2.32266
11 12 5 6 13 14 2.19089
11 12 5 7 8 9 1.73205
11 12 5 7 8 10 1.73205
11 12 5 7 8 13 1.41421
11 12 5 7 8 14 1.73205
11 12 5 7 9 10 1.93309
11 12 5 7 9 13 1.93309
11 12 5 7 9 14 2.0381
11 12 5 7 10 13 1.62019
11 12 5 7 10 14 1.93309
11 12 5 7 13 14 1.81265
11 12 5 8 9 10 2.16025
11 12 5 8 9 13 2
11 12 5 8 9 14 2.16025
11 12 5 8 10 13 2
11 12 5 8 10 14 2.16025
11 12 5 8 13 14 2
11 12 5 9 10 13 2.13664
11 12 5 9 10 14 2.32266
11 12 5 9 13 14 2.19089
11 12 5 10 13 14 2.13664
11 12 6 7 8 9 2.04495
11 12 6 7 8 10 2
11 12 6 7 8 13 1.93309
11 12 6 7 8 14 2.01187
11 12 6 7 9 10 2.09938
11 12 6 7 9 13 2.173
11 12 6 7 9 14 2.23607
11 12 6 7 10 13 1.93309
11 12 6 7 10 14 2.09938
11 12 6 7 13 14 2.10639
11 12 6 8 9 10 2.60419
11 12 6 8 9 13 2.53899
11 12 6 8 9 14 2.61861
11 12 6 8 10 13 2.52543
11 12 6 8 10 14 2.60419
11 12 6 8 13 14 2.53722
11 12 6 9 10 13 2.58844
11 12 6 9 10 14 2.68164
11 12 6 9 13 14 2.65875
11 12 6 10 13 14 2.58844
11 12 7 8 9 10 2
11 12 7 8 9 13 1.93309
11 12 7 8 9 14 2.01187
11 12 7 8 10 13 1.85164
11 12 7 8 10 14 2
11 12 7 8 13 14 1.90693
11 12 7 9 10 13 1.93309
11 12 7 9 10 14 2.09938
11 12 7 9 13 14 2.10639
11 12 7 10 13 14 1.93309
11 12 8 9 10 13 2.52543
11 12 8 9 10 14 2.60419
11 12 8 9 13 14 2.53722
11 12 8 10 13 14 2.52543
11 12 9 10 13 14 2.58844
