无补助花费： 60
cand_size:    100
DegCost:	45
2	0	21	5	7	16	8	1	19	15	10	11	41	25	18	47	42	37	31	50	30	56	63	69	71	75	77	87	17	12	9	3	24	6	74	81	80	79	78	4	76	83	73	72	70	68	67	66	91	99	98	97	96	95	94	93	92	82	90	89	88	86	85	84	64	38	46	45	44	43	22	23	40	39	20	36	35	34	33	32	26	27	29	14	28	13	62	61	60	59	58	57	65	55	54	53	52	51	49	48	
0	81	51	60
1	36	14	58
2	59	30	58
3	94	13	60
4	80	93	60
5	6	5	58
6	27	94	61
7	63	44	58
8	91	48	60
9	62	41	58
10	33	5	59
11	49	18	58
12	36	71	58
13	63	25	58
14	56	36	58
15	92	90	58
16	92	65	59
17	58	89	59
18	26	90	59
19	50	58	59
20	5	61	58
21	9	95	58
22	71	5	58
23	4	25	59
24	54	89	58
25	1	35	58
26	50	94	60
27	47	18	58
28	17	4	59
29	70	90	59
30	46	65	59
31	62	90	58
32	28	9	59
33	14	61	58
34	63	88	58
35	2	35	53
36	65	91	60
37	46	37	59
38	8	16	55
39	44	2	53
40	36	48	59
41	9	12	58
42	12	23	58
43	33	42	59
44	58	2	53
45	25	61	58
46	27	68	59
47	55	31	59
48	6	33	59
49	65	56	59
50	3	88	58
51	16	35	55
52	40	14	59
53	30	30	59
54	26	82	60
55	59	62	58
56	9	69	58
57	10	2	52
58	45	55	59
59	71	0	58
60	28	18	59
61	79	21	53
62	59	15	59
63	54	44	58
64	59	25	58
65	74	69	58
66	51	44	59
67	56	48	59
68	36	80	59
69	32	37	59
70	2	90	52
71	36	82	59
72	13	90	58
73	9	50	58
74	30	45	58
75	25	58	59
76	4	28	60
77	6	54	58
78	2	69	52
79	80	36	59
80	72	10	58
81	73	49	59
82	36	35	58
83	84	56	58
84	18	24	58
85	56	61	58
86	49	10	58
87	42	53	59
88	15	45	59
89	8	81	59
90	2	97	52
91	99	85	58
92	8	48	59
93	70	25	59
94	47	18	58
95	88	46	58
96	35	16	55
97	54	27	59
98	17	46	58
99	63	57	58
100	37	80	60
101	0	11	56
102	11	81	57
103	55	78	59
104	62	68	58
105	78	81	59
106	39	31	58
107	23	53	59
108	69	59	58
109	6	41	58
110	21	81	53
111	88	17	58
112	5	64	58
113	35	58	59
114	99	66	58
115	0	37	59
116	63	61	58
117	20	13	58
118	74	49	58
119	63	9	58
120	84	44	58
121	58	94	61
122	17	3	58
123	87	16	54
124	32	30	58
125	5	35	58
126	76	58	60
127	29	23	58
128	2	3	52
129	36	34	59
130	86	91	60
131	82	71	59
132	23	88	58
133	22	2	52
134	57	49	58
135	44	36	58
136	58	16	56
137	48	2	52
138	43	42	58
139	62	90	58
140	77	54	58
141	21	40	52
142	68	62	58
143	2	96	53
144	41	69	58
145	6	30	58
146	95	6	58
147	26	60	59
148	59	14	58
149	59	20	58
150	86	14	59
151	44	43	58
152	88	68	58
153	13	31	58
154	2	82	52
155	2	98	52
156	51	73	60
157	11	14	56
158	54	28	59
159	71	57	58
160	2	83	52
161	44	14	58
162	1	3	58
163	61	98	58
164	43	43	59
165	39	43	58
166	42	53	59
167	45	48	59
168	48	10	59
169	2	50	52
170	51	89	59
171	66	2	52
172	78	59	58
173	2	83	52
174	59	7	55
175	24	54	58
176	26	66	59
177	59	74	58
178	57	14	58
179	38	2	52
180	63	80	59
181	65	48	60
182	81	54	59
183	68	69	58
184	37	73	60
185	38	56	59
186	40	29	59
187	70	2	53
188	23	35	58
189	80	18	59
190	27	14	59
191	29	35	58
192	60	69	58
193	72	36	58
194	97	25	58
195	48	38	60
196	91	90	59
197	71	89	58
198	2	5	55
199	5	75	58
200	42	2	52
201	59	85	58
202	36	67	59
203	74	72	58
204	29	33	59
205	86	38	60
206	94	98	60
207	47	97	58
208	36	74	58
209	2	88	52
210	77	51	59
211	75	97	58
212	71	74	58
213	2	0	45
214	36	2	52
215	5	91	59
216	35	2	53
217	2	62	53
218	72	69	58
219	86	2	52
220	56	11	56
221	26	20	59
222	46	10	58
223	77	36	58
224	52	60	59
225	83	71	58
226	45	35	58
227	85	95	58
228	11	85	56
229	47	98	58
230	79	30	59
231	0	5	58
232	16	2	48
233	38	96	59
234	93	71	59
235	97	34	59
236	42	2	52
237	55	71	59
238	74	58	59
239	35	41	58
240	0	90	58
241	62	42	58
242	2	36	52
243	2	7	52
244	2	1	52
245	99	30	58
246	14	35	58
247	13	35	58
248	1	84	58
249	31	2	52
250	59	7	55
251	70	2	53
252	2	83	52
253	36	57	58
254	55	53	60
255	9	53	59
256	9	55	59
257	2	1	52
258	2	24	52
259	67	30	59
260	79	30	59
261	2	79	53
262	79	62	59
263	91	32	59
264	53	2	52
265	2	8	52
266	31	2	52
267	36	78	58
268	22	42	58
269	5	2	55
270	44	54	58
271	68	6	58
272	12	22	58
273	92	22	58
274	78	10	58
275	55	70	60
276	2	71	52
277	2	82	52
278	18	5	58
279	36	2	52
280	95	2	52
281	60	2	52
282	43	91	59
283	89	2	53
284	41	2	52
285	89	72	58
286	2	58	53
287	25	89	58
288	63	69	58
289	68	2	53
290	2	67	52
291	2	31	52
292	2	83	52
293	2	84	53
294	88	2	52
295	83	2	52
296	39	58	59
297	62	87	58
298	2	18	52
299	34	44	59
300	73	86	60
301	47	82	59
302	59	79	59
303	79	5	59
304	55	2	52
305	14	35	58
306	98	2	52
307	83	15	59
308	10	2	52
309	2	8	52
310	2	67	52
311	2	52	53
312	2	19	53
313	2	27	56
314	2	42	52
315	93	2	52
316	2	79	53
317	2	7	52
318	2	25	51
319	58	2	53
320	2	34	52
321	2	58	53
322	2	85	53
323	2	73	56
324	54	20	58
325	2	4	53
326	1	72	58
327	25	41	58
328	2	92	53
329	61	10	58
330	2	18	52
331	2	66	52
332	0	35	58
333	14	2	52
334	2	13	52
335	11	5	56
336	2	55	52
337	2	35	53
338	2	13	52
339	2	8	52
340	2	70	53
341	38	2	52
342	97	2	52
343	12	2	52
344	2	23	53
345	2	53	52
346	58	2	53
347	2	55	52
348	2	80	52
349	2	63	52
350	35	23	58
351	2	43	53
352	36	2	52
353	2	35	53
354	2	48	52
355	2	77	52
356	2	39	52
357	2	24	52
358	2	40	53
359	2	13	52
360	2	19	53
361	2	8	52
362	88	12	58
363	2	17	52
364	2	87	52
365	2	12	52
366	2	82	52
367	2	29	52
368	2	13	52
369	2	57	53
370	2	35	53
371	2	82	52
372	45	2	52
373	2	51	56
374	2	70	53
375	2	67	52
376	2	35	53
377	2	94	53
378	2	54	53
379	84	55	59
380	2	35	53
381	2	12	52
382	2	98	52
383	2	5	55
384	31	2	52
385	2	35	53
386	2	34	52
387	2	57	53
388	2	23	53
389	2	81	52
390	2	46	53
391	2	81	52
392	2	63	52
393	2	43	53
394	2	41	52
395	2	27	56
396	2	76	53
397	2	15	52
398	2	41	52
399	2	54	53
400	2	71	52
401	2	96	53
402	2	48	52
403	2	86	52
404	44	2	53
405	2	32	52
406	2	43	53
407	2	30	52
408	2	11	51
409	2	3	52
410	2	19	53
411	2	83	52
412	2	9	52
413	2	69	52
414	2	52	53
415	2	58	53
416	2	19	53
417	2	2	53
418	2	88	52
419	2	45	52
420	2	14	52
421	2	29	52
422	2	87	52
423	2	25	51
424	2	30	52
425	2	51	56
426	89	2	53
427	2	59	53
428	2	58	53
429	2	88	52
430	2	34	52
431	2	10	52
432	2	66	52
433	2	13	52
434	2	57	53
435	2	72	53
436	2	6	55
437	2	13	52
438	2	85	53
439	2	82	52
440	2	60	52
441	2	21	46
442	2	34	52
443	2	11	51
444	2	10	52
445	2	35	53
446	2	80	52
447	2	15	52
448	2	76	53
449	2	58	53
450	2	39	52
451	2	35	53
452	2	31	52
453	83	2	52
454	2	69	52
455	2	20	53
456	2	8	52
457	2	11	51
458	2	35	53
459	2	48	52
460	40	2	53
461	32	2	52
462	2	43	53
463	2	39	52
464	2	82	52
465	2	68	53
466	2	35	53
467	2	61	53
468	2	58	53
469	2	22	52
470	2	3	52
471	2	35	53
472	2	87	52
473	2	15	52
474	2	40	53
475	2	75	52
476	2	88	52
477	2	84	53
478	2	40	53
479	2	4	53
480	2	66	52
481	2	62	53
482	2	83	52
483	2	93	52
484	2	72	53
485	2	21	46
486	2	13	52
487	2	64	53
488	2	43	53
489	2	35	53
490	2	95	52
491	2	13	52
492	2	5	55
493	2	24	52
494	2	34	52
495	2	46	53
496	2	13	52
497	2	22	52
498	2	13	52
499	2	53	52
500	2	74	53
501	2	13	52
502	2	51	56
503	2	13	52
504	2	41	52
505	2	76	53
506	2	58	53
507	2	4	53
508	2	28	53
509	2	58	53
510	2	87	52
511	2	29	52
512	50	2	52
513	2	88	52
514	2	58	53
515	2	96	53
516	2	15	52
517	2	87	52
518	2	72	53
519	2	75	52
520	2	63	52
521	2	51	56
522	2	68	53
523	2	68	53
524	2	89	53
525	2	63	52
526	23	2	53
527	2	58	53
528	2	19	53
529	2	69	52
530	2	20	53
531	2	35	53
532	2	30	52
533	2	53	52
534	2	87	52
535	2	21	46
536	2	86	52
537	2	52	53
538	2	43	53
539	2	5	55
540	2	58	53
541	2	94	53
542	2	23	53
543	2	40	53
544	2	8	52
545	2	60	52
546	2	58	53
547	2	53	52
548	2	8	52
549	2	8	52
550	2	45	52
551	2	60	52
552	2	41	52
553	2	22	52
554	2	93	52
555	2	61	53
556	2	79	53
557	2	73	56
558	2	54	53
559	2	4	53
560	2	51	56
561	2	66	52
562	2	39	52
563	87	2	52
564	2	64	53
565	2	30	52
566	2	72	53
567	2	68	53
568	2	34	52
569	2	80	52
570	2	7	52
571	2	58	53
572	2	19	53
573	2	1	52
574	2	7	52
575	2	36	52
576	2	89	53
577	2	74	53
578	2	76	53
579	2	34	52
580	2	78	53
581	2	4	53
582	2	53	52
583	2	24	52
584	2	34	52
585	2	27	56
586	2	83	52
587	2	4	53
588	2	98	52
589	2	6	55
590	2	35	53
591	2	12	52
592	2	35	53
593	2	87	52
594	2	87	52
595	2	85	53
596	2	69	52
597	2	67	52
598	2	22	52
599	2	5	55
600	2	55	52
601	2	62	53
602	2	72	53
603	2	88	52
604	2	34	52
605	2	48	52
606	2	96	53
607	2	84	53
608	2	67	52
609	2	60	52
610	2	2	53
611	2	21	46
612	2	88	52
613	2	18	52
614	2	26	52
615	2	6	55
616	2	72	53
617	2	51	56
618	2	77	52
619	2	8	52
620	2	69	52
621	2	23	53
622	2	17	52
623	2	11	51
624	2	92	53
625	2	30	52
626	2	86	52
627	2	75	52
628	2	28	53
629	2	94	53
630	2	69	52
631	2	96	53
632	2	45	52
633	2	68	53
634	2	70	53
635	2	53	52
636	2	51	56
637	2	20	53
638	2	69	52
639	2	1	52
640	2	55	52
641	2	7	52
642	2	4	53
643	2	65	52
644	2	37	52
645	2	93	52
646	2	4	53
647	2	35	53
648	2	35	53
649	2	64	53
650	2	54	53
651	2	28	53
652	2	8	52
653	2	2	53
654	2	34	52
655	2	98	52
656	2	88	52
657	2	0	45
658	2	15	52
659	2	67	52
660	2	22	52
661	2	44	53
662	2	50	52
663	2	51	56
664	2	35	53
665	2	40	53
666	2	68	53
667	2	34	52
668	2	85	53
669	2	97	52
670	2	39	52
671	2	21	46
672	2	68	53
673	2	35	53
674	2	35	53
675	2	60	52
676	2	80	52
677	2	35	53
678	2	98	52
679	2	82	52
680	2	89	53
681	2	68	53
682	2	59	53
683	2	67	52
684	2	21	46
685	2	44	53
686	2	68	53
687	2	38	52
688	2	44	53
689	2	94	53
690	2	62	53
691	2	93	52
692	2	57	53
693	2	22	52
694	2	9	52
695	2	67	52
696	2	73	56
697	2	35	53
698	2	89	53
699	2	92	53
700	2	58	53
701	2	87	52
702	2	34	52
703	2	29	52
704	2	56	55
705	2	35	53
706	2	66	52
707	2	23	53
708	2	34	52
709	2	28	53
710	2	95	52
711	2	76	53
712	2	60	52
713	2	52	53
714	2	47	52
715	2	35	53
716	2	89	53
717	2	43	53
718	2	35	53
719	2	30	52
720	2	4	53
721	2	69	52
722	2	40	53
723	2	29	52
724	2	24	52
725	2	97	52
726	2	58	53
727	2	88	52
728	2	0	45
729	2	40	53
730	2	98	52
731	2	16	48
732	2	56	55
733	2	32	52
734	2	52	53
735	2	57	53
736	2	15	52
737	2	60	52
738	2	18	52
739	2	96	53
740	2	60	52
741	2	1	52
742	2	3	52
743	2	34	52
744	2	58	53
745	2	57	53
746	2	18	52
747	2	3	52
748	2	81	52
749	2	65	52
750	2	33	52
751	2	89	53
752	2	31	52
753	2	92	53
754	2	36	52
755	2	58	53
756	2	18	52
757	2	3	52
758	2	21	46
759	2	13	52
760	2	23	53
761	2	25	51
762	2	79	53
763	2	78	53
764	2	57	53
765	2	4	53
766	2	10	52
767	2	13	52
768	2	97	52
769	2	2	53
770	2	92	53
771	2	91	53
772	2	34	52
773	2	39	52
774	2	29	52
775	2	61	53
776	2	40	53
777	2	4	53
778	2	49	52
779	2	83	52
780	2	37	52
781	2	35	53
782	2	49	52
783	2	13	52
784	2	50	52
785	2	27	56
786	2	97	52
787	2	62	53
788	2	97	52
789	2	44	53
790	2	98	52
791	2	89	53
792	2	72	53
793	2	57	53
794	2	66	52
795	2	58	53
796	2	56	55
797	2	36	52
798	2	84	53
799	2	70	53
800	2	59	53
801	2	39	52
802	2	34	52
803	2	95	52
804	2	4	53
805	2	58	53
806	2	69	52
807	2	36	52
808	2	41	52
809	2	34	52
810	2	25	51
811	2	13	52
812	2	12	52
813	2	29	52
814	2	35	53
815	2	26	52
816	2	43	53
817	2	94	53
818	2	43	53
819	2	2	53
820	2	31	52
821	2	97	52
822	2	14	52
823	2	79	53
824	2	45	52
825	2	10	52
826	2	9	52
827	2	53	52
828	2	4	53
829	2	21	46
830	2	71	52
831	2	56	55
832	2	94	53
833	2	65	52
834	2	25	51
835	2	67	52
836	2	60	52
837	2	65	52
838	2	5	55
839	2	42	52
840	2	84	53
841	2	90	52
842	2	20	53
843	2	3	52
844	2	58	53
845	2	95	52
846	2	67	52
847	2	14	52
848	2	85	53
849	2	47	52
850	2	18	52
851	2	34	52
852	2	40	53
853	2	62	53
854	2	23	53
855	2	58	53
856	2	9	52
857	2	81	52
858	2	74	53
859	2	0	45
860	2	17	52
861	2	29	52
862	2	71	52
863	2	35	53
864	2	68	53
865	2	35	53
866	2	14	52
867	2	58	53
868	2	17	52
869	2	35	53
870	2	79	53
871	2	35	53
872	2	12	52
873	2	98	52
874	2	81	52
875	2	98	52
876	2	89	53
877	2	42	52
878	2	35	53
879	2	32	52
880	2	45	52
881	2	62	53
882	2	94	53
883	2	57	53
884	2	43	53
885	2	27	56
886	2	98	52
887	2	33	52
888	2	58	53
889	2	4	53
890	2	11	51
891	2	5	55
892	2	13	52
893	2	19	53
894	2	58	53
895	2	43	53
896	2	12	52
897	2	35	53
898	2	4	53
899	2	13	52
900	2	5	55
901	2	58	53
902	2	42	52
903	2	6	55
904	2	94	53
905	2	6	55
906	2	35	53
907	2	5	55
908	2	61	53
909	2	42	52
910	2	49	52
911	2	45	52
912	2	4	53
913	2	63	52
914	2	2	53
915	2	41	52
916	2	41	52
917	2	5	55
918	2	0	45
919	2	89	53
920	2	29	52
921	2	48	52
922	2	54	53
923	2	35	53
924	2	10	52
925	2	67	52
926	2	14	52
927	2	35	53
928	2	7	52
929	2	20	53
930	2	79	53
931	2	21	46
932	2	27	56
933	2	35	53
934	2	22	52
935	2	66	52
936	2	13	52
937	2	68	53
938	2	34	52
939	2	88	52
940	2	68	53
941	2	78	53
942	2	8	52
943	2	72	53
944	2	13	52
945	2	39	52
946	2	60	52
947	2	68	53
948	2	56	55
949	2	21	46
950	2	5	55
951	2	20	53
952	2	7	52
953	2	52	53
954	2	57	53
955	2	84	53
956	2	2	53
957	2	19	53
958	2	82	52
959	2	71	52
960	2	77	52
961	2	46	53
962	2	88	52
963	2	71	52
964	2	5	55
965	2	29	52
966	2	8	52
967	2	13	52
968	2	51	56
969	2	42	52
970	2	87	52
971	2	34	52
972	2	22	52
973	2	21	46
974	2	34	52
975	2	8	52
976	2	33	52
977	2	1	52
978	2	73	56
979	2	55	52
980	2	40	53
981	2	14	52
982	2	9	52
983	2	34	52
984	2	76	53
985	2	31	52
986	2	30	52
987	2	48	52
988	2	94	53
989	2	95	52
990	2	93	52
991	2	66	52
992	2	0	45
993	2	36	52
994	2	43	53
995	2	40	53
996	2	4	53
997	2	61	53
998	2	1	52
999	2	69	52
1000	2	84	53
1001	2	1	52
1002	2	26	52
1003	2	29	52
1004	2	10	52
1005	2	6	55
1006	2	45	52
1007	2	58	53
1008	2	71	52
1009	2	58	53
1010	2	20	53
1011	2	50	52
1012	2	8	52
1013	2	8	52
1014	2	4	53
1015	2	36	52
1016	2	79	53
1017	2	5	55
1018	2	84	53
1019	2	13	52
1020	2	37	52
1021	2	85	53
1022	2	28	53
1023	2	29	52
1024	2	57	53
1025	2	16	48
1026	2	78	53
1027	2	29	52
1028	2	34	52
1029	2	72	53
1030	2	4	53
1031	2	69	52
1032	2	65	52
1033	2	58	53
1034	2	84	53
1035	2	43	53
1036	2	35	53
1037	2	27	56
1038	2	55	52
1039	2	8	52
1040	2	66	52
1041	2	68	53
1042	2	92	53
1043	2	43	53
1044	2	76	53
1045	2	66	52
1046	2	8	52
1047	2	4	53
1048	2	70	53
1049	2	57	53
1050	2	54	53
1051	2	5	55
1052	2	67	52
1053	2	95	52
1054	2	24	52
1055	2	28	53
1056	2	43	53
1057	2	88	52
1058	2	86	52
1059	2	40	53
1060	2	59	53
1061	2	35	53
1062	2	82	52
1063	2	79	53
1064	2	24	52
1065	2	11	51
1066	2	71	52
1067	2	17	52
1068	2	73	56
1069	2	56	55
1070	2	89	53
1071	2	36	52
1072	2	31	52
1073	2	93	52
1074	2	45	52
1075	2	67	52
1076	2	14	52
1077	2	16	48
1078	2	25	51
1079	2	97	52
1080	2	37	52
1081	2	85	53
1082	2	67	52
1083	2	89	53
1084	2	13	52
1085	2	57	53
1086	2	23	53
1087	2	86	52
1088	2	39	52
1089	2	61	53
1090	2	9	52
1091	2	57	53
1092	2	47	52
1093	2	48	52
1094	2	36	52
1095	2	55	52
1096	2	63	52
1097	2	53	52
1098	2	0	45
1099	2	32	52
1100	2	38	52
1101	2	16	48
1102	2	34	52
1103	2	5	55
1104	2	56	55
1105	2	1	52
1106	2	14	52
1107	2	86	52
1108	2	85	53
1109	2	22	52
1110	2	87	52
1111	2	86	52
1112	2	35	53
1113	2	76	53
1114	2	81	52
1115	2	13	52
1116	2	76	53
1117	2	56	55
1118	2	77	52
1119	2	6	55
1120	2	37	52
1121	2	21	46
1122	2	89	53
1123	2	5	55
1124	2	67	52
1125	2	93	52
1126	2	92	53
1127	2	97	52
1128	2	28	53
1129	2	92	53
1130	2	39	52
1131	2	3	52
1132	2	81	52
1133	2	7	52
1134	2	62	53
1135	2	83	52
1136	2	94	53
1137	2	6	55
1138	2	24	52
1139	2	36	52
1140	2	22	52
1141	2	2	53
1142	2	58	53
1143	2	85	53
1144	2	58	53
1145	2	12	52
1146	2	6	55
1147	2	61	53
1148	2	35	53
1149	2	22	52
1150	2	2	53
1151	2	12	52
1152	2	94	53
1153	2	8	52
1154	2	38	52
1155	2	0	45
1156	2	12	52
1157	2	53	52
1158	2	5	55
1159	2	57	53
1160	2	37	52
1161	2	41	52
1162	2	21	46
1163	2	84	53
1164	2	61	53
1165	2	22	52
1166	2	43	53
1167	2	30	52
1168	2	16	48
1169	2	45	52
1170	2	13	52
1171	2	24	52
1172	2	39	52
1173	2	0	45
1174	2	34	52
1175	2	13	52
1176	2	62	53
1177	2	92	53
1178	2	71	52
1179	2	81	52
1180	2	41	52
1181	2	88	52
1182	2	93	52
1183	2	33	52
1184	2	2	53
1185	2	32	52
1186	2	93	52
1187	2	43	53
1188	2	94	53
1189	2	0	45
1190	2	37	52
1191	2	5	55
1192	2	49	52
1193	2	58	53
1194	2	42	52
1195	2	45	52
1196	2	32	52
1197	2	41	52
1198	2	30	52
1199	2	90	52
1200	2	14	52
1201	2	89	53
1202	2	1	52
1203	2	13	52
1204	2	34	52
1205	2	92	53
1206	2	77	52
1207	2	17	52
1208	2	53	52
1209	2	9	52
1210	2	47	52
1211	2	65	52
1212	2	52	53
1213	2	41	52
1214	2	42	52
1215	2	39	52
1216	2	71	52
1217	2	58	53
1218	2	15	52
1219	2	33	52
1220	2	63	52
1221	2	82	52
1222	2	39	52
1223	2	45	52
1224	2	12	52
1225	2	43	53
1226	2	94	53
1227	2	84	53
1228	2	23	53
1229	2	4	53
1230	2	12	52
1231	2	79	53
1232	2	67	52
1233	2	21	46
1234	2	87	52
1235	2	40	53
1236	2	34	52
1237	2	86	52
1238	2	34	52
1239	2	80	52
1240	2	9	52
1241	2	86	52
1242	2	96	53
1243	2	73	56
1244	2	1	52
1245	2	29	52
1246	2	58	53
1247	2	37	52
1248	2	75	52
1249	2	16	48
1250	2	34	52
1251	2	58	53
1252	2	23	53
1253	2	47	52
1254	2	26	52
1255	2	24	52
1256	2	38	52
1257	2	57	53
1258	2	34	52
1259	2	29	52
1260	2	57	53
1261	2	35	53
1262	2	29	52
1263	2	47	52
1264	2	44	53
1265	2	31	52
1266	2	50	52
1267	2	77	52
1268	2	42	52
1269	2	48	52
1270	2	54	53
1271	2	29	52
1272	2	87	52
1273	2	65	52
1274	2	35	53
1275	2	66	52
1276	2	94	53
1277	2	47	52
1278	2	61	53
1279	2	45	52
1280	2	0	45
1281	2	15	52
1282	2	20	53
1283	2	68	53
1284	2	15	52
1285	2	4	53
1286	2	14	52
1287	2	93	52
1288	2	5	55
1289	2	7	52
1290	2	66	52
1291	2	38	52
1292	2	60	52
1293	2	16	48
1294	2	31	52
1295	2	1	52
1296	2	32	52
1297	2	71	52
1298	2	39	52
1299	2	17	52
1300	2	89	53
1301	2	7	52
1302	2	63	52
1303	2	16	48
1304	2	78	53
1305	2	85	53
1306	2	41	52
1307	2	10	52
1308	2	35	53
1309	2	96	53
1310	2	72	53
1311	2	86	52
1312	2	71	52
1313	2	43	53
1314	2	46	53
1315	2	26	52
1316	2	54	53
1317	2	44	53
1318	2	35	53
1319	2	70	53
1320	2	15	52
1321	2	79	53
1322	2	8	52
1323	2	69	52
1324	2	62	53
1325	2	94	53
1326	2	98	52
1327	2	0	45
1328	2	7	52
1329	2	41	52
1330	2	48	52
1331	2	27	56
1332	2	9	52
1333	2	27	56
1334	2	24	52
1335	2	28	53
1336	2	64	53
1337	2	34	52
1338	2	44	53
1339	2	18	52
1340	2	77	52
1341	2	27	56
1342	2	21	46
1343	2	35	53
1344	2	65	52
1345	2	20	53
1346	2	61	53
1347	2	34	52
1348	2	10	52
1349	2	70	53
1350	2	69	52
1351	2	59	53
1352	2	29	52
1353	2	54	53
1354	2	55	52
1355	2	20	53
1356	2	20	53
1357	2	75	52
1358	2	16	48
1359	2	6	55
1360	2	34	52
1361	2	4	53
1362	2	75	52
1363	2	96	53
1364	2	17	52
1365	2	37	52
1366	2	19	53
1367	2	67	52
1368	2	89	53
1369	2	57	53
1370	2	7	52
1371	2	83	52
1372	2	69	52
1373	2	43	53
1374	2	41	52
1375	2	25	51
1376	2	9	52
1377	2	33	52
1378	2	75	52
1379	2	5	55
1380	2	18	52
1381	2	78	53
1382	2	96	53
1383	2	57	53
1384	2	58	53
1385	2	65	52
1386	2	18	52
1387	2	46	53
1388	2	69	52
1389	2	57	53
1390	2	29	52
1391	2	6	55
1392	2	28	53
1393	2	61	53
1394	2	35	53
1395	2	58	53
1396	2	21	46
1397	2	3	52
1398	2	7	52
1399	2	89	53
1400	2	90	52
1401	2	82	52
1402	2	83	52
1403	2	13	52
1404	2	46	53
1405	2	19	53
1406	2	3	52
1407	2	64	53
1408	2	85	53
1409	2	86	52
1410	2	31	52
1411	2	15	52
1412	2	3	52
1413	2	89	53
1414	2	69	52
1415	2	35	53
1416	2	58	53
1417	2	44	53
1418	2	34	52
1419	2	35	53
1420	2	57	53
1421	2	73	56
1422	2	0	45
1423	2	68	53
1424	2	70	53
1425	2	76	53
1426	2	13	52
1427	2	47	52
1428	2	95	52
1429	2	34	52
1430	2	80	52
1431	2	31	52
1432	2	2	53
1433	2	34	52
1434	2	29	52
1435	2	36	52
1436	2	52	53
1437	2	77	52
1438	2	29	52
1439	2	77	52
1440	2	58	53
1441	2	35	53
1442	2	38	52
1443	2	39	52
1444	2	50	52
1445	2	3	52
1446	2	88	52
1447	2	68	53
1448	2	64	53
1449	2	12	52
1450	2	93	52
1451	2	12	52
1452	2	1	52
1453	2	58	53
1454	2	34	52
1455	2	36	52
1456	2	88	52
1457	2	86	52
1458	2	13	52
1459	2	62	53
1460	2	53	52
1461	2	55	52
1462	2	62	53
1463	2	53	52
1464	2	63	52
1465	2	54	53
1466	2	57	53
1467	2	37	52
1468	2	98	52
1469	2	15	52
1470	2	27	56
1471	2	38	52
1472	2	56	55
1473	2	33	52
1474	2	54	53
1475	2	28	53
1476	2	40	53
1477	2	29	52
1478	2	74	53
1479	2	6	55
1480	2	76	53
1481	2	35	53
1482	2	49	52
1483	2	89	53
1484	2	48	52
1485	2	2	53
1486	2	32	52
1487	2	61	53
1488	2	44	53
1489	2	65	52
1490	2	67	52
1491	2	87	52
1492	2	37	52
1493	2	61	53
1494	2	58	53
1495	2	32	52
1496	2	29	52
1497	2	85	53
1498	2	41	52
1499	2	7	52
1500	2	67	52
1501	2	25	51
1502	2	58	53
1503	2	40	53
1504	2	5	55
1505	2	40	53
1506	2	8	52
1507	2	69	52
1508	2	94	53
1509	2	10	52
1510	2	67	52
1511	2	37	52
1512	2	27	56
1513	2	28	53
1514	2	59	53
1515	2	92	53
1516	2	96	53
1517	2	57	53
1518	2	9	52
1519	2	12	52
1520	2	10	52
1521	2	34	52
1522	2	9	52
1523	2	73	56
1524	2	34	52
1525	2	91	53
1526	2	18	52
1527	2	18	52
1528	2	20	53
1529	2	24	52
1530	2	88	52
1531	2	1	52
1532	2	10	52
1533	2	8	52
1534	2	70	53
1535	2	51	56
1536	2	83	52
1537	2	9	52
1538	2	67	52
1539	2	35	53
1540	2	37	52
1541	2	72	53
1542	2	20	53
1543	2	31	52
1544	2	14	52
1545	2	97	52
1546	2	29	52
1547	2	82	52
1548	2	85	53
1549	2	13	52
1550	2	57	53
1551	2	26	52
1552	2	34	52
1553	2	62	53
1554	2	56	55
1555	2	63	52
1556	2	0	45
1557	2	15	52
1558	2	27	56
1559	2	67	52
1560	2	68	53
1561	2	93	52
1562	2	17	52
1563	2	2	53
1564	2	10	52
1565	2	18	52
1566	2	35	53
1567	2	3	52
1568	2	54	53
1569	2	15	52
1570	2	41	52
1571	2	0	45
1572	2	68	53
1573	2	43	53
1574	2	4	53
1575	2	94	53
1576	2	66	52
1577	2	28	53
1578	2	35	53
1579	2	32	52
1580	2	40	53
1581	2	14	52
1582	2	18	52
1583	2	45	52
1584	2	59	53
1585	2	50	52
1586	2	16	48
1587	2	91	53
1588	2	44	53
1589	2	87	52
1590	2	33	52
1591	2	59	53
1592	2	6	55
1593	2	13	52
1594	2	35	53
1595	2	13	52
1596	2	13	52
1597	2	87	52
1598	2	44	53
1599	2	34	52
1600	2	60	52
1601	2	87	52
1602	2	13	52
1603	2	1	52
1604	2	85	53
1605	2	42	52
1606	2	86	52
1607	2	45	52
1608	2	70	53
1609	2	27	56
1610	2	39	52
1611	2	30	52
1612	2	34	52
1613	2	28	53
1614	2	38	52
1615	2	62	53
1616	2	17	52
1617	2	44	53
1618	2	76	53
1619	2	15	52
1620	2	68	53
1621	2	35	53
1622	2	65	52
1623	2	69	52
1624	2	95	52
1625	2	64	53
1626	2	26	52
1627	2	71	52
1628	2	92	53
1629	2	44	53
1630	2	5	55
1631	2	69	52
1632	2	84	53
1633	2	93	52
1634	2	2	53
1635	2	23	53
1636	2	31	52
1637	2	67	52
1638	2	63	52
1639	2	70	53
1640	2	18	52
1641	2	58	53
1642	2	66	52
1643	2	98	52
1644	2	62	53
1645	2	3	52
1646	2	7	52
1647	2	83	52
1648	2	52	53
1649	2	88	52
1650	2	13	52
1651	2	34	52
1652	2	5	55
1653	2	44	53
1654	2	58	53
1655	2	50	52
1656	2	13	52
1657	2	27	56
1658	2	56	55
1659	2	0	45
1660	2	33	52
1661	2	87	52
1662	2	78	53
1663	2	4	53
1664	2	12	52
1665	2	88	52
1666	2	4	53
1667	2	35	53
1668	2	10	52
1669	2	25	51
1670	2	89	53
1671	2	68	53
1672	2	55	52
1673	2	34	52
1674	2	52	53
1675	2	29	52
1676	2	34	52
1677	2	96	53
1678	2	34	52
1679	2	96	53
1680	2	76	53
1681	2	16	48
1682	2	20	53
1683	2	34	52
1684	2	87	52
1685	2	62	53
1686	2	27	56
1687	2	34	52
1688	2	33	52
1689	2	45	52
1690	2	21	46
1691	2	42	52
1692	2	42	52
1693	2	51	56
1694	2	27	56
1695	2	43	53
1696	2	33	52
1697	2	42	52
1698	2	45	52
1699	2	40	53
1700	2	5	55
1701	2	84	53
1702	2	95	52
1703	2	86	52
1704	2	86	52
1705	2	47	52
1706	2	9	52
1707	2	3	52
1708	2	88	52
1709	2	58	53
1710	2	3	52
1711	2	38	52
1712	2	10	52
1713	2	89	53
1714	2	19	53
1715	2	4	53
1716	2	17	52
1717	2	4	53
1718	2	31	52
1719	2	50	52
1720	2	30	52
1721	2	33	52
1722	2	92	53
1723	2	58	53
1724	2	7	52
1725	2	55	52
1726	2	92	53
1727	2	17	52
1728	2	78	53
1729	2	24	52
1730	2	3	52
1731	2	20	53
1732	2	60	52
1733	2	35	53
1734	2	94	53
1735	2	40	53
1736	2	59	53
1737	2	58	53
1738	2	35	53
1739	2	39	52
1740	2	78	53
1741	2	69	52
1742	2	44	53
1743	2	34	52
1744	2	40	53
1745	2	78	53
1746	2	76	53
1747	2	84	53
1748	2	78	53
1749	2	81	52
1750	2	82	52
1751	2	93	52
1752	2	45	52
1753	2	94	53
1754	2	15	52
1755	2	1	52
1756	2	39	52
1757	2	89	53
1758	2	4	53
1759	2	25	51
1760	2	21	46
1761	2	76	53
1762	2	88	52
1763	2	9	52
1764	2	29	52
1765	2	65	52
1766	2	10	52
1767	2	47	52
1768	2	12	52
1769	2	43	53
1770	2	94	53
1771	2	62	53
1772	2	92	53
1773	2	1	52
1774	2	16	48
1775	2	28	53
1776	2	7	52
1777	2	32	52
1778	2	85	53
1779	2	47	52
1780	2	64	53
1781	2	78	53
1782	2	13	52
1783	2	29	52
1784	2	88	52
1785	2	61	53
1786	2	81	52
1787	2	95	52
1788	2	94	53
1789	2	13	52
1790	2	66	52
1791	2	70	53
1792	2	17	52
1793	2	29	52
1794	2	30	52
1795	2	34	52
1796	2	15	52
1797	2	56	55
1798	2	13	52
1799	2	24	52
1800	2	4	53
1801	2	94	53
1802	2	26	52
1803	2	0	45
1804	2	82	52
1805	2	2	53
1806	2	15	52
1807	2	85	53
1808	2	36	52
1809	2	24	52
1810	2	27	56
1811	2	86	52
1812	2	55	52
1813	2	94	53
1814	2	91	53
1815	2	13	52
1816	2	26	52
1817	2	81	52
1818	2	79	53
1819	2	84	53
1820	2	57	53
1821	2	36	52
1822	2	86	52
1823	2	13	52
1824	2	57	53
1825	2	82	52
1826	2	29	52
1827	2	13	52
1828	2	13	52
1829	2	35	53
1830	2	12	52
1831	2	85	53
1832	2	97	52
1833	2	16	48
1834	2	4	53
1835	2	40	53
1836	2	41	52
1837	2	33	52
1838	2	59	53
1839	2	27	56
1840	2	68	53
1841	2	37	52
1842	2	84	53
1843	2	39	52
1844	2	67	52
1845	2	35	53
1846	2	34	52
1847	2	14	52
1848	2	5	55
1849	2	43	53
1850	2	72	53
1851	2	35	53
1852	2	61	53
1853	2	95	52
1854	2	59	53
1855	2	86	52
1856	2	38	52
1857	2	13	52
1858	2	27	56
1859	2	86	52
1860	2	58	53
1861	2	86	52
1862	2	92	53
1863	2	93	52
1864	2	24	52
1865	2	83	52
1866	2	38	52
1867	2	69	52
1868	2	57	53
1869	2	35	53
1870	2	3	52
1871	2	20	53
1872	2	58	53
1873	2	42	52
1874	2	66	52
1875	2	68	53
1876	2	24	52
1877	2	33	52
1878	2	12	52
1879	2	35	53
1880	2	5	55
1881	2	34	52
1882	2	54	53
1883	2	96	53
1884	2	57	53
1885	2	23	53
1886	2	29	52
1887	2	73	56
1888	2	54	53
1889	2	3	52
1890	2	58	53
1891	2	13	52
1892	2	15	52
1893	2	34	52
1894	2	27	56
1895	2	48	52
1896	2	75	52
1897	2	4	53
1898	2	70	53
1899	2	83	52
1900	2	50	52
1901	2	35	53
1902	2	6	55
1903	2	48	52
1904	2	89	53
1905	2	59	53
1906	2	17	52
1907	2	25	51
1908	2	80	52
1909	2	89	53
1910	2	56	55
1911	2	34	52
1912	2	35	53
1913	2	94	53
1914	2	28	53
1915	2	20	53
1916	2	67	52
1917	2	17	52
1918	2	35	53
1919	2	96	53
1920	2	44	53
1921	2	94	53
1922	2	8	52
1923	2	86	52
1924	2	72	53
1925	2	80	52
1926	2	17	52
1927	2	51	56
1928	2	58	53
1929	2	34	52
1930	2	1	52
1931	2	16	48
1932	2	38	52
1933	2	35	53
1934	2	35	53
1935	2	92	53
1936	2	73	56
1937	2	81	52
1938	2	39	52
1939	2	17	52
1940	2	37	52
1941	2	70	53
1942	2	43	53
1943	2	89	53
1944	2	79	53
1945	2	15	52
1946	2	12	52
1947	2	27	56
1948	2	35	53
1949	2	35	53
1950	2	50	52
1951	2	31	52
1952	2	43	53
1953	2	57	53
1954	2	32	52
1955	2	10	52
1956	2	76	53
1957	2	34	52
1958	2	90	52
1959	2	10	52
1960	2	60	52
1961	2	87	52
1962	2	35	53
1963	2	36	52
1964	2	34	52
1965	2	35	53
1966	2	90	52
1967	2	56	55
1968	2	43	53
1969	2	48	52
1970	2	76	53
1971	2	31	52
1972	2	78	53
1973	2	29	52
1974	2	4	53
1975	2	4	53
1976	2	42	52
1977	2	35	53
1978	2	34	52
1979	2	86	52
1980	2	7	52
1981	2	20	53
1982	2	4	53
1983	2	86	52
1984	2	33	52
1985	2	13	52
1986	2	9	52
1987	2	91	53
1988	2	65	52
1989	2	25	51
1990	2	82	52
1991	2	8	52
1992	2	45	52
1993	2	9	52
1994	2	81	52
1995	2	17	52
1996	2	68	53
1997	2	56	55
1998	2	31	52
1999	2	54	53
2000	2	4	53
2001	2	55	52
2002	2	4	53
2003	2	62	53
2004	2	0	45
2005	2	21	46
2006	2	35	53
2007	2	78	53
2008	2	2	53
2009	2	4	53
2010	2	54	53
2011	2	41	52
2012	2	29	52
2013	2	23	53
2014	2	68	53
2015	2	65	52
2016	2	45	52
2017	2	28	53
2018	2	67	52
2019	2	53	52
2020	2	11	51
2021	2	39	52
2022	2	73	56
2023	2	35	53
2024	2	22	52
2025	2	12	52
2026	2	38	52
2027	2	5	55
2028	2	23	53
2029	2	83	52
2030	2	51	56
2031	2	2	53
2032	2	83	52
2033	2	57	53
2034	2	43	53
2035	2	69	52
2036	2	80	52
2037	2	13	52
2038	2	5	55
2039	2	19	53
2040	2	44	53
2041	2	51	56
2042	2	25	51
2043	2	10	52
2044	2	67	52
2045	2	35	53
2046	2	92	53
2047	2	57	53
2048	2	39	52
2049	2	84	53
2050	2	46	53
2051	2	83	52
2052	2	78	53
2053	2	2	53
2054	2	17	52
2055	2	39	52
2056	2	81	52
2057	2	87	52
2058	2	14	52
2059	2	65	52
2060	2	54	53
2061	2	68	53
2062	2	18	52
2063	2	12	52
2064	2	35	53
2065	2	70	53
2066	2	52	53
2067	2	13	52
2068	2	67	52
2069	2	93	52
2070	2	11	51
2071	2	29	52
2072	2	0	45
2073	2	27	56
2074	2	27	56
2075	2	35	53
2076	2	62	53
2077	2	45	52
2078	2	23	53
2079	2	35	53
2080	2	38	52
2081	2	46	53
2082	2	35	53
2083	2	60	52
2084	2	90	52
2085	2	75	52
2086	2	34	52
2087	2	59	53
2088	2	17	52
2089	2	78	53
2090	2	69	52
2091	2	30	52
2092	2	19	53
2093	2	29	52
2094	2	4	53
2095	2	22	52
2096	2	86	52
2097	2	57	53
2098	2	14	52
2099	2	24	52
2100	2	52	53
2101	2	41	52
2102	2	35	53
2103	2	10	52
2104	2	7	52
2105	2	35	53
2106	2	18	52
2107	2	20	53
2108	2	40	53
2109	2	36	52
2110	2	57	53
2111	2	73	56
2112	2	13	52
2113	2	12	52
2114	2	88	52
2115	2	35	53
2116	2	34	52
2117	2	42	52
2118	2	30	52
2119	2	13	52
2120	2	86	52
2121	2	34	52
2122	2	19	53
2123	2	0	45
2124	2	35	53
2125	2	50	52
2126	2	86	52
2127	2	77	52
2128	2	18	52
2129	2	4	53
2130	2	92	53
2131	2	15	52
2132	2	7	52
2133	2	96	53
2134	2	29	52
2135	2	13	52
2136	2	69	52
2137	2	20	53
2138	2	47	52
2139	2	73	56
2140	2	29	52
2141	2	19	53
2142	2	97	52
2143	2	34	52
2144	2	15	52
2145	2	47	52
2146	2	91	53
2147	2	67	52
2148	2	39	52
2149	2	40	53
2150	2	42	52
2151	2	58	53
2152	2	0	45
2153	2	71	52
2154	2	13	52
2155	2	96	53
2156	2	61	53
2157	2	60	52
2158	2	6	55
2159	2	54	53
2160	2	38	52
2161	2	66	52
2162	2	10	52
2163	2	63	52
2164	2	0	45
2165	2	32	52
2166	2	42	52
2167	2	88	52
2168	2	21	46
2169	2	17	52
2170	2	57	53
2171	2	73	56
2172	2	96	53
2173	2	92	53
2174	2	78	53
2175	2	4	53
2176	2	6	55
2177	2	68	53
2178	2	74	53
2179	2	1	52
2180	2	43	53
2181	2	58	53
2182	2	93	52
2183	2	12	52
2184	2	37	52
2185	2	63	52
2186	2	40	53
2187	2	35	53
2188	2	21	46
2189	2	5	55
2190	2	59	53
2191	2	52	53
2192	2	52	53
2193	2	96	53
2194	2	39	52
2195	2	27	56
2196	2	48	52
2197	2	32	52
2198	2	50	52
2199	2	62	53
2200	2	21	46
2201	2	1	52
2202	2	35	53
2203	2	34	52
2204	2	20	53
2205	2	96	53
2206	2	51	56
2207	2	64	53
2208	2	13	52
2209	2	94	53
2210	2	46	53
2211	2	30	52
2212	2	95	52
2213	2	8	52
2214	2	34	52
2215	2	56	55
2216	2	12	52
2217	2	60	52
2218	2	75	52
2219	2	34	52
2220	2	76	53
2221	2	12	52
2222	2	82	52
2223	2	78	53
2224	2	2	53
2225	2	5	55
2226	2	34	52
2227	2	24	52
2228	2	9	52
2229	2	90	52
2230	2	92	53
2231	2	55	52
2232	2	6	55
2233	2	13	52
2234	2	81	52
2235	2	65	52
2236	2	94	53
2237	2	58	53
2238	2	3	52
2239	2	79	53
2240	2	3	52
2241	2	4	53
2242	2	20	53
2243	2	95	52
2244	2	61	53
2245	2	86	52
2246	2	43	53
2247	2	20	53
2248	2	35	53
2249	2	89	53
2250	2	54	53
2251	2	1	52
2252	2	34	52
2253	2	9	52
2254	2	95	52
2255	2	80	52
2256	2	4	53
2257	2	25	51
2258	2	69	52
2259	2	2	53
2260	2	9	52
2261	2	1	52
2262	2	39	52
2263	2	31	52
2264	2	40	53
2265	2	44	53
2266	2	34	52
2267	2	57	53
2268	2	14	52
2269	2	3	52
2270	2	89	53
2271	2	2	53
2272	2	73	56
2273	2	13	52
2274	2	67	52
2275	2	13	52
2276	2	16	48
2277	2	82	52
2278	2	85	53
2279	2	58	53
2280	2	21	46
2281	2	40	53
2282	2	35	53
2283	2	20	53
2284	2	40	53
2285	2	66	52
2286	2	24	52
2287	2	77	52
2288	2	12	52
2289	2	29	52
2290	2	35	53
2291	2	33	52
2292	2	22	52
2293	2	45	52
2294	2	15	52
2295	2	11	51
2296	2	97	52
2297	2	48	52
2298	2	67	52
2299	2	87	52
2300	2	47	52
2301	2	62	53
2302	2	81	52
2303	2	67	52
2304	2	58	53
2305	2	43	53
2306	2	29	52
2307	2	61	53
2308	2	80	52
2309	2	60	52
2310	2	34	52
2311	2	34	52
2312	2	8	52
2313	2	15	52
2314	2	6	55
2315	2	33	52
2316	2	47	52
2317	2	35	53
2318	2	50	52
2319	2	18	52
2320	2	42	52
2321	2	39	52
2322	2	21	46
2323	2	13	52
2324	2	45	52
2325	2	39	52
2326	2	56	55
2327	2	42	52
2328	2	46	53
2329	2	20	53
2330	2	29	52
2331	2	91	53
2332	2	46	53
2333	2	65	52
2334	2	76	53
2335	2	88	52
2336	2	58	53
2337	2	3	52
2338	2	11	51
2339	2	73	56
2340	2	35	53
2341	2	97	52
2342	2	83	52
2343	2	65	52
2344	2	74	53
2345	2	57	53
2346	2	15	52
2347	2	35	53
2348	2	82	52
2349	2	55	52
2350	2	34	52
2351	2	94	53
2352	2	35	53
2353	2	5	55
2354	2	61	53
2355	2	90	52
2356	2	57	53
2357	2	39	52
2358	2	44	53
2359	2	63	52
2360	2	11	51
2361	2	15	52
2362	2	88	52
2363	2	40	53
2364	2	53	52
2365	2	65	52
2366	2	13	52
2367	2	31	52
2368	2	95	52
2369	2	63	52
2370	2	1	52
2371	2	17	52
2372	2	26	52
2373	2	57	53
2374	2	86	52
2375	2	97	52
2376	2	98	52
2377	2	29	52
2378	2	57	53
2379	2	8	52
2380	2	72	53
2381	2	82	52
2382	2	26	52
2383	2	41	52
2384	2	41	52
2385	2	68	53
2386	2	48	52
2387	2	28	53
2388	2	15	52
2389	2	1	52
2390	2	24	52
2391	2	20	53
2392	2	35	53
2393	2	11	51
2394	2	24	52
2395	2	61	53
2396	2	34	52
2397	2	35	53
2398	2	51	56
2399	2	15	52
2400	2	58	53
2401	2	22	52
2402	2	85	53
2403	2	94	53
2404	2	84	53
2405	2	52	53
2406	2	87	52
2407	2	42	52
2408	2	34	52
2409	2	81	52
2410	2	7	52
2411	2	35	53
2412	2	4	53
2413	2	20	53
2414	2	35	53
2415	2	75	52
2416	2	34	52
2417	2	62	53
2418	2	12	52
2419	2	33	52
2420	2	94	53
2421	2	72	53
2422	2	35	53
2423	2	95	52
2424	2	47	52
2425	2	55	52
2426	2	17	52
2427	2	66	52
2428	2	35	53
2429	2	35	53
2430	2	21	46
2431	2	20	53
2432	2	49	52
2433	2	61	53
2434	2	2	53
2435	2	78	53
2436	2	75	52
2437	2	36	52
2438	2	62	53
2439	2	58	53
2440	2	82	52
2441	2	20	53
2442	2	57	53
2443	2	82	52
2444	2	25	51
2445	2	7	52
2446	2	20	53
2447	2	35	53
2448	2	95	52
2449	2	89	53
2450	2	17	52
2451	2	23	53
2452	2	34	52
2453	2	9	52
2454	2	41	52
2455	2	9	52
2456	2	65	52
2457	2	61	53
2458	2	61	53
2459	2	73	56
2460	2	2	53
2461	2	34	52
2462	2	34	52
2463	2	17	52
2464	2	94	53
2465	2	9	52
2466	2	33	52
2467	2	62	53
2468	2	83	52
2469	2	52	53
2470	2	40	53
2471	2	96	53
2472	2	68	53
2473	2	56	55
2474	2	12	52
2475	2	58	53
2476	2	58	53
2477	2	35	53
2478	2	34	52
2479	2	29	52
2480	2	49	52
2481	2	58	53
2482	2	3	52
2483	2	48	52
2484	2	28	53
2485	2	88	52
2486	2	95	52
2487	2	52	53
2488	2	35	53
2489	2	38	52
2490	2	72	53
2491	2	0	45
2492	2	12	52
2493	2	80	52
2494	2	48	52
2495	2	39	52
2496	2	44	53
2497	2	11	51
2498	2	49	52
2499	2	13	52
2500	2	66	52
2501	2	35	53
2502	2	94	53
2503	2	42	52
2504	2	22	52
2505	2	4	53
2506	2	73	56
2507	2	94	53
2508	2	87	52
2509	2	79	53
2510	2	27	56
2511	2	29	52
2512	2	34	52
2513	2	61	53
2514	2	56	55
2515	2	43	53
2516	2	5	55
2517	2	20	53
2518	2	52	53
2519	2	8	52
2520	2	54	53
2521	2	42	52
2522	2	32	52
2523	2	26	52
2524	2	89	53
2525	2	36	52
2526	2	83	52
2527	2	55	52
2528	2	41	52
2529	2	70	53
2530	2	17	52
2531	2	35	53
2532	2	57	53
2533	2	36	52
2534	2	0	45
2535	2	58	53
2536	2	20	53
2537	2	43	53
2538	2	28	53
2539	2	35	53
2540	2	45	52
2541	2	77	52
2542	2	30	52
2543	2	54	53
2544	2	76	53
2545	2	73	56
2546	2	35	53
2547	2	69	52
2548	2	3	52
2549	2	52	53
2550	2	64	53
2551	2	34	52
2552	2	62	53
2553	2	4	53
2554	2	41	52
2555	2	15	52
2556	2	28	53
2557	2	68	53
2558	2	7	52
2559	2	15	52
2560	2	28	53
2561	2	38	52
2562	2	92	53
2563	2	60	52
2564	2	52	53
2565	2	34	52
2566	2	13	52
2567	2	8	52
2568	2	47	52
2569	2	34	52
2570	2	7	52
2571	2	6	55
2572	2	58	53
2573	2	34	52
2574	2	56	55
2575	2	54	53
2576	2	47	52
2577	2	17	52
2578	2	48	52
2579	2	59	53
2580	2	89	53
2581	2	7	52
2582	2	82	52
2583	2	59	53
2584	2	34	52
2585	2	10	52
2586	2	70	53
2587	2	17	52
2588	2	35	53
2589	2	57	53
2590	2	17	52
2591	2	3	52
2592	2	34	52
2593	2	61	53
2594	2	54	53
2595	2	51	56
2596	2	25	51
2597	2	12	52
2598	2	39	52
2599	2	81	52
2600	2	96	53
2601	2	28	53
2602	2	14	52
2603	2	51	56
2604	2	85	53
2605	2	66	52
2606	2	34	52
2607	2	35	53
2608	2	95	52
2609	2	24	52
2610	2	85	53
2611	2	61	53
2612	2	2	53
2613	2	88	52
2614	2	58	53
2615	2	8	52
2616	2	77	52
2617	2	43	53
2618	2	44	53
2619	2	54	53
2620	2	40	53
2621	2	23	53
2622	2	69	52
2623	2	91	53
2624	2	23	53
2625	2	86	52
2626	2	56	55
2627	2	83	52
2628	2	23	53
2629	2	34	52
2630	2	58	53
2631	2	22	52
2632	2	79	53
2633	2	4	53
2634	2	5	55
2635	2	60	52
2636	2	21	46
2637	2	88	52
2638	2	20	53
2639	2	53	52
2640	2	34	52
2641	2	98	52
2642	2	43	53
2643	2	21	46
2644	2	44	53
2645	2	49	52
2646	2	54	53
2647	2	34	52
2648	2	7	52
2649	2	23	53
2650	2	34	52
2651	2	34	52
2652	2	49	52
2653	2	79	53
2654	2	47	52
2655	2	3	52
2656	2	44	53
2657	2	17	52
2658	2	50	52
2659	2	17	52
2660	2	57	53
2661	2	31	52
2662	2	13	52
2663	2	0	45
2664	2	82	52
2665	2	7	52
2666	2	82	52
2667	2	29	52
2668	2	57	53
2669	2	38	52
2670	2	0	45
2671	2	20	53
2672	2	58	53
2673	2	35	53
2674	2	88	52
2675	2	36	52
2676	2	4	53
2677	2	91	53
2678	2	29	52
2679	2	27	56
2680	2	26	52
2681	2	35	53
2682	2	5	55
2683	2	4	53
2684	2	73	56
2685	2	20	53
2686	2	62	53
2687	2	47	52
2688	2	39	52
2689	2	28	53
2690	2	43	53
2691	2	12	52
2692	2	34	52
2693	2	26	52
2694	2	31	52
2695	2	34	52
2696	2	70	53
2697	2	13	52
2698	2	85	53
2699	2	30	52
2700	2	29	52
2701	2	60	52
2702	2	98	52
2703	2	34	52
2704	2	82	52
2705	2	75	52
2706	2	33	52
2707	2	7	52
2708	2	24	52
2709	2	57	53
2710	2	96	53
2711	2	34	52
2712	2	41	52
2713	2	57	53
2714	2	97	52
2715	2	13	52
2716	2	78	53
2717	2	10	52
2718	2	34	52
2719	2	96	53
2720	2	34	52
2721	2	13	52
2722	2	34	52
2723	2	58	53
2724	2	58	53
2725	2	29	52
2726	2	35	53
2727	2	43	53
2728	2	64	53
2729	2	37	52
2730	2	85	53
2731	2	55	52
2732	2	52	53
2733	2	4	53
2734	2	60	52
2735	2	43	53
2736	2	35	53
2737	2	40	53
2738	2	13	52
2739	2	2	53
2740	2	46	53
2741	2	74	53
2742	2	4	53
2743	2	33	52
2744	2	10	52
2745	2	67	52
2746	2	0	45
2747	2	73	56
2748	2	62	53
2749	2	48	52
2750	2	32	52
2751	2	71	52
2752	2	34	52
2753	2	8	52
2754	2	8	52
2755	2	13	52
2756	2	58	53
2757	2	4	53
2758	2	3	52
2759	2	27	56
2760	2	29	52
2761	2	7	52
2762	2	35	53
2763	2	54	53
2764	2	13	52
2765	2	85	53
2766	2	34	52
2767	2	61	53
2768	2	36	52
2769	2	17	52
2770	2	31	52
2771	2	70	53
2772	2	17	52
2773	2	15	52
2774	2	28	53
2775	2	39	52
2776	2	35	53
2777	2	34	52
2778	2	22	52
2779	2	34	52
2780	2	33	52
2781	2	4	53
2782	2	93	52
2783	2	94	53
2784	2	70	53
2785	2	43	53
2786	2	38	52
2787	2	35	53
2788	2	21	46
2789	2	2	53
2790	2	35	53
2791	2	22	52
2792	2	78	53
2793	2	50	52
2794	2	90	52
2795	2	23	53
2796	2	86	52
2797	2	70	53
2798	2	86	52
2799	2	57	53
2800	2	15	52
2801	2	15	52
2802	2	53	52
2803	2	0	45
2804	2	67	52
2805	2	39	52
2806	2	5	55
2807	2	59	53
2808	2	58	53
2809	2	33	52
2810	2	1	52
2811	2	40	53
2812	2	34	52
2813	2	29	52
2814	2	39	52
2815	2	35	53
2816	2	48	52
2817	2	61	53
2818	2	96	53
2819	2	12	52
2820	2	98	52
2821	2	50	52
2822	2	33	52
2823	2	36	52
2824	2	62	53
2825	2	96	53
2826	2	79	53
2827	2	75	52
2828	2	39	52
2829	2	35	53
2830	2	35	53
2831	2	97	52
2832	2	9	52
2833	2	8	52
2834	2	62	53
2835	2	48	52
2836	2	4	53
2837	2	60	52
2838	2	84	53
2839	2	62	53
2840	2	45	52
2841	2	82	52
2842	2	9	52
2843	2	31	52
2844	2	4	53
2845	2	81	52
2846	2	11	51
2847	2	19	53
2848	2	7	52
2849	2	29	52
2850	2	7	52
2851	2	13	52
2852	2	15	52
2853	2	63	52
2854	2	41	52
2855	2	12	52
2856	2	40	53
2857	2	13	52
2858	2	18	52
2859	2	0	45
2860	2	8	52
2861	2	43	53
2862	2	40	53
2863	2	96	53
2864	2	32	52
2865	2	47	52
2866	2	43	53
2867	2	79	53
2868	2	47	52
2869	2	51	56
2870	2	18	52
2871	2	63	52
2872	2	4	53
2873	2	46	53
2874	2	48	52
2875	2	12	52
2876	2	78	53
2877	2	89	53
2878	2	35	53
2879	2	34	52
2880	2	87	52
2881	2	42	52
2882	2	0	45
2883	2	14	52
2884	2	32	52
2885	2	33	52
2886	2	85	53
2887	2	0	45
2888	2	32	52
2889	2	38	52
2890	2	89	53
2891	2	80	52
2892	2	62	53
2893	2	34	52
2894	2	47	52
2895	2	57	53
2896	2	60	52
2897	2	22	52
2898	2	70	53
2899	2	13	52
2900	2	66	52
2901	2	66	52
2902	2	34	52
2903	2	39	52
2904	2	4	53
2905	2	34	52
2906	2	80	52
2907	2	57	53
2908	2	67	52
2909	2	94	53
2910	2	18	52
2911	2	87	52
2912	2	35	53
2913	2	70	53
2914	2	58	53
2915	2	71	52
2916	2	16	48
2917	2	62	53
2918	2	27	56
2919	2	85	53
2920	2	6	55
2921	2	94	53
2922	2	82	52
2923	2	20	53
2924	2	15	52
2925	2	81	52
2926	2	1	52
2927	2	93	52
2928	2	8	52
2929	2	4	53
2930	2	69	52
2931	2	60	52
2932	2	3	52
2933	2	14	52
2934	2	36	52
2935	2	29	52
2936	2	35	53
2937	2	50	52
2938	2	40	53
2939	2	36	52
2940	2	13	52
2941	2	64	53
2942	2	38	52
2943	2	33	52
2944	2	58	53
2945	2	60	52
2946	2	17	52
2947	2	7	52
2948	2	92	53
2949	2	66	52
2950	2	34	52
2951	2	6	55
2952	2	32	52
2953	2	33	52
2954	2	35	53
2955	2	37	52
2956	2	57	53
2957	2	39	52
2958	2	84	53
2959	2	75	52
2960	2	23	53
2961	2	43	53
2962	2	94	53
2963	2	17	52
2964	2	79	53
2965	2	92	53
2966	2	0	45
2967	2	61	53
2968	2	94	53
2969	2	84	53
2970	2	28	53
2971	2	64	53
2972	2	50	52
2973	2	70	53
2974	2	23	53
2975	2	60	52
2976	2	62	53
2977	2	58	53
2978	2	58	53
2979	2	34	52
2980	2	6	55
2981	2	25	51
2982	2	4	53
2983	2	58	53
2984	2	22	52
2985	2	13	52
2986	2	4	53
2987	2	15	52
2988	2	57	53
2989	2	10	52
2990	2	19	53
2991	2	29	52
2992	2	73	56
2993	2	57	53
2994	2	96	53
2995	2	59	53
2996	2	56	55
2997	2	63	52
2998	2	12	52
2999	2	73	56
