173
109
575
388
285
437
539
528
187
550
72
343
737
383
487
46
347
700
831
486
794
593
686
704
936
589
626
220
920
206
67
260
324
732
323
631
392
464
307
467
958
429
335
310
381
956
85
410
216
752
148
506
591
932
249
438
930
949
940
580
96
64
401
684
348
341
567
217
578
262
393
585
254
502
739
798
847
947
769
914
112
848
432
964
988
671
208
238
962
300
639
134
252
833
789
873
811
628
444
603
426
365
509
345
818
51
961
809
602
669
530
377
245
296
287
925
178
104
787
327
357
19
43
596
880
786
237
367
726
499
948
653
442
311
577
503
272
616
600
849
900
59
4
1
297
717
916
810
747
460
103
159
191
482
614
361
609
823
627
26
745
573
709
303
980
866
679
876
629
138
850
805
568
974
584
738
44
121
171
871
111
188
517
581
543
74
326
611
137
597
42
693
13
196
352
965
30
828
975
461
110
81
330
6
901
368
33
537
951
689
582
927
707
845
229
424
533
164
564
917
354
170
496
131
116
651
889
542
899
960
235
993
483
322
731
851
130
200
489
338
427
549
227
359
754
565
207
623
859
903
860
524
977
872
939
674
535
662
240
7
16
479
650
54
411
251
378
414
293
179
991
373
255
404
282
280
407
400
821
385
114
924
696
390
844
621
379
966
219
505
113
372
559
883
422
803
225
349
95
331
572
248
369
774
647
306
870
963
370
355
391
470
644
45
835
601
683
41
854
645
758
944
309
520
115
441
27
995
688
862
515
269
294
766
999
989
174
620
775
447
928
75
31
417
5
529
155
522
8
715
638
271
723
65
301
934
231
100
727
842
971
569
892
166
911
763
890
959
10
716
89
879
147
538
325
500
346
734
150
278
226
211
632
562
694
320
25
554
132
497
757
830
474
318
23
714
659
492
473
439
124
666
759
450
748
384
555
676
105
484
641
592
893
780
205
760
270
247
933
997
375
692
814
619
972
431
56
53
518
218
62
560
622
832
970
942
668
856
719
24
291
886
97
242
656
541
351
39
151
232
797
776
853
185
108
418
548
770
244
576
436
986
514
672
519
625
513
86
574
804
468
796
126
617
333
49
536
921
677
649
667
305
380
874
17
471
194
423
302
691
778
815
756
605
820
241
197
606
481
985
364
801
730
654
713
273
336
767
953
957
190
664
141
718
459
419
897
201
488
968
642
984
316
904
180
655
583
680
695
525
937
223
613
76
994
698
258
101
475
712
221
195
969
648
342
11
941
898
445
140
877
919
708
353
308
864
236
156
261
781
544
884
477
449
610
304
665
416
777
800
476
790
690
711
228
98
458
938
808
858
382
784
332
869
128
315
516
129
289
169
508
472
751
852
480
746
681
773
846
865
405
839
350
38
534
125
250
857
491
954
186
222
90
586
281
725
415
119
793
73
824
68
63
312
643
896
498
558
204
230
286
699
337
469
979
561
720
710
490
658
290
181
768
146
788
640
265
83
209
60
843
670
660
94
192
915
634
526
813
288
636
371
413
434
457
47
71
215
0
142
246
907
983
107
374
117
521
867
661
887
182
785
389
863
274
317
165
440
299
144
652
277
812
127
446
881
912
82
783
395
106
463
387
996
753
741
998
978
136
177
12
88
868
981
298
430
175
902
982
646
635
765
771
571
729
882
158
570
233
102
607
792
295
279
967
376
834
313
697
926
275
895
598
133
673
987
35
266
84
465
2
29
817
878
77
929
931
563
264
922
360
764
139
397
527
34
507
224
50
826
123
425
362
321
61
118
888
80
92
9
825
154
733
618
234
588
32
511
943
409
702
829
122
69
604
545
212
855
198
135
358
452
750
819
18
935
637
836
292
339
428
263
608
283
822
57
840
494
891
685
163
284
743
412
145
193
334
791
398
557
735
827
682
802
153
742
319
894
399
462
566
736
406
14
314
149
504
913
612
706
701
728
120
20
456
58
356
599
157
253
28
553
420
841
657
203
172
955
624
973
687
799
547
909
556
22
160
454
906
466
837
587
663
363
633
162
493
168
176
210
257
945
366
143
214
276
678
256
532
213
721
451
976
435
183
87
816
740
161
807
91
202
167
66
782
485
590
838
40
199
861
905
37
78
344
675
749
455
152
36
579
744
21
703
184
243
772
99
761
910
386
806
755
443
540
523
946
918
552
952
724
433
546
453
595
512
448
478
15
722
394
268
329
531
950
551
421
403
239
55
908
923
3
885
267
779
705
189
93
990
992
875
795
259
495
396
615
402
501
762
630
510
79
52
70
408
328
594
48
340
