---------------
2	75
7	32
3	26
1	68
31	34
0	704
---------------
2	75
6	67
19	41
14	19
0	27
1	719
---------------
2	75
31	34
1	68
10	27
14	19
---------------
2	75
7	32
0	27
31	34
20	41
0	672
---------------
2	75
1	68
6	67
20	41
10	27
1	615
---------------
2	75
11	26
20	41
19	41
0	27
2	690
---------------
2	75
41	30
0	27
3	26
11	26
3	701
---------------
2	75
20	41
3	26
41	30
7	32
4	720
---------------
2	75
20	41
0	27
41	30
1	68
5	700
---------------
2	75
0	27
31	34
3	26
10	27
6	719
---------------
2	75
14	19
31	34
20	41
41	30
7	684
---------------
2	75
7	32
0	27
31	34
11	26
8	671
---------------
2	75
10	27
6	67
7	32
19	41
9	675
------总结果-------
5.36742	684
---------------
7	32
14	19
6	67
1	68
0	27
0	698
---------------
2	75
14	19
20	41
1	68
41	30
1	717
---------------
20	41
10	27
11	26
7	32
6	67
2	625
---------------
11	26
3	26
19	41
2	75
14	19
3	718
---------------
14	19
0	27
19	41
3	26
10	27
4	653
---------------
11	26
7	32
6	67
0	27
20	41
5	649
---------------
19	41
1	68
10	27
2	75
31	34
6	678
---------------
0	27
1	68
2	75
14	19
3	26
7	682
---------------
3	26
7	32
20	41
1	68
14	19
8	638
---------------
3	26
20	41
1	68
10	27
19	41
9	644
------总结果-------
5.36742	670
---------------
7	32
14	19
1	68
10	27
0	27
0	668
---------------
6	67
10	27
0	27
41	30
2	75
1	694
---------------
31	34
11	26
7	32
14	19
6	67
2	626
---------------
10	27
6	67
1	68
2	75
11	26
3	702
---------------
2	75
41	30
19	41
11	26
31	34
4	661
---------------
0	27
31	34
6	67
20	41
3	26
5	634
---------------
0	27
11	26
1	68
41	30
3	26
6	668
---------------
10	27
0	27
14	19
3	26
11	26
7	623
---------------
7	32
41	30
11	26
1	68
3	26
8	675
---------------
19	41
0	27
41	30
10	27
31	34
9	636
---------------
41	30
20	41
0	27
19	41
10	27
10	630
---------------
6	67
3	26
31	34
14	19
1	68
11	648
---------------
41	30
19	41
10	27
11	26
6	67
12	625
---------------
1	68
19	41
20	41
10	27
31	34
13	614
---------------
0	27
3	26
41	30
20	41
31	34
14	620
---------------
31	34
0	27
6	67
41	30
11	26
15	613
---------------
7	32
0	27
3	26
20	41
14	19
16	661
---------------
2	75
41	30
14	19
10	27
0	27
17	670
---------------
19	41
41	30
3	26
1	68
2	75
18	689
---------------
0	27
1	68
31	34
7	32
19	41
19	676
---------------
3	26
6	67
41	30
11	26
20	41
20	601
---------------
1	68
14	19
19	41
31	34
3	26
21	608
---------------
1	68
14	19
7	32
10	27
20	41
22	672
---------------
41	30
1	68
0	27
14	19
6	67
23	676
---------------
41	30
3	26
11	26
20	41
7	32
24	647
---------------
11	26
19	41
41	30
10	27
6	67
25	625
---------------
1	68
7	32
31	34
19	41
41	30
26	640
---------------
14	19
3	26
7	32
0	27
41	30
27	637
---------------
19	41
1	68
20	41
11	26
6	67
28	668
---------------
41	30
0	27
1	68
14	19
11	26
29	651
------总结果-------
5.36742	648
