
---------------
2	75
11	26
113	13
4	23
181	13
0	553
---------------
2	75
74	14
11	26
3	26
20	41
1	648
---------------
2	75
32	14
20	41
41	30
181	13
2	588
---------------
2	75
33	16
3	26
74	14
37	21
3	672
---------------
2	75
10	27
40	14
0	27
7	32
4	666
---------------
2	75
31	34
33	16
181	13
14	19
5	553
---------------
2	75
20	41
113	13
17	15
19	41
6	579
---------------
2	75
40	14
10	27
41	30
7	32
7	589
---------------
2	75
10	27
18	14
31	34
6	67
8	689
---------------
2	75
40	14
6	67
41	30
10	27
9	689
---------------
2	75
38	22
40	14
10	27
31	34
10	601
---------------
2	75
11	26
14	19
4	23
19	41
11	585
---------------
2	75
19	41
6	67
10	27
14	19
12	672
---------------
2	75
125	17
14	19
33	16
41	30
13	636
---------------
2	75
10	27
1	68
125	17
37	21
14	660
---------------
2	75
41	30
3	26
19	41
18	14
15	642
---------------
2	75
38	22
4	23
113	13
1	68
16	638
---------------
2	75
14	19
41	30
10	27
17	15
17	566
---------------
2	75
0	27
31	34
1	68
10	27
18	656
---------------
2	75
19	41
14	19
31	34
9	18
19	624
---------------
2	75
20	41
4	23
18	14
37	21
20	658
---------------
2	75
1	68
9	18
14	19
17	15
21	673
---------------
2	75
38	22
20	41
113	13
9	18
22	644
---------------
2	75
3	26
4	23
17	15
113	13
23	699
---------------
2	75
31	34
10	27
181	13
19	41
24	577
---------------
2	75
33	16
32	14
19	41
18	14
25	600
---------------
2	75
38	22
19	41
1	68
0	27
26	663
---------------
2	75
31	34
3	26
125	17
19	41
27	645
---------------
2	75
33	16
18	14
113	13
14	19
28	611
---------------
2	75
11	26
37	21
74	14
19	41
29	578
---------------
2	75
37	21
125	17
181	13
7	32
30	626
---------------
2	75
18	14
3	26
14	19
31	34
31	695
---------------
2	75
10	27
32	14
1	68
11	26
32	595
---------------
2	75
6	67
18	14
17	15
20	41
33	676
---------------
2	75
3	26
113	13
181	13
40	14
34	696
---------------
2	75
113	13
11	26
1	68
10	27
35	633
---------------
2	75
38	22
0	27
11	26
40	14
36	599
---------------
2	75
11	26
14	19
113	13
17	15
37	554
---------------
2	75
1	68
40	14
6	67
18	14
38	635
---------------
2	75
7	32
11	26
41	30
1	68
39	640
---------------
2	75
18	14
3	26
37	21
33	16
40	657
---------------
2	75
6	67
10	27
181	13
20	41
41	688
---------------
2	75
38	22
31	34
37	21
32	14
42	608
---------------
2	75
3	26
33	16
9	18
6	67
43	709
---------------
2	75
31	34
20	41
33	16
74	14
44	556
---------------
2	75
181	13
32	14
17	15
4	23
45	637
---------------
2	75
17	15
4	23
10	27
33	16
46	677
---------------
2	75
3	26
9	18
14	19
1	68
47	660
---------------
2	75
6	67
113	13
1	68
20	41
48	673
---------------
2	75
7	32
33	16
125	17
37	21
49	592
---------------
2	75
31	34
38	22
32	14
125	17
50	639
---------------
2	75
74	14
7	32
41	30
18	14
51	644
---------------
2	75
125	17
20	41
14	19
37	21
52	670
---------------
2	75
1	68
33	16
41	30
181	13
53	669
---------------
2	75
7	32
113	13
10	27
38	22
54	594
---------------
2	75
19	41
37	21
17	15
125	17
55	605
---------------
2	75
11	26
125	17
19	41
10	27
56	591
---------------
2	75
125	17
1	68
10	27
32	14
57	666
---------------
2	75
9	18
41	30
0	27
3	26
58	675
---------------
2	75
33	16
19	41
20	41
10	27
59	650
---------------
2	75
38	22
20	41
11	26
18	14
60	586
---------------
2	75
113	13
3	26
9	18
37	21
61	666
---------------
2	75
18	14
74	14
1	68
37	21
62	652
---------------
2	75
40	14
1	68
19	41
38	22
63	632
---------------
2	75
0	27
14	19
11	26
33	16
64	592
---------------
2	75
11	26
1	68
19	41
4	23
65	639
---------------
2	75
20	41
38	22
19	41
74	14
66	637
---------------
2	75
18	14
19	41
40	14
1	68
67	629
---------------
2	75
32	14
14	19
181	13
1	68
68	680
---------------
2	75
113	13
74	14
33	16
18	14
69	599
---------------
2	75
7	32
125	17
181	13
11	26
70	601
---------------
2	75
1	68
10	27
37	21
32	14
71	640
---------------
2	75
1	68
11	26
0	27
74	14
72	626
---------------
2	75
0	27
20	41
74	14
3	26
73	673
---------------
2	75
3	26
19	41
41	30
74	14
74	662
---------------
2	75
125	17
32	14
37	21
14	19
75	667
---------------
2	75
33	16
6	67
41	30
125	17
76	626
---------------
2	75
9	18
113	13
41	30
181	13
77	604
---------------
2	75
17	15
19	41
9	18
20	41
78	611
---------------
2	75
19	41
32	14
18	14
37	21
79	622
---------------
2	75
74	14
20	41
18	14
4	23
80	665
---------------
2	75
11	26
181	13
74	14
38	22
81	589
---------------
2	75
3	26
31	34
4	23
10	27
82	704
---------------
2	75
6	67
3	26
7	32
40	14
83	683
---------------
2	75
74	14
113	13
0	27
41	30
84	605
---------------
2	75
10	27
113	13
20	41
0	27
85	641
---------------
2	75
20	41
7	32
31	34
10	27
86	602
---------------
2	75
74	14
40	14
37	21
14	19
87	587
---------------
2	75
7	32
1	68
9	18
4	23
88	649
---------------
2	75
32	14
9	18
4	23
33	16
89	664
---------------
2	75
125	17
1	68
41	30
40	14
90	651
---------------
2	75
31	34
0	27
17	15
38	22
91	637
---------------
2	75
32	14
3	26
125	17
4	23
92	674
---------------
2	75
38	22
6	67
3	26
14	19
93	697
---------------
2	75
14	19
10	27
9	18
0	27
94	671
---------------
2	75
38	22
0	27
10	27
11	26
95	659
---------------
2	75
181	13
32	14
125	17
19	41
96	636
---------------
2	75
74	14
4	23
19	41
33	16
97	615
---------------
2	75
11	26
125	17
41	30
4	23
98	627
---------------
2	75
14	19
17	15
181	13
18	14
99	607
------总结果-------
4.29393	635
