5 8 0 1 2 1.73205
5 8 0 1 3 1.41421
5 8 0 1 4 1.90693
5 8 0 1 6 1.73205
5 8 0 1 7 1.73205
5 8 0 1 9 1.85164
5 8 0 1 10 1.90693
5 8 0 1 11 1.41421
5 8 0 1 12 1.90693
5 8 0 1 13 1.90693
5 8 0 1 14 1.90693
5 8 0 2 3 1.73205
5 8 0 2 4 1.96214
5 8 0 2 6 1.90693
5 8 0 2 7 1.62019
5 8 0 2 9 1.93309
5 8 0 2 10 1.96214
5 8 0 2 11 1.85164
5 8 0 2 12 2
5 8 0 2 13 2
5 8 0 2 14 1.96214
5 8 0 3 4 2
5 8 0 3 6 2
5 8 0 3 7 1.73205
5 8 0 3 9 2
5 8 0 3 10 2
5 8 0 3 11 2
5 8 0 3 12 1.73205
5 8 0 3 13 1.73205
5 8 0 3 14 2
5 8 0 4 6 2.35488
5 8 0 4 7 1.96214
5 8 0 4 9 2.37697
5 8 0 4 10 2.389
5 8 0 4 11 2.28709
5 8 0 4 12 2.28446
5 8 0 4 13 2.28446
5 8 0 4 14 2.389
5 8 0 6 7 1.90693
5 8 0 6 9 2.35488
5 8 0 6 10 2.35488
5 8 0 6 11 2.28709
5 8 0 6 12 2.23607
5 8 0 6 13 2.23607
5 8 0 6 14 2.35488
5 8 0 7 9 1.93309
5 8 0 7 10 1.96214
5 8 0 7 11 1.85164
5 8 0 7 12 2
5 8 0 7 13 2
5 8 0 7 14 1.96214
5 8 0 9 10 2.37697
5 8 0 9 11 2.28709
5 8 0 9 12 2.26385
5 8 0 9 13 2.26385
5 8 0 9 14 2.37697
5 8 0 10 11 2.28709
5 8 0 10 12 2.28446
5 8 0 10 13 2.28446
5 8 0 10 14 2.389
5 8 0 11 12 2.13664
5 8 0 11 13 2.13664
5 8 0 11 14 2.28709
5 8 0 12 13 2.19089
5 8 0 12 14 2.28446
5 8 0 13 14 2.28446
5 8 1 2 3 1.41421
5 8 1 2 4 1.73205
5 8 1 2 6 1.41421
5 8 1 2 7 1.62019
5 8 1 2 9 1.62019
5 8 1 2 10 1.73205
5 8 1 2 11 1.41421
5 8 1 2 12 1.73205
5 8 1 2 13 1.73205
5 8 1 2 14 1.73205
5 8 1 3 4 1.41421
5 8 1 3 6 1.41421
5 8 1 3 7 1.41421
5 8 1 3 9 1.41421
5 8 1 3 10 1.41421
5 8 1 3 11 1.41421
5 8 1 3 12 1.41421
5 8 1 3 13 1.41421
5 8 1 3 14 1.41421
5 8 1 4 6 1.73205
5 8 1 4 7 1.73205
5 8 1 4 9 1.85164
5 8 1 4 10 1.90693
5 8 1 4 11 1.41421
5 8 1 4 12 1.90693
5 8 1 4 13 1.90693
5 8 1 4 14 1.90693
5 8 1 6 7 1.41421
5 8 1 6 9 1.73205
5 8 1 6 10 1.73205
5 8 1 6 11 1.41421
5 8 1 6 12 1.73205
5 8 1 6 13 1.73205
5 8 1 6 14 1.73205
5 8 1 7 9 1.62019
5 8 1 7 10 1.73205
5 8 1 7 11 1.41421
5 8 1 7 12 1.73205
5 8 1 7 13 1.73205
5 8 1 7 14 1.73205
5 8 1 9 10 1.85164
5 8 1 9 11 1.41421
5 8 1 9 12 1.85164
5 8 1 9 13 1.85164
5 8 1 9 14 1.85164
5 8 1 10 11 1.41421
5 8 1 10 12 1.90693
5 8 1 10 13 1.90693
5 8 1 10 14 1.90693
5 8 1 11 12 1.41421
5 8 1 11 13 1.41421
5 8 1 11 14 1.41421
5 8 1 12 13 1.90693
5 8 1 12 14 1.90693
5 8 1 13 14 1.90693
5 8 2 3 4 1.85164
5 8 2 3 6 1.85164
5 8 2 3 7 1.62019
5 8 2 3 9 1.85164
5 8 2 3 10 1.85164
5 8 2 3 11 1.85164
5 8 2 3 12 1.62019
5 8 2 3 13 1.41421
5 8 2 3 14 1.85164
5 8 2 4 6 2
5 8 2 4 7 1.62019
5 8 2 4 9 2
5 8 2 4 10 2.02367
5 8 2 4 11 1.93309
5 8 2 4 12 2
5 8 2 4 13 2
5 8 2 4 14 2.02367
5 8 2 6 7 1.62019
5 8 2 6 9 2
5 8 2 6 10 2
5 8 2 6 11 1.93309
5 8 2 6 12 1.81265
5 8 2 6 13 1.73205
5 8 2 6 14 2
5 8 2 7 9 1.62019
5 8 2 7 10 1.62019
5 8 2 7 11 1.62019
5 8 2 7 12 1.62019
5 8 2 7 13 1.62019
5 8 2 7 14 1.62019
5 8 2 9 10 2
5 8 2 9 11 1.93309
5 8 2 9 12 2
5 8 2 9 13 1.81265
5 8 2 9 14 2
5 8 2 10 11 1.93309
5 8 2 10 12 2
5 8 2 10 13 2
5 8 2 10 14 2.02367
5 8 2 11 12 1.73205
5 8 2 11 13 1.62019
5 8 2 11 14 1.93309
5 8 2 12 13 1.81265
5 8 2 12 14 2
5 8 2 13 14 2
5 8 3 4 6 2.07802
5 8 3 4 7 1.85164
5 8 3 4 9 2.07802
5 8 3 4 10 2.07802
5 8 3 4 11 2.07802
5 8 3 4 12 1.85164
5 8 3 4 13 1.73205
5 8 3 4 14 2.07802
5 8 3 6 7 1.85164
5 8 3 6 9 2.07802
5 8 3 6 10 2.07802
5 8 3 6 11 2.07802
5 8 3 6 12 1.85164
5 8 3 6 13 1.73205
5 8 3 6 14 2.07802
5 8 3 7 9 1.85164
5 8 3 7 10 1.85164
5 8 3 7 11 1.85164
5 8 3 7 12 1.62019
5 8 3 7 13 1.41421
5 8 3 7 14 1.85164
5 8 3 9 10 2.07802
5 8 3 9 11 2.07802
5 8 3 9 12 1.85164
5 8 3 9 13 1.73205
5 8 3 9 14 2.07802
5 8 3 10 11 2.07802
5 8 3 10 12 1.85164
5 8 3 10 13 1.73205
5 8 3 10 14 2.07802
5 8 3 11 12 1.85164
5 8 3 11 13 1.73205
5 8 3 11 14 2.07802
5 8 3 12 13 1.41421
5 8 3 12 14 1.85164
5 8 3 13 14 1.73205
5 8 4 6 7 2
5 8 4 6 9 2.39046
5 8 4 6 10 2.39046
5 8 4 6 11 2.32266
5 8 4 6 12 2.26385
5 8 4 6 13 2.23607
5 8 4 6 14 2.39046
5 8 4 7 9 2
5 8 4 7 10 2.02367
5 8 4 7 11 1.93309
5 8 4 7 12 2
5 8 4 7 13 2
5 8 4 7 14 2.02367
5 8 4 9 10 2.40662
5 8 4 9 11 2.32266
5 8 4 9 12 2.3094
5 8 4 9 13 2.26385
5 8 4 9 14 2.40662
5 8 4 10 11 2.32266
5 8 4 10 12 2.3094
5 8 4 10 13 2.28446
5 8 4 10 14 2.42507
5 8 4 11 12 2.16025
5 8 4 11 13 2.13664
5 8 4 11 14 2.32266
5 8 4 12 13 2.19089
5 8 4 12 14 2.3094
5 8 4 13 14 2.28446
5 8 6 7 9 2
5 8 6 7 10 2
5 8 6 7 11 1.93309
5 8 6 7 12 1.81265
5 8 6 7 13 1.73205
5 8 6 7 14 2
5 8 6 9 10 2.39046
5 8 6 9 11 2.32266
5 8 6 9 12 2.26385
5 8 6 9 13 2.23607
5 8 6 9 14 2.39046
5 8 6 10 11 2.32266
5 8 6 10 12 2.26385
5 8 6 10 13 2.23607
5 8 6 10 14 2.39046
5 8 6 11 12 2.16025
5 8 6 11 13 2.13664
5 8 6 11 14 2.32266
5 8 6 12 13 2.13664
5 8 6 12 14 2.26385
5 8 6 13 14 2.23607
5 8 7 9 10 2
5 8 7 9 11 1.93309
5 8 7 9 12 2
5 8 7 9 13 1.81265
5 8 7 9 14 2
5 8 7 10 11 1.93309
5 8 7 10 12 2
5 8 7 10 13 2
5 8 7 10 14 2.02367
5 8 7 11 12 1.73205
5 8 7 11 13 1.62019
5 8 7 11 14 1.93309
5 8 7 12 13 1.81265
5 8 7 12 14 2
5 8 7 13 14 2
5 8 9 10 11 2.32266
5 8 9 10 12 2.3094
5 8 9 10 13 2.26385
5 8 9 10 14 2.40662
5 8 9 11 12 2.16025
5 8 9 11 13 2.13664
5 8 9 11 14 2.32266
5 8 9 12 13 2.16025
5 8 9 12 14 2.3094
5 8 9 13 14 2.26385
5 8 10 11 12 2.16025
5 8 10 11 13 2.13664
5 8 10 11 14 2.32266
5 8 10 12 13 2.19089
5 8 10 12 14 2.3094
5 8 10 13 14 2.28446
5 8 11 12 13 2
5 8 11 12 14 2.16025
5 8 11 13 14 2.13664
5 8 12 13 14 2.19089
