0 7 1 2 1.85164
0 7 1 3 1.90693
0 7 1 4 1.81265
0 7 1 5 1.73205
0 7 1 6 1.96214
0 7 1 8 2
0 7 1 9 1.96769
0 7 1 10 2
0 7 1 11 1.93309
0 7 1 12 1.97531
0 7 1 13 1.97531
0 7 1 14 2
0 7 2 3 2.04939
0 7 2 4 1.90693
0 7 2 5 2
0 7 2 6 2.04939
0 7 2 8 1.62019
0 7 2 9 2.04939
0 7 2 10 1.73205
0 7 2 11 2.04939
0 7 2 12 2
0 7 2 13 2
0 7 2 14 1.93309
0 7 3 4 2.16556
0 7 3 5 2.15297
0 7 3 6 2.27913
0 7 3 8 1.96214
0 7 3 9 2.27913
0 7 3 10 2.10357
0 7 3 11 2.27913
0 7 3 12 2.16025
0 7 3 13 2.16025
0 7 3 14 2.24038
0 7 4 5 2.22159
0 7 4 6 2.27689
0 7 4 8 2.09069
0 7 4 9 2.27907
0 7 4 10 2.22892
0 7 4 11 2.23846
0 7 4 12 2.14542
0 7 4 13 2.14542
0 7 4 14 2.27395
0 7 5 6 2.21303
0 7 5 8 1.96214
0 7 5 9 2.21986
0 7 5 10 2.12993
0 7 5 11 2.19034
0 7 5 12 2.08484
0 7 5 13 2.08484
0 7 5 14 2.22159
0 7 6 8 2.1391
0 7 6 9 2.39792
0 7 6 10 2.23607
0 7 6 11 2.35855
0 7 6 12 2.27798
0 7 6 13 2.27798
0 7 6 14 2.34521
0 7 8 9 2.1557
0 7 8 10 2.1391
0 7 8 11 2.09069
0 7 8 12 2.16025
0 7 8 13 2.16025
0 7 8 14 2.1557
0 7 9 10 2.24695
0 7 9 11 2.35855
0 7 9 12 2.28841
0 7 9 13 2.28841
0 7 9 14 2.34284
0 7 10 11 2.21037
0 7 10 12 2.1391
0 7 10 13 2.1391
0 7 10 14 2.25726
0 7 11 12 2.2563
0 7 11 13 2.2563
0 7 11 14 2.31349
0 7 12 13 2.20678
0 7 12 14 2.24812
0 7 13 14 2.24812
