0 7 1 2 3 4 5 6 8 9 1
0 7 1 2 3 4 5 6 8 10 0
0 7 1 2 3 4 5 6 8 11 1
0 7 1 2 3 4 5 6 8 12 1
0 7 1 2 3 4 5 6 8 13 1
0 7 1 2 3 4 5 6 8 14 0
0 7 1 2 3 4 5 6 9 10 0
0 7 1 2 3 4 5 6 9 11 1.41421
0 7 1 2 3 4 5 6 9 12 1.41421
0 7 1 2 3 4 5 6 9 13 1.41421
0 7 1 2 3 4 5 6 9 14 1
0 7 1 2 3 4 5 6 10 11 0
0 7 1 2 3 4 5 6 10 12 0
0 7 1 2 3 4 5 6 10 13 0
0 7 1 2 3 4 5 6 10 14 0
0 7 1 2 3 4 5 6 11 12 1.41421
0 7 1 2 3 4 5 6 11 13 1.41421
0 7 1 2 3 4 5 6 11 14 1
0 7 1 2 3 4 5 6 12 13 1.41421
0 7 1 2 3 4 5 6 12 14 1
0 7 1 2 3 4 5 6 13 14 1
0 7 1 2 3 4 5 8 9 10 1
0 7 1 2 3 4 5 8 9 11 1
0 7 1 2 3 4 5 8 9 12 1
0 7 1 2 3 4 5 8 9 13 1
0 7 1 2 3 4 5 8 9 14 1
0 7 1 2 3 4 5 8 10 11 1
0 7 1 2 3 4 5 8 10 12 1.41421
0 7 1 2 3 4 5 8 10 13 1.41421
0 7 1 2 3 4 5 8 10 14 1.41421
0 7 1 2 3 4 5 8 11 12 1
0 7 1 2 3 4 5 8 11 13 1
0 7 1 2 3 4 5 8 11 14 1
0 7 1 2 3 4 5 8 12 13 1.41421
0 7 1 2 3 4 5 8 12 14 1.41421
0 7 1 2 3 4 5 8 13 14 1.41421
0 7 1 2 3 4 5 9 10 11 0
0 7 1 2 3 4 5 9 10 12 1
0 7 1 2 3 4 5 9 10 13 1
0 7 1 2 3 4 5 9 10 14 1
0 7 1 2 3 4 5 9 11 12 1.41421
0 7 1 2 3 4 5 9 11 13 1.41421
0 7 1 2 3 4 5 9 11 14 1
0 7 1 2 3 4 5 9 12 13 1.41421
0 7 1 2 3 4 5 9 12 14 1
0 7 1 2 3 4 5 9 13 14 1
0 7 1 2 3 4 5 10 11 12 1
0 7 1 2 3 4 5 10 11 13 1
0 7 1 2 3 4 5 10 11 14 1
0 7 1 2 3 4 5 10 12 13 1.41421
0 7 1 2 3 4 5 10 12 14 1.41421
0 7 1 2 3 4 5 10 13 14 1.41421
0 7 1 2 3 4 5 11 12 13 1.41421
0 7 1 2 3 4 5 11 12 14 1
0 7 1 2 3 4 5 11 13 14 1
0 7 1 2 3 4 5 12 13 14 1.41421
0 7 1 2 3 4 6 8 9 10 0
0 7 1 2 3 4 6 8 9 11 1
0 7 1 2 3 4 6 8 9 12 1
0 7 1 2 3 4 6 8 9 13 1
0 7 1 2 3 4 6 8 9 14 0
0 7 1 2 3 4 6 8 10 11 0
0 7 1 2 3 4 6 8 10 12 0
0 7 1 2 3 4 6 8 10 13 0
0 7 1 2 3 4 6 8 10 14 0
0 7 1 2 3 4 6 8 11 12 1
0 7 1 2 3 4 6 8 11 13 1
0 7 1 2 3 4 6 8 11 14 0
0 7 1 2 3 4 6 8 12 13 1
0 7 1 2 3 4 6 8 12 14 0
0 7 1 2 3 4 6 8 13 14 0
0 7 1 2 3 4 6 9 10 11 0
0 7 1 2 3 4 6 9 10 12 0
0 7 1 2 3 4 6 9 10 13 0
0 7 1 2 3 4 6 9 10 14 0
0 7 1 2 3 4 6 9 11 12 1.41421
0 7 1 2 3 4 6 9 11 13 1.41421
0 7 1 2 3 4 6 9 11 14 1
0 7 1 2 3 4 6 9 12 13 1.41421
0 7 1 2 3 4 6 9 12 14 1
0 7 1 2 3 4 6 9 13 14 1
0 7 1 2 3 4 6 10 11 12 0
0 7 1 2 3 4 6 10 11 13 0
0 7 1 2 3 4 6 10 11 14 0
0 7 1 2 3 4 6 10 12 13 0
0 7 1 2 3 4 6 10 12 14 0
0 7 1 2 3 4 6 10 13 14 0
0 7 1 2 3 4 6 11 12 13 1.41421
0 7 1 2 3 4 6 11 12 14 1
0 7 1 2 3 4 6 11 13 14 1
0 7 1 2 3 4 6 12 13 14 1
0 7 1 2 3 4 8 9 10 11 0
0 7 1 2 3 4 8 9 10 12 1
0 7 1 2 3 4 8 9 10 13 1
0 7 1 2 3 4 8 9 10 14 1
0 7 1 2 3 4 8 9 11 12 1
0 7 1 2 3 4 8 9 11 13 1
0 7 1 2 3 4 8 9 11 14 0
0 7 1 2 3 4 8 9 12 13 1
0 7 1 2 3 4 8 9 12 14 1
0 7 1 2 3 4 8 9 13 14 1
0 7 1 2 3 4 8 10 11 12 1
0 7 1 2 3 4 8 10 11 13 1
0 7 1 2 3 4 8 10 11 14 1
0 7 1 2 3 4 8 10 12 13 1.41421
0 7 1 2 3 4 8 10 12 14 1.41421
0 7 1 2 3 4 8 10 13 14 1.41421
0 7 1 2 3 4 8 11 12 13 1
0 7 1 2 3 4 8 11 12 14 1
0 7 1 2 3 4 8 11 13 14 1
0 7 1 2 3 4 8 12 13 14 1.41421
0 7 1 2 3 4 9 10 11 12 0
0 7 1 2 3 4 9 10 11 13 0
0 7 1 2 3 4 9 10 11 14 0
0 7 1 2 3 4 9 10 12 13 1
0 7 1 2 3 4 9 10 12 14 1
0 7 1 2 3 4 9 10 13 14 1
0 7 1 2 3 4 9 11 12 13 1.41421
0 7 1 2 3 4 9 11 12 14 1
0 7 1 2 3 4 9 11 13 14 1
0 7 1 2 3 4 9 12 13 14 1
0 7 1 2 3 4 10 11 12 13 1
0 7 1 2 3 4 10 11 12 14 1
0 7 1 2 3 4 10 11 13 14 1
0 7 1 2 3 4 10 12 13 14 1.41421
0 7 1 2 3 4 11 12 13 14 1
0 7 1 2 3 5 6 8 9 10 0
0 7 1 2 3 5 6 8 9 11 1.41421
0 7 1 2 3 5 6 8 9 12 1.41421
0 7 1 2 3 5 6 8 9 13 1.41421
0 7 1 2 3 5 6 8 9 14 1
0 7 1 2 3 5 6 8 10 11 0
0 7 1 2 3 5 6 8 10 12 0
0 7 1 2 3 5 6 8 10 13 0
0 7 1 2 3 5 6 8 10 14 0
0 7 1 2 3 5 6 8 11 12 1.41421
0 7 1 2 3 5 6 8 11 13 1.41421
0 7 1 2 3 5 6 8 11 14 1
0 7 1 2 3 5 6 8 12 13 1.41421
0 7 1 2 3 5 6 8 12 14 1
0 7 1 2 3 5 6 8 13 14 1
0 7 1 2 3 5 6 9 10 11 0
0 7 1 2 3 5 6 9 10 12 0
0 7 1 2 3 5 6 9 10 13 0
0 7 1 2 3 5 6 9 10 14 0
0 7 1 2 3 5 6 9 11 12 1.73205
0 7 1 2 3 5 6 9 11 13 1.73205
0 7 1 2 3 5 6 9 11 14 1.41421
0 7 1 2 3 5 6 9 12 13 1.73205
0 7 1 2 3 5 6 9 12 14 1.41421
0 7 1 2 3 5 6 9 13 14 1.41421
0 7 1 2 3 5 6 10 11 12 0
0 7 1 2 3 5 6 10 11 13 0
0 7 1 2 3 5 6 10 11 14 0
0 7 1 2 3 5 6 10 12 13 0
0 7 1 2 3 5 6 10 12 14 0
0 7 1 2 3 5 6 10 13 14 0
0 7 1 2 3 5 6 11 12 13 1.73205
0 7 1 2 3 5 6 11 12 14 1.41421
0 7 1 2 3 5 6 11 13 14 1.41421
0 7 1 2 3 5 6 12 13 14 1.41421
0 7 1 2 3 5 8 9 10 11 0
0 7 1 2 3 5 8 9 10 12 1
0 7 1 2 3 5 8 9 10 13 1
0 7 1 2 3 5 8 9 10 14 1
0 7 1 2 3 5 8 9 11 12 1.41421
0 7 1 2 3 5 8 9 11 13 1.41421
0 7 1 2 3 5 8 9 11 14 1
0 7 1 2 3 5 8 9 12 13 1.41421
0 7 1 2 3 5 8 9 12 14 1
0 7 1 2 3 5 8 9 13 14 1
0 7 1 2 3 5 8 10 11 12 1
0 7 1 2 3 5 8 10 11 13 1
0 7 1 2 3 5 8 10 11 14 1
0 7 1 2 3 5 8 10 12 13 1.41421
0 7 1 2 3 5 8 10 12 14 1.41421
0 7 1 2 3 5 8 10 13 14 1.41421
0 7 1 2 3 5 8 11 12 13 1.41421
0 7 1 2 3 5 8 11 12 14 1
0 7 1 2 3 5 8 11 13 14 1
0 7 1 2 3 5 8 12 13 14 1.41421
0 7 1 2 3 5 9 10 11 12 0
0 7 1 2 3 5 9 10 11 13 0
0 7 1 2 3 5 9 10 11 14 0
0 7 1 2 3 5 9 10 12 13 1
0 7 1 2 3 5 9 10 12 14 1
0 7 1 2 3 5 9 10 13 14 1
0 7 1 2 3 5 9 11 12 13 1.73205
0 7 1 2 3 5 9 11 12 14 1.41421
0 7 1 2 3 5 9 11 13 14 1.41421
0 7 1 2 3 5 9 12 13 14 1.41421
0 7 1 2 3 5 10 11 12 13 1
0 7 1 2 3 5 10 11 12 14 1
0 7 1 2 3 5 10 11 13 14 1
0 7 1 2 3 5 10 12 13 14 1.41421
0 7 1 2 3 5 11 12 13 14 1.41421
0 7 1 2 3 6 8 9 10 11 1
0 7 1 2 3 6 8 9 10 12 1
0 7 1 2 3 6 8 9 10 13 1
0 7 1 2 3 6 8 9 10 14 1
0 7 1 2 3 6 8 9 11 12 1.62019
0 7 1 2 3 6 8 9 11 13 1.62019
0 7 1 2 3 6 8 9 11 14 1.41421
0 7 1 2 3 6 8 9 12 13 1.62019
0 7 1 2 3 6 8 9 12 14 1.41421
0 7 1 2 3 6 8 9 13 14 1.41421
0 7 1 2 3 6 8 10 11 12 1
0 7 1 2 3 6 8 10 11 13 1
0 7 1 2 3 6 8 10 11 14 1
0 7 1 2 3 6 8 10 12 13 1
0 7 1 2 3 6 8 10 12 14 1
0 7 1 2 3 6 8 10 13 14 1
0 7 1 2 3 6 8 11 12 13 1.62019
0 7 1 2 3 6 8 11 12 14 1.41421
0 7 1 2 3 6 8 11 13 14 1.41421
0 7 1 2 3 6 8 12 13 14 1.41421
0 7 1 2 3 6 9 10 11 12 1
0 7 1 2 3 6 9 10 11 13 1
0 7 1 2 3 6 9 10 11 14 1
0 7 1 2 3 6 9 10 12 13 1
0 7 1 2 3 6 9 10 12 14 1
0 7 1 2 3 6 9 10 13 14 1
0 7 1 2 3 6 9 11 12 13 1.85164
0 7 1 2 3 6 9 11 12 14 1.62019
0 7 1 2 3 6 9 11 13 14 1.62019
0 7 1 2 3 6 9 12 13 14 1.62019
0 7 1 2 3 6 10 11 12 13 1
0 7 1 2 3 6 10 11 12 14 1
0 7 1 2 3 6 10 11 13 14 1
0 7 1 2 3 6 10 12 13 14 1
0 7 1 2 3 6 11 12 13 14 1.62019
0 7 1 2 3 8 9 10 11 12 1
0 7 1 2 3 8 9 10 11 13 1
0 7 1 2 3 8 9 10 11 14 1
0 7 1 2 3 8 9 10 12 13 1
0 7 1 2 3 8 9 10 12 14 1
0 7 1 2 3 8 9 10 13 14 1
0 7 1 2 3 8 9 11 12 13 1.62019
0 7 1 2 3 8 9 11 12 14 1.41421
0 7 1 2 3 8 9 11 13 14 1.41421
0 7 1 2 3 8 9 12 13 14 1.41421
0 7 1 2 3 8 10 11 12 13 1
0 7 1 2 3 8 10 11 12 14 1
0 7 1 2 3 8 10 11 13 14 1
0 7 1 2 3 8 10 12 13 14 1.41421
0 7 1 2 3 8 11 12 13 14 1.41421
0 7 1 2 3 9 10 11 12 13 1
0 7 1 2 3 9 10 11 12 14 1
0 7 1 2 3 9 10 11 13 14 1
0 7 1 2 3 9 10 12 13 14 1
0 7 1 2 3 9 11 12 13 14 1.62019
0 7 1 2 3 10 11 12 13 14 1
0 7 1 2 4 5 6 8 9 10 1
0 7 1 2 4 5 6 8 9 11 1
0 7 1 2 4 5 6 8 9 12 1
0 7 1 2 4 5 6 8 9 13 1
0 7 1 2 4 5 6 8 9 14 1
0 7 1 2 4 5 6 8 10 11 0
0 7 1 2 4 5 6 8 10 12 1
0 7 1 2 4 5 6 8 10 13 1
0 7 1 2 4 5 6 8 10 14 1
0 7 1 2 4 5 6 8 11 12 1
0 7 1 2 4 5 6 8 11 13 1
0 7 1 2 4 5 6 8 11 14 0
0 7 1 2 4 5 6 8 12 13 1
0 7 1 2 4 5 6 8 12 14 1
0 7 1 2 4 5 6 8 13 14 1
0 7 1 2 4 5 6 9 10 11 0
0 7 1 2 4 5 6 9 10 12 1
0 7 1 2 4 5 6 9 10 13 1
0 7 1 2 4 5 6 9 10 14 1
0 7 1 2 4 5 6 9 11 12 1.41421
0 7 1 2 4 5 6 9 11 13 1.41421
0 7 1 2 4 5 6 9 11 14 1
0 7 1 2 4 5 6 9 12 13 1.41421
0 7 1 2 4 5 6 9 12 14 1
0 7 1 2 4 5 6 9 13 14 1
0 7 1 2 4 5 6 10 11 12 0
0 7 1 2 4 5 6 10 11 13 0
0 7 1 2 4 5 6 10 11 14 0
0 7 1 2 4 5 6 10 12 13 1
0 7 1 2 4 5 6 10 12 14 1
0 7 1 2 4 5 6 10 13 14 1
0 7 1 2 4 5 6 11 12 13 1.41421
0 7 1 2 4 5 6 11 12 14 1
0 7 1 2 4 5 6 11 13 14 1
0 7 1 2 4 5 6 12 13 14 1
0 7 1 2 4 5 8 9 10 11 0
0 7 1 2 4 5 8 9 10 12 1.41421
0 7 1 2 4 5 8 9 10 13 1.41421
0 7 1 2 4 5 8 9 10 14 1.41421
0 7 1 2 4 5 8 9 11 12 1
0 7 1 2 4 5 8 9 11 13 1
0 7 1 2 4 5 8 9 11 14 0
0 7 1 2 4 5 8 9 12 13 1.41421
0 7 1 2 4 5 8 9 12 14 1.41421
0 7 1 2 4 5 8 9 13 14 1.41421
0 7 1 2 4 5 8 10 11 12 1
0 7 1 2 4 5 8 10 11 13 1
0 7 1 2 4 5 8 10 11 14 1
0 7 1 2 4 5 8 10 12 13 1.62019
0 7 1 2 4 5 8 10 12 14 1.62019
0 7 1 2 4 5 8 10 13 14 1.62019
0 7 1 2 4 5 8 11 12 13 1
0 7 1 2 4 5 8 11 12 14 1
0 7 1 2 4 5 8 11 13 14 1
0 7 1 2 4 5 8 12 13 14 1.62019
0 7 1 2 4 5 9 10 11 12 0
0 7 1 2 4 5 9 10 11 13 0
0 7 1 2 4 5 9 10 11 14 0
0 7 1 2 4 5 9 10 12 13 1.41421
0 7 1 2 4 5 9 10 12 14 1.41421
0 7 1 2 4 5 9 10 13 14 1.41421
0 7 1 2 4 5 9 11 12 13 1.41421
0 7 1 2 4 5 9 11 12 14 1
0 7 1 2 4 5 9 11 13 14 1
0 7 1 2 4 5 9 12 13 14 1.41421
0 7 1 2 4 5 10 11 12 13 1
0 7 1 2 4 5 10 11 12 14 1
0 7 1 2 4 5 10 11 13 14 1
0 7 1 2 4 5 10 12 13 14 1.62019
0 7 1 2 4 5 11 12 13 14 1
0 7 1 2 4 6 8 9 10 11 0
0 7 1 2 4 6 8 9 10 12 1
0 7 1 2 4 6 8 9 10 13 1
0 7 1 2 4 6 8 9 10 14 1
0 7 1 2 4 6 8 9 11 12 1
0 7 1 2 4 6 8 9 11 13 1
0 7 1 2 4 6 8 9 11 14 0
0 7 1 2 4 6 8 9 12 13 1
0 7 1 2 4 6 8 9 12 14 1
0 7 1 2 4 6 8 9 13 14 1
0 7 1 2 4 6 8 10 11 12 0
0 7 1 2 4 6 8 10 11 13 0
0 7 1 2 4 6 8 10 11 14 0
0 7 1 2 4 6 8 10 12 13 1
0 7 1 2 4 6 8 10 12 14 1
0 7 1 2 4 6 8 10 13 14 1
0 7 1 2 4 6 8 11 12 13 1
0 7 1 2 4 6 8 11 12 14 0
0 7 1 2 4 6 8 11 13 14 0
0 7 1 2 4 6 8 12 13 14 1
0 7 1 2 4 6 9 10 11 12 0
0 7 1 2 4 6 9 10 11 13 0
0 7 1 2 4 6 9 10 11 14 0
0 7 1 2 4 6 9 10 12 13 1
0 7 1 2 4 6 9 10 12 14 1
0 7 1 2 4 6 9 10 13 14 1
0 7 1 2 4 6 9 11 12 13 1.41421
0 7 1 2 4 6 9 11 12 14 1
0 7 1 2 4 6 9 11 13 14 1
0 7 1 2 4 6 9 12 13 14 1
0 7 1 2 4 6 10 11 12 13 0
0 7 1 2 4 6 10 11 12 14 0
0 7 1 2 4 6 10 11 13 14 0
0 7 1 2 4 6 10 12 13 14 1
0 7 1 2 4 6 11 12 13 14 1
0 7 1 2 4 8 9 10 11 12 0
0 7 1 2 4 8 9 10 11 13 0
0 7 1 2 4 8 9 10 11 14 0
0 7 1 2 4 8 9 10 12 13 1.41421
0 7 1 2 4 8 9 10 12 14 1.41421
0 7 1 2 4 8 9 10 13 14 1.41421
0 7 1 2 4 8 9 11 12 13 1
0 7 1 2 4 8 9 11 12 14 0
0 7 1 2 4 8 9 11 13 14 0
0 7 1 2 4 8 9 12 13 14 1.41421
0 7 1 2 4 8 10 11 12 13 1
0 7 1 2 4 8 10 11 12 14 1
0 7 1 2 4 8 10 11 13 14 1
0 7 1 2 4 8 10 12 13 14 1.62019
0 7 1 2 4 8 11 12 13 14 1
0 7 1 2 4 9 10 11 12 13 0
0 7 1 2 4 9 10 11 12 14 0
0 7 1 2 4 9 10 11 13 14 0
0 7 1 2 4 9 10 12 13 14 1.41421
0 7 1 2 4 9 11 12 13 14 1
0 7 1 2 4 10 11 12 13 14 1
0 7 1 2 5 6 8 9 10 11 0
0 7 1 2 5 6 8 9 10 12 1
0 7 1 2 5 6 8 9 10 13 1
0 7 1 2 5 6 8 9 10 14 1
0 7 1 2 5 6 8 9 11 12 1.41421
0 7 1 2 5 6 8 9 11 13 1.41421
0 7 1 2 5 6 8 9 11 14 1
0 7 1 2 5 6 8 9 12 13 1.41421
0 7 1 2 5 6 8 9 12 14 1
0 7 1 2 5 6 8 9 13 14 1
0 7 1 2 5 6 8 10 11 12 0
0 7 1 2 5 6 8 10 11 13 0
0 7 1 2 5 6 8 10 11 14 0
0 7 1 2 5 6 8 10 12 13 1
0 7 1 2 5 6 8 10 12 14 1
0 7 1 2 5 6 8 10 13 14 1
0 7 1 2 5 6 8 11 12 13 1.41421
0 7 1 2 5 6 8 11 12 14 1
0 7 1 2 5 6 8 11 13 14 1
0 7 1 2 5 6 8 12 13 14 1
0 7 1 2 5 6 9 10 11 12 0
0 7 1 2 5 6 9 10 11 13 0
0 7 1 2 5 6 9 10 11 14 0
0 7 1 2 5 6 9 10 12 13 1
0 7 1 2 5 6 9 10 12 14 1
0 7 1 2 5 6 9 10 13 14 1
0 7 1 2 5 6 9 11 12 13 1.73205
0 7 1 2 5 6 9 11 12 14 1.41421
0 7 1 2 5 6 9 11 13 14 1.41421
0 7 1 2 5 6 9 12 13 14 1.41421
0 7 1 2 5 6 10 11 12 13 0
0 7 1 2 5 6 10 11 12 14 0
0 7 1 2 5 6 10 11 13 14 0
0 7 1 2 5 6 10 12 13 14 1
0 7 1 2 5 6 11 12 13 14 1.41421
0 7 1 2 5 8 9 10 11 12 0
0 7 1 2 5 8 9 10 11 13 0
0 7 1 2 5 8 9 10 11 14 0
0 7 1 2 5 8 9 10 12 13 1.41421
0 7 1 2 5 8 9 10 12 14 1.41421
0 7 1 2 5 8 9 10 13 14 1.41421
0 7 1 2 5 8 9 11 12 13 1.41421
0 7 1 2 5 8 9 11 12 14 1
0 7 1 2 5 8 9 11 13 14 1
0 7 1 2 5 8 9 12 13 14 1.41421
0 7 1 2 5 8 10 11 12 13 1
0 7 1 2 5 8 10 11 12 14 1
0 7 1 2 5 8 10 11 13 14 1
0 7 1 2 5 8 10 12 13 14 1.62019
0 7 1 2 5 8 11 12 13 14 1
0 7 1 2 5 9 10 11 12 13 0
0 7 1 2 5 9 10 11 12 14 0
0 7 1 2 5 9 10 11 13 14 0
0 7 1 2 5 9 10 12 13 14 1.41421
0 7 1 2 5 9 11 12 13 14 1.41421
0 7 1 2 5 10 11 12 13 14 1
0 7 1 2 6 8 9 10 11 12 1
0 7 1 2 6 8 9 10 11 13 1
0 7 1 2 6 8 9 10 11 14 1
0 7 1 2 6 8 9 10 12 13 1
0 7 1 2 6 8 9 10 12 14 1
0 7 1 2 6 8 9 10 13 14 1
0 7 1 2 6 8 9 11 12 13 1.62019
0 7 1 2 6 8 9 11 12 14 1.41421
0 7 1 2 6 8 9 11 13 14 1.41421
0 7 1 2 6 8 9 12 13 14 1.41421
0 7 1 2 6 8 10 11 12 13 1
0 7 1 2 6 8 10 11 12 14 1
0 7 1 2 6 8 10 11 13 14 1
0 7 1 2 6 8 10 12 13 14 1
0 7 1 2 6 8 11 12 13 14 1.41421
0 7 1 2 6 9 10 11 12 13 1
0 7 1 2 6 9 10 11 12 14 1
0 7 1 2 6 9 10 11 13 14 1
0 7 1 2 6 9 10 12 13 14 1
0 7 1 2 6 9 11 12 13 14 1.62019
0 7 1 2 6 10 11 12 13 14 1
0 7 1 2 8 9 10 11 12 13 1
0 7 1 2 8 9 10 11 12 14 1
0 7 1 2 8 9 10 11 13 14 1
0 7 1 2 8 9 10 12 13 14 1.41421
0 7 1 2 8 9 11 12 13 14 1.41421
0 7 1 2 8 10 11 12 13 14 1
0 7 1 2 9 10 11 12 13 14 1
0 7 1 3 4 5 6 8 9 10 0
0 7 1 3 4 5 6 8 9 11 1
0 7 1 3 4 5 6 8 9 12 1
0 7 1 3 4 5 6 8 9 13 1
0 7 1 3 4 5 6 8 9 14 0
0 7 1 3 4 5 6 8 10 11 0
0 7 1 3 4 5 6 8 10 12 0
0 7 1 3 4 5 6 8 10 13 0
0 7 1 3 4 5 6 8 10 14 0
0 7 1 3 4 5 6 8 11 12 1
0 7 1 3 4 5 6 8 11 13 1
0 7 1 3 4 5 6 8 11 14 0
0 7 1 3 4 5 6 8 12 13 1
0 7 1 3 4 5 6 8 12 14 0
0 7 1 3 4 5 6 8 13 14 0
0 7 1 3 4 5 6 9 10 11 0
0 7 1 3 4 5 6 9 10 12 0
0 7 1 3 4 5 6 9 10 13 0
0 7 1 3 4 5 6 9 10 14 0
0 7 1 3 4 5 6 9 11 12 1.41421
0 7 1 3 4 5 6 9 11 13 1.41421
0 7 1 3 4 5 6 9 11 14 1
0 7 1 3 4 5 6 9 12 13 1.41421
0 7 1 3 4 5 6 9 12 14 1
0 7 1 3 4 5 6 9 13 14 1
0 7 1 3 4 5 6 10 11 12 0
0 7 1 3 4 5 6 10 11 13 0
0 7 1 3 4 5 6 10 11 14 0
0 7 1 3 4 5 6 10 12 13 0
0 7 1 3 4 5 6 10 12 14 0
0 7 1 3 4 5 6 10 13 14 0
0 7 1 3 4 5 6 11 12 13 1.41421
0 7 1 3 4 5 6 11 12 14 1
0 7 1 3 4 5 6 11 13 14 1
0 7 1 3 4 5 6 12 13 14 1
0 7 1 3 4 5 8 9 10 11 0
0 7 1 3 4 5 8 9 10 12 1
0 7 1 3 4 5 8 9 10 13 1
0 7 1 3 4 5 8 9 10 14 1
0 7 1 3 4 5 8 9 11 12 1
0 7 1 3 4 5 8 9 11 13 1
0 7 1 3 4 5 8 9 11 14 0
0 7 1 3 4 5 8 9 12 13 1
0 7 1 3 4 5 8 9 12 14 1
0 7 1 3 4 5 8 9 13 14 1
0 7 1 3 4 5 8 10 11 12 1
0 7 1 3 4 5 8 10 11 13 1
0 7 1 3 4 5 8 10 11 14 1
0 7 1 3 4 5 8 10 12 13 1.41421
0 7 1 3 4 5 8 10 12 14 1.41421
0 7 1 3 4 5 8 10 13 14 1.41421
0 7 1 3 4 5 8 11 12 13 1
0 7 1 3 4 5 8 11 12 14 1
0 7 1 3 4 5 8 11 13 14 1
0 7 1 3 4 5 8 12 13 14 1.41421
0 7 1 3 4 5 9 10 11 12 0
0 7 1 3 4 5 9 10 11 13 0
0 7 1 3 4 5 9 10 11 14 0
0 7 1 3 4 5 9 10 12 13 1
0 7 1 3 4 5 9 10 12 14 1
0 7 1 3 4 5 9 10 13 14 1
0 7 1 3 4 5 9 11 12 13 1.41421
0 7 1 3 4 5 9 11 12 14 1
0 7 1 3 4 5 9 11 13 14 1
0 7 1 3 4 5 9 12 13 14 1
0 7 1 3 4 5 10 11 12 13 1
0 7 1 3 4 5 10 11 12 14 1
0 7 1 3 4 5 10 11 13 14 1
0 7 1 3 4 5 10 12 13 14 1.41421
0 7 1 3 4 5 11 12 13 14 1
0 7 1 3 4 6 8 9 10 11 1
0 7 1 3 4 6 8 9 10 12 1
0 7 1 3 4 6 8 9 10 13 1
0 7 1 3 4 6 8 9 10 14 1
0 7 1 3 4 6 8 9 11 12 1
0 7 1 3 4 6 8 9 11 13 1
0 7 1 3 4 6 8 9 11 14 1
0 7 1 3 4 6 8 9 12 13 1
0 7 1 3 4 6 8 9 12 14 1
0 7 1 3 4 6 8 9 13 14 1
0 7 1 3 4 6 8 10 11 12 1
0 7 1 3 4 6 8 10 11 13 1
0 7 1 3 4 6 8 10 11 14 1
0 7 1 3 4 6 8 10 12 13 1
0 7 1 3 4 6 8 10 12 14 1
0 7 1 3 4 6 8 10 13 14 1
0 7 1 3 4 6 8 11 12 13 1
0 7 1 3 4 6 8 11 12 14 1
0 7 1 3 4 6 8 11 13 14 1
0 7 1 3 4 6 8 12 13 14 1
0 7 1 3 4 6 9 10 11 12 1
0 7 1 3 4 6 9 10 11 13 1
0 7 1 3 4 6 9 10 11 14 1
0 7 1 3 4 6 9 10 12 13 1
0 7 1 3 4 6 9 10 12 14 1
0 7 1 3 4 6 9 10 13 14 1
0 7 1 3 4 6 9 11 12 13 1.41421
0 7 1 3 4 6 9 11 12 14 1
0 7 1 3 4 6 9 11 13 14 1
0 7 1 3 4 6 9 12 13 14 1
0 7 1 3 4 6 10 11 12 13 1
0 7 1 3 4 6 10 11 12 14 1
0 7 1 3 4 6 10 11 13 14 1
0 7 1 3 4 6 10 12 13 14 1
0 7 1 3 4 6 11 12 13 14 1
0 7 1 3 4 8 9 10 11 12 1
0 7 1 3 4 8 9 10 11 13 1
0 7 1 3 4 8 9 10 11 14 1
0 7 1 3 4 8 9 10 12 13 1
0 7 1 3 4 8 9 10 12 14 1
0 7 1 3 4 8 9 10 13 14 1
0 7 1 3 4 8 9 11 12 13 1
0 7 1 3 4 8 9 11 12 14 1
0 7 1 3 4 8 9 11 13 14 1
0 7 1 3 4 8 9 12 13 14 1
0 7 1 3 4 8 10 11 12 13 1
0 7 1 3 4 8 10 11 12 14 1
0 7 1 3 4 8 10 11 13 14 1
0 7 1 3 4 8 10 12 13 14 1.41421
0 7 1 3 4 8 11 12 13 14 1
0 7 1 3 4 9 10 11 12 13 1
0 7 1 3 4 9 10 11 12 14 1
0 7 1 3 4 9 10 11 13 14 1
0 7 1 3 4 9 10 12 13 14 1
0 7 1 3 4 9 11 12 13 14 1
0 7 1 3 4 10 11 12 13 14 1
0 7 1 3 5 6 8 9 10 11 0
0 7 1 3 5 6 8 9 10 12 0
0 7 1 3 5 6 8 9 10 13 0
0 7 1 3 5 6 8 9 10 14 0
0 7 1 3 5 6 8 9 11 12 1.41421
0 7 1 3 5 6 8 9 11 13 1.41421
0 7 1 3 5 6 8 9 11 14 1
0 7 1 3 5 6 8 9 12 13 1.41421
0 7 1 3 5 6 8 9 12 14 1
0 7 1 3 5 6 8 9 13 14 1
0 7 1 3 5 6 8 10 11 12 0
0 7 1 3 5 6 8 10 11 13 0
0 7 1 3 5 6 8 10 11 14 0
0 7 1 3 5 6 8 10 12 13 0
0 7 1 3 5 6 8 10 12 14 0
0 7 1 3 5 6 8 10 13 14 0
0 7 1 3 5 6 8 11 12 13 1.41421
0 7 1 3 5 6 8 11 12 14 1
0 7 1 3 5 6 8 11 13 14 1
0 7 1 3 5 6 8 12 13 14 1
0 7 1 3 5 6 9 10 11 12 0
0 7 1 3 5 6 9 10 11 13 0
0 7 1 3 5 6 9 10 11 14 0
0 7 1 3 5 6 9 10 12 13 0
0 7 1 3 5 6 9 10 12 14 0
0 7 1 3 5 6 9 10 13 14 0
0 7 1 3 5 6 9 11 12 13 1.73205
0 7 1 3 5 6 9 11 12 14 1.41421
0 7 1 3 5 6 9 11 13 14 1.41421
0 7 1 3 5 6 9 12 13 14 1.41421
0 7 1 3 5 6 10 11 12 13 0
0 7 1 3 5 6 10 11 12 14 0
0 7 1 3 5 6 10 11 13 14 0
0 7 1 3 5 6 10 12 13 14 0
0 7 1 3 5 6 11 12 13 14 1.41421
0 7 1 3 5 8 9 10 11 12 0
0 7 1 3 5 8 9 10 11 13 0
0 7 1 3 5 8 9 10 11 14 0
0 7 1 3 5 8 9 10 12 13 1
0 7 1 3 5 8 9 10 12 14 1
0 7 1 3 5 8 9 10 13 14 1
0 7 1 3 5 8 9 11 12 13 1.41421
0 7 1 3 5 8 9 11 12 14 1
0 7 1 3 5 8 9 11 13 14 1
0 7 1 3 5 8 9 12 13 14 1
0 7 1 3 5 8 10 11 12 13 1
0 7 1 3 5 8 10 11 12 14 1
0 7 1 3 5 8 10 11 13 14 1
0 7 1 3 5 8 10 12 13 14 1.41421
0 7 1 3 5 8 11 12 13 14 1
0 7 1 3 5 9 10 11 12 13 0
0 7 1 3 5 9 10 11 12 14 0
0 7 1 3 5 9 10 11 13 14 0
0 7 1 3 5 9 10 12 13 14 1
0 7 1 3 5 9 11 12 13 14 1.41421
0 7 1 3 5 10 11 12 13 14 1
0 7 1 3 6 8 9 10 11 12 1.41421
0 7 1 3 6 8 9 10 11 13 1.41421
0 7 1 3 6 8 9 10 11 14 1.41421
0 7 1 3 6 8 9 10 12 13 1.41421
0 7 1 3 6 8 9 10 12 14 1.41421
0 7 1 3 6 8 9 10 13 14 1.41421
0 7 1 3 6 8 9 11 12 13 1.73205
0 7 1 3 6 8 9 11 12 14 1.62019
0 7 1 3 6 8 9 11 13 14 1.62019
0 7 1 3 6 8 9 12 13 14 1.62019
0 7 1 3 6 8 10 11 12 13 1.41421
0 7 1 3 6 8 10 11 12 14 1.41421
0 7 1 3 6 8 10 11 13 14 1.41421
0 7 1 3 6 8 10 12 13 14 1.41421
0 7 1 3 6 8 11 12 13 14 1.62019
0 7 1 3 6 9 10 11 12 13 1.41421
0 7 1 3 6 9 10 11 12 14 1.41421
0 7 1 3 6 9 10 11 13 14 1.41421
0 7 1 3 6 9 10 12 13 14 1.41421
0 7 1 3 6 9 11 12 13 14 1.73205
0 7 1 3 6 10 11 12 13 14 1.41421
0 7 1 3 8 9 10 11 12 13 1.41421
0 7 1 3 8 9 10 11 12 14 1.41421
0 7 1 3 8 9 10 11 13 14 1.41421
0 7 1 3 8 9 10 12 13 14 1.41421
0 7 1 3 8 9 11 12 13 14 1.62019
0 7 1 3 8 10 11 12 13 14 1.41421
0 7 1 3 9 10 11 12 13 14 1.41421
0 7 1 4 5 6 8 9 10 11 1
0 7 1 4 5 6 8 9 10 12 1.41421
0 7 1 4 5 6 8 9 10 13 1.41421
0 7 1 4 5 6 8 9 10 14 1.41421
0 7 1 4 5 6 8 9 11 12 1
0 7 1 4 5 6 8 9 11 13 1
0 7 1 4 5 6 8 9 11 14 1
0 7 1 4 5 6 8 9 12 13 1.41421
0 7 1 4 5 6 8 9 12 14 1.41421
0 7 1 4 5 6 8 9 13 14 1.41421
0 7 1 4 5 6 8 10 11 12 1
0 7 1 4 5 6 8 10 11 13 1
0 7 1 4 5 6 8 10 11 14 1
0 7 1 4 5 6 8 10 12 13 1.41421
0 7 1 4 5 6 8 10 12 14 1.41421
0 7 1 4 5 6 8 10 13 14 1.41421
0 7 1 4 5 6 8 11 12 13 1
0 7 1 4 5 6 8 11 12 14 1
0 7 1 4 5 6 8 11 13 14 1
0 7 1 4 5 6 8 12 13 14 1.41421
0 7 1 4 5 6 9 10 11 12 1
0 7 1 4 5 6 9 10 11 13 1
0 7 1 4 5 6 9 10 11 14 1
0 7 1 4 5 6 9 10 12 13 1.41421
0 7 1 4 5 6 9 10 12 14 1.41421
0 7 1 4 5 6 9 10 13 14 1.41421
0 7 1 4 5 6 9 11 12 13 1.41421
0 7 1 4 5 6 9 11 12 14 1
0 7 1 4 5 6 9 11 13 14 1
0 7 1 4 5 6 9 12 13 14 1.41421
0 7 1 4 5 6 10 11 12 13 1
0 7 1 4 5 6 10 11 12 14 1
0 7 1 4 5 6 10 11 13 14 1
0 7 1 4 5 6 10 12 13 14 1.41421
0 7 1 4 5 6 11 12 13 14 1
0 7 1 4 5 8 9 10 11 12 1
0 7 1 4 5 8 9 10 11 13 1
0 7 1 4 5 8 9 10 11 14 1
0 7 1 4 5 8 9 10 12 13 1.62019
0 7 1 4 5 8 9 10 12 14 1.62019
0 7 1 4 5 8 9 10 13 14 1.62019
0 7 1 4 5 8 9 11 12 13 1
0 7 1 4 5 8 9 11 12 14 1
0 7 1 4 5 8 9 11 13 14 1
0 7 1 4 5 8 9 12 13 14 1.62019
0 7 1 4 5 8 10 11 12 13 1
0 7 1 4 5 8 10 11 12 14 1
0 7 1 4 5 8 10 11 13 14 1
0 7 1 4 5 8 10 12 13 14 1.73205
0 7 1 4 5 8 11 12 13 14 1
0 7 1 4 5 9 10 11 12 13 1
0 7 1 4 5 9 10 11 12 14 1
0 7 1 4 5 9 10 11 13 14 1
0 7 1 4 5 9 10 12 13 14 1.62019
0 7 1 4 5 9 11 12 13 14 1
0 7 1 4 5 10 11 12 13 14 1
0 7 1 4 6 8 9 10 11 12 1.41421
0 7 1 4 6 8 9 10 11 13 1.41421
0 7 1 4 6 8 9 10 11 14 1.41421
0 7 1 4 6 8 9 10 12 13 1.62019
0 7 1 4 6 8 9 10 12 14 1.62019
0 7 1 4 6 8 9 10 13 14 1.62019
0 7 1 4 6 8 9 11 12 13 1.41421
0 7 1 4 6 8 9 11 12 14 1.41421
0 7 1 4 6 8 9 11 13 14 1.41421
0 7 1 4 6 8 9 12 13 14 1.62019
0 7 1 4 6 8 10 11 12 13 1.41421
0 7 1 4 6 8 10 11 12 14 1.41421
0 7 1 4 6 8 10 11 13 14 1.41421
0 7 1 4 6 8 10 12 13 14 1.62019
0 7 1 4 6 8 11 12 13 14 1.41421
0 7 1 4 6 9 10 11 12 13 1.41421
0 7 1 4 6 9 10 11 12 14 1.41421
0 7 1 4 6 9 10 11 13 14 1.41421
0 7 1 4 6 9 10 12 13 14 1.62019
0 7 1 4 6 9 11 12 13 14 1.41421
0 7 1 4 6 10 11 12 13 14 1.41421
0 7 1 4 8 9 10 11 12 13 1.41421
0 7 1 4 8 9 10 11 12 14 1.41421
0 7 1 4 8 9 10 11 13 14 1.41421
0 7 1 4 8 9 10 12 13 14 1.73205
0 7 1 4 8 9 11 12 13 14 1.41421
0 7 1 4 8 10 11 12 13 14 1.41421
0 7 1 4 9 10 11 12 13 14 1.41421
0 7 1 5 6 8 9 10 11 12 1
0 7 1 5 6 8 9 10 11 13 1
0 7 1 5 6 8 9 10 11 14 1
0 7 1 5 6 8 9 10 12 13 1.41421
0 7 1 5 6 8 9 10 12 14 1.41421
0 7 1 5 6 8 9 10 13 14 1.41421
0 7 1 5 6 8 9 11 12 13 1.41421
0 7 1 5 6 8 9 11 12 14 1
0 7 1 5 6 8 9 11 13 14 1
0 7 1 5 6 8 9 12 13 14 1.41421
0 7 1 5 6 8 10 11 12 13 1
0 7 1 5 6 8 10 11 12 14 1
0 7 1 5 6 8 10 11 13 14 1
0 7 1 5 6 8 10 12 13 14 1.41421
0 7 1 5 6 8 11 12 13 14 1
0 7 1 5 6 9 10 11 12 13 1
0 7 1 5 6 9 10 11 12 14 1
0 7 1 5 6 9 10 11 13 14 1
0 7 1 5 6 9 10 12 13 14 1.41421
0 7 1 5 6 9 11 12 13 14 1.41421
0 7 1 5 6 10 11 12 13 14 1
0 7 1 5 8 9 10 11 12 13 1
0 7 1 5 8 9 10 11 12 14 1
0 7 1 5 8 9 10 11 13 14 1
0 7 1 5 8 9 10 12 13 14 1.62019
0 7 1 5 8 9 11 12 13 14 1
0 7 1 5 8 10 11 12 13 14 1
0 7 1 5 9 10 11 12 13 14 1
0 7 1 6 8 9 10 11 12 13 1.62019
0 7 1 6 8 9 10 11 12 14 1.62019
0 7 1 6 8 9 10 11 13 14 1.62019
0 7 1 6 8 9 10 12 13 14 1.73205
0 7 1 6 8 9 11 12 13 14 1.73205
0 7 1 6 8 10 11 12 13 14 1.62019
0 7 1 6 9 10 11 12 13 14 1.62019
0 7 1 8 9 10 11 12 13 14 1.62019
0 7 2 3 4 5 6 8 9 10 1.41421
0 7 2 3 4 5 6 8 9 11 1.41421
0 7 2 3 4 5 6 8 9 12 1
0 7 2 3 4 5 6 8 9 13 1
0 7 2 3 4 5 6 8 9 14 1.41421
0 7 2 3 4 5 6 8 10 11 1.41421
0 7 2 3 4 5 6 8 10 12 1
0 7 2 3 4 5 6 8 10 13 1
0 7 2 3 4 5 6 8 10 14 1.41421
0 7 2 3 4 5 6 8 11 12 1
0 7 2 3 4 5 6 8 11 13 1
0 7 2 3 4 5 6 8 11 14 1.41421
0 7 2 3 4 5 6 8 12 13 1
0 7 2 3 4 5 6 8 12 14 1
0 7 2 3 4 5 6 8 13 14 1
0 7 2 3 4 5 6 9 10 11 1.73205
0 7 2 3 4 5 6 9 10 12 1.41421
0 7 2 3 4 5 6 9 10 13 1.41421
0 7 2 3 4 5 6 9 10 14 1.73205
0 7 2 3 4 5 6 9 11 12 1.73205
0 7 2 3 4 5 6 9 11 13 1.73205
0 7 2 3 4 5 6 9 11 14 1.85164
0 7 2 3 4 5 6 9 12 13 1.62019
0 7 2 3 4 5 6 9 12 14 1.62019
0 7 2 3 4 5 6 9 13 14 1.62019
0 7 2 3 4 5 6 10 11 12 1.41421
0 7 2 3 4 5 6 10 11 13 1.41421
0 7 2 3 4 5 6 10 11 14 1.73205
0 7 2 3 4 5 6 10 12 13 1
0 7 2 3 4 5 6 10 12 14 1.41421
0 7 2 3 4 5 6 10 13 14 1.41421
0 7 2 3 4 5 6 11 12 13 1.62019
0 7 2 3 4 5 6 11 12 14 1.62019
0 7 2 3 4 5 6 11 13 14 1.62019
0 7 2 3 4 5 6 12 13 14 1.41421
0 7 2 3 4 5 8 9 10 11 1.41421
0 7 2 3 4 5 8 9 10 12 1
0 7 2 3 4 5 8 9 10 13 1
0 7 2 3 4 5 8 9 10 14 1.41421
0 7 2 3 4 5 8 9 11 12 1
0 7 2 3 4 5 8 9 11 13 1
0 7 2 3 4 5 8 9 11 14 1.41421
0 7 2 3 4 5 8 9 12 13 1
0 7 2 3 4 5 8 9 12 14 1
0 7 2 3 4 5 8 9 13 14 1
0 7 2 3 4 5 8 10 11 12 1
0 7 2 3 4 5 8 10 11 13 1
0 7 2 3 4 5 8 10 11 14 1.41421
0 7 2 3 4 5 8 10 12 13 1.41421
0 7 2 3 4 5 8 10 12 14 1.41421
0 7 2 3 4 5 8 10 13 14 1.41421
0 7 2 3 4 5 8 11 12 13 1
0 7 2 3 4 5 8 11 12 14 1
0 7 2 3 4 5 8 11 13 14 1
0 7 2 3 4 5 8 12 13 14 1.41421
0 7 2 3 4 5 9 10 11 12 1.41421
0 7 2 3 4 5 9 10 11 13 1.41421
0 7 2 3 4 5 9 10 11 14 1.73205
0 7 2 3 4 5 9 10 12 13 1
0 7 2 3 4 5 9 10 12 14 1.41421
0 7 2 3 4 5 9 10 13 14 1.41421
0 7 2 3 4 5 9 11 12 13 1.62019
0 7 2 3 4 5 9 11 12 14 1.62019
0 7 2 3 4 5 9 11 13 14 1.62019
0 7 2 3 4 5 9 12 13 14 1.41421
0 7 2 3 4 5 10 11 12 13 1
0 7 2 3 4 5 10 11 12 14 1.41421
0 7 2 3 4 5 10 11 13 14 1.41421
0 7 2 3 4 5 10 12 13 14 1.41421
0 7 2 3 4 5 11 12 13 14 1.41421
0 7 2 3 4 6 8 9 10 11 1.41421
0 7 2 3 4 6 8 9 10 12 1
0 7 2 3 4 6 8 9 10 13 1
0 7 2 3 4 6 8 9 10 14 1.41421
0 7 2 3 4 6 8 9 11 12 1
0 7 2 3 4 6 8 9 11 13 1
0 7 2 3 4 6 8 9 11 14 1.41421
0 7 2 3 4 6 8 9 12 13 1
0 7 2 3 4 6 8 9 12 14 1
0 7 2 3 4 6 8 9 13 14 1
0 7 2 3 4 6 8 10 11 12 1
0 7 2 3 4 6 8 10 11 13 1
0 7 2 3 4 6 8 10 11 14 1.41421
0 7 2 3 4 6 8 10 12 13 0
0 7 2 3 4 6 8 10 12 14 1
0 7 2 3 4 6 8 10 13 14 1
0 7 2 3 4 6 8 11 12 13 1
0 7 2 3 4 6 8 11 12 14 1
0 7 2 3 4 6 8 11 13 14 1
0 7 2 3 4 6 8 12 13 14 0
0 7 2 3 4 6 9 10 11 12 1.41421
0 7 2 3 4 6 9 10 11 13 1.41421
0 7 2 3 4 6 9 10 11 14 1.73205
0 7 2 3 4 6 9 10 12 13 1
0 7 2 3 4 6 9 10 12 14 1.41421
0 7 2 3 4 6 9 10 13 14 1.41421
0 7 2 3 4 6 9 11 12 13 1.62019
0 7 2 3 4 6 9 11 12 14 1.62019
0 7 2 3 4 6 9 11 13 14 1.62019
0 7 2 3 4 6 9 12 13 14 1.41421
0 7 2 3 4 6 10 11 12 13 1
0 7 2 3 4 6 10 11 12 14 1.41421
0 7 2 3 4 6 10 11 13 14 1.41421
0 7 2 3 4 6 10 12 13 14 1
0 7 2 3 4 6 11 12 13 14 1.41421
0 7 2 3 4 8 9 10 11 12 1
0 7 2 3 4 8 9 10 11 13 1
0 7 2 3 4 8 9 10 11 14 1.41421
0 7 2 3 4 8 9 10 12 13 1
0 7 2 3 4 8 9 10 12 14 1
0 7 2 3 4 8 9 10 13 14 1
0 7 2 3 4 8 9 11 12 13 1
0 7 2 3 4 8 9 11 12 14 1
0 7 2 3 4 8 9 11 13 14 1
0 7 2 3 4 8 9 12 13 14 1
0 7 2 3 4 8 10 11 12 13 1
0 7 2 3 4 8 10 11 12 14 1
0 7 2 3 4 8 10 11 13 14 1
0 7 2 3 4 8 10 12 13 14 1.41421
0 7 2 3 4 8 11 12 13 14 1
0 7 2 3 4 9 10 11 12 13 1
0 7 2 3 4 9 10 11 12 14 1.41421
0 7 2 3 4 9 10 11 13 14 1.41421
0 7 2 3 4 9 10 12 13 14 1
0 7 2 3 4 9 11 12 13 14 1.41421
0 7 2 3 4 10 11 12 13 14 1
0 7 2 3 5 6 8 9 10 11 1.41421
0 7 2 3 5 6 8 9 10 12 1
0 7 2 3 5 6 8 9 10 13 1
0 7 2 3 5 6 8 9 10 14 1.41421
0 7 2 3 5 6 8 9 11 12 1.41421
0 7 2 3 5 6 8 9 11 13 1.41421
0 7 2 3 5 6 8 9 11 14 1.41421
0 7 2 3 5 6 8 9 12 13 1.41421
0 7 2 3 5 6 8 9 12 14 1
0 7 2 3 5 6 8 9 13 14 1
0 7 2 3 5 6 8 10 11 12 1
0 7 2 3 5 6 8 10 11 13 1
0 7 2 3 5 6 8 10 11 14 1.41421
0 7 2 3 5 6 8 10 12 13 0
0 7 2 3 5 6 8 10 12 14 1
0 7 2 3 5 6 8 10 13 14 1
0 7 2 3 5 6 8 11 12 13 1.41421
0 7 2 3 5 6 8 11 12 14 1
0 7 2 3 5 6 8 11 13 14 1
0 7 2 3 5 6 8 12 13 14 1
0 7 2 3 5 6 9 10 11 12 1.41421
0 7 2 3 5 6 9 10 11 13 1.41421
0 7 2 3 5 6 9 10 11 14 1.73205
0 7 2 3 5 6 9 10 12 13 1
0 7 2 3 5 6 9 10 12 14 1.41421
0 7 2 3 5 6 9 10 13 14 1.41421
0 7 2 3 5 6 9 11 12 13 1.85164
0 7 2 3 5 6 9 11 12 14 1.73205
0 7 2 3 5 6 9 11 13 14 1.73205
0 7 2 3 5 6 9 12 13 14 1.62019
0 7 2 3 5 6 10 11 12 13 1
0 7 2 3 5 6 10 11 12 14 1.41421
0 7 2 3 5 6 10 11 13 14 1.41421
0 7 2 3 5 6 10 12 13 14 1
0 7 2 3 5 6 11 12 13 14 1.62019
0 7 2 3 5 8 9 10 11 12 1
0 7 2 3 5 8 9 10 11 13 1
0 7 2 3 5 8 9 10 11 14 1.41421
0 7 2 3 5 8 9 10 12 13 1
0 7 2 3 5 8 9 10 12 14 1
0 7 2 3 5 8 9 10 13 14 1
0 7 2 3 5 8 9 11 12 13 1.41421
0 7 2 3 5 8 9 11 12 14 1
0 7 2 3 5 8 9 11 13 14 1
0 7 2 3 5 8 9 12 13 14 1
0 7 2 3 5 8 10 11 12 13 1
0 7 2 3 5 8 10 11 12 14 1
0 7 2 3 5 8 10 11 13 14 1
0 7 2 3 5 8 10 12 13 14 1.41421
0 7 2 3 5 8 11 12 13 14 1
0 7 2 3 5 9 10 11 12 13 1
0 7 2 3 5 9 10 11 12 14 1.41421
0 7 2 3 5 9 10 11 13 14 1.41421
0 7 2 3 5 9 10 12 13 14 1
0 7 2 3 5 9 11 12 13 14 1.62019
0 7 2 3 5 10 11 12 13 14 1
0 7 2 3 6 8 9 10 11 12 1
0 7 2 3 6 8 9 10 11 13 1
0 7 2 3 6 8 9 10 11 14 1.41421
0 7 2 3 6 8 9 10 12 13 1
0 7 2 3 6 8 9 10 12 14 1
0 7 2 3 6 8 9 10 13 14 1
0 7 2 3 6 8 9 11 12 13 1.62019
0 7 2 3 6 8 9 11 12 14 1.41421
0 7 2 3 6 8 9 11 13 14 1.41421
0 7 2 3 6 8 9 12 13 14 1.41421
0 7 2 3 6 8 10 11 12 13 1
0 7 2 3 6 8 10 11 12 14 1
0 7 2 3 6 8 10 11 13 14 1
0 7 2 3 6 8 10 12 13 14 1
0 7 2 3 6 8 11 12 13 14 1.41421
0 7 2 3 6 9 10 11 12 13 1
0 7 2 3 6 9 10 11 12 14 1.41421
0 7 2 3 6 9 10 11 13 14 1.41421
0 7 2 3 6 9 10 12 13 14 1
0 7 2 3 6 9 11 12 13 14 1.73205
0 7 2 3 6 10 11 12 13 14 1
0 7 2 3 8 9 10 11 12 13 1
0 7 2 3 8 9 10 11 12 14 1
0 7 2 3 8 9 10 11 13 14 1
0 7 2 3 8 9 10 12 13 14 1
0 7 2 3 8 9 11 12 13 14 1.41421
0 7 2 3 8 10 11 12 13 14 1
0 7 2 3 9 10 11 12 13 14 1
0 7 2 4 5 6 8 9 10 11 1.41421
0 7 2 4 5 6 8 9 10 12 1
0 7 2 4 5 6 8 9 10 13 1
0 7 2 4 5 6 8 9 10 14 1.41421
0 7 2 4 5 6 8 9 11 12 1
0 7 2 4 5 6 8 9 11 13 1
0 7 2 4 5 6 8 9 11 14 1.41421
0 7 2 4 5 6 8 9 12 13 1
0 7 2 4 5 6 8 9 12 14 1
0 7 2 4 5 6 8 9 13 14 1
0 7 2 4 5 6 8 10 11 12 1
0 7 2 4 5 6 8 10 11 13 1
0 7 2 4 5 6 8 10 11 14 1.41421
0 7 2 4 5 6 8 10 12 13 1
0 7 2 4 5 6 8 10 12 14 1
0 7 2 4 5 6 8 10 13 14 1
0 7 2 4 5 6 8 11 12 13 1
0 7 2 4 5 6 8 11 12 14 1
0 7 2 4 5 6 8 11 13 14 1
0 7 2 4 5 6 8 12 13 14 1
0 7 2 4 5 6 9 10 11 12 1.41421
0 7 2 4 5 6 9 10 11 13 1.41421
0 7 2 4 5 6 9 10 11 14 1.73205
0 7 2 4 5 6 9 10 12 13 1
0 7 2 4 5 6 9 10 12 14 1.41421
0 7 2 4 5 6 9 10 13 14 1.41421
0 7 2 4 5 6 9 11 12 13 1.62019
0 7 2 4 5 6 9 11 12 14 1.62019
0 7 2 4 5 6 9 11 13 14 1.62019
0 7 2 4 5 6 9 12 13 14 1.41421
0 7 2 4 5 6 10 11 12 13 1
0 7 2 4 5 6 10 11 12 14 1.41421
0 7 2 4 5 6 10 11 13 14 1.41421
0 7 2 4 5 6 10 12 13 14 1
0 7 2 4 5 6 11 12 13 14 1.41421
0 7 2 4 5 8 9 10 11 12 1
0 7 2 4 5 8 9 10 11 13 1
0 7 2 4 5 8 9 10 11 14 1.41421
0 7 2 4 5 8 9 10 12 13 1.41421
0 7 2 4 5 8 9 10 12 14 1.41421
0 7 2 4 5 8 9 10 13 14 1.41421
0 7 2 4 5 8 9 11 12 13 1
0 7 2 4 5 8 9 11 12 14 1
0 7 2 4 5 8 9 11 13 14 1
0 7 2 4 5 8 9 12 13 14 1.41421
0 7 2 4 5 8 10 11 12 13 1
0 7 2 4 5 8 10 11 12 14 1
0 7 2 4 5 8 10 11 13 14 1
0 7 2 4 5 8 10 12 13 14 1.62019
0 7 2 4 5 8 11 12 13 14 1
0 7 2 4 5 9 10 11 12 13 1
0 7 2 4 5 9 10 11 12 14 1.41421
0 7 2 4 5 9 10 11 13 14 1.41421
0 7 2 4 5 9 10 12 13 14 1.41421
0 7 2 4 5 9 11 12 13 14 1.41421
0 7 2 4 5 10 11 12 13 14 1
0 7 2 4 6 8 9 10 11 12 1
0 7 2 4 6 8 9 10 11 13 1
0 7 2 4 6 8 9 10 11 14 1.41421
0 7 2 4 6 8 9 10 12 13 1
0 7 2 4 6 8 9 10 12 14 1
0 7 2 4 6 8 9 10 13 14 1
0 7 2 4 6 8 9 11 12 13 1
0 7 2 4 6 8 9 11 12 14 1
0 7 2 4 6 8 9 11 13 14 1
0 7 2 4 6 8 9 12 13 14 1
0 7 2 4 6 8 10 11 12 13 0
0 7 2 4 6 8 10 11 12 14 1
0 7 2 4 6 8 10 11 13 14 1
0 7 2 4 6 8 10 12 13 14 1
0 7 2 4 6 8 11 12 13 14 0
0 7 2 4 6 9 10 11 12 13 1
0 7 2 4 6 9 10 11 12 14 1.41421
0 7 2 4 6 9 10 11 13 14 1.41421
0 7 2 4 6 9 10 12 13 14 1
0 7 2 4 6 9 11 12 13 14 1.41421
0 7 2 4 6 10 11 12 13 14 1
0 7 2 4 8 9 10 11 12 13 0
0 7 2 4 8 9 10 11 12 14 1
0 7 2 4 8 9 10 11 13 14 1
0 7 2 4 8 9 10 12 13 14 1.41421
0 7 2 4 8 9 11 12 13 14 0
0 7 2 4 8 10 11 12 13 14 1
0 7 2 4 9 10 11 12 13 14 1
0 7 2 5 6 8 9 10 11 12 1
0 7 2 5 6 8 9 10 11 13 1
0 7 2 5 6 8 9 10 11 14 1.41421
0 7 2 5 6 8 9 10 12 13 1
0 7 2 5 6 8 9 10 12 14 1
0 7 2 5 6 8 9 10 13 14 1
0 7 2 5 6 8 9 11 12 13 1.41421
0 7 2 5 6 8 9 11 12 14 1
0 7 2 5 6 8 9 11 13 14 1
0 7 2 5 6 8 9 12 13 14 1
0 7 2 5 6 8 10 11 12 13 0
0 7 2 5 6 8 10 11 12 14 1
0 7 2 5 6 8 10 11 13 14 1
0 7 2 5 6 8 10 12 13 14 1
0 7 2 5 6 8 11 12 13 14 1
0 7 2 5 6 9 10 11 12 13 1
0 7 2 5 6 9 10 11 12 14 1.41421
0 7 2 5 6 9 10 11 13 14 1.41421
0 7 2 5 6 9 10 12 13 14 1
0 7 2 5 6 9 11 12 13 14 1.62019
0 7 2 5 6 10 11 12 13 14 1
0 7 2 5 8 9 10 11 12 13 0
0 7 2 5 8 9 10 11 12 14 1
0 7 2 5 8 9 10 11 13 14 1
0 7 2 5 8 9 10 12 13 14 1.41421
0 7 2 5 8 9 11 12 13 14 1
0 7 2 5 8 10 11 12 13 14 1
0 7 2 5 9 10 11 12 13 14 1
0 7 2 6 8 9 10 11 12 13 1
0 7 2 6 8 9 10 11 12 14 1
0 7 2 6 8 9 10 11 13 14 1
0 7 2 6 8 9 10 12 13 14 1
0 7 2 6 8 9 11 12 13 14 1.41421
0 7 2 6 8 10 11 12 13 14 1
0 7 2 6 9 10 11 12 13 14 1
0 7 2 8 9 10 11 12 13 14 1
0 7 3 4 5 6 8 9 10 11 1.73205
0 7 3 4 5 6 8 9 10 12 1.41421
0 7 3 4 5 6 8 9 10 13 1.41421
0 7 3 4 5 6 8 9 10 14 1.73205
0 7 3 4 5 6 8 9 11 12 1.41421
0 7 3 4 5 6 8 9 11 13 1.41421
0 7 3 4 5 6 8 9 11 14 1.73205
0 7 3 4 5 6 8 9 12 13 1
0 7 3 4 5 6 8 9 12 14 1.41421
0 7 3 4 5 6 8 9 13 14 1.41421
0 7 3 4 5 6 8 10 11 12 1.41421
0 7 3 4 5 6 8 10 11 13 1.41421
0 7 3 4 5 6 8 10 11 14 1.73205
0 7 3 4 5 6 8 10 12 13 1
0 7 3 4 5 6 8 10 12 14 1.41421
0 7 3 4 5 6 8 10 13 14 1.41421
0 7 3 4 5 6 8 11 12 13 1
0 7 3 4 5 6 8 11 12 14 1.41421
0 7 3 4 5 6 8 11 13 14 1.41421
0 7 3 4 5 6 8 12 13 14 1
0 7 3 4 5 6 9 10 11 12 1.73205
0 7 3 4 5 6 9 10 11 13 1.73205
0 7 3 4 5 6 9 10 11 14 2
0 7 3 4 5 6 9 10 12 13 1.41421
0 7 3 4 5 6 9 10 12 14 1.73205
0 7 3 4 5 6 9 10 13 14 1.73205
0 7 3 4 5 6 9 11 12 13 1.73205
0 7 3 4 5 6 9 11 12 14 1.85164
0 7 3 4 5 6 9 11 13 14 1.85164
0 7 3 4 5 6 9 12 13 14 1.62019
0 7 3 4 5 6 10 11 12 13 1.41421
0 7 3 4 5 6 10 11 12 14 1.73205
0 7 3 4 5 6 10 11 13 14 1.73205
0 7 3 4 5 6 10 12 13 14 1.41421
0 7 3 4 5 6 11 12 13 14 1.62019
0 7 3 4 5 8 9 10 11 12 1.41421
0 7 3 4 5 8 9 10 11 13 1.41421
0 7 3 4 5 8 9 10 11 14 1.73205
0 7 3 4 5 8 9 10 12 13 1
0 7 3 4 5 8 9 10 12 14 1.41421
0 7 3 4 5 8 9 10 13 14 1.41421
0 7 3 4 5 8 9 11 12 13 1
0 7 3 4 5 8 9 11 12 14 1.41421
0 7 3 4 5 8 9 11 13 14 1.41421
0 7 3 4 5 8 9 12 13 14 1
0 7 3 4 5 8 10 11 12 13 1
0 7 3 4 5 8 10 11 12 14 1.41421
0 7 3 4 5 8 10 11 13 14 1.41421
0 7 3 4 5 8 10 12 13 14 1.41421
0 7 3 4 5 8 11 12 13 14 1
0 7 3 4 5 9 10 11 12 13 1.41421
0 7 3 4 5 9 10 11 12 14 1.73205
0 7 3 4 5 9 10 11 13 14 1.73205
0 7 3 4 5 9 10 12 13 14 1.41421
0 7 3 4 5 9 11 12 13 14 1.62019
0 7 3 4 5 10 11 12 13 14 1.41421
0 7 3 4 6 8 9 10 11 12 1.62019
0 7 3 4 6 8 9 10 11 13 1.62019
0 7 3 4 6 8 9 10 11 14 1.85164
0 7 3 4 6 8 9 10 12 13 1.41421
0 7 3 4 6 8 9 10 12 14 1.62019
0 7 3 4 6 8 9 10 13 14 1.62019
0 7 3 4 6 8 9 11 12 13 1.41421
0 7 3 4 6 8 9 11 12 14 1.62019
0 7 3 4 6 8 9 11 13 14 1.62019
0 7 3 4 6 8 9 12 13 14 1.41421
0 7 3 4 6 8 10 11 12 13 1.41421
0 7 3 4 6 8 10 11 12 14 1.62019
0 7 3 4 6 8 10 11 13 14 1.62019
0 7 3 4 6 8 10 12 13 14 1.41421
0 7 3 4 6 8 11 12 13 14 1.41421
0 7 3 4 6 9 10 11 12 13 1.62019
0 7 3 4 6 9 10 11 12 14 1.85164
0 7 3 4 6 9 10 11 13 14 1.85164
0 7 3 4 6 9 10 12 13 14 1.62019
0 7 3 4 6 9 11 12 13 14 1.73205
0 7 3 4 6 10 11 12 13 14 1.62019
0 7 3 4 8 9 10 11 12 13 1.41421
0 7 3 4 8 9 10 11 12 14 1.62019
0 7 3 4 8 9 10 11 13 14 1.62019
0 7 3 4 8 9 10 12 13 14 1.41421
0 7 3 4 8 9 11 12 13 14 1.41421
0 7 3 4 8 10 11 12 13 14 1.41421
0 7 3 4 9 10 11 12 13 14 1.62019
0 7 3 5 6 8 9 10 11 12 1.41421
0 7 3 5 6 8 9 10 11 13 1.41421
0 7 3 5 6 8 9 10 11 14 1.73205
0 7 3 5 6 8 9 10 12 13 1
0 7 3 5 6 8 9 10 12 14 1.41421
0 7 3 5 6 8 9 10 13 14 1.41421
0 7 3 5 6 8 9 11 12 13 1.41421
0 7 3 5 6 8 9 11 12 14 1.41421
0 7 3 5 6 8 9 11 13 14 1.41421
0 7 3 5 6 8 9 12 13 14 1
0 7 3 5 6 8 10 11 12 13 1
0 7 3 5 6 8 10 11 12 14 1.41421
0 7 3 5 6 8 10 11 13 14 1.41421
0 7 3 5 6 8 10 12 13 14 1
0 7 3 5 6 8 11 12 13 14 1
0 7 3 5 6 9 10 11 12 13 1.41421
0 7 3 5 6 9 10 11 12 14 1.73205
0 7 3 5 6 9 10 11 13 14 1.73205
0 7 3 5 6 9 10 12 13 14 1.41421
0 7 3 5 6 9 11 12 13 14 1.73205
0 7 3 5 6 10 11 12 13 14 1.41421
0 7 3 5 8 9 10 11 12 13 1
0 7 3 5 8 9 10 11 12 14 1.41421
0 7 3 5 8 9 10 11 13 14 1.41421
0 7 3 5 8 9 10 12 13 14 1
0 7 3 5 8 9 11 12 13 14 1
0 7 3 5 8 10 11 12 13 14 1
0 7 3 5 9 10 11 12 13 14 1.41421
0 7 3 6 8 9 10 11 12 13 1.62019
0 7 3 6 8 9 10 11 12 14 1.73205
0 7 3 6 8 9 10 11 13 14 1.73205
0 7 3 6 8 9 10 12 13 14 1.62019
0 7 3 6 8 9 11 12 13 14 1.73205
0 7 3 6 8 10 11 12 13 14 1.62019
0 7 3 6 9 10 11 12 13 14 1.73205
0 7 3 8 9 10 11 12 13 14 1.62019
0 7 4 5 6 8 9 10 11 12 1.62019
0 7 4 5 6 8 9 10 11 13 1.62019
0 7 4 5 6 8 9 10 11 14 1.85164
0 7 4 5 6 8 9 10 12 13 1.62019
0 7 4 5 6 8 9 10 12 14 1.73205
0 7 4 5 6 8 9 10 13 14 1.73205
0 7 4 5 6 8 9 11 12 13 1.41421
0 7 4 5 6 8 9 11 12 14 1.62019
0 7 4 5 6 8 9 11 13 14 1.62019
0 7 4 5 6 8 9 12 13 14 1.62019
0 7 4 5 6 8 10 11 12 13 1.41421
0 7 4 5 6 8 10 11 12 14 1.62019
0 7 4 5 6 8 10 11 13 14 1.62019
0 7 4 5 6 8 10 12 13 14 1.62019
0 7 4 5 6 8 11 12 13 14 1.41421
0 7 4 5 6 9 10 11 12 13 1.62019
0 7 4 5 6 9 10 11 12 14 1.85164
0 7 4 5 6 9 10 11 13 14 1.85164
0 7 4 5 6 9 10 12 13 14 1.73205
0 7 4 5 6 9 11 12 13 14 1.73205
0 7 4 5 6 10 11 12 13 14 1.62019
0 7 4 5 8 9 10 11 12 13 1.41421
0 7 4 5 8 9 10 11 12 14 1.62019
0 7 4 5 8 9 10 11 13 14 1.62019
0 7 4 5 8 9 10 12 13 14 1.73205
0 7 4 5 8 9 11 12 13 14 1.41421
0 7 4 5 8 10 11 12 13 14 1.41421
0 7 4 5 9 10 11 12 13 14 1.62019
0 7 4 6 8 9 10 11 12 13 1.73205
0 7 4 6 8 9 10 11 12 14 1.85164
0 7 4 6 8 9 10 11 13 14 1.85164
0 7 4 6 8 9 10 12 13 14 1.85164
0 7 4 6 8 9 11 12 13 14 1.73205
0 7 4 6 8 10 11 12 13 14 1.73205
0 7 4 6 9 10 11 12 13 14 1.85164
0 7 4 8 9 10 11 12 13 14 1.73205
0 7 5 6 8 9 10 11 12 13 1.41421
0 7 5 6 8 9 10 11 12 14 1.62019
0 7 5 6 8 9 10 11 13 14 1.62019
0 7 5 6 8 9 10 12 13 14 1.62019
0 7 5 6 8 9 11 12 13 14 1.41421
0 7 5 6 8 10 11 12 13 14 1.41421
0 7 5 6 9 10 11 12 13 14 1.62019
0 7 5 8 9 10 11 12 13 14 1.41421
0 7 6 8 9 10 11 12 13 14 1.85164
