8 12 0 1 2.38048
8 12 0 2 2.16025
8 12 0 3 2.28446
8 12 0 4 2.64575
8 12 0 5 2.28446
8 12 0 6 2.65417
8 12 0 7 2.16025
8 12 0 9 2.67706
8 12 0 10 2.65417
8 12 0 11 2.64575
8 12 0 13 2.63923
8 12 0 14 2.67706
8 12 1 2 2
8 12 1 3 1.90693
8 12 1 4 2.19089
8 12 1 5 1.90693
8 12 1 6 2.28446
8 12 1 7 2
8 12 1 9 2.3094
8 12 1 10 2.28446
8 12 1 11 2.19089
8 12 1 13 2.38048
8 12 1 14 2.3094
8 12 2 3 2
8 12 2 4 2.04495
8 12 2 5 2
8 12 2 6 2.08167
8 12 2 7 1.62019
8 12 2 9 2.10442
8 12 2 10 2.08167
8 12 2 11 2.04495
8 12 2 13 2.04742
8 12 2 14 2.10442
8 12 3 4 2.16025
8 12 3 5 1.85164
8 12 3 6 2.3094
8 12 3 7 2
8 12 3 9 2.3094
8 12 3 10 2.26385
8 12 3 11 2.3094
8 12 3 13 2.19089
8 12 3 14 2.3094
8 12 4 5 2.3094
8 12 4 6 2.60419
8 12 4 7 2.04495
8 12 4 9 2.61861
8 12 4 10 2.62912
8 12 4 11 2.53722
8 12 4 13 2.53899
8 12 4 14 2.62912
8 12 5 6 2.26385
8 12 5 7 2
8 12 5 9 2.3094
8 12 5 10 2.3094
8 12 5 11 2.16025
8 12 5 13 2.19089
8 12 5 14 2.3094
8 12 6 7 2.08167
8 12 6 9 2.67706
8 12 6 10 2.66288
8 12 6 11 2.62912
8 12 6 13 2.64575
8 12 6 14 2.67842
8 12 7 9 2.10442
8 12 7 10 2.08167
8 12 7 11 2.04495
8 12 7 13 2.04742
8 12 7 14 2.10442
8 12 9 10 2.67842
8 12 9 11 2.62912
8 12 9 13 2.62912
8 12 9 14 2.67814
8 12 10 11 2.60419
8 12 10 13 2.64575
8 12 10 14 2.67706
8 12 11 13 2.53899
8 12 11 14 2.61861
8 12 13 14 2.62912
