10 14 0 1 2.28446
10 14 0 2 2.25726
10 14 0 3 2.49516
10 14 0 4 2.76819
10 14 0 5 2.51534
10 14 0 6 2.79903
10 14 0 7 2.25726
10 14 0 8 2.7314
10 14 0 9 2.79933
10 14 0 11 2.75936
10 14 0 12 2.7314
10 14 0 13 2.7314
10 14 1 2 2
10 14 1 3 1.73205
10 14 1 4 2.19089
10 14 1 5 1.90693
10 14 1 6 2.23607
10 14 1 7 2
10 14 1 8 2.28446
10 14 1 9 2.26385
10 14 1 11 2.13664
10 14 1 12 2.28446
10 14 1 13 2.28446
10 14 2 3 2.16556
10 14 2 4 2.27395
10 14 2 5 2.19848
10 14 2 6 2.26855
10 14 2 7 1.85164
10 14 2 8 2.1693
10 14 2 9 2.29129
10 14 2 11 2.2514
10 14 2 12 2.1693
10 14 2 13 2.1391
10 14 3 4 2.48193
10 14 3 5 2.29129
10 14 3 6 2.52678
10 14 3 7 2.16556
10 14 3 8 2.39046
10 14 3 9 2.52678
10 14 3 11 2.52678
10 14 3 12 2.39046
10 14 3 13 2.35488
10 14 4 5 2.54674
10 14 4 6 2.77498
10 14 4 7 2.27395
10 14 4 8 2.69472
10 14 4 9 2.77766
10 14 4 11 2.72385
10 14 4 12 2.69472
10 14 4 13 2.68408
10 14 5 6 2.52678
10 14 5 7 2.19848
10 14 5 8 2.42507
10 14 5 9 2.54058
10 14 5 11 2.48193
10 14 5 12 2.42507
10 14 5 13 2.389
10 14 6 7 2.26855
10 14 6 8 2.72185
10 14 6 9 2.81268
10 14 6 11 2.77498
10 14 6 12 2.72185
10 14 6 13 2.71163
10 14 7 8 2.1693
10 14 7 9 2.29129
10 14 7 11 2.2514
10 14 7 12 2.1693
10 14 7 13 2.1391
10 14 8 9 2.73139
10 14 8 11 2.68164
10 14 8 12 2.67706
10 14 8 13 2.65417
10 14 9 11 2.77498
10 14 9 12 2.73139
10 14 9 13 2.72172
10 14 11 12 2.68164
10 14 11 13 2.66231
10 14 12 13 2.65417
