5 6 0 1 2 3 4 7 8 9 10 11 12 0
5 6 0 1 2 3 4 7 8 9 10 11 13 0
5 6 0 1 2 3 4 7 8 9 10 11 14 0
5 6 0 1 2 3 4 7 8 9 10 12 13 0
5 6 0 1 2 3 4 7 8 9 10 12 14 0
5 6 0 1 2 3 4 7 8 9 10 13 14 0
5 6 0 1 2 3 4 7 8 9 11 12 13 1
5 6 0 1 2 3 4 7 8 9 11 12 14 0
5 6 0 1 2 3 4 7 8 9 11 13 14 0
5 6 0 1 2 3 4 7 8 9 12 13 14 0
5 6 0 1 2 3 4 7 8 10 11 12 13 0
5 6 0 1 2 3 4 7 8 10 11 12 14 0
5 6 0 1 2 3 4 7 8 10 11 13 14 0
5 6 0 1 2 3 4 7 8 10 12 13 14 0
5 6 0 1 2 3 4 7 8 11 12 13 14 0
5 6 0 1 2 3 4 7 9 10 11 12 13 0
5 6 0 1 2 3 4 7 9 10 11 12 14 0
5 6 0 1 2 3 4 7 9 10 11 13 14 0
5 6 0 1 2 3 4 7 9 10 12 13 14 0
5 6 0 1 2 3 4 7 9 11 12 13 14 1
5 6 0 1 2 3 4 7 10 11 12 13 14 0
5 6 0 1 2 3 4 8 9 10 11 12 13 0
5 6 0 1 2 3 4 8 9 10 11 12 14 0
5 6 0 1 2 3 4 8 9 10 11 13 14 0
5 6 0 1 2 3 4 8 9 10 12 13 14 0
5 6 0 1 2 3 4 8 9 11 12 13 14 0
5 6 0 1 2 3 4 8 10 11 12 13 14 0
5 6 0 1 2 3 4 9 10 11 12 13 14 0
5 6 0 1 2 3 7 8 9 10 11 12 13 0
5 6 0 1 2 3 7 8 9 10 11 12 14 0
5 6 0 1 2 3 7 8 9 10 11 13 14 0
5 6 0 1 2 3 7 8 9 10 12 13 14 0
5 6 0 1 2 3 7 8 9 11 12 13 14 1
5 6 0 1 2 3 7 8 10 11 12 13 14 0
5 6 0 1 2 3 7 9 10 11 12 13 14 0
5 6 0 1 2 3 8 9 10 11 12 13 14 0
5 6 0 1 2 4 7 8 9 10 11 12 13 0
5 6 0 1 2 4 7 8 9 10 11 12 14 0
5 6 0 1 2 4 7 8 9 10 11 13 14 0
5 6 0 1 2 4 7 8 9 10 12 13 14 1
5 6 0 1 2 4 7 8 9 11 12 13 14 0
5 6 0 1 2 4 7 8 10 11 12 13 14 0
5 6 0 1 2 4 7 9 10 11 12 13 14 0
5 6 0 1 2 4 8 9 10 11 12 13 14 1
5 6 0 1 2 7 8 9 10 11 12 13 14 0
5 6 0 1 3 4 7 8 9 10 11 12 13 0
5 6 0 1 3 4 7 8 9 10 11 12 14 0
5 6 0 1 3 4 7 8 9 10 11 13 14 0
5 6 0 1 3 4 7 8 9 10 12 13 14 0
5 6 0 1 3 4 7 8 9 11 12 13 14 0
5 6 0 1 3 4 7 8 10 11 12 13 14 0
5 6 0 1 3 4 7 9 10 11 12 13 14 0
5 6 0 1 3 4 8 9 10 11 12 13 14 0
5 6 0 1 3 7 8 9 10 11 12 13 14 0
5 6 0 1 4 7 8 9 10 11 12 13 14 1
5 6 0 2 3 4 7 8 9 10 11 12 13 0
5 6 0 2 3 4 7 8 9 10 11 12 14 1
5 6 0 2 3 4 7 8 9 10 11 13 14 1
5 6 0 2 3 4 7 8 9 10 12 13 14 0
5 6 0 2 3 4 7 8 9 11 12 13 14 0
5 6 0 2 3 4 7 8 10 11 12 13 14 0
5 6 0 2 3 4 7 9 10 11 12 13 14 1
5 6 0 2 3 4 8 9 10 11 12 13 14 1
5 6 0 2 3 7 8 9 10 11 12 13 14 0
5 6 0 2 4 7 8 9 10 11 12 13 14 0
5 6 0 3 4 7 8 9 10 11 12 13 14 1
5 6 1 2 3 4 7 8 9 10 11 12 13 0
5 6 1 2 3 4 7 8 9 10 11 12 14 1
5 6 1 2 3 4 7 8 9 10 11 13 14 0
5 6 1 2 3 4 7 8 9 10 12 13 14 0
5 6 1 2 3 4 7 8 9 11 12 13 14 0
5 6 1 2 3 4 7 8 10 11 12 13 14 0
5 6 1 2 3 4 7 9 10 11 12 13 14 0
5 6 1 2 3 4 8 9 10 11 12 13 14 0
5 6 1 2 3 7 8 9 10 11 12 13 14 0
5 6 1 2 4 7 8 9 10 11 12 13 14 0
5 6 1 3 4 7 8 9 10 11 12 13 14 0
5 6 2 3 4 7 8 9 10 11 12 13 14 0
