7 9 0 1 2 3 4 5 6 8 10 11 0
7 9 0 1 2 3 4 5 6 8 10 12 0
7 9 0 1 2 3 4 5 6 8 10 13 0
7 9 0 1 2 3 4 5 6 8 10 14 0
7 9 0 1 2 3 4 5 6 8 11 12 1
7 9 0 1 2 3 4 5 6 8 11 13 1
7 9 0 1 2 3 4 5 6 8 11 14 0
7 9 0 1 2 3 4 5 6 8 12 13 1
7 9 0 1 2 3 4 5 6 8 12 14 0
7 9 0 1 2 3 4 5 6 8 13 14 0
7 9 0 1 2 3 4 5 6 10 11 12 0
7 9 0 1 2 3 4 5 6 10 11 13 0
7 9 0 1 2 3 4 5 6 10 11 14 0
7 9 0 1 2 3 4 5 6 10 12 13 0
7 9 0 1 2 3 4 5 6 10 12 14 0
7 9 0 1 2 3 4 5 6 10 13 14 0
7 9 0 1 2 3 4 5 6 11 12 13 1.41421
7 9 0 1 2 3 4 5 6 11 12 14 1
7 9 0 1 2 3 4 5 6 11 13 14 1
7 9 0 1 2 3 4 5 6 12 13 14 1
7 9 0 1 2 3 4 5 8 10 11 12 0
7 9 0 1 2 3 4 5 8 10 11 13 0
7 9 0 1 2 3 4 5 8 10 11 14 0
7 9 0 1 2 3 4 5 8 10 12 13 1
7 9 0 1 2 3 4 5 8 10 12 14 1
7 9 0 1 2 3 4 5 8 10 13 14 1
7 9 0 1 2 3 4 5 8 11 12 13 1
7 9 0 1 2 3 4 5 8 11 12 14 0
7 9 0 1 2 3 4 5 8 11 13 14 0
7 9 0 1 2 3 4 5 8 12 13 14 1
7 9 0 1 2 3 4 5 10 11 12 13 0
7 9 0 1 2 3 4 5 10 11 12 14 0
7 9 0 1 2 3 4 5 10 11 13 14 0
7 9 0 1 2 3 4 5 10 12 13 14 1
7 9 0 1 2 3 4 5 11 12 13 14 1
7 9 0 1 2 3 4 6 8 10 11 12 0
7 9 0 1 2 3 4 6 8 10 11 13 0
7 9 0 1 2 3 4 6 8 10 11 14 0
7 9 0 1 2 3 4 6 8 10 12 13 0
7 9 0 1 2 3 4 6 8 10 12 14 0
7 9 0 1 2 3 4 6 8 10 13 14 0
7 9 0 1 2 3 4 6 8 11 12 13 1
7 9 0 1 2 3 4 6 8 11 12 14 0
7 9 0 1 2 3 4 6 8 11 13 14 0
7 9 0 1 2 3 4 6 8 12 13 14 0
7 9 0 1 2 3 4 6 10 11 12 13 0
7 9 0 1 2 3 4 6 10 11 12 14 0
7 9 0 1 2 3 4 6 10 11 13 14 0
7 9 0 1 2 3 4 6 10 12 13 14 0
7 9 0 1 2 3 4 6 11 12 13 14 1
7 9 0 1 2 3 4 8 10 11 12 13 0
7 9 0 1 2 3 4 8 10 11 12 14 0
7 9 0 1 2 3 4 8 10 11 13 14 0
7 9 0 1 2 3 4 8 10 12 13 14 1
7 9 0 1 2 3 4 8 11 12 13 14 0
7 9 0 1 2 3 4 10 11 12 13 14 0
7 9 0 1 2 3 5 6 8 10 11 12 0
7 9 0 1 2 3 5 6 8 10 11 13 0
7 9 0 1 2 3 5 6 8 10 11 14 0
7 9 0 1 2 3 5 6 8 10 12 13 0
7 9 0 1 2 3 5 6 8 10 12 14 0
7 9 0 1 2 3 5 6 8 10 13 14 0
7 9 0 1 2 3 5 6 8 11 12 13 1.41421
7 9 0 1 2 3 5 6 8 11 12 14 1
7 9 0 1 2 3 5 6 8 11 13 14 1
7 9 0 1 2 3 5 6 8 12 13 14 1
7 9 0 1 2 3 5 6 10 11 12 13 0
7 9 0 1 2 3 5 6 10 11 12 14 0
7 9 0 1 2 3 5 6 10 11 13 14 0
7 9 0 1 2 3 5 6 10 12 13 14 0
7 9 0 1 2 3 5 6 11 12 13 14 1.41421
7 9 0 1 2 3 5 8 10 11 12 13 0
7 9 0 1 2 3 5 8 10 11 12 14 0
7 9 0 1 2 3 5 8 10 11 13 14 0
7 9 0 1 2 3 5 8 10 12 13 14 1
7 9 0 1 2 3 5 8 11 12 13 14 1
7 9 0 1 2 3 5 10 11 12 13 14 0
7 9 0 1 2 3 6 8 10 11 12 13 1
7 9 0 1 2 3 6 8 10 11 12 14 1
7 9 0 1 2 3 6 8 10 11 13 14 1
7 9 0 1 2 3 6 8 10 12 13 14 1
7 9 0 1 2 3 6 8 11 12 13 14 1.41421
7 9 0 1 2 3 6 10 11 12 13 14 1
7 9 0 1 2 3 8 10 11 12 13 14 1
7 9 0 1 2 4 5 6 8 10 11 12 0
7 9 0 1 2 4 5 6 8 10 11 13 0
7 9 0 1 2 4 5 6 8 10 11 14 0
7 9 0 1 2 4 5 6 8 10 12 13 1
7 9 0 1 2 4 5 6 8 10 12 14 1
7 9 0 1 2 4 5 6 8 10 13 14 1
7 9 0 1 2 4 5 6 8 11 12 13 1
7 9 0 1 2 4 5 6 8 11 12 14 0
7 9 0 1 2 4 5 6 8 11 13 14 0
7 9 0 1 2 4 5 6 8 12 13 14 1
7 9 0 1 2 4 5 6 10 11 12 13 0
7 9 0 1 2 4 5 6 10 11 12 14 0
7 9 0 1 2 4 5 6 10 11 13 14 0
7 9 0 1 2 4 5 6 10 12 13 14 1
7 9 0 1 2 4 5 6 11 12 13 14 1
7 9 0 1 2 4 5 8 10 11 12 13 0
7 9 0 1 2 4 5 8 10 11 12 14 0
7 9 0 1 2 4 5 8 10 11 13 14 0
7 9 0 1 2 4 5 8 10 12 13 14 1.41421
7 9 0 1 2 4 5 8 11 12 13 14 0
7 9 0 1 2 4 5 10 11 12 13 14 0
7 9 0 1 2 4 6 8 10 11 12 13 0
7 9 0 1 2 4 6 8 10 11 12 14 0
7 9 0 1 2 4 6 8 10 11 13 14 0
7 9 0 1 2 4 6 8 10 12 13 14 1
7 9 0 1 2 4 6 8 11 12 13 14 0
7 9 0 1 2 4 6 10 11 12 13 14 0
7 9 0 1 2 4 8 10 11 12 13 14 0
7 9 0 1 2 5 6 8 10 11 12 13 0
7 9 0 1 2 5 6 8 10 11 12 14 0
7 9 0 1 2 5 6 8 10 11 13 14 0
7 9 0 1 2 5 6 8 10 12 13 14 1
7 9 0 1 2 5 6 8 11 12 13 14 1
7 9 0 1 2 5 6 10 11 12 13 14 0
7 9 0 1 2 5 8 10 11 12 13 14 0
7 9 0 1 2 6 8 10 11 12 13 14 1
7 9 0 1 3 4 5 6 8 10 11 12 0
7 9 0 1 3 4 5 6 8 10 11 13 0
7 9 0 1 3 4 5 6 8 10 11 14 0
7 9 0 1 3 4 5 6 8 10 12 13 0
7 9 0 1 3 4 5 6 8 10 12 14 0
7 9 0 1 3 4 5 6 8 10 13 14 0
7 9 0 1 3 4 5 6 8 11 12 13 1
7 9 0 1 3 4 5 6 8 11 12 14 0
7 9 0 1 3 4 5 6 8 11 13 14 0
7 9 0 1 3 4 5 6 8 12 13 14 0
7 9 0 1 3 4 5 6 10 11 12 13 0
7 9 0 1 3 4 5 6 10 11 12 14 0
7 9 0 1 3 4 5 6 10 11 13 14 0
7 9 0 1 3 4 5 6 10 12 13 14 0
7 9 0 1 3 4 5 6 11 12 13 14 1
7 9 0 1 3 4 5 8 10 11 12 13 0
7 9 0 1 3 4 5 8 10 11 12 14 0
7 9 0 1 3 4 5 8 10 11 13 14 0
7 9 0 1 3 4 5 8 10 12 13 14 1
7 9 0 1 3 4 5 8 11 12 13 14 0
7 9 0 1 3 4 5 10 11 12 13 14 0
7 9 0 1 3 4 6 8 10 11 12 13 1
7 9 0 1 3 4 6 8 10 11 12 14 1
7 9 0 1 3 4 6 8 10 11 13 14 1
7 9 0 1 3 4 6 8 10 12 13 14 1
7 9 0 1 3 4 6 8 11 12 13 14 1
7 9 0 1 3 4 6 10 11 12 13 14 1
7 9 0 1 3 4 8 10 11 12 13 14 1
7 9 0 1 3 5 6 8 10 11 12 13 0
7 9 0 1 3 5 6 8 10 11 12 14 0
7 9 0 1 3 5 6 8 10 11 13 14 0
7 9 0 1 3 5 6 8 10 12 13 14 0
7 9 0 1 3 5 6 8 11 12 13 14 1
7 9 0 1 3 5 6 10 11 12 13 14 0
7 9 0 1 3 5 8 10 11 12 13 14 0
7 9 0 1 3 6 8 10 11 12 13 14 1.41421
7 9 0 1 4 5 6 8 10 11 12 13 1
7 9 0 1 4 5 6 8 10 11 12 14 1
7 9 0 1 4 5 6 8 10 11 13 14 1
7 9 0 1 4 5 6 8 10 12 13 14 1.41421
7 9 0 1 4 5 6 8 11 12 13 14 1
7 9 0 1 4 5 6 10 11 12 13 14 1
7 9 0 1 4 5 8 10 11 12 13 14 1
7 9 0 1 4 6 8 10 11 12 13 14 1.41421
7 9 0 1 5 6 8 10 11 12 13 14 1
7 9 0 2 3 4 5 6 8 10 11 12 1
7 9 0 2 3 4 5 6 8 10 11 13 1
7 9 0 2 3 4 5 6 8 10 11 14 1.41421
7 9 0 2 3 4 5 6 8 10 12 13 0
7 9 0 2 3 4 5 6 8 10 12 14 1
7 9 0 2 3 4 5 6 8 10 13 14 1
7 9 0 2 3 4 5 6 8 11 12 13 1
7 9 0 2 3 4 5 6 8 11 12 14 1
7 9 0 2 3 4 5 6 8 11 13 14 1
7 9 0 2 3 4 5 6 8 12 13 14 0
7 9 0 2 3 4 5 6 10 11 12 13 1
7 9 0 2 3 4 5 6 10 11 12 14 1.41421
7 9 0 2 3 4 5 6 10 11 13 14 1.41421
7 9 0 2 3 4 5 6 10 12 13 14 1
7 9 0 2 3 4 5 6 11 12 13 14 1.41421
7 9 0 2 3 4 5 8 10 11 12 13 0
7 9 0 2 3 4 5 8 10 11 12 14 1
7 9 0 2 3 4 5 8 10 11 13 14 1
7 9 0 2 3 4 5 8 10 12 13 14 1
7 9 0 2 3 4 5 8 11 12 13 14 0
7 9 0 2 3 4 5 10 11 12 13 14 1
7 9 0 2 3 4 6 8 10 11 12 13 0
7 9 0 2 3 4 6 8 10 11 12 14 1
7 9 0 2 3 4 6 8 10 11 13 14 1
7 9 0 2 3 4 6 8 10 12 13 14 0
7 9 0 2 3 4 6 8 11 12 13 14 0
7 9 0 2 3 4 6 10 11 12 13 14 1
7 9 0 2 3 4 8 10 11 12 13 14 0
7 9 0 2 3 5 6 8 10 11 12 13 0
7 9 0 2 3 5 6 8 10 11 12 14 1
7 9 0 2 3 5 6 8 10 11 13 14 1
7 9 0 2 3 5 6 8 10 12 13 14 0
7 9 0 2 3 5 6 8 11 12 13 14 1
7 9 0 2 3 5 6 10 11 12 13 14 1
7 9 0 2 3 5 8 10 11 12 13 14 0
7 9 0 2 3 6 8 10 11 12 13 14 1
7 9 0 2 4 5 6 8 10 11 12 13 0
7 9 0 2 4 5 6 8 10 11 12 14 1
7 9 0 2 4 5 6 8 10 11 13 14 1
7 9 0 2 4 5 6 8 10 12 13 14 1
7 9 0 2 4 5 6 8 11 12 13 14 0
7 9 0 2 4 5 6 10 11 12 13 14 1
7 9 0 2 4 5 8 10 11 12 13 14 0
7 9 0 2 4 6 8 10 11 12 13 14 0
7 9 0 2 5 6 8 10 11 12 13 14 0
7 9 0 3 4 5 6 8 10 11 12 13 1
7 9 0 3 4 5 6 8 10 11 12 14 1.41421
7 9 0 3 4 5 6 8 10 11 13 14 1.41421
7 9 0 3 4 5 6 8 10 12 13 14 1
7 9 0 3 4 5 6 8 11 12 13 14 1
7 9 0 3 4 5 6 10 11 12 13 14 1.41421
7 9 0 3 4 5 8 10 11 12 13 14 1
7 9 0 3 4 6 8 10 11 12 13 14 1.41421
7 9 0 3 5 6 8 10 11 12 13 14 1
7 9 0 4 5 6 8 10 11 12 13 14 1.41421
7 9 1 2 3 4 5 6 8 10 11 12 1
7 9 1 2 3 4 5 6 8 10 11 13 0
7 9 1 2 3 4 5 6 8 10 11 14 1
7 9 1 2 3 4 5 6 8 10 12 13 0
7 9 1 2 3 4 5 6 8 10 12 14 1
7 9 1 2 3 4 5 6 8 10 13 14 0
7 9 1 2 3 4 5 6 8 11 12 13 1
7 9 1 2 3 4 5 6 8 11 12 14 1
7 9 1 2 3 4 5 6 8 11 13 14 0
7 9 1 2 3 4 5 6 8 12 13 14 0
7 9 1 2 3 4 5 6 10 11 12 13 0
7 9 1 2 3 4 5 6 10 11 12 14 1
7 9 1 2 3 4 5 6 10 11 13 14 0
7 9 1 2 3 4 5 6 10 12 13 14 0
7 9 1 2 3 4 5 6 11 12 13 14 1
7 9 1 2 3 4 5 8 10 11 12 13 0
7 9 1 2 3 4 5 8 10 11 12 14 1
7 9 1 2 3 4 5 8 10 11 13 14 0
7 9 1 2 3 4 5 8 10 12 13 14 1
7 9 1 2 3 4 5 8 11 12 13 14 0
7 9 1 2 3 4 5 10 11 12 13 14 0
7 9 1 2 3 4 6 8 10 11 12 13 0
7 9 1 2 3 4 6 8 10 11 12 14 1
7 9 1 2 3 4 6 8 10 11 13 14 0
7 9 1 2 3 4 6 8 10 12 13 14 0
7 9 1 2 3 4 6 8 11 12 13 14 0
7 9 1 2 3 4 6 10 11 12 13 14 0
7 9 1 2 3 4 8 10 11 12 13 14 0
7 9 1 2 3 5 6 8 10 11 12 13 0
7 9 1 2 3 5 6 8 10 11 12 14 1
7 9 1 2 3 5 6 8 10 11 13 14 0
7 9 1 2 3 5 6 8 10 12 13 14 0
7 9 1 2 3 5 6 8 11 12 13 14 1
7 9 1 2 3 5 6 10 11 12 13 14 0
7 9 1 2 3 5 8 10 11 12 13 14 0
7 9 1 2 3 6 8 10 11 12 13 14 1
7 9 1 2 4 5 6 8 10 11 12 13 0
7 9 1 2 4 5 6 8 10 11 12 14 1
7 9 1 2 4 5 6 8 10 11 13 14 0
7 9 1 2 4 5 6 8 10 12 13 14 1
7 9 1 2 4 5 6 8 11 12 13 14 0
7 9 1 2 4 5 6 10 11 12 13 14 0
7 9 1 2 4 5 8 10 11 12 13 14 0
7 9 1 2 4 6 8 10 11 12 13 14 0
7 9 1 2 5 6 8 10 11 12 13 14 0
7 9 1 3 4 5 6 8 10 11 12 13 0
7 9 1 3 4 5 6 8 10 11 12 14 1
7 9 1 3 4 5 6 8 10 11 13 14 0
7 9 1 3 4 5 6 8 10 12 13 14 0
7 9 1 3 4 5 6 8 11 12 13 14 0
7 9 1 3 4 5 6 10 11 12 13 14 0
7 9 1 3 4 5 8 10 11 12 13 14 0
7 9 1 3 4 6 8 10 11 12 13 14 1
7 9 1 3 5 6 8 10 11 12 13 14 0
7 9 1 4 5 6 8 10 11 12 13 14 1
7 9 2 3 4 5 6 8 10 11 12 13 0
7 9 2 3 4 5 6 8 10 11 12 14 1.41421
7 9 2 3 4 5 6 8 10 11 13 14 1
7 9 2 3 4 5 6 8 10 12 13 14 0
7 9 2 3 4 5 6 8 11 12 13 14 0
7 9 2 3 4 5 6 10 11 12 13 14 1
7 9 2 3 4 5 8 10 11 12 13 14 0
7 9 2 3 4 6 8 10 11 12 13 14 0
7 9 2 3 5 6 8 10 11 12 13 14 0
7 9 2 4 5 6 8 10 11 12 13 14 0
7 9 3 4 5 6 8 10 11 12 13 14 1
