7 9 0 1 1.96769
7 9 0 2 2.04939
7 9 0 3 2.27913
7 9 0 4 2.27907
7 9 0 5 2.21986
7 9 0 6 2.39792
7 9 0 8 2.1557
7 9 0 10 2.24695
7 9 0 11 2.35855
7 9 0 12 2.28841
7 9 0 13 2.28841
7 9 0 14 2.34284
7 9 1 2 1.85164
7 9 1 3 1.90693
7 9 1 4 1.73205
7 9 1 5 1.73205
7 9 1 6 1.96214
7 9 1 8 2
7 9 1 10 1.81265
7 9 1 11 1.93309
7 9 1 12 1.96769
7 9 1 13 1.96769
7 9 1 14 2
7 9 2 3 2.08167
7 9 2 4 2
7 9 2 5 2.04939
7 9 2 6 2.08167
7 9 2 8 1.62019
7 9 2 10 1.85164
7 9 2 11 2.08167
7 9 2 12 2
7 9 2 13 2
7 9 2 14 2
7 9 3 4 2.23607
7 9 3 5 2.19034
7 9 3 6 2.326
7 9 3 8 2.02367
7 9 3 10 2.16556
7 9 3 11 2.326
7 9 3 12 2.20605
7 9 3 13 2.16025
7 9 3 14 2.27837
7 9 4 5 2.29907
7 9 4 6 2.34521
7 9 4 8 2.16025
7 9 4 10 2.26747
7 9 4 11 2.28239
7 9 4 12 2.17607
7 9 4 13 2.13535
7 9 4 14 2.30079
7 9 5 6 2.25948
7 9 5 8 2
7 9 5 10 2.17626
7 9 5 11 2.24649
7 9 5 12 2.12303
7 9 5 13 2.08296
7 9 5 14 2.29907
7 9 6 8 2.1693
7 9 6 10 2.26855
7 9 6 11 2.38791
7 9 6 12 2.29989
7 9 6 13 2.27798
7 9 6 14 2.36834
7 9 8 10 2.15322
7 9 8 11 2.14154
7 9 8 12 2.10442
7 9 8 13 2.08167
7 9 8 14 2.1643
7 9 10 11 2.2514
7 9 10 12 2.15322
7 9 10 13 2.12132
7 9 10 14 2.29129
7 9 11 12 2.27761
7 9 11 13 2.2563
7 9 11 14 2.34937
7 9 12 13 2.1965
7 9 12 14 2.26608
7 9 13 14 2.23607
